Population Size, Generation Count, Repetition, Best Fitness, Median Fitness
100, 0, 23, 732939, 768952
100, 10, 23, 690787, 703429
100, 20, 23, 667974, 675202
100, 30, 23, 651296, 656897
100, 40, 23, 630066, 639530
100, 50, 23, 611182, 620058
100, 60, 23, 599103, 605211
100, 70, 23, 582707, 589487
100, 80, 23, 559794, 571831
100, 90, 23, 549788, 555547
100, 100, 23, 536430, 541484
100, 110, 23, 526176, 531939
100, 120, 23, 518199, 524451
100, 130, 23, 512220, 515770
100, 140, 23, 503562, 510082
100, 150, 23, 491017, 497560
100, 160, 23, 484231, 490514
100, 170, 23, 477050, 480639
100, 180, 23, 468311, 473767
100, 190, 23, 460735, 465909
100, 200, 23, 454458, 459739
100, 210, 23, 447489, 453931
100, 220, 23, 441678, 446676
100, 230, 23, 436460, 440034
100, 240, 23, 430365, 434027
100, 250, 23, 424932, 429090
100, 260, 23, 420219, 426180
100, 270, 23, 413435, 417753
100, 280, 23, 405529, 413317
100, 290, 23, 403752, 407514
100, 300, 23, 400487, 403438
100, 310, 23, 397405, 400021
100, 320, 23, 393630, 397146
100, 330, 23, 387767, 392451
100, 340, 23, 384733, 387792
100, 350, 23, 378710, 382997
100, 360, 23, 374743, 379650
100, 370, 23, 371083, 376656
100, 380, 23, 368587, 371505
100, 390, 23, 366407, 369816
100, 400, 23, 360781, 367011
100, 410, 23, 357249, 360640
100, 420, 23, 353169, 357007
100, 430, 23, 350500, 354645
100, 440, 23, 346997, 349985
100, 450, 23, 344794, 347121
100, 460, 23, 340066, 344273
100, 470, 23, 335049, 339094
100, 480, 23, 332194, 336307
100, 490, 23, 329297, 333919
100, 500, 23, 325665, 330314
100, 510, 23, 323216, 326266
100, 520, 23, 321032, 323765
100, 530, 23, 318022, 321352
100, 540, 23, 314692, 317593
100, 550, 23, 312731, 315730
100, 560, 23, 310723, 313763
100, 570, 23, 307300, 311221
100, 580, 23, 304310, 307465
100, 590, 23, 300509, 306251
100, 600, 23, 298569, 302892
100, 610, 23, 295954, 300329
100, 620, 23, 293966, 296943
100, 630, 23, 292105, 295894
100, 640, 23, 289885, 294562
100, 650, 23, 287604, 290707
100, 660, 23, 284938, 288602
100, 670, 23, 282745, 286415
100, 680, 23, 281543, 284138
100, 690, 23, 278510, 282388
100, 700, 23, 276114, 280190
100, 710, 23, 274636, 277252
100, 720, 23, 272391, 275881
100, 730, 23, 270909, 273742
100, 740, 23, 269399, 273015
100, 750, 23, 267753, 271225
100, 760, 23, 265762, 269523
100, 770, 23, 263262, 268206
100, 780, 23, 261049, 264483
100, 790, 23, 259279, 261221
100, 800, 23, 257820, 260992
100, 810, 23, 255989, 259104
100, 820, 23, 253947, 256998
100, 830, 23, 251696, 254417
100, 840, 23, 250098, 254176
100, 850, 23, 248277, 252427
100, 860, 23, 247155, 250440
100, 870, 23, 245410, 248242
100, 880, 23, 244155, 245976
100, 890, 23, 242449, 244288
100, 900, 23, 241375, 244780
100, 910, 23, 239634, 242552
100, 920, 23, 238103, 240660
100, 930, 23, 235414, 238338
100, 940, 23, 234944, 237543
100, 950, 23, 232892, 235460
100, 960, 23, 232030, 235102
100, 970, 23, 230471, 233692
100, 980, 23, 229511, 232685
100, 990, 23, 228392, 231925
100, 1000, 23, 226612, 229186
100, 1010, 23, 225625, 228029
100, 1020, 23, 223837, 226540
100, 1030, 23, 222710, 226023
100, 1040, 23, 219274, 224032
100, 1050, 23, 217832, 221853
100, 1060, 23, 216609, 218860
100, 1070, 23, 214873, 218470
100, 1080, 23, 213241, 215769
100, 1090, 23, 212007, 216480
100, 1100, 23, 209363, 213246
100, 1110, 23, 208822, 211966
100, 1120, 23, 206968, 211467
100, 1130, 23, 205612, 208878
100, 1140, 23, 204342, 207794
100, 1150, 23, 203073, 205760
100, 1160, 23, 201186, 203895
100, 1170, 23, 200589, 203902
100, 1180, 23, 199286, 202507
100, 1190, 23, 197924, 200137
100, 1200, 23, 196821, 201310
100, 1210, 23, 194851, 198363
100, 1220, 23, 194486, 198077
100, 1230, 23, 192859, 196120
100, 1240, 23, 192342, 194919
100, 1250, 23, 191383, 194049
100, 1260, 23, 190721, 193760
100, 1270, 23, 189826, 192687
100, 1280, 23, 189075, 192093
100, 1290, 23, 187668, 190582
100, 1300, 23, 186644, 190044
100, 1310, 23, 186375, 188697
100, 1320, 23, 184983, 188183
100, 1330, 23, 184115, 187421
100, 1340, 23, 183278, 185285
100, 1350, 23, 182836, 185770
100, 1360, 23, 181474, 184944
100, 1370, 23, 181232, 184187
100, 1380, 23, 180848, 185147
100, 1390, 23, 179104, 182598
100, 1400, 23, 178752, 181688
100, 1410, 23, 178059, 180701
100, 1420, 23, 177045, 179713
100, 1430, 23, 176375, 178501
100, 1440, 23, 175669, 178545
100, 1450, 23, 175057, 178098
100, 1460, 23, 174824, 176512
100, 1470, 23, 173950, 176375
100, 1480, 23, 173767, 175753
100, 1490, 23, 172823, 176383
100, 1500, 23, 172133, 173921
100, 1510, 23, 171746, 174666
100, 1520, 23, 169777, 174188
100, 1530, 23, 169361, 172073
100, 1540, 23, 168840, 171948
100, 1550, 23, 168342, 170674
100, 1560, 23, 167518, 170419
100, 1570, 23, 166373, 169420
100, 1580, 23, 165706, 167582
100, 1590, 23, 164951, 167179
100, 1600, 23, 164275, 167892
100, 1610, 23, 163526, 166410
100, 1620, 23, 163355, 165241
100, 1630, 23, 162738, 165542
100, 1640, 23, 162280, 165090
100, 1650, 23, 161636, 163486
100, 1660, 23, 161320, 163951
100, 1670, 23, 160732, 163783
100, 1680, 23, 160572, 162655
100, 1690, 23, 160258, 162643
100, 1700, 23, 159606, 162439
100, 1710, 23, 159325, 161408
100, 1720, 23, 158671, 160558
100, 1730, 23, 158069, 159955
100, 1740, 23, 157907, 159903
100, 1750, 23, 157641, 161537
100, 1760, 23, 156902, 158856
100, 1770, 23, 156263, 158488
100, 1780, 23, 155883, 158610
100, 1790, 23, 155297, 157976
100, 1800, 23, 154961, 156608
100, 1810, 23, 154535, 156493
100, 1820, 23, 154325, 156737
100, 1830, 23, 154325, 155809
100, 1840, 23, 153992, 157331
100, 1850, 23, 153314, 156556
100, 1860, 23, 153083, 154427
100, 1870, 23, 151982, 155098
100, 1880, 23, 151662, 154140
100, 1890, 23, 151230, 153624
100, 1900, 23, 151156, 153221
100, 1910, 23, 150541, 152790
100, 1920, 23, 150376, 153039
100, 1930, 23, 149950, 151175
100, 1940, 23, 149486, 150891
100, 1950, 23, 149080, 150897
100, 1960, 23, 148915, 151010
100, 1970, 23, 148497, 151077
100, 1980, 23, 148269, 151359
100, 1990, 23, 148016, 150129
100, 2000, 23, 147608, 150001
100, 2010, 23, 146361, 149684
100, 2020, 23, 145220, 148149
100, 2030, 23, 144860, 148357
100, 2040, 23, 143999, 146711
100, 2050, 23, 143902, 146572
100, 2060, 23, 142457, 146260
100, 2070, 23, 141896, 144431
100, 2080, 23, 141474, 143038
100, 2090, 23, 141152, 143486
100, 2100, 23, 140976, 144693
100, 2110, 23, 140508, 143412
100, 2120, 23, 139592, 142709
100, 2130, 23, 139036, 141140
100, 2140, 23, 138719, 140712
100, 2150, 23, 137564, 140939
100, 2160, 23, 137107, 140408
100, 2170, 23, 136841, 139859
100, 2180, 23, 136165, 138462
100, 2190, 23, 136019, 138768
100, 2200, 23, 135829, 138463
100, 2210, 23, 135664, 138175
100, 2220, 23, 135447, 137353
100, 2230, 23, 134960, 137976
100, 2240, 23, 134525, 137296
100, 2250, 23, 134070, 137588
100, 2260, 23, 133657, 135547
100, 2270, 23, 133416, 136320
100, 2280, 23, 133213, 135696
100, 2290, 23, 133041, 135610
100, 2300, 23, 132630, 136282
100, 2310, 23, 132217, 134573
100, 2320, 23, 132133, 134285
100, 2330, 23, 131822, 133661
100, 2340, 23, 131675, 133526
100, 2350, 23, 131548, 133326
100, 2360, 23, 131393, 133863
100, 2370, 23, 131209, 133215
100, 2380, 23, 130640, 133329
100, 2390, 23, 130164, 131177
100, 2400, 23, 129459, 132556
100, 2410, 23, 128432, 131828
100, 2420, 23, 128022, 130146
100, 2430, 23, 127880, 130134
100, 2440, 23, 127786, 130272
100, 2450, 23, 127519, 129939
100, 2460, 23, 127316, 128803
100, 2470, 23, 126943, 129098
100, 2480, 23, 125940, 129149
100, 2490, 23, 125798, 127144
100, 2500, 23, 125350, 127720
100, 2510, 23, 124857, 127832
100, 2520, 23, 124807, 127446
100, 2530, 23, 124448, 127187
100, 2540, 23, 124298, 126994
100, 2550, 23, 123885, 126612
100, 2560, 23, 123637, 123900
100, 2570, 23, 123637, 125523
100, 2580, 23, 123216, 126201
100, 2590, 23, 122853, 124528
100, 2600, 23, 122101, 125420
100, 2610, 23, 121924, 123325
100, 2620, 23, 121578, 123931
100, 2630, 23, 121064, 123729
100, 2640, 23, 120718, 122970
100, 2650, 23, 119947, 122510
100, 2660, 23, 119646, 122115
100, 2670, 23, 119356, 121473
100, 2680, 23, 118536, 121097
100, 2690, 23, 117846, 119672
100, 2700, 23, 117416, 120471
100, 2710, 23, 117212, 120107
100, 2720, 23, 116811, 119993
100, 2730, 23, 116585, 119702
100, 2740, 23, 115987, 119599
100, 2750, 23, 115587, 116539
100, 2760, 23, 115514, 116154
100, 2770, 23, 115288, 116804
100, 2780, 23, 115208, 117546
100, 2790, 23, 114890, 117667
100, 2800, 23, 114754, 117604
100, 2810, 23, 114538, 116809
100, 2820, 23, 114002, 116277
100, 2830, 23, 113398, 116442
100, 2840, 23, 113140, 115020
100, 2850, 23, 113006, 115896
100, 2860, 23, 112643, 115765
100, 2870, 23, 112509, 115497
100, 2880, 23, 112472, 113016
100, 2890, 23, 112139, 114554
100, 2900, 23, 111816, 115401
100, 2910, 23, 111349, 114722
100, 2920, 23, 111293, 113105
100, 2930, 23, 111061, 114159
100, 2940, 23, 110769, 113426
100, 2950, 23, 110240, 111843
100, 2960, 23, 110019, 113094
100, 2970, 23, 109877, 112146
100, 2980, 23, 109319, 111572
100, 2990, 23, 109235, 111997
100, 3000, 23, 109077, 111887
100, 3010, 23, 108965, 111504
100, 3020, 23, 108667, 111326
100, 3030, 23, 108551, 110906
100, 3040, 23, 108008, 110298
100, 3050, 23, 107779, 109812
100, 3060, 23, 107578, 109715
100, 3070, 23, 107480, 109596
100, 3080, 23, 107468, 110327
100, 3090, 23, 107296, 109780
100, 3100, 23, 106788, 110006
100, 3110, 23, 106636, 109938
100, 3120, 23, 106357, 108727
100, 3130, 23, 106274, 108600
100, 3140, 23, 105910, 108151
100, 3150, 23, 105863, 108662
100, 3160, 23, 105863, 109480
100, 3170, 23, 105739, 107484
100, 3180, 23, 105586, 107558
100, 3190, 23, 105489, 107646
100, 3200, 23, 105232, 107613
100, 3210, 23, 104525, 107442
100, 3220, 23, 104467, 105782
100, 3230, 23, 104463, 107023
100, 3240, 23, 104463, 107060
100, 3250, 23, 104463, 105910
100, 3260, 23, 104395, 105863
100, 3270, 23, 104262, 106950
100, 3280, 23, 104153, 106767
100, 3290, 23, 104029, 105666
100, 3300, 23, 103971, 105076
100, 3310, 23, 103887, 105846
100, 3320, 23, 103633, 105556
100, 3330, 23, 103457, 104877
100, 3340, 23, 103336, 105530
100, 3350, 23, 103319, 106193
100, 3360, 23, 103301, 105850
100, 3370, 23, 103301, 106229
100, 3380, 23, 103167, 105401
100, 3390, 23, 103027, 104340
100, 3400, 23, 102614, 105154
100, 3410, 23, 102180, 104766
100, 3420, 23, 102180, 104915
100, 3430, 23, 102153, 103995
100, 3440, 23, 101743, 105000
100, 3450, 23, 101640, 103598
100, 3460, 23, 101518, 103987
100, 3470, 23, 101323, 105326
100, 3480, 23, 101090, 103051
100, 3490, 23, 100898, 103054
100, 3500, 23, 100898, 103323
100, 3510, 23, 100639, 103830
100, 3520, 23, 100516, 101625
100, 3530, 23, 100281, 101368
100, 3540, 23, 100279, 102406
100, 3550, 23, 99947, 102463
100, 3560, 23, 99890, 100906
100, 3570, 23, 99527, 102108
100, 3580, 23, 99472, 102103
100, 3590, 23, 99472, 101301
100, 3600, 23, 99215, 100886
100, 3610, 23, 99006, 100482
100, 3620, 23, 98896, 101138
100, 3630, 23, 98896, 100975
100, 3640, 23, 98837, 100979
100, 3650, 23, 98305, 100002
100, 3660, 23, 98019, 100854
100, 3670, 23, 97835, 98695
100, 3680, 23, 97724, 100576
100, 3690, 23, 97548, 98923
100, 3700, 23, 97484, 99714
100, 3710, 23, 97484, 99270
100, 3720, 23, 97484, 100462
100, 3730, 23, 97484, 98848
100, 3740, 23, 97352, 100005
100, 3750, 23, 97296, 99001
100, 3760, 23, 97182, 99870
100, 3770, 23, 97002, 98189
100, 3780, 23, 96872, 99214
100, 3790, 23, 96672, 98634
100, 3800, 23, 96672, 99324
100, 3810, 23, 96657, 98552
100, 3820, 23, 96573, 97541
100, 3830, 23, 96421, 98086
100, 3840, 23, 96192, 98302
100, 3850, 23, 95937, 98935
100, 3860, 23, 95877, 98321
100, 3870, 23, 95833, 97327
100, 3880, 23, 95709, 95868
100, 3890, 23, 95668, 98193
100, 3900, 23, 95452, 97535
100, 3910, 23, 95399, 97727
100, 3920, 23, 95378, 98252
100, 3930, 23, 95130, 97849
100, 3940, 23, 94778, 96416
100, 3950, 23, 94571, 96176
100, 3960, 23, 94527, 95460
100, 3970, 23, 94415, 96195
100, 3980, 23, 94415, 95879
100, 3990, 23, 93851, 96014
100, 4000, 23, 93792, 96054
100, 4010, 23, 93733, 96353
100, 4020, 23, 93496, 94760
100, 4030, 23, 93393, 95175
100, 4040, 23, 93368, 95307
100, 4050, 23, 93338, 95167
100, 4060, 23, 93302, 96077
100, 4070, 23, 93236, 95155
100, 4080, 23, 92804, 95709
100, 4090, 23, 92630, 95596
100, 4100, 23, 92455, 93872
100, 4110, 23, 92267, 94641
100, 4120, 23, 92267, 93660
100, 4130, 23, 92267, 94449
100, 4140, 23, 92267, 94188
100, 4150, 23, 91850, 93792
100, 4160, 23, 91511, 93457
100, 4170, 23, 91511, 93740
100, 4180, 23, 91412, 93090
100, 4190, 23, 91220, 93687
100, 4200, 23, 91101, 93835
100, 4210, 23, 90888, 92841
100, 4220, 23, 90544, 92795
100, 4230, 23, 90544, 92744
100, 4240, 23, 90420, 90828
100, 4250, 23, 90345, 92767
100, 4260, 23, 90298, 92817
100, 4270, 23, 90298, 93266
100, 4280, 23, 90158, 92071
100, 4290, 23, 90037, 92049
100, 4300, 23, 89885, 92036
100, 4310, 23, 89885, 92001
100, 4320, 23, 89641, 91858
100, 4330, 23, 89378, 92179
100, 4340, 23, 89247, 90519
100, 4350, 23, 89197, 90324
100, 4360, 23, 89197, 89769
100, 4370, 23, 88843, 91784
100, 4380, 23, 88843, 91684
100, 4390, 23, 88693, 90959
100, 4400, 23, 88634, 91944
100, 4410, 23, 88498, 90589
100, 4420, 23, 88433, 90770
100, 4430, 23, 88247, 91239
100, 4440, 23, 87794, 88247
100, 4450, 23, 87665, 89042
100, 4460, 23, 87590, 89293
100, 4470, 23, 87514, 90501
100, 4480, 23, 87514, 90359
100, 4490, 23, 87450, 89435
100, 4500, 23, 87415, 89210
100, 4510, 23, 87415, 90187
100, 4520, 23, 87215, 88910
100, 4530, 23, 87215, 89549
100, 4540, 23, 87140, 89668
100, 4550, 23, 87140, 88602
100, 4560, 23, 87128, 87775
100, 4570, 23, 86898, 88360
100, 4580, 23, 86898, 88799
100, 4590, 23, 86842, 87498
100, 4600, 23, 86718, 90014
100, 4610, 23, 86704, 87746
100, 4620, 23, 86668, 88604
100, 4630, 23, 86308, 86668
100, 4640, 23, 86252, 88494
100, 4650, 23, 86252, 86252
100, 4660, 23, 86113, 87209
100, 4670, 23, 86042, 87113
100, 4680, 23, 86042, 87580
100, 4690, 23, 85751, 86025
100, 4700, 23, 85751, 88036
100, 4710, 23, 85516, 87539
100, 4720, 23, 85516, 86974
100, 4730, 23, 85420, 86869
100, 4740, 23, 84921, 85492
100, 4750, 23, 84663, 84921
100, 4760, 23, 84604, 86216
100, 4770, 23, 84357, 86058
100, 4780, 23, 84338, 85122
100, 4790, 23, 84114, 86883
100, 4800, 23, 84114, 84145
100, 4810, 23, 84114, 87139
100, 4820, 23, 84081, 86544
100, 4830, 23, 84081, 84499
100, 4840, 23, 83997, 85073
100, 4850, 23, 83613, 85899
100, 4860, 23, 83395, 85393
100, 4870, 23, 83325, 84762
100, 4880, 23, 83291, 84279
100, 4890, 23, 83291, 85364
100, 4900, 23, 83143, 85647
100, 4910, 23, 83123, 84164
100, 4920, 23, 83123, 84273
100, 4930, 23, 83123, 84205
100, 4940, 23, 83040, 84351
100, 4950, 23, 83040, 84846
100, 4960, 23, 82934, 85403
100, 4970, 23, 82569, 85146
100, 4980, 23, 82569, 84979
100, 4990, 23, 82455, 84119
100, 5000, 23, 82455, 84077
100, 5010, 23, 82455, 84359
100, 5020, 23, 82392, 83960
100, 5030, 23, 82323, 84156
100, 5040, 23, 82257, 84409
100, 5050, 23, 82251, 83078
100, 5060, 23, 82175, 83405
100, 5070, 23, 82145, 84325
100, 5080, 23, 82030, 83540
100, 5090, 23, 82030, 83830
100, 5100, 23, 81817, 83696
100, 5110, 23, 81506, 82932
100, 5120, 23, 81506, 83746
100, 5130, 23, 81506, 83474
100, 5140, 23, 81370, 81506
100, 5150, 23, 81170, 83015
100, 5160, 23, 81166, 82876
100, 5170, 23, 81166, 83616
100, 5180, 23, 81166, 83005
100, 5190, 23, 81056, 83632
100, 5200, 23, 80932, 82844
100, 5210, 23, 80737, 83135
100, 5220, 23, 80737, 81045
100, 5230, 23, 80737, 83328
100, 5240, 23, 80664, 82411
100, 5250, 23, 80664, 81531
100, 5260, 23, 80664, 83336
100, 5270, 23, 80606, 82678
100, 5280, 23, 80606, 80664
100, 5290, 23, 80523, 83604
100, 5300, 23, 80523, 82099
100, 5310, 23, 80384, 82571
100, 5320, 23, 80384, 82632
100, 5330, 23, 80384, 82466
100, 5340, 23, 80192, 81211
100, 5350, 23, 80192, 80192
100, 5360, 23, 80192, 81953
100, 5370, 23, 80075, 81204
100, 5380, 23, 79959, 82279
100, 5390, 23, 79835, 82465
100, 5400, 23, 79835, 81058
100, 5410, 23, 79835, 81380
100, 5420, 23, 79658, 81810
100, 5430, 23, 79658, 81810
100, 5440, 23, 79508, 80684
100, 5450, 23, 79385, 80949
100, 5460, 23, 79385, 81041
100, 5470, 23, 79385, 81035
100, 5480, 23, 79374, 81576
100, 5490, 23, 79374, 81853
100, 5500, 23, 79374, 80284
100, 5510, 23, 79374, 80516
100, 5520, 23, 79349, 81533
100, 5530, 23, 79216, 80149
100, 5540, 23, 79216, 80740
100, 5550, 23, 79198, 79391
100, 5560, 23, 79084, 80973
100, 5570, 23, 78923, 80018
100, 5580, 23, 78923, 80826
100, 5590, 23, 78900, 79614
100, 5600, 23, 78900, 80229
100, 5610, 23, 78704, 78900
100, 5620, 23, 78648, 79795
100, 5630, 23, 78631, 80791
100, 5640, 23, 78631, 78631
100, 5650, 23, 78631, 80300
100, 5660, 23, 78631, 79854
100, 5670, 23, 78454, 81416
100, 5680, 23, 78261, 79958
100, 5690, 23, 78261, 79858
100, 5700, 23, 78221, 79504
100, 5710, 23, 78180, 80316
100, 5720, 23, 78180, 79749
100, 5730, 23, 78129, 79952
100, 5740, 23, 78129, 79418
100, 5750, 23, 78119, 78767
100, 5760, 23, 78119, 79726
100, 5770, 23, 78119, 80907
100, 5780, 23, 78119, 79312
100, 5790, 23, 78119, 78232
100, 5800, 23, 78119, 80487
100, 5810, 23, 78073, 80786
100, 5820, 23, 78073, 79474
100, 5830, 23, 77919, 78073
100, 5840, 23, 77856, 79519
100, 5850, 23, 77822, 79511
100, 5860, 23, 77822, 78517
100, 5870, 23, 77731, 80464
100, 5880, 23, 77612, 79637
100, 5890, 23, 77612, 77612
100, 5900, 23, 77612, 78494
100, 5910, 23, 77520, 79970
100, 5920, 23, 77502, 79232
100, 5930, 23, 77401, 77702
100, 5940, 23, 77242, 77401
100, 5950, 23, 77242, 79563
100, 5960, 23, 77226, 78759
100, 5970, 23, 77226, 77226
100, 5980, 23, 77226, 77708
100, 5990, 23, 77226, 78148
100, 6000, 23, 77161, 79736
100, 6010, 23, 77109, 81137
100, 6020, 23, 77043, 78387
100, 6030, 23, 76969, 78378
100, 6040, 23, 76823, 78918
100, 6050, 23, 76820, 77618
100, 6060, 23, 76761, 79477
100, 6070, 23, 76761, 77842
100, 6080, 23, 76761, 77914
100, 6090, 23, 76761, 76761
100, 6100, 23, 76716, 76929
100, 6110, 23, 76716, 77721
100, 6120, 23, 76298, 76644
100, 6130, 23, 76279, 76298
100, 6140, 23, 76270, 77396
100, 6150, 23, 76270, 77661
100, 6160, 23, 76268, 77388
100, 6170, 23, 76268, 77339
100, 6180, 23, 76255, 77977
100, 6190, 23, 76150, 77452
100, 6200, 23, 76150, 77450
100, 6210, 23, 76150, 78198
100, 6220, 23, 76038, 77584
100, 6230, 23, 76038, 77709
100, 6240, 23, 76029, 78517
100, 6250, 23, 76029, 78909
100, 6260, 23, 76029, 77332
100, 6270, 23, 75909, 77336
100, 6280, 23, 75671, 76705
100, 6290, 23, 75635, 77692
100, 6300, 23, 75576, 77510
100, 6310, 23, 75576, 79851
100, 6320, 23, 75444, 75768
100, 6330, 23, 75361, 76151
100, 6340, 23, 75361, 76498
100, 6350, 23, 75344, 75361
100, 6360, 23, 75146, 76419
100, 6370, 23, 75146, 75146
100, 6380, 23, 74908, 76015
100, 6390, 23, 74726, 74923
100, 6400, 23, 74726, 74726
100, 6410, 23, 74683, 75574
100, 6420, 23, 74683, 75501
100, 6430, 23, 74683, 75253
100, 6440, 23, 74683, 75008
100, 6450, 23, 74683, 75199
100, 6460, 23, 74683, 76942
100, 6470, 23, 74683, 74683
100, 6480, 23, 74600, 76367
100, 6490, 23, 74600, 76619
100, 6500, 23, 74524, 75920
100, 6510, 23, 74499, 75269
100, 6520, 23, 74389, 74499
100, 6530, 23, 74389, 75406
100, 6540, 23, 74389, 74389
100, 6550, 23, 73879, 74389
100, 6560, 23, 73851, 75727
100, 6570, 23, 73700, 73851
100, 6580, 23, 73618, 74836
100, 6590, 23, 73560, 74188
100, 6600, 23, 73542, 75680
100, 6610, 23, 73233, 75725
100, 6620, 23, 73233, 73304
100, 6630, 23, 73133, 76457
100, 6640, 23, 73119, 73819
100, 6650, 23, 73119, 73757
100, 6660, 23, 73119, 73119
100, 6670, 23, 73119, 73943
100, 6680, 23, 73047, 73936
100, 6690, 23, 73047, 73959
100, 6700, 23, 73044, 74867
100, 6710, 23, 73044, 74237
100, 6720, 23, 73044, 75065
100, 6730, 23, 72856, 75163
100, 6740, 23, 72856, 73111
100, 6750, 23, 72856, 74939
100, 6760, 23, 72856, 74080
100, 6770, 23, 72856, 74322
100, 6780, 23, 72796, 74473
100, 6790, 23, 72796, 72796
100, 6800, 23, 72796, 75060
100, 6810, 23, 72672, 75654
100, 6820, 23, 72389, 73043
100, 6830, 23, 72314, 72753
100, 6840, 23, 72314, 72314
100, 6850, 23, 72314, 72314
100, 6860, 23, 72314, 74543
100, 6870, 23, 72314, 72943
100, 6880, 23, 72104, 73568
100, 6890, 23, 72104, 73346
100, 6900, 23, 72104, 73164
100, 6910, 23, 72104, 72104
100, 6920, 23, 72021, 72021
100, 6930, 23, 72021, 72944
100, 6940, 23, 72021, 72672
100, 6950, 23, 72021, 72021
100, 6960, 23, 71953, 73646
100, 6970, 23, 71890, 73707
100, 6980, 23, 71831, 71890
100, 6990, 23, 71831, 71831
100, 7000, 23, 71831, 72867
100, 7010, 23, 71831, 73766
100, 7020, 23, 71771, 71831
100, 7030, 23, 71508, 71771
100, 7040, 23, 71431, 72779
100, 7050, 23, 71431, 71431
100, 7060, 23, 71431, 73505
100, 7070, 23, 71356, 71964
100, 7080, 23, 71212, 71356
100, 7090, 23, 71193, 71212
100, 7100, 23, 71187, 72569
100, 7110, 23, 71187, 72432
100, 7120, 23, 71187, 72327
100, 7130, 23, 71187, 72924
100, 7140, 23, 71187, 71187
100, 7150, 23, 71187, 71746
100, 7160, 23, 71187, 73004
100, 7170, 23, 71187, 71187
100, 7180, 23, 71187, 71828
100, 7190, 23, 71187, 71187
100, 7200, 23, 71187, 72615
100, 7210, 23, 71187, 71341
100, 7220, 23, 71187, 73293
100, 7230, 23, 71187, 71187
100, 7240, 23, 71187, 71945
100, 7250, 23, 70959, 71425
100, 7260, 23, 70786, 71797
100, 7270, 23, 70686, 70786
100, 7280, 23, 70686, 72725
100, 7290, 23, 70686, 72649
100, 7300, 23, 70628, 70686
100, 7310, 23, 70628, 72203
100, 7320, 23, 70587, 71512
100, 7330, 23, 70587, 71767
100, 7340, 23, 70587, 70587
100, 7350, 23, 70587, 71400
100, 7360, 23, 70575, 71615
100, 7370, 23, 70575, 71645
100, 7380, 23, 70575, 72458
100, 7390, 23, 70493, 70575
100, 7400, 23, 70453, 72167
100, 7410, 23, 70453, 71848
100, 7420, 23, 70406, 70818
100, 7430, 23, 70406, 70755
100, 7440, 23, 70354, 70406
100, 7450, 23, 70354, 71642
100, 7460, 23, 70220, 71326
100, 7470, 23, 70220, 71710
100, 7480, 23, 70120, 70220
100, 7490, 23, 70120, 70341
100, 7500, 23, 70120, 72034
100, 7510, 23, 70120, 72213
100, 7520, 23, 69992, 70368
100, 7530, 23, 69992, 71077
100, 7540, 23, 69992, 72096
100, 7550, 23, 69992, 71781
100, 7560, 23, 69992, 69992
100, 7570, 23, 69992, 70367
100, 7580, 23, 69992, 71175
100, 7590, 23, 69992, 69992
100, 7600, 23, 69877, 69992
100, 7610, 23, 69791, 71193
100, 7620, 23, 69791, 69791
100, 7630, 23, 69791, 69791
100, 7640, 23, 69664, 71609
100, 7650, 23, 69658, 70664
100, 7660, 23, 69640, 69658
100, 7670, 23, 69565, 69640
100, 7680, 23, 69565, 71289
100, 7690, 23, 69565, 70074
100, 7700, 23, 69565, 71231
100, 7710, 23, 69532, 69755
100, 7720, 23, 69532, 70612
100, 7730, 23, 69379, 69532
100, 7740, 23, 69345, 71310
100, 7750, 23, 69345, 69345
100, 7760, 23, 69345, 69345
100, 7770, 23, 69243, 70291
100, 7780, 23, 69243, 70705
100, 7790, 23, 69243, 70187
100, 7800, 23, 69240, 69243
100, 7810, 23, 69240, 69243
100, 7820, 23, 69240, 70262
100, 7830, 23, 69240, 69240
100, 7840, 23, 69238, 71539
100, 7850, 23, 69238, 70001
100, 7860, 23, 69238, 70784
100, 7870, 23, 69238, 69238
100, 7880, 23, 69143, 70435
100, 7890, 23, 69143, 69143
100, 7900, 23, 69068, 70789
100, 7910, 23, 69068, 69068
100, 7920, 23, 69068, 69068
100, 7930, 23, 69026, 70463
100, 7940, 23, 69026, 69068
100, 7950, 23, 69010, 69026
100, 7960, 23, 69010, 69010
100, 7970, 23, 68969, 70516
100, 7980, 23, 68969, 71115
100, 7990, 23, 68969, 69501
100, 8000, 23, 68969, 69355
100, 8010, 23, 68969, 70204
100, 8020, 23, 68969, 70190
100, 8030, 23, 68969, 70244
100, 8040, 23, 68969, 70651
100, 8050, 23, 68969, 68969
100, 8060, 23, 68783, 68783
100, 8070, 23, 68783, 68783
100, 8080, 23, 68783, 68783
100, 8090, 23, 68700, 68783
100, 8100, 23, 68700, 70471
100, 8110, 23, 68700, 70686
100, 8120, 23, 68652, 70079
100, 8130, 23, 68652, 69599
100, 8140, 23, 68652, 68652
100, 8150, 23, 68652, 68652
100, 8160, 23, 68652, 70755
100, 8170, 23, 68652, 69463
100, 8180, 23, 68652, 69021
100, 8190, 23, 68642, 69554
100, 8200, 23, 68642, 68642
100, 8210, 23, 68642, 69971
100, 8220, 23, 68642, 68642
100, 8230, 23, 68642, 68642
100, 8240, 23, 68642, 69874
100, 8250, 23, 68642, 69976
100, 8260, 23, 68642, 68642
100, 8270, 23, 68477, 68885
100, 8280, 23, 68477, 68477
100, 8290, 23, 68477, 68477
100, 8300, 23, 68459, 68477
100, 8310, 23, 68459, 68459
100, 8320, 23, 68283, 68459
100, 8330, 23, 68159, 68159
100, 8340, 23, 68159, 68159
100, 8350, 23, 68159, 68964
100, 8360, 23, 68092, 68956
100, 8370, 23, 68074, 70169
100, 8380, 23, 68074, 68074
100, 8390, 23, 68002, 69249
100, 8400, 23, 67902, 69130
100, 8410, 23, 67902, 67902
100, 8420, 23, 67631, 67902
100, 8430, 23, 67507, 67631
100, 8440, 23, 67440, 67460
100, 8450, 23, 67440, 67440
100, 8460, 23, 67440, 69629
100, 8470, 23, 67440, 67440
100, 8480, 23, 67435, 67440
100, 8490, 23, 67435, 68938
100, 8500, 23, 67435, 67435
100, 8510, 23, 67119, 67435
100, 8520, 23, 67119, 68132
100, 8530, 23, 66777, 68097
100, 8540, 23, 66339, 67153
100, 8550, 23, 66339, 66564
100, 8560, 23, 66339, 67107
100, 8570, 23, 66339, 68146
100, 8580, 23, 66132, 68090
100, 8590, 23, 66132, 67568
100, 8600, 23, 66098, 66132
100, 8610, 23, 66098, 66898
100, 8620, 23, 66098, 66098
100, 8630, 23, 66098, 66098
100, 8640, 23, 66098, 67064
100, 8650, 23, 66098, 68411
100, 8660, 23, 66098, 66098
100, 8670, 23, 66092, 67372
100, 8680, 23, 66092, 66092
100, 8690, 23, 66092, 66092
100, 8700, 23, 66040, 66878
100, 8710, 23, 66040, 67566
100, 8720, 23, 66040, 66040
100, 8730, 23, 66040, 66040
100, 8740, 23, 66040, 66249
100, 8750, 23, 66040, 66700
100, 8760, 23, 66020, 68088
100, 8770, 23, 66020, 66020
100, 8780, 23, 65965, 66020
100, 8790, 23, 65815, 65965
100, 8800, 23, 65755, 65755
100, 8810, 23, 65755, 67879
100, 8820, 23, 65755, 65755
100, 8830, 23, 65755, 65755
100, 8840, 23, 65755, 67454
100, 8850, 23, 65737, 65737
100, 8860, 23, 65511, 65737
100, 8870, 23, 65485, 65511
100, 8880, 23, 65485, 65485
100, 8890, 23, 65485, 65485
100, 8900, 23, 65485, 65485
100, 8910, 23, 65485, 65485
100, 8920, 23, 65485, 66082
100, 8930, 23, 65485, 65485
100, 8940, 23, 65485, 65485
100, 8950, 23, 65485, 65485
100, 8960, 23, 65485, 66870
100, 8970, 23, 65485, 66333
100, 8980, 23, 65485, 65485
100, 8990, 23, 65061, 67298
100, 9000, 23, 64929, 67575
100, 9010, 23, 64929, 64929
100, 9020, 23, 64929, 65773
100, 9030, 23, 64888, 64929
100, 9040, 23, 64733, 65921
100, 9050, 23, 64720, 64720
100, 9060, 23, 64720, 64720
100, 9070, 23, 64720, 64720
100, 9080, 23, 64720, 65831
100, 9090, 23, 64720, 64986
100, 9100, 23, 64640, 65520
100, 9110, 23, 64640, 65097
100, 9120, 23, 64572, 64640
100, 9130, 23, 64572, 64572
100, 9140, 23, 64572, 64572
100, 9150, 23, 64572, 64572
100, 9160, 23, 64572, 65262
100, 9170, 23, 64572, 64572
100, 9180, 23, 64572, 64572
100, 9190, 23, 64536, 65431
100, 9200, 23, 64536, 65825
100, 9210, 23, 64536, 64536
100, 9220, 23, 64536, 64536
100, 9230, 23, 64536, 65943
100, 9240, 23, 64536, 64536
100, 9250, 23, 64499, 64499
100, 9260, 23, 64355, 65027
100, 9270, 23, 64281, 64281
100, 9280, 23, 64281, 64281
100, 9290, 23, 64281, 64694
100, 9300, 23, 64225, 64850
100, 9310, 23, 64221, 65135
100, 9320, 23, 64174, 64221
100, 9330, 23, 64174, 64174
100, 9340, 23, 64174, 64174
100, 9350, 23, 64174, 64174
100, 9360, 23, 63801, 64174
100, 9370, 23, 63718, 63801
100, 9380, 23, 63718, 63718
100, 9390, 23, 63635, 63718
100, 9400, 23, 63635, 63635
100, 9410, 23, 63635, 63667
100, 9420, 23, 63635, 64385
100, 9430, 23, 63635, 64273
100, 9440, 23, 63511, 63635
100, 9450, 23, 63511, 63511
100, 9460, 23, 63511, 63511
100, 9470, 23, 63511, 63511
100, 9480, 23, 63511, 63511
100, 9490, 23, 63511, 63511
100, 9500, 23, 63511, 63511
100, 9510, 23, 63352, 63511
100, 9520, 23, 63352, 63352
100, 9530, 23, 63352, 64389
100, 9540, 23, 63250, 63352
100, 9550, 23, 63250, 63250
100, 9560, 23, 63250, 63250
100, 9570, 23, 63250, 63450
100, 9580, 23, 63250, 63250
100, 9590, 23, 63250, 63250
100, 9600, 23, 63250, 63250
100, 9610, 23, 63199, 63250
100, 9620, 23, 63199, 63199
100, 9630, 23, 63199, 63199
100, 9640, 23, 63199, 63199
100, 9650, 23, 63199, 63199
100, 9660, 23, 63199, 63199
100, 9670, 23, 63199, 64565
100, 9680, 23, 63199, 63199
100, 9690, 23, 63199, 63199
100, 9700, 23, 63199, 63199
100, 9710, 23, 63199, 63199
100, 9720, 23, 63199, 64208
100, 9730, 23, 63199, 63199
100, 9740, 23, 63199, 63199
100, 9750, 23, 63199, 63199
100, 9760, 23, 63121, 63121
100, 9770, 23, 63121, 63121
100, 9780, 23, 63121, 63121
100, 9790, 23, 63112, 63121
100, 9800, 23, 63112, 63112
100, 9810, 23, 63112, 63112
100, 9820, 23, 62975, 63112
100, 9830, 23, 62975, 62975
100, 9840, 23, 62975, 62975
100, 9850, 23, 62975, 62975
100, 9860, 23, 62975, 62975
100, 9870, 23, 62975, 62975
100, 9880, 23, 62975, 62975
100, 9890, 23, 62974, 62975
100, 9900, 23, 62974, 63136
100, 9910, 23, 62974, 64196
100, 9920, 23, 62974, 62974
100, 9930, 23, 62974, 62974
100, 9940, 23, 62891, 63903
100, 9950, 23, 62891, 62891
100, 9960, 23, 62891, 62891
100, 9970, 23, 62891, 63333
100, 9980, 23, 62891, 62891
100, 9990, 23, 62891, 62891
100, 10000, 23, 62891, 62891
100, 10010, 23, 62891, 62891
100, 10020, 23, 62891, 62891
100, 10030, 23, 62891, 64036
100, 10040, 23, 62812, 62891
100, 10050, 23, 62812, 63095
100, 10060, 23, 62769, 62769
100, 10070, 23, 62769, 62769
100, 10080, 23, 62769, 62769
100, 10090, 23, 62681, 63236
100, 10100, 23, 62681, 62681
100, 10110, 23, 62681, 62681
100, 10120, 23, 62681, 62681
100, 10130, 23, 62681, 62681
100, 10140, 23, 62639, 62639
100, 10150, 23, 62639, 62639
100, 10160, 23, 62639, 62639
100, 10170, 23, 62574, 62639
100, 10180, 23, 62445, 62445
100, 10190, 23, 62445, 62445
100, 10200, 23, 62445, 62445
100, 10210, 23, 62432, 62432
100, 10220, 23, 62432, 62432
100, 10230, 23, 62432, 62432
100, 10240, 23, 62432, 62432
100, 10250, 23, 62432, 62432
100, 10260, 23, 62432, 62432
100, 10270, 23, 62325, 62325
100, 10280, 23, 62325, 62325
100, 10290, 23, 62325, 62325
100, 10300, 23, 62325, 62325
100, 10310, 23, 62325, 62325
100, 10320, 23, 62325, 62325
100, 10330, 23, 62266, 63972
100, 10340, 23, 62266, 62266
100, 10350, 23, 62266, 62266
100, 10360, 23, 62266, 62266
100, 10370, 23, 62266, 62266
100, 10380, 23, 62214, 62242
100, 10390, 23, 62214, 62214
100, 10400, 23, 62214, 63014
100, 10410, 23, 62214, 62214
100, 10420, 23, 62214, 62214
100, 10430, 23, 62214, 62214
100, 10440, 23, 62214, 62214
100, 10450, 23, 62073, 62214
100, 10460, 23, 62073, 62073
100, 10470, 23, 62073, 62289
100, 10480, 23, 62073, 62673
100, 10490, 23, 62073, 64054
100, 10500, 23, 62073, 62073
100, 10510, 23, 62073, 62073
100, 10520, 23, 62048, 62073
100, 10530, 23, 62048, 62841
100, 10540, 23, 62048, 62048
100, 10550, 23, 62048, 62048
100, 10560, 23, 62048, 62048
100, 10570, 23, 62048, 62048
100, 10580, 23, 62048, 62048
100, 10590, 23, 62048, 62048
100, 10600, 23, 62048, 62048
100, 10610, 23, 62048, 62048
100, 10620, 23, 62048, 62048
100, 10630, 23, 62048, 62048
100, 10640, 23, 61987, 62048
100, 10650, 23, 61987, 61987
100, 10660, 23, 61987, 61987
100, 10670, 23, 61963, 61987
100, 10680, 23, 61963, 61963
100, 10690, 23, 61963, 61963
100, 10700, 23, 61963, 61963
100, 10710, 23, 61963, 61963
100, 10720, 23, 61963, 61963
100, 10730, 23, 61905, 61905
100, 10740, 23, 61785, 61905
100, 10750, 23, 61785, 62362
100, 10760, 23, 61785, 61785
100, 10770, 23, 61785, 61785
100, 10780, 23, 61785, 61785
100, 10790, 23, 61644, 61785
100, 10800, 23, 61644, 61644
100, 10810, 23, 61644, 61644
100, 10820, 23, 61644, 61644
100, 10830, 23, 61644, 61644
100, 10840, 23, 61644, 61644
100, 10850, 23, 61644, 61644
100, 10860, 23, 61587, 61644
100, 10870, 23, 61587, 61587
100, 10880, 23, 61587, 61587
100, 10890, 23, 61587, 61587
100, 10900, 23, 61587, 61587
100, 10910, 23, 61587, 61587
100, 10920, 23, 61527, 61587
100, 10930, 23, 61527, 61527
100, 10940, 23, 61527, 61527
100, 10950, 23, 61527, 61527
100, 10960, 23, 61527, 61527
100, 10970, 23, 61527, 61527
100, 10980, 23, 61527, 61527
100, 10990, 23, 61527, 61527
100, 11000, 23, 61504, 61527
100, 11010, 23, 61504, 61504
100, 11020, 23, 61504, 61504
100, 11030, 23, 61504, 61504
100, 11040, 23, 61504, 62152
100, 11050, 23, 61504, 61504
100, 11060, 23, 61504, 61504
100, 11070, 23, 61504, 61504
100, 11080, 23, 61504, 61504
100, 11090, 23, 61504, 61504
100, 11100, 23, 61504, 61504
100, 11110, 23, 61504, 61770
100, 11120, 23, 61504, 61504
100, 11130, 23, 61504, 61504
100, 11140, 23, 61504, 61504
100, 11150, 23, 61504, 61504
100, 11160, 23, 61446, 61504
100, 11170, 23, 61446, 61446
100, 11180, 23, 61446, 61446
100, 11190, 23, 61446, 61446
100, 11200, 23, 61446, 61446
100, 11210, 23, 61446, 62877
100, 11220, 23, 61317, 61446
100, 11230, 23, 61317, 61317
100, 11240, 23, 61266, 61312
100, 11250, 23, 61266, 61266
100, 11260, 23, 61262, 62479
100, 11270, 23, 61262, 61262
100, 11280, 23, 61262, 61262
100, 11290, 23, 61262, 61262
100, 11300, 23, 61221, 61221
100, 11310, 23, 61108, 61576
100, 11320, 23, 61108, 61108
100, 11330, 23, 61108, 61108
100, 11340, 23, 61108, 61108
100, 11350, 23, 61108, 61108
100, 11360, 23, 61108, 61108
100, 11370, 23, 61108, 61108
100, 11380, 23, 61108, 61108
100, 11390, 23, 61108, 61108
100, 11400, 23, 61108, 61108
100, 11410, 23, 61108, 61108
100, 11420, 23, 61053, 61108
100, 11430, 23, 61053, 61053
100, 11440, 23, 61053, 61053
100, 11450, 23, 61053, 61053
100, 11460, 23, 61053, 61053
100, 11470, 23, 61053, 61053
100, 11480, 23, 61053, 61053
100, 11490, 23, 61053, 61053
100, 11500, 23, 61023, 61023
100, 11510, 23, 61023, 61023
100, 11520, 23, 61023, 61023
100, 11530, 23, 61023, 61023
100, 11540, 23, 61023, 61023
100, 11550, 23, 61023, 61023
100, 11560, 23, 60986, 61310
100, 11570, 23, 60986, 60986
100, 11580, 23, 60986, 60986
100, 11590, 23, 60986, 60986
100, 11600, 23, 60986, 60986
100, 11610, 23, 60986, 60986
100, 11620, 23, 60946, 60986
100, 11630, 23, 60946, 60946
100, 11640, 23, 60946, 60946
100, 11650, 23, 60946, 60946
100, 11660, 23, 60932, 60946
100, 11670, 23, 60932, 60932
100, 11680, 23, 60932, 60932
100, 11690, 23, 60932, 60932
100, 11700, 23, 60932, 60932
100, 11710, 23, 60932, 60932
100, 11720, 23, 60854, 60854
100, 11730, 23, 60854, 60854
100, 11740, 23, 60854, 60854
100, 11750, 23, 60854, 60854
100, 11760, 23, 60854, 60854
100, 11770, 23, 60854, 60854
100, 11780, 23, 60854, 60854
100, 11790, 23, 60854, 60854
100, 11800, 23, 60854, 60854
100, 11810, 23, 60796, 60836
100, 11820, 23, 60796, 60796
100, 11830, 23, 60796, 60796
100, 11840, 23, 60796, 60796
100, 11850, 23, 60796, 60796
100, 11860, 23, 60746, 60746
100, 11870, 23, 60746, 60746
100, 11880, 23, 60746, 60746
100, 11890, 23, 60746, 60746
100, 11900, 23, 60746, 60746
100, 11910, 23, 60746, 60746
100, 11920, 23, 60746, 60746
100, 11930, 23, 60663, 60663
100, 11940, 23, 60625, 60625
100, 11950, 23, 60570, 60625
100, 11960, 23, 60570, 60570
100, 11970, 23, 60570, 60570
100, 11980, 23, 60570, 60570
100, 11990, 23, 60570, 60570
100, 12000, 23, 60570, 60570
100, 12010, 23, 60570, 60570
100, 12020, 23, 60570, 60570
100, 12030, 23, 60570, 60570
100, 12040, 23, 60570, 60570
100, 12050, 23, 60570, 60570
100, 12060, 23, 60570, 60570
100, 12070, 23, 60570, 60570
100, 12080, 23, 60570, 60570
100, 12090, 23, 60428, 60770
100, 12100, 23, 60428, 60428
100, 12110, 23, 60428, 60428
100, 12120, 23, 60428, 60428
100, 12130, 23, 60428, 60428
100, 12140, 23, 60418, 60428
100, 12150, 23, 60418, 60418
100, 12160, 23, 60418, 60418
100, 12170, 23, 60418, 60418
100, 12180, 23, 60418, 60418
100, 12190, 23, 60418, 60418
100, 12200, 23, 60418, 60418
100, 12210, 23, 60418, 60418
100, 12220, 23, 60418, 60418
100, 12230, 23, 60382, 60382
100, 12240, 23, 60382, 60382
100, 12250, 23, 60382, 60382
100, 12260, 23, 60382, 60382
100, 12270, 23, 60382, 60382
100, 12280, 23, 60382, 60382
100, 12290, 23, 60259, 60382
100, 12300, 23, 60259, 60259
100, 12310, 23, 60259, 60259
100, 12320, 23, 60259, 61924
100, 12330, 23, 60259, 60259
100, 12340, 23, 60259, 60259
100, 12350, 23, 60259, 60259
100, 12360, 23, 60183, 60183
100, 12370, 23, 60183, 60183
100, 12380, 23, 60125, 60125
100, 12390, 23, 60125, 60125
100, 12400, 23, 60125, 60125
100, 12410, 23, 60125, 60125
100, 12420, 23, 60125, 60125
100, 12430, 23, 60125, 60125
100, 12440, 23, 60125, 60125
100, 12450, 23, 60125, 60125
100, 12460, 23, 60125, 60125
100, 12470, 23, 60125, 60125
100, 12480, 23, 60125, 60125
100, 12490, 23, 60125, 60125
100, 12500, 23, 60125, 60125
100, 12510, 23, 60125, 60125
100, 12520, 23, 60125, 60125
100, 12530, 23, 60125, 60125
100, 12540, 23, 60125, 60125
100, 12550, 23, 60125, 60125
100, 12560, 23, 60125, 60125
100, 12570, 23, 60125, 60125
100, 12580, 23, 60125, 60125
100, 12590, 23, 60125, 60125
100, 12600, 23, 60125, 60125
100, 12610, 23, 60116, 60125
100, 12620, 23, 60116, 60116
100, 12630, 23, 60116, 60116
100, 12640, 23, 60116, 60116
100, 12650, 23, 60116, 60116
100, 12660, 23, 60116, 60116
100, 12670, 23, 60116, 60116
100, 12680, 23, 60116, 60116
100, 12690, 23, 60116, 60116
100, 12700, 23, 60116, 60116
100, 12710, 23, 60116, 60116
100, 12720, 23, 60116, 60116
100, 12730, 23, 60116, 60116
100, 12740, 23, 60116, 60116
100, 12750, 23, 59909, 60109
100, 12760, 23, 59909, 59909
100, 12770, 23, 59909, 59909
100, 12780, 23, 59909, 59909
100, 12790, 23, 59909, 61079
100, 12800, 23, 59909, 59909
100, 12810, 23, 59909, 59909
100, 12820, 23, 59909, 59909
100, 12830, 23, 59836, 59836
100, 12840, 23, 59836, 59836
100, 12850, 23, 59836, 59836
100, 12860, 23, 59806, 59806
100, 12870, 23, 59806, 59806
100, 12880, 23, 59806, 59806
100, 12890, 23, 59709, 59709
100, 12900, 23, 59709, 59709
100, 12910, 23, 59709, 59709
100, 12920, 23, 59709, 59709
100, 12930, 23, 59709, 59709
100, 12940, 23, 59709, 59709
100, 12950, 23, 59363, 59363
100, 12960, 23, 59363, 59363
100, 12970, 23, 59363, 59363
100, 12980, 23, 59363, 59363
100, 12990, 23, 59363, 59363
100, 13000, 23, 59363, 59363
100, 13010, 23, 59363, 59363
100, 13020, 23, 59363, 59363
100, 13030, 23, 59363, 59363
100, 13040, 23, 59363, 59363
100, 13050, 23, 59363, 59363
100, 13060, 23, 59363, 59363
100, 13070, 23, 59363, 59363
100, 13080, 23, 59363, 59363
100, 13090, 23, 59363, 59363
100, 13100, 23, 59363, 59363
100, 13110, 23, 59363, 59363
100, 13120, 23, 59363, 59363
100, 13130, 23, 59363, 59363
100, 13140, 23, 59363, 59363
100, 13150, 23, 59363, 59363
100, 13160, 23, 59363, 59363
100, 13170, 23, 59363, 59363
100, 13180, 23, 59361, 59363
100, 13190, 23, 59361, 59361
100, 13200, 23, 59361, 59361
100, 13210, 23, 59361, 59361
100, 13220, 23, 59361, 59361
100, 13230, 23, 59361, 59361
100, 13240, 23, 59234, 59330
100, 13250, 23, 59234, 59234
100, 13260, 23, 59234, 59234
100, 13270, 23, 59234, 59234
100, 13280, 23, 59234, 59234
100, 13290, 23, 59234, 59234
100, 13300, 23, 59234, 59234
100, 13310, 23, 59234, 59234
100, 13320, 23, 59234, 59234
100, 13330, 23, 59234, 59234
100, 13340, 23, 59234, 59687
100, 13350, 23, 59234, 59234
100, 13360, 23, 59234, 59234
100, 13370, 23, 59234, 59234
100, 13380, 23, 59234, 59234
100, 13390, 23, 59234, 59234
100, 13400, 23, 59231, 59234
100, 13410, 23, 59231, 59231
100, 13420, 23, 59231, 59231
100, 13430, 23, 59231, 59231
100, 13440, 23, 59231, 59231
100, 13450, 23, 59231, 59231
100, 13460, 23, 59231, 59231
100, 13470, 23, 59231, 59231
100, 13480, 23, 59231, 59231
100, 13490, 23, 59231, 59231
100, 13500, 23, 59231, 59231
100, 13510, 23, 59231, 59231
100, 13520, 23, 59231, 59231
100, 13530, 23, 59231, 59231
100, 13540, 23, 59209, 59209
100, 13550, 23, 59209, 59209
100, 13560, 23, 59209, 59209
100, 13570, 23, 59209, 59209
100, 13580, 23, 59179, 59209
100, 13590, 23, 59179, 59179
100, 13600, 23, 59179, 59179
100, 13610, 23, 59179, 59179
100, 13620, 23, 59179, 59179
100, 13630, 23, 59179, 59179
100, 13640, 23, 59179, 59179
100, 13650, 23, 59179, 59179
100, 13660, 23, 59179, 59179
100, 13670, 23, 59179, 59179
100, 13680, 23, 59179, 59179
100, 13690, 23, 59179, 59179
100, 13700, 23, 59179, 59179
100, 13710, 23, 59179, 59179
100, 13720, 23, 59160, 59179
100, 13730, 23, 59160, 59160
100, 13740, 23, 59134, 59160
100, 13750, 23, 59134, 59134
100, 13760, 23, 59134, 59134
100, 13770, 23, 59134, 59134
100, 13780, 23, 59134, 59134
100, 13790, 23, 59134, 59134
100, 13800, 23, 59134, 59134
100, 13810, 23, 59134, 59134
100, 13820, 23, 59134, 59134
100, 13830, 23, 59134, 59134
100, 13840, 23, 59134, 59134
100, 13850, 23, 59133, 59134
100, 13860, 23, 59133, 59133
100, 13870, 23, 59133, 59133
100, 13880, 23, 59133, 59133
100, 13890, 23, 59133, 59133
100, 13900, 23, 59133, 59133
100, 13910, 23, 59133, 59133
100, 13920, 23, 59133, 59133
100, 13930, 23, 59133, 59133
100, 13940, 23, 59133, 59133
100, 13950, 23, 59133, 59133
100, 13960, 23, 59133, 59133
100, 13970, 23, 59133, 59133
100, 13980, 23, 59133, 59133
100, 13990, 23, 59110, 59110
100, 14000, 23, 59110, 59110
100, 14010, 23, 59110, 59110
100, 14020, 23, 59110, 59110
100, 14030, 23, 59110, 59110
100, 14040, 23, 59110, 59110
100, 14050, 23, 59110, 59110
100, 14060, 23, 59094, 59110
100, 14070, 23, 59094, 59094
100, 14080, 23, 59094, 59094
100, 14090, 23, 59094, 59094
100, 14100, 23, 59094, 59094
100, 14110, 23, 59094, 59094
100, 14120, 23, 59094, 59094
100, 14130, 23, 59094, 59094
100, 14140, 23, 58963, 59018
100, 14150, 23, 58963, 58963
100, 14160, 23, 58963, 58963
100, 14170, 23, 58963, 58963
100, 14180, 23, 58880, 58963
100, 14190, 23, 58832, 58832
100, 14200, 23, 58832, 58832
100, 14210, 23, 58832, 58832
100, 14220, 23, 58832, 58832
100, 14230, 23, 58832, 58832
100, 14240, 23, 58832, 58832
100, 14250, 23, 58832, 58832
100, 14260, 23, 58832, 58832
100, 14270, 23, 58832, 58832
100, 14280, 23, 58832, 58832
100, 14290, 23, 58832, 58832
100, 14300, 23, 58832, 58832
100, 14310, 23, 58832, 58832
100, 14320, 23, 58832, 58832
100, 14330, 23, 58832, 58832
100, 14340, 23, 58832, 58832
100, 14350, 23, 58832, 58832
100, 14360, 23, 58832, 58832
100, 14370, 23, 58832, 58832
100, 14380, 23, 58832, 58832
100, 14390, 23, 58832, 58832
100, 14400, 23, 58831, 58831
100, 14410, 23, 58831, 58831
100, 14420, 23, 58831, 58831
100, 14430, 23, 58831, 58831
100, 14440, 23, 58831, 58831
100, 14450, 23, 58831, 58831
100, 14460, 23, 58831, 58831
100, 14470, 23, 58726, 58726
100, 14480, 23, 58726, 58726
100, 14490, 23, 58726, 58726
100, 14500, 23, 58726, 58726
100, 14510, 23, 58726, 58726
100, 14520, 23, 58726, 58726
100, 14530, 23, 58726, 58726
100, 14540, 23, 58726, 58726
100, 14550, 23, 58726, 58726
100, 14560, 23, 58726, 58726
100, 14570, 23, 58726, 58726
100, 14580, 23, 58726, 58726
100, 14590, 23, 58726, 58726
100, 14600, 23, 58726, 58726
100, 14610, 23, 58726, 58726
100, 14620, 23, 58726, 58726
100, 14630, 23, 58726, 58726
100, 14640, 23, 58726, 58726
100, 14650, 23, 58726, 58726
100, 14660, 23, 58726, 58726
100, 14670, 23, 58726, 58726
100, 14680, 23, 58726, 58726
100, 14690, 23, 58726, 58726
100, 14700, 23, 58726, 58726
100, 14710, 23, 58726, 58726
100, 14720, 23, 58726, 58726
100, 14730, 23, 58726, 58726
100, 14740, 23, 58726, 58726
100, 14750, 23, 58726, 58726
100, 14760, 23, 58726, 58726
100, 14770, 23, 58726, 58726
100, 14780, 23, 58726, 58726
100, 14790, 23, 58726, 58726
100, 14800, 23, 58726, 58726
100, 14810, 23, 58726, 58726
100, 14820, 23, 58726, 58726
100, 14830, 23, 58726, 58726
100, 14840, 23, 58726, 58726
100, 14850, 23, 58726, 58726
100, 14860, 23, 58726, 58726
100, 14870, 23, 58726, 58726
100, 14880, 23, 58726, 58726
100, 14890, 23, 58660, 58726
100, 14900, 23, 58660, 58660
100, 14910, 23, 58660, 58660
100, 14920, 23, 58660, 58660
100, 14930, 23, 58660, 58660
100, 14940, 23, 58660, 58660
100, 14950, 23, 58660, 58660
100, 14960, 23, 58660, 58660
100, 14970, 23, 58660, 58660
100, 14980, 23, 58587, 58660
100, 14990, 23, 58587, 58587
100, 15000, 23, 58587, 58587
100, 15010, 23, 58504, 58587
100, 15020, 23, 58504, 58504
100, 15030, 23, 58504, 58504
100, 15040, 23, 58504, 58504
100, 15050, 23, 58504, 58504
100, 15060, 23, 58504, 58504
100, 15070, 23, 58464, 58464
100, 15080, 23, 58464, 58464
100, 15090, 23, 58464, 58464
100, 15100, 23, 58464, 58464
100, 15110, 23, 58464, 58464
100, 15120, 23, 58464, 58464
100, 15130, 23, 58464, 58464
100, 15140, 23, 58464, 58464
100, 15150, 23, 58464, 58464
100, 15160, 23, 58464, 58464
100, 15170, 23, 58464, 58464
100, 15180, 23, 58464, 58464
100, 15190, 23, 58454, 58454
100, 15200, 23, 58454, 58454
100, 15210, 23, 58454, 58454
100, 15220, 23, 58454, 58454
100, 15230, 23, 58454, 58454
100, 15240, 23, 58454, 58454
100, 15250, 23, 58454, 58454
100, 15260, 23, 58454, 58454
100, 15270, 23, 58454, 58454
100, 15280, 23, 58454, 58454
100, 15290, 23, 58454, 58454
100, 15300, 23, 58454, 58454
100, 15310, 23, 58454, 58454
100, 15320, 23, 58454, 58454
100, 15330, 23, 58454, 58454
100, 15340, 23, 58433, 58570
100, 15350, 23, 58433, 58433
100, 15360, 23, 58433, 58433
100, 15370, 23, 58433, 58433
100, 15380, 23, 58433, 58433
100, 15390, 23, 58433, 58433
100, 15400, 23, 58433, 58433
100, 15410, 23, 58433, 58433
100, 15420, 23, 58433, 58433
100, 15430, 23, 58433, 58433
100, 15440, 23, 58433, 58433
100, 15450, 23, 58433, 58433
100, 15460, 23, 58433, 58433
100, 15470, 23, 58372, 58372
100, 15480, 23, 58372, 58372
100, 15490, 23, 58372, 58372
100, 15500, 23, 58372, 58372
100, 15510, 23, 58372, 58372
100, 15520, 23, 58372, 58372
100, 15530, 23, 58372, 58372
100, 15540, 23, 58372, 58372
100, 15550, 23, 58372, 58372
100, 15560, 23, 58372, 58372
100, 15570, 23, 58372, 58372
100, 15580, 23, 58372, 58372
100, 15590, 23, 58372, 58372
100, 15600, 23, 58372, 58372
100, 15610, 23, 58372, 58372
100, 15620, 23, 58372, 58372
100, 15630, 23, 58372, 58372
100, 15640, 23, 58372, 58372
100, 15650, 23, 58372, 58372
100, 15660, 23, 58372, 58372
100, 15670, 23, 58372, 58372
100, 15680, 23, 58372, 58372
100, 15690, 23, 58372, 58372
100, 15700, 23, 58372, 58372
100, 15710, 23, 58372, 58372
100, 15720, 23, 58372, 58372
100, 15730, 23, 58372, 58372
100, 15740, 23, 58372, 58372
100, 15750, 23, 58372, 58372
100, 15760, 23, 58372, 58372
100, 15770, 23, 58372, 58372
100, 15780, 23, 58372, 58372
100, 15790, 23, 58372, 58372
100, 15800, 23, 58372, 58372
100, 15810, 23, 58372, 58372
100, 15820, 23, 58372, 58372
100, 15830, 23, 58372, 58372
100, 15840, 23, 58372, 58372
100, 15850, 23, 58372, 58372
100, 15860, 23, 58372, 58372
100, 15870, 23, 58372, 58372
100, 15880, 23, 58372, 58372
100, 15890, 23, 58372, 58372
100, 15900, 23, 58372, 58372
100, 15910, 23, 58372, 58372
100, 15920, 23, 58372, 58372
100, 15930, 23, 58372, 58372
100, 15940, 23, 58372, 58372
100, 15950, 23, 58372, 58372
100, 15960, 23, 58372, 58372
100, 15970, 23, 58372, 58372
100, 15980, 23, 58372, 58372
100, 15990, 23, 58372, 58372
100, 16000, 23, 58372, 58372
100, 16010, 23, 58372, 58372
100, 16020, 23, 58331, 58331
100, 16030, 23, 58331, 58331
100, 16040, 23, 58331, 58331
100, 16050, 23, 58331, 58331
100, 16060, 23, 58331, 58331
100, 16070, 23, 58331, 58331
100, 16080, 23, 58331, 58331
100, 16090, 23, 58331, 58331
100, 16100, 23, 58331, 58331
100, 16110, 23, 58316, 58316
100, 16120, 23, 58316, 58316
100, 16130, 23, 58316, 58316
100, 16140, 23, 58316, 58316
100, 16150, 23, 58316, 58316
100, 16160, 23, 58316, 58316
100, 16170, 23, 58316, 58316
100, 16180, 23, 58316, 58316
100, 16190, 23, 58254, 58254
100, 16200, 23, 58254, 58254
100, 16210, 23, 58254, 58254
100, 16220, 23, 58254, 58254
100, 16230, 23, 58254, 58254
100, 16240, 23, 58254, 58254
100, 16250, 23, 58254, 58254
100, 16260, 23, 58254, 58254
100, 16270, 23, 58254, 58254
100, 16280, 23, 58254, 58254
100, 16290, 23, 58254, 58254
100, 16300, 23, 58254, 58254
100, 16310, 23, 58254, 58254
100, 16320, 23, 58254, 58254
100, 16330, 23, 58254, 58254
100, 16340, 23, 58254, 58254
100, 16350, 23, 58254, 58254
100, 16360, 23, 58254, 58254
100, 16370, 23, 58254, 58254
100, 16380, 23, 58254, 58254
100, 16390, 23, 58254, 58254
100, 16400, 23, 58254, 58254
100, 16410, 23, 58254, 58254
100, 16420, 23, 58254, 58254
100, 16430, 23, 58254, 58254
100, 16440, 23, 58254, 58254
100, 16450, 23, 58254, 58254
100, 16460, 23, 58254, 58254
100, 16470, 23, 58254, 58254
100, 16480, 23, 58254, 58254
100, 16490, 23, 58254, 58254
100, 16500, 23, 58254, 58254
100, 16510, 23, 58254, 58254
100, 16520, 23, 58254, 58254
100, 16530, 23, 58254, 58254
100, 16540, 23, 58254, 58254
100, 16550, 23, 58254, 58254
100, 16560, 23, 58254, 58254
100, 16570, 23, 58254, 58254
100, 16580, 23, 58254, 58254
100, 16590, 23, 58254, 58254
100, 16600, 23, 58254, 58254
100, 16610, 23, 58254, 58254
100, 16620, 23, 58254, 58254
100, 16630, 23, 58254, 58254
100, 16640, 23, 58254, 58254
100, 16650, 23, 58254, 58254
100, 16660, 23, 58254, 58254
100, 16670, 23, 58254, 58254
100, 16680, 23, 58254, 58254
100, 16690, 23, 58254, 58254
100, 16700, 23, 58254, 58254
100, 16710, 23, 58254, 58254
100, 16720, 23, 58254, 58254
100, 16730, 23, 58254, 58254
100, 16740, 23, 58254, 58254
100, 16750, 23, 58254, 58254
100, 16760, 23, 58254, 58254
100, 16770, 23, 58254, 58254
100, 16780, 23, 58254, 58254
100, 16790, 23, 58254, 58254
100, 16800, 23, 58254, 58254
100, 16810, 23, 58254, 58254
100, 16820, 23, 58254, 58254
100, 16830, 23, 58254, 58254
100, 16840, 23, 58254, 58254
100, 16850, 23, 58254, 58254
100, 16860, 23, 58171, 58171
100, 16870, 23, 58171, 58171
100, 16880, 23, 58171, 58171
100, 16890, 23, 58171, 58171
100, 16900, 23, 58171, 58171
100, 16910, 23, 58171, 58171
100, 16920, 23, 58171, 58171
100, 16930, 23, 58171, 58171
100, 16940, 23, 58171, 58171
100, 16950, 23, 58171, 58171
100, 16960, 23, 58171, 58171
100, 16970, 23, 58171, 58171
100, 16980, 23, 58171, 58171
100, 16990, 23, 58171, 58171
100, 17000, 23, 58171, 58171
100, 17010, 23, 58171, 58171
100, 17020, 23, 58171, 58171
100, 17030, 23, 58171, 58171
100, 17040, 23, 58171, 58171
100, 17050, 23, 58171, 58171
100, 17060, 23, 58115, 58115
100, 17070, 23, 58115, 58115
100, 17080, 23, 58115, 58115
100, 17090, 23, 58115, 58115
100, 17100, 23, 58115, 58115
100, 17110, 23, 58115, 58115
100, 17120, 23, 58115, 58115
100, 17130, 23, 58115, 58115
100, 17140, 23, 58115, 58115
100, 17150, 23, 58115, 58115
100, 17160, 23, 58115, 58115
100, 17170, 23, 58115, 58115
100, 17180, 23, 58115, 58115
100, 17190, 23, 58115, 58115
100, 17200, 23, 58115, 58115
100, 17210, 23, 58115, 58115
100, 17220, 23, 58115, 58115
100, 17230, 23, 58115, 58115
100, 17240, 23, 58115, 58115
100, 17250, 23, 58115, 58115
100, 17260, 23, 57715, 58115
100, 17270, 23, 57715, 57715
100, 17280, 23, 57715, 57715
100, 17290, 23, 57715, 57715
100, 17300, 23, 57715, 57715
100, 17310, 23, 57715, 57715
100, 17320, 23, 57715, 57715
100, 17330, 23, 57715, 57715
100, 17340, 23, 57715, 57715
100, 17350, 23, 57715, 57715
100, 17360, 23, 57715, 57715
100, 17370, 23, 57715, 57715
100, 17380, 23, 57715, 57715
100, 17390, 23, 57715, 57715
100, 17400, 23, 57715, 57715
100, 17410, 23, 57715, 57715
100, 17420, 23, 57715, 57715
100, 17430, 23, 57715, 57715
100, 17440, 23, 57715, 57715
100, 17450, 23, 57715, 57715
100, 17460, 23, 57715, 57715
100, 17470, 23, 57715, 57715
100, 17480, 23, 57715, 57715
100, 17490, 23, 57715, 57715
100, 17500, 23, 57715, 57715
100, 17510, 23, 57715, 57715
100, 17520, 23, 57599, 57715
100, 17530, 23, 57599, 57599
100, 17540, 23, 57599, 57599
100, 17550, 23, 57599, 57599
100, 17560, 23, 57599, 57599
100, 17570, 23, 57599, 57599
100, 17580, 23, 57599, 57599
100, 17590, 23, 57599, 57599
100, 17600, 23, 57599, 57599
100, 17610, 23, 57599, 57599
100, 17620, 23, 57599, 57599
100, 17630, 23, 57599, 57599
100, 17640, 23, 57599, 57599
100, 17650, 23, 57599, 57599
100, 17660, 23, 57599, 57599
100, 17670, 23, 57599, 57599
100, 17680, 23, 57599, 57599
100, 17690, 23, 57599, 57599
100, 17700, 23, 57599, 57599
100, 17710, 23, 57599, 57599
100, 17720, 23, 57599, 57599
100, 17730, 23, 57517, 57517
100, 17740, 23, 57517, 57517
100, 17750, 23, 57517, 57517
100, 17760, 23, 57517, 57517
100, 17770, 23, 57517, 57517
100, 17780, 23, 57517, 57517
100, 17790, 23, 57517, 57517
100, 17800, 23, 57517, 57517
100, 17810, 23, 57517, 57517
100, 17820, 23, 57517, 57517
100, 17830, 23, 57517, 57517
100, 17840, 23, 57517, 57517
100, 17850, 23, 57517, 57517
100, 17860, 23, 57517, 57517
100, 17870, 23, 57517, 57517
100, 17880, 23, 57517, 57517
100, 17890, 23, 57517, 57517
100, 17900, 23, 57517, 57517
100, 17910, 23, 57517, 57517
100, 17920, 23, 57517, 57517
100, 17930, 23, 57517, 57517
100, 17940, 23, 57517, 57517
100, 17950, 23, 57517, 57517
100, 17960, 23, 57517, 57517
100, 17970, 23, 57517, 57517
100, 17980, 23, 57517, 57517
100, 17990, 23, 57517, 57517
100, 18000, 23, 57517, 57517
100, 18010, 23, 57517, 57517
100, 18020, 23, 57517, 57517
100, 18030, 23, 57517, 57517
100, 18040, 23, 57517, 57517
100, 18050, 23, 57517, 57517
100, 18060, 23, 57517, 57517
100, 18070, 23, 57517, 57517
100, 18080, 23, 57517, 57517
100, 18090, 23, 57517, 57517
100, 18100, 23, 57517, 57517
100, 18110, 23, 57517, 57517
100, 18120, 23, 57517, 57517
100, 18130, 23, 57517, 57517
100, 18140, 23, 57517, 57517
100, 18150, 23, 57505, 57505
100, 18160, 23, 57505, 57505
100, 18170, 23, 57505, 57505
100, 18180, 23, 57465, 57465
100, 18190, 23, 57465, 57465
100, 18200, 23, 57465, 57465
100, 18210, 23, 57465, 57465
100, 18220, 23, 57465, 57465
100, 18230, 23, 57465, 57465
100, 18240, 23, 57465, 57465
100, 18250, 23, 57465, 57465
100, 18260, 23, 57465, 57465
100, 18270, 23, 57465, 57465
100, 18280, 23, 57465, 57465
100, 18290, 23, 57465, 57465
100, 18300, 23, 57465, 57465
100, 18310, 23, 57465, 57465
100, 18320, 23, 57465, 57465
100, 18330, 23, 57465, 57465
100, 18340, 23, 57465, 57465
100, 18350, 23, 57465, 57465
100, 18360, 23, 57465, 57465
100, 18370, 23, 57465, 57465
100, 18380, 23, 57385, 57465
100, 18390, 23, 57385, 57385
100, 18400, 23, 57385, 57385
100, 18410, 23, 57385, 57385
100, 18420, 23, 57385, 57385
100, 18430, 23, 57385, 57385
100, 18440, 23, 57385, 57385
100, 18450, 23, 57385, 57385
100, 18460, 23, 57385, 57385
100, 18470, 23, 57385, 57385
100, 18480, 23, 57385, 57385
100, 18490, 23, 57385, 57385
100, 18500, 23, 57385, 57385
100, 18510, 23, 57385, 57385
100, 18520, 23, 57385, 57385
100, 18530, 23, 57385, 57385
100, 18540, 23, 57385, 57385
100, 18550, 23, 57385, 57385
100, 18560, 23, 57385, 57385
100, 18570, 23, 57385, 57385
100, 18580, 23, 57385, 57385
100, 18590, 23, 57385, 57385
100, 18600, 23, 57385, 57385
100, 18610, 23, 57385, 57385
100, 18620, 23, 57385, 57385
100, 18630, 23, 57385, 57385
100, 18640, 23, 57385, 57385
100, 18650, 23, 57385, 57385
100, 18660, 23, 57385, 57385
100, 18670, 23, 57385, 57385
100, 18680, 23, 57385, 57385
100, 18690, 23, 57385, 57385
100, 18700, 23, 57385, 57385
100, 18710, 23, 57385, 57385
100, 18720, 23, 57385, 57385
100, 18730, 23, 57385, 57385
100, 18740, 23, 57385, 57385
100, 18750, 23, 57385, 57385
100, 18760, 23, 57385, 57385
100, 18770, 23, 57385, 57385
100, 18780, 23, 57385, 57385
100, 18790, 23, 57385, 57385
100, 18800, 23, 57385, 57385
100, 18810, 23, 57385, 57385
100, 18820, 23, 57385, 57385
100, 18830, 23, 57385, 57385
100, 18840, 23, 57385, 57385
100, 18850, 23, 57385, 57385
100, 18860, 23, 57385, 57385
100, 18870, 23, 57385, 57385
100, 18880, 23, 57385, 57385
100, 18890, 23, 57385, 57385
100, 18900, 23, 57385, 57385
100, 18910, 23, 57385, 57385
100, 18920, 23, 57385, 57385
100, 18930, 23, 57385, 57385
100, 18940, 23, 57385, 57385
100, 18950, 23, 57385, 57385
100, 18960, 23, 57385, 57385
100, 18970, 23, 57385, 57385
100, 18980, 23, 57385, 57385
100, 18990, 23, 57385, 57385
100, 19000, 23, 57385, 57385
100, 19010, 23, 57385, 57385
100, 19020, 23, 57385, 57385
100, 19030, 23, 57385, 57385
100, 19040, 23, 57385, 57385
100, 19050, 23, 57385, 57385
100, 19060, 23, 57385, 57385
100, 19070, 23, 57385, 57385
100, 19080, 23, 57385, 57385
100, 19090, 23, 57385, 57385
100, 19100, 23, 57385, 57385
100, 19110, 23, 57385, 57385
100, 19120, 23, 57385, 57385
100, 19130, 23, 57385, 57385
100, 19140, 23, 57385, 57385
100, 19150, 23, 57385, 57385
100, 19160, 23, 57385, 57385
100, 19170, 23, 57385, 57385
100, 19180, 23, 57385, 57385
100, 19190, 23, 57385, 57385
100, 19200, 23, 57385, 57385
100, 19210, 23, 57385, 57385
100, 19220, 23, 57385, 57385
100, 19230, 23, 57385, 57385
100, 19240, 23, 57385, 57385
100, 19250, 23, 57385, 57385
100, 19260, 23, 57385, 57385
100, 19270, 23, 57385, 57385
100, 19280, 23, 57385, 57385
100, 19290, 23, 57385, 57385
100, 19300, 23, 57385, 57385
100, 19310, 23, 57385, 57385
100, 19320, 23, 57385, 57385
100, 19330, 23, 57385, 57385
100, 19340, 23, 57385, 57385
100, 19350, 23, 57385, 57385
100, 19360, 23, 57385, 57385
100, 19370, 23, 57385, 57385
100, 19380, 23, 57385, 57385
100, 19390, 23, 57385, 57385
100, 19400, 23, 57385, 57385
100, 19410, 23, 57385, 57385
100, 19420, 23, 57385, 57385
100, 19430, 23, 57385, 57385
100, 19440, 23, 57385, 57385
100, 19450, 23, 57385, 57385
100, 19460, 23, 57385, 57385
100, 19470, 23, 57385, 57385
100, 19480, 23, 57385, 57385
100, 19490, 23, 57385, 57385
100, 19500, 23, 57385, 57385
100, 19510, 23, 57385, 57385
100, 19520, 23, 57385, 57385
100, 19530, 23, 57385, 57385
100, 19540, 23, 57385, 57385
100, 19550, 23, 57385, 57385
100, 19560, 23, 57385, 57385
100, 19570, 23, 57385, 57385
100, 19580, 23, 57385, 57385
100, 19590, 23, 57385, 57385
100, 19600, 23, 57385, 57385
100, 19610, 23, 57385, 57385
100, 19620, 23, 57385, 57385
100, 19630, 23, 57385, 57385
100, 19640, 23, 57385, 57385
100, 19650, 23, 57385, 57385
100, 19660, 23, 57385, 57385
100, 19670, 23, 57351, 57385
100, 19680, 23, 57351, 57351
100, 19690, 23, 57351, 57351
100, 19700, 23, 57351, 57351
100, 19710, 23, 57351, 57351
100, 19720, 23, 57351, 57351
100, 19730, 23, 57351, 57351
100, 19740, 23, 57351, 57351
100, 19750, 23, 57351, 57351
100, 19760, 23, 57351, 57351
100, 19770, 23, 57351, 57351
100, 19780, 23, 57351, 57351
100, 19790, 23, 57351, 57351
100, 19800, 23, 57351, 57351
100, 19810, 23, 57351, 57351
100, 19820, 23, 57351, 57351
100, 19830, 23, 57351, 57351
100, 19840, 23, 57351, 57351
100, 19850, 23, 57351, 57351
100, 19860, 23, 57351, 57351
100, 19870, 23, 57351, 57351
100, 19880, 23, 57351, 57351
100, 19890, 23, 57351, 57351
100, 19900, 23, 57351, 57351
100, 19910, 23, 57351, 57351
100, 19920, 23, 57351, 57351
100, 19930, 23, 57351, 57351
100, 19940, 23, 57351, 57351
100, 19950, 23, 57351, 57351
100, 19960, 23, 57351, 57351
100, 19970, 23, 57316, 57351
100, 19980, 23, 57316, 57316
100, 19990, 23, 57316, 57316
