Population Size, Generation Count, Repetition, Best Fitness, Median Fitness
20, 0, 5, 740927, 783295
20, 10, 5, 700667, 705602
20, 20, 5, 682876, 689176
20, 30, 5, 668517, 673417
20, 40, 5, 648667, 656800
20, 50, 5, 640873, 643041
20, 60, 5, 625557, 630898
20, 70, 5, 619300, 621779
20, 80, 5, 609567, 613352
20, 90, 5, 595664, 599038
20, 100, 5, 586250, 590371
20, 110, 5, 576202, 580167
20, 120, 5, 569953, 572694
20, 130, 5, 563270, 566851
20, 140, 5, 557402, 560301
20, 150, 5, 553100, 556025
20, 160, 5, 541982, 549291
20, 170, 5, 534213, 536667
20, 180, 5, 530717, 532700
20, 190, 5, 522654, 526095
20, 200, 5, 513668, 517374
20, 210, 5, 509029, 513273
20, 220, 5, 503316, 508032
20, 230, 5, 492826, 496149
20, 240, 5, 489167, 492349
20, 250, 5, 483119, 488460
20, 260, 5, 477357, 479482
20, 270, 5, 473518, 477524
20, 280, 5, 469246, 472810
20, 290, 5, 464913, 467116
20, 300, 5, 458364, 462085
20, 310, 5, 455194, 458811
20, 320, 5, 451687, 454612
20, 330, 5, 446766, 452615
20, 340, 5, 441774, 445084
20, 350, 5, 437553, 443255
20, 360, 5, 430228, 435106
20, 370, 5, 425266, 427713
20, 380, 5, 423640, 424893
20, 390, 5, 419557, 421989
20, 400, 5, 416934, 420801
20, 410, 5, 412967, 416288
20, 420, 5, 409769, 412171
20, 430, 5, 403887, 406467
20, 440, 5, 401422, 403446
20, 450, 5, 399320, 402658
20, 460, 5, 397777, 399287
20, 470, 5, 393526, 394716
20, 480, 5, 393005, 395738
20, 490, 5, 389154, 391946
20, 500, 5, 385785, 391125
20, 510, 5, 382317, 385689
20, 520, 5, 378180, 381080
20, 530, 5, 372334, 375407
20, 540, 5, 370275, 372850
20, 550, 5, 368956, 369636
20, 560, 5, 365868, 368333
20, 570, 5, 364425, 366235
20, 580, 5, 362207, 366304
20, 590, 5, 359300, 361620
20, 600, 5, 357412, 358782
20, 610, 5, 352423, 356892
20, 620, 5, 350194, 352644
20, 630, 5, 347896, 350478
20, 640, 5, 345598, 346572
20, 650, 5, 342167, 345907
20, 660, 5, 340969, 344390
20, 670, 5, 338105, 341741
20, 680, 5, 335964, 340550
20, 690, 5, 333994, 335595
20, 700, 5, 331766, 333245
20, 710, 5, 330898, 334512
20, 720, 5, 328307, 333393
20, 730, 5, 324231, 327578
20, 740, 5, 322939, 326302
20, 750, 5, 320594, 322060
20, 760, 5, 319626, 320575
20, 770, 5, 315547, 319587
20, 780, 5, 313420, 317144
20, 790, 5, 313102, 314238
20, 800, 5, 310470, 311820
20, 810, 5, 308956, 310533
20, 820, 5, 306961, 310111
20, 830, 5, 306022, 306678
20, 840, 5, 305515, 307256
20, 850, 5, 304306, 306871
20, 860, 5, 303068, 304492
20, 870, 5, 301616, 303423
20, 880, 5, 300014, 304016
20, 890, 5, 298045, 301325
20, 900, 5, 295744, 299754
20, 910, 5, 294002, 297542
20, 920, 5, 292114, 294504
20, 930, 5, 290182, 291687
20, 940, 5, 289067, 291901
20, 950, 5, 287970, 289597
20, 960, 5, 284630, 287702
20, 970, 5, 283644, 286087
20, 980, 5, 281431, 282154
20, 990, 5, 281124, 281539
20, 1000, 5, 279136, 282938
20, 1010, 5, 278226, 279352
20, 1020, 5, 276875, 279317
20, 1030, 5, 275377, 276875
20, 1040, 5, 274277, 275647
20, 1050, 5, 272450, 277029
20, 1060, 5, 271148, 275883
20, 1070, 5, 268986, 271133
20, 1080, 5, 268589, 272023
20, 1090, 5, 267191, 270817
20, 1100, 5, 266612, 270035
20, 1110, 5, 265133, 268687
20, 1120, 5, 264786, 275631
20, 1130, 5, 264487, 266473
20, 1140, 5, 264243, 265364
20, 1150, 5, 263531, 267034
20, 1160, 5, 262232, 266700
20, 1170, 5, 261557, 264094
20, 1180, 5, 261249, 263126
20, 1190, 5, 258761, 262141
20, 1200, 5, 257655, 259911
20, 1210, 5, 256686, 258701
20, 1220, 5, 255534, 258875
20, 1230, 5, 254101, 254351
20, 1240, 5, 252979, 254532
20, 1250, 5, 251958, 254152
20, 1260, 5, 251589, 253382
20, 1270, 5, 250555, 253094
20, 1280, 5, 249741, 255528
20, 1290, 5, 247889, 251792
20, 1300, 5, 246674, 249554
20, 1310, 5, 245048, 248903
20, 1320, 5, 244076, 245223
20, 1330, 5, 243347, 246502
20, 1340, 5, 241647, 245815
20, 1350, 5, 240603, 244145
20, 1360, 5, 239333, 241490
20, 1370, 5, 238590, 244194
20, 1380, 5, 238117, 239464
20, 1390, 5, 237444, 241575
20, 1400, 5, 235893, 239654
20, 1410, 5, 235759, 238255
20, 1420, 5, 235428, 236064
20, 1430, 5, 234845, 238203
20, 1440, 5, 233700, 237062
20, 1450, 5, 232454, 236320
20, 1460, 5, 231319, 233995
20, 1470, 5, 230230, 233706
20, 1480, 5, 229807, 233755
20, 1490, 5, 228907, 232348
20, 1500, 5, 228040, 230730
20, 1510, 5, 227708, 230629
20, 1520, 5, 227552, 229717
20, 1530, 5, 226478, 230574
20, 1540, 5, 223422, 225974
20, 1550, 5, 222815, 224930
20, 1560, 5, 222381, 225022
20, 1570, 5, 221510, 224274
20, 1580, 5, 221189, 222635
20, 1590, 5, 220428, 221994
20, 1600, 5, 220045, 221483
20, 1610, 5, 219023, 220304
20, 1620, 5, 218820, 221284
20, 1630, 5, 217920, 221169
20, 1640, 5, 217536, 220044
20, 1650, 5, 217536, 219998
20, 1660, 5, 216910, 221627
20, 1670, 5, 215018, 219174
20, 1680, 5, 214334, 218257
20, 1690, 5, 212605, 215531
20, 1700, 5, 212517, 216256
20, 1710, 5, 210987, 214024
20, 1720, 5, 210387, 214073
20, 1730, 5, 209661, 212410
20, 1740, 5, 208951, 209556
20, 1750, 5, 207875, 211788
20, 1760, 5, 206771, 210053
20, 1770, 5, 206573, 209305
20, 1780, 5, 205658, 209363
20, 1790, 5, 205079, 206011
20, 1800, 5, 205079, 208041
20, 1810, 5, 204631, 206702
20, 1820, 5, 204272, 207134
20, 1830, 5, 203498, 204902
20, 1840, 5, 202668, 204414
20, 1850, 5, 202493, 202668
20, 1860, 5, 201570, 204233
20, 1870, 5, 200487, 202468
20, 1880, 5, 200487, 203825
20, 1890, 5, 199926, 201793
20, 1900, 5, 199590, 200806
20, 1910, 5, 199503, 204295
20, 1920, 5, 199403, 200390
20, 1930, 5, 199092, 200665
20, 1940, 5, 198761, 202297
20, 1950, 5, 198498, 200726
20, 1960, 5, 198498, 201851
20, 1970, 5, 198406, 198807
20, 1980, 5, 198400, 200285
20, 1990, 5, 197696, 198268
20, 2000, 5, 196425, 200146
20, 2010, 5, 196090, 198318
20, 2020, 5, 195219, 197403
20, 2030, 5, 194537, 199548
20, 2040, 5, 192980, 194109
20, 2050, 5, 192846, 195068
20, 2060, 5, 191880, 195159
20, 2070, 5, 191545, 195922
20, 2080, 5, 191041, 192598
20, 2090, 5, 190686, 192420
20, 2100, 5, 189774, 192857
20, 2110, 5, 189163, 191677
20, 2120, 5, 188283, 188857
20, 2130, 5, 188225, 190814
20, 2140, 5, 187948, 188225
20, 2150, 5, 186971, 190914
20, 2160, 5, 186777, 187189
20, 2170, 5, 186670, 189524
20, 2180, 5, 186230, 188766
20, 2190, 5, 185990, 186955
20, 2200, 5, 185549, 190702
20, 2210, 5, 185413, 190115
20, 2220, 5, 185413, 188060
20, 2230, 5, 184059, 186627
20, 2240, 5, 184059, 189713
20, 2250, 5, 183486, 184430
20, 2260, 5, 183240, 184699
20, 2270, 5, 182944, 187317
20, 2280, 5, 182944, 187551
20, 2290, 5, 182816, 184451
20, 2300, 5, 182100, 187368
20, 2310, 5, 182100, 182100
20, 2320, 5, 181889, 183240
20, 2330, 5, 181640, 184147
20, 2340, 5, 181127, 182780
20, 2350, 5, 180119, 184109
20, 2360, 5, 178924, 180336
20, 2370, 5, 178128, 179998
20, 2380, 5, 177733, 182108
20, 2390, 5, 177672, 177672
20, 2400, 5, 177478, 178961
20, 2410, 5, 177308, 178718
20, 2420, 5, 176957, 180079
20, 2430, 5, 176688, 179844
20, 2440, 5, 176680, 180389
20, 2450, 5, 176446, 179243
20, 2460, 5, 175955, 179937
20, 2470, 5, 175955, 177913
20, 2480, 5, 175231, 178540
20, 2490, 5, 175231, 177070
20, 2500, 5, 175038, 176343
20, 2510, 5, 174269, 174694
20, 2520, 5, 173480, 178511
20, 2530, 5, 173480, 173646
20, 2540, 5, 173325, 175409
20, 2550, 5, 173239, 175288
20, 2560, 5, 172068, 176535
20, 2570, 5, 171928, 174310
20, 2580, 5, 171470, 174609
20, 2590, 5, 171470, 172965
20, 2600, 5, 171033, 171332
20, 2610, 5, 170951, 174828
20, 2620, 5, 170561, 172395
20, 2630, 5, 170028, 174812
20, 2640, 5, 170028, 171139
20, 2650, 5, 169829, 174060
20, 2660, 5, 169406, 171430
20, 2670, 5, 169326, 170669
20, 2680, 5, 169246, 170063
20, 2690, 5, 169246, 170954
20, 2700, 5, 168870, 171230
20, 2710, 5, 168748, 173831
20, 2720, 5, 168739, 173063
20, 2730, 5, 168739, 170015
20, 2740, 5, 167975, 172220
20, 2750, 5, 167604, 168690
20, 2760, 5, 167604, 169300
20, 2770, 5, 166974, 170693
20, 2780, 5, 166694, 168725
20, 2790, 5, 166219, 167590
20, 2800, 5, 165735, 170215
20, 2810, 5, 165735, 166275
20, 2820, 5, 165714, 167743
20, 2830, 5, 165635, 167453
20, 2840, 5, 164107, 164949
20, 2850, 5, 164044, 164044
20, 2860, 5, 163941, 165869
20, 2870, 5, 163814, 165511
20, 2880, 5, 163702, 169497
20, 2890, 5, 163653, 165203
20, 2900, 5, 163653, 164600
20, 2910, 5, 163453, 167751
20, 2920, 5, 163335, 167674
20, 2930, 5, 163167, 164335
20, 2940, 5, 163167, 164120
20, 2950, 5, 163103, 164638
20, 2960, 5, 161707, 165688
20, 2970, 5, 161386, 163525
20, 2980, 5, 161386, 163051
20, 2990, 5, 160916, 163936
20, 3000, 5, 160338, 164946
20, 3010, 5, 159961, 164020
20, 3020, 5, 159644, 161841
20, 3030, 5, 159417, 159644
20, 3040, 5, 158154, 163046
20, 3050, 5, 157921, 159728
20, 3060, 5, 157921, 160192
20, 3070, 5, 157466, 160622
20, 3080, 5, 157449, 159780
20, 3090, 5, 156126, 160411
20, 3100, 5, 156126, 158066
20, 3110, 5, 155933, 157393
20, 3120, 5, 155429, 156241
20, 3130, 5, 155228, 158005
20, 3140, 5, 155228, 157158
20, 3150, 5, 154971, 157770
20, 3160, 5, 154661, 154971
20, 3170, 5, 154278, 157422
20, 3180, 5, 154036, 156494
20, 3190, 5, 153991, 153991
20, 3200, 5, 153991, 155938
20, 3210, 5, 153991, 156524
20, 3220, 5, 153991, 156471
20, 3230, 5, 153829, 155801
20, 3240, 5, 153733, 153829
20, 3250, 5, 153733, 155227
20, 3260, 5, 152639, 154352
20, 3270, 5, 152639, 152639
20, 3280, 5, 152107, 153541
20, 3290, 5, 151433, 154896
20, 3300, 5, 151433, 154304
20, 3310, 5, 150876, 154442
20, 3320, 5, 150876, 152711
20, 3330, 5, 150876, 152277
20, 3340, 5, 150489, 151889
20, 3350, 5, 150489, 152745
20, 3360, 5, 150345, 151605
20, 3370, 5, 150345, 153150
20, 3380, 5, 149182, 149522
20, 3390, 5, 149172, 152385
20, 3400, 5, 149172, 151851
20, 3410, 5, 149172, 150134
20, 3420, 5, 148902, 152096
20, 3430, 5, 148787, 148954
20, 3440, 5, 148726, 151593
20, 3450, 5, 148726, 151647
20, 3460, 5, 147797, 149890
20, 3470, 5, 147765, 150850
20, 3480, 5, 147417, 151506
20, 3490, 5, 147405, 148920
20, 3500, 5, 146374, 148484
20, 3510, 5, 146363, 146374
20, 3520, 5, 146105, 149560
20, 3530, 5, 145786, 147428
20, 3540, 5, 145270, 148555
20, 3550, 5, 144005, 148311
20, 3560, 5, 143745, 146090
20, 3570, 5, 142840, 143530
20, 3580, 5, 142720, 144892
20, 3590, 5, 142090, 144291
20, 3600, 5, 141849, 144649
20, 3610, 5, 141849, 141849
20, 3620, 5, 141849, 142307
20, 3630, 5, 141277, 141849
20, 3640, 5, 141277, 142814
20, 3650, 5, 141253, 143474
20, 3660, 5, 141241, 143547
20, 3670, 5, 140592, 144035
20, 3680, 5, 140272, 142552
20, 3690, 5, 140272, 145871
20, 3700, 5, 139611, 144163
20, 3710, 5, 139424, 142253
20, 3720, 5, 139250, 141883
20, 3730, 5, 139250, 143097
20, 3740, 5, 139191, 139767
20, 3750, 5, 139191, 140097
20, 3760, 5, 138798, 139152
20, 3770, 5, 138798, 140486
20, 3780, 5, 138762, 140932
20, 3790, 5, 138446, 141243
20, 3800, 5, 138379, 139628
20, 3810, 5, 138379, 144130
20, 3820, 5, 138379, 140626
20, 3830, 5, 137980, 142111
20, 3840, 5, 137980, 140444
20, 3850, 5, 137980, 140502
20, 3860, 5, 137980, 138074
20, 3870, 5, 137867, 139455
20, 3880, 5, 137153, 138205
20, 3890, 5, 137139, 138896
20, 3900, 5, 136946, 138612
20, 3910, 5, 136946, 139491
20, 3920, 5, 136597, 136809
20, 3930, 5, 136597, 140079
20, 3940, 5, 136340, 139397
20, 3950, 5, 136140, 139443
20, 3960, 5, 136103, 138975
20, 3970, 5, 136103, 136103
20, 3980, 5, 135958, 138020
20, 3990, 5, 135141, 135766
20, 4000, 5, 134941, 136515
20, 4010, 5, 134640, 136768
20, 4020, 5, 134240, 134797
20, 4030, 5, 133988, 139025
20, 4040, 5, 133264, 135220
20, 4050, 5, 133217, 133283
20, 4060, 5, 133202, 136473
20, 4070, 5, 133202, 135541
20, 4080, 5, 133202, 137383
20, 4090, 5, 133202, 135563
20, 4100, 5, 132846, 137354
20, 4110, 5, 132523, 133618
20, 4120, 5, 132523, 135472
20, 4130, 5, 132441, 133259
20, 4140, 5, 131982, 134830
20, 4150, 5, 131982, 134027
20, 4160, 5, 131982, 131982
20, 4170, 5, 131783, 131783
20, 4180, 5, 131783, 132257
20, 4190, 5, 131537, 131590
20, 4200, 5, 131493, 133194
20, 4210, 5, 131493, 133612
20, 4220, 5, 131294, 131294
20, 4230, 5, 131131, 131273
20, 4240, 5, 131131, 131692
20, 4250, 5, 131131, 133169
20, 4260, 5, 130749, 132307
20, 4270, 5, 130749, 134037
20, 4280, 5, 130749, 133975
20, 4290, 5, 130749, 132655
20, 4300, 5, 130708, 131999
20, 4310, 5, 130697, 130708
20, 4320, 5, 130697, 133510
20, 4330, 5, 130497, 132028
20, 4340, 5, 130497, 132029
20, 4350, 5, 130497, 133488
20, 4360, 5, 130221, 130497
20, 4370, 5, 130221, 130683
20, 4380, 5, 130221, 132268
20, 4390, 5, 130221, 131709
20, 4400, 5, 130028, 132305
20, 4410, 5, 129680, 130139
20, 4420, 5, 129680, 130342
20, 4430, 5, 129547, 132416
20, 4440, 5, 129547, 131601
20, 4450, 5, 129547, 129547
20, 4460, 5, 129445, 131587
20, 4470, 5, 129244, 129445
20, 4480, 5, 129226, 129226
20, 4490, 5, 129078, 133443
20, 4500, 5, 128665, 131077
20, 4510, 5, 128609, 128609
20, 4520, 5, 128523, 130699
20, 4530, 5, 128414, 130592
20, 4540, 5, 128372, 131953
20, 4550, 5, 128372, 130704
20, 4560, 5, 128216, 130799
20, 4570, 5, 128020, 129870
20, 4580, 5, 127999, 130207
20, 4590, 5, 127999, 129726
20, 4600, 5, 127772, 133223
20, 4610, 5, 127772, 129489
20, 4620, 5, 127772, 128031
20, 4630, 5, 127714, 131807
20, 4640, 5, 127714, 128347
20, 4650, 5, 127714, 129822
20, 4660, 5, 127548, 136415
20, 4670, 5, 127548, 131016
20, 4680, 5, 127121, 129936
20, 4690, 5, 126917, 127630
20, 4700, 5, 126623, 127260
20, 4710, 5, 126623, 126623
20, 4720, 5, 126471, 128646
20, 4730, 5, 126179, 127201
20, 4740, 5, 125596, 127581
20, 4750, 5, 125596, 129327
20, 4760, 5, 125596, 126448
20, 4770, 5, 124749, 129915
20, 4780, 5, 124749, 127341
20, 4790, 5, 124690, 129635
20, 4800, 5, 124387, 128158
20, 4810, 5, 123983, 127310
20, 4820, 5, 123925, 124567
20, 4830, 5, 123880, 126499
20, 4840, 5, 123880, 126701
20, 4850, 5, 123880, 124261
20, 4860, 5, 123880, 125902
20, 4870, 5, 123796, 124173
20, 4880, 5, 123796, 125445
20, 4890, 5, 123271, 126033
20, 4900, 5, 123198, 127618
20, 4910, 5, 123165, 125066
20, 4920, 5, 123104, 126061
20, 4930, 5, 123059, 125484
20, 4940, 5, 123059, 125436
20, 4950, 5, 122919, 127032
20, 4960, 5, 122919, 127298
20, 4970, 5, 122906, 125105
20, 4980, 5, 122906, 122906
20, 4990, 5, 122692, 122906
20, 5000, 5, 122553, 122692
20, 5010, 5, 121931, 123578
20, 5020, 5, 121931, 121931
20, 5030, 5, 121931, 124088
20, 5040, 5, 121931, 122123
20, 5050, 5, 121881, 121931
20, 5060, 5, 121705, 125556
20, 5070, 5, 121705, 123907
20, 5080, 5, 121545, 123639
20, 5090, 5, 121545, 121545
20, 5100, 5, 121366, 123675
20, 5110, 5, 121314, 121366
20, 5120, 5, 121088, 125298
20, 5130, 5, 120790, 121542
20, 5140, 5, 120790, 121111
20, 5150, 5, 120591, 123297
20, 5160, 5, 120591, 121346
20, 5170, 5, 120572, 124208
20, 5180, 5, 120572, 120572
20, 5190, 5, 120572, 122132
20, 5200, 5, 120572, 122627
20, 5210, 5, 120572, 123334
20, 5220, 5, 120572, 122893
20, 5230, 5, 120356, 128459
20, 5240, 5, 120356, 121346
20, 5250, 5, 120299, 121253
20, 5260, 5, 120269, 120678
20, 5270, 5, 120269, 120768
20, 5280, 5, 120021, 120021
20, 5290, 5, 120014, 122564
20, 5300, 5, 119955, 119955
20, 5310, 5, 119955, 120589
20, 5320, 5, 119955, 120537
20, 5330, 5, 119216, 122308
20, 5340, 5, 119216, 119216
20, 5350, 5, 119216, 119216
20, 5360, 5, 119216, 120675
20, 5370, 5, 118868, 120448
20, 5380, 5, 118823, 120860
20, 5390, 5, 118804, 122629
20, 5400, 5, 118698, 120874
20, 5410, 5, 118698, 119080
20, 5420, 5, 118287, 123523
20, 5430, 5, 117874, 120216
20, 5440, 5, 117874, 119283
20, 5450, 5, 117874, 117874
20, 5460, 5, 117828, 119733
20, 5470, 5, 117828, 121465
20, 5480, 5, 117828, 119190
20, 5490, 5, 117704, 120359
20, 5500, 5, 117299, 119011
20, 5510, 5, 117253, 119143
20, 5520, 5, 117253, 118572
20, 5530, 5, 117051, 120164
20, 5540, 5, 117051, 118303
20, 5550, 5, 117007, 119243
20, 5560, 5, 117007, 120657
20, 5570, 5, 117007, 121725
20, 5580, 5, 117007, 118349
20, 5590, 5, 116921, 120438
20, 5600, 5, 116892, 116921
20, 5610, 5, 116892, 119629
20, 5620, 5, 116502, 119142
20, 5630, 5, 116502, 116502
20, 5640, 5, 116331, 120385
20, 5650, 5, 116299, 117236
20, 5660, 5, 116299, 117463
20, 5670, 5, 116299, 117861
20, 5680, 5, 116299, 117105
20, 5690, 5, 116299, 117966
20, 5700, 5, 116299, 117837
20, 5710, 5, 116006, 119974
20, 5720, 5, 116006, 119245
20, 5730, 5, 116006, 118304
20, 5740, 5, 116006, 117087
20, 5750, 5, 116006, 119145
20, 5760, 5, 116006, 120400
20, 5770, 5, 116006, 116006
20, 5780, 5, 115745, 121052
20, 5790, 5, 115745, 116373
20, 5800, 5, 115421, 119915
20, 5810, 5, 115414, 115421
20, 5820, 5, 115273, 120567
20, 5830, 5, 114929, 117961
20, 5840, 5, 114929, 117879
20, 5850, 5, 114929, 116888
20, 5860, 5, 114911, 115232
20, 5870, 5, 114911, 114911
20, 5880, 5, 114829, 117696
20, 5890, 5, 114713, 119343
20, 5900, 5, 114713, 117714
20, 5910, 5, 114682, 115257
20, 5920, 5, 114399, 117600
20, 5930, 5, 114386, 116346
20, 5940, 5, 114240, 114386
20, 5950, 5, 114240, 114240
20, 5960, 5, 114240, 114929
20, 5970, 5, 114240, 114240
20, 5980, 5, 114240, 114240
20, 5990, 5, 114240, 117267
20, 6000, 5, 114240, 116647
20, 6010, 5, 114240, 116622
20, 6020, 5, 114008, 114008
20, 6030, 5, 113863, 113931
20, 6040, 5, 113824, 113824
20, 6050, 5, 112752, 112917
20, 6060, 5, 112752, 113783
20, 6070, 5, 112752, 114534
20, 6080, 5, 112595, 114278
20, 6090, 5, 112595, 114177
20, 6100, 5, 112531, 115291
20, 6110, 5, 112531, 112531
20, 6120, 5, 112435, 112678
20, 6130, 5, 112435, 113711
20, 6140, 5, 112435, 114130
20, 6150, 5, 112435, 113841
20, 6160, 5, 112435, 112435
20, 6170, 5, 112435, 115403
20, 6180, 5, 112435, 112435
20, 6190, 5, 112435, 114252
20, 6200, 5, 112435, 112435
20, 6210, 5, 112244, 113371
20, 6220, 5, 112204, 113506
20, 6230, 5, 112204, 112600
20, 6240, 5, 112204, 115255
20, 6250, 5, 112204, 112204
20, 6260, 5, 112204, 115241
20, 6270, 5, 112204, 112204
20, 6280, 5, 112163, 112204
20, 6290, 5, 112163, 114058
20, 6300, 5, 112161, 112161
20, 6310, 5, 112125, 113813
20, 6320, 5, 112125, 114103
20, 6330, 5, 111877, 113002
20, 6340, 5, 111877, 112134
20, 6350, 5, 111877, 111877
20, 6360, 5, 111877, 115810
20, 6370, 5, 111814, 114848
20, 6380, 5, 111814, 113026
20, 6390, 5, 111663, 111814
20, 6400, 5, 111289, 111663
20, 6410, 5, 111289, 111289
20, 6420, 5, 111289, 111289
20, 6430, 5, 111271, 114233
20, 6440, 5, 111271, 111271
20, 6450, 5, 111148, 112935
20, 6460, 5, 111148, 112584
20, 6470, 5, 111094, 114001
20, 6480, 5, 111094, 111094
20, 6490, 5, 111094, 112231
20, 6500, 5, 111094, 113347
20, 6510, 5, 111094, 112672
20, 6520, 5, 110964, 113270
20, 6530, 5, 110964, 111792
20, 6540, 5, 110964, 114763
20, 6550, 5, 110964, 110964
20, 6560, 5, 110964, 113765
20, 6570, 5, 110882, 113319
20, 6580, 5, 110882, 112866
20, 6590, 5, 110810, 110882
20, 6600, 5, 110810, 113200
20, 6610, 5, 110810, 113870
20, 6620, 5, 110678, 110810
20, 6630, 5, 110559, 110678
20, 6640, 5, 110559, 111161
20, 6650, 5, 110559, 110559
20, 6660, 5, 110538, 111744
20, 6670, 5, 110427, 112193
20, 6680, 5, 110427, 113519
20, 6690, 5, 110092, 111415
20, 6700, 5, 110092, 112896
20, 6710, 5, 110092, 112640
20, 6720, 5, 110092, 110621
20, 6730, 5, 110092, 110092
20, 6740, 5, 110092, 112047
20, 6750, 5, 110092, 110092
20, 6760, 5, 110092, 113555
20, 6770, 5, 110092, 110092
20, 6780, 5, 109477, 110449
20, 6790, 5, 109477, 109477
20, 6800, 5, 109368, 113246
20, 6810, 5, 109368, 109721
20, 6820, 5, 109208, 109852
20, 6830, 5, 109208, 111048
20, 6840, 5, 109208, 109807
20, 6850, 5, 109071, 111449
20, 6860, 5, 109071, 110604
20, 6870, 5, 109071, 109071
20, 6880, 5, 109012, 109646
20, 6890, 5, 109012, 110546
20, 6900, 5, 108411, 109346
20, 6910, 5, 108411, 110905
20, 6920, 5, 108298, 108381
20, 6930, 5, 108197, 108298
20, 6940, 5, 108197, 110701
20, 6950, 5, 108197, 108837
20, 6960, 5, 107998, 110453
20, 6970, 5, 107998, 111753
20, 6980, 5, 107998, 110814
20, 6990, 5, 107998, 107998
20, 7000, 5, 107998, 107998
20, 7010, 5, 107998, 110484
20, 7020, 5, 107998, 109104
20, 7030, 5, 107881, 109253
20, 7040, 5, 107881, 108529
20, 7050, 5, 107881, 110056
20, 7060, 5, 107881, 107892
20, 7070, 5, 107881, 109202
20, 7080, 5, 107881, 109355
20, 7090, 5, 107881, 108530
20, 7100, 5, 107881, 107881
20, 7110, 5, 107881, 109459
20, 7120, 5, 107881, 107881
20, 7130, 5, 107881, 110976
20, 7140, 5, 107881, 107881
20, 7150, 5, 107805, 108875
20, 7160, 5, 107805, 109725
20, 7170, 5, 107805, 107805
20, 7180, 5, 107805, 107805
20, 7190, 5, 107738, 107805
20, 7200, 5, 107738, 108490
20, 7210, 5, 107733, 110608
20, 7220, 5, 107695, 107930
20, 7230, 5, 107695, 109656
20, 7240, 5, 107567, 107567
20, 7250, 5, 107343, 107567
20, 7260, 5, 107227, 109351
20, 7270, 5, 107090, 109222
20, 7280, 5, 107090, 109639
20, 7290, 5, 107076, 109565
20, 7300, 5, 106665, 107053
20, 7310, 5, 106665, 108615
20, 7320, 5, 106665, 106665
20, 7330, 5, 106665, 108866
20, 7340, 5, 106348, 108492
20, 7350, 5, 106348, 109393
20, 7360, 5, 106348, 106938
20, 7370, 5, 106348, 106884
20, 7380, 5, 106204, 106348
20, 7390, 5, 106146, 107342
20, 7400, 5, 106146, 108693
20, 7410, 5, 106146, 108703
20, 7420, 5, 105959, 106699
20, 7430, 5, 105959, 105959
20, 7440, 5, 105959, 107119
20, 7450, 5, 105896, 105959
20, 7460, 5, 105867, 109035
20, 7470, 5, 105867, 106289
20, 7480, 5, 105867, 105867
20, 7490, 5, 105867, 107093
20, 7500, 5, 105867, 106091
20, 7510, 5, 105867, 108580
20, 7520, 5, 105808, 105867
20, 7530, 5, 105808, 106207
20, 7540, 5, 105633, 109564
20, 7550, 5, 105600, 105600
20, 7560, 5, 105582, 107897
20, 7570, 5, 105582, 106285
20, 7580, 5, 105582, 106859
20, 7590, 5, 105400, 105400
20, 7600, 5, 105347, 105347
20, 7610, 5, 105347, 105347
20, 7620, 5, 105347, 108024
20, 7630, 5, 105347, 105347
20, 7640, 5, 105303, 110628
20, 7650, 5, 105303, 105303
20, 7660, 5, 105303, 105950
20, 7670, 5, 105303, 106549
20, 7680, 5, 105186, 107450
20, 7690, 5, 105186, 106847
20, 7700, 5, 104933, 108706
20, 7710, 5, 104798, 105182
20, 7720, 5, 104798, 104798
20, 7730, 5, 104792, 104798
20, 7740, 5, 104792, 104792
20, 7750, 5, 104387, 105964
20, 7760, 5, 104359, 106616
20, 7770, 5, 104192, 104192
20, 7780, 5, 104192, 105527
20, 7790, 5, 104192, 106673
20, 7800, 5, 104185, 104192
20, 7810, 5, 104185, 104632
20, 7820, 5, 104185, 106035
20, 7830, 5, 104005, 104574
20, 7840, 5, 104005, 104005
20, 7850, 5, 104005, 105872
20, 7860, 5, 104005, 105823
20, 7870, 5, 104005, 104005
20, 7880, 5, 103863, 104005
20, 7890, 5, 103863, 105246
20, 7900, 5, 103863, 105333
20, 7910, 5, 103605, 103863
20, 7920, 5, 103605, 103605
20, 7930, 5, 103605, 104608
20, 7940, 5, 103605, 103605
20, 7950, 5, 103605, 104969
20, 7960, 5, 103565, 107394
20, 7970, 5, 103331, 103331
20, 7980, 5, 103331, 105227
20, 7990, 5, 103240, 103240
20, 8000, 5, 103240, 105388
20, 8010, 5, 103168, 103240
20, 8020, 5, 103168, 103468
20, 8030, 5, 103168, 103168
20, 8040, 5, 103168, 106374
20, 8050, 5, 103168, 104809
20, 8060, 5, 103168, 104475
20, 8070, 5, 103168, 103168
20, 8080, 5, 103168, 107713
20, 8090, 5, 103168, 103168
20, 8100, 5, 103168, 103168
20, 8110, 5, 103168, 103168
20, 8120, 5, 103168, 104280
20, 8130, 5, 103106, 103911
20, 8140, 5, 103106, 103106
20, 8150, 5, 102959, 105826
20, 8160, 5, 102588, 104462
20, 8170, 5, 102497, 102588
20, 8180, 5, 101639, 103345
20, 8190, 5, 101519, 101639
20, 8200, 5, 101182, 102843
20, 8210, 5, 101182, 103841
20, 8220, 5, 101182, 101182
20, 8230, 5, 101182, 103043
20, 8240, 5, 101182, 104102
20, 8250, 5, 101076, 104041
20, 8260, 5, 101045, 103612
20, 8270, 5, 101045, 101045
20, 8280, 5, 100826, 101045
20, 8290, 5, 100826, 100826
20, 8300, 5, 100826, 101723
20, 8310, 5, 100617, 100826
20, 8320, 5, 100617, 102000
20, 8330, 5, 100481, 100617
20, 8340, 5, 100481, 103674
20, 8350, 5, 100481, 102920
20, 8360, 5, 100481, 100481
20, 8370, 5, 100481, 100836
20, 8380, 5, 100481, 100481
20, 8390, 5, 100481, 103552
20, 8400, 5, 100481, 100481
20, 8410, 5, 100481, 102706
20, 8420, 5, 100481, 100481
20, 8430, 5, 100420, 101782
20, 8440, 5, 100420, 100420
20, 8450, 5, 100420, 101048
20, 8460, 5, 100420, 100420
20, 8470, 5, 100402, 102384
20, 8480, 5, 100370, 100370
20, 8490, 5, 100355, 103028
20, 8500, 5, 100355, 101618
20, 8510, 5, 100355, 103069
20, 8520, 5, 100355, 100355
20, 8530, 5, 100355, 101032
20, 8540, 5, 100355, 103143
20, 8550, 5, 99917, 100355
20, 8560, 5, 99357, 101059
20, 8570, 5, 99357, 101780
20, 8580, 5, 99357, 99357
20, 8590, 5, 99357, 99839
20, 8600, 5, 99319, 101208
20, 8610, 5, 99319, 99519
20, 8620, 5, 99319, 103450
20, 8630, 5, 99319, 99319
20, 8640, 5, 99319, 100814
20, 8650, 5, 99319, 101047
20, 8660, 5, 99319, 101919
20, 8670, 5, 99171, 99319
20, 8680, 5, 99171, 100025
20, 8690, 5, 99171, 99683
20, 8700, 5, 99171, 99186
20, 8710, 5, 98813, 99171
20, 8720, 5, 98813, 99237
20, 8730, 5, 98813, 99416
20, 8740, 5, 98802, 98802
20, 8750, 5, 98802, 98802
20, 8760, 5, 98802, 99967
20, 8770, 5, 98802, 98802
20, 8780, 5, 98802, 101027
20, 8790, 5, 98519, 98802
20, 8800, 5, 98144, 99913
20, 8810, 5, 98144, 98685
20, 8820, 5, 98144, 98144
20, 8830, 5, 98144, 99815
20, 8840, 5, 98035, 98144
20, 8850, 5, 98035, 98035
20, 8860, 5, 97875, 98035
20, 8870, 5, 97875, 99672
20, 8880, 5, 97675, 100055
20, 8890, 5, 97675, 97675
20, 8900, 5, 97675, 97675
20, 8910, 5, 97632, 97675
20, 8920, 5, 97632, 97738
20, 8930, 5, 97632, 99285
20, 8940, 5, 97632, 97632
20, 8950, 5, 97360, 97632
20, 8960, 5, 97360, 97360
20, 8970, 5, 97360, 97360
20, 8980, 5, 97360, 98834
20, 8990, 5, 97360, 97360
20, 9000, 5, 97360, 97360
20, 9010, 5, 97360, 99381
20, 9020, 5, 97350, 97350
20, 9030, 5, 97350, 97350
20, 9040, 5, 97350, 97350
20, 9050, 5, 97350, 100267
20, 9060, 5, 97295, 99695
20, 9070, 5, 97295, 97295
20, 9080, 5, 97167, 97167
20, 9090, 5, 97167, 97167
20, 9100, 5, 97167, 97167
20, 9110, 5, 97167, 99745
20, 9120, 5, 97167, 97167
20, 9130, 5, 97167, 100166
20, 9140, 5, 96992, 97167
20, 9150, 5, 96992, 98726
20, 9160, 5, 96992, 97493
20, 9170, 5, 96992, 100229
20, 9180, 5, 96845, 99703
20, 9190, 5, 96845, 96845
20, 9200, 5, 96584, 96584
20, 9210, 5, 96584, 96584
20, 9220, 5, 96115, 96484
20, 9230, 5, 96115, 96115
20, 9240, 5, 96115, 98033
20, 9250, 5, 96092, 98009
20, 9260, 5, 96092, 96936
20, 9270, 5, 96092, 100572
20, 9280, 5, 96092, 98937
20, 9290, 5, 96092, 96092
20, 9300, 5, 96092, 96092
20, 9310, 5, 96092, 98952
20, 9320, 5, 96092, 96092
20, 9330, 5, 96092, 97965
20, 9340, 5, 96092, 96092
20, 9350, 5, 96092, 96092
20, 9360, 5, 96092, 97799
20, 9370, 5, 96092, 96092
20, 9380, 5, 96092, 98468
20, 9390, 5, 95936, 96033
20, 9400, 5, 95823, 95936
20, 9410, 5, 95823, 95823
20, 9420, 5, 95823, 96031
20, 9430, 5, 95763, 96889
20, 9440, 5, 95763, 95763
20, 9450, 5, 95763, 95763
20, 9460, 5, 95763, 95763
20, 9470, 5, 95763, 95763
20, 9480, 5, 95763, 95763
20, 9490, 5, 95763, 95763
20, 9500, 5, 95625, 95763
20, 9510, 5, 95625, 95625
20, 9520, 5, 95222, 95625
20, 9530, 5, 95222, 95222
20, 9540, 5, 95164, 97659
20, 9550, 5, 95134, 95164
20, 9560, 5, 95134, 96832
20, 9570, 5, 95134, 95134
20, 9580, 5, 95133, 95134
20, 9590, 5, 95133, 95133
20, 9600, 5, 95035, 98402
20, 9610, 5, 95035, 95035
20, 9620, 5, 95035, 95035
20, 9630, 5, 95035, 95035
20, 9640, 5, 95028, 96584
20, 9650, 5, 95028, 95028
20, 9660, 5, 95028, 95028
20, 9670, 5, 95028, 95028
20, 9680, 5, 95028, 95028
20, 9690, 5, 95028, 96894
20, 9700, 5, 95028, 95028
20, 9710, 5, 95028, 95028
20, 9720, 5, 95028, 95475
20, 9730, 5, 95028, 95028
20, 9740, 5, 95010, 95327
20, 9750, 5, 95010, 99313
20, 9760, 5, 94777, 95010
20, 9770, 5, 94777, 96035
20, 9780, 5, 94777, 94777
20, 9790, 5, 94777, 94777
20, 9800, 5, 94777, 94777
20, 9810, 5, 94763, 94763
20, 9820, 5, 94218, 94763
20, 9830, 5, 94218, 98716
20, 9840, 5, 94218, 95993
20, 9850, 5, 94218, 94218
20, 9860, 5, 94218, 96510
20, 9870, 5, 94218, 95569
20, 9880, 5, 94218, 94218
20, 9890, 5, 94218, 94218
20, 9900, 5, 94218, 94218
20, 9910, 5, 94218, 94218
20, 9920, 5, 94218, 95883
20, 9930, 5, 94218, 96317
20, 9940, 5, 94218, 94218
20, 9950, 5, 94218, 94218
20, 9960, 5, 94156, 94218
20, 9970, 5, 94089, 97174
20, 9980, 5, 93973, 94089
20, 9990, 5, 93863, 95219
20, 10000, 5, 93863, 93863
20, 10010, 5, 93795, 93863
20, 10020, 5, 93720, 95718
20, 10030, 5, 93720, 93720
20, 10040, 5, 93480, 94469
20, 10050, 5, 93480, 94865
20, 10060, 5, 93380, 96204
20, 10070, 5, 93380, 95191
20, 10080, 5, 93352, 93380
20, 10090, 5, 93164, 93940
20, 10100, 5, 93164, 93164
20, 10110, 5, 93164, 93164
20, 10120, 5, 93164, 93164
20, 10130, 5, 93164, 94284
20, 10140, 5, 93164, 93164
20, 10150, 5, 93164, 93164
20, 10160, 5, 93164, 93164
20, 10170, 5, 93013, 93164
20, 10180, 5, 93013, 93013
20, 10190, 5, 93013, 93013
20, 10200, 5, 93013, 93013
20, 10210, 5, 93013, 93013
20, 10220, 5, 92899, 95954
20, 10230, 5, 92899, 92899
20, 10240, 5, 92899, 94265
20, 10250, 5, 92899, 92899
20, 10260, 5, 92899, 94569
20, 10270, 5, 92889, 92889
20, 10280, 5, 92889, 92889
20, 10290, 5, 92889, 94767
20, 10300, 5, 92766, 96022
20, 10310, 5, 92766, 96682
20, 10320, 5, 92728, 92766
20, 10330, 5, 92728, 92728
20, 10340, 5, 92728, 92728
20, 10350, 5, 92728, 92728
20, 10360, 5, 92687, 94019
20, 10370, 5, 92687, 92687
20, 10380, 5, 92480, 92697
20, 10390, 5, 92480, 92535
20, 10400, 5, 92455, 95880
20, 10410, 5, 92455, 92455
20, 10420, 5, 92455, 92455
20, 10430, 5, 92316, 92455
20, 10440, 5, 92316, 93928
20, 10450, 5, 92316, 92316
20, 10460, 5, 92193, 94660
20, 10470, 5, 92193, 92193
20, 10480, 5, 92193, 94461
20, 10490, 5, 92193, 94291
20, 10500, 5, 92193, 92193
20, 10510, 5, 92193, 92193
20, 10520, 5, 92154, 93823
20, 10530, 5, 92030, 93819
20, 10540, 5, 92030, 92030
20, 10550, 5, 92030, 92030
20, 10560, 5, 92030, 92030
20, 10570, 5, 92030, 93996
20, 10580, 5, 92030, 92030
20, 10590, 5, 92030, 92030
20, 10600, 5, 92030, 93055
20, 10610, 5, 91862, 95074
20, 10620, 5, 91862, 91862
20, 10630, 5, 91801, 91801
20, 10640, 5, 91801, 91801
20, 10650, 5, 91677, 94669
20, 10660, 5, 91513, 94796
20, 10670, 5, 91513, 93032
20, 10680, 5, 91513, 94056
20, 10690, 5, 91513, 91513
20, 10700, 5, 91513, 91513
20, 10710, 5, 91313, 93678
20, 10720, 5, 91137, 91313
20, 10730, 5, 91137, 91137
20, 10740, 5, 91137, 91137
20, 10750, 5, 91137, 93274
20, 10760, 5, 91137, 92089
20, 10770, 5, 91137, 91137
20, 10780, 5, 91137, 92657
20, 10790, 5, 91137, 91137
20, 10800, 5, 91137, 91137
20, 10810, 5, 90973, 90973
20, 10820, 5, 90973, 93996
20, 10830, 5, 90973, 90973
20, 10840, 5, 90865, 94234
20, 10850, 5, 90865, 93574
20, 10860, 5, 90865, 90865
20, 10870, 5, 90847, 94579
20, 10880, 5, 90847, 92984
20, 10890, 5, 90847, 90847
20, 10900, 5, 90847, 90847
20, 10910, 5, 90847, 90847
20, 10920, 5, 90847, 90847
20, 10930, 5, 90662, 93624
20, 10940, 5, 90662, 90662
20, 10950, 5, 90662, 93268
20, 10960, 5, 90662, 90662
20, 10970, 5, 90562, 90662
20, 10980, 5, 90562, 92452
20, 10990, 5, 90562, 90562
20, 11000, 5, 90508, 90508
20, 11010, 5, 90484, 90484
20, 11020, 5, 90422, 90422
20, 11030, 5, 90422, 90422
20, 11040, 5, 90383, 90422
20, 11050, 5, 90383, 92027
20, 11060, 5, 90283, 91910
20, 11070, 5, 90200, 93730
20, 11080, 5, 89983, 89983
20, 11090, 5, 89983, 89983
20, 11100, 5, 89983, 89983
20, 11110, 5, 89983, 89983
20, 11120, 5, 89967, 92552
20, 11130, 5, 89967, 89967
20, 11140, 5, 89967, 89967
20, 11150, 5, 89786, 89967
20, 11160, 5, 89786, 89786
20, 11170, 5, 89786, 89786
20, 11180, 5, 89786, 92699
20, 11190, 5, 89731, 89786
20, 11200, 5, 89731, 89731
20, 11210, 5, 89607, 89607
20, 11220, 5, 89607, 94114
20, 11230, 5, 89607, 89607
20, 11240, 5, 89607, 92844
20, 11250, 5, 89607, 91453
20, 11260, 5, 89607, 89607
20, 11270, 5, 89607, 89607
20, 11280, 5, 89525, 89607
20, 11290, 5, 89507, 89507
20, 11300, 5, 89507, 89507
20, 11310, 5, 89408, 89910
20, 11320, 5, 89408, 91692
20, 11330, 5, 89408, 89408
20, 11340, 5, 89408, 92470
20, 11350, 5, 89408, 91640
20, 11360, 5, 89408, 89408
20, 11370, 5, 89408, 90962
20, 11380, 5, 89286, 90848
20, 11390, 5, 89286, 89286
20, 11400, 5, 89286, 89286
20, 11410, 5, 89286, 89286
20, 11420, 5, 89286, 92074
20, 11430, 5, 89286, 91442
20, 11440, 5, 89286, 89286
20, 11450, 5, 89286, 89480
20, 11460, 5, 89286, 89736
20, 11470, 5, 89286, 89286
20, 11480, 5, 89286, 89286
20, 11490, 5, 89286, 89286
20, 11500, 5, 89286, 89286
20, 11510, 5, 89277, 89277
20, 11520, 5, 89277, 89277
20, 11530, 5, 89277, 92168
20, 11540, 5, 89065, 89277
20, 11550, 5, 89065, 89065
20, 11560, 5, 89065, 90603
20, 11570, 5, 89065, 89065
20, 11580, 5, 89065, 91667
20, 11590, 5, 89065, 89065
20, 11600, 5, 89065, 92426
20, 11610, 5, 89065, 89065
20, 11620, 5, 89065, 89065
20, 11630, 5, 89040, 92967
20, 11640, 5, 89040, 89040
20, 11650, 5, 89023, 89023
20, 11660, 5, 89023, 89283
20, 11670, 5, 89023, 89797
20, 11680, 5, 89023, 89023
20, 11690, 5, 89023, 89023
20, 11700, 5, 89023, 89023
20, 11710, 5, 89023, 89023
20, 11720, 5, 89023, 92084
20, 11730, 5, 89023, 89023
20, 11740, 5, 89023, 89023
20, 11750, 5, 89023, 89783
20, 11760, 5, 88573, 88573
20, 11770, 5, 88555, 88573
20, 11780, 5, 88555, 88555
20, 11790, 5, 88555, 88555
20, 11800, 5, 88555, 88680
20, 11810, 5, 88555, 88555
20, 11820, 5, 88555, 92340
20, 11830, 5, 88555, 88555
20, 11840, 5, 88555, 88555
20, 11850, 5, 88288, 90973
20, 11860, 5, 88288, 88288
20, 11870, 5, 88288, 88288
20, 11880, 5, 88097, 90652
20, 11890, 5, 88097, 88097
20, 11900, 5, 88097, 88097
20, 11910, 5, 88097, 88097
20, 11920, 5, 88097, 88211
20, 11930, 5, 88097, 88097
20, 11940, 5, 88097, 88097
20, 11950, 5, 88097, 88097
20, 11960, 5, 88097, 89645
20, 11970, 5, 88097, 88097
20, 11980, 5, 88097, 88097
20, 11990, 5, 88097, 88097
20, 12000, 5, 88020, 88020
20, 12010, 5, 88020, 88020
20, 12020, 5, 88020, 89914
20, 12030, 5, 88020, 88020
20, 12040, 5, 88020, 88020
20, 12050, 5, 87910, 87910
20, 12060, 5, 87910, 87910
20, 12070, 5, 87910, 90426
20, 12080, 5, 87910, 87910
20, 12090, 5, 87910, 87910
20, 12100, 5, 87910, 87910
20, 12110, 5, 87910, 87910
20, 12120, 5, 87910, 87910
20, 12130, 5, 87771, 87910
20, 12140, 5, 87771, 87771
20, 12150, 5, 87771, 87771
20, 12160, 5, 87771, 87771
20, 12170, 5, 87771, 87771
20, 12180, 5, 87609, 87771
20, 12190, 5, 87594, 87609
20, 12200, 5, 87594, 87594
20, 12210, 5, 87594, 87594
20, 12220, 5, 87594, 87594
20, 12230, 5, 87594, 87594
20, 12240, 5, 87594, 88724
20, 12250, 5, 87416, 87416
20, 12260, 5, 87416, 87416
20, 12270, 5, 87416, 87416
20, 12280, 5, 87416, 87416
20, 12290, 5, 87416, 87416
20, 12300, 5, 87416, 87416
20, 12310, 5, 87416, 87416
20, 12320, 5, 87416, 87416
20, 12330, 5, 87371, 90940
20, 12340, 5, 87371, 87371
20, 12350, 5, 87371, 87371
20, 12360, 5, 87371, 90675
20, 12370, 5, 87371, 87371
20, 12380, 5, 87358, 87371
20, 12390, 5, 87358, 87358
20, 12400, 5, 87358, 87358
20, 12410, 5, 87216, 87358
20, 12420, 5, 87216, 90835
20, 12430, 5, 87216, 87216
20, 12440, 5, 87124, 87216
20, 12450, 5, 86935, 86935
20, 12460, 5, 86935, 86935
20, 12470, 5, 86935, 86935
20, 12480, 5, 86935, 86935
20, 12490, 5, 86935, 86935
20, 12500, 5, 86935, 87030
20, 12510, 5, 86912, 86912
20, 12520, 5, 86853, 86853
20, 12530, 5, 86853, 86853
20, 12540, 5, 86853, 87131
20, 12550, 5, 86847, 86847
20, 12560, 5, 86782, 86782
20, 12570, 5, 86782, 86782
20, 12580, 5, 86782, 86782
20, 12590, 5, 86782, 87636
20, 12600, 5, 86782, 87989
20, 12610, 5, 86782, 86782
20, 12620, 5, 86782, 86782
20, 12630, 5, 86782, 86782
20, 12640, 5, 86782, 86782
20, 12650, 5, 86782, 86782
20, 12660, 5, 86782, 86782
20, 12670, 5, 86782, 86782
20, 12680, 5, 86707, 86707
20, 12690, 5, 86707, 86707
20, 12700, 5, 86707, 88655
20, 12710, 5, 86707, 86707
20, 12720, 5, 86707, 86707
20, 12730, 5, 86707, 86778
20, 12740, 5, 86707, 86707
20, 12750, 5, 86707, 86707
20, 12760, 5, 86707, 86707
20, 12770, 5, 86593, 86593
20, 12780, 5, 86572, 86593
20, 12790, 5, 86572, 86572
20, 12800, 5, 86515, 86515
20, 12810, 5, 86515, 86515
20, 12820, 5, 86515, 86515
20, 12830, 5, 86515, 86515
20, 12840, 5, 86515, 86515
20, 12850, 5, 86515, 86515
20, 12860, 5, 86515, 86515
20, 12870, 5, 86515, 86515
20, 12880, 5, 86515, 88777
20, 12890, 5, 86515, 88781
20, 12900, 5, 86512, 87963
20, 12910, 5, 86512, 89990
20, 12920, 5, 86512, 86512
20, 12930, 5, 86512, 86512
20, 12940, 5, 86389, 86389
20, 12950, 5, 86389, 86389
20, 12960, 5, 86389, 86389
20, 12970, 5, 86389, 86389
20, 12980, 5, 86389, 86389
20, 12990, 5, 86389, 86389
20, 13000, 5, 86306, 86306
20, 13010, 5, 86306, 86306
20, 13020, 5, 86306, 86306
20, 13030, 5, 86162, 86162
20, 13040, 5, 86162, 86162
20, 13050, 5, 86162, 87234
20, 13060, 5, 86162, 88450
20, 13070, 5, 86162, 86162
20, 13080, 5, 86162, 86162
20, 13090, 5, 86162, 86162
20, 13100, 5, 86162, 88114
20, 13110, 5, 86162, 86162
20, 13120, 5, 86162, 86162
20, 13130, 5, 86162, 86162
20, 13140, 5, 86162, 86162
20, 13150, 5, 86162, 88349
20, 13160, 5, 86162, 86162
20, 13170, 5, 86162, 86162
20, 13180, 5, 86162, 86162
20, 13190, 5, 86162, 86162
20, 13200, 5, 86162, 86162
20, 13210, 5, 86162, 86162
20, 13220, 5, 86162, 86162
20, 13230, 5, 86162, 86162
20, 13240, 5, 86090, 87791
20, 13250, 5, 86090, 89811
20, 13260, 5, 86090, 86090
20, 13270, 5, 86090, 87405
20, 13280, 5, 86090, 86090
20, 13290, 5, 86090, 86090
20, 13300, 5, 86090, 86090
20, 13310, 5, 86090, 86090
20, 13320, 5, 86090, 86090
20, 13330, 5, 86090, 86090
20, 13340, 5, 86010, 86010
20, 13350, 5, 86010, 86010
20, 13360, 5, 86010, 86010
20, 13370, 5, 86010, 86010
20, 13380, 5, 86010, 86010
20, 13390, 5, 85997, 86010
20, 13400, 5, 85997, 85997
20, 13410, 5, 85897, 85897
20, 13420, 5, 85897, 85897
20, 13430, 5, 85897, 88558
20, 13440, 5, 85897, 85897
20, 13450, 5, 85760, 86579
20, 13460, 5, 85608, 85677
20, 13470, 5, 85608, 87251
20, 13480, 5, 85608, 85608
20, 13490, 5, 85608, 85608
20, 13500, 5, 85608, 85608
20, 13510, 5, 85608, 85608
20, 13520, 5, 85608, 85668
20, 13530, 5, 85608, 85608
20, 13540, 5, 85567, 85567
20, 13550, 5, 85567, 85567
20, 13560, 5, 85567, 87967
20, 13570, 5, 85567, 85567
20, 13580, 5, 85567, 85567
20, 13590, 5, 85567, 85567
20, 13600, 5, 85567, 85567
20, 13610, 5, 85567, 85567
20, 13620, 5, 85567, 85567
20, 13630, 5, 85567, 85567
20, 13640, 5, 85567, 85567
20, 13650, 5, 85567, 85567
20, 13660, 5, 85459, 85459
20, 13670, 5, 85459, 85459
20, 13680, 5, 85459, 85459
20, 13690, 5, 85459, 87426
20, 13700, 5, 85459, 85459
20, 13710, 5, 85459, 87516
20, 13720, 5, 85459, 85459
20, 13730, 5, 85459, 85505
20, 13740, 5, 85376, 85459
20, 13750, 5, 85376, 87927
20, 13760, 5, 85376, 85376
20, 13770, 5, 85376, 85376
20, 13780, 5, 85376, 85376
20, 13790, 5, 85376, 85376
20, 13800, 5, 85376, 85376
20, 13810, 5, 85376, 85376
20, 13820, 5, 85376, 85376
20, 13830, 5, 85376, 85376
20, 13840, 5, 85376, 85376
20, 13850, 5, 85376, 86425
20, 13860, 5, 85318, 85376
20, 13870, 5, 85318, 85318
20, 13880, 5, 85318, 86062
20, 13890, 5, 85318, 85318
20, 13900, 5, 85318, 85318
20, 13910, 5, 85318, 85318
20, 13920, 5, 85318, 85318
20, 13930, 5, 85318, 85318
20, 13940, 5, 85318, 85318
20, 13950, 5, 85268, 85268
20, 13960, 5, 85193, 85268
20, 13970, 5, 85193, 85193
20, 13980, 5, 85193, 85193
20, 13990, 5, 85193, 85193
20, 14000, 5, 85193, 85193
20, 14010, 5, 85193, 85193
20, 14020, 5, 85193, 85193
20, 14030, 5, 85193, 85193
20, 14040, 5, 85193, 87788
20, 14050, 5, 85193, 85193
20, 14060, 5, 85193, 85193
20, 14070, 5, 85193, 85193
20, 14080, 5, 85059, 85059
20, 14090, 5, 85008, 86247
20, 14100, 5, 84972, 84972
20, 14110, 5, 84972, 85056
20, 14120, 5, 84972, 84972
20, 14130, 5, 84972, 85270
20, 14140, 5, 84972, 84972
20, 14150, 5, 84972, 84972
20, 14160, 5, 84913, 86742
20, 14170, 5, 84913, 84913
20, 14180, 5, 84913, 84913
20, 14190, 5, 84913, 84913
20, 14200, 5, 84913, 84913
20, 14210, 5, 84913, 84913
20, 14220, 5, 84913, 84913
20, 14230, 5, 84913, 86980
20, 14240, 5, 84913, 84913
20, 14250, 5, 84913, 84913
20, 14260, 5, 84913, 84913
20, 14270, 5, 84913, 84913
20, 14280, 5, 84790, 84790
20, 14290, 5, 84790, 84790
20, 14300, 5, 84790, 84790
20, 14310, 5, 84790, 84790
20, 14320, 5, 84790, 84790
20, 14330, 5, 84653, 84790
20, 14340, 5, 84530, 84530
20, 14350, 5, 84530, 84530
20, 14360, 5, 84481, 84530
20, 14370, 5, 84481, 84481
20, 14380, 5, 84481, 84481
20, 14390, 5, 84481, 84481
20, 14400, 5, 84481, 84481
20, 14410, 5, 84481, 84481
20, 14420, 5, 84460, 84481
20, 14430, 5, 84460, 84460
20, 14440, 5, 84460, 84460
20, 14450, 5, 84460, 84460
20, 14460, 5, 84460, 84460
20, 14470, 5, 84377, 84377
20, 14480, 5, 84377, 85790
20, 14490, 5, 84377, 84377
20, 14500, 5, 84377, 84377
20, 14510, 5, 84377, 84377
20, 14520, 5, 84377, 84377
20, 14530, 5, 84377, 84377
20, 14540, 5, 84367, 84367
20, 14550, 5, 84367, 84367
20, 14560, 5, 84264, 84939
20, 14570, 5, 84264, 84264
20, 14580, 5, 84264, 84264
20, 14590, 5, 84264, 84264
20, 14600, 5, 84264, 84264
20, 14610, 5, 84264, 85555
20, 14620, 5, 84064, 84264
20, 14630, 5, 84064, 84064
20, 14640, 5, 84064, 85968
20, 14650, 5, 84064, 84064
20, 14660, 5, 84064, 84064
20, 14670, 5, 84064, 84064
20, 14680, 5, 84064, 84064
20, 14690, 5, 84064, 84064
20, 14700, 5, 84064, 85745
20, 14710, 5, 84064, 84064
20, 14720, 5, 84064, 84064
20, 14730, 5, 84064, 84064
20, 14740, 5, 84064, 84064
20, 14750, 5, 84064, 84064
20, 14760, 5, 84064, 84064
20, 14770, 5, 83882, 84064
20, 14780, 5, 83882, 83882
20, 14790, 5, 83882, 83882
20, 14800, 5, 83882, 85985
20, 14810, 5, 83882, 86714
20, 14820, 5, 83700, 83864
20, 14830, 5, 83700, 83700
20, 14840, 5, 83700, 83700
20, 14850, 5, 83700, 83700
20, 14860, 5, 83350, 83700
20, 14870, 5, 83350, 83350
20, 14880, 5, 83350, 84171
20, 14890, 5, 83350, 83350
20, 14900, 5, 83350, 83350
20, 14910, 5, 83350, 83350
20, 14920, 5, 83350, 86322
20, 14930, 5, 83350, 86008
20, 14940, 5, 83350, 83350
20, 14950, 5, 83350, 83350
20, 14960, 5, 83350, 83350
20, 14970, 5, 83350, 83350
20, 14980, 5, 83350, 83350
20, 14990, 5, 83350, 83350
20, 15000, 5, 83257, 83257
20, 15010, 5, 83215, 83215
20, 15020, 5, 83215, 83215
20, 15030, 5, 83215, 83215
20, 15040, 5, 83100, 83100
20, 15050, 5, 82967, 82967
20, 15060, 5, 82967, 82967
20, 15070, 5, 82967, 82967
20, 15080, 5, 82967, 84736
20, 15090, 5, 82967, 82967
20, 15100, 5, 82967, 82967
20, 15110, 5, 82908, 82908
20, 15120, 5, 82908, 82908
20, 15130, 5, 82908, 82908
20, 15140, 5, 82908, 82908
20, 15150, 5, 82908, 82908
20, 15160, 5, 82908, 82908
20, 15170, 5, 82908, 82908
20, 15180, 5, 82908, 82908
20, 15190, 5, 82908, 83592
20, 15200, 5, 82908, 82908
20, 15210, 5, 82908, 84176
20, 15220, 5, 82908, 82908
20, 15230, 5, 82884, 82908
20, 15240, 5, 82884, 82884
20, 15250, 5, 82829, 82829
20, 15260, 5, 82520, 82520
20, 15270, 5, 82504, 82520
20, 15280, 5, 82504, 82504
20, 15290, 5, 82504, 85762
20, 15300, 5, 82504, 82504
20, 15310, 5, 82504, 82504
20, 15320, 5, 82486, 82504
20, 15330, 5, 82486, 82486
20, 15340, 5, 82486, 83759
20, 15350, 5, 82486, 82486
20, 15360, 5, 82486, 82486
20, 15370, 5, 82486, 82486
20, 15380, 5, 82452, 82486
20, 15390, 5, 82452, 82452
20, 15400, 5, 82178, 82178
20, 15410, 5, 82178, 82178
20, 15420, 5, 82178, 82178
20, 15430, 5, 82178, 82178
20, 15440, 5, 81978, 82178
20, 15450, 5, 81978, 81978
20, 15460, 5, 81978, 81978
20, 15470, 5, 81920, 83329
20, 15480, 5, 81920, 81920
20, 15490, 5, 81920, 81920
20, 15500, 5, 81920, 81920
20, 15510, 5, 81920, 81920
20, 15520, 5, 81920, 81920
20, 15530, 5, 81897, 81897
20, 15540, 5, 81897, 81897
20, 15550, 5, 81897, 81897
20, 15560, 5, 81897, 81897
20, 15570, 5, 81889, 81889
20, 15580, 5, 81889, 81889
20, 15590, 5, 81889, 81889
20, 15600, 5, 81889, 81889
20, 15610, 5, 81889, 81889
20, 15620, 5, 81889, 81889
20, 15630, 5, 81889, 81889
20, 15640, 5, 81889, 81889
20, 15650, 5, 81889, 81889
20, 15660, 5, 81889, 81889
20, 15670, 5, 81731, 81731
20, 15680, 5, 81731, 83564
20, 15690, 5, 81731, 81731
20, 15700, 5, 81731, 81731
20, 15710, 5, 81731, 81731
20, 15720, 5, 81731, 81731
20, 15730, 5, 81731, 81731
20, 15740, 5, 81731, 81731
20, 15750, 5, 81731, 81731
20, 15760, 5, 81731, 81731
20, 15770, 5, 81731, 81731
20, 15780, 5, 81731, 81731
20, 15790, 5, 81731, 81731
20, 15800, 5, 81731, 81731
20, 15810, 5, 81731, 81731
20, 15820, 5, 81608, 81608
20, 15830, 5, 81608, 81608
20, 15840, 5, 81608, 81608
20, 15850, 5, 81608, 81608
20, 15860, 5, 81469, 81469
20, 15870, 5, 81469, 81469
20, 15880, 5, 81469, 81469
20, 15890, 5, 81469, 81469
20, 15900, 5, 81469, 81469
20, 15910, 5, 81469, 81469
20, 15920, 5, 81469, 81469
20, 15930, 5, 81469, 81469
20, 15940, 5, 81469, 81469
20, 15950, 5, 81469, 81469
20, 15960, 5, 81469, 81469
20, 15970, 5, 81469, 81469
20, 15980, 5, 81469, 83022
20, 15990, 5, 81469, 81469
20, 16000, 5, 81469, 81469
20, 16010, 5, 81469, 81469
20, 16020, 5, 81469, 81469
20, 16030, 5, 81469, 81469
20, 16040, 5, 81469, 81469
20, 16050, 5, 81469, 81469
20, 16060, 5, 81469, 83307
20, 16070, 5, 81469, 81469
20, 16080, 5, 81469, 81469
20, 16090, 5, 81469, 81469
20, 16100, 5, 81469, 81469
20, 16110, 5, 81469, 81469
20, 16120, 5, 81469, 81469
20, 16130, 5, 81469, 81469
20, 16140, 5, 81469, 81469
20, 16150, 5, 81469, 81469
20, 16160, 5, 81469, 81469
20, 16170, 5, 81469, 81469
20, 16180, 5, 81469, 81469
20, 16190, 5, 81469, 81469
20, 16200, 5, 81469, 81469
20, 16210, 5, 81091, 81469
20, 16220, 5, 81091, 81091
20, 16230, 5, 81091, 81091
20, 16240, 5, 81091, 81091
20, 16250, 5, 80947, 81091
20, 16260, 5, 80947, 80947
20, 16270, 5, 80947, 80947
20, 16280, 5, 80947, 80947
20, 16290, 5, 80947, 80947
20, 16300, 5, 80947, 80947
20, 16310, 5, 80766, 80947
20, 16320, 5, 80766, 80766
20, 16330, 5, 80766, 80766
20, 16340, 5, 80766, 80766
20, 16350, 5, 80766, 80766
20, 16360, 5, 80766, 80766
20, 16370, 5, 80649, 80766
20, 16380, 5, 80649, 80649
20, 16390, 5, 80649, 80649
20, 16400, 5, 80649, 80649
20, 16410, 5, 80649, 80649
20, 16420, 5, 80649, 80649
20, 16430, 5, 80649, 80649
20, 16440, 5, 80649, 80649
20, 16450, 5, 80649, 80649
20, 16460, 5, 80649, 80649
20, 16470, 5, 80649, 80649
20, 16480, 5, 80591, 80591
20, 16490, 5, 80591, 80591
20, 16500, 5, 80535, 80535
20, 16510, 5, 80535, 80535
20, 16520, 5, 80535, 80535
20, 16530, 5, 80535, 80535
20, 16540, 5, 80535, 80535
20, 16550, 5, 80535, 80535
20, 16560, 5, 80535, 80535
20, 16570, 5, 80535, 80535
20, 16580, 5, 80476, 80535
20, 16590, 5, 80476, 80476
20, 16600, 5, 80476, 80476
20, 16610, 5, 80476, 80476
20, 16620, 5, 80476, 80476
20, 16630, 5, 80476, 80476
20, 16640, 5, 80476, 80476
20, 16650, 5, 80476, 80476
20, 16660, 5, 80476, 80476
20, 16670, 5, 80476, 80476
20, 16680, 5, 80476, 80476
20, 16690, 5, 80476, 80476
20, 16700, 5, 80476, 80476
20, 16710, 5, 80476, 80476
20, 16720, 5, 80476, 80476
20, 16730, 5, 80476, 80476
20, 16740, 5, 80476, 80476
20, 16750, 5, 80476, 80476
20, 16760, 5, 80476, 80476
20, 16770, 5, 80476, 80476
20, 16780, 5, 80476, 80476
20, 16790, 5, 80476, 80476
20, 16800, 5, 80476, 80476
20, 16810, 5, 80476, 80476
20, 16820, 5, 80476, 80476
20, 16830, 5, 80476, 80476
20, 16840, 5, 80476, 80476
20, 16850, 5, 80376, 80376
20, 16860, 5, 80376, 80376
20, 16870, 5, 80376, 80376
20, 16880, 5, 80376, 80376
20, 16890, 5, 80376, 81467
20, 16900, 5, 80198, 80376
20, 16910, 5, 80198, 80198
20, 16920, 5, 80156, 80761
20, 16930, 5, 80156, 80156
20, 16940, 5, 80156, 80156
20, 16950, 5, 79955, 80156
20, 16960, 5, 79955, 79955
20, 16970, 5, 79955, 79955
20, 16980, 5, 79955, 79955
20, 16990, 5, 79955, 79955
20, 17000, 5, 79955, 79955
20, 17010, 5, 79941, 79941
20, 17020, 5, 79941, 79941
20, 17030, 5, 79941, 82387
20, 17040, 5, 79941, 79941
20, 17050, 5, 79941, 79941
20, 17060, 5, 79941, 79941
20, 17070, 5, 79941, 79941
20, 17080, 5, 79941, 79941
20, 17090, 5, 79941, 79941
20, 17100, 5, 79941, 79941
20, 17110, 5, 79941, 79941
20, 17120, 5, 79843, 79843
20, 17130, 5, 79843, 79843
20, 17140, 5, 79843, 79843
20, 17150, 5, 79843, 79843
20, 17160, 5, 79843, 79843
20, 17170, 5, 79843, 79843
20, 17180, 5, 79843, 79843
20, 17190, 5, 79843, 79843
20, 17200, 5, 79843, 79843
20, 17210, 5, 79843, 79843
20, 17220, 5, 79843, 79843
20, 17230, 5, 79834, 79843
20, 17240, 5, 79834, 79834
20, 17250, 5, 79834, 79834
20, 17260, 5, 79834, 79834
20, 17270, 5, 79834, 79834
20, 17280, 5, 79834, 79834
20, 17290, 5, 79834, 79834
20, 17300, 5, 79831, 79834
20, 17310, 5, 79831, 79831
20, 17320, 5, 79784, 79784
20, 17330, 5, 79784, 79784
20, 17340, 5, 79784, 80770
20, 17350, 5, 79784, 79784
20, 17360, 5, 79784, 79784
20, 17370, 5, 79784, 79784
20, 17380, 5, 79784, 79784
20, 17390, 5, 79784, 79784
20, 17400, 5, 79784, 79784
20, 17410, 5, 79784, 79784
20, 17420, 5, 79721, 79784
20, 17430, 5, 79721, 79721
20, 17440, 5, 79721, 79721
20, 17450, 5, 79721, 79721
20, 17460, 5, 79721, 79721
20, 17470, 5, 79721, 79721
20, 17480, 5, 79721, 79721
20, 17490, 5, 79721, 79721
20, 17500, 5, 79721, 79721
20, 17510, 5, 79721, 79721
20, 17520, 5, 79721, 79721
20, 17530, 5, 79650, 79650
20, 17540, 5, 79650, 79650
20, 17550, 5, 79650, 79650
20, 17560, 5, 79624, 79650
20, 17570, 5, 79624, 79624
20, 17580, 5, 79624, 79624
20, 17590, 5, 79624, 79624
20, 17600, 5, 79624, 79624
20, 17610, 5, 79616, 79624
20, 17620, 5, 79616, 79616
20, 17630, 5, 79616, 79616
20, 17640, 5, 79616, 79875
20, 17650, 5, 79616, 79616
20, 17660, 5, 79616, 79616
20, 17670, 5, 79616, 79616
20, 17680, 5, 79616, 79616
20, 17690, 5, 79616, 79616
20, 17700, 5, 79532, 79616
20, 17710, 5, 79532, 79532
20, 17720, 5, 79532, 79532
20, 17730, 5, 79532, 79532
20, 17740, 5, 79532, 79532
20, 17750, 5, 79080, 79080
20, 17760, 5, 79080, 79080
20, 17770, 5, 79080, 79080
20, 17780, 5, 79080, 79080
20, 17790, 5, 79080, 79080
20, 17800, 5, 79080, 79080
20, 17810, 5, 79080, 79080
20, 17820, 5, 79080, 79080
20, 17830, 5, 79080, 79080
20, 17840, 5, 79080, 79080
20, 17850, 5, 78988, 79080
20, 17860, 5, 78988, 78988
20, 17870, 5, 78988, 78988
20, 17880, 5, 78988, 78988
20, 17890, 5, 78988, 78988
20, 17900, 5, 78988, 78988
20, 17910, 5, 78988, 78988
20, 17920, 5, 78988, 78988
20, 17930, 5, 78988, 78988
20, 17940, 5, 78988, 78988
20, 17950, 5, 78988, 78988
20, 17960, 5, 78823, 78845
20, 17970, 5, 78823, 78823
20, 17980, 5, 78823, 78823
20, 17990, 5, 78823, 78823
20, 18000, 5, 78823, 80994
20, 18010, 5, 78823, 78823
20, 18020, 5, 78823, 78823
20, 18030, 5, 78823, 78823
20, 18040, 5, 78823, 78823
20, 18050, 5, 78823, 78823
20, 18060, 5, 78823, 78823
20, 18070, 5, 78823, 78823
20, 18080, 5, 78823, 78823
20, 18090, 5, 78823, 78823
20, 18100, 5, 78823, 78823
20, 18110, 5, 78823, 78823
20, 18120, 5, 78754, 78823
20, 18130, 5, 78754, 78754
20, 18140, 5, 78754, 78754
20, 18150, 5, 78554, 78754
20, 18160, 5, 78554, 78554
20, 18170, 5, 78554, 78554
20, 18180, 5, 78554, 78554
20, 18190, 5, 78554, 78554
20, 18200, 5, 78554, 78554
20, 18210, 5, 78554, 78554
20, 18220, 5, 78554, 78554
20, 18230, 5, 78554, 78554
20, 18240, 5, 78554, 78554
20, 18250, 5, 78554, 78554
20, 18260, 5, 78554, 78554
20, 18270, 5, 78554, 78554
20, 18280, 5, 78554, 78554
20, 18290, 5, 78554, 78554
20, 18300, 5, 78554, 80570
20, 18310, 5, 78554, 78554
20, 18320, 5, 78554, 78554
20, 18330, 5, 78554, 78554
20, 18340, 5, 78554, 78554
20, 18350, 5, 78554, 78554
20, 18360, 5, 78554, 78554
20, 18370, 5, 78554, 78554
20, 18380, 5, 78554, 78554
20, 18390, 5, 78522, 78522
20, 18400, 5, 78522, 78522
20, 18410, 5, 78522, 78522
20, 18420, 5, 78522, 78522
20, 18430, 5, 78522, 78522
20, 18440, 5, 78522, 78522
20, 18450, 5, 78522, 78522
20, 18460, 5, 78522, 78522
20, 18470, 5, 78522, 78522
20, 18480, 5, 78522, 78522
20, 18490, 5, 78522, 78522
20, 18500, 5, 78522, 78522
20, 18510, 5, 78498, 78522
20, 18520, 5, 78498, 78498
20, 18530, 5, 78498, 78498
20, 18540, 5, 78498, 78498
20, 18550, 5, 78498, 78498
20, 18560, 5, 78379, 78498
20, 18570, 5, 78379, 78379
20, 18580, 5, 78379, 78379
20, 18590, 5, 78379, 78379
20, 18600, 5, 78379, 78379
20, 18610, 5, 78379, 78379
20, 18620, 5, 78240, 78379
20, 18630, 5, 78240, 78240
20, 18640, 5, 78240, 78240
20, 18650, 5, 78240, 78240
20, 18660, 5, 78240, 78240
20, 18670, 5, 78240, 78240
20, 18680, 5, 78175, 78175
20, 18690, 5, 78175, 78175
20, 18700, 5, 78175, 78175
20, 18710, 5, 78175, 78175
20, 18720, 5, 78175, 79846
20, 18730, 5, 78175, 78175
20, 18740, 5, 78152, 78152
20, 18750, 5, 78152, 78152
20, 18760, 5, 78152, 78152
20, 18770, 5, 78152, 78152
20, 18780, 5, 78152, 78152
20, 18790, 5, 78152, 78152
20, 18800, 5, 78152, 78152
20, 18810, 5, 78152, 78152
20, 18820, 5, 78152, 78152
20, 18830, 5, 78152, 78152
20, 18840, 5, 78152, 78152
20, 18850, 5, 78126, 78126
20, 18860, 5, 78126, 78126
20, 18870, 5, 78111, 78126
20, 18880, 5, 78111, 78111
20, 18890, 5, 78111, 78111
20, 18900, 5, 78111, 78111
20, 18910, 5, 78111, 78111
20, 18920, 5, 78111, 78111
20, 18930, 5, 78111, 78111
20, 18940, 5, 78111, 78111
20, 18950, 5, 78111, 78111
20, 18960, 5, 78111, 78111
20, 18970, 5, 78111, 78111
20, 18980, 5, 78047, 78047
20, 18990, 5, 78019, 78019
20, 19000, 5, 78019, 78019
20, 19010, 5, 78019, 78019
20, 19020, 5, 78019, 78019
20, 19030, 5, 78019, 78019
20, 19040, 5, 78019, 78019
20, 19050, 5, 78019, 78019
20, 19060, 5, 78019, 78019
20, 19070, 5, 78019, 78019
20, 19080, 5, 78019, 78019
20, 19090, 5, 78019, 78019
20, 19100, 5, 78019, 78019
20, 19110, 5, 78019, 78019
20, 19120, 5, 78019, 78019
20, 19130, 5, 78019, 78019
20, 19140, 5, 78019, 78019
20, 19150, 5, 78019, 78019
20, 19160, 5, 78019, 78019
20, 19170, 5, 78019, 78019
20, 19180, 5, 78019, 78019
20, 19190, 5, 78019, 78019
20, 19200, 5, 78019, 78019
20, 19210, 5, 78019, 78019
20, 19220, 5, 78019, 78019
20, 19230, 5, 78019, 78019
20, 19240, 5, 78019, 78019
20, 19250, 5, 78019, 78019
20, 19260, 5, 78019, 79577
20, 19270, 5, 78019, 78019
20, 19280, 5, 78019, 78019
20, 19290, 5, 78006, 78006
20, 19300, 5, 78006, 78006
20, 19310, 5, 78006, 78006
20, 19320, 5, 78006, 78006
20, 19330, 5, 78006, 78006
20, 19340, 5, 78006, 78006
20, 19350, 5, 78006, 78006
20, 19360, 5, 78006, 78006
20, 19370, 5, 78006, 78006
20, 19380, 5, 78006, 78006
20, 19390, 5, 78006, 78006
20, 19400, 5, 78006, 78006
20, 19410, 5, 78006, 78006
20, 19420, 5, 78006, 78006
20, 19430, 5, 78006, 78006
20, 19440, 5, 78006, 78006
20, 19450, 5, 77969, 78006
20, 19460, 5, 77969, 77969
20, 19470, 5, 77969, 77969
20, 19480, 5, 77969, 77969
20, 19490, 5, 77969, 77969
20, 19500, 5, 77969, 77969
20, 19510, 5, 77969, 77969
20, 19520, 5, 77969, 77969
20, 19530, 5, 77969, 77969
20, 19540, 5, 77969, 77969
20, 19550, 5, 77969, 77969
20, 19560, 5, 77969, 77969
20, 19570, 5, 77969, 77969
20, 19580, 5, 77969, 77969
20, 19590, 5, 77969, 77969
20, 19600, 5, 77969, 77969
20, 19610, 5, 77969, 77969
20, 19620, 5, 77969, 77969
20, 19630, 5, 77966, 77969
20, 19640, 5, 77966, 77966
20, 19650, 5, 77966, 77966
20, 19660, 5, 77966, 79667
20, 19670, 5, 77966, 77966
20, 19680, 5, 77966, 77966
20, 19690, 5, 77966, 77966
20, 19700, 5, 77966, 77966
20, 19710, 5, 77907, 77907
20, 19720, 5, 77907, 77907
20, 19730, 5, 77800, 77907
20, 19740, 5, 77800, 77800
20, 19750, 5, 77800, 77800
20, 19760, 5, 77800, 77800
20, 19770, 5, 77800, 77800
20, 19780, 5, 77800, 77800
20, 19790, 5, 77800, 77800
20, 19800, 5, 77800, 77800
20, 19810, 5, 77800, 77800
20, 19820, 5, 77800, 77800
20, 19830, 5, 77800, 77800
20, 19840, 5, 77800, 77800
20, 19850, 5, 77800, 77800
20, 19860, 5, 77800, 77800
20, 19870, 5, 77800, 77800
20, 19880, 5, 77800, 77800
20, 19890, 5, 77800, 77800
20, 19900, 5, 77800, 77800
20, 19910, 5, 77800, 77800
20, 19920, 5, 77800, 77800
20, 19930, 5, 77800, 77800
20, 19940, 5, 77800, 77800
20, 19950, 5, 77800, 77800
20, 19960, 5, 77735, 77735
20, 19970, 5, 77735, 77735
20, 19980, 5, 77735, 77735
20, 19990, 5, 77735, 77735
