Population Size, Generation Count, Repetition, Best Fitness, Median Fitness
20, 0, 26, 737353, 763754
20, 10, 26, 714386, 722177
20, 20, 26, 697281, 705418
20, 30, 26, 682447, 687012
20, 40, 26, 666847, 670862
20, 50, 26, 649746, 657886
20, 60, 26, 639783, 645432
20, 70, 26, 629356, 635452
20, 80, 26, 619510, 623691
20, 90, 26, 610292, 612616
20, 100, 26, 601245, 606390
20, 110, 26, 589731, 596448
20, 120, 26, 582198, 585158
20, 130, 26, 573484, 578203
20, 140, 26, 568203, 570480
20, 150, 26, 559275, 563228
20, 160, 26, 551929, 555497
20, 170, 26, 543713, 546015
20, 180, 26, 538826, 541590
20, 190, 26, 530854, 534261
20, 200, 26, 520964, 523700
20, 210, 26, 512272, 514181
20, 220, 26, 507487, 510752
20, 230, 26, 500757, 503745
20, 240, 26, 491935, 496860
20, 250, 26, 484691, 489158
20, 260, 26, 477381, 484140
20, 270, 26, 470680, 475832
20, 280, 26, 464092, 466050
20, 290, 26, 455698, 459220
20, 300, 26, 449848, 452613
20, 310, 26, 443649, 450634
20, 320, 26, 442186, 444766
20, 330, 26, 438717, 443139
20, 340, 26, 433232, 436303
20, 350, 26, 428622, 431271
20, 360, 26, 422927, 427061
20, 370, 26, 421858, 423063
20, 380, 26, 419581, 421564
20, 390, 26, 413795, 417242
20, 400, 26, 411317, 413775
20, 410, 26, 409886, 412104
20, 420, 26, 406620, 410685
20, 430, 26, 403257, 409057
20, 440, 26, 400813, 401650
20, 450, 26, 394272, 397712
20, 460, 26, 392783, 395023
20, 470, 26, 390712, 394332
20, 480, 26, 388690, 390670
20, 490, 26, 385850, 388210
20, 500, 26, 384418, 385389
20, 510, 26, 382998, 384444
20, 520, 26, 381192, 383174
20, 530, 26, 380388, 382684
20, 540, 26, 378872, 381925
20, 550, 26, 374797, 375423
20, 560, 26, 373782, 375695
20, 570, 26, 371032, 372842
20, 580, 26, 369592, 372192
20, 590, 26, 366114, 368478
20, 600, 26, 365466, 366857
20, 610, 26, 363362, 367097
20, 620, 26, 360211, 362846
20, 630, 26, 358258, 360695
20, 640, 26, 354577, 356024
20, 650, 26, 349753, 356863
20, 660, 26, 347101, 351242
20, 670, 26, 345420, 347494
20, 680, 26, 341615, 345588
20, 690, 26, 340464, 342263
20, 700, 26, 335761, 341785
20, 710, 26, 333903, 335451
20, 720, 26, 332541, 335735
20, 730, 26, 331657, 335367
20, 740, 26, 329265, 337651
20, 750, 26, 326861, 331081
20, 760, 26, 326273, 327794
20, 770, 26, 324282, 328531
20, 780, 26, 322614, 325960
20, 790, 26, 320449, 325372
20, 800, 26, 317669, 318510
20, 810, 26, 314765, 317205
20, 820, 26, 311078, 314582
20, 830, 26, 309331, 311677
20, 840, 26, 306353, 309776
20, 850, 26, 304977, 306050
20, 860, 26, 303688, 305343
20, 870, 26, 300610, 304459
20, 880, 26, 299189, 300993
20, 890, 26, 297861, 300044
20, 900, 26, 296241, 298920
20, 910, 26, 295258, 295791
20, 920, 26, 293089, 296502
20, 930, 26, 292346, 294605
20, 940, 26, 290771, 292274
20, 950, 26, 288846, 292452
20, 960, 26, 287297, 289899
20, 970, 26, 285672, 286706
20, 980, 26, 283991, 287885
20, 990, 26, 281804, 286424
20, 1000, 26, 281427, 284237
20, 1010, 26, 279259, 282092
20, 1020, 26, 278346, 282408
20, 1030, 26, 277493, 281300
20, 1040, 26, 276390, 280204
20, 1050, 26, 275139, 279372
20, 1060, 26, 274237, 275334
20, 1070, 26, 272232, 275092
20, 1080, 26, 271267, 274450
20, 1090, 26, 269913, 271473
20, 1100, 26, 269165, 273091
20, 1110, 26, 267838, 270892
20, 1120, 26, 267568, 270882
20, 1130, 26, 266652, 267852
20, 1140, 26, 265812, 267258
20, 1150, 26, 264605, 267835
20, 1160, 26, 263752, 266331
20, 1170, 26, 262737, 264168
20, 1180, 26, 260818, 261892
20, 1190, 26, 259636, 261081
20, 1200, 26, 259143, 261028
20, 1210, 26, 258005, 262932
20, 1220, 26, 257726, 259536
20, 1230, 26, 256939, 261482
20, 1240, 26, 255881, 259647
20, 1250, 26, 254574, 256576
20, 1260, 26, 254385, 257542
20, 1270, 26, 253914, 254368
20, 1280, 26, 253149, 256055
20, 1290, 26, 252316, 253624
20, 1300, 26, 251204, 255176
20, 1310, 26, 250790, 254326
20, 1320, 26, 250696, 252476
20, 1330, 26, 249875, 252929
20, 1340, 26, 248603, 251254
20, 1350, 26, 248295, 251358
20, 1360, 26, 248020, 249651
20, 1370, 26, 247113, 250410
20, 1380, 26, 246540, 251322
20, 1390, 26, 245302, 247570
20, 1400, 26, 245068, 247937
20, 1410, 26, 244684, 245851
20, 1420, 26, 243050, 245696
20, 1430, 26, 241091, 243464
20, 1440, 26, 240504, 241352
20, 1450, 26, 238988, 242702
20, 1460, 26, 238710, 245239
20, 1470, 26, 236048, 237116
20, 1480, 26, 234870, 237815
20, 1490, 26, 234461, 239260
20, 1500, 26, 233311, 235557
20, 1510, 26, 233119, 235568
20, 1520, 26, 232858, 234119
20, 1530, 26, 231551, 235855
20, 1540, 26, 230822, 232763
20, 1550, 26, 229471, 231498
20, 1560, 26, 228690, 231735
20, 1570, 26, 228479, 229842
20, 1580, 26, 228119, 230925
20, 1590, 26, 227392, 232403
20, 1600, 26, 226542, 228834
20, 1610, 26, 224281, 226713
20, 1620, 26, 223819, 225235
20, 1630, 26, 223403, 226737
20, 1640, 26, 222919, 223403
20, 1650, 26, 222658, 223493
20, 1660, 26, 221974, 223719
20, 1670, 26, 221470, 225985
20, 1680, 26, 220737, 221294
20, 1690, 26, 218907, 221589
20, 1700, 26, 218745, 221275
20, 1710, 26, 218325, 220571
20, 1720, 26, 217623, 218678
20, 1730, 26, 216745, 221221
20, 1740, 26, 216571, 217532
20, 1750, 26, 215119, 219327
20, 1760, 26, 214402, 217835
20, 1770, 26, 213502, 217013
20, 1780, 26, 212650, 213011
20, 1790, 26, 211454, 214599
20, 1800, 26, 209808, 210952
20, 1810, 26, 209443, 211935
20, 1820, 26, 208790, 211310
20, 1830, 26, 208039, 211076
20, 1840, 26, 207449, 207748
20, 1850, 26, 207449, 212060
20, 1860, 26, 206967, 207208
20, 1870, 26, 206629, 210691
20, 1880, 26, 206268, 206268
20, 1890, 26, 205741, 207382
20, 1900, 26, 205476, 211223
20, 1910, 26, 205476, 206664
20, 1920, 26, 205347, 208425
20, 1930, 26, 205347, 209928
20, 1940, 26, 204638, 207159
20, 1950, 26, 202986, 204382
20, 1960, 26, 202046, 203181
20, 1970, 26, 201083, 203846
20, 1980, 26, 200515, 201687
20, 1990, 26, 199113, 205383
20, 2000, 26, 199113, 200619
20, 2010, 26, 198907, 200914
20, 2020, 26, 198683, 203467
20, 2030, 26, 198623, 202391
20, 2040, 26, 198415, 198623
20, 2050, 26, 197463, 200235
20, 2060, 26, 196255, 199253
20, 2070, 26, 196228, 199632
20, 2080, 26, 196220, 199177
20, 2090, 26, 196140, 199077
20, 2100, 26, 195038, 199224
20, 2110, 26, 194614, 197656
20, 2120, 26, 194117, 196519
20, 2130, 26, 192968, 197166
20, 2140, 26, 192968, 196384
20, 2150, 26, 192968, 194422
20, 2160, 26, 192968, 196485
20, 2170, 26, 190743, 192752
20, 2180, 26, 189694, 190801
20, 2190, 26, 189511, 190484
20, 2200, 26, 189470, 191837
20, 2210, 26, 189087, 190476
20, 2220, 26, 188477, 188805
20, 2230, 26, 188475, 190905
20, 2240, 26, 188475, 192878
20, 2250, 26, 188298, 192215
20, 2260, 26, 187115, 188976
20, 2270, 26, 186062, 190336
20, 2280, 26, 185652, 188239
20, 2290, 26, 184473, 187509
20, 2300, 26, 184194, 184473
20, 2310, 26, 182902, 187490
20, 2320, 26, 182753, 185627
20, 2330, 26, 181797, 186208
20, 2340, 26, 181357, 183830
20, 2350, 26, 180624, 184288
20, 2360, 26, 179723, 182650
20, 2370, 26, 178349, 179570
20, 2380, 26, 178226, 180634
20, 2390, 26, 177488, 178998
20, 2400, 26, 177328, 179238
20, 2410, 26, 177021, 178964
20, 2420, 26, 176565, 179054
20, 2430, 26, 176131, 180518
20, 2440, 26, 175615, 179026
20, 2450, 26, 174812, 177290
20, 2460, 26, 174003, 174812
20, 2470, 26, 174003, 175925
20, 2480, 26, 173687, 176239
20, 2490, 26, 172960, 173927
20, 2500, 26, 172960, 175819
20, 2510, 26, 171832, 171992
20, 2520, 26, 170907, 174461
20, 2530, 26, 169862, 170968
20, 2540, 26, 169606, 172689
20, 2550, 26, 169606, 171195
20, 2560, 26, 169276, 173210
20, 2570, 26, 168390, 173637
20, 2580, 26, 168355, 170720
20, 2590, 26, 167727, 169594
20, 2600, 26, 167434, 169210
20, 2610, 26, 167315, 170611
20, 2620, 26, 166332, 167232
20, 2630, 26, 166332, 171798
20, 2640, 26, 165899, 167053
20, 2650, 26, 165582, 169545
20, 2660, 26, 165241, 166716
20, 2670, 26, 165241, 168132
20, 2680, 26, 164968, 168157
20, 2690, 26, 164241, 166481
20, 2700, 26, 163935, 165829
20, 2710, 26, 163445, 168367
20, 2720, 26, 163128, 165956
20, 2730, 26, 163066, 164717
20, 2740, 26, 161976, 165507
20, 2750, 26, 161148, 163907
20, 2760, 26, 160851, 162885
20, 2770, 26, 160206, 160851
20, 2780, 26, 159753, 168057
20, 2790, 26, 159753, 162666
20, 2800, 26, 159193, 161372
20, 2810, 26, 159193, 159763
20, 2820, 26, 159162, 159162
20, 2830, 26, 158854, 161659
20, 2840, 26, 158764, 158854
20, 2850, 26, 158468, 158829
20, 2860, 26, 158325, 160760
20, 2870, 26, 157579, 158325
20, 2880, 26, 157514, 161335
20, 2890, 26, 157514, 158666
20, 2900, 26, 157514, 159002
20, 2910, 26, 157514, 162640
20, 2920, 26, 157514, 160502
20, 2930, 26, 157514, 161835
20, 2940, 26, 157131, 159016
20, 2950, 26, 157131, 157389
20, 2960, 26, 157032, 159515
20, 2970, 26, 156941, 160346
20, 2980, 26, 156280, 159818
20, 2990, 26, 155817, 159213
20, 3000, 26, 155446, 156180
20, 3010, 26, 155325, 155446
20, 3020, 26, 155155, 155325
20, 3030, 26, 154041, 158156
20, 3040, 26, 153827, 157057
20, 3050, 26, 153153, 156114
20, 3060, 26, 152876, 155932
20, 3070, 26, 152774, 152932
20, 3080, 26, 152774, 154113
20, 3090, 26, 152459, 152774
20, 3100, 26, 152459, 155585
20, 3110, 26, 152399, 155634
20, 3120, 26, 152053, 156246
20, 3130, 26, 151692, 152053
20, 3140, 26, 151533, 153234
20, 3150, 26, 151533, 151533
20, 3160, 26, 151246, 153220
20, 3170, 26, 151246, 155838
20, 3180, 26, 151012, 154888
20, 3190, 26, 150185, 151058
20, 3200, 26, 149684, 150721
20, 3210, 26, 149239, 155111
20, 3220, 26, 149239, 150573
20, 3230, 26, 149239, 151030
20, 3240, 26, 148918, 152090
20, 3250, 26, 148913, 148918
20, 3260, 26, 148879, 150708
20, 3270, 26, 148879, 151671
20, 3280, 26, 148685, 151832
20, 3290, 26, 148627, 151365
20, 3300, 26, 148141, 149368
20, 3310, 26, 147419, 148974
20, 3320, 26, 147238, 148488
20, 3330, 26, 147238, 147238
20, 3340, 26, 146847, 147976
20, 3350, 26, 146597, 149958
20, 3360, 26, 146139, 147529
20, 3370, 26, 146139, 148649
20, 3380, 26, 146139, 147828
20, 3390, 26, 146105, 150687
20, 3400, 26, 145957, 149315
20, 3410, 26, 145513, 145513
20, 3420, 26, 145342, 148893
20, 3430, 26, 145184, 145342
20, 3440, 26, 145184, 148214
20, 3450, 26, 144600, 147296
20, 3460, 26, 144580, 147109
20, 3470, 26, 144445, 145698
20, 3480, 26, 144329, 146772
20, 3490, 26, 143533, 144881
20, 3500, 26, 142540, 145172
20, 3510, 26, 142540, 142540
20, 3520, 26, 142400, 144639
20, 3530, 26, 141337, 144625
20, 3540, 26, 141141, 143669
20, 3550, 26, 140940, 143082
20, 3560, 26, 140940, 142403
20, 3570, 26, 140922, 144439
20, 3580, 26, 140922, 142036
20, 3590, 26, 140159, 146268
20, 3600, 26, 139908, 141211
20, 3610, 26, 139908, 143201
20, 3620, 26, 139846, 139908
20, 3630, 26, 139680, 141450
20, 3640, 26, 139662, 144029
20, 3650, 26, 139501, 139961
20, 3660, 26, 139247, 142325
20, 3670, 26, 138305, 138366
20, 3680, 26, 138178, 139904
20, 3690, 26, 137508, 137749
20, 3700, 26, 137508, 141641
20, 3710, 26, 137197, 139367
20, 3720, 26, 136997, 138203
20, 3730, 26, 136997, 138916
20, 3740, 26, 136990, 138585
20, 3750, 26, 136581, 139723
20, 3760, 26, 136536, 140495
20, 3770, 26, 136536, 139877
20, 3780, 26, 136536, 136536
20, 3790, 26, 136488, 136488
20, 3800, 26, 136276, 140152
20, 3810, 26, 136004, 137965
20, 3820, 26, 136004, 138483
20, 3830, 26, 136004, 138392
20, 3840, 26, 135820, 139518
20, 3850, 26, 135450, 137821
20, 3860, 26, 135345, 137170
20, 3870, 26, 135298, 138669
20, 3880, 26, 135298, 136617
20, 3890, 26, 135254, 137047
20, 3900, 26, 134898, 136724
20, 3910, 26, 134814, 138871
20, 3920, 26, 134303, 136107
20, 3930, 26, 134303, 134538
20, 3940, 26, 134303, 137115
20, 3950, 26, 134303, 137703
20, 3960, 26, 133639, 137412
20, 3970, 26, 133639, 133726
20, 3980, 26, 133621, 137085
20, 3990, 26, 133621, 136516
20, 4000, 26, 133621, 135098
20, 4010, 26, 133609, 134970
20, 4020, 26, 133609, 133693
20, 4030, 26, 133583, 136528
20, 4040, 26, 133281, 136366
20, 4050, 26, 133020, 138907
20, 4060, 26, 132961, 136070
20, 4070, 26, 132536, 134834
20, 4080, 26, 132536, 133550
20, 4090, 26, 132536, 132536
20, 4100, 26, 132468, 134054
20, 4110, 26, 132468, 136450
20, 4120, 26, 132468, 135814
20, 4130, 26, 132290, 134788
20, 4140, 26, 132290, 135802
20, 4150, 26, 132202, 134804
20, 4160, 26, 132202, 136640
20, 4170, 26, 132202, 135570
20, 4180, 26, 132202, 136821
20, 4190, 26, 131525, 132418
20, 4200, 26, 131484, 133357
20, 4210, 26, 131484, 133307
20, 4220, 26, 131484, 132332
20, 4230, 26, 131285, 136344
20, 4240, 26, 131285, 134168
20, 4250, 26, 131278, 134374
20, 4260, 26, 131278, 132218
20, 4270, 26, 130876, 131278
20, 4280, 26, 130598, 132694
20, 4290, 26, 130475, 130480
20, 4300, 26, 129560, 130242
20, 4310, 26, 129383, 129523
20, 4320, 26, 128905, 129097
20, 4330, 26, 128636, 129104
20, 4340, 26, 128636, 130298
20, 4350, 26, 128636, 130264
20, 4360, 26, 128435, 128636
20, 4370, 26, 128435, 129572
20, 4380, 26, 128435, 133676
20, 4390, 26, 128435, 130901
20, 4400, 26, 128404, 128404
20, 4410, 26, 128404, 130176
20, 4420, 26, 128292, 129662
20, 4430, 26, 128269, 131506
20, 4440, 26, 128014, 130180
20, 4450, 26, 127855, 128133
20, 4460, 26, 127717, 127855
20, 4470, 26, 127519, 129506
20, 4480, 26, 127422, 128285
20, 4490, 26, 127422, 130305
20, 4500, 26, 127422, 131285
20, 4510, 26, 127422, 131534
20, 4520, 26, 127181, 127181
20, 4530, 26, 126967, 128488
20, 4540, 26, 126172, 131642
20, 4550, 26, 126172, 127322
20, 4560, 26, 126086, 128887
20, 4570, 26, 125572, 128920
20, 4580, 26, 125572, 125572
20, 4590, 26, 125572, 126956
20, 4600, 26, 125372, 129714
20, 4610, 26, 125372, 127669
20, 4620, 26, 125372, 126946
20, 4630, 26, 125372, 126572
20, 4640, 26, 125297, 125372
20, 4650, 26, 125156, 125297
20, 4660, 26, 125047, 127181
20, 4670, 26, 125013, 126253
20, 4680, 26, 124943, 125013
20, 4690, 26, 124942, 127764
20, 4700, 26, 124697, 129818
20, 4710, 26, 124529, 128934
20, 4720, 26, 124300, 125642
20, 4730, 26, 124249, 127517
20, 4740, 26, 124026, 125153
20, 4750, 26, 123838, 127525
20, 4760, 26, 123838, 126443
20, 4770, 26, 123767, 125494
20, 4780, 26, 123767, 123767
20, 4790, 26, 123767, 124568
20, 4800, 26, 123767, 127056
20, 4810, 26, 123767, 123767
20, 4820, 26, 123767, 125330
20, 4830, 26, 123655, 124995
20, 4840, 26, 123655, 125850
20, 4850, 26, 123655, 125777
20, 4860, 26, 123655, 126656
20, 4870, 26, 123321, 125615
20, 4880, 26, 123321, 124082
20, 4890, 26, 123321, 128241
20, 4900, 26, 123321, 123969
20, 4910, 26, 122947, 123321
20, 4920, 26, 122947, 124917
20, 4930, 26, 122516, 124615
20, 4940, 26, 122390, 123274
20, 4950, 26, 122219, 125462
20, 4960, 26, 122219, 124333
20, 4970, 26, 122025, 124612
20, 4980, 26, 122025, 125620
20, 4990, 26, 121620, 124746
20, 5000, 26, 121089, 124416
20, 5010, 26, 121075, 121089
20, 5020, 26, 121075, 124576
20, 5030, 26, 120816, 121872
20, 5040, 26, 120738, 122069
20, 5050, 26, 120430, 124082
20, 5060, 26, 120428, 123002
20, 5070, 26, 120415, 121104
20, 5080, 26, 120415, 120573
20, 5090, 26, 120058, 121654
20, 5100, 26, 120000, 121872
20, 5110, 26, 119887, 123366
20, 5120, 26, 119492, 121087
20, 5130, 26, 119229, 119957
20, 5140, 26, 118910, 121976
20, 5150, 26, 118910, 120442
20, 5160, 26, 118603, 119286
20, 5170, 26, 118539, 119877
20, 5180, 26, 118506, 121897
20, 5190, 26, 118506, 119758
20, 5200, 26, 118433, 118433
20, 5210, 26, 118162, 118162
20, 5220, 26, 117897, 118162
20, 5230, 26, 117897, 118019
20, 5240, 26, 117808, 121065
20, 5250, 26, 117808, 118080
20, 5260, 26, 117542, 120881
20, 5270, 26, 117484, 117542
20, 5280, 26, 117294, 119408
20, 5290, 26, 117294, 117294
20, 5300, 26, 117248, 119316
20, 5310, 26, 116894, 120509
20, 5320, 26, 116894, 120658
20, 5330, 26, 116894, 119796
20, 5340, 26, 116894, 119358
20, 5350, 26, 116894, 118475
20, 5360, 26, 116764, 117290
20, 5370, 26, 116208, 119775
20, 5380, 26, 115836, 119720
20, 5390, 26, 115809, 117054
20, 5400, 26, 115800, 116182
20, 5410, 26, 115730, 118590
20, 5420, 26, 115730, 118109
20, 5430, 26, 115730, 115730
20, 5440, 26, 115730, 116129
20, 5450, 26, 115730, 118527
20, 5460, 26, 115671, 117084
20, 5470, 26, 115571, 116371
20, 5480, 26, 115571, 115571
20, 5490, 26, 115505, 118011
20, 5500, 26, 115505, 115505
20, 5510, 26, 115358, 118192
20, 5520, 26, 114771, 117822
20, 5530, 26, 114585, 114585
20, 5540, 26, 114517, 116210
20, 5550, 26, 114489, 116444
20, 5560, 26, 114060, 114489
20, 5570, 26, 114025, 114987
20, 5580, 26, 113955, 115724
20, 5590, 26, 113849, 117198
20, 5600, 26, 113849, 115887
20, 5610, 26, 113721, 113721
20, 5620, 26, 113721, 114691
20, 5630, 26, 113721, 115052
20, 5640, 26, 113335, 113721
20, 5650, 26, 113276, 114476
20, 5660, 26, 113049, 114140
20, 5670, 26, 112977, 114328
20, 5680, 26, 112704, 112977
20, 5690, 26, 112343, 113594
20, 5700, 26, 112343, 113754
20, 5710, 26, 111877, 112299
20, 5720, 26, 111877, 114096
20, 5730, 26, 111877, 115762
20, 5740, 26, 111684, 112995
20, 5750, 26, 111415, 115527
20, 5760, 26, 111415, 113121
20, 5770, 26, 111118, 111118
20, 5780, 26, 111118, 114153
20, 5790, 26, 110865, 110989
20, 5800, 26, 110839, 111005
20, 5810, 26, 110780, 112355
20, 5820, 26, 110780, 114761
20, 5830, 26, 110780, 111652
20, 5840, 26, 110606, 113687
20, 5850, 26, 110606, 110606
20, 5860, 26, 110606, 114395
20, 5870, 26, 110606, 111269
20, 5880, 26, 110587, 111708
20, 5890, 26, 110587, 113390
20, 5900, 26, 110587, 113353
20, 5910, 26, 110587, 110587
20, 5920, 26, 110587, 110587
20, 5930, 26, 110587, 112661
20, 5940, 26, 110549, 113057
20, 5950, 26, 110549, 114407
20, 5960, 26, 110549, 112126
20, 5970, 26, 110549, 110549
20, 5980, 26, 110549, 110611
20, 5990, 26, 110549, 112682
20, 6000, 26, 110549, 112149
20, 6010, 26, 110549, 113005
20, 6020, 26, 110537, 112305
20, 6030, 26, 110537, 111545
20, 6040, 26, 110537, 112872
20, 6050, 26, 110537, 110944
20, 6060, 26, 110359, 112368
20, 6070, 26, 110359, 114847
20, 6080, 26, 110200, 112115
20, 6090, 26, 110200, 110200
20, 6100, 26, 109882, 112290
20, 6110, 26, 109725, 112502
20, 6120, 26, 109560, 110419
20, 6130, 26, 109560, 109560
20, 6140, 26, 109478, 112440
20, 6150, 26, 109328, 111171
20, 6160, 26, 109328, 110341
20, 6170, 26, 109328, 110928
20, 6180, 26, 109269, 110699
20, 6190, 26, 109269, 112261
20, 6200, 26, 109269, 109269
20, 6210, 26, 109235, 113245
20, 6220, 26, 109235, 110508
20, 6230, 26, 109104, 109854
20, 6240, 26, 109104, 110242
20, 6250, 26, 109104, 110668
20, 6260, 26, 109084, 111135
20, 6270, 26, 109084, 111179
20, 6280, 26, 109084, 113324
20, 6290, 26, 109084, 110664
20, 6300, 26, 108899, 110417
20, 6310, 26, 108699, 109813
20, 6320, 26, 108699, 108699
20, 6330, 26, 108699, 108699
20, 6340, 26, 108582, 113401
20, 6350, 26, 108582, 110495
20, 6360, 26, 108582, 112640
20, 6370, 26, 108582, 108707
20, 6380, 26, 108582, 111564
20, 6390, 26, 108026, 109344
20, 6400, 26, 107881, 113719
20, 6410, 26, 107881, 110597
20, 6420, 26, 107825, 111104
20, 6430, 26, 107825, 110558
20, 6440, 26, 107825, 109431
20, 6450, 26, 107637, 107825
20, 6460, 26, 107637, 107637
20, 6470, 26, 107637, 112934
20, 6480, 26, 107637, 109041
20, 6490, 26, 107420, 109692
20, 6500, 26, 107420, 109462
20, 6510, 26, 107420, 108118
20, 6520, 26, 107292, 107292
20, 6530, 26, 107179, 107406
20, 6540, 26, 106663, 107179
20, 6550, 26, 106663, 109433
20, 6560, 26, 106663, 107852
20, 6570, 26, 106298, 107602
20, 6580, 26, 106171, 107547
20, 6590, 26, 106171, 108124
20, 6600, 26, 106122, 106122
20, 6610, 26, 106122, 108654
20, 6620, 26, 106040, 106122
20, 6630, 26, 106040, 109847
20, 6640, 26, 105900, 106496
20, 6650, 26, 105762, 105762
20, 6660, 26, 105762, 108024
20, 6670, 26, 105762, 106149
20, 6680, 26, 105638, 108255
20, 6690, 26, 105638, 110738
20, 6700, 26, 105480, 106064
20, 6710, 26, 105480, 106495
20, 6720, 26, 105480, 109377
20, 6730, 26, 105299, 106767
20, 6740, 26, 105182, 105299
20, 6750, 26, 105182, 110687
20, 6760, 26, 105182, 105182
20, 6770, 26, 105182, 105182
20, 6780, 26, 105182, 105182
20, 6790, 26, 105182, 105501
20, 6800, 26, 105182, 105182
20, 6810, 26, 104932, 104932
20, 6820, 26, 104932, 106902
20, 6830, 26, 104932, 107950
20, 6840, 26, 104932, 110590
20, 6850, 26, 104932, 106436
20, 6860, 26, 104796, 107231
20, 6870, 26, 104796, 107488
20, 6880, 26, 104731, 104796
20, 6890, 26, 104731, 104731
20, 6900, 26, 104731, 107638
20, 6910, 26, 104706, 108923
20, 6920, 26, 104648, 105304
20, 6930, 26, 104632, 104648
20, 6940, 26, 104621, 107689
20, 6950, 26, 104621, 104621
20, 6960, 26, 104454, 104696
20, 6970, 26, 104454, 106578
20, 6980, 26, 104368, 104454
20, 6990, 26, 104368, 107774
20, 7000, 26, 104368, 108328
20, 7010, 26, 104368, 106554
20, 7020, 26, 104368, 107059
20, 7030, 26, 104368, 106292
20, 7040, 26, 103885, 106789
20, 7050, 26, 103885, 105578
20, 7060, 26, 103761, 106491
20, 7070, 26, 103761, 106610
20, 7080, 26, 103595, 105996
20, 7090, 26, 103488, 104896
20, 7100, 26, 103487, 104676
20, 7110, 26, 103403, 107480
20, 7120, 26, 103403, 107552
20, 7130, 26, 103037, 105052
20, 7140, 26, 103037, 103521
20, 7150, 26, 103037, 103037
20, 7160, 26, 103037, 103037
20, 7170, 26, 103037, 103037
20, 7180, 26, 103037, 106712
20, 7190, 26, 103037, 107352
20, 7200, 26, 103037, 105491
20, 7210, 26, 103037, 106724
20, 7220, 26, 103037, 103037
20, 7230, 26, 103032, 104483
20, 7240, 26, 103032, 103312
20, 7250, 26, 103032, 103032
20, 7260, 26, 102730, 103446
20, 7270, 26, 102730, 103752
20, 7280, 26, 102636, 104846
20, 7290, 26, 102636, 106615
20, 7300, 26, 102636, 106504
20, 7310, 26, 102636, 105585
20, 7320, 26, 102636, 104263
20, 7330, 26, 102636, 103385
20, 7340, 26, 102588, 105390
20, 7350, 26, 102588, 106200
20, 7360, 26, 102588, 104294
20, 7370, 26, 102588, 105258
20, 7380, 26, 102588, 105472
20, 7390, 26, 102588, 102588
20, 7400, 26, 102588, 104407
20, 7410, 26, 102563, 102588
20, 7420, 26, 102563, 102563
20, 7430, 26, 102301, 102301
20, 7440, 26, 102288, 102288
20, 7450, 26, 102288, 104572
20, 7460, 26, 102288, 106313
20, 7470, 26, 102288, 102288
20, 7480, 26, 102024, 102288
20, 7490, 26, 102024, 103954
20, 7500, 26, 102024, 103292
20, 7510, 26, 102024, 103008
20, 7520, 26, 101940, 105053
20, 7530, 26, 101936, 104415
20, 7540, 26, 101755, 101936
20, 7550, 26, 101692, 101755
20, 7560, 26, 101692, 105228
20, 7570, 26, 101692, 102989
20, 7580, 26, 101692, 102505
20, 7590, 26, 101692, 101858
20, 7600, 26, 101692, 103017
20, 7610, 26, 101564, 102864
20, 7620, 26, 101485, 102710
20, 7630, 26, 101485, 101531
20, 7640, 26, 101353, 102088
20, 7650, 26, 101353, 101948
20, 7660, 26, 101234, 101353
20, 7670, 26, 101234, 102422
20, 7680, 26, 101234, 101793
20, 7690, 26, 101234, 101234
20, 7700, 26, 101234, 101234
20, 7710, 26, 101124, 101234
20, 7720, 26, 100310, 102405
20, 7730, 26, 100310, 100310
20, 7740, 26, 100310, 103043
20, 7750, 26, 100310, 100310
20, 7760, 26, 100310, 100661
20, 7770, 26, 100237, 100310
20, 7780, 26, 100237, 100557
20, 7790, 26, 100237, 102500
20, 7800, 26, 100172, 102318
20, 7810, 26, 100029, 100029
20, 7820, 26, 100029, 100334
20, 7830, 26, 100029, 100029
20, 7840, 26, 100021, 101382
20, 7850, 26, 99797, 99880
20, 7860, 26, 99797, 99797
20, 7870, 26, 99797, 99797
20, 7880, 26, 99797, 101295
20, 7890, 26, 99756, 100291
20, 7900, 26, 99756, 100529
20, 7910, 26, 99756, 100021
20, 7920, 26, 99756, 99756
20, 7930, 26, 99756, 102062
20, 7940, 26, 99704, 103027
20, 7950, 26, 99704, 101085
20, 7960, 26, 99704, 99704
20, 7970, 26, 99704, 99763
20, 7980, 26, 99704, 101955
20, 7990, 26, 99704, 102184
20, 8000, 26, 99704, 101009
20, 8010, 26, 99656, 100996
20, 8020, 26, 99418, 99418
20, 8030, 26, 99418, 99418
20, 8040, 26, 99418, 101328
20, 8050, 26, 99161, 99418
20, 8060, 26, 99161, 99161
20, 8070, 26, 99084, 99496
20, 8080, 26, 99084, 99084
20, 8090, 26, 98945, 99084
20, 8100, 26, 98709, 101022
20, 8110, 26, 98709, 98709
20, 8120, 26, 98709, 98709
20, 8130, 26, 98709, 103290
20, 8140, 26, 98709, 99898
20, 8150, 26, 98650, 98709
20, 8160, 26, 98650, 101240
20, 8170, 26, 98650, 98979
20, 8180, 26, 98650, 101173
20, 8190, 26, 98650, 98650
20, 8200, 26, 98628, 98650
20, 8210, 26, 98628, 98628
20, 8220, 26, 98484, 101136
20, 8230, 26, 98441, 98484
20, 8240, 26, 98441, 98441
20, 8250, 26, 98438, 98441
20, 8260, 26, 98438, 98438
20, 8270, 26, 98420, 98438
20, 8280, 26, 98420, 100214
20, 8290, 26, 98420, 98753
20, 8300, 26, 98420, 98420
20, 8310, 26, 98420, 99820
20, 8320, 26, 98305, 100465
20, 8330, 26, 98305, 99103
20, 8340, 26, 98305, 98305
20, 8350, 26, 98305, 98305
20, 8360, 26, 98265, 98305
20, 8370, 26, 98265, 98388
20, 8380, 26, 98265, 99055
20, 8390, 26, 98265, 101282
20, 8400, 26, 98265, 100790
20, 8410, 26, 98265, 99408
20, 8420, 26, 98265, 98265
20, 8430, 26, 98265, 98265
20, 8440, 26, 98265, 98970
20, 8450, 26, 98265, 100233
20, 8460, 26, 98265, 98265
20, 8470, 26, 98257, 98257
20, 8480, 26, 98257, 99579
20, 8490, 26, 98257, 100247
20, 8500, 26, 98257, 99849
20, 8510, 26, 98257, 98257
20, 8520, 26, 97805, 100940
20, 8530, 26, 97579, 100324
20, 8540, 26, 97357, 98070
20, 8550, 26, 97322, 99147
20, 8560, 26, 97322, 97322
20, 8570, 26, 97322, 98000
20, 8580, 26, 97191, 97191
20, 8590, 26, 97185, 97185
20, 8600, 26, 97185, 97751
20, 8610, 26, 97185, 98741
20, 8620, 26, 97185, 97185
20, 8630, 26, 97185, 97185
20, 8640, 26, 97185, 98356
20, 8650, 26, 97185, 98240
20, 8660, 26, 97126, 97185
20, 8670, 26, 97126, 97126
20, 8680, 26, 97126, 98818
20, 8690, 26, 97126, 99497
20, 8700, 26, 97006, 98151
20, 8710, 26, 96973, 96973
20, 8720, 26, 96973, 99752
20, 8730, 26, 96973, 96973
20, 8740, 26, 96973, 98955
20, 8750, 26, 96973, 100042
20, 8760, 26, 96973, 99590
20, 8770, 26, 96952, 96973
20, 8780, 26, 96952, 96952
20, 8790, 26, 96952, 96952
20, 8800, 26, 96952, 99341
20, 8810, 26, 96778, 98951
20, 8820, 26, 96778, 98804
20, 8830, 26, 96778, 99504
20, 8840, 26, 96778, 97790
20, 8850, 26, 96668, 96778
20, 8860, 26, 96640, 97890
20, 8870, 26, 96640, 96640
20, 8880, 26, 96479, 96640
20, 8890, 26, 96479, 96479
20, 8900, 26, 96438, 96438
20, 8910, 26, 96438, 96438
20, 8920, 26, 96267, 97599
20, 8930, 26, 96255, 98168
20, 8940, 26, 96255, 98940
20, 8950, 26, 96222, 96222
20, 8960, 26, 96022, 96222
20, 8970, 26, 96022, 96022
20, 8980, 26, 96022, 99133
20, 8990, 26, 96022, 96022
20, 9000, 26, 96022, 96022
20, 9010, 26, 96022, 98327
20, 9020, 26, 96022, 96022
20, 9030, 26, 96022, 96022
20, 9040, 26, 96022, 97286
20, 9050, 26, 96022, 96022
20, 9060, 26, 96022, 96022
20, 9070, 26, 96022, 96022
20, 9080, 26, 95953, 95953
20, 9090, 26, 95953, 95953
20, 9100, 26, 95905, 98061
20, 9110, 26, 95905, 96477
20, 9120, 26, 95789, 95789
20, 9130, 26, 95713, 95713
20, 9140, 26, 95713, 97618
20, 9150, 26, 95657, 95713
20, 9160, 26, 95657, 96710
20, 9170, 26, 95657, 97117
20, 9180, 26, 95657, 95657
20, 9190, 26, 95657, 95657
20, 9200, 26, 95657, 99733
20, 9210, 26, 95657, 97013
20, 9220, 26, 95657, 95657
20, 9230, 26, 95585, 95657
20, 9240, 26, 95574, 97221
20, 9250, 26, 95574, 98906
20, 9260, 26, 95533, 97417
20, 9270, 26, 95516, 97831
20, 9280, 26, 95472, 96551
20, 9290, 26, 95472, 97704
20, 9300, 26, 95472, 98552
20, 9310, 26, 95472, 98398
20, 9320, 26, 95472, 98367
20, 9330, 26, 95472, 97567
20, 9340, 26, 95413, 97919
20, 9350, 26, 95332, 95889
20, 9360, 26, 95332, 96011
20, 9370, 26, 95332, 95332
20, 9380, 26, 95332, 96714
20, 9390, 26, 95072, 95332
20, 9400, 26, 95072, 95072
20, 9410, 26, 95072, 95072
20, 9420, 26, 95072, 95072
20, 9430, 26, 95044, 95725
20, 9440, 26, 95044, 97089
20, 9450, 26, 95044, 95044
20, 9460, 26, 95044, 95044
20, 9470, 26, 95044, 96508
20, 9480, 26, 95044, 98681
20, 9490, 26, 95044, 95044
20, 9500, 26, 95026, 95026
20, 9510, 26, 94761, 95026
20, 9520, 26, 94761, 95097
20, 9530, 26, 94761, 94761
20, 9540, 26, 94761, 94831
20, 9550, 26, 94761, 98963
20, 9560, 26, 94761, 95211
20, 9570, 26, 94761, 94761
20, 9580, 26, 94561, 95839
20, 9590, 26, 94561, 96650
20, 9600, 26, 94561, 95070
20, 9610, 26, 94523, 94523
20, 9620, 26, 94523, 94523
20, 9630, 26, 94420, 94523
20, 9640, 26, 94420, 94420
20, 9650, 26, 94420, 94457
20, 9660, 26, 94038, 94038
20, 9670, 26, 94020, 95723
20, 9680, 26, 94020, 94020
20, 9690, 26, 93919, 93919
20, 9700, 26, 93919, 95611
20, 9710, 26, 93919, 93919
20, 9720, 26, 93919, 93919
20, 9730, 26, 93844, 93919
20, 9740, 26, 93844, 93844
20, 9750, 26, 93844, 93844
20, 9760, 26, 93844, 97490
20, 9770, 26, 93770, 95565
20, 9780, 26, 93770, 93770
20, 9790, 26, 93665, 93887
20, 9800, 26, 93665, 94776
20, 9810, 26, 93665, 95003
20, 9820, 26, 93525, 93718
20, 9830, 26, 93525, 94476
20, 9840, 26, 93525, 97069
20, 9850, 26, 93525, 97498
20, 9860, 26, 93525, 93525
20, 9870, 26, 93525, 93525
20, 9880, 26, 93525, 93525
20, 9890, 26, 93525, 93525
20, 9900, 26, 93525, 93525
20, 9910, 26, 93477, 93477
20, 9920, 26, 92953, 96416
20, 9930, 26, 92899, 92899
20, 9940, 26, 92899, 92899
20, 9950, 26, 92899, 92899
20, 9960, 26, 92899, 92899
20, 9970, 26, 92899, 92899
20, 9980, 26, 92899, 92899
20, 9990, 26, 92860, 92899
20, 10000, 26, 92860, 92860
20, 10010, 26, 92860, 93629
20, 10020, 26, 92860, 94327
20, 10030, 26, 92860, 95884
20, 10040, 26, 92860, 92860
20, 10050, 26, 92860, 92860
20, 10060, 26, 92694, 93770
20, 10070, 26, 92629, 92942
20, 10080, 26, 92629, 92629
20, 10090, 26, 92629, 92647
20, 10100, 26, 92381, 92381
20, 10110, 26, 92254, 92381
20, 10120, 26, 92163, 92254
20, 10130, 26, 92163, 93643
20, 10140, 26, 92163, 95707
20, 10150, 26, 91698, 92011
20, 10160, 26, 91698, 91698
20, 10170, 26, 91698, 91698
20, 10180, 26, 91698, 92449
20, 10190, 26, 91698, 94027
20, 10200, 26, 91633, 91698
20, 10210, 26, 91633, 93470
20, 10220, 26, 91580, 91580
20, 10230, 26, 91555, 91580
20, 10240, 26, 91555, 91555
20, 10250, 26, 91555, 93073
20, 10260, 26, 91555, 91555
20, 10270, 26, 91555, 91555
20, 10280, 26, 91381, 91381
20, 10290, 26, 91381, 91381
20, 10300, 26, 91221, 91221
20, 10310, 26, 91221, 94625
20, 10320, 26, 91045, 92969
20, 10330, 26, 91045, 91656
20, 10340, 26, 91039, 92032
20, 10350, 26, 91039, 92738
20, 10360, 26, 91039, 91039
20, 10370, 26, 91039, 91039
20, 10380, 26, 91039, 91039
20, 10390, 26, 91039, 94656
20, 10400, 26, 90980, 91039
20, 10410, 26, 90980, 93377
20, 10420, 26, 90980, 90980
20, 10430, 26, 90980, 90980
20, 10440, 26, 90980, 90980
20, 10450, 26, 90980, 93342
20, 10460, 26, 90980, 90980
20, 10470, 26, 90980, 91144
20, 10480, 26, 90498, 90980
20, 10490, 26, 90498, 90498
20, 10500, 26, 90498, 90498
20, 10510, 26, 90498, 90498
20, 10520, 26, 90122, 91489
20, 10530, 26, 90109, 92175
20, 10540, 26, 90109, 90109
20, 10550, 26, 90109, 92011
20, 10560, 26, 90046, 90109
20, 10570, 26, 90046, 90046
20, 10580, 26, 89988, 90046
20, 10590, 26, 89988, 89988
20, 10600, 26, 89897, 89897
20, 10610, 26, 89849, 89897
20, 10620, 26, 89808, 89849
20, 10630, 26, 89808, 89808
20, 10640, 26, 89764, 89764
20, 10650, 26, 89681, 91536
20, 10660, 26, 89597, 89597
20, 10670, 26, 89125, 89597
20, 10680, 26, 89107, 90795
20, 10690, 26, 89107, 89107
20, 10700, 26, 89089, 90282
20, 10710, 26, 89089, 90652
20, 10720, 26, 89089, 93320
20, 10730, 26, 89089, 89089
20, 10740, 26, 89089, 89089
20, 10750, 26, 89089, 89089
20, 10760, 26, 89089, 89466
20, 10770, 26, 88964, 89089
20, 10780, 26, 88964, 90218
20, 10790, 26, 88964, 88964
20, 10800, 26, 88964, 90124
20, 10810, 26, 88964, 91073
20, 10820, 26, 88964, 88964
20, 10830, 26, 88964, 91497
20, 10840, 26, 88964, 90849
20, 10850, 26, 88964, 88964
20, 10860, 26, 88964, 88964
20, 10870, 26, 88964, 90866
20, 10880, 26, 88964, 90398
20, 10890, 26, 88964, 90354
20, 10900, 26, 88964, 88964
20, 10910, 26, 88964, 89758
20, 10920, 26, 88964, 91544
20, 10930, 26, 88964, 89853
20, 10940, 26, 88964, 88964
20, 10950, 26, 88964, 88964
20, 10960, 26, 88964, 88964
20, 10970, 26, 88964, 88964
20, 10980, 26, 88964, 88964
20, 10990, 26, 88923, 88964
20, 11000, 26, 88923, 90567
20, 11010, 26, 88923, 91029
20, 11020, 26, 88923, 88923
20, 11030, 26, 88923, 88923
20, 11040, 26, 88753, 88823
20, 11050, 26, 88753, 88753
20, 11060, 26, 88753, 88753
20, 11070, 26, 88753, 88753
20, 11080, 26, 88753, 88753
20, 11090, 26, 88685, 88753
20, 11100, 26, 88685, 91885
20, 11110, 26, 88685, 88685
20, 11120, 26, 88685, 88685
20, 11130, 26, 88685, 88685
20, 11140, 26, 88685, 88685
20, 11150, 26, 88685, 88685
20, 11160, 26, 88552, 88552
20, 11170, 26, 88552, 88552
20, 11180, 26, 88552, 88552
20, 11190, 26, 88511, 90614
20, 11200, 26, 88511, 88511
20, 11210, 26, 88511, 88511
20, 11220, 26, 88511, 88511
20, 11230, 26, 88204, 89170
20, 11240, 26, 88204, 88204
20, 11250, 26, 88204, 89917
20, 11260, 26, 88204, 88204
20, 11270, 26, 88204, 88204
20, 11280, 26, 88204, 89070
20, 11290, 26, 88204, 88607
20, 11300, 26, 88096, 88096
20, 11310, 26, 88096, 88096
20, 11320, 26, 88096, 88096
20, 11330, 26, 88096, 88096
20, 11340, 26, 88096, 88096
20, 11350, 26, 87797, 90017
20, 11360, 26, 87797, 87797
20, 11370, 26, 87797, 87797
20, 11380, 26, 87761, 87761
20, 11390, 26, 87761, 87761
20, 11400, 26, 87682, 87682
20, 11410, 26, 87682, 87682
20, 11420, 26, 87682, 87682
20, 11430, 26, 87356, 87682
20, 11440, 26, 87356, 87356
20, 11450, 26, 87356, 89441
20, 11460, 26, 87356, 87356
20, 11470, 26, 87356, 87356
20, 11480, 26, 87320, 88686
20, 11490, 26, 87261, 87261
20, 11500, 26, 87261, 89135
20, 11510, 26, 87261, 87261
20, 11520, 26, 87261, 87261
20, 11530, 26, 87261, 87261
20, 11540, 26, 87261, 87261
20, 11550, 26, 87261, 87261
20, 11560, 26, 87101, 87261
20, 11570, 26, 87035, 88604
20, 11580, 26, 87035, 87035
20, 11590, 26, 86899, 87035
20, 11600, 26, 86899, 86899
20, 11610, 26, 86899, 86899
20, 11620, 26, 86899, 86899
20, 11630, 26, 86899, 86899
20, 11640, 26, 86888, 86888
20, 11650, 26, 86888, 91203
20, 11660, 26, 86888, 86888
20, 11670, 26, 86888, 86888
20, 11680, 26, 86806, 87028
20, 11690, 26, 86806, 86806
20, 11700, 26, 86806, 88558
20, 11710, 26, 86751, 86806
20, 11720, 26, 86751, 86751
20, 11730, 26, 86751, 86751
20, 11740, 26, 86751, 89816
20, 11750, 26, 86751, 88910
20, 11760, 26, 86751, 86751
20, 11770, 26, 86751, 86751
20, 11780, 26, 86751, 87384
20, 11790, 26, 86751, 86751
20, 11800, 26, 86751, 86751
20, 11810, 26, 86681, 86751
20, 11820, 26, 86681, 86681
20, 11830, 26, 86681, 86681
20, 11840, 26, 86681, 86681
20, 11850, 26, 86681, 86681
20, 11860, 26, 86681, 86681
20, 11870, 26, 86681, 86681
20, 11880, 26, 86522, 90156
20, 11890, 26, 86522, 86522
20, 11900, 26, 86522, 86522
20, 11910, 26, 86522, 86522
20, 11920, 26, 86522, 86522
20, 11930, 26, 86447, 90417
20, 11940, 26, 86447, 86447
20, 11950, 26, 86447, 86447
20, 11960, 26, 86231, 86231
20, 11970, 26, 86231, 86231
20, 11980, 26, 86231, 86231
20, 11990, 26, 86231, 86231
20, 12000, 26, 86231, 86231
20, 12010, 26, 86231, 87792
20, 12020, 26, 86231, 86231
20, 12030, 26, 86231, 86231
20, 12040, 26, 86055, 86055
20, 12050, 26, 86055, 86055
20, 12060, 26, 86055, 86055
20, 12070, 26, 85473, 86055
20, 12080, 26, 85473, 86185
20, 12090, 26, 85473, 85473
20, 12100, 26, 85473, 85473
20, 12110, 26, 85473, 85473
20, 12120, 26, 85473, 85473
20, 12130, 26, 85473, 85473
20, 12140, 26, 85390, 85473
20, 12150, 26, 85390, 85546
20, 12160, 26, 85181, 86287
20, 12170, 26, 85181, 85181
20, 12180, 26, 85181, 85181
20, 12190, 26, 85181, 85181
20, 12200, 26, 85163, 85181
20, 12210, 26, 85163, 85163
20, 12220, 26, 85163, 85163
20, 12230, 26, 85163, 85163
20, 12240, 26, 85163, 85163
20, 12250, 26, 85163, 85163
20, 12260, 26, 85163, 85163
20, 12270, 26, 85163, 85163
20, 12280, 26, 85163, 85163
20, 12290, 26, 85163, 88063
20, 12300, 26, 85163, 86134
20, 12310, 26, 85163, 85163
20, 12320, 26, 85163, 86467
20, 12330, 26, 85163, 85163
20, 12340, 26, 85163, 86054
20, 12350, 26, 85123, 85163
20, 12360, 26, 84785, 85058
20, 12370, 26, 84782, 84785
20, 12380, 26, 84782, 84782
20, 12390, 26, 84640, 84640
20, 12400, 26, 84640, 85151
20, 12410, 26, 84640, 84640
20, 12420, 26, 84640, 84640
20, 12430, 26, 84640, 86923
20, 12440, 26, 84640, 85288
20, 12450, 26, 84640, 86752
20, 12460, 26, 84640, 84640
20, 12470, 26, 84597, 84597
20, 12480, 26, 84597, 85457
20, 12490, 26, 84597, 84597
20, 12500, 26, 84479, 89447
20, 12510, 26, 84479, 84479
20, 12520, 26, 84479, 84479
20, 12530, 26, 84479, 86168
20, 12540, 26, 84343, 84343
20, 12550, 26, 84343, 84343
20, 12560, 26, 84343, 84343
20, 12570, 26, 84343, 84343
20, 12580, 26, 84343, 84343
20, 12590, 26, 84343, 84343
20, 12600, 26, 84343, 84343
20, 12610, 26, 83967, 84343
20, 12620, 26, 83967, 83967
20, 12630, 26, 83967, 83967
20, 12640, 26, 83905, 83905
20, 12650, 26, 83864, 83905
20, 12660, 26, 83864, 83864
20, 12670, 26, 83864, 83864
20, 12680, 26, 83861, 83861
20, 12690, 26, 83861, 83861
20, 12700, 26, 83861, 86204
20, 12710, 26, 83861, 83861
20, 12720, 26, 83861, 83861
20, 12730, 26, 83423, 83861
20, 12740, 26, 83423, 83423
20, 12750, 26, 83423, 83423
20, 12760, 26, 83423, 83423
20, 12770, 26, 83423, 83423
20, 12780, 26, 83423, 83423
20, 12790, 26, 83423, 83423
20, 12800, 26, 83423, 83423
20, 12810, 26, 83423, 83423
20, 12820, 26, 83423, 83549
20, 12830, 26, 83142, 83142
20, 12840, 26, 83142, 83142
20, 12850, 26, 83142, 83142
20, 12860, 26, 82845, 83142
20, 12870, 26, 82845, 82845
20, 12880, 26, 82845, 82845
20, 12890, 26, 82845, 82845
20, 12900, 26, 82845, 82845
20, 12910, 26, 82845, 82845
20, 12920, 26, 82700, 82700
20, 12930, 26, 82653, 82700
20, 12940, 26, 82653, 82653
20, 12950, 26, 82653, 83453
20, 12960, 26, 82653, 82653
20, 12970, 26, 82653, 82653
20, 12980, 26, 82653, 82653
20, 12990, 26, 82653, 82653
20, 13000, 26, 82618, 84823
20, 13010, 26, 82618, 82618
20, 13020, 26, 82618, 82618
20, 13030, 26, 82618, 82618
20, 13040, 26, 82618, 82618
20, 13050, 26, 82567, 82567
20, 13060, 26, 82567, 82567
20, 13070, 26, 82567, 82567
20, 13080, 26, 82526, 82567
20, 13090, 26, 82526, 82526
20, 13100, 26, 82526, 82526
20, 13110, 26, 82526, 82526
20, 13120, 26, 82526, 82526
20, 13130, 26, 82526, 82526
20, 13140, 26, 82461, 82526
20, 13150, 26, 82436, 84519
20, 13160, 26, 82436, 82436
20, 13170, 26, 82436, 82436
20, 13180, 26, 82436, 82436
20, 13190, 26, 82436, 82436
20, 13200, 26, 82436, 82436
20, 13210, 26, 82436, 82436
20, 13220, 26, 82436, 82436
20, 13230, 26, 82436, 84836
20, 13240, 26, 82436, 82436
20, 13250, 26, 82436, 82436
20, 13260, 26, 82436, 82436
20, 13270, 26, 82436, 82436
20, 13280, 26, 82200, 82394
20, 13290, 26, 82180, 82180
20, 13300, 26, 82180, 85179
20, 13310, 26, 82180, 82180
20, 13320, 26, 82180, 82180
20, 13330, 26, 82180, 82180
20, 13340, 26, 82180, 82180
20, 13350, 26, 82180, 82180
20, 13360, 26, 82180, 82180
20, 13370, 26, 82180, 82180
20, 13380, 26, 82126, 82126
20, 13390, 26, 82126, 82126
20, 13400, 26, 82126, 82126
20, 13410, 26, 82126, 82126
20, 13420, 26, 82126, 82126
20, 13430, 26, 82126, 82126
20, 13440, 26, 82104, 82126
20, 13450, 26, 82104, 82104
20, 13460, 26, 82104, 82104
20, 13470, 26, 82104, 82104
20, 13480, 26, 82063, 82104
20, 13490, 26, 82063, 82063
20, 13500, 26, 82063, 82063
20, 13510, 26, 82063, 82063
20, 13520, 26, 81980, 82063
20, 13530, 26, 81980, 81980
20, 13540, 26, 81980, 81980
20, 13550, 26, 81980, 83394
20, 13560, 26, 81929, 81929
20, 13570, 26, 81929, 81929
20, 13580, 26, 81929, 81929
20, 13590, 26, 81929, 83590
20, 13600, 26, 81929, 81929
20, 13610, 26, 81929, 81929
20, 13620, 26, 81929, 81929
20, 13630, 26, 81929, 81929
20, 13640, 26, 81791, 86354
20, 13650, 26, 81791, 81791
20, 13660, 26, 81791, 81791
20, 13670, 26, 81791, 81791
20, 13680, 26, 81791, 81791
20, 13690, 26, 81791, 83439
20, 13700, 26, 81791, 81791
20, 13710, 26, 81791, 81791
20, 13720, 26, 81757, 81791
20, 13730, 26, 81757, 81757
20, 13740, 26, 81757, 81757
20, 13750, 26, 81757, 81757
20, 13760, 26, 81737, 81742
20, 13770, 26, 81737, 81737
20, 13780, 26, 81737, 81737
20, 13790, 26, 81737, 81737
20, 13800, 26, 81737, 81737
20, 13810, 26, 81737, 83031
20, 13820, 26, 81737, 81737
20, 13830, 26, 81737, 81737
20, 13840, 26, 81737, 81737
20, 13850, 26, 81737, 81737
20, 13860, 26, 81737, 82610
20, 13870, 26, 81737, 81737
20, 13880, 26, 81737, 81737
20, 13890, 26, 81737, 81737
20, 13900, 26, 81737, 81737
20, 13910, 26, 81734, 81737
20, 13920, 26, 81734, 81734
20, 13930, 26, 81734, 81734
20, 13940, 26, 81734, 81734
20, 13950, 26, 81734, 81734
20, 13960, 26, 81734, 81734
20, 13970, 26, 81734, 81734
20, 13980, 26, 81734, 81734
20, 13990, 26, 81734, 81734
20, 14000, 26, 81734, 81734
20, 14010, 26, 81634, 81734
20, 14020, 26, 81634, 81634
20, 14030, 26, 81634, 81634
20, 14040, 26, 81634, 81634
20, 14050, 26, 81634, 81634
20, 14060, 26, 81634, 81634
20, 14070, 26, 81634, 81634
20, 14080, 26, 81634, 81634
20, 14090, 26, 81616, 81634
20, 14100, 26, 81616, 81616
20, 14110, 26, 81616, 81616
20, 14120, 26, 81616, 84849
20, 14130, 26, 81616, 81616
20, 14140, 26, 81493, 81493
20, 14150, 26, 81124, 81124
20, 14160, 26, 80924, 81124
20, 14170, 26, 80924, 80924
20, 14180, 26, 80924, 80924
20, 14190, 26, 80924, 80924
20, 14200, 26, 80924, 80924
20, 14210, 26, 80924, 80924
20, 14220, 26, 80924, 80924
20, 14230, 26, 80924, 80924
20, 14240, 26, 80924, 80924
20, 14250, 26, 80924, 80924
20, 14260, 26, 80924, 80924
20, 14270, 26, 80924, 80924
20, 14280, 26, 80924, 80924
20, 14290, 26, 80924, 80924
20, 14300, 26, 80924, 80924
20, 14310, 26, 80924, 80924
20, 14320, 26, 80924, 80924
20, 14330, 26, 80924, 80924
20, 14340, 26, 80924, 80924
20, 14350, 26, 80903, 80903
20, 14360, 26, 80903, 81202
20, 14370, 26, 80903, 80903
20, 14380, 26, 80903, 80903
20, 14390, 26, 80846, 80846
20, 14400, 26, 80846, 80846
20, 14410, 26, 80846, 80846
20, 14420, 26, 80846, 80846
20, 14430, 26, 80846, 80846
20, 14440, 26, 80846, 80846
20, 14450, 26, 80846, 80846
20, 14460, 26, 80846, 80846
20, 14470, 26, 80846, 80846
20, 14480, 26, 80846, 81179
20, 14490, 26, 80846, 80846
20, 14500, 26, 80743, 80743
20, 14510, 26, 80743, 80743
20, 14520, 26, 80743, 80743
20, 14530, 26, 80743, 80743
20, 14540, 26, 80743, 80743
20, 14550, 26, 80743, 83622
20, 14560, 26, 80743, 80743
20, 14570, 26, 80743, 80743
20, 14580, 26, 80692, 80692
20, 14590, 26, 80692, 80692
20, 14600, 26, 80692, 80692
20, 14610, 26, 80692, 80692
20, 14620, 26, 80692, 80692
20, 14630, 26, 80692, 80692
20, 14640, 26, 80692, 80692
20, 14650, 26, 80692, 80692
20, 14660, 26, 80692, 80692
20, 14670, 26, 80692, 80692
20, 14680, 26, 80632, 80632
20, 14690, 26, 80632, 80632
20, 14700, 26, 80632, 80632
20, 14710, 26, 80632, 80632
20, 14720, 26, 80632, 80632
20, 14730, 26, 80509, 80648
20, 14740, 26, 80509, 83106
20, 14750, 26, 80509, 80509
20, 14760, 26, 80502, 80502
20, 14770, 26, 80502, 80502
20, 14780, 26, 80502, 80502
20, 14790, 26, 80502, 80502
20, 14800, 26, 80502, 80502
20, 14810, 26, 80502, 80741
20, 14820, 26, 80502, 83361
20, 14830, 26, 80502, 80502
20, 14840, 26, 80502, 80502
20, 14850, 26, 80382, 80382
20, 14860, 26, 80382, 80798
20, 14870, 26, 80382, 80382
20, 14880, 26, 80382, 80382
20, 14890, 26, 80382, 80382
20, 14900, 26, 80382, 82484
20, 14910, 26, 80382, 80382
20, 14920, 26, 80382, 80382
20, 14930, 26, 80382, 80382
20, 14940, 26, 80382, 80382
20, 14950, 26, 80382, 80382
20, 14960, 26, 80382, 80382
20, 14970, 26, 80382, 80382
20, 14980, 26, 80382, 81023
20, 14990, 26, 80382, 80382
20, 15000, 26, 80382, 80382
20, 15010, 26, 80382, 80382
20, 15020, 26, 80258, 80258
20, 15030, 26, 80174, 80765
20, 15040, 26, 80174, 80174
20, 15050, 26, 80174, 80174
20, 15060, 26, 80174, 81174
20, 15070, 26, 80174, 80174
20, 15080, 26, 80174, 80174
20, 15090, 26, 80174, 80174
20, 15100, 26, 80174, 80174
20, 15110, 26, 80174, 80174
20, 15120, 26, 80089, 80089
20, 15130, 26, 80089, 80089
20, 15140, 26, 80089, 80089
20, 15150, 26, 80089, 80089
20, 15160, 26, 80089, 80089
20, 15170, 26, 80089, 80089
20, 15180, 26, 80089, 80089
20, 15190, 26, 80089, 80089
20, 15200, 26, 80089, 80089
20, 15210, 26, 80089, 80089
20, 15220, 26, 80089, 80089
20, 15230, 26, 80089, 80089
20, 15240, 26, 80089, 80089
20, 15250, 26, 80089, 80089
20, 15260, 26, 80089, 80089
20, 15270, 26, 80089, 80089
20, 15280, 26, 80089, 80089
20, 15290, 26, 80089, 80089
20, 15300, 26, 80089, 80089
20, 15310, 26, 79912, 80089
20, 15320, 26, 79912, 79912
20, 15330, 26, 79912, 79912
20, 15340, 26, 79811, 79811
20, 15350, 26, 79701, 80729
20, 15360, 26, 79701, 79701
20, 15370, 26, 79701, 79701
20, 15380, 26, 79701, 79701
20, 15390, 26, 79701, 79701
20, 15400, 26, 79701, 79701
20, 15410, 26, 79701, 79701
20, 15420, 26, 79701, 79701
20, 15430, 26, 79701, 79701
20, 15440, 26, 79701, 79701
20, 15450, 26, 79701, 79701
20, 15460, 26, 79701, 82448
20, 15470, 26, 79701, 79701
20, 15480, 26, 79701, 79701
20, 15490, 26, 79664, 79664
20, 15500, 26, 79664, 79664
20, 15510, 26, 79664, 79664
20, 15520, 26, 79664, 79664
20, 15530, 26, 79664, 79664
20, 15540, 26, 79664, 79664
20, 15550, 26, 79664, 79664
20, 15560, 26, 79664, 81913
20, 15570, 26, 79664, 79664
20, 15580, 26, 79664, 79664
20, 15590, 26, 79664, 79664
20, 15600, 26, 79664, 79664
20, 15610, 26, 79664, 79664
20, 15620, 26, 79664, 79664
20, 15630, 26, 79664, 79664
20, 15640, 26, 79664, 79664
20, 15650, 26, 79605, 81107
20, 15660, 26, 79364, 79364
20, 15670, 26, 79364, 79364
20, 15680, 26, 79364, 79364
20, 15690, 26, 79364, 80337
20, 15700, 26, 79364, 79364
20, 15710, 26, 79364, 79364
20, 15720, 26, 79364, 79364
20, 15730, 26, 79364, 79364
20, 15740, 26, 79364, 79364
20, 15750, 26, 79364, 79364
20, 15760, 26, 79364, 81057
20, 15770, 26, 79364, 79364
20, 15780, 26, 79364, 79364
20, 15790, 26, 79364, 79364
20, 15800, 26, 79364, 79364
20, 15810, 26, 79364, 79364
20, 15820, 26, 79364, 80935
20, 15830, 26, 79364, 79364
20, 15840, 26, 79280, 79280
20, 15850, 26, 79280, 79280
20, 15860, 26, 79212, 79212
20, 15870, 26, 79056, 79056
20, 15880, 26, 79056, 79056
20, 15890, 26, 79056, 79056
20, 15900, 26, 78932, 78932
20, 15910, 26, 78932, 78932
20, 15920, 26, 78932, 78932
20, 15930, 26, 78932, 82931
20, 15940, 26, 78932, 78932
20, 15950, 26, 78932, 78932
20, 15960, 26, 78932, 78932
20, 15970, 26, 78932, 78932
20, 15980, 26, 78932, 78932
20, 15990, 26, 78932, 78932
20, 16000, 26, 78932, 78932
20, 16010, 26, 78932, 78932
20, 16020, 26, 78932, 78932
20, 16030, 26, 78932, 78932
20, 16040, 26, 78932, 78932
20, 16050, 26, 78932, 78932
20, 16060, 26, 78932, 78932
20, 16070, 26, 78932, 78932
20, 16080, 26, 78932, 78932
20, 16090, 26, 78932, 78932
20, 16100, 26, 78932, 80002
20, 16110, 26, 78932, 78932
20, 16120, 26, 78932, 78932
20, 16130, 26, 78932, 78932
20, 16140, 26, 78932, 78932
20, 16150, 26, 78932, 78932
20, 16160, 26, 78932, 78932
20, 16170, 26, 78932, 78932
20, 16180, 26, 78894, 78894
20, 16190, 26, 78876, 78876
20, 16200, 26, 78876, 78876
20, 16210, 26, 78876, 78876
20, 16220, 26, 78876, 78876
20, 16230, 26, 78876, 78876
20, 16240, 26, 78793, 80155
20, 16250, 26, 78793, 78793
20, 16260, 26, 78793, 78793
20, 16270, 26, 78793, 78793
20, 16280, 26, 78793, 78793
20, 16290, 26, 78793, 78793
20, 16300, 26, 78793, 78793
20, 16310, 26, 78734, 78793
20, 16320, 26, 78734, 78734
20, 16330, 26, 78651, 78651
20, 16340, 26, 78651, 78651
20, 16350, 26, 78651, 78651
20, 16360, 26, 78651, 78651
20, 16370, 26, 78651, 78651
20, 16380, 26, 78651, 78651
20, 16390, 26, 78651, 78651
20, 16400, 26, 78651, 78651
20, 16410, 26, 78651, 78651
20, 16420, 26, 78651, 78651
20, 16430, 26, 78651, 78651
20, 16440, 26, 78651, 78651
20, 16450, 26, 78651, 78651
20, 16460, 26, 78651, 78651
20, 16470, 26, 78651, 78651
20, 16480, 26, 78651, 78651
20, 16490, 26, 78651, 78651
20, 16500, 26, 78651, 78651
20, 16510, 26, 78651, 78651
20, 16520, 26, 78651, 78651
20, 16530, 26, 78651, 78651
20, 16540, 26, 78651, 78651
20, 16550, 26, 78625, 78625
20, 16560, 26, 78625, 78625
20, 16570, 26, 78625, 78625
20, 16580, 26, 78625, 78625
20, 16590, 26, 78625, 78625
20, 16600, 26, 78625, 78625
20, 16610, 26, 78625, 78625
20, 16620, 26, 78625, 78625
20, 16630, 26, 78625, 78625
20, 16640, 26, 78625, 78625
20, 16650, 26, 78625, 78625
20, 16660, 26, 78625, 78625
20, 16670, 26, 78625, 78625
20, 16680, 26, 78625, 78625
20, 16690, 26, 78625, 80856
20, 16700, 26, 78625, 78625
20, 16710, 26, 78625, 78625
20, 16720, 26, 78625, 78625
20, 16730, 26, 78625, 78625
20, 16740, 26, 78625, 78625
20, 16750, 26, 78588, 78588
20, 16760, 26, 78588, 78588
20, 16770, 26, 78390, 78390
20, 16780, 26, 78390, 78390
20, 16790, 26, 78390, 78390
20, 16800, 26, 78390, 78390
20, 16810, 26, 78365, 78390
20, 16820, 26, 78365, 78365
20, 16830, 26, 78365, 78365
20, 16840, 26, 78365, 78365
20, 16850, 26, 78365, 78365
20, 16860, 26, 78365, 78365
20, 16870, 26, 78365, 78365
20, 16880, 26, 78365, 78365
20, 16890, 26, 78365, 78365
20, 16900, 26, 78365, 78365
20, 16910, 26, 78260, 78260
20, 16920, 26, 78260, 78260
20, 16930, 26, 78260, 78260
20, 16940, 26, 78260, 78260
20, 16950, 26, 78260, 78260
20, 16960, 26, 78260, 78260
20, 16970, 26, 78260, 78260
20, 16980, 26, 78260, 78260
20, 16990, 26, 78260, 78260
20, 17000, 26, 78260, 78260
20, 17010, 26, 78260, 78260
20, 17020, 26, 78260, 78260
20, 17030, 26, 78260, 78260
20, 17040, 26, 78260, 78260
20, 17050, 26, 78260, 78260
20, 17060, 26, 78260, 78260
20, 17070, 26, 78231, 78231
20, 17080, 26, 78231, 78231
20, 17090, 26, 78231, 78231
20, 17100, 26, 78231, 79051
20, 17110, 26, 78231, 78231
20, 17120, 26, 78231, 78231
20, 17130, 26, 78231, 78231
20, 17140, 26, 78231, 78231
20, 17150, 26, 78231, 78231
20, 17160, 26, 78231, 78231
20, 17170, 26, 78231, 78231
20, 17180, 26, 78231, 78231
20, 17190, 26, 78231, 78231
20, 17200, 26, 78224, 78224
20, 17210, 26, 78224, 78224
20, 17220, 26, 78224, 78224
20, 17230, 26, 78224, 78224
20, 17240, 26, 78224, 78224
20, 17250, 26, 78224, 78224
20, 17260, 26, 78224, 78224
20, 17270, 26, 78224, 78224
20, 17280, 26, 78224, 78224
20, 17290, 26, 78224, 78224
20, 17300, 26, 78224, 78224
20, 17310, 26, 78224, 78224
20, 17320, 26, 78224, 78224
20, 17330, 26, 78224, 78224
20, 17340, 26, 78224, 78224
20, 17350, 26, 78224, 78224
20, 17360, 26, 77904, 77904
20, 17370, 26, 77904, 77904
20, 17380, 26, 77904, 77904
20, 17390, 26, 77904, 77904
20, 17400, 26, 77904, 77904
20, 17410, 26, 77904, 77904
20, 17420, 26, 77904, 77904
20, 17430, 26, 77904, 77904
20, 17440, 26, 77904, 77904
20, 17450, 26, 77904, 79094
20, 17460, 26, 77904, 77904
20, 17470, 26, 77904, 77904
20, 17480, 26, 77904, 77904
20, 17490, 26, 77904, 77904
20, 17500, 26, 77846, 77904
20, 17510, 26, 77846, 77846
20, 17520, 26, 77846, 77846
20, 17530, 26, 77846, 77846
20, 17540, 26, 77846, 77846
20, 17550, 26, 77846, 77846
20, 17560, 26, 77846, 77846
20, 17570, 26, 77846, 77846
20, 17580, 26, 77846, 77846
20, 17590, 26, 77702, 77846
20, 17600, 26, 77702, 77702
20, 17610, 26, 77702, 77702
20, 17620, 26, 77702, 77702
20, 17630, 26, 77702, 77702
20, 17640, 26, 77702, 77702
20, 17650, 26, 77702, 77702
20, 17660, 26, 77702, 77702
20, 17670, 26, 77702, 77702
20, 17680, 26, 77702, 77702
20, 17690, 26, 77702, 77702
20, 17700, 26, 77702, 77702
20, 17710, 26, 77702, 77702
20, 17720, 26, 77702, 77702
20, 17730, 26, 77702, 77702
20, 17740, 26, 77702, 77702
20, 17750, 26, 77702, 77702
20, 17760, 26, 77702, 77702
20, 17770, 26, 77702, 77702
20, 17780, 26, 77702, 77702
20, 17790, 26, 77702, 77702
20, 17800, 26, 77702, 77702
20, 17810, 26, 77702, 77702
20, 17820, 26, 77702, 78321
20, 17830, 26, 77691, 77691
20, 17840, 26, 77691, 77691
20, 17850, 26, 77691, 77691
20, 17860, 26, 77691, 77691
20, 17870, 26, 77691, 77691
20, 17880, 26, 77691, 77691
20, 17890, 26, 77691, 77691
20, 17900, 26, 77691, 77691
20, 17910, 26, 77658, 77691
20, 17920, 26, 77658, 77658
20, 17930, 26, 77658, 77658
20, 17940, 26, 77584, 77584
20, 17950, 26, 77584, 77584
20, 17960, 26, 77584, 77584
20, 17970, 26, 77584, 77584
20, 17980, 26, 77584, 77584
20, 17990, 26, 77584, 77584
20, 18000, 26, 77584, 77584
20, 18010, 26, 77584, 77584
20, 18020, 26, 77584, 77584
20, 18030, 26, 77584, 77584
20, 18040, 26, 77584, 77584
20, 18050, 26, 77584, 78421
20, 18060, 26, 77584, 77584
20, 18070, 26, 77584, 77584
20, 18080, 26, 77584, 77584
20, 18090, 26, 77584, 77584
20, 18100, 26, 77584, 77584
20, 18110, 26, 77584, 77584
20, 18120, 26, 77584, 77584
20, 18130, 26, 77584, 77584
20, 18140, 26, 77584, 77584
20, 18150, 26, 77584, 77584
20, 18160, 26, 77584, 77584
20, 18170, 26, 77584, 77584
20, 18180, 26, 77584, 77584
20, 18190, 26, 77584, 77584
20, 18200, 26, 77584, 77584
20, 18210, 26, 77584, 77584
20, 18220, 26, 77573, 77573
20, 18230, 26, 77539, 77539
20, 18240, 26, 77539, 77539
20, 18250, 26, 77539, 77539
20, 18260, 26, 77539, 77539
20, 18270, 26, 77539, 77539
20, 18280, 26, 77420, 77539
20, 18290, 26, 77420, 77420
20, 18300, 26, 77420, 77420
20, 18310, 26, 77420, 77420
20, 18320, 26, 77278, 77278
20, 18330, 26, 77278, 77278
20, 18340, 26, 77278, 77278
20, 18350, 26, 77278, 77278
20, 18360, 26, 77278, 77278
20, 18370, 26, 77278, 77278
20, 18380, 26, 77278, 77278
20, 18390, 26, 77278, 77278
20, 18400, 26, 77278, 77278
20, 18410, 26, 77278, 77278
20, 18420, 26, 77278, 77278
20, 18430, 26, 77278, 77278
20, 18440, 26, 77278, 77278
20, 18450, 26, 77278, 77278
20, 18460, 26, 77278, 77278
20, 18470, 26, 77278, 77278
20, 18480, 26, 77278, 77278
20, 18490, 26, 77278, 77278
20, 18500, 26, 77278, 77278
20, 18510, 26, 77278, 77278
20, 18520, 26, 77278, 77278
20, 18530, 26, 77278, 77278
20, 18540, 26, 77278, 77278
20, 18550, 26, 77073, 77073
20, 18560, 26, 76932, 77073
20, 18570, 26, 76932, 76932
20, 18580, 26, 76932, 76932
20, 18590, 26, 76932, 76932
20, 18600, 26, 76932, 76932
20, 18610, 26, 76932, 76932
20, 18620, 26, 76879, 76932
20, 18630, 26, 76580, 76580
20, 18640, 26, 76580, 76580
20, 18650, 26, 76580, 76580
20, 18660, 26, 76580, 76580
20, 18670, 26, 76580, 76580
20, 18680, 26, 76580, 76580
20, 18690, 26, 76580, 76580
20, 18700, 26, 76524, 76580
20, 18710, 26, 76524, 76524
20, 18720, 26, 76524, 76524
20, 18730, 26, 76524, 76524
20, 18740, 26, 76524, 76524
20, 18750, 26, 76524, 76524
20, 18760, 26, 76524, 76524
20, 18770, 26, 76524, 76524
20, 18780, 26, 76524, 76524
20, 18790, 26, 76524, 76524
20, 18800, 26, 76524, 76524
20, 18810, 26, 76524, 76524
20, 18820, 26, 76524, 76524
20, 18830, 26, 76524, 76524
20, 18840, 26, 76524, 76524
20, 18850, 26, 76524, 76524
20, 18860, 26, 76336, 76336
20, 18870, 26, 76336, 76336
20, 18880, 26, 76331, 76336
20, 18890, 26, 76331, 76331
20, 18900, 26, 76331, 76331
20, 18910, 26, 76331, 76331
20, 18920, 26, 76331, 76331
20, 18930, 26, 76331, 78042
20, 18940, 26, 76262, 76262
20, 18950, 26, 76262, 76262
20, 18960, 26, 76262, 76262
20, 18970, 26, 76262, 76262
20, 18980, 26, 76247, 76247
20, 18990, 26, 76247, 76247
20, 19000, 26, 76247, 76247
20, 19010, 26, 76247, 76247
20, 19020, 26, 76247, 76247
20, 19030, 26, 76247, 76247
20, 19040, 26, 76247, 76247
20, 19050, 26, 76247, 76247
20, 19060, 26, 76247, 76247
20, 19070, 26, 76195, 76247
20, 19080, 26, 76195, 76195
20, 19090, 26, 76195, 76195
20, 19100, 26, 76195, 76195
20, 19110, 26, 76195, 76195
20, 19120, 26, 76195, 76195
20, 19130, 26, 76195, 76195
20, 19140, 26, 76195, 76195
20, 19150, 26, 76195, 76195
20, 19160, 26, 76071, 76195
20, 19170, 26, 76071, 76071
20, 19180, 26, 76071, 76071
20, 19190, 26, 75815, 75815
20, 19200, 26, 75815, 75815
20, 19210, 26, 75815, 75815
20, 19220, 26, 75815, 75815
20, 19230, 26, 75815, 75815
20, 19240, 26, 75515, 75515
20, 19250, 26, 75515, 75515
20, 19260, 26, 75515, 75515
20, 19270, 26, 75515, 75515
20, 19280, 26, 75515, 75515
20, 19290, 26, 75515, 75515
20, 19300, 26, 75515, 75515
20, 19310, 26, 75515, 75515
20, 19320, 26, 75515, 75515
20, 19330, 26, 75515, 75515
20, 19340, 26, 75515, 75515
20, 19350, 26, 75515, 75515
20, 19360, 26, 75515, 75515
20, 19370, 26, 75515, 75515
20, 19380, 26, 75515, 75515
20, 19390, 26, 75515, 75515
20, 19400, 26, 75457, 75515
20, 19410, 26, 75457, 75457
20, 19420, 26, 75457, 75457
20, 19430, 26, 75457, 75457
20, 19440, 26, 75457, 75457
20, 19450, 26, 75457, 75457
20, 19460, 26, 75457, 75457
20, 19470, 26, 75457, 75457
20, 19480, 26, 75457, 75457
20, 19490, 26, 75457, 75457
20, 19500, 26, 75457, 75457
20, 19510, 26, 75457, 75457
20, 19520, 26, 75457, 75457
20, 19530, 26, 75457, 75457
20, 19540, 26, 75457, 75457
20, 19550, 26, 75457, 75457
20, 19560, 26, 75457, 75457
20, 19570, 26, 75457, 75457
20, 19580, 26, 75457, 75457
20, 19590, 26, 75457, 75457
20, 19600, 26, 75457, 75457
20, 19610, 26, 75457, 75457
20, 19620, 26, 75457, 75457
20, 19630, 26, 75457, 75457
20, 19640, 26, 75457, 75457
20, 19650, 26, 75457, 75457
20, 19660, 26, 75457, 75457
20, 19670, 26, 75457, 75457
20, 19680, 26, 75457, 75457
20, 19690, 26, 75457, 75457
20, 19700, 26, 75457, 75457
20, 19710, 26, 75457, 75457
20, 19720, 26, 75457, 75457
20, 19730, 26, 75457, 75457
20, 19740, 26, 75457, 75457
20, 19750, 26, 75457, 75457
20, 19760, 26, 75457, 75457
20, 19770, 26, 75457, 75457
20, 19780, 26, 75457, 75457
20, 19790, 26, 75457, 75457
20, 19800, 26, 75457, 75457
20, 19810, 26, 75457, 75457
20, 19820, 26, 75429, 75457
20, 19830, 26, 75429, 75429
20, 19840, 26, 75429, 75429
20, 19850, 26, 75429, 75429
20, 19860, 26, 75429, 75429
20, 19870, 26, 75429, 75429
20, 19880, 26, 75429, 75429
20, 19890, 26, 75429, 75429
20, 19900, 26, 75429, 75429
20, 19910, 26, 75429, 75429
20, 19920, 26, 75429, 75429
20, 19930, 26, 75429, 75429
20, 19940, 26, 75429, 75429
20, 19950, 26, 75429, 75429
20, 19960, 26, 75429, 75429
20, 19970, 26, 75412, 75412
20, 19980, 26, 75412, 75412
20, 19990, 26, 75412, 75412
