Population Size, Generation Count, Repetition, Best Fitness, Median Fitness
20, 0, 7, 739594, 772082
20, 10, 7, 701222, 716522
20, 20, 7, 686202, 690551
20, 30, 7, 669187, 672900
20, 40, 7, 650442, 654575
20, 50, 7, 639688, 643539
20, 60, 7, 628335, 632379
20, 70, 7, 617970, 622035
20, 80, 7, 610737, 615200
20, 90, 7, 600457, 603640
20, 100, 7, 593222, 595415
20, 110, 7, 581057, 584771
20, 120, 7, 572966, 577216
20, 130, 7, 564482, 569410
20, 140, 7, 557689, 561233
20, 150, 7, 552737, 553690
20, 160, 7, 539715, 542458
20, 170, 7, 530693, 534159
20, 180, 7, 519109, 522921
20, 190, 7, 514839, 518068
20, 200, 7, 511799, 513245
20, 210, 7, 507214, 509319
20, 220, 7, 502926, 505467
20, 230, 7, 496357, 498653
20, 240, 7, 490658, 495175
20, 250, 7, 485230, 488627
20, 260, 7, 479274, 483473
20, 270, 7, 471554, 474417
20, 280, 7, 468972, 470552
20, 290, 7, 463455, 466436
20, 300, 7, 458168, 462887
20, 310, 7, 455101, 458378
20, 320, 7, 451249, 453218
20, 330, 7, 445964, 448968
20, 340, 7, 440628, 443429
20, 350, 7, 434813, 437548
20, 360, 7, 430287, 431727
20, 370, 7, 426760, 429820
20, 380, 7, 422706, 426561
20, 390, 7, 418675, 421701
20, 400, 7, 415598, 417850
20, 410, 7, 409132, 415068
20, 420, 7, 406866, 409020
20, 430, 7, 402549, 406147
20, 440, 7, 397300, 398704
20, 450, 7, 394239, 399074
20, 460, 7, 390525, 391901
20, 470, 7, 388151, 392300
20, 480, 7, 386315, 387482
20, 490, 7, 384569, 386707
20, 500, 7, 378588, 381187
20, 510, 7, 374781, 381168
20, 520, 7, 372068, 374905
20, 530, 7, 368095, 371024
20, 540, 7, 368066, 369752
20, 550, 7, 365620, 367930
20, 560, 7, 362373, 365398
20, 570, 7, 360952, 363975
20, 580, 7, 357900, 362655
20, 590, 7, 355971, 356756
20, 600, 7, 354494, 355744
20, 610, 7, 353889, 356330
20, 620, 7, 352382, 353205
20, 630, 7, 351743, 355733
20, 640, 7, 351114, 353122
20, 650, 7, 345843, 347947
20, 660, 7, 345260, 347493
20, 670, 7, 344068, 345085
20, 680, 7, 341821, 344979
20, 690, 7, 341207, 344604
20, 700, 7, 339594, 342806
20, 710, 7, 336649, 338390
20, 720, 7, 334925, 337861
20, 730, 7, 333206, 334993
20, 740, 7, 333206, 335294
20, 750, 7, 330810, 332593
20, 760, 7, 329689, 332656
20, 770, 7, 325792, 330080
20, 780, 7, 325074, 328308
20, 790, 7, 321129, 325175
20, 800, 7, 320512, 323591
20, 810, 7, 319212, 320971
20, 820, 7, 316951, 319269
20, 830, 7, 315795, 317919
20, 840, 7, 315352, 319239
20, 850, 7, 314290, 315957
20, 860, 7, 311564, 315373
20, 870, 7, 311384, 314907
20, 880, 7, 309908, 313768
20, 890, 7, 308721, 311912
20, 900, 7, 307057, 311482
20, 910, 7, 306156, 309442
20, 920, 7, 304484, 306964
20, 930, 7, 303150, 304229
20, 940, 7, 301322, 304249
20, 950, 7, 301123, 304099
20, 960, 7, 299097, 301642
20, 970, 7, 297325, 300859
20, 980, 7, 294389, 300038
20, 990, 7, 291849, 292807
20, 1000, 7, 289120, 292309
20, 1010, 7, 287370, 289261
20, 1020, 7, 286868, 289790
20, 1030, 7, 285487, 286801
20, 1040, 7, 283719, 286520
20, 1050, 7, 281750, 284591
20, 1060, 7, 280572, 281862
20, 1070, 7, 278435, 280546
20, 1080, 7, 277710, 281102
20, 1090, 7, 276402, 279343
20, 1100, 7, 275980, 277037
20, 1110, 7, 275105, 277068
20, 1120, 7, 274539, 275297
20, 1130, 7, 274319, 276564
20, 1140, 7, 272877, 274761
20, 1150, 7, 271340, 273599
20, 1160, 7, 270728, 272269
20, 1170, 7, 269822, 274987
20, 1180, 7, 267835, 270487
20, 1190, 7, 266584, 268784
20, 1200, 7, 264965, 266962
20, 1210, 7, 263695, 265043
20, 1220, 7, 263121, 264572
20, 1230, 7, 260629, 263175
20, 1240, 7, 259531, 260801
20, 1250, 7, 258798, 260819
20, 1260, 7, 258065, 260663
20, 1270, 7, 257304, 260983
20, 1280, 7, 256107, 257107
20, 1290, 7, 255200, 256627
20, 1300, 7, 253954, 257093
20, 1310, 7, 251074, 256089
20, 1320, 7, 250808, 255764
20, 1330, 7, 250002, 253587
20, 1340, 7, 247318, 252142
20, 1350, 7, 246127, 248535
20, 1360, 7, 245265, 249817
20, 1370, 7, 244875, 247235
20, 1380, 7, 243856, 247453
20, 1390, 7, 243473, 248422
20, 1400, 7, 243289, 245363
20, 1410, 7, 243115, 245466
20, 1420, 7, 242457, 246311
20, 1430, 7, 241260, 242537
20, 1440, 7, 241008, 244353
20, 1450, 7, 240933, 241240
20, 1460, 7, 239441, 241888
20, 1470, 7, 238364, 241228
20, 1480, 7, 237602, 239703
20, 1490, 7, 237411, 240669
20, 1500, 7, 236024, 241708
20, 1510, 7, 235557, 237475
20, 1520, 7, 234209, 235718
20, 1530, 7, 233981, 238186
20, 1540, 7, 233828, 234935
20, 1550, 7, 233685, 236349
20, 1560, 7, 233109, 236897
20, 1570, 7, 232678, 235633
20, 1580, 7, 232005, 233049
20, 1590, 7, 231770, 233843
20, 1600, 7, 231145, 235691
20, 1610, 7, 229591, 230895
20, 1620, 7, 229071, 230692
20, 1630, 7, 227724, 231559
20, 1640, 7, 227724, 231491
20, 1650, 7, 226209, 230752
20, 1660, 7, 226209, 227835
20, 1670, 7, 225894, 229192
20, 1680, 7, 225229, 230003
20, 1690, 7, 225214, 226750
20, 1700, 7, 224967, 227427
20, 1710, 7, 221885, 227174
20, 1720, 7, 221003, 224892
20, 1730, 7, 220522, 223168
20, 1740, 7, 219425, 223787
20, 1750, 7, 219194, 222441
20, 1760, 7, 218983, 221740
20, 1770, 7, 218574, 220955
20, 1780, 7, 217734, 219539
20, 1790, 7, 217486, 218319
20, 1800, 7, 217389, 220575
20, 1810, 7, 216776, 220259
20, 1820, 7, 216612, 219478
20, 1830, 7, 215828, 217789
20, 1840, 7, 214816, 218919
20, 1850, 7, 214681, 216147
20, 1860, 7, 214425, 219149
20, 1870, 7, 213819, 217052
20, 1880, 7, 212868, 215858
20, 1890, 7, 212151, 214610
20, 1900, 7, 212151, 213425
20, 1910, 7, 211597, 212151
20, 1920, 7, 211328, 212301
20, 1930, 7, 210522, 212874
20, 1940, 7, 210522, 211473
20, 1950, 7, 210178, 212207
20, 1960, 7, 209958, 213606
20, 1970, 7, 209672, 210918
20, 1980, 7, 209595, 211541
20, 1990, 7, 208108, 210259
20, 2000, 7, 207106, 209223
20, 2010, 7, 206387, 210058
20, 2020, 7, 206187, 208679
20, 2030, 7, 205293, 209204
20, 2040, 7, 203687, 204325
20, 2050, 7, 203228, 204865
20, 2060, 7, 202794, 204518
20, 2070, 7, 202345, 205690
20, 2080, 7, 202064, 203952
20, 2090, 7, 200481, 202064
20, 2100, 7, 200081, 201639
20, 2110, 7, 199551, 204231
20, 2120, 7, 199034, 201439
20, 2130, 7, 199018, 199030
20, 2140, 7, 198620, 201300
20, 2150, 7, 197606, 198620
20, 2160, 7, 196886, 199626
20, 2170, 7, 196475, 197195
20, 2180, 7, 196270, 198304
20, 2190, 7, 196270, 199223
20, 2200, 7, 195884, 199516
20, 2210, 7, 195408, 198866
20, 2220, 7, 194818, 198970
20, 2230, 7, 194818, 196160
20, 2240, 7, 194526, 199959
20, 2250, 7, 193891, 195609
20, 2260, 7, 193490, 194363
20, 2270, 7, 192246, 195449
20, 2280, 7, 191640, 193953
20, 2290, 7, 190388, 193565
20, 2300, 7, 189773, 193081
20, 2310, 7, 189121, 193187
20, 2320, 7, 188864, 190147
20, 2330, 7, 187870, 190170
20, 2340, 7, 186988, 191277
20, 2350, 7, 186720, 189601
20, 2360, 7, 185855, 188669
20, 2370, 7, 185844, 190039
20, 2380, 7, 185568, 187189
20, 2390, 7, 185026, 190114
20, 2400, 7, 184631, 184916
20, 2410, 7, 184467, 185087
20, 2420, 7, 184248, 185929
20, 2430, 7, 183931, 188057
20, 2440, 7, 183471, 185206
20, 2450, 7, 183326, 186432
20, 2460, 7, 183041, 184268
20, 2470, 7, 182656, 187193
20, 2480, 7, 181612, 183485
20, 2490, 7, 181406, 182715
20, 2500, 7, 181372, 186559
20, 2510, 7, 181212, 181372
20, 2520, 7, 181211, 185954
20, 2530, 7, 180369, 181692
20, 2540, 7, 180109, 182331
20, 2550, 7, 180055, 185192
20, 2560, 7, 180055, 182089
20, 2570, 7, 179883, 182768
20, 2580, 7, 179883, 184220
20, 2590, 7, 178891, 182812
20, 2600, 7, 178734, 183582
20, 2610, 7, 177894, 178912
20, 2620, 7, 177637, 178910
20, 2630, 7, 177554, 177637
20, 2640, 7, 177400, 177554
20, 2650, 7, 177367, 179907
20, 2660, 7, 177093, 179494
20, 2670, 7, 176978, 180274
20, 2680, 7, 176376, 179136
20, 2690, 7, 175587, 181005
20, 2700, 7, 175561, 181903
20, 2710, 7, 175472, 178274
20, 2720, 7, 175472, 179144
20, 2730, 7, 175390, 179382
20, 2740, 7, 175135, 177666
20, 2750, 7, 175124, 177334
20, 2760, 7, 174573, 177625
20, 2770, 7, 174392, 179503
20, 2780, 7, 173684, 174999
20, 2790, 7, 173684, 176222
20, 2800, 7, 173611, 176404
20, 2810, 7, 171549, 175355
20, 2820, 7, 170777, 173785
20, 2830, 7, 170674, 172462
20, 2840, 7, 170382, 173184
20, 2850, 7, 169976, 173350
20, 2860, 7, 169454, 170660
20, 2870, 7, 168728, 169402
20, 2880, 7, 168384, 170246
20, 2890, 7, 168217, 170693
20, 2900, 7, 168193, 170048
20, 2910, 7, 168164, 170943
20, 2920, 7, 167871, 170186
20, 2930, 7, 167871, 171113
20, 2940, 7, 167682, 169294
20, 2950, 7, 167533, 169625
20, 2960, 7, 166973, 170320
20, 2970, 7, 166469, 168238
20, 2980, 7, 166160, 168624
20, 2990, 7, 166068, 171058
20, 3000, 7, 165623, 170284
20, 3010, 7, 164889, 165623
20, 3020, 7, 164485, 166227
20, 3030, 7, 164270, 165918
20, 3040, 7, 164035, 166543
20, 3050, 7, 163815, 163815
20, 3060, 7, 163098, 164893
20, 3070, 7, 162765, 162978
20, 3080, 7, 162230, 163695
20, 3090, 7, 161558, 164767
20, 3100, 7, 161428, 167040
20, 3110, 7, 161428, 163389
20, 3120, 7, 161334, 164521
20, 3130, 7, 160641, 164703
20, 3140, 7, 160641, 163407
20, 3150, 7, 159890, 162630
20, 3160, 7, 159890, 165830
20, 3170, 7, 159867, 161543
20, 3180, 7, 159848, 163238
20, 3190, 7, 159342, 162917
20, 3200, 7, 158934, 163379
20, 3210, 7, 158828, 160119
20, 3220, 7, 158828, 162095
20, 3230, 7, 158789, 159596
20, 3240, 7, 158599, 162559
20, 3250, 7, 158408, 160727
20, 3260, 7, 157664, 160970
20, 3270, 7, 157463, 160869
20, 3280, 7, 157151, 161128
20, 3290, 7, 157147, 159672
20, 3300, 7, 157048, 157048
20, 3310, 7, 156898, 160919
20, 3320, 7, 155848, 157920
20, 3330, 7, 155817, 160995
20, 3340, 7, 155817, 158386
20, 3350, 7, 155444, 162871
20, 3360, 7, 155310, 156629
20, 3370, 7, 154290, 158141
20, 3380, 7, 154121, 157896
20, 3390, 7, 153989, 155787
20, 3400, 7, 152504, 155133
20, 3410, 7, 152424, 154003
20, 3420, 7, 152410, 154509
20, 3430, 7, 152277, 152423
20, 3440, 7, 152277, 154362
20, 3450, 7, 151804, 156787
20, 3460, 7, 151000, 153241
20, 3470, 7, 150764, 151062
20, 3480, 7, 150499, 154159
20, 3490, 7, 150419, 150554
20, 3500, 7, 150327, 153096
20, 3510, 7, 150321, 153924
20, 3520, 7, 150127, 153197
20, 3530, 7, 149787, 149787
20, 3540, 7, 149787, 155885
20, 3550, 7, 149410, 150072
20, 3560, 7, 148331, 151039
20, 3570, 7, 147443, 151210
20, 3580, 7, 147443, 150748
20, 3590, 7, 147045, 149986
20, 3600, 7, 146856, 148964
20, 3610, 7, 146325, 151477
20, 3620, 7, 146187, 147297
20, 3630, 7, 145875, 148972
20, 3640, 7, 145846, 149273
20, 3650, 7, 145846, 147276
20, 3660, 7, 145282, 146555
20, 3670, 7, 144740, 149416
20, 3680, 7, 144408, 146293
20, 3690, 7, 144166, 147177
20, 3700, 7, 144025, 145729
20, 3710, 7, 143341, 145640
20, 3720, 7, 142964, 144136
20, 3730, 7, 142951, 145442
20, 3740, 7, 142755, 144668
20, 3750, 7, 142555, 143072
20, 3760, 7, 142077, 142140
20, 3770, 7, 141935, 145950
20, 3780, 7, 141695, 146671
20, 3790, 7, 141509, 144980
20, 3800, 7, 141333, 142518
20, 3810, 7, 141286, 143768
20, 3820, 7, 141131, 143782
20, 3830, 7, 140767, 142618
20, 3840, 7, 140557, 143167
20, 3850, 7, 140289, 141653
20, 3860, 7, 139632, 142825
20, 3870, 7, 139632, 142310
20, 3880, 7, 139632, 140966
20, 3890, 7, 139388, 141651
20, 3900, 7, 139388, 142799
20, 3910, 7, 139371, 139391
20, 3920, 7, 139051, 142183
20, 3930, 7, 139051, 140090
20, 3940, 7, 139051, 142248
20, 3950, 7, 138935, 141554
20, 3960, 7, 138547, 142394
20, 3970, 7, 138547, 138761
20, 3980, 7, 138197, 141585
20, 3990, 7, 138197, 142019
20, 4000, 7, 138048, 138048
20, 4010, 7, 137892, 140655
20, 4020, 7, 137892, 141187
20, 4030, 7, 137563, 140105
20, 4040, 7, 137563, 137961
20, 4050, 7, 137563, 140226
20, 4060, 7, 137529, 140879
20, 4070, 7, 137373, 139473
20, 4080, 7, 136746, 138652
20, 4090, 7, 136746, 138944
20, 4100, 7, 136707, 138174
20, 4110, 7, 136535, 136680
20, 4120, 7, 136281, 136535
20, 4130, 7, 136251, 138075
20, 4140, 7, 135818, 139000
20, 4150, 7, 135818, 137468
20, 4160, 7, 135663, 137746
20, 4170, 7, 135573, 137045
20, 4180, 7, 135438, 140716
20, 4190, 7, 135438, 136227
20, 4200, 7, 134904, 136906
20, 4210, 7, 134768, 136558
20, 4220, 7, 134645, 136463
20, 4230, 7, 134645, 137315
20, 4240, 7, 134645, 135081
20, 4250, 7, 134302, 134331
20, 4260, 7, 134302, 134426
20, 4270, 7, 134302, 135653
20, 4280, 7, 134247, 135879
20, 4290, 7, 134147, 134147
20, 4300, 7, 134025, 135795
20, 4310, 7, 132789, 136740
20, 4320, 7, 132789, 133919
20, 4330, 7, 132181, 133287
20, 4340, 7, 132181, 134399
20, 4350, 7, 132181, 132181
20, 4360, 7, 132036, 135584
20, 4370, 7, 132036, 135758
20, 4380, 7, 132036, 135364
20, 4390, 7, 131867, 133416
20, 4400, 7, 131816, 133826
20, 4410, 7, 131816, 131816
20, 4420, 7, 131816, 133527
20, 4430, 7, 131559, 131816
20, 4440, 7, 131559, 133582
20, 4450, 7, 131400, 132003
20, 4460, 7, 131365, 134191
20, 4470, 7, 131365, 133938
20, 4480, 7, 131365, 133904
20, 4490, 7, 131358, 133355
20, 4500, 7, 131358, 133483
20, 4510, 7, 131257, 131358
20, 4520, 7, 131257, 131403
20, 4530, 7, 131080, 133328
20, 4540, 7, 131080, 134004
20, 4550, 7, 130819, 131080
20, 4560, 7, 130725, 130819
20, 4570, 7, 130725, 131419
20, 4580, 7, 130659, 132512
20, 4590, 7, 130357, 131938
20, 4600, 7, 130211, 132602
20, 4610, 7, 130187, 132127
20, 4620, 7, 129665, 130463
20, 4630, 7, 129648, 131336
20, 4640, 7, 129582, 131129
20, 4650, 7, 129490, 132351
20, 4660, 7, 129214, 131264
20, 4670, 7, 129080, 133361
20, 4680, 7, 128701, 131514
20, 4690, 7, 128501, 128701
20, 4700, 7, 128501, 128501
20, 4710, 7, 128501, 128501
20, 4720, 7, 128501, 130445
20, 4730, 7, 128501, 130589
20, 4740, 7, 128501, 129061
20, 4750, 7, 128501, 131263
20, 4760, 7, 128501, 128559
20, 4770, 7, 128440, 129072
20, 4780, 7, 128125, 131078
20, 4790, 7, 128125, 128125
20, 4800, 7, 128125, 130225
20, 4810, 7, 128125, 129053
20, 4820, 7, 128124, 130332
20, 4830, 7, 127676, 130135
20, 4840, 7, 127676, 130098
20, 4850, 7, 127676, 127676
20, 4860, 7, 127676, 127676
20, 4870, 7, 127650, 127676
20, 4880, 7, 127650, 127650
20, 4890, 7, 127590, 127590
20, 4900, 7, 127590, 129654
20, 4910, 7, 127570, 131040
20, 4920, 7, 127567, 127570
20, 4930, 7, 127561, 130583
20, 4940, 7, 127433, 128509
20, 4950, 7, 127410, 129087
20, 4960, 7, 127410, 129710
20, 4970, 7, 127410, 128924
20, 4980, 7, 127410, 129591
20, 4990, 7, 127410, 131121
20, 5000, 7, 127319, 127410
20, 5010, 7, 126800, 337129
20, 5020, 7, 126800, 126800
20, 5030, 7, 126800, 128563
20, 5040, 7, 126583, 127872
20, 5050, 7, 126572, 128628
20, 5060, 7, 126572, 126572
20, 5070, 7, 126463, 130266
20, 5080, 7, 126463, 128557
20, 5090, 7, 126463, 130663
20, 5100, 7, 126350, 126405
20, 5110, 7, 126350, 130477
20, 5120, 7, 126350, 130033
20, 5130, 7, 126313, 128902
20, 5140, 7, 125893, 129227
20, 5150, 7, 125893, 126324
20, 5160, 7, 125752, 125893
20, 5170, 7, 125202, 128078
20, 5180, 7, 125166, 127222
20, 5190, 7, 125016, 126998
20, 5200, 7, 125016, 125016
20, 5210, 7, 124565, 128444
20, 5220, 7, 124025, 124647
20, 5230, 7, 123984, 125479
20, 5240, 7, 123984, 125493
20, 5250, 7, 123984, 124884
20, 5260, 7, 123984, 126027
20, 5270, 7, 123795, 125920
20, 5280, 7, 123648, 127943
20, 5290, 7, 123252, 126174
20, 5300, 7, 123252, 123252
20, 5310, 7, 123212, 123252
20, 5320, 7, 123212, 126944
20, 5330, 7, 123145, 123183
20, 5340, 7, 123145, 125034
20, 5350, 7, 123145, 125754
20, 5360, 7, 122992, 127256
20, 5370, 7, 122813, 124226
20, 5380, 7, 122813, 125381
20, 5390, 7, 122685, 123774
20, 5400, 7, 122685, 124747
20, 5410, 7, 122580, 124881
20, 5420, 7, 122562, 123532
20, 5430, 7, 122315, 123138
20, 5440, 7, 122315, 125507
20, 5450, 7, 122133, 122133
20, 5460, 7, 122112, 125243
20, 5470, 7, 122112, 122112
20, 5480, 7, 122112, 125270
20, 5490, 7, 122112, 124585
20, 5500, 7, 122112, 122271
20, 5510, 7, 122094, 122112
20, 5520, 7, 122094, 124212
20, 5530, 7, 121773, 124884
20, 5540, 7, 121379, 121379
20, 5550, 7, 121379, 121379
20, 5560, 7, 121134, 124284
20, 5570, 7, 120811, 123571
20, 5580, 7, 120692, 122081
20, 5590, 7, 120692, 124312
20, 5600, 7, 120125, 122980
20, 5610, 7, 120125, 124440
20, 5620, 7, 120125, 120999
20, 5630, 7, 120125, 123059
20, 5640, 7, 119741, 119784
20, 5650, 7, 119585, 120167
20, 5660, 7, 119135, 121526
20, 5670, 7, 119135, 120692
20, 5680, 7, 118895, 120215
20, 5690, 7, 118637, 118804
20, 5700, 7, 118637, 120250
20, 5710, 7, 118330, 121819
20, 5720, 7, 118330, 121530
20, 5730, 7, 118330, 118507
20, 5740, 7, 118330, 118330
20, 5750, 7, 118330, 121375
20, 5760, 7, 118330, 121176
20, 5770, 7, 118330, 118330
20, 5780, 7, 118330, 118330
20, 5790, 7, 118330, 120855
20, 5800, 7, 118246, 120795
20, 5810, 7, 117872, 119003
20, 5820, 7, 117872, 117872
20, 5830, 7, 117872, 118748
20, 5840, 7, 117872, 121394
20, 5850, 7, 117680, 119234
20, 5860, 7, 117584, 117653
20, 5870, 7, 117584, 118003
20, 5880, 7, 116792, 117440
20, 5890, 7, 116781, 119308
20, 5900, 7, 116781, 120475
20, 5910, 7, 116781, 119070
20, 5920, 7, 116781, 116781
20, 5930, 7, 116781, 116781
20, 5940, 7, 116781, 120287
20, 5950, 7, 116243, 117174
20, 5960, 7, 116243, 118591
20, 5970, 7, 116243, 116457
20, 5980, 7, 116243, 116243
20, 5990, 7, 116243, 119334
20, 6000, 7, 116243, 118117
20, 6010, 7, 116235, 116243
20, 6020, 7, 116235, 116235
20, 6030, 7, 116228, 118318
20, 6040, 7, 116228, 116228
20, 6050, 7, 116228, 119102
20, 6060, 7, 116228, 117849
20, 6070, 7, 116228, 118141
20, 6080, 7, 116228, 119295
20, 6090, 7, 116228, 118566
20, 6100, 7, 116228, 116426
20, 6110, 7, 116101, 116218
20, 6120, 7, 116101, 118487
20, 6130, 7, 116101, 118333
20, 6140, 7, 116059, 118622
20, 6150, 7, 116059, 118445
20, 6160, 7, 116059, 117697
20, 6170, 7, 116059, 118542
20, 6180, 7, 116059, 119560
20, 6190, 7, 115936, 116621
20, 6200, 7, 115936, 116662
20, 6210, 7, 115936, 117324
20, 6220, 7, 115576, 117971
20, 6230, 7, 115576, 119282
20, 6240, 7, 115404, 120459
20, 6250, 7, 115094, 115839
20, 6260, 7, 115016, 115016
20, 6270, 7, 115016, 115601
20, 6280, 7, 114899, 116253
20, 6290, 7, 114899, 114899
20, 6300, 7, 114899, 121622
20, 6310, 7, 114792, 114899
20, 6320, 7, 114746, 116663
20, 6330, 7, 114746, 117091
20, 6340, 7, 114746, 117437
20, 6350, 7, 114746, 114746
20, 6360, 7, 114746, 117121
20, 6370, 7, 114746, 116527
20, 6380, 7, 114746, 117112
20, 6390, 7, 114746, 117420
20, 6400, 7, 114746, 114746
20, 6410, 7, 114277, 114277
20, 6420, 7, 113895, 114585
20, 6430, 7, 113803, 116696
20, 6440, 7, 113314, 114725
20, 6450, 7, 113314, 116206
20, 6460, 7, 113069, 117133
20, 6470, 7, 112900, 113069
20, 6480, 7, 112824, 112900
20, 6490, 7, 112576, 112576
20, 6500, 7, 112576, 114678
20, 6510, 7, 112576, 112576
20, 6520, 7, 112576, 114097
20, 6530, 7, 112576, 112576
20, 6540, 7, 112525, 115127
20, 6550, 7, 112524, 114762
20, 6560, 7, 112524, 112524
20, 6570, 7, 112524, 113788
20, 6580, 7, 112412, 112412
20, 6590, 7, 112412, 113888
20, 6600, 7, 112412, 115636
20, 6610, 7, 112412, 113627
20, 6620, 7, 112336, 114749
20, 6630, 7, 112336, 113269
20, 6640, 7, 112057, 112336
20, 6650, 7, 112057, 116512
20, 6660, 7, 111625, 112057
20, 6670, 7, 111537, 115127
20, 6680, 7, 111474, 113851
20, 6690, 7, 111470, 115260
20, 6700, 7, 111470, 112913
20, 6710, 7, 111378, 111470
20, 6720, 7, 111378, 111968
20, 6730, 7, 111224, 114126
20, 6740, 7, 111080, 112270
20, 6750, 7, 111017, 113089
20, 6760, 7, 111017, 113491
20, 6770, 7, 111017, 111017
20, 6780, 7, 111017, 111017
20, 6790, 7, 110896, 113031
20, 6800, 7, 110859, 111482
20, 6810, 7, 110354, 110722
20, 6820, 7, 110354, 110354
20, 6830, 7, 110336, 113198
20, 6840, 7, 109876, 109876
20, 6850, 7, 109752, 109752
20, 6860, 7, 109628, 112011
20, 6870, 7, 109547, 112808
20, 6880, 7, 109547, 112464
20, 6890, 7, 109547, 110237
20, 6900, 7, 109457, 109547
20, 6910, 7, 109288, 110281
20, 6920, 7, 108894, 111167
20, 6930, 7, 108894, 110586
20, 6940, 7, 108730, 110370
20, 6950, 7, 108730, 108730
20, 6960, 7, 108730, 109911
20, 6970, 7, 108730, 108730
20, 6980, 7, 108730, 111958
20, 6990, 7, 108730, 111069
20, 7000, 7, 108730, 110779
20, 7010, 7, 108730, 110450
20, 7020, 7, 108730, 111077
20, 7030, 7, 108730, 112031
20, 7040, 7, 108730, 108730
20, 7050, 7, 108721, 108721
20, 7060, 7, 108518, 108721
20, 7070, 7, 108434, 109371
20, 7080, 7, 108348, 108434
20, 7090, 7, 108348, 109653
20, 7100, 7, 108348, 111628
20, 7110, 7, 108348, 109861
20, 7120, 7, 108348, 108348
20, 7130, 7, 108348, 109402
20, 7140, 7, 107833, 107833
20, 7150, 7, 107833, 109897
20, 7160, 7, 107833, 110603
20, 7170, 7, 107808, 109233
20, 7180, 7, 107808, 110381
20, 7190, 7, 107790, 110007
20, 7200, 7, 107770, 109422
20, 7210, 7, 107753, 109652
20, 7220, 7, 107753, 108319
20, 7230, 7, 107732, 110844
20, 7240, 7, 107732, 110495
20, 7250, 7, 107732, 107732
20, 7260, 7, 107546, 109832
20, 7270, 7, 107546, 108753
20, 7280, 7, 107230, 109564
20, 7290, 7, 107230, 108215
20, 7300, 7, 107230, 110821
20, 7310, 7, 107190, 107230
20, 7320, 7, 107018, 109556
20, 7330, 7, 107018, 110244
20, 7340, 7, 106954, 107018
20, 7350, 7, 106833, 110521
20, 7360, 7, 106833, 110600
20, 7370, 7, 106833, 106833
20, 7380, 7, 106817, 107675
20, 7390, 7, 106817, 111517
20, 7400, 7, 106755, 107413
20, 7410, 7, 106755, 106755
20, 7420, 7, 106691, 106691
20, 7430, 7, 106691, 110089
20, 7440, 7, 106662, 106691
20, 7450, 7, 106367, 106595
20, 7460, 7, 106367, 106367
20, 7470, 7, 106367, 106367
20, 7480, 7, 106367, 108165
20, 7490, 7, 106367, 108891
20, 7500, 7, 105844, 106367
20, 7510, 7, 105844, 106906
20, 7520, 7, 105844, 107055
20, 7530, 7, 105844, 107553
20, 7540, 7, 105423, 105844
20, 7550, 7, 105372, 105372
20, 7560, 7, 105288, 105372
20, 7570, 7, 105288, 108005
20, 7580, 7, 105276, 105288
20, 7590, 7, 105276, 105276
20, 7600, 7, 105192, 105276
20, 7610, 7, 105192, 107470
20, 7620, 7, 105192, 105192
20, 7630, 7, 104857, 106397
20, 7640, 7, 104805, 104805
20, 7650, 7, 104377, 104805
20, 7660, 7, 104353, 104353
20, 7670, 7, 104353, 104353
20, 7680, 7, 104353, 105599
20, 7690, 7, 104353, 107455
20, 7700, 7, 104295, 107754
20, 7710, 7, 104295, 105475
20, 7720, 7, 104295, 104295
20, 7730, 7, 104180, 105177
20, 7740, 7, 104180, 107775
20, 7750, 7, 104180, 104180
20, 7760, 7, 104180, 104180
20, 7770, 7, 104180, 106375
20, 7780, 7, 104081, 109009
20, 7790, 7, 104081, 104081
20, 7800, 7, 104023, 104212
20, 7810, 7, 104023, 104255
20, 7820, 7, 103566, 104608
20, 7830, 7, 103566, 106070
20, 7840, 7, 103566, 105665
20, 7850, 7, 103371, 104464
20, 7860, 7, 103371, 103371
20, 7870, 7, 103371, 103735
20, 7880, 7, 103371, 104092
20, 7890, 7, 103297, 103371
20, 7900, 7, 103297, 103297
20, 7910, 7, 103144, 103501
20, 7920, 7, 103139, 105691
20, 7930, 7, 103139, 103413
20, 7940, 7, 103069, 103139
20, 7950, 7, 103069, 105211
20, 7960, 7, 102776, 104422
20, 7970, 7, 102776, 102776
20, 7980, 7, 102776, 105417
20, 7990, 7, 102610, 102610
20, 8000, 7, 102590, 102590
20, 8010, 7, 102590, 102590
20, 8020, 7, 102590, 102590
20, 8030, 7, 102590, 102590
20, 8040, 7, 102590, 102590
20, 8050, 7, 102590, 108073
20, 8060, 7, 102570, 105221
20, 8070, 7, 102570, 102570
20, 8080, 7, 102570, 104596
20, 8090, 7, 102570, 102570
20, 8100, 7, 102570, 102570
20, 8110, 7, 102532, 104166
20, 8120, 7, 102532, 102532
20, 8130, 7, 102352, 102552
20, 8140, 7, 102352, 104022
20, 8150, 7, 102122, 105392
20, 8160, 7, 102122, 105164
20, 8170, 7, 102122, 102696
20, 8180, 7, 102122, 105267
20, 8190, 7, 102096, 104309
20, 8200, 7, 102096, 102667
20, 8210, 7, 102096, 102096
20, 8220, 7, 101903, 103155
20, 8230, 7, 101903, 103117
20, 8240, 7, 101903, 103648
20, 8250, 7, 101903, 101903
20, 8260, 7, 101903, 102068
20, 8270, 7, 101903, 101903
20, 8280, 7, 101632, 104408
20, 8290, 7, 101352, 102456
20, 8300, 7, 101352, 106656
20, 8310, 7, 101056, 101716
20, 8320, 7, 101056, 105188
20, 8330, 7, 100878, 101568
20, 8340, 7, 100867, 100867
20, 8350, 7, 100866, 101299
20, 8360, 7, 100866, 100866
20, 8370, 7, 100808, 100908
20, 8380, 7, 100808, 105717
20, 8390, 7, 100808, 102452
20, 8400, 7, 100743, 100808
20, 8410, 7, 100743, 100743
20, 8420, 7, 100743, 100743
20, 8430, 7, 100743, 100743
20, 8440, 7, 100743, 100743
20, 8450, 7, 100743, 100743
20, 8460, 7, 100743, 103701
20, 8470, 7, 100705, 100705
20, 8480, 7, 100705, 102157
20, 8490, 7, 100705, 103678
20, 8500, 7, 100694, 100705
20, 8510, 7, 100694, 100694
20, 8520, 7, 100608, 100694
20, 8530, 7, 100608, 101075
20, 8540, 7, 100608, 102648
20, 8550, 7, 100608, 100608
20, 8560, 7, 100608, 106791
20, 8570, 7, 100608, 102361
20, 8580, 7, 100608, 100608
20, 8590, 7, 100532, 104266
20, 8600, 7, 100163, 100163
20, 8610, 7, 99934, 99934
20, 8620, 7, 99934, 99934
20, 8630, 7, 99934, 100487
20, 8640, 7, 99926, 101434
20, 8650, 7, 99926, 101669
20, 8660, 7, 99926, 104797
20, 8670, 7, 99813, 101793
20, 8680, 7, 99748, 100061
20, 8690, 7, 99748, 101078
20, 8700, 7, 99748, 100865
20, 8710, 7, 99694, 99748
20, 8720, 7, 99694, 99694
20, 8730, 7, 99694, 99694
20, 8740, 7, 99559, 99694
20, 8750, 7, 99559, 99559
20, 8760, 7, 99559, 101289
20, 8770, 7, 99559, 99559
20, 8780, 7, 99395, 103157
20, 8790, 7, 99395, 101443
20, 8800, 7, 99212, 100508
20, 8810, 7, 99212, 101566
20, 8820, 7, 99201, 99632
20, 8830, 7, 99201, 99201
20, 8840, 7, 99065, 101547
20, 8850, 7, 99065, 101722
20, 8860, 7, 99065, 99574
20, 8870, 7, 99065, 99065
20, 8880, 7, 99065, 99065
20, 8890, 7, 98832, 99065
20, 8900, 7, 98824, 100574
20, 8910, 7, 98713, 100822
20, 8920, 7, 98713, 98713
20, 8930, 7, 98713, 104389
20, 8940, 7, 98713, 101980
20, 8950, 7, 98577, 98577
20, 8960, 7, 98577, 101334
20, 8970, 7, 98577, 98759
20, 8980, 7, 98456, 101762
20, 8990, 7, 98456, 99376
20, 9000, 7, 98456, 98456
20, 9010, 7, 98401, 98456
20, 9020, 7, 98235, 99840
20, 9030, 7, 98235, 99214
20, 9040, 7, 98234, 98234
20, 9050, 7, 98234, 100593
20, 9060, 7, 98234, 98234
20, 9070, 7, 98187, 99398
20, 9080, 7, 98187, 98187
20, 9090, 7, 98187, 98187
20, 9100, 7, 98187, 99569
20, 9110, 7, 98187, 98187
20, 9120, 7, 98172, 98310
20, 9130, 7, 98172, 98172
20, 9140, 7, 97953, 98000
20, 9150, 7, 97754, 97953
20, 9160, 7, 97747, 101259
20, 9170, 7, 97444, 99318
20, 9180, 7, 97442, 97444
20, 9190, 7, 97442, 100276
20, 9200, 7, 97442, 97442
20, 9210, 7, 97198, 97442
20, 9220, 7, 97110, 97198
20, 9230, 7, 97110, 98129
20, 9240, 7, 97110, 97110
20, 9250, 7, 97110, 97110
20, 9260, 7, 97110, 97110
20, 9270, 7, 97110, 97110
20, 9280, 7, 97110, 97110
20, 9290, 7, 97110, 97110
20, 9300, 7, 97110, 97110
20, 9310, 7, 97110, 97110
20, 9320, 7, 97110, 99648
20, 9330, 7, 97110, 98873
20, 9340, 7, 97110, 97110
20, 9350, 7, 97110, 97110
20, 9360, 7, 97110, 99041
20, 9370, 7, 97110, 100373
20, 9380, 7, 96322, 96385
20, 9390, 7, 96322, 96322
20, 9400, 7, 96322, 96879
20, 9410, 7, 96322, 98871
20, 9420, 7, 96322, 96322
20, 9430, 7, 96228, 96322
20, 9440, 7, 96190, 96228
20, 9450, 7, 96107, 96190
20, 9460, 7, 96107, 98442
20, 9470, 7, 96107, 99367
20, 9480, 7, 96052, 98930
20, 9490, 7, 96052, 96052
20, 9500, 7, 96052, 96052
20, 9510, 7, 96052, 96052
20, 9520, 7, 96052, 97280
20, 9530, 7, 95906, 98234
20, 9540, 7, 95906, 95906
20, 9550, 7, 95906, 97436
20, 9560, 7, 95906, 97096
20, 9570, 7, 95870, 97229
20, 9580, 7, 95825, 95825
20, 9590, 7, 95759, 95759
20, 9600, 7, 95737, 95740
20, 9610, 7, 95737, 95737
20, 9620, 7, 95592, 98396
20, 9630, 7, 95592, 97460
20, 9640, 7, 95592, 98427
20, 9650, 7, 95452, 96329
20, 9660, 7, 95452, 96755
20, 9670, 7, 95452, 96426
20, 9680, 7, 95452, 95452
20, 9690, 7, 95452, 95452
20, 9700, 7, 95246, 95452
20, 9710, 7, 95246, 97897
20, 9720, 7, 95246, 97091
20, 9730, 7, 95246, 95246
20, 9740, 7, 95246, 98628
20, 9750, 7, 95246, 95246
20, 9760, 7, 95222, 95222
20, 9770, 7, 95211, 95211
20, 9780, 7, 95211, 95211
20, 9790, 7, 95211, 95211
20, 9800, 7, 95211, 96953
20, 9810, 7, 95211, 95528
20, 9820, 7, 95211, 97354
20, 9830, 7, 95211, 98122
20, 9840, 7, 95211, 95982
20, 9850, 7, 95079, 95901
20, 9860, 7, 95079, 95079
20, 9870, 7, 95079, 95385
20, 9880, 7, 94930, 96616
20, 9890, 7, 94930, 94930
20, 9900, 7, 94930, 96144
20, 9910, 7, 94930, 94930
20, 9920, 7, 94920, 94920
20, 9930, 7, 94920, 95533
20, 9940, 7, 94920, 94920
20, 9950, 7, 94920, 97499
20, 9960, 7, 94920, 94920
20, 9970, 7, 94920, 94920
20, 9980, 7, 94920, 94920
20, 9990, 7, 94920, 94920
20, 10000, 7, 94920, 94920
20, 10010, 7, 94920, 94920
20, 10020, 7, 94920, 96642
20, 10030, 7, 94914, 94920
20, 10040, 7, 94903, 96370
20, 10050, 7, 94631, 96242
20, 10060, 7, 94552, 96155
20, 10070, 7, 94552, 94552
20, 10080, 7, 94552, 95689
20, 10090, 7, 94552, 95463
20, 10100, 7, 94552, 94552
20, 10110, 7, 94552, 94552
20, 10120, 7, 94552, 95387
20, 10130, 7, 94552, 94552
20, 10140, 7, 94475, 94475
20, 10150, 7, 94471, 97031
20, 10160, 7, 94251, 94471
20, 10170, 7, 94251, 97422
20, 10180, 7, 94251, 94251
20, 10190, 7, 94251, 94251
20, 10200, 7, 94081, 94251
20, 10210, 7, 94081, 94081
20, 10220, 7, 94081, 95430
20, 10230, 7, 94081, 94081
20, 10240, 7, 94081, 94081
20, 10250, 7, 94081, 94657
20, 10260, 7, 94081, 95881
20, 10270, 7, 94081, 94300
20, 10280, 7, 94063, 94081
20, 10290, 7, 94063, 95373
20, 10300, 7, 94063, 94063
20, 10310, 7, 94063, 94063
20, 10320, 7, 94063, 95358
20, 10330, 7, 94063, 94787
20, 10340, 7, 94063, 97194
20, 10350, 7, 94063, 94063
20, 10360, 7, 94063, 96425
20, 10370, 7, 94063, 95038
20, 10380, 7, 94063, 94313
20, 10390, 7, 94063, 94063
20, 10400, 7, 94063, 94063
20, 10410, 7, 94063, 94063
20, 10420, 7, 94063, 94345
20, 10430, 7, 94063, 96073
20, 10440, 7, 94063, 96463
20, 10450, 7, 93982, 94063
20, 10460, 7, 93982, 96923
20, 10470, 7, 93855, 93982
20, 10480, 7, 93855, 93855
20, 10490, 7, 93855, 93855
20, 10500, 7, 93855, 93855
20, 10510, 7, 93855, 93855
20, 10520, 7, 93515, 93769
20, 10530, 7, 93408, 93408
20, 10540, 7, 93408, 93408
20, 10550, 7, 93408, 93408
20, 10560, 7, 93408, 93408
20, 10570, 7, 93408, 97762
20, 10580, 7, 93408, 94426
20, 10590, 7, 93139, 94082
20, 10600, 7, 93139, 93139
20, 10610, 7, 93139, 93139
20, 10620, 7, 93139, 93139
20, 10630, 7, 93128, 93139
20, 10640, 7, 93080, 95509
20, 10650, 7, 92935, 93080
20, 10660, 7, 92929, 93553
20, 10670, 7, 92929, 92929
20, 10680, 7, 92929, 92929
20, 10690, 7, 92929, 94455
20, 10700, 7, 92929, 95907
20, 10710, 7, 92912, 94240
20, 10720, 7, 92912, 92912
20, 10730, 7, 92912, 92912
20, 10740, 7, 92912, 93604
20, 10750, 7, 92912, 92912
20, 10760, 7, 92675, 93408
20, 10770, 7, 92675, 96723
20, 10780, 7, 92675, 92675
20, 10790, 7, 92675, 94865
20, 10800, 7, 92675, 92675
20, 10810, 7, 92675, 95513
20, 10820, 7, 92675, 94880
20, 10830, 7, 92675, 93923
20, 10840, 7, 92675, 94292
20, 10850, 7, 92675, 92675
20, 10860, 7, 92482, 92675
20, 10870, 7, 92482, 92482
20, 10880, 7, 92406, 95148
20, 10890, 7, 92406, 92406
20, 10900, 7, 92406, 95581
20, 10910, 7, 92406, 92406
20, 10920, 7, 92406, 94550
20, 10930, 7, 92406, 96185
20, 10940, 7, 92406, 92406
20, 10950, 7, 92406, 93551
20, 10960, 7, 92333, 93243
20, 10970, 7, 92333, 92333
20, 10980, 7, 92217, 92333
20, 10990, 7, 92175, 93534
20, 11000, 7, 92175, 92175
20, 11010, 7, 92175, 92175
20, 11020, 7, 92175, 92175
20, 11030, 7, 92128, 95290
20, 11040, 7, 92023, 92128
20, 11050, 7, 92023, 92023
20, 11060, 7, 92023, 92023
20, 11070, 7, 92019, 94565
20, 11080, 7, 91889, 92001
20, 11090, 7, 91863, 91889
20, 11100, 7, 91663, 91863
20, 11110, 7, 91663, 91663
20, 11120, 7, 91663, 91663
20, 11130, 7, 91475, 95559
20, 11140, 7, 91399, 93253
20, 11150, 7, 91399, 92054
20, 11160, 7, 91399, 91399
20, 11170, 7, 91399, 91399
20, 11180, 7, 91399, 91399
20, 11190, 7, 91399, 91399
20, 11200, 7, 91399, 95211
20, 11210, 7, 91399, 92762
20, 11220, 7, 91399, 91399
20, 11230, 7, 91399, 91399
20, 11240, 7, 91240, 91240
20, 11250, 7, 91170, 91240
20, 11260, 7, 91079, 91170
20, 11270, 7, 91079, 91679
20, 11280, 7, 91079, 91079
20, 11290, 7, 91079, 91692
20, 11300, 7, 91079, 91079
20, 11310, 7, 91079, 91079
20, 11320, 7, 91079, 91079
20, 11330, 7, 91079, 91079
20, 11340, 7, 91079, 91079
20, 11350, 7, 91079, 91079
20, 11360, 7, 91079, 94753
20, 11370, 7, 91079, 91079
20, 11380, 7, 91079, 91412
20, 11390, 7, 91079, 91079
20, 11400, 7, 91079, 91079
20, 11410, 7, 90967, 90967
20, 11420, 7, 90967, 90967
20, 11430, 7, 90888, 93975
20, 11440, 7, 90888, 90888
20, 11450, 7, 90888, 90888
20, 11460, 7, 90887, 90888
20, 11470, 7, 90887, 92276
20, 11480, 7, 90887, 90887
20, 11490, 7, 90887, 90887
20, 11500, 7, 90887, 90887
20, 11510, 7, 90887, 90887
20, 11520, 7, 90847, 93163
20, 11530, 7, 90847, 92127
20, 11540, 7, 90569, 90569
20, 11550, 7, 90569, 90569
20, 11560, 7, 90569, 91936
20, 11570, 7, 90569, 90569
20, 11580, 7, 90569, 90569
20, 11590, 7, 90569, 93040
20, 11600, 7, 90398, 93937
20, 11610, 7, 90398, 90398
20, 11620, 7, 90398, 90398
20, 11630, 7, 90398, 90398
20, 11640, 7, 90378, 93530
20, 11650, 7, 90378, 90378
20, 11660, 7, 90378, 91976
20, 11670, 7, 90362, 90378
20, 11680, 7, 90362, 90362
20, 11690, 7, 90362, 90542
20, 11700, 7, 90362, 90362
20, 11710, 7, 90362, 90362
20, 11720, 7, 90362, 90362
20, 11730, 7, 90362, 90362
20, 11740, 7, 90362, 90362
20, 11750, 7, 90362, 93774
20, 11760, 7, 90362, 90362
20, 11770, 7, 90362, 90362
20, 11780, 7, 90362, 90362
20, 11790, 7, 90304, 90362
20, 11800, 7, 90046, 90304
20, 11810, 7, 89905, 90046
20, 11820, 7, 89846, 89905
20, 11830, 7, 89806, 89806
20, 11840, 7, 89806, 89806
20, 11850, 7, 89806, 89806
20, 11860, 7, 89806, 92537
20, 11870, 7, 89806, 89806
20, 11880, 7, 89806, 89806
20, 11890, 7, 89806, 89806
20, 11900, 7, 89806, 89806
20, 11910, 7, 89806, 89806
20, 11920, 7, 89806, 89806
20, 11930, 7, 89806, 89806
20, 11940, 7, 89806, 89806
20, 11950, 7, 89435, 89806
20, 11960, 7, 89380, 89877
20, 11970, 7, 89380, 89380
20, 11980, 7, 89380, 89380
20, 11990, 7, 89317, 90810
20, 12000, 7, 89317, 89317
20, 12010, 7, 89317, 89317
20, 12020, 7, 89317, 90549
20, 12030, 7, 89317, 89317
20, 12040, 7, 89317, 89317
20, 12050, 7, 89317, 89317
20, 12060, 7, 89317, 89317
20, 12070, 7, 89317, 89317
20, 12080, 7, 89259, 89317
20, 12090, 7, 89259, 89259
20, 12100, 7, 89133, 89804
20, 12110, 7, 89093, 89133
20, 12120, 7, 89093, 89093
20, 12130, 7, 89093, 89093
20, 12140, 7, 89093, 89985
20, 12150, 7, 88992, 89093
20, 12160, 7, 88992, 88992
20, 12170, 7, 88992, 88992
20, 12180, 7, 88992, 88992
20, 12190, 7, 88992, 88992
20, 12200, 7, 88992, 88992
20, 12210, 7, 88992, 88992
20, 12220, 7, 88992, 88992
20, 12230, 7, 88840, 88961
20, 12240, 7, 88782, 92792
20, 12250, 7, 88782, 88782
20, 12260, 7, 88782, 88782
20, 12270, 7, 88776, 88782
20, 12280, 7, 88776, 88776
20, 12290, 7, 88776, 88776
20, 12300, 7, 88776, 88776
20, 12310, 7, 88776, 88776
20, 12320, 7, 88711, 88776
20, 12330, 7, 88711, 88711
20, 12340, 7, 88711, 88711
20, 12350, 7, 88663, 88664
20, 12360, 7, 88663, 88663
20, 12370, 7, 88663, 88663
20, 12380, 7, 88663, 88663
20, 12390, 7, 88663, 88663
20, 12400, 7, 88600, 89463
20, 12410, 7, 88600, 88600
20, 12420, 7, 88600, 90808
20, 12430, 7, 88600, 88600
20, 12440, 7, 88538, 89674
20, 12450, 7, 88538, 90764
20, 12460, 7, 88538, 88538
20, 12470, 7, 88538, 88538
20, 12480, 7, 88485, 88485
20, 12490, 7, 88485, 88485
20, 12500, 7, 88485, 88485
20, 12510, 7, 88485, 90753
20, 12520, 7, 88434, 88434
20, 12530, 7, 88434, 88434
20, 12540, 7, 88434, 88434
20, 12550, 7, 88434, 93548
20, 12560, 7, 88434, 88675
20, 12570, 7, 88434, 88434
20, 12580, 7, 88434, 88434
20, 12590, 7, 88434, 88434
20, 12600, 7, 88434, 88955
20, 12610, 7, 88310, 88310
20, 12620, 7, 88248, 88310
20, 12630, 7, 88248, 90297
20, 12640, 7, 88116, 88116
20, 12650, 7, 87957, 88308
20, 12660, 7, 87899, 87957
20, 12670, 7, 87800, 87899
20, 12680, 7, 87800, 87800
20, 12690, 7, 87796, 87796
20, 12700, 7, 87796, 87796
20, 12710, 7, 87796, 87796
20, 12720, 7, 87796, 87796
20, 12730, 7, 87796, 87796
20, 12740, 7, 87573, 87573
20, 12750, 7, 87573, 87573
20, 12760, 7, 87573, 87573
20, 12770, 7, 87573, 87573
20, 12780, 7, 87573, 88799
20, 12790, 7, 87573, 87573
20, 12800, 7, 87573, 88671
20, 12810, 7, 87529, 87529
20, 12820, 7, 87430, 88032
20, 12830, 7, 87430, 87430
20, 12840, 7, 87430, 90148
20, 12850, 7, 87371, 87371
20, 12860, 7, 87371, 87371
20, 12870, 7, 87371, 87371
20, 12880, 7, 87371, 89135
20, 12890, 7, 87371, 87371
20, 12900, 7, 87324, 87324
20, 12910, 7, 87324, 87324
20, 12920, 7, 87324, 89066
20, 12930, 7, 87324, 88085
20, 12940, 7, 87266, 87324
20, 12950, 7, 87266, 87266
20, 12960, 7, 87266, 87903
20, 12970, 7, 87266, 87266
20, 12980, 7, 87266, 88600
20, 12990, 7, 87266, 87266
20, 13000, 7, 87092, 87157
20, 13010, 7, 87092, 87092
20, 13020, 7, 87092, 87092
20, 13030, 7, 87092, 87092
20, 13040, 7, 87092, 87209
20, 13050, 7, 87092, 87092
20, 13060, 7, 86997, 86997
20, 13070, 7, 86997, 86997
20, 13080, 7, 86997, 86997
20, 13090, 7, 86997, 86997
20, 13100, 7, 86997, 86997
20, 13110, 7, 86997, 86997
20, 13120, 7, 86997, 86997
20, 13130, 7, 86997, 89928
20, 13140, 7, 86997, 86997
20, 13150, 7, 86997, 86997
20, 13160, 7, 86826, 86826
20, 13170, 7, 86826, 86826
20, 13180, 7, 86826, 86826
20, 13190, 7, 86826, 86826
20, 13200, 7, 86813, 87384
20, 13210, 7, 86813, 86813
20, 13220, 7, 86813, 86813
20, 13230, 7, 86813, 86813
20, 13240, 7, 86809, 86813
20, 13250, 7, 86746, 86809
20, 13260, 7, 86746, 86746
20, 13270, 7, 86746, 86746
20, 13280, 7, 86645, 86645
20, 13290, 7, 86593, 86645
20, 13300, 7, 86593, 86593
20, 13310, 7, 86593, 86593
20, 13320, 7, 86575, 86575
20, 13330, 7, 86575, 86575
20, 13340, 7, 86376, 86376
20, 13350, 7, 86376, 86376
20, 13360, 7, 86376, 86376
20, 13370, 7, 86376, 86376
20, 13380, 7, 86304, 86376
20, 13390, 7, 86304, 86304
20, 13400, 7, 86304, 86304
20, 13410, 7, 86304, 86304
20, 13420, 7, 86240, 87528
20, 13430, 7, 86240, 86240
20, 13440, 7, 86184, 86371
20, 13450, 7, 86131, 86184
20, 13460, 7, 86131, 86956
20, 13470, 7, 86131, 89166
20, 13480, 7, 86131, 86131
20, 13490, 7, 86008, 86131
20, 13500, 7, 85863, 89544
20, 13510, 7, 85863, 86037
20, 13520, 7, 85863, 85863
20, 13530, 7, 85863, 85863
20, 13540, 7, 85803, 85863
20, 13550, 7, 85702, 86070
20, 13560, 7, 85702, 85702
20, 13570, 7, 85702, 85702
20, 13580, 7, 85702, 85702
20, 13590, 7, 85702, 85702
20, 13600, 7, 85702, 85702
20, 13610, 7, 85702, 85702
20, 13620, 7, 85702, 85702
20, 13630, 7, 85702, 85702
20, 13640, 7, 85702, 85702
20, 13650, 7, 85702, 85702
20, 13660, 7, 85702, 85702
20, 13670, 7, 85702, 85702
20, 13680, 7, 85702, 85702
20, 13690, 7, 85702, 87220
20, 13700, 7, 85702, 85702
20, 13710, 7, 85702, 88587
20, 13720, 7, 85702, 87362
20, 13730, 7, 85702, 85702
20, 13740, 7, 85702, 85702
20, 13750, 7, 85702, 85702
20, 13760, 7, 85702, 85702
20, 13770, 7, 85702, 85702
20, 13780, 7, 85702, 85702
20, 13790, 7, 85702, 85702
20, 13800, 7, 85702, 85702
20, 13810, 7, 85702, 85702
20, 13820, 7, 85617, 85617
20, 13830, 7, 85617, 89228
20, 13840, 7, 85617, 85617
20, 13850, 7, 85617, 85617
20, 13860, 7, 85617, 85617
20, 13870, 7, 85617, 85617
20, 13880, 7, 85617, 85617
20, 13890, 7, 85617, 85617
20, 13900, 7, 85617, 85617
20, 13910, 7, 85617, 85617
20, 13920, 7, 85617, 85617
20, 13930, 7, 85617, 87127
20, 13940, 7, 85617, 85617
20, 13950, 7, 85617, 86057
20, 13960, 7, 85617, 88301
20, 13970, 7, 85617, 85617
20, 13980, 7, 85617, 85617
20, 13990, 7, 85617, 85617
20, 14000, 7, 85577, 85577
20, 14010, 7, 85577, 85577
20, 14020, 7, 85556, 85556
20, 14030, 7, 85556, 86122
20, 14040, 7, 85556, 85556
20, 14050, 7, 85556, 85556
20, 14060, 7, 85556, 85556
20, 14070, 7, 85556, 85556
20, 14080, 7, 85556, 85556
20, 14090, 7, 85556, 85556
20, 14100, 7, 85556, 85556
20, 14110, 7, 85556, 85556
20, 14120, 7, 85556, 85556
20, 14130, 7, 85556, 85556
20, 14140, 7, 85556, 85556
20, 14150, 7, 85556, 87242
20, 14160, 7, 85556, 85556
20, 14170, 7, 85556, 85556
20, 14180, 7, 85556, 85556
20, 14190, 7, 85556, 85556
20, 14200, 7, 85556, 85556
20, 14210, 7, 85546, 88248
20, 14220, 7, 85197, 85546
20, 14230, 7, 85197, 85587
20, 14240, 7, 85197, 85197
20, 14250, 7, 85197, 85197
20, 14260, 7, 85197, 85197
20, 14270, 7, 85197, 85197
20, 14280, 7, 85197, 85197
20, 14290, 7, 85197, 85197
20, 14300, 7, 85197, 85197
20, 14310, 7, 85197, 85197
20, 14320, 7, 85197, 85197
20, 14330, 7, 85114, 85114
20, 14340, 7, 85114, 85114
20, 14350, 7, 85114, 85114
20, 14360, 7, 85114, 85114
20, 14370, 7, 84886, 84886
20, 14380, 7, 84850, 84850
20, 14390, 7, 84850, 88203
20, 14400, 7, 84850, 84850
20, 14410, 7, 84850, 84850
20, 14420, 7, 84850, 84850
20, 14430, 7, 84850, 84850
20, 14440, 7, 84850, 84850
20, 14450, 7, 84850, 84850
20, 14460, 7, 84850, 84850
20, 14470, 7, 84850, 84850
20, 14480, 7, 84850, 84850
20, 14490, 7, 84850, 84850
20, 14500, 7, 84850, 84850
20, 14510, 7, 84850, 84850
20, 14520, 7, 84850, 84850
20, 14530, 7, 84850, 84850
20, 14540, 7, 84740, 84850
20, 14550, 7, 84688, 84688
20, 14560, 7, 84413, 84688
20, 14570, 7, 84413, 84413
20, 14580, 7, 84413, 84413
20, 14590, 7, 84413, 84554
20, 14600, 7, 84413, 84413
20, 14610, 7, 84413, 84413
20, 14620, 7, 84413, 84413
20, 14630, 7, 84413, 84413
20, 14640, 7, 84413, 84413
20, 14650, 7, 84390, 84413
20, 14660, 7, 84390, 84390
20, 14670, 7, 84390, 84390
20, 14680, 7, 84390, 84390
20, 14690, 7, 84390, 84390
20, 14700, 7, 84390, 84390
20, 14710, 7, 84368, 84368
20, 14720, 7, 84368, 84368
20, 14730, 7, 84234, 84368
20, 14740, 7, 84234, 84234
20, 14750, 7, 84217, 84234
20, 14760, 7, 84089, 84150
20, 14770, 7, 83992, 83992
20, 14780, 7, 83992, 83992
20, 14790, 7, 83740, 84679
20, 14800, 7, 83740, 84517
20, 14810, 7, 83740, 83740
20, 14820, 7, 83740, 83740
20, 14830, 7, 83740, 83740
20, 14840, 7, 83740, 83740
20, 14850, 7, 83740, 83740
20, 14860, 7, 83740, 83740
20, 14870, 7, 83740, 83740
20, 14880, 7, 83740, 83740
20, 14890, 7, 83740, 83740
20, 14900, 7, 83740, 83740
20, 14910, 7, 83740, 83740
20, 14920, 7, 83555, 83555
20, 14930, 7, 83550, 83555
20, 14940, 7, 83550, 83550
20, 14950, 7, 83550, 83550
20, 14960, 7, 83550, 83550
20, 14970, 7, 83350, 84113
20, 14980, 7, 83350, 83350
20, 14990, 7, 83334, 83350
20, 15000, 7, 83334, 83334
20, 15010, 7, 83334, 83334
20, 15020, 7, 83293, 83293
20, 15030, 7, 83235, 83293
20, 15040, 7, 83235, 83235
20, 15050, 7, 83235, 83235
20, 15060, 7, 83235, 83235
20, 15070, 7, 83235, 83235
20, 15080, 7, 83235, 83235
20, 15090, 7, 83235, 83235
20, 15100, 7, 83235, 83235
20, 15110, 7, 83235, 85256
20, 15120, 7, 83235, 83235
20, 15130, 7, 83235, 83235
20, 15140, 7, 83224, 83224
20, 15150, 7, 83224, 83224
20, 15160, 7, 83224, 83224
20, 15170, 7, 83136, 83224
20, 15180, 7, 83060, 83060
20, 15190, 7, 83060, 83060
20, 15200, 7, 83060, 83060
20, 15210, 7, 83060, 83060
20, 15220, 7, 83060, 83060
20, 15230, 7, 83060, 83060
20, 15240, 7, 83060, 83060
20, 15250, 7, 83060, 83060
20, 15260, 7, 83060, 83060
20, 15270, 7, 83060, 83060
20, 15280, 7, 83060, 83060
20, 15290, 7, 83060, 83060
20, 15300, 7, 83031, 83031
20, 15310, 7, 83031, 83031
20, 15320, 7, 83031, 83031
20, 15330, 7, 83031, 83031
20, 15340, 7, 83031, 83031
20, 15350, 7, 83031, 83031
20, 15360, 7, 83031, 83031
20, 15370, 7, 83031, 83031
20, 15380, 7, 83031, 86522
20, 15390, 7, 83031, 83031
20, 15400, 7, 83031, 83031
20, 15410, 7, 82974, 83031
20, 15420, 7, 82974, 82974
20, 15430, 7, 82974, 82974
20, 15440, 7, 82974, 82974
20, 15450, 7, 82630, 82630
20, 15460, 7, 82630, 82630
20, 15470, 7, 82630, 82630
20, 15480, 7, 82630, 82630
20, 15490, 7, 82630, 82630
20, 15500, 7, 82630, 82630
20, 15510, 7, 82630, 82630
20, 15520, 7, 82630, 82630
20, 15530, 7, 82430, 82430
20, 15540, 7, 82430, 82430
20, 15550, 7, 82430, 82430
20, 15560, 7, 82430, 82430
20, 15570, 7, 82430, 82430
20, 15580, 7, 82430, 82430
20, 15590, 7, 82430, 82430
20, 15600, 7, 82430, 82430
20, 15610, 7, 82369, 83711
20, 15620, 7, 82369, 84248
20, 15630, 7, 82369, 82369
20, 15640, 7, 82369, 82369
20, 15650, 7, 82369, 82369
20, 15660, 7, 82369, 82369
20, 15670, 7, 82369, 82369
20, 15680, 7, 82369, 82369
20, 15690, 7, 82369, 82369
20, 15700, 7, 82369, 82369
20, 15710, 7, 82293, 82369
20, 15720, 7, 82293, 82293
20, 15730, 7, 82206, 82293
20, 15740, 7, 82206, 82206
20, 15750, 7, 82206, 84438
20, 15760, 7, 82206, 84697
20, 15770, 7, 82206, 82206
20, 15780, 7, 82069, 82069
20, 15790, 7, 82069, 82069
20, 15800, 7, 82069, 82069
20, 15810, 7, 82069, 82069
20, 15820, 7, 82069, 82069
20, 15830, 7, 82069, 82069
20, 15840, 7, 82069, 82069
20, 15850, 7, 82069, 82069
20, 15860, 7, 82069, 82069
20, 15870, 7, 82069, 82069
20, 15880, 7, 82069, 82069
20, 15890, 7, 82069, 82069
20, 15900, 7, 81743, 82069
20, 15910, 7, 81743, 81743
20, 15920, 7, 81743, 81743
20, 15930, 7, 81743, 81743
20, 15940, 7, 81743, 81743
20, 15950, 7, 81743, 81743
20, 15960, 7, 81743, 81743
20, 15970, 7, 81743, 82485
20, 15980, 7, 81743, 81743
20, 15990, 7, 81743, 82943
20, 16000, 7, 81743, 81743
20, 16010, 7, 81743, 83446
20, 16020, 7, 81743, 81743
20, 16030, 7, 81743, 81743
20, 16040, 7, 81743, 81743
20, 16050, 7, 81743, 81743
20, 16060, 7, 81743, 83508
20, 16070, 7, 81743, 81743
20, 16080, 7, 81743, 81743
20, 16090, 7, 81743, 81743
20, 16100, 7, 81743, 81743
20, 16110, 7, 81743, 81743
20, 16120, 7, 81743, 81743
20, 16130, 7, 81743, 81743
20, 16140, 7, 81743, 81743
20, 16150, 7, 81743, 81743
20, 16160, 7, 81743, 81743
20, 16170, 7, 81743, 81743
20, 16180, 7, 81743, 81743
20, 16190, 7, 81743, 81743
20, 16200, 7, 81743, 81743
20, 16210, 7, 81743, 81743
20, 16220, 7, 81743, 81743
20, 16230, 7, 81620, 81620
20, 16240, 7, 81620, 81620
20, 16250, 7, 81620, 81620
20, 16260, 7, 81620, 81620
20, 16270, 7, 81620, 81620
20, 16280, 7, 81620, 81620
20, 16290, 7, 81620, 81620
20, 16300, 7, 81620, 81620
20, 16310, 7, 81620, 83879
20, 16320, 7, 81586, 81620
20, 16330, 7, 81465, 81465
20, 16340, 7, 81465, 81465
20, 16350, 7, 81465, 81465
20, 16360, 7, 81457, 81457
20, 16370, 7, 81319, 81319
20, 16380, 7, 81319, 81319
20, 16390, 7, 81319, 81319
20, 16400, 7, 81319, 81319
20, 16410, 7, 81319, 81319
20, 16420, 7, 81319, 81319
20, 16430, 7, 81319, 81319
20, 16440, 7, 81221, 81221
20, 16450, 7, 81221, 81221
20, 16460, 7, 81221, 81221
20, 16470, 7, 81221, 81221
20, 16480, 7, 81221, 81221
20, 16490, 7, 81221, 81221
20, 16500, 7, 81147, 81147
20, 16510, 7, 81147, 81147
20, 16520, 7, 81047, 81147
20, 16530, 7, 80970, 80970
20, 16540, 7, 80890, 80970
20, 16550, 7, 80890, 80890
20, 16560, 7, 80890, 80890
20, 16570, 7, 80890, 80890
20, 16580, 7, 80890, 80890
20, 16590, 7, 80890, 80890
20, 16600, 7, 80872, 80872
20, 16610, 7, 80872, 80872
20, 16620, 7, 80872, 80872
20, 16630, 7, 80872, 80872
20, 16640, 7, 80872, 80872
20, 16650, 7, 80872, 80872
20, 16660, 7, 80872, 80872
20, 16670, 7, 80872, 80872
20, 16680, 7, 80872, 80872
20, 16690, 7, 80872, 80872
20, 16700, 7, 80872, 80872
20, 16710, 7, 80872, 80872
20, 16720, 7, 80836, 80836
20, 16730, 7, 80836, 80836
20, 16740, 7, 80799, 80799
20, 16750, 7, 80799, 80799
20, 16760, 7, 80637, 80803
20, 16770, 7, 80637, 80637
20, 16780, 7, 80637, 80637
20, 16790, 7, 80637, 80637
20, 16800, 7, 80637, 80637
20, 16810, 7, 80637, 80637
20, 16820, 7, 80637, 80637
20, 16830, 7, 80637, 80637
20, 16840, 7, 80637, 80637
20, 16850, 7, 80637, 80637
20, 16860, 7, 80637, 80637
20, 16870, 7, 80637, 80637
20, 16880, 7, 80596, 80637
20, 16890, 7, 80596, 82014
20, 16900, 7, 80449, 80596
20, 16910, 7, 80449, 80449
20, 16920, 7, 80449, 80449
20, 16930, 7, 80449, 80449
20, 16940, 7, 80449, 80449
20, 16950, 7, 80449, 80449
20, 16960, 7, 80449, 80449
20, 16970, 7, 80449, 80837
20, 16980, 7, 80449, 80449
20, 16990, 7, 80449, 81629
20, 17000, 7, 80449, 80449
20, 17010, 7, 80449, 80449
20, 17020, 7, 80449, 80449
20, 17030, 7, 80449, 81252
20, 17040, 7, 80449, 80449
20, 17050, 7, 80449, 80449
20, 17060, 7, 80449, 80449
20, 17070, 7, 80449, 80449
20, 17080, 7, 80449, 80449
20, 17090, 7, 80449, 80449
20, 17100, 7, 80449, 80449
20, 17110, 7, 80449, 80449
20, 17120, 7, 80449, 80449
20, 17130, 7, 80449, 80449
20, 17140, 7, 80449, 80449
20, 17150, 7, 80449, 80449
20, 17160, 7, 80449, 80449
20, 17170, 7, 80449, 80449
20, 17180, 7, 80449, 80449
20, 17190, 7, 80449, 80449
20, 17200, 7, 80449, 80449
20, 17210, 7, 80449, 80449
20, 17220, 7, 80449, 80449
20, 17230, 7, 80449, 80449
20, 17240, 7, 80449, 80449
20, 17250, 7, 79941, 80424
20, 17260, 7, 79941, 79941
20, 17270, 7, 79941, 79941
20, 17280, 7, 79941, 79941
20, 17290, 7, 79941, 79941
20, 17300, 7, 79941, 79941
20, 17310, 7, 79930, 79941
20, 17320, 7, 79930, 79930
20, 17330, 7, 79930, 79930
20, 17340, 7, 79930, 79930
20, 17350, 7, 79930, 79930
20, 17360, 7, 79867, 79867
20, 17370, 7, 79867, 79867
20, 17380, 7, 79867, 79867
20, 17390, 7, 79197, 79867
20, 17400, 7, 79197, 79197
20, 17410, 7, 79197, 79197
20, 17420, 7, 79197, 79786
20, 17430, 7, 79197, 79197
20, 17440, 7, 79197, 79197
20, 17450, 7, 79197, 79197
20, 17460, 7, 79197, 79197
20, 17470, 7, 79197, 79197
20, 17480, 7, 79197, 79197
20, 17490, 7, 79197, 79197
20, 17500, 7, 79197, 79197
20, 17510, 7, 79171, 79197
20, 17520, 7, 79171, 79171
20, 17530, 7, 79171, 79171
20, 17540, 7, 79171, 79171
20, 17550, 7, 79171, 79171
20, 17560, 7, 79171, 79171
20, 17570, 7, 79171, 79171
20, 17580, 7, 79171, 79171
20, 17590, 7, 79171, 79171
20, 17600, 7, 79171, 79171
20, 17610, 7, 79171, 79171
20, 17620, 7, 79171, 79171
20, 17630, 7, 79171, 79171
20, 17640, 7, 79171, 79171
20, 17650, 7, 79171, 79171
20, 17660, 7, 79171, 79171
20, 17670, 7, 79171, 79171
20, 17680, 7, 79171, 79171
20, 17690, 7, 79171, 79171
20, 17700, 7, 79171, 79171
20, 17710, 7, 79171, 79171
20, 17720, 7, 79171, 79171
20, 17730, 7, 79171, 79171
20, 17740, 7, 79171, 79171
20, 17750, 7, 79171, 79171
20, 17760, 7, 79171, 79171
20, 17770, 7, 79087, 79087
20, 17780, 7, 79087, 79087
20, 17790, 7, 79008, 79087
20, 17800, 7, 78876, 78876
20, 17810, 7, 78817, 78817
20, 17820, 7, 78817, 78817
20, 17830, 7, 78817, 78817
20, 17840, 7, 78817, 78817
20, 17850, 7, 78817, 78817
20, 17860, 7, 78719, 78719
20, 17870, 7, 78719, 78719
20, 17880, 7, 78719, 78719
20, 17890, 7, 78719, 78719
20, 17900, 7, 78719, 78719
20, 17910, 7, 78590, 78590
20, 17920, 7, 78590, 78590
20, 17930, 7, 78590, 78590
20, 17940, 7, 78590, 78590
20, 17950, 7, 78590, 78590
20, 17960, 7, 78590, 78590
20, 17970, 7, 78590, 78590
20, 17980, 7, 78590, 78590
20, 17990, 7, 78590, 78590
20, 18000, 7, 78590, 78590
20, 18010, 7, 78590, 78590
20, 18020, 7, 78590, 78590
20, 18030, 7, 78590, 78590
20, 18040, 7, 78590, 78590
20, 18050, 7, 78590, 78590
20, 18060, 7, 78590, 78590
20, 18070, 7, 78590, 78590
20, 18080, 7, 78590, 78590
20, 18090, 7, 78590, 78590
20, 18100, 7, 78549, 78549
20, 18110, 7, 78549, 82205
20, 18120, 7, 78484, 78484
20, 18130, 7, 78484, 78484
20, 18140, 7, 78484, 78484
20, 18150, 7, 78484, 78484
20, 18160, 7, 78484, 78484
20, 18170, 7, 78484, 78484
20, 18180, 7, 78484, 78484
20, 18190, 7, 78484, 78484
20, 18200, 7, 78484, 78484
20, 18210, 7, 78484, 78484
20, 18220, 7, 78484, 78484
20, 18230, 7, 78484, 78484
20, 18240, 7, 78484, 78484
20, 18250, 7, 78484, 78484
20, 18260, 7, 78484, 78484
20, 18270, 7, 78484, 78484
20, 18280, 7, 78426, 78426
20, 18290, 7, 78426, 78426
20, 18300, 7, 78426, 78426
20, 18310, 7, 78426, 78426
20, 18320, 7, 78426, 78426
20, 18330, 7, 78426, 78426
20, 18340, 7, 78426, 78426
20, 18350, 7, 78426, 78426
20, 18360, 7, 78426, 78426
20, 18370, 7, 78328, 78328
20, 18380, 7, 78328, 78328
20, 18390, 7, 78328, 78328
20, 18400, 7, 78328, 78328
20, 18410, 7, 78328, 78328
20, 18420, 7, 78328, 78328
20, 18430, 7, 78328, 78328
20, 18440, 7, 78328, 78328
20, 18450, 7, 78328, 78328
20, 18460, 7, 78328, 78328
20, 18470, 7, 78328, 78328
20, 18480, 7, 78328, 78328
20, 18490, 7, 78328, 79831
20, 18500, 7, 78328, 78328
20, 18510, 7, 78328, 78328
20, 18520, 7, 78328, 78328
20, 18530, 7, 78328, 78328
20, 18540, 7, 78258, 78258
20, 18550, 7, 78258, 78258
20, 18560, 7, 78258, 78258
20, 18570, 7, 78258, 78258
20, 18580, 7, 78258, 78258
20, 18590, 7, 78258, 78258
20, 18600, 7, 78258, 78258
20, 18610, 7, 78258, 78258
20, 18620, 7, 78258, 78258
20, 18630, 7, 78258, 78258
20, 18640, 7, 78258, 78258
20, 18650, 7, 78258, 78258
20, 18660, 7, 78258, 78258
20, 18670, 7, 78202, 78202
20, 18680, 7, 78202, 78202
20, 18690, 7, 78202, 78202
20, 18700, 7, 78202, 78202
20, 18710, 7, 78202, 78202
20, 18720, 7, 78202, 78202
20, 18730, 7, 78202, 78202
20, 18740, 7, 78202, 78202
20, 18750, 7, 78202, 78202
20, 18760, 7, 78202, 78202
20, 18770, 7, 78202, 78202
20, 18780, 7, 78202, 78202
20, 18790, 7, 78202, 78202
20, 18800, 7, 78202, 78202
20, 18810, 7, 78202, 78202
20, 18820, 7, 78202, 78202
20, 18830, 7, 78202, 78202
20, 18840, 7, 78202, 78202
20, 18850, 7, 78202, 78202
20, 18860, 7, 78202, 78202
20, 18870, 7, 78202, 78202
20, 18880, 7, 78202, 78202
20, 18890, 7, 78185, 78185
20, 18900, 7, 78185, 78185
20, 18910, 7, 78185, 78185
20, 18920, 7, 78185, 78185
20, 18930, 7, 78185, 78185
20, 18940, 7, 78185, 78185
20, 18950, 7, 78185, 78185
20, 18960, 7, 78185, 79929
20, 18970, 7, 78185, 78185
20, 18980, 7, 78185, 78185
20, 18990, 7, 78185, 78185
20, 19000, 7, 78185, 78185
20, 19010, 7, 78185, 78185
20, 19020, 7, 78185, 78185
20, 19030, 7, 78179, 78179
20, 19040, 7, 78179, 78179
20, 19050, 7, 78179, 78179
20, 19060, 7, 78179, 78179
20, 19070, 7, 78179, 78179
20, 19080, 7, 78179, 78179
20, 19090, 7, 78126, 78126
20, 19100, 7, 78126, 78126
20, 19110, 7, 78126, 78126
20, 19120, 7, 78126, 78126
20, 19130, 7, 78126, 78126
20, 19140, 7, 78126, 78126
20, 19150, 7, 78126, 78126
20, 19160, 7, 78126, 78126
20, 19170, 7, 78126, 78126
20, 19180, 7, 78126, 78126
20, 19190, 7, 78126, 78126
20, 19200, 7, 78126, 78126
20, 19210, 7, 78126, 78126
20, 19220, 7, 77989, 77989
20, 19230, 7, 77989, 77989
20, 19240, 7, 77989, 77989
20, 19250, 7, 77989, 77989
20, 19260, 7, 77989, 80139
20, 19270, 7, 77989, 77989
20, 19280, 7, 77989, 77989
20, 19290, 7, 77989, 77989
20, 19300, 7, 77989, 77989
20, 19310, 7, 77984, 77984
20, 19320, 7, 77984, 77984
20, 19330, 7, 77976, 77984
20, 19340, 7, 77976, 77976
20, 19350, 7, 77976, 77976
20, 19360, 7, 77976, 77976
20, 19370, 7, 77976, 77976
20, 19380, 7, 77976, 77976
20, 19390, 7, 77976, 77976
20, 19400, 7, 77976, 77976
20, 19410, 7, 77976, 77976
20, 19420, 7, 77976, 77976
20, 19430, 7, 77976, 77976
20, 19440, 7, 77976, 77976
20, 19450, 7, 77976, 77976
20, 19460, 7, 77976, 77976
20, 19470, 7, 77976, 77976
20, 19480, 7, 77976, 77976
20, 19490, 7, 77976, 77976
20, 19500, 7, 77976, 77976
20, 19510, 7, 77976, 77976
20, 19520, 7, 77972, 77972
20, 19530, 7, 77972, 77972
20, 19540, 7, 77939, 77972
20, 19550, 7, 77939, 77939
20, 19560, 7, 77939, 77939
20, 19570, 7, 77939, 77939
20, 19580, 7, 77939, 77939
20, 19590, 7, 77939, 77939
20, 19600, 7, 77939, 77939
20, 19610, 7, 77939, 77939
20, 19620, 7, 77939, 77939
20, 19630, 7, 77939, 77939
20, 19640, 7, 77939, 77939
20, 19650, 7, 77939, 77939
20, 19660, 7, 77939, 77939
20, 19670, 7, 77939, 77939
20, 19680, 7, 77939, 77939
20, 19690, 7, 77939, 77939
20, 19700, 7, 77939, 77939
20, 19710, 7, 77939, 77939
20, 19720, 7, 77939, 77939
20, 19730, 7, 77939, 77939
20, 19740, 7, 77939, 77939
20, 19750, 7, 77939, 77939
20, 19760, 7, 77939, 77939
20, 19770, 7, 77939, 77939
20, 19780, 7, 77939, 77939
20, 19790, 7, 77751, 77751
20, 19800, 7, 77723, 77723
20, 19810, 7, 77723, 77723
20, 19820, 7, 77723, 77723
20, 19830, 7, 77723, 77723
20, 19840, 7, 77723, 77723
20, 19850, 7, 77723, 77723
20, 19860, 7, 77723, 77723
20, 19870, 7, 77723, 77723
20, 19880, 7, 77723, 77723
20, 19890, 7, 77723, 77723
20, 19900, 7, 77723, 77723
20, 19910, 7, 77723, 77723
20, 19920, 7, 77723, 77723
20, 19930, 7, 77723, 77723
20, 19940, 7, 77664, 77723
20, 19950, 7, 77664, 77664
20, 19960, 7, 77664, 77664
20, 19970, 7, 77664, 77664
20, 19980, 7, 77664, 77664
20, 19990, 7, 77664, 77664
