Population Size, Generation Count, Repetition, Best Fitness, Median Fitness
50, 0, 19, 732084, 768352
50, 10, 19, 695753, 699348
50, 20, 19, 671823, 679961
50, 30, 19, 650315, 657854
50, 40, 19, 638348, 643448
50, 50, 19, 626109, 631228
50, 60, 19, 610151, 614016
50, 70, 19, 599480, 605544
50, 80, 19, 584695, 591725
50, 90, 19, 575604, 579302
50, 100, 19, 563147, 567698
50, 110, 19, 555835, 559774
50, 120, 19, 547028, 550483
50, 130, 19, 537621, 542432
50, 140, 19, 527752, 532607
50, 150, 19, 518186, 522766
50, 160, 19, 512573, 515139
50, 170, 19, 504848, 508031
50, 180, 19, 495395, 499579
50, 190, 19, 488922, 493026
50, 200, 19, 475671, 483466
50, 210, 19, 472052, 474996
50, 220, 19, 468428, 471664
50, 230, 19, 460483, 464341
50, 240, 19, 455847, 459040
50, 250, 19, 449865, 453794
50, 260, 19, 445384, 451206
50, 270, 19, 441915, 445712
50, 280, 19, 435158, 439595
50, 290, 19, 430427, 434221
50, 300, 19, 426694, 430530
50, 310, 19, 420568, 427528
50, 320, 19, 417277, 420757
50, 330, 19, 410046, 413048
50, 340, 19, 405127, 409896
50, 350, 19, 402393, 405955
50, 360, 19, 399548, 402347
50, 370, 19, 393495, 397228
50, 380, 19, 389523, 393573
50, 390, 19, 386983, 390666
50, 400, 19, 384827, 388648
50, 410, 19, 382050, 384991
50, 420, 19, 378996, 382761
50, 430, 19, 375959, 380064
50, 440, 19, 370248, 375557
50, 450, 19, 367045, 370589
50, 460, 19, 365170, 368137
50, 470, 19, 361813, 365883
50, 480, 19, 358915, 362510
50, 490, 19, 353283, 356525
50, 500, 19, 351793, 352768
50, 510, 19, 348792, 351128
50, 520, 19, 344522, 348892
50, 530, 19, 342073, 344950
50, 540, 19, 338480, 340603
50, 550, 19, 335274, 337735
50, 560, 19, 333986, 336083
50, 570, 19, 331177, 333601
50, 580, 19, 329149, 332676
50, 590, 19, 327201, 330346
50, 600, 19, 325159, 326953
50, 610, 19, 322701, 325300
50, 620, 19, 320898, 323347
50, 630, 19, 318722, 321075
50, 640, 19, 316533, 319801
50, 650, 19, 314724, 317423
50, 660, 19, 311639, 316172
50, 670, 19, 309909, 313160
50, 680, 19, 307876, 310519
50, 690, 19, 306701, 308714
50, 700, 19, 304259, 306723
50, 710, 19, 301730, 303601
50, 720, 19, 297965, 301730
50, 730, 19, 295779, 298291
50, 740, 19, 293662, 297186
50, 750, 19, 290129, 294503
50, 760, 19, 289082, 290493
50, 770, 19, 286425, 292411
50, 780, 19, 285104, 287274
50, 790, 19, 283294, 286651
50, 800, 19, 280469, 284620
50, 810, 19, 278835, 281323
50, 820, 19, 277234, 282014
50, 830, 19, 274317, 278661
50, 840, 19, 272721, 274464
50, 850, 19, 270455, 273586
50, 860, 19, 269365, 272454
50, 870, 19, 268512, 269504
50, 880, 19, 266619, 270485
50, 890, 19, 265130, 269712
50, 900, 19, 264047, 266847
50, 910, 19, 262942, 265221
50, 920, 19, 262042, 263944
50, 930, 19, 260845, 264724
50, 940, 19, 258115, 262445
50, 950, 19, 255949, 259406
50, 960, 19, 253690, 257998
50, 970, 19, 252922, 255980
50, 980, 19, 252585, 254667
50, 990, 19, 251637, 255856
50, 1000, 19, 251142, 252803
50, 1010, 19, 250700, 252957
50, 1020, 19, 249194, 252857
50, 1030, 19, 248995, 250616
50, 1040, 19, 247783, 250004
50, 1050, 19, 247385, 250407
50, 1060, 19, 246714, 249141
50, 1070, 19, 245071, 248197
50, 1080, 19, 242536, 246283
50, 1090, 19, 241540, 243849
50, 1100, 19, 240257, 242181
50, 1110, 19, 239536, 242710
50, 1120, 19, 238415, 240967
50, 1130, 19, 236971, 238696
50, 1140, 19, 235302, 238576
50, 1150, 19, 234169, 238149
50, 1160, 19, 233415, 236528
50, 1170, 19, 232852, 235782
50, 1180, 19, 231529, 235838
50, 1190, 19, 231168, 234652
50, 1200, 19, 230527, 233109
50, 1210, 19, 229720, 233244
50, 1220, 19, 229146, 230741
50, 1230, 19, 228774, 232989
50, 1240, 19, 228074, 231424
50, 1250, 19, 227614, 230271
50, 1260, 19, 226988, 230083
50, 1270, 19, 225926, 227856
50, 1280, 19, 224467, 227409
50, 1290, 19, 224063, 227654
50, 1300, 19, 223411, 226076
50, 1310, 19, 222449, 225020
50, 1320, 19, 221646, 223538
50, 1330, 19, 220848, 222803
50, 1340, 19, 219884, 222939
50, 1350, 19, 219330, 222919
50, 1360, 19, 218713, 220540
50, 1370, 19, 217513, 220540
50, 1380, 19, 216973, 219433
50, 1390, 19, 215844, 217440
50, 1400, 19, 214725, 219544
50, 1410, 19, 214198, 217192
50, 1420, 19, 213695, 217514
50, 1430, 19, 212616, 215248
50, 1440, 19, 212028, 214167
50, 1450, 19, 210646, 213901
50, 1460, 19, 209863, 212231
50, 1470, 19, 209018, 211873
50, 1480, 19, 208304, 210399
50, 1490, 19, 207594, 211143
50, 1500, 19, 206509, 209534
50, 1510, 19, 205997, 209649
50, 1520, 19, 205060, 209003
50, 1530, 19, 204182, 206959
50, 1540, 19, 203428, 206299
50, 1550, 19, 203010, 205199
50, 1560, 19, 202914, 204232
50, 1570, 19, 202038, 205082
50, 1580, 19, 202038, 204150
50, 1590, 19, 201999, 204163
50, 1600, 19, 200904, 202621
50, 1610, 19, 199790, 202924
50, 1620, 19, 199508, 203007
50, 1630, 19, 198429, 199706
50, 1640, 19, 197907, 199428
50, 1650, 19, 197249, 200790
50, 1660, 19, 196104, 198817
50, 1670, 19, 195034, 197718
50, 1680, 19, 193906, 196761
50, 1690, 19, 191884, 195040
50, 1700, 19, 190412, 193540
50, 1710, 19, 189930, 191957
50, 1720, 19, 188905, 192786
50, 1730, 19, 188178, 191338
50, 1740, 19, 187382, 189498
50, 1750, 19, 187143, 190050
50, 1760, 19, 186812, 190305
50, 1770, 19, 186341, 187934
50, 1780, 19, 185577, 188738
50, 1790, 19, 184891, 188034
50, 1800, 19, 183841, 187599
50, 1810, 19, 182229, 185970
50, 1820, 19, 181937, 186576
50, 1830, 19, 181483, 184972
50, 1840, 19, 180951, 182974
50, 1850, 19, 179869, 182196
50, 1860, 19, 178948, 180943
50, 1870, 19, 178528, 181839
50, 1880, 19, 178082, 180629
50, 1890, 19, 177068, 180558
50, 1900, 19, 176695, 179702
50, 1910, 19, 176307, 178975
50, 1920, 19, 175753, 178825
50, 1930, 19, 175370, 176993
50, 1940, 19, 174720, 176799
50, 1950, 19, 174150, 177964
50, 1960, 19, 173629, 175435
50, 1970, 19, 173325, 174127
50, 1980, 19, 172556, 175405
50, 1990, 19, 171495, 174793
50, 2000, 19, 170478, 173535
50, 2010, 19, 170175, 172367
50, 2020, 19, 170175, 173371
50, 2030, 19, 169800, 172843
50, 2040, 19, 169355, 171809
50, 2050, 19, 168708, 170156
50, 2060, 19, 167368, 171048
50, 2070, 19, 167020, 169513
50, 2080, 19, 166498, 169621
50, 2090, 19, 165236, 168470
50, 2100, 19, 164632, 167361
50, 2110, 19, 164048, 167251
50, 2120, 19, 163759, 165923
50, 2130, 19, 163669, 165533
50, 2140, 19, 163005, 164180
50, 2150, 19, 162773, 164837
50, 2160, 19, 162268, 164660
50, 2170, 19, 161913, 164140
50, 2180, 19, 160722, 164185
50, 2190, 19, 159752, 162306
50, 2200, 19, 159229, 160952
50, 2210, 19, 159069, 161954
50, 2220, 19, 158894, 161031
50, 2230, 19, 158217, 159777
50, 2240, 19, 157501, 158910
50, 2250, 19, 157172, 159650
50, 2260, 19, 156014, 157966
50, 2270, 19, 155086, 157998
50, 2280, 19, 154525, 157454
50, 2290, 19, 153747, 156096
50, 2300, 19, 153131, 154515
50, 2310, 19, 152772, 156164
50, 2320, 19, 152670, 155116
50, 2330, 19, 152162, 156150
50, 2340, 19, 151811, 154067
50, 2350, 19, 151312, 153471
50, 2360, 19, 151024, 154501
50, 2370, 19, 150538, 154130
50, 2380, 19, 150538, 153615
50, 2390, 19, 150088, 151543
50, 2400, 19, 149744, 153612
50, 2410, 19, 148539, 151329
50, 2420, 19, 148129, 149727
50, 2430, 19, 147873, 150341
50, 2440, 19, 147334, 149662
50, 2450, 19, 146819, 149375
50, 2460, 19, 146410, 149160
50, 2470, 19, 145866, 148280
50, 2480, 19, 145644, 147959
50, 2490, 19, 145093, 146978
50, 2500, 19, 144949, 145607
50, 2510, 19, 144183, 145969
50, 2520, 19, 143301, 146770
50, 2530, 19, 142509, 145469
50, 2540, 19, 142234, 145083
50, 2550, 19, 141849, 144993
50, 2560, 19, 141347, 142740
50, 2570, 19, 140920, 143199
50, 2580, 19, 140373, 143174
50, 2590, 19, 140206, 141645
50, 2600, 19, 139793, 142540
50, 2610, 19, 139684, 141154
50, 2620, 19, 139346, 141226
50, 2630, 19, 139277, 141403
50, 2640, 19, 138827, 140761
50, 2650, 19, 138589, 141881
50, 2660, 19, 138341, 142646
50, 2670, 19, 138337, 140786
50, 2680, 19, 138305, 141137
50, 2690, 19, 138305, 141560
50, 2700, 19, 138105, 139797
50, 2710, 19, 138092, 140743
50, 2720, 19, 137861, 138794
50, 2730, 19, 137014, 143951
50, 2740, 19, 136453, 140393
50, 2750, 19, 136068, 139574
50, 2760, 19, 135941, 137464
50, 2770, 19, 135767, 139154
50, 2780, 19, 135767, 137169
50, 2790, 19, 135410, 138571
50, 2800, 19, 135218, 138347
50, 2810, 19, 135152, 139755
50, 2820, 19, 134713, 135316
50, 2830, 19, 134668, 139739
50, 2840, 19, 134526, 136537
50, 2850, 19, 134441, 136167
50, 2860, 19, 134377, 137580
50, 2870, 19, 133827, 135939
50, 2880, 19, 133099, 136324
50, 2890, 19, 132390, 132803
50, 2900, 19, 132082, 134344
50, 2910, 19, 131984, 136693
50, 2920, 19, 131906, 136264
50, 2930, 19, 131733, 134681
50, 2940, 19, 131200, 133622
50, 2950, 19, 131135, 134425
50, 2960, 19, 130989, 132606
50, 2970, 19, 130989, 132331
50, 2980, 19, 130954, 133846
50, 2990, 19, 130601, 133135
50, 3000, 19, 130185, 132836
50, 3010, 19, 129864, 133612
50, 3020, 19, 129864, 130464
50, 3030, 19, 129605, 131088
50, 3040, 19, 129228, 130067
50, 3050, 19, 129226, 130996
50, 3060, 19, 128454, 130786
50, 3070, 19, 128394, 131230
50, 3080, 19, 127696, 130876
50, 3090, 19, 127212, 128059
50, 3100, 19, 126812, 129222
50, 3110, 19, 126780, 129350
50, 3120, 19, 126390, 127843
50, 3130, 19, 126312, 128708
50, 3140, 19, 125850, 128011
50, 3150, 19, 125775, 127655
50, 3160, 19, 125368, 125488
50, 3170, 19, 125368, 128274
50, 3180, 19, 124909, 126909
50, 3190, 19, 124846, 126616
50, 3200, 19, 124549, 125723
50, 3210, 19, 124367, 125911
50, 3220, 19, 124240, 126492
50, 3230, 19, 123871, 125635
50, 3240, 19, 123871, 125100
50, 3250, 19, 123579, 126632
50, 3260, 19, 123333, 125664
50, 3270, 19, 123096, 126087
50, 3280, 19, 123096, 125412
50, 3290, 19, 123037, 125306
50, 3300, 19, 122939, 125713
50, 3310, 19, 122926, 125952
50, 3320, 19, 122364, 125431
50, 3330, 19, 122337, 124922
50, 3340, 19, 122148, 123988
50, 3350, 19, 122091, 123017
50, 3360, 19, 122016, 124496
50, 3370, 19, 121959, 123853
50, 3380, 19, 121286, 123738
50, 3390, 19, 120722, 124287
50, 3400, 19, 120525, 123510
50, 3410, 19, 120525, 122138
50, 3420, 19, 120393, 122782
50, 3430, 19, 120342, 122952
50, 3440, 19, 120202, 122193
50, 3450, 19, 120143, 121537
50, 3460, 19, 120083, 121836
50, 3470, 19, 120083, 121750
50, 3480, 19, 119827, 124042
50, 3490, 19, 119579, 122132
50, 3500, 19, 119579, 121295
50, 3510, 19, 119579, 122846
50, 3520, 19, 119343, 122013
50, 3530, 19, 119151, 121415
50, 3540, 19, 118951, 122410
50, 3550, 19, 118933, 121125
50, 3560, 19, 118825, 120186
50, 3570, 19, 118470, 121690
50, 3580, 19, 118412, 120330
50, 3590, 19, 118269, 119973
50, 3600, 19, 118211, 119580
50, 3610, 19, 117517, 119395
50, 3620, 19, 117517, 118635
50, 3630, 19, 117351, 119304
50, 3640, 19, 117351, 119269
50, 3650, 19, 117293, 120802
50, 3660, 19, 117293, 118762
50, 3670, 19, 117146, 118124
50, 3680, 19, 117045, 117736
50, 3690, 19, 116741, 119537
50, 3700, 19, 116633, 117755
50, 3710, 19, 116466, 118835
50, 3720, 19, 116359, 118758
50, 3730, 19, 116304, 118452
50, 3740, 19, 116198, 116387
50, 3750, 19, 116198, 119344
50, 3760, 19, 116138, 118648
50, 3770, 19, 115938, 119188
50, 3780, 19, 115899, 118200
50, 3790, 19, 115432, 119824
50, 3800, 19, 114900, 116507
50, 3810, 19, 114840, 114900
50, 3820, 19, 114840, 116780
50, 3830, 19, 114565, 116862
50, 3840, 19, 114375, 116992
50, 3850, 19, 114234, 116711
50, 3860, 19, 113988, 115801
50, 3870, 19, 113946, 117564
50, 3880, 19, 113729, 114903
50, 3890, 19, 113656, 114973
50, 3900, 19, 113622, 114738
50, 3910, 19, 113622, 116074
50, 3920, 19, 113527, 113699
50, 3930, 19, 113368, 116788
50, 3940, 19, 113310, 113986
50, 3950, 19, 113011, 115406
50, 3960, 19, 112953, 114668
50, 3970, 19, 112934, 116043
50, 3980, 19, 112657, 113771
50, 3990, 19, 112657, 115361
50, 4000, 19, 112654, 114617
50, 4010, 19, 112579, 114711
50, 4020, 19, 112579, 115022
50, 4030, 19, 112509, 113574
50, 4040, 19, 112385, 114847
50, 4050, 19, 112367, 113876
50, 4060, 19, 112157, 112632
50, 4070, 19, 112157, 112157
50, 4080, 19, 112157, 115064
50, 4090, 19, 111951, 113373
50, 4100, 19, 111642, 115047
50, 4110, 19, 111583, 113007
50, 4120, 19, 111468, 114579
50, 4130, 19, 111082, 114508
50, 4140, 19, 111082, 113275
50, 4150, 19, 111082, 112626
50, 4160, 19, 110948, 111007
50, 4170, 19, 110697, 113252
50, 4180, 19, 110684, 111440
50, 4190, 19, 110475, 113189
50, 4200, 19, 109861, 111683
50, 4210, 19, 109843, 112512
50, 4220, 19, 109639, 114058
50, 4230, 19, 109462, 109462
50, 4240, 19, 109339, 111142
50, 4250, 19, 109305, 110659
50, 4260, 19, 109181, 110637
50, 4270, 19, 109152, 111494
50, 4280, 19, 108953, 110409
50, 4290, 19, 108837, 112855
50, 4300, 19, 108761, 110992
50, 4310, 19, 108552, 112180
50, 4320, 19, 108552, 112120
50, 4330, 19, 108468, 109653
50, 4340, 19, 108326, 109075
50, 4350, 19, 108203, 109378
50, 4360, 19, 108203, 110742
50, 4370, 19, 108203, 108203
50, 4380, 19, 108104, 108540
50, 4390, 19, 107940, 110630
50, 4400, 19, 107896, 108735
50, 4410, 19, 107641, 109396
50, 4420, 19, 107416, 109627
50, 4430, 19, 107416, 109410
50, 4440, 19, 107275, 110335
50, 4450, 19, 107161, 109000
50, 4460, 19, 106964, 107161
50, 4470, 19, 106964, 106964
50, 4480, 19, 106889, 107521
50, 4490, 19, 106889, 109462
50, 4500, 19, 106724, 108884
50, 4510, 19, 106712, 108295
50, 4520, 19, 106512, 108066
50, 4530, 19, 106245, 108599
50, 4540, 19, 106074, 108423
50, 4550, 19, 106074, 109438
50, 4560, 19, 105990, 107102
50, 4570, 19, 105932, 107995
50, 4580, 19, 105590, 107152
50, 4590, 19, 105091, 106838
50, 4600, 19, 105091, 106757
50, 4610, 19, 104888, 107814
50, 4620, 19, 104888, 104888
50, 4630, 19, 104708, 107139
50, 4640, 19, 104708, 107713
50, 4650, 19, 104625, 106501
50, 4660, 19, 104625, 105850
50, 4670, 19, 104326, 107058
50, 4680, 19, 104206, 106019
50, 4690, 19, 104026, 104060
50, 4700, 19, 102786, 106283
50, 4710, 19, 102757, 105334
50, 4720, 19, 102509, 103037
50, 4730, 19, 102262, 103725
50, 4740, 19, 102262, 104469
50, 4750, 19, 102153, 104269
50, 4760, 19, 102037, 102153
50, 4770, 19, 101885, 104204
50, 4780, 19, 101820, 104622
50, 4790, 19, 101672, 103923
50, 4800, 19, 101433, 105905
50, 4810, 19, 101433, 103810
50, 4820, 19, 101231, 101433
50, 4830, 19, 101231, 103721
50, 4840, 19, 101231, 104653
50, 4850, 19, 101180, 102388
50, 4860, 19, 100820, 101231
50, 4870, 19, 100629, 100743
50, 4880, 19, 100472, 103786
50, 4890, 19, 100472, 102011
50, 4900, 19, 100179, 100673
50, 4910, 19, 100179, 101264
50, 4920, 19, 100179, 100756
50, 4930, 19, 99856, 100762
50, 4940, 19, 99714, 99856
50, 4950, 19, 99697, 100459
50, 4960, 19, 99511, 101684
50, 4970, 19, 99461, 102151
50, 4980, 19, 99461, 100808
50, 4990, 19, 99408, 101753
50, 5000, 19, 99309, 101290
50, 5010, 19, 99309, 101311
50, 5020, 19, 99233, 99848
50, 5030, 19, 99233, 102181
50, 5040, 19, 99157, 100886
50, 5050, 19, 99100, 100723
50, 5060, 19, 99100, 100527
50, 5070, 19, 99100, 102737
50, 5080, 19, 98275, 99508
50, 5090, 19, 98275, 98951
50, 5100, 19, 98146, 100807
50, 5110, 19, 98015, 100671
50, 5120, 19, 97246, 98015
50, 5130, 19, 97246, 98480
50, 5140, 19, 97098, 98470
50, 5150, 19, 97030, 98714
50, 5160, 19, 97030, 99867
50, 5170, 19, 96985, 98322
50, 5180, 19, 96985, 99878
50, 5190, 19, 96788, 98259
50, 5200, 19, 96621, 99356
50, 5210, 19, 96265, 98291
50, 5220, 19, 96265, 98344
50, 5230, 19, 96265, 97203
50, 5240, 19, 96265, 96734
50, 5250, 19, 96256, 97330
50, 5260, 19, 96256, 98376
50, 5270, 19, 96184, 98714
50, 5280, 19, 96072, 98353
50, 5290, 19, 96072, 96072
50, 5300, 19, 96013, 98247
50, 5310, 19, 96013, 98120
50, 5320, 19, 96013, 96013
50, 5330, 19, 96013, 98597
50, 5340, 19, 95950, 98524
50, 5350, 19, 95534, 99562
50, 5360, 19, 95534, 98167
50, 5370, 19, 95410, 95534
50, 5380, 19, 95410, 95410
50, 5390, 19, 95336, 97322
50, 5400, 19, 95336, 95336
50, 5410, 19, 95336, 98137
50, 5420, 19, 95336, 97771
50, 5430, 19, 95253, 97533
50, 5440, 19, 95024, 97007
50, 5450, 19, 95024, 96089
50, 5460, 19, 94847, 94975
50, 5470, 19, 94847, 96981
50, 5480, 19, 94836, 95942
50, 5490, 19, 94836, 97930
50, 5500, 19, 94622, 96982
50, 5510, 19, 94500, 95496
50, 5520, 19, 94471, 97032
50, 5530, 19, 94443, 94463
50, 5540, 19, 94290, 94463
50, 5550, 19, 94173, 94443
50, 5560, 19, 94173, 94173
50, 5570, 19, 94173, 97373
50, 5580, 19, 94161, 96080
50, 5590, 19, 94161, 95243
50, 5600, 19, 94161, 98099
50, 5610, 19, 94161, 96180
50, 5620, 19, 93920, 95415
50, 5630, 19, 93608, 94774
50, 5640, 19, 93543, 94806
50, 5650, 19, 93462, 93625
50, 5660, 19, 93382, 94595
50, 5670, 19, 93382, 94630
50, 5680, 19, 93353, 94625
50, 5690, 19, 93353, 93353
50, 5700, 19, 93295, 95161
50, 5710, 19, 93093, 93353
50, 5720, 19, 93092, 95473
50, 5730, 19, 93092, 94621
50, 5740, 19, 92922, 93510
50, 5750, 19, 92922, 96119
50, 5760, 19, 92904, 93970
50, 5770, 19, 92904, 92904
50, 5780, 19, 92904, 95140
50, 5790, 19, 92769, 92904
50, 5800, 19, 92641, 92757
50, 5810, 19, 92548, 93943
50, 5820, 19, 92548, 92671
50, 5830, 19, 92497, 95414
50, 5840, 19, 92443, 94801
50, 5850, 19, 92058, 94377
50, 5860, 19, 91747, 92192
50, 5870, 19, 91464, 91747
50, 5880, 19, 91381, 93773
50, 5890, 19, 91309, 92970
50, 5900, 19, 91309, 93241
50, 5910, 19, 91161, 92760
50, 5920, 19, 90944, 92643
50, 5930, 19, 90944, 93225
50, 5940, 19, 90835, 91344
50, 5950, 19, 90701, 90835
50, 5960, 19, 90701, 93686
50, 5970, 19, 90701, 92355
50, 5980, 19, 90701, 91795
50, 5990, 19, 90701, 92552
50, 6000, 19, 90616, 90701
50, 6010, 19, 90505, 91071
50, 6020, 19, 90505, 91953
50, 6030, 19, 90505, 90941
50, 6040, 19, 90457, 90505
50, 6050, 19, 90359, 92665
50, 6060, 19, 90359, 90359
50, 6070, 19, 90359, 90359
50, 6080, 19, 90359, 92015
50, 6090, 19, 90359, 92098
50, 6100, 19, 90259, 91777
50, 6110, 19, 90259, 91961
50, 6120, 19, 90219, 92312
50, 6130, 19, 90171, 91059
50, 6140, 19, 90171, 91905
50, 6150, 19, 89834, 90549
50, 6160, 19, 89823, 92941
50, 6170, 19, 89823, 91473
50, 6180, 19, 89674, 89823
50, 6190, 19, 89674, 90423
50, 6200, 19, 89674, 91892
50, 6210, 19, 89496, 92179
50, 6220, 19, 89496, 90302
50, 6230, 19, 89444, 90739
50, 6240, 19, 89444, 89444
50, 6250, 19, 89430, 90753
50, 6260, 19, 89430, 89854
50, 6270, 19, 89430, 91147
50, 6280, 19, 89430, 91538
50, 6290, 19, 89430, 92063
50, 6300, 19, 89430, 91606
50, 6310, 19, 89430, 91791
50, 6320, 19, 89242, 92352
50, 6330, 19, 89198, 90060
50, 6340, 19, 89082, 90999
50, 6350, 19, 89082, 89082
50, 6360, 19, 89016, 89016
50, 6370, 19, 88833, 89825
50, 6380, 19, 88833, 89142
50, 6390, 19, 88833, 88833
50, 6400, 19, 88833, 90673
50, 6410, 19, 88833, 90753
50, 6420, 19, 88621, 89480
50, 6430, 19, 88588, 90665
50, 6440, 19, 88523, 92084
50, 6450, 19, 88523, 89493
50, 6460, 19, 88474, 90989
50, 6470, 19, 88425, 88474
50, 6480, 19, 88275, 88425
50, 6490, 19, 88275, 89337
50, 6500, 19, 87975, 89175
50, 6510, 19, 87975, 90375
50, 6520, 19, 87975, 90228
50, 6530, 19, 87975, 87975
50, 6540, 19, 87975, 90094
50, 6550, 19, 87649, 87649
50, 6560, 19, 87649, 87649
50, 6570, 19, 87218, 87649
50, 6580, 19, 87218, 88037
50, 6590, 19, 87185, 87185
50, 6600, 19, 86760, 90237
50, 6610, 19, 86640, 88266
50, 6620, 19, 86640, 87964
50, 6630, 19, 86324, 86724
50, 6640, 19, 86120, 86579
50, 6650, 19, 86120, 86542
50, 6660, 19, 85769, 86025
50, 6670, 19, 85769, 86710
50, 6680, 19, 85755, 87559
50, 6690, 19, 85752, 87368
50, 6700, 19, 85752, 85752
50, 6710, 19, 85752, 85752
50, 6720, 19, 85687, 87903
50, 6730, 19, 85687, 87065
50, 6740, 19, 85651, 85687
50, 6750, 19, 85651, 86244
50, 6760, 19, 85651, 87099
50, 6770, 19, 85540, 86272
50, 6780, 19, 85540, 89642
50, 6790, 19, 85476, 87228
50, 6800, 19, 85473, 86312
50, 6810, 19, 85443, 85836
50, 6820, 19, 85443, 85443
50, 6830, 19, 85119, 85443
50, 6840, 19, 85119, 85973
50, 6850, 19, 85112, 85254
50, 6860, 19, 85112, 85839
50, 6870, 19, 85112, 85112
50, 6880, 19, 85112, 85112
50, 6890, 19, 85078, 87095
50, 6900, 19, 84903, 85074
50, 6910, 19, 84771, 85004
50, 6920, 19, 84771, 86039
50, 6930, 19, 84771, 84998
50, 6940, 19, 84493, 84771
50, 6950, 19, 84417, 86848
50, 6960, 19, 84344, 84344
50, 6970, 19, 84187, 86676
50, 6980, 19, 84187, 84187
50, 6990, 19, 84187, 85308
50, 7000, 19, 84187, 84187
50, 7010, 19, 84175, 84187
50, 7020, 19, 84114, 84826
50, 7030, 19, 84114, 84963
50, 7040, 19, 84114, 86865
50, 7050, 19, 84114, 85102
50, 7060, 19, 84092, 84450
50, 7070, 19, 84092, 84092
50, 7080, 19, 84092, 86900
50, 7090, 19, 84017, 84843
50, 7100, 19, 84017, 86157
50, 7110, 19, 83912, 84017
50, 7120, 19, 83887, 83922
50, 7130, 19, 83847, 85398
50, 7140, 19, 83847, 83847
50, 7150, 19, 83847, 84499
50, 7160, 19, 83397, 86541
50, 7170, 19, 83397, 84501
50, 7180, 19, 83397, 84244
50, 7190, 19, 83397, 83397
50, 7200, 19, 83388, 84776
50, 7210, 19, 83388, 86368
50, 7220, 19, 83218, 83388
50, 7230, 19, 83218, 84471
50, 7240, 19, 83218, 83218
50, 7250, 19, 83118, 84278
50, 7260, 19, 83118, 84577
50, 7270, 19, 83118, 84762
50, 7280, 19, 83102, 83118
50, 7290, 19, 83102, 84296
50, 7300, 19, 82928, 83046
50, 7310, 19, 82782, 82888
50, 7320, 19, 82752, 84854
50, 7330, 19, 82693, 84743
50, 7340, 19, 82609, 83957
50, 7350, 19, 82504, 82762
50, 7360, 19, 82398, 82504
50, 7370, 19, 82398, 84763
50, 7380, 19, 82398, 83513
50, 7390, 19, 82398, 83362
50, 7400, 19, 82398, 82398
50, 7410, 19, 82398, 82398
50, 7420, 19, 82329, 82398
50, 7430, 19, 82284, 82302
50, 7440, 19, 82284, 83188
50, 7450, 19, 82119, 82425
50, 7460, 19, 81614, 82119
50, 7470, 19, 81614, 82081
50, 7480, 19, 81614, 82742
50, 7490, 19, 81614, 83273
50, 7500, 19, 81480, 83693
50, 7510, 19, 81439, 81480
50, 7520, 19, 81439, 81439
50, 7530, 19, 81439, 81439
50, 7540, 19, 81439, 81439
50, 7550, 19, 81439, 81439
50, 7560, 19, 81439, 81480
50, 7570, 19, 81439, 81439
50, 7580, 19, 81439, 82010
50, 7590, 19, 81339, 82996
50, 7600, 19, 81331, 81952
50, 7610, 19, 81331, 81331
50, 7620, 19, 81331, 81331
50, 7630, 19, 81331, 82372
50, 7640, 19, 81331, 82447
50, 7650, 19, 81331, 81331
50, 7660, 19, 81331, 82267
50, 7670, 19, 81313, 84108
50, 7680, 19, 81253, 82359
50, 7690, 19, 81253, 83902
50, 7700, 19, 81253, 81557
50, 7710, 19, 80731, 81918
50, 7720, 19, 80731, 80731
50, 7730, 19, 80731, 80731
50, 7740, 19, 80731, 80731
50, 7750, 19, 80623, 80842
50, 7760, 19, 80564, 80623
50, 7770, 19, 80564, 81188
50, 7780, 19, 80519, 82259
50, 7790, 19, 80519, 83300
50, 7800, 19, 80519, 80519
50, 7810, 19, 80519, 80519
50, 7820, 19, 80519, 81506
50, 7830, 19, 80519, 80519
50, 7840, 19, 80395, 80777
50, 7850, 19, 80395, 80395
50, 7860, 19, 80395, 83759
50, 7870, 19, 80395, 81713
50, 7880, 19, 80395, 80395
50, 7890, 19, 80395, 81411
50, 7900, 19, 80311, 80638
50, 7910, 19, 80311, 81390
50, 7920, 19, 80311, 82124
50, 7930, 19, 80146, 84990
50, 7940, 19, 80146, 80146
50, 7950, 19, 80022, 81233
50, 7960, 19, 80022, 80952
50, 7970, 19, 79862, 80022
50, 7980, 19, 79779, 81358
50, 7990, 19, 79779, 79779
50, 8000, 19, 79775, 79775
50, 8010, 19, 79444, 80069
50, 8020, 19, 79444, 79819
50, 8030, 19, 79444, 79444
50, 8040, 19, 79437, 79578
50, 8050, 19, 79396, 79396
50, 8060, 19, 79396, 79396
50, 8070, 19, 79387, 81415
50, 8080, 19, 79259, 80672
50, 8090, 19, 79259, 80334
50, 8100, 19, 79259, 80486
50, 8110, 19, 79241, 79259
50, 8120, 19, 79241, 80713
50, 8130, 19, 79241, 79241
50, 8140, 19, 79241, 80757
50, 8150, 19, 79241, 80491
50, 8160, 19, 79241, 80427
50, 8170, 19, 79241, 79241
50, 8180, 19, 79241, 80149
50, 8190, 19, 79241, 79241
50, 8200, 19, 79241, 79241
50, 8210, 19, 79241, 80844
50, 8220, 19, 79147, 79147
50, 8230, 19, 79138, 79147
50, 8240, 19, 79051, 79051
50, 8250, 19, 78825, 78949
50, 8260, 19, 78653, 78825
50, 8270, 19, 78489, 79828
50, 8280, 19, 78489, 80689
50, 8290, 19, 78389, 80975
50, 8300, 19, 78389, 80168
50, 8310, 19, 78360, 82365
50, 8320, 19, 78360, 79531
50, 8330, 19, 78360, 78360
50, 8340, 19, 78360, 80063
50, 8350, 19, 78360, 78360
50, 8360, 19, 78360, 78360
50, 8370, 19, 78292, 79361
50, 8380, 19, 78292, 78979
50, 8390, 19, 78292, 78292
50, 8400, 19, 78274, 78292
50, 8410, 19, 78211, 79110
50, 8420, 19, 78211, 79432
50, 8430, 19, 78181, 78204
50, 8440, 19, 78003, 78529
50, 8450, 19, 78003, 78003
50, 8460, 19, 78003, 78003
50, 8470, 19, 77862, 78003
50, 8480, 19, 77862, 78302
50, 8490, 19, 77855, 78252
50, 8500, 19, 77855, 77855
50, 8510, 19, 77564, 78076
50, 8520, 19, 77511, 77564
50, 8530, 19, 77511, 78970
50, 8540, 19, 77511, 77511
50, 8550, 19, 77511, 78259
50, 8560, 19, 77511, 77511
50, 8570, 19, 77511, 78713
50, 8580, 19, 77511, 77511
50, 8590, 19, 77511, 77511
50, 8600, 19, 77511, 80012
50, 8610, 19, 77511, 78565
50, 8620, 19, 77507, 77507
50, 8630, 19, 77507, 77507
50, 8640, 19, 77507, 78340
50, 8650, 19, 77507, 79683
50, 8660, 19, 77307, 77307
50, 8670, 19, 77266, 78906
50, 8680, 19, 77266, 78749
50, 8690, 19, 77266, 77266
50, 8700, 19, 77266, 79223
50, 8710, 19, 77266, 77484
50, 8720, 19, 77266, 77266
50, 8730, 19, 77266, 79029
50, 8740, 19, 77134, 78462
50, 8750, 19, 77058, 77134
50, 8760, 19, 77058, 77058
50, 8770, 19, 76934, 77058
50, 8780, 19, 76934, 76934
50, 8790, 19, 76934, 77225
50, 8800, 19, 76934, 76934
50, 8810, 19, 76934, 78848
50, 8820, 19, 76934, 76934
50, 8830, 19, 76917, 78482
50, 8840, 19, 76917, 76917
50, 8850, 19, 76917, 76917
50, 8860, 19, 76917, 77857
50, 8870, 19, 76756, 77597
50, 8880, 19, 76756, 79593
50, 8890, 19, 76756, 78369
50, 8900, 19, 76756, 78430
50, 8910, 19, 76756, 78169
50, 8920, 19, 76756, 76756
50, 8930, 19, 76756, 76756
50, 8940, 19, 76756, 79375
50, 8950, 19, 76756, 76756
50, 8960, 19, 76756, 77688
50, 8970, 19, 76756, 77996
50, 8980, 19, 76756, 76756
50, 8990, 19, 76595, 78120
50, 9000, 19, 76595, 76595
50, 9010, 19, 76352, 76595
50, 9020, 19, 76352, 76352
50, 9030, 19, 76352, 76352
50, 9040, 19, 76352, 77728
50, 9050, 19, 76352, 76352
50, 9060, 19, 76352, 76352
50, 9070, 19, 76229, 78795
50, 9080, 19, 76054, 76054
50, 9090, 19, 75913, 76054
50, 9100, 19, 75913, 76118
50, 9110, 19, 75913, 75913
50, 9120, 19, 75706, 76613
50, 9130, 19, 75706, 76813
50, 9140, 19, 75706, 76113
50, 9150, 19, 75706, 78389
50, 9160, 19, 75506, 75706
50, 9170, 19, 75448, 75506
50, 9180, 19, 75448, 75448
50, 9190, 19, 75448, 75448
50, 9200, 19, 75448, 75448
50, 9210, 19, 75448, 75448
50, 9220, 19, 75397, 76425
50, 9230, 19, 75397, 77172
50, 9240, 19, 75397, 75397
50, 9250, 19, 75397, 77475
50, 9260, 19, 75179, 75379
50, 9270, 19, 74633, 74633
50, 9280, 19, 74633, 76681
50, 9290, 19, 74633, 77384
50, 9300, 19, 74510, 74633
50, 9310, 19, 74510, 74510
50, 9320, 19, 74510, 76883
50, 9330, 19, 74435, 74435
50, 9340, 19, 74293, 75180
50, 9350, 19, 74293, 74748
50, 9360, 19, 74293, 75549
50, 9370, 19, 74293, 74293
50, 9380, 19, 73960, 74191
50, 9390, 19, 73960, 75102
50, 9400, 19, 73960, 73960
50, 9410, 19, 73960, 73960
50, 9420, 19, 73960, 73960
50, 9430, 19, 73893, 73909
50, 9440, 19, 73893, 73893
50, 9450, 19, 73839, 73893
50, 9460, 19, 73839, 73839
50, 9470, 19, 73785, 73839
50, 9480, 19, 73726, 74729
50, 9490, 19, 73726, 73726
50, 9500, 19, 73726, 73726
50, 9510, 19, 73726, 74782
50, 9520, 19, 73726, 76132
50, 9530, 19, 73726, 73726
50, 9540, 19, 73726, 73726
50, 9550, 19, 73613, 73613
50, 9560, 19, 73613, 73613
50, 9570, 19, 73613, 73613
50, 9580, 19, 73613, 75462
50, 9590, 19, 73613, 75399
50, 9600, 19, 73613, 73792
50, 9610, 19, 73613, 73613
50, 9620, 19, 73613, 73613
50, 9630, 19, 73599, 75847
50, 9640, 19, 73599, 73599
50, 9650, 19, 73599, 73599
50, 9660, 19, 73599, 73882
50, 9670, 19, 73599, 73599
50, 9680, 19, 73599, 73835
50, 9690, 19, 73599, 74993
50, 9700, 19, 73599, 74781
50, 9710, 19, 73599, 73599
50, 9720, 19, 73496, 73599
50, 9730, 19, 73288, 73496
50, 9740, 19, 73288, 73571
50, 9750, 19, 73288, 73288
50, 9760, 19, 73288, 73288
50, 9770, 19, 73288, 73688
50, 9780, 19, 73288, 73288
50, 9790, 19, 73182, 75408
50, 9800, 19, 73182, 73182
50, 9810, 19, 73182, 73182
50, 9820, 19, 73182, 73182
50, 9830, 19, 73182, 73182
50, 9840, 19, 73182, 73182
50, 9850, 19, 73182, 73182
50, 9860, 19, 73182, 73182
50, 9870, 19, 73182, 73952
50, 9880, 19, 73112, 73787
50, 9890, 19, 73112, 73112
50, 9900, 19, 73112, 74133
50, 9910, 19, 73112, 73952
50, 9920, 19, 73029, 73112
50, 9930, 19, 73029, 73742
50, 9940, 19, 73002, 74584
50, 9950, 19, 72941, 74708
50, 9960, 19, 72919, 76290
50, 9970, 19, 72919, 72919
50, 9980, 19, 72919, 73855
50, 9990, 19, 72919, 72919
50, 10000, 19, 72919, 74115
50, 10010, 19, 72919, 72919
50, 10020, 19, 72919, 72919
50, 10030, 19, 72919, 72919
50, 10040, 19, 72919, 72919
50, 10050, 19, 72919, 72919
50, 10060, 19, 72903, 72903
50, 10070, 19, 72903, 74826
50, 10080, 19, 72903, 74389
50, 10090, 19, 72903, 72903
50, 10100, 19, 72903, 72903
50, 10110, 19, 72903, 73478
50, 10120, 19, 72903, 72903
50, 10130, 19, 72894, 72903
50, 10140, 19, 72894, 72894
50, 10150, 19, 72827, 72827
50, 10160, 19, 72580, 73614
50, 10170, 19, 72580, 72580
50, 10180, 19, 72580, 72580
50, 10190, 19, 72528, 72580
50, 10200, 19, 72528, 72528
50, 10210, 19, 72528, 72528
50, 10220, 19, 72528, 73594
50, 10230, 19, 72528, 72981
50, 10240, 19, 72528, 72528
50, 10250, 19, 72528, 72528
50, 10260, 19, 72284, 72528
50, 10270, 19, 72284, 72284
50, 10280, 19, 72284, 72497
50, 10290, 19, 72284, 72284
50, 10300, 19, 72284, 72284
50, 10310, 19, 72284, 72284
50, 10320, 19, 72253, 72253
50, 10330, 19, 72253, 72253
50, 10340, 19, 72253, 72253
50, 10350, 19, 72253, 73623
50, 10360, 19, 72253, 72253
50, 10370, 19, 72253, 72253
50, 10380, 19, 72137, 73657
50, 10390, 19, 72111, 72111
50, 10400, 19, 72111, 72111
50, 10410, 19, 72111, 74245
50, 10420, 19, 72111, 72111
50, 10430, 19, 72111, 72111
50, 10440, 19, 72111, 74155
50, 10450, 19, 72111, 72111
50, 10460, 19, 72111, 72412
50, 10470, 19, 72111, 72111
50, 10480, 19, 72111, 72111
50, 10490, 19, 72111, 72111
50, 10500, 19, 72111, 72111
50, 10510, 19, 72010, 72128
50, 10520, 19, 71967, 71967
50, 10530, 19, 71952, 71967
50, 10540, 19, 71872, 73677
50, 10550, 19, 71872, 71872
50, 10560, 19, 71859, 71872
50, 10570, 19, 71859, 72302
50, 10580, 19, 71859, 71859
50, 10590, 19, 71859, 72837
50, 10600, 19, 71859, 73195
50, 10610, 19, 71859, 71859
50, 10620, 19, 71859, 71859
50, 10630, 19, 71859, 71859
50, 10640, 19, 71859, 71859
50, 10650, 19, 71859, 71859
50, 10660, 19, 71859, 71859
50, 10670, 19, 71659, 71859
50, 10680, 19, 71622, 71622
50, 10690, 19, 71589, 71622
50, 10700, 19, 71589, 71589
50, 10710, 19, 71525, 72749
50, 10720, 19, 71525, 71525
50, 10730, 19, 71525, 71525
50, 10740, 19, 71423, 71881
50, 10750, 19, 71423, 71907
50, 10760, 19, 71364, 71364
50, 10770, 19, 71364, 71364
50, 10780, 19, 71324, 71364
50, 10790, 19, 71324, 73433
50, 10800, 19, 71324, 71324
50, 10810, 19, 71315, 71324
50, 10820, 19, 71315, 71315
50, 10830, 19, 71315, 71315
50, 10840, 19, 71315, 73221
50, 10850, 19, 71315, 72881
50, 10860, 19, 71214, 71717
50, 10870, 19, 71214, 72685
50, 10880, 19, 71087, 71214
50, 10890, 19, 71087, 71305
50, 10900, 19, 71087, 71087
50, 10910, 19, 71029, 73014
50, 10920, 19, 71015, 71029
50, 10930, 19, 71015, 71015
50, 10940, 19, 71015, 71015
50, 10950, 19, 71015, 72507
50, 10960, 19, 70923, 71674
50, 10970, 19, 70923, 70923
50, 10980, 19, 70923, 70923
50, 10990, 19, 70923, 71048
50, 11000, 19, 70923, 71311
50, 11010, 19, 70923, 70923
50, 11020, 19, 70923, 70923
50, 11030, 19, 70923, 70923
50, 11040, 19, 70923, 70923
50, 11050, 19, 70923, 70923
50, 11060, 19, 70923, 70923
50, 11070, 19, 70923, 72712
50, 11080, 19, 70923, 70923
50, 11090, 19, 70923, 70923
50, 11100, 19, 70923, 70923
50, 11110, 19, 70923, 70923
50, 11120, 19, 70901, 72029
50, 11130, 19, 70901, 70901
50, 11140, 19, 70901, 70901
50, 11150, 19, 70850, 70850
50, 11160, 19, 70850, 70850
50, 11170, 19, 70850, 71037
50, 11180, 19, 70850, 70850
50, 11190, 19, 70850, 70991
50, 11200, 19, 70850, 70850
50, 11210, 19, 70751, 70850
50, 11220, 19, 70751, 70751
50, 11230, 19, 70634, 70751
50, 11240, 19, 70634, 70634
50, 11250, 19, 70634, 70634
50, 11260, 19, 70634, 72228
50, 11270, 19, 70634, 70634
50, 11280, 19, 70634, 70634
50, 11290, 19, 70634, 71234
50, 11300, 19, 70587, 70634
50, 11310, 19, 70587, 70587
50, 11320, 19, 70587, 70587
50, 11330, 19, 70587, 70587
50, 11340, 19, 70556, 71276
50, 11350, 19, 70556, 70556
50, 11360, 19, 70556, 70556
50, 11370, 19, 70515, 70556
50, 11380, 19, 70515, 70515
50, 11390, 19, 70515, 70515
50, 11400, 19, 70459, 70459
50, 11410, 19, 70312, 70312
50, 11420, 19, 70184, 70184
50, 11430, 19, 70184, 70184
50, 11440, 19, 70184, 70184
50, 11450, 19, 70184, 70184
50, 11460, 19, 70061, 70061
50, 11470, 19, 70061, 70061
50, 11480, 19, 70061, 70061
50, 11490, 19, 69985, 70061
50, 11500, 19, 69985, 69985
50, 11510, 19, 69935, 69935
50, 11520, 19, 69935, 70070
50, 11530, 19, 69935, 69935
50, 11540, 19, 69935, 69935
50, 11550, 19, 69935, 69935
50, 11560, 19, 69935, 69935
50, 11570, 19, 69880, 69935
50, 11580, 19, 69880, 69880
50, 11590, 19, 69880, 69880
50, 11600, 19, 69880, 69880
50, 11610, 19, 69880, 69880
50, 11620, 19, 69880, 69880
50, 11630, 19, 69880, 70143
50, 11640, 19, 69803, 69880
50, 11650, 19, 69803, 70347
50, 11660, 19, 69803, 69803
50, 11670, 19, 69695, 69803
50, 11680, 19, 69695, 69695
50, 11690, 19, 69695, 71260
50, 11700, 19, 69695, 71564
50, 11710, 19, 69695, 69695
50, 11720, 19, 69695, 69695
50, 11730, 19, 69617, 69695
50, 11740, 19, 69617, 69617
50, 11750, 19, 69517, 69617
50, 11760, 19, 69517, 69517
50, 11770, 19, 69517, 69517
50, 11780, 19, 69517, 69517
50, 11790, 19, 69517, 69517
50, 11800, 19, 69517, 69517
50, 11810, 19, 69517, 69517
50, 11820, 19, 69517, 69517
50, 11830, 19, 69456, 69517
50, 11840, 19, 69456, 69656
50, 11850, 19, 69456, 69456
50, 11860, 19, 69443, 69456
50, 11870, 19, 69443, 69443
50, 11880, 19, 69127, 69443
50, 11890, 19, 69127, 69127
50, 11900, 19, 69082, 69082
50, 11910, 19, 69082, 69082
50, 11920, 19, 69082, 69082
50, 11930, 19, 69082, 69082
50, 11940, 19, 68925, 69082
50, 11950, 19, 68925, 69819
50, 11960, 19, 68867, 68925
50, 11970, 19, 68867, 68867
50, 11980, 19, 68867, 69561
50, 11990, 19, 68784, 68867
50, 12000, 19, 68784, 68784
50, 12010, 19, 68784, 68784
50, 12020, 19, 68784, 68784
50, 12030, 19, 68784, 68784
50, 12040, 19, 68784, 68784
50, 12050, 19, 68701, 68784
50, 12060, 19, 68701, 68701
50, 12070, 19, 68701, 68701
50, 12080, 19, 68701, 68701
50, 12090, 19, 68701, 68701
50, 12100, 19, 68701, 68701
50, 12110, 19, 68701, 69167
50, 12120, 19, 68701, 68701
50, 12130, 19, 68676, 68676
50, 12140, 19, 68676, 68676
50, 12150, 19, 68676, 68676
50, 12160, 19, 68676, 68676
50, 12170, 19, 68676, 68676
50, 12180, 19, 68676, 68676
50, 12190, 19, 68676, 68676
50, 12200, 19, 68676, 68676
50, 12210, 19, 68676, 68676
50, 12220, 19, 68676, 68676
50, 12230, 19, 68676, 70909
50, 12240, 19, 68676, 68676
50, 12250, 19, 68676, 68676
50, 12260, 19, 68676, 68676
50, 12270, 19, 68671, 68676
50, 12280, 19, 68671, 68671
50, 12290, 19, 68671, 68671
50, 12300, 19, 68671, 69854
50, 12310, 19, 68671, 68671
50, 12320, 19, 68671, 68671
50, 12330, 19, 68597, 68597
50, 12340, 19, 68597, 68597
50, 12350, 19, 68597, 68597
50, 12360, 19, 68597, 68597
50, 12370, 19, 68597, 68597
50, 12380, 19, 68597, 68597
50, 12390, 19, 68597, 68597
50, 12400, 19, 68597, 68597
50, 12410, 19, 68539, 68597
50, 12420, 19, 68539, 68539
50, 12430, 19, 68539, 68539
50, 12440, 19, 68539, 68539
50, 12450, 19, 68539, 68539
50, 12460, 19, 68482, 68539
50, 12470, 19, 68482, 68482
50, 12480, 19, 68482, 68482
50, 12490, 19, 68482, 68482
50, 12500, 19, 68482, 68482
50, 12510, 19, 68482, 68482
50, 12520, 19, 68482, 69736
50, 12530, 19, 68294, 68482
50, 12540, 19, 68212, 68294
50, 12550, 19, 68212, 68212
50, 12560, 19, 68212, 68212
50, 12570, 19, 68212, 68212
50, 12580, 19, 68212, 68212
50, 12590, 19, 68212, 68212
50, 12600, 19, 68212, 68212
50, 12610, 19, 68212, 68212
50, 12620, 19, 68212, 68212
50, 12630, 19, 68212, 68212
50, 12640, 19, 68212, 68212
50, 12650, 19, 68212, 68212
50, 12660, 19, 68153, 68212
50, 12670, 19, 68153, 68153
50, 12680, 19, 68153, 68153
50, 12690, 19, 68153, 68153
50, 12700, 19, 68153, 68153
50, 12710, 19, 68153, 68359
50, 12720, 19, 68153, 68153
50, 12730, 19, 68153, 68153
50, 12740, 19, 68153, 68153
50, 12750, 19, 68153, 68153
50, 12760, 19, 68153, 68153
50, 12770, 19, 68153, 68153
50, 12780, 19, 68153, 68153
50, 12790, 19, 68153, 68153
50, 12800, 19, 68153, 68153
50, 12810, 19, 68153, 68153
50, 12820, 19, 68153, 68153
50, 12830, 19, 68153, 68582
50, 12840, 19, 68153, 68153
50, 12850, 19, 68153, 68153
50, 12860, 19, 68153, 68153
50, 12870, 19, 68153, 68153
50, 12880, 19, 68153, 68153
50, 12890, 19, 68153, 68153
50, 12900, 19, 68153, 68153
50, 12910, 19, 68153, 68153
50, 12920, 19, 68153, 68153
50, 12930, 19, 68153, 68153
50, 12940, 19, 68153, 68153
50, 12950, 19, 68153, 68153
50, 12960, 19, 68153, 68153
50, 12970, 19, 68153, 68153
50, 12980, 19, 68153, 68153
50, 12990, 19, 68153, 68153
50, 13000, 19, 68153, 68153
50, 13010, 19, 68153, 68153
50, 13020, 19, 68153, 68153
50, 13030, 19, 68153, 68153
50, 13040, 19, 68153, 68153
50, 13050, 19, 68153, 68153
50, 13060, 19, 68153, 68153
50, 13070, 19, 68153, 68153
50, 13080, 19, 67983, 68153
50, 13090, 19, 67983, 67983
50, 13100, 19, 67983, 67983
50, 13110, 19, 67772, 67983
50, 13120, 19, 67772, 67772
50, 13130, 19, 67772, 67772
50, 13140, 19, 67772, 67772
50, 13150, 19, 67772, 67772
50, 13160, 19, 67772, 67772
50, 13170, 19, 67772, 67772
50, 13180, 19, 67772, 67772
50, 13190, 19, 67656, 67656
50, 13200, 19, 67656, 67656
50, 13210, 19, 67656, 67656
50, 13220, 19, 67656, 67656
50, 13230, 19, 67656, 67656
50, 13240, 19, 67656, 67656
50, 13250, 19, 67653, 69493
50, 13260, 19, 67653, 67653
50, 13270, 19, 67653, 67653
50, 13280, 19, 67653, 67653
50, 13290, 19, 67653, 67653
50, 13300, 19, 67653, 67653
50, 13310, 19, 67653, 67943
50, 13320, 19, 67653, 67653
50, 13330, 19, 67653, 69599
50, 13340, 19, 67653, 67653
50, 13350, 19, 67187, 67653
50, 13360, 19, 67187, 67187
50, 13370, 19, 67187, 67187
50, 13380, 19, 67187, 67187
50, 13390, 19, 67187, 67375
50, 13400, 19, 67187, 67187
50, 13410, 19, 67157, 67157
50, 13420, 19, 67139, 67139
50, 13430, 19, 67139, 67139
50, 13440, 19, 67115, 67139
50, 13450, 19, 67115, 67115
50, 13460, 19, 67115, 67115
50, 13470, 19, 67115, 67115
50, 13480, 19, 67115, 67115
50, 13490, 19, 67115, 67115
50, 13500, 19, 67115, 67115
50, 13510, 19, 67115, 67115
50, 13520, 19, 67059, 67115
50, 13530, 19, 66993, 67059
50, 13540, 19, 66993, 66993
50, 13550, 19, 66993, 67117
50, 13560, 19, 66993, 66993
50, 13570, 19, 66993, 66993
50, 13580, 19, 66993, 66993
50, 13590, 19, 66770, 66770
50, 13600, 19, 66770, 66770
50, 13610, 19, 66770, 66770
50, 13620, 19, 66728, 66728
50, 13630, 19, 66728, 66728
50, 13640, 19, 66728, 66728
50, 13650, 19, 66728, 66728
50, 13660, 19, 66728, 66728
50, 13670, 19, 66728, 66728
50, 13680, 19, 66728, 66728
50, 13690, 19, 66728, 66728
50, 13700, 19, 66728, 66728
50, 13710, 19, 66728, 66728
50, 13720, 19, 66728, 66728
50, 13730, 19, 66728, 66728
50, 13740, 19, 66728, 66728
50, 13750, 19, 66728, 66728
50, 13760, 19, 66728, 66728
50, 13770, 19, 66728, 66728
50, 13780, 19, 66728, 66728
50, 13790, 19, 66728, 66728
50, 13800, 19, 66728, 66728
50, 13810, 19, 66728, 66728
50, 13820, 19, 66728, 66728
50, 13830, 19, 66728, 66728
50, 13840, 19, 66728, 66728
50, 13850, 19, 66728, 66728
50, 13860, 19, 66728, 66728
50, 13870, 19, 66728, 66728
50, 13880, 19, 66728, 66728
50, 13890, 19, 66728, 66728
50, 13900, 19, 66728, 66728
50, 13910, 19, 66728, 66728
50, 13920, 19, 66728, 66728
50, 13930, 19, 66728, 67691
50, 13940, 19, 66728, 66728
50, 13950, 19, 66728, 66728
50, 13960, 19, 66728, 66728
50, 13970, 19, 66728, 66728
50, 13980, 19, 66728, 66728
50, 13990, 19, 66728, 66728
50, 14000, 19, 66728, 66728
50, 14010, 19, 66546, 66546
50, 14020, 19, 66446, 66546
50, 14030, 19, 66446, 66446
50, 14040, 19, 66446, 66446
50, 14050, 19, 66446, 66446
50, 14060, 19, 66413, 66446
50, 14070, 19, 66413, 66413
50, 14080, 19, 66413, 66413
50, 14090, 19, 66413, 66413
50, 14100, 19, 66413, 66413
50, 14110, 19, 66413, 66413
50, 14120, 19, 66413, 66413
50, 14130, 19, 66413, 66413
50, 14140, 19, 66413, 66413
50, 14150, 19, 66413, 66413
50, 14160, 19, 66413, 66413
50, 14170, 19, 66413, 66413
50, 14180, 19, 66413, 66413
50, 14190, 19, 66413, 66413
50, 14200, 19, 66413, 66413
50, 14210, 19, 66413, 66413
50, 14220, 19, 66413, 66413
50, 14230, 19, 66413, 66413
50, 14240, 19, 66413, 66413
50, 14250, 19, 66413, 66413
50, 14260, 19, 66413, 66413
50, 14270, 19, 66413, 66413
50, 14280, 19, 66413, 66413
50, 14290, 19, 66289, 66413
50, 14300, 19, 66289, 66289
50, 14310, 19, 66289, 66289
50, 14320, 19, 66289, 66289
50, 14330, 19, 66289, 66289
50, 14340, 19, 66289, 66289
50, 14350, 19, 66289, 66289
50, 14360, 19, 66289, 66289
50, 14370, 19, 66167, 66167
50, 14380, 19, 66167, 66167
50, 14390, 19, 66167, 66167
50, 14400, 19, 66167, 66167
50, 14410, 19, 66167, 66167
50, 14420, 19, 66167, 66167
50, 14430, 19, 66167, 66167
50, 14440, 19, 66114, 66167
50, 14450, 19, 66114, 66114
50, 14460, 19, 66114, 66114
50, 14470, 19, 66114, 66114
50, 14480, 19, 66114, 66114
50, 14490, 19, 66114, 66114
50, 14500, 19, 66114, 66114
50, 14510, 19, 66114, 66114
50, 14520, 19, 66114, 66114
50, 14530, 19, 66114, 66114
50, 14540, 19, 66114, 66114
50, 14550, 19, 66114, 66114
50, 14560, 19, 66114, 66114
50, 14570, 19, 66114, 66114
50, 14580, 19, 66114, 66114
50, 14590, 19, 66114, 66114
50, 14600, 19, 66114, 66114
50, 14610, 19, 66114, 66114
50, 14620, 19, 66114, 66114
50, 14630, 19, 66114, 66114
50, 14640, 19, 66114, 66114
50, 14650, 19, 66114, 66114
50, 14660, 19, 66114, 67051
50, 14670, 19, 66114, 66114
50, 14680, 19, 66114, 66114
50, 14690, 19, 66114, 66114
50, 14700, 19, 66114, 66114
50, 14710, 19, 66100, 66114
50, 14720, 19, 66100, 66100
50, 14730, 19, 66075, 66075
50, 14740, 19, 66075, 66075
50, 14750, 19, 66075, 66075
50, 14760, 19, 66075, 66075
50, 14770, 19, 66075, 66075
50, 14780, 19, 66075, 66075
50, 14790, 19, 66075, 66075
50, 14800, 19, 66075, 66075
50, 14810, 19, 66075, 66075
50, 14820, 19, 66075, 66075
50, 14830, 19, 66075, 66075
50, 14840, 19, 66075, 66075
50, 14850, 19, 66075, 66075
50, 14860, 19, 66039, 66039
50, 14870, 19, 66039, 66039
50, 14880, 19, 66039, 66039
50, 14890, 19, 66039, 66039
50, 14900, 19, 66039, 66039
50, 14910, 19, 66039, 66039
50, 14920, 19, 66039, 66039
50, 14930, 19, 66039, 66039
50, 14940, 19, 66039, 66039
50, 14950, 19, 66039, 66039
50, 14960, 19, 66039, 66039
50, 14970, 19, 66039, 66039
50, 14980, 19, 66039, 66039
50, 14990, 19, 66039, 66039
50, 15000, 19, 66039, 66039
50, 15010, 19, 66039, 66039
50, 15020, 19, 66039, 66039
50, 15030, 19, 66039, 66039
50, 15040, 19, 66039, 66039
50, 15050, 19, 66039, 66039
50, 15060, 19, 66039, 66039
50, 15070, 19, 66039, 66039
50, 15080, 19, 66039, 66039
50, 15090, 19, 66039, 66039
50, 15100, 19, 65970, 65970
50, 15110, 19, 65970, 65970
50, 15120, 19, 65970, 65970
50, 15130, 19, 65970, 65970
50, 15140, 19, 65970, 65970
50, 15150, 19, 65970, 65970
50, 15160, 19, 65970, 65970
50, 15170, 19, 65970, 65970
50, 15180, 19, 65970, 65970
50, 15190, 19, 65970, 65970
50, 15200, 19, 65970, 65970
50, 15210, 19, 65970, 65970
50, 15220, 19, 65970, 65970
50, 15230, 19, 65970, 65970
50, 15240, 19, 65970, 65970
50, 15250, 19, 65970, 65970
50, 15260, 19, 65970, 65970
50, 15270, 19, 65970, 65970
50, 15280, 19, 65911, 65970
50, 15290, 19, 65911, 65911
50, 15300, 19, 65911, 65911
50, 15310, 19, 65911, 65911
50, 15320, 19, 65911, 65911
50, 15330, 19, 65911, 65911
50, 15340, 19, 65911, 65911
50, 15350, 19, 65911, 65911
50, 15360, 19, 65911, 65911
50, 15370, 19, 65911, 65911
50, 15380, 19, 65911, 65911
50, 15390, 19, 65911, 65911
50, 15400, 19, 65911, 65911
50, 15410, 19, 65911, 65911
50, 15420, 19, 65911, 65911
50, 15430, 19, 65911, 65911
50, 15440, 19, 65911, 65911
50, 15450, 19, 65911, 65911
50, 15460, 19, 65911, 65911
50, 15470, 19, 65911, 65911
50, 15480, 19, 65911, 65911
50, 15490, 19, 65911, 65911
50, 15500, 19, 65911, 65911
50, 15510, 19, 65911, 65911
50, 15520, 19, 65911, 65911
50, 15530, 19, 65911, 65911
50, 15540, 19, 65703, 65703
50, 15550, 19, 65703, 65703
50, 15560, 19, 65703, 65703
50, 15570, 19, 65703, 65703
50, 15580, 19, 65703, 65703
50, 15590, 19, 65703, 65703
50, 15600, 19, 65703, 65703
50, 15610, 19, 65703, 65703
50, 15620, 19, 65703, 65703
50, 15630, 19, 65703, 65703
50, 15640, 19, 65703, 65703
50, 15650, 19, 65703, 65703
50, 15660, 19, 65503, 65503
50, 15670, 19, 65463, 65503
50, 15680, 19, 65463, 65463
50, 15690, 19, 65463, 66475
50, 15700, 19, 65442, 65463
50, 15710, 19, 65442, 65442
50, 15720, 19, 65442, 65442
50, 15730, 19, 65442, 65442
50, 15740, 19, 65442, 65442
50, 15750, 19, 65442, 65442
50, 15760, 19, 65442, 65442
50, 15770, 19, 65359, 65442
50, 15780, 19, 65359, 65359
50, 15790, 19, 65359, 65359
50, 15800, 19, 65296, 65359
50, 15810, 19, 65296, 65296
50, 15820, 19, 65296, 65296
50, 15830, 19, 65296, 65296
50, 15840, 19, 65296, 65296
50, 15850, 19, 65296, 65296
50, 15860, 19, 65296, 65296
50, 15870, 19, 65296, 65296
50, 15880, 19, 65296, 65296
50, 15890, 19, 65296, 65296
50, 15900, 19, 65295, 65295
50, 15910, 19, 65295, 65295
50, 15920, 19, 65295, 65295
50, 15930, 19, 65295, 65295
50, 15940, 19, 65295, 65295
50, 15950, 19, 65295, 65295
50, 15960, 19, 65280, 65295
50, 15970, 19, 65280, 65280
50, 15980, 19, 65280, 65280
50, 15990, 19, 65280, 65280
50, 16000, 19, 65280, 65280
50, 16010, 19, 65280, 65280
50, 16020, 19, 65280, 65280
50, 16030, 19, 65280, 65280
50, 16040, 19, 65280, 65280
50, 16050, 19, 65280, 65280
50, 16060, 19, 65280, 65280
50, 16070, 19, 65280, 65280
50, 16080, 19, 65280, 65280
50, 16090, 19, 65280, 65280
50, 16100, 19, 65280, 65280
50, 16110, 19, 65280, 65280
50, 16120, 19, 65280, 65280
50, 16130, 19, 65280, 65280
50, 16140, 19, 65280, 65280
50, 16150, 19, 65280, 65280
50, 16160, 19, 65280, 65280
50, 16170, 19, 65280, 65280
50, 16180, 19, 65245, 65280
50, 16190, 19, 65245, 65245
50, 16200, 19, 65245, 65245
50, 16210, 19, 65245, 65245
50, 16220, 19, 65245, 65245
50, 16230, 19, 65204, 65245
50, 16240, 19, 65204, 65204
50, 16250, 19, 65204, 65204
50, 16260, 19, 65204, 65204
50, 16270, 19, 65204, 65204
50, 16280, 19, 65204, 65204
50, 16290, 19, 65204, 65204
50, 16300, 19, 65204, 65204
50, 16310, 19, 65204, 65204
50, 16320, 19, 65204, 65204
50, 16330, 19, 65204, 65204
50, 16340, 19, 65204, 65204
50, 16350, 19, 65204, 65204
50, 16360, 19, 65204, 65204
50, 16370, 19, 65204, 65204
50, 16380, 19, 65204, 65204
50, 16390, 19, 65204, 65204
50, 16400, 19, 65204, 66046
50, 16410, 19, 65204, 65204
50, 16420, 19, 65204, 65204
50, 16430, 19, 65204, 65204
50, 16440, 19, 65204, 65204
50, 16450, 19, 65204, 65204
50, 16460, 19, 65204, 65204
50, 16470, 19, 65204, 65204
50, 16480, 19, 65204, 65204
50, 16490, 19, 65204, 65204
50, 16500, 19, 65204, 65204
50, 16510, 19, 65204, 65204
50, 16520, 19, 65146, 65146
50, 16530, 19, 65117, 65117
50, 16540, 19, 65117, 65117
50, 16550, 19, 65117, 65117
50, 16560, 19, 65117, 65117
50, 16570, 19, 65117, 65117
50, 16580, 19, 65117, 65117
50, 16590, 19, 65117, 65117
50, 16600, 19, 65117, 65117
50, 16610, 19, 65117, 65117
50, 16620, 19, 65117, 65117
50, 16630, 19, 65117, 65117
50, 16640, 19, 65117, 65117
50, 16650, 19, 65117, 65117
50, 16660, 19, 65117, 65117
50, 16670, 19, 65117, 65117
50, 16680, 19, 65117, 65117
50, 16690, 19, 65117, 65117
50, 16700, 19, 65117, 65117
50, 16710, 19, 65117, 65117
50, 16720, 19, 65117, 65117
50, 16730, 19, 65117, 65117
50, 16740, 19, 65117, 65117
50, 16750, 19, 65117, 65117
50, 16760, 19, 65117, 65117
50, 16770, 19, 65117, 65117
50, 16780, 19, 65117, 65117
50, 16790, 19, 65117, 65117
50, 16800, 19, 65117, 65117
50, 16810, 19, 65117, 65117
50, 16820, 19, 65019, 65117
50, 16830, 19, 65019, 65019
50, 16840, 19, 64958, 64958
50, 16850, 19, 64958, 64958
50, 16860, 19, 64958, 64958
50, 16870, 19, 64856, 64856
50, 16880, 19, 64856, 64856
50, 16890, 19, 64856, 64856
50, 16900, 19, 64856, 64856
50, 16910, 19, 64856, 64856
50, 16920, 19, 64856, 64856
50, 16930, 19, 64856, 64856
50, 16940, 19, 64856, 64856
50, 16950, 19, 64856, 64856
50, 16960, 19, 64856, 64856
50, 16970, 19, 64856, 64856
50, 16980, 19, 64856, 64856
50, 16990, 19, 64856, 64856
50, 17000, 19, 64856, 64856
50, 17010, 19, 64856, 64856
50, 17020, 19, 64856, 64856
50, 17030, 19, 64856, 64856
50, 17040, 19, 64856, 64856
50, 17050, 19, 64856, 64856
50, 17060, 19, 64856, 64856
50, 17070, 19, 64856, 64856
50, 17080, 19, 64856, 64856
50, 17090, 19, 64856, 64856
50, 17100, 19, 64856, 64856
50, 17110, 19, 64856, 64856
50, 17120, 19, 64856, 64856
50, 17130, 19, 64856, 64856
50, 17140, 19, 64856, 64856
50, 17150, 19, 64856, 64856
50, 17160, 19, 64856, 64856
50, 17170, 19, 64856, 64856
50, 17180, 19, 64856, 64856
50, 17190, 19, 64856, 64856
50, 17200, 19, 64856, 64856
50, 17210, 19, 64856, 64856
50, 17220, 19, 64856, 64856
50, 17230, 19, 64856, 64856
50, 17240, 19, 64856, 64856
50, 17250, 19, 64856, 64856
50, 17260, 19, 64667, 64667
50, 17270, 19, 64569, 64667
50, 17280, 19, 64461, 64569
50, 17290, 19, 64461, 64461
50, 17300, 19, 64461, 64461
50, 17310, 19, 64461, 64461
50, 17320, 19, 64461, 64461
50, 17330, 19, 64461, 64461
50, 17340, 19, 64461, 64461
50, 17350, 19, 64461, 64461
50, 17360, 19, 64421, 64421
50, 17370, 19, 64421, 64421
50, 17380, 19, 64421, 64421
50, 17390, 19, 64421, 64421
50, 17400, 19, 64421, 64421
50, 17410, 19, 64421, 64421
50, 17420, 19, 64421, 64421
50, 17430, 19, 64421, 64421
50, 17440, 19, 64421, 64421
50, 17450, 19, 64421, 64421
50, 17460, 19, 64421, 64421
50, 17470, 19, 64405, 64421
50, 17480, 19, 64317, 64317
50, 17490, 19, 64317, 64317
50, 17500, 19, 64317, 64317
50, 17510, 19, 64317, 64317
50, 17520, 19, 64317, 64317
50, 17530, 19, 64317, 64317
50, 17540, 19, 64317, 64317
50, 17550, 19, 64317, 64317
50, 17560, 19, 64317, 64317
50, 17570, 19, 64317, 64317
50, 17580, 19, 64317, 64317
50, 17590, 19, 64317, 64317
50, 17600, 19, 64317, 64317
50, 17610, 19, 64317, 64317
50, 17620, 19, 64317, 64317
50, 17630, 19, 64317, 64317
50, 17640, 19, 64317, 64317
50, 17650, 19, 64317, 64317
50, 17660, 19, 64317, 64317
50, 17670, 19, 64317, 64317
50, 17680, 19, 64117, 64317
50, 17690, 19, 64117, 64117
50, 17700, 19, 64117, 64117
50, 17710, 19, 64117, 64117
50, 17720, 19, 64117, 64117
50, 17730, 19, 64117, 64117
50, 17740, 19, 64117, 64117
50, 17750, 19, 64117, 64117
50, 17760, 19, 64117, 64117
50, 17770, 19, 64117, 64117
50, 17780, 19, 64117, 64117
50, 17790, 19, 64117, 64117
50, 17800, 19, 64117, 64117
50, 17810, 19, 63962, 64117
50, 17820, 19, 63962, 63962
50, 17830, 19, 63962, 63962
50, 17840, 19, 63962, 63962
50, 17850, 19, 63962, 63962
50, 17860, 19, 63962, 63962
50, 17870, 19, 63962, 63962
50, 17880, 19, 63773, 63962
50, 17890, 19, 63773, 63773
50, 17900, 19, 63773, 63773
50, 17910, 19, 63773, 63773
50, 17920, 19, 63773, 63773
50, 17930, 19, 63773, 63773
50, 17940, 19, 63773, 63773
50, 17950, 19, 63773, 63773
50, 17960, 19, 63773, 63773
50, 17970, 19, 63773, 63773
50, 17980, 19, 63650, 63650
50, 17990, 19, 63650, 63650
50, 18000, 19, 63650, 63650
50, 18010, 19, 63650, 63650
50, 18020, 19, 63650, 63650
50, 18030, 19, 63650, 63650
50, 18040, 19, 63650, 63650
50, 18050, 19, 63650, 63650
50, 18060, 19, 63650, 63650
50, 18070, 19, 63650, 63650
50, 18080, 19, 63650, 63650
50, 18090, 19, 63650, 63650
50, 18100, 19, 63650, 63650
50, 18110, 19, 63650, 63650
50, 18120, 19, 63650, 63650
50, 18130, 19, 63650, 63650
50, 18140, 19, 63650, 63650
50, 18150, 19, 63650, 63650
50, 18160, 19, 63650, 63650
50, 18170, 19, 63650, 63650
50, 18180, 19, 63650, 63650
50, 18190, 19, 63650, 63650
50, 18200, 19, 63650, 63650
50, 18210, 19, 63592, 63650
50, 18220, 19, 63592, 63592
50, 18230, 19, 63592, 63592
50, 18240, 19, 63592, 63592
50, 18250, 19, 63592, 63592
50, 18260, 19, 63592, 63592
50, 18270, 19, 63592, 63592
50, 18280, 19, 63592, 63592
50, 18290, 19, 63592, 63592
50, 18300, 19, 63592, 63592
50, 18310, 19, 63592, 63592
50, 18320, 19, 63592, 63592
50, 18330, 19, 63592, 63592
50, 18340, 19, 63592, 63592
50, 18350, 19, 63592, 63592
50, 18360, 19, 63592, 63592
50, 18370, 19, 63592, 63592
50, 18380, 19, 63592, 63592
50, 18390, 19, 63592, 63592
50, 18400, 19, 63592, 63592
50, 18410, 19, 63592, 63592
50, 18420, 19, 63592, 63592
50, 18430, 19, 63592, 63592
50, 18440, 19, 63592, 63592
50, 18450, 19, 63592, 63592
50, 18460, 19, 63592, 63592
50, 18470, 19, 63592, 63592
50, 18480, 19, 63592, 63592
50, 18490, 19, 63592, 63592
50, 18500, 19, 63592, 63592
50, 18510, 19, 63592, 63592
50, 18520, 19, 63592, 63592
50, 18530, 19, 63592, 63592
50, 18540, 19, 63592, 63592
50, 18550, 19, 63592, 63592
50, 18560, 19, 63592, 63592
50, 18570, 19, 63592, 63592
50, 18580, 19, 63592, 63592
50, 18590, 19, 63592, 63592
50, 18600, 19, 63592, 63592
50, 18610, 19, 63592, 63592
50, 18620, 19, 63592, 63592
50, 18630, 19, 63592, 63592
50, 18640, 19, 63592, 63592
50, 18650, 19, 63592, 63592
50, 18660, 19, 63592, 63592
50, 18670, 19, 63592, 63592
50, 18680, 19, 63592, 63592
50, 18690, 19, 63592, 63592
50, 18700, 19, 63592, 63592
50, 18710, 19, 63592, 63592
50, 18720, 19, 63592, 63592
50, 18730, 19, 63592, 63592
50, 18740, 19, 63592, 63592
50, 18750, 19, 63592, 63592
50, 18760, 19, 63592, 63592
50, 18770, 19, 63592, 63592
50, 18780, 19, 63592, 63592
50, 18790, 19, 63591, 63592
50, 18800, 19, 63591, 63591
50, 18810, 19, 63591, 63591
50, 18820, 19, 63591, 63591
50, 18830, 19, 63591, 63591
50, 18840, 19, 63591, 63591
50, 18850, 19, 63591, 63591
50, 18860, 19, 63420, 63420
50, 18870, 19, 63301, 63301
50, 18880, 19, 63301, 63301
50, 18890, 19, 63301, 63301
50, 18900, 19, 63301, 63301
50, 18910, 19, 63301, 63301
50, 18920, 19, 63301, 63301
50, 18930, 19, 63301, 63301
50, 18940, 19, 63301, 63301
50, 18950, 19, 63301, 63301
50, 18960, 19, 63301, 63301
50, 18970, 19, 63301, 63301
50, 18980, 19, 63301, 63301
50, 18990, 19, 63083, 63083
50, 19000, 19, 63083, 63083
50, 19010, 19, 63083, 63083
50, 19020, 19, 63083, 63083
50, 19030, 19, 63083, 63083
50, 19040, 19, 63083, 63083
50, 19050, 19, 63083, 63083
50, 19060, 19, 63083, 63083
50, 19070, 19, 63083, 63083
50, 19080, 19, 63083, 63083
50, 19090, 19, 63083, 63083
50, 19100, 19, 63083, 63083
50, 19110, 19, 63083, 63083
50, 19120, 19, 63041, 63083
50, 19130, 19, 63041, 63041
50, 19140, 19, 63041, 63041
50, 19150, 19, 63041, 63041
50, 19160, 19, 63041, 63041
50, 19170, 19, 63041, 63041
50, 19180, 19, 63041, 63041
50, 19190, 19, 63041, 63041
50, 19200, 19, 63041, 63041
50, 19210, 19, 63041, 63041
50, 19220, 19, 63041, 63041
50, 19230, 19, 63041, 63041
50, 19240, 19, 63018, 63018
50, 19250, 19, 63018, 63018
50, 19260, 19, 63018, 63018
50, 19270, 19, 63018, 63018
50, 19280, 19, 63018, 63018
50, 19290, 19, 63018, 63018
50, 19300, 19, 63018, 63018
50, 19310, 19, 63018, 63018
50, 19320, 19, 63018, 63018
50, 19330, 19, 63018, 63018
50, 19340, 19, 63018, 63018
50, 19350, 19, 63018, 63018
50, 19360, 19, 63018, 63018
50, 19370, 19, 63018, 63018
50, 19380, 19, 63018, 63018
50, 19390, 19, 62967, 63018
50, 19400, 19, 62967, 62967
50, 19410, 19, 62967, 62967
50, 19420, 19, 62967, 62967
50, 19430, 19, 62967, 62967
50, 19440, 19, 62967, 62967
50, 19450, 19, 62967, 62967
50, 19460, 19, 62967, 62967
50, 19470, 19, 62967, 62967
50, 19480, 19, 62967, 62967
50, 19490, 19, 62967, 62967
50, 19500, 19, 62967, 62967
50, 19510, 19, 62967, 62967
50, 19520, 19, 62967, 62967
50, 19530, 19, 62967, 62967
50, 19540, 19, 62967, 62967
50, 19550, 19, 62967, 62967
50, 19560, 19, 62967, 62967
50, 19570, 19, 62967, 62967
50, 19580, 19, 62967, 62967
50, 19590, 19, 62967, 62967
50, 19600, 19, 62967, 62967
50, 19610, 19, 62967, 62967
50, 19620, 19, 62967, 62967
50, 19630, 19, 62967, 62967
50, 19640, 19, 62967, 62967
50, 19650, 19, 62967, 62967
50, 19660, 19, 62967, 62967
50, 19670, 19, 62926, 62926
50, 19680, 19, 62926, 62926
50, 19690, 19, 62926, 62926
50, 19700, 19, 62926, 62926
50, 19710, 19, 62926, 62926
50, 19720, 19, 62926, 62926
50, 19730, 19, 62926, 62926
50, 19740, 19, 62926, 62926
50, 19750, 19, 62926, 62926
50, 19760, 19, 62926, 62926
50, 19770, 19, 62926, 62926
50, 19780, 19, 62926, 62926
50, 19790, 19, 62926, 62926
50, 19800, 19, 62926, 62926
50, 19810, 19, 62926, 62926
50, 19820, 19, 62926, 62926
50, 19830, 19, 62926, 62926
50, 19840, 19, 62926, 62926
50, 19850, 19, 62926, 62926
50, 19860, 19, 62926, 62926
50, 19870, 19, 62926, 62926
50, 19880, 19, 62926, 62926
50, 19890, 19, 62926, 62926
50, 19900, 19, 62926, 62926
50, 19910, 19, 62926, 62926
50, 19920, 19, 62926, 62926
50, 19930, 19, 62926, 62926
50, 19940, 19, 62926, 62926
50, 19950, 19, 62926, 62926
50, 19960, 19, 62843, 62926
50, 19970, 19, 62843, 62843
50, 19980, 19, 62843, 62843
50, 19990, 19, 62843, 62843
