Population Size, Generation Count, Repetition, Best Fitness, Median Fitness
50, 0, 1, 731476, 772168
50, 10, 1, 706691, 712816
50, 20, 1, 679043, 688071
50, 30, 1, 660859, 670325
50, 40, 1, 645013, 650830
50, 50, 1, 627844, 635621
50, 60, 1, 613168, 619848
50, 70, 1, 602074, 604985
50, 80, 1, 587797, 590959
50, 90, 1, 578236, 583014
50, 100, 1, 565417, 570840
50, 110, 1, 555882, 560330
50, 120, 1, 546572, 550409
50, 130, 1, 540029, 543063
50, 140, 1, 529957, 536278
50, 150, 1, 522158, 525903
50, 160, 1, 514880, 519436
50, 170, 1, 507141, 512222
50, 180, 1, 499797, 503702
50, 190, 1, 490922, 495617
50, 200, 1, 484578, 488851
50, 210, 1, 479717, 483580
50, 220, 1, 473064, 477827
50, 230, 1, 467288, 472250
50, 240, 1, 463761, 466681
50, 250, 1, 457322, 460070
50, 260, 1, 448376, 452732
50, 270, 1, 443533, 447721
50, 280, 1, 436142, 442547
50, 290, 1, 430720, 435003
50, 300, 1, 426080, 430755
50, 310, 1, 422182, 424834
50, 320, 1, 415863, 419407
50, 330, 1, 411922, 414240
50, 340, 1, 407829, 411425
50, 350, 1, 404395, 406431
50, 360, 1, 399570, 403399
50, 370, 1, 396605, 401029
50, 380, 1, 392480, 395409
50, 390, 1, 385771, 388610
50, 400, 1, 380561, 383884
50, 410, 1, 378576, 380781
50, 420, 1, 373907, 378806
50, 430, 1, 372386, 375259
50, 440, 1, 367397, 372826
50, 450, 1, 365083, 368563
50, 460, 1, 362185, 365414
50, 470, 1, 359092, 361725
50, 480, 1, 355740, 358248
50, 490, 1, 353072, 355726
50, 500, 1, 349855, 355237
50, 510, 1, 347474, 350978
50, 520, 1, 344019, 346782
50, 530, 1, 340854, 343438
50, 540, 1, 338598, 341504
50, 550, 1, 336131, 340636
50, 560, 1, 333662, 337159
50, 570, 1, 329085, 332700
50, 580, 1, 326712, 331459
50, 590, 1, 323838, 327397
50, 600, 1, 322229, 323619
50, 610, 1, 320588, 322744
50, 620, 1, 318323, 320715
50, 630, 1, 317289, 320663
50, 640, 1, 315154, 318444
50, 650, 1, 313500, 316319
50, 660, 1, 311630, 314776
50, 670, 1, 309616, 312662
50, 680, 1, 306250, 309984
50, 690, 1, 304042, 307705
50, 700, 1, 301515, 303916
50, 710, 1, 300036, 305288
50, 720, 1, 297494, 301629
50, 730, 1, 295565, 298141
50, 740, 1, 294232, 296835
50, 750, 1, 292370, 295680
50, 760, 1, 290294, 293263
50, 770, 1, 288198, 290854
50, 780, 1, 286890, 290149
50, 790, 1, 285302, 287609
50, 800, 1, 283855, 286805
50, 810, 1, 280853, 284748
50, 820, 1, 280173, 282449
50, 830, 1, 278414, 281075
50, 840, 1, 276532, 279439
50, 850, 1, 275732, 279934
50, 860, 1, 274827, 277598
50, 870, 1, 274145, 276309
50, 880, 1, 270765, 273590
50, 890, 1, 269782, 273531
50, 900, 1, 268822, 272533
50, 910, 1, 268472, 270395
50, 920, 1, 267369, 270346
50, 930, 1, 264836, 269485
50, 940, 1, 263905, 268084
50, 950, 1, 262415, 265110
50, 960, 1, 262103, 263833
50, 970, 1, 261064, 262907
50, 980, 1, 258918, 261483
50, 990, 1, 256133, 258430
50, 1000, 1, 254757, 257475
50, 1010, 1, 252467, 255948
50, 1020, 1, 250972, 253604
50, 1030, 1, 250151, 252443
50, 1040, 1, 248484, 251850
50, 1050, 1, 247807, 250526
50, 1060, 1, 246597, 249835
50, 1070, 1, 245376, 248263
50, 1080, 1, 243991, 247992
50, 1090, 1, 243151, 246909
50, 1100, 1, 241294, 246062
50, 1110, 1, 240920, 243065
50, 1120, 1, 239638, 243227
50, 1130, 1, 237917, 240945
50, 1140, 1, 236866, 241935
50, 1150, 1, 235927, 238486
50, 1160, 1, 235403, 237290
50, 1170, 1, 234203, 235955
50, 1180, 1, 232160, 234554
50, 1190, 1, 230827, 234378
50, 1200, 1, 230292, 232253
50, 1210, 1, 229296, 231588
50, 1220, 1, 228617, 231280
50, 1230, 1, 228033, 229616
50, 1240, 1, 227154, 230430
50, 1250, 1, 226260, 229953
50, 1260, 1, 225644, 227709
50, 1270, 1, 224675, 228833
50, 1280, 1, 223982, 224933
50, 1290, 1, 221420, 224542
50, 1300, 1, 220633, 223313
50, 1310, 1, 220035, 222312
50, 1320, 1, 218619, 221634
50, 1330, 1, 218117, 220510
50, 1340, 1, 217833, 219749
50, 1350, 1, 217830, 220286
50, 1360, 1, 216965, 218964
50, 1370, 1, 216276, 217961
50, 1380, 1, 214605, 218020
50, 1390, 1, 213459, 216514
50, 1400, 1, 212457, 216186
50, 1410, 1, 212201, 214933
50, 1420, 1, 211134, 213256
50, 1430, 1, 210028, 213385
50, 1440, 1, 209192, 211011
50, 1450, 1, 208322, 211126
50, 1460, 1, 205875, 209675
50, 1470, 1, 205673, 206587
50, 1480, 1, 205200, 207621
50, 1490, 1, 204285, 207382
50, 1500, 1, 204091, 205671
50, 1510, 1, 203790, 205686
50, 1520, 1, 203248, 206888
50, 1530, 1, 202394, 204712
50, 1540, 1, 201564, 204225
50, 1550, 1, 201076, 202761
50, 1560, 1, 200509, 203094
50, 1570, 1, 199757, 203543
50, 1580, 1, 198894, 200736
50, 1590, 1, 197807, 199540
50, 1600, 1, 197096, 199893
50, 1610, 1, 196513, 199795
50, 1620, 1, 195077, 198525
50, 1630, 1, 194106, 196570
50, 1640, 1, 193205, 196131
50, 1650, 1, 192775, 196081
50, 1660, 1, 190964, 194410
50, 1670, 1, 190319, 191835
50, 1680, 1, 190085, 192099
50, 1690, 1, 188699, 190330
50, 1700, 1, 188335, 191210
50, 1710, 1, 187000, 191141
50, 1720, 1, 186647, 188457
50, 1730, 1, 185777, 188168
50, 1740, 1, 184297, 185777
50, 1750, 1, 183110, 187150
50, 1760, 1, 182428, 184432
50, 1770, 1, 182176, 184640
50, 1780, 1, 181765, 183668
50, 1790, 1, 181621, 182563
50, 1800, 1, 180584, 183589
50, 1810, 1, 179527, 182540
50, 1820, 1, 178747, 182090
50, 1830, 1, 177789, 181135
50, 1840, 1, 176863, 180381
50, 1850, 1, 176755, 180100
50, 1860, 1, 175808, 178563
50, 1870, 1, 175614, 178026
50, 1880, 1, 174720, 177468
50, 1890, 1, 173604, 177335
50, 1900, 1, 173406, 177378
50, 1910, 1, 172743, 174720
50, 1920, 1, 171540, 173972
50, 1930, 1, 171020, 174468
50, 1940, 1, 170852, 174295
50, 1950, 1, 170365, 172783
50, 1960, 1, 169670, 172128
50, 1970, 1, 168679, 172747
50, 1980, 1, 167932, 169254
50, 1990, 1, 167603, 169487
50, 2000, 1, 166847, 169369
50, 2010, 1, 166369, 168305
50, 2020, 1, 166133, 169670
50, 2030, 1, 165810, 168677
50, 2040, 1, 165728, 168253
50, 2050, 1, 165276, 167744
50, 2060, 1, 164899, 168503
50, 2070, 1, 164599, 165608
50, 2080, 1, 163586, 166369
50, 2090, 1, 163112, 164753
50, 2100, 1, 162712, 165011
50, 2110, 1, 162385, 164010
50, 2120, 1, 162037, 164983
50, 2130, 1, 161128, 163693
50, 2140, 1, 160986, 162527
50, 2150, 1, 160315, 164825
50, 2160, 1, 160083, 162120
50, 2170, 1, 159537, 161381
50, 2180, 1, 159419, 162498
50, 2190, 1, 159301, 161122
50, 2200, 1, 159009, 161818
50, 2210, 1, 158871, 160683
50, 2220, 1, 158100, 161504
50, 2230, 1, 157060, 159249
50, 2240, 1, 156246, 157484
50, 2250, 1, 156227, 157601
50, 2260, 1, 155834, 157782
50, 2270, 1, 155649, 159030
50, 2280, 1, 154411, 157808
50, 2290, 1, 154109, 156400
50, 2300, 1, 153625, 154244
50, 2310, 1, 153387, 154388
50, 2320, 1, 152585, 155378
50, 2330, 1, 152436, 155071
50, 2340, 1, 151852, 155767
50, 2350, 1, 151502, 152620
50, 2360, 1, 151459, 151502
50, 2370, 1, 150621, 154604
50, 2380, 1, 150277, 152639
50, 2390, 1, 150008, 152952
50, 2400, 1, 149637, 153630
50, 2410, 1, 148064, 150801
50, 2420, 1, 147018, 149636
50, 2430, 1, 145855, 148196
50, 2440, 1, 145547, 146011
50, 2450, 1, 145000, 148716
50, 2460, 1, 143835, 147896
50, 2470, 1, 143835, 144995
50, 2480, 1, 143717, 145950
50, 2490, 1, 143671, 146429
50, 2500, 1, 143336, 146249
50, 2510, 1, 142350, 144339
50, 2520, 1, 142315, 147095
50, 2530, 1, 142132, 144934
50, 2540, 1, 141303, 143338
50, 2550, 1, 140707, 142205
50, 2560, 1, 139669, 144078
50, 2570, 1, 139669, 141861
50, 2580, 1, 138937, 142082
50, 2590, 1, 138866, 142296
50, 2600, 1, 138222, 138866
50, 2610, 1, 137998, 140427
50, 2620, 1, 137769, 141371
50, 2630, 1, 137593, 139625
50, 2640, 1, 137267, 140355
50, 2650, 1, 137028, 139947
50, 2660, 1, 136990, 139399
50, 2670, 1, 136750, 139467
50, 2680, 1, 135538, 138169
50, 2690, 1, 135398, 136532
50, 2700, 1, 135208, 136582
50, 2710, 1, 135058, 139046
50, 2720, 1, 134619, 135610
50, 2730, 1, 134619, 134619
50, 2740, 1, 134443, 137234
50, 2750, 1, 134230, 135957
50, 2760, 1, 134048, 137035
50, 2770, 1, 133254, 135513
50, 2780, 1, 133217, 135072
50, 2790, 1, 132862, 135456
50, 2800, 1, 132853, 134535
50, 2810, 1, 132853, 135278
50, 2820, 1, 132278, 134042
50, 2830, 1, 132198, 134982
50, 2840, 1, 131639, 132857
50, 2850, 1, 131496, 134060
50, 2860, 1, 131496, 132341
50, 2870, 1, 131496, 135387
50, 2880, 1, 130557, 133603
50, 2890, 1, 130493, 134744
50, 2900, 1, 130190, 131471
50, 2910, 1, 129574, 132015
50, 2920, 1, 128903, 132006
50, 2930, 1, 128903, 130487
50, 2940, 1, 128675, 129257
50, 2950, 1, 128675, 130600
50, 2960, 1, 128075, 130244
50, 2970, 1, 128075, 129433
50, 2980, 1, 128042, 130662
50, 2990, 1, 127675, 128928
50, 3000, 1, 127610, 130186
50, 3010, 1, 127522, 128449
50, 3020, 1, 127258, 130305
50, 3030, 1, 127161, 130005
50, 3040, 1, 126919, 129957
50, 3050, 1, 126601, 129262
50, 3060, 1, 126263, 126601
50, 3070, 1, 126131, 129281
50, 3080, 1, 125506, 125506
50, 3090, 1, 125429, 127262
50, 3100, 1, 125339, 127940
50, 3110, 1, 125164, 126868
50, 3120, 1, 125106, 126388
50, 3130, 1, 124935, 126824
50, 3140, 1, 124824, 125605
50, 3150, 1, 124824, 126515
50, 3160, 1, 124389, 126330
50, 3170, 1, 124204, 126224
50, 3180, 1, 124178, 125905
50, 3190, 1, 123710, 126334
50, 3200, 1, 123701, 123772
50, 3210, 1, 123239, 123697
50, 3220, 1, 123104, 125800
50, 3230, 1, 123083, 125840
50, 3240, 1, 122675, 124439
50, 3250, 1, 122639, 126085
50, 3260, 1, 122487, 125960
50, 3270, 1, 122487, 124308
50, 3280, 1, 122163, 124301
50, 3290, 1, 122163, 124213
50, 3300, 1, 122023, 124430
50, 3310, 1, 121884, 123763
50, 3320, 1, 121857, 124638
50, 3330, 1, 121765, 124173
50, 3340, 1, 121536, 123992
50, 3350, 1, 121207, 124188
50, 3360, 1, 121207, 123937
50, 3370, 1, 121207, 121842
50, 3380, 1, 120722, 123045
50, 3390, 1, 120722, 126167
50, 3400, 1, 120722, 121342
50, 3410, 1, 119968, 123781
50, 3420, 1, 119691, 123041
50, 3430, 1, 119664, 123063
50, 3440, 1, 119591, 121781
50, 3450, 1, 119082, 121464
50, 3460, 1, 118854, 119082
50, 3470, 1, 118478, 120368
50, 3480, 1, 118425, 121225
50, 3490, 1, 118078, 118425
50, 3500, 1, 117953, 118965
50, 3510, 1, 117806, 120006
50, 3520, 1, 117671, 120441
50, 3530, 1, 117671, 118874
50, 3540, 1, 117360, 119234
50, 3550, 1, 116526, 119621
50, 3560, 1, 116425, 118096
50, 3570, 1, 116146, 118398
50, 3580, 1, 116119, 117706
50, 3590, 1, 116119, 118578
50, 3600, 1, 116034, 117988
50, 3610, 1, 116010, 116034
50, 3620, 1, 115485, 118367
50, 3630, 1, 115485, 118135
50, 3640, 1, 115330, 116774
50, 3650, 1, 115103, 117177
50, 3660, 1, 115103, 115369
50, 3670, 1, 114802, 115533
50, 3680, 1, 114678, 115586
50, 3690, 1, 114483, 117372
50, 3700, 1, 114455, 115419
50, 3710, 1, 114365, 117178
50, 3720, 1, 114021, 116347
50, 3730, 1, 113794, 116373
50, 3740, 1, 113571, 115313
50, 3750, 1, 113266, 116197
50, 3760, 1, 113237, 114809
50, 3770, 1, 113044, 114181
50, 3780, 1, 112727, 115392
50, 3790, 1, 112687, 114644
50, 3800, 1, 112626, 113891
50, 3810, 1, 112279, 112779
50, 3820, 1, 112027, 112279
50, 3830, 1, 111687, 113533
50, 3840, 1, 111687, 114824
50, 3850, 1, 111687, 112828
50, 3860, 1, 111629, 114430
50, 3870, 1, 111399, 114214
50, 3880, 1, 111021, 111480
50, 3890, 1, 110532, 114351
50, 3900, 1, 110440, 113038
50, 3910, 1, 110154, 112757
50, 3920, 1, 109681, 112671
50, 3930, 1, 109333, 110646
50, 3940, 1, 109117, 110851
50, 3950, 1, 108900, 110487
50, 3960, 1, 108849, 110945
50, 3970, 1, 108664, 110242
50, 3980, 1, 108339, 111068
50, 3990, 1, 108339, 111827
50, 4000, 1, 108174, 110486
50, 4010, 1, 107892, 111522
50, 4020, 1, 107747, 110684
50, 4030, 1, 107747, 110094
50, 4040, 1, 107702, 109982
50, 4050, 1, 107565, 109605
50, 4060, 1, 107426, 108970
50, 4070, 1, 107426, 109676
50, 4080, 1, 107274, 109454
50, 4090, 1, 107274, 109680
50, 4100, 1, 107274, 109348
50, 4110, 1, 106919, 109148
50, 4120, 1, 106919, 108541
50, 4130, 1, 106919, 106919
50, 4140, 1, 106919, 107914
50, 4150, 1, 106725, 109269
50, 4160, 1, 106660, 108899
50, 4170, 1, 106660, 108593
50, 4180, 1, 106660, 111464
50, 4190, 1, 106660, 108982
50, 4200, 1, 106660, 108324
50, 4210, 1, 106395, 107583
50, 4220, 1, 106359, 109183
50, 4230, 1, 106105, 108062
50, 4240, 1, 105963, 109033
50, 4250, 1, 105764, 107222
50, 4260, 1, 105664, 108467
50, 4270, 1, 105664, 106873
50, 4280, 1, 105562, 106700
50, 4290, 1, 105422, 107835
50, 4300, 1, 105422, 109052
50, 4310, 1, 105362, 106243
50, 4320, 1, 105362, 106929
50, 4330, 1, 105040, 106442
50, 4340, 1, 104899, 106853
50, 4350, 1, 104899, 108263
50, 4360, 1, 104899, 108831
50, 4370, 1, 104899, 106313
50, 4380, 1, 104555, 106046
50, 4390, 1, 104441, 104555
50, 4400, 1, 104437, 106566
50, 4410, 1, 104314, 107113
50, 4420, 1, 104296, 105655
50, 4430, 1, 104169, 105836
50, 4440, 1, 103875, 103952
50, 4450, 1, 103809, 105094
50, 4460, 1, 103809, 105508
50, 4470, 1, 103660, 105788
50, 4480, 1, 103660, 107334
50, 4490, 1, 103660, 105816
50, 4500, 1, 103618, 105135
50, 4510, 1, 103547, 104654
50, 4520, 1, 103547, 105443
50, 4530, 1, 103491, 105893
50, 4540, 1, 103440, 104615
50, 4550, 1, 103382, 106512
50, 4560, 1, 103199, 106436
50, 4570, 1, 103199, 106258
50, 4580, 1, 103065, 104180
50, 4590, 1, 103065, 105789
50, 4600, 1, 103065, 106876
50, 4610, 1, 102979, 104828
50, 4620, 1, 102959, 104993
50, 4630, 1, 102941, 104787
50, 4640, 1, 102757, 103205
50, 4650, 1, 102634, 104919
50, 4660, 1, 102295, 103973
50, 4670, 1, 102276, 105423
50, 4680, 1, 102276, 102276
50, 4690, 1, 101698, 102792
50, 4700, 1, 101574, 101698
50, 4710, 1, 101133, 102259
50, 4720, 1, 100979, 101333
50, 4730, 1, 100780, 102372
50, 4740, 1, 100472, 101906
50, 4750, 1, 100389, 102148
50, 4760, 1, 100348, 100389
50, 4770, 1, 100348, 102177
50, 4780, 1, 100294, 101749
50, 4790, 1, 100201, 102270
50, 4800, 1, 100040, 101504
50, 4810, 1, 99781, 101253
50, 4820, 1, 99369, 100818
50, 4830, 1, 99245, 100240
50, 4840, 1, 99158, 102224
50, 4850, 1, 99151, 99893
50, 4860, 1, 99051, 100405
50, 4870, 1, 99048, 101672
50, 4880, 1, 98760, 100660
50, 4890, 1, 98586, 100403
50, 4900, 1, 98529, 99922
50, 4910, 1, 97988, 99466
50, 4920, 1, 97936, 100300
50, 4930, 1, 97733, 100428
50, 4940, 1, 97647, 100110
50, 4950, 1, 97333, 98643
50, 4960, 1, 97041, 100084
50, 4970, 1, 96957, 97041
50, 4980, 1, 96813, 98579
50, 4990, 1, 96813, 99620
50, 5000, 1, 96693, 98785
50, 5010, 1, 96693, 99763
50, 5020, 1, 96593, 98487
50, 5030, 1, 96562, 96593
50, 5040, 1, 96504, 98410
50, 5050, 1, 96504, 96504
50, 5060, 1, 96504, 99125
50, 5070, 1, 96164, 97154
50, 5080, 1, 96164, 98812
50, 5090, 1, 96026, 98718
50, 5100, 1, 95927, 99988
50, 5110, 1, 95754, 98473
50, 5120, 1, 95615, 96338
50, 5130, 1, 95611, 96960
50, 5140, 1, 95607, 98118
50, 5150, 1, 95607, 97561
50, 5160, 1, 95607, 98805
50, 5170, 1, 95607, 96834
50, 5180, 1, 95524, 96958
50, 5190, 1, 95481, 95524
50, 5200, 1, 95376, 97893
50, 5210, 1, 95160, 97422
50, 5220, 1, 95106, 96245
50, 5230, 1, 95106, 96869
50, 5240, 1, 95106, 96364
50, 5250, 1, 95106, 97259
50, 5260, 1, 95106, 97598
50, 5270, 1, 94851, 96951
50, 5280, 1, 94637, 94851
50, 5290, 1, 94637, 96595
50, 5300, 1, 94623, 96229
50, 5310, 1, 94607, 96071
50, 5320, 1, 94396, 97100
50, 5330, 1, 94396, 95921
50, 5340, 1, 94396, 96395
50, 5350, 1, 94196, 97016
50, 5360, 1, 94196, 95263
50, 5370, 1, 94189, 95659
50, 5380, 1, 94057, 96619
50, 5390, 1, 94057, 94286
50, 5400, 1, 93861, 93977
50, 5410, 1, 93717, 96485
50, 5420, 1, 93573, 94607
50, 5430, 1, 93573, 94534
50, 5440, 1, 93508, 96038
50, 5450, 1, 93508, 93508
50, 5460, 1, 93457, 94602
50, 5470, 1, 93457, 93457
50, 5480, 1, 93402, 94961
50, 5490, 1, 92830, 95618
50, 5500, 1, 92830, 94733
50, 5510, 1, 92830, 93177
50, 5520, 1, 92830, 95624
50, 5530, 1, 92830, 94362
50, 5540, 1, 92630, 94495
50, 5550, 1, 92489, 95190
50, 5560, 1, 92448, 92604
50, 5570, 1, 92448, 93456
50, 5580, 1, 92441, 95896
50, 5590, 1, 92324, 93805
50, 5600, 1, 92324, 95012
50, 5610, 1, 91967, 93069
50, 5620, 1, 91967, 91967
50, 5630, 1, 91967, 93832
50, 5640, 1, 91822, 92075
50, 5650, 1, 91822, 91822
50, 5660, 1, 91822, 92644
50, 5670, 1, 91767, 92082
50, 5680, 1, 91767, 94107
50, 5690, 1, 91760, 94477
50, 5700, 1, 91760, 93322
50, 5710, 1, 91577, 94089
50, 5720, 1, 91577, 95468
50, 5730, 1, 91519, 93763
50, 5740, 1, 91494, 93251
50, 5750, 1, 91412, 93561
50, 5760, 1, 91412, 91412
50, 5770, 1, 91314, 91314
50, 5780, 1, 91314, 92736
50, 5790, 1, 91257, 93163
50, 5800, 1, 91257, 93904
50, 5810, 1, 91257, 92564
50, 5820, 1, 91257, 93500
50, 5830, 1, 91257, 91850
50, 5840, 1, 91257, 94094
50, 5850, 1, 91257, 91983
50, 5860, 1, 91236, 93326
50, 5870, 1, 91158, 92519
50, 5880, 1, 90842, 92931
50, 5890, 1, 90842, 91651
50, 5900, 1, 90588, 92042
50, 5910, 1, 90486, 92010
50, 5920, 1, 90486, 92070
50, 5930, 1, 90486, 91823
50, 5940, 1, 90352, 90352
50, 5950, 1, 90076, 91433
50, 5960, 1, 90076, 90076
50, 5970, 1, 90076, 90076
50, 5980, 1, 90076, 90972
50, 5990, 1, 90024, 91552
50, 6000, 1, 89965, 91681
50, 6010, 1, 89965, 92693
50, 6020, 1, 89783, 91765
50, 6030, 1, 89781, 89783
50, 6040, 1, 89781, 90738
50, 6050, 1, 89631, 90827
50, 6060, 1, 89620, 91343
50, 6070, 1, 89469, 89928
50, 6080, 1, 89363, 91022
50, 6090, 1, 89280, 89738
50, 6100, 1, 89164, 90560
50, 6110, 1, 89164, 89164
50, 6120, 1, 89164, 89164
50, 6130, 1, 89153, 91411
50, 6140, 1, 89153, 91715
50, 6150, 1, 89153, 89153
50, 6160, 1, 89153, 89307
50, 6170, 1, 89153, 91086
50, 6180, 1, 89092, 91769
50, 6190, 1, 88832, 92311
50, 6200, 1, 88832, 91232
50, 6210, 1, 88832, 91356
50, 6220, 1, 88358, 89624
50, 6230, 1, 88333, 89543
50, 6240, 1, 88333, 89603
50, 6250, 1, 88246, 89278
50, 6260, 1, 88246, 90898
50, 6270, 1, 88246, 89095
50, 6280, 1, 88246, 91193
50, 6290, 1, 88246, 89606
50, 6300, 1, 88007, 88547
50, 6310, 1, 88007, 88590
50, 6320, 1, 87996, 89612
50, 6330, 1, 87996, 90526
50, 6340, 1, 87996, 89015
50, 6350, 1, 87950, 90568
50, 6360, 1, 87861, 91356
50, 6370, 1, 87861, 88723
50, 6380, 1, 87861, 89216
50, 6390, 1, 87861, 88263
50, 6400, 1, 87763, 89461
50, 6410, 1, 87758, 87758
50, 6420, 1, 87758, 89057
50, 6430, 1, 87758, 89958
50, 6440, 1, 87758, 90320
50, 6450, 1, 87758, 87829
50, 6460, 1, 87592, 87767
50, 6470, 1, 87592, 89019
50, 6480, 1, 87558, 88331
50, 6490, 1, 87558, 89593
50, 6500, 1, 87414, 89898
50, 6510, 1, 87414, 88431
50, 6520, 1, 87414, 90300
50, 6530, 1, 87414, 88385
50, 6540, 1, 87414, 91748
50, 6550, 1, 87354, 88422
50, 6560, 1, 87354, 87354
50, 6570, 1, 87307, 87354
50, 6580, 1, 87249, 88690
50, 6590, 1, 87249, 89476
50, 6600, 1, 87249, 90105
50, 6610, 1, 86893, 89473
50, 6620, 1, 86893, 87621
50, 6630, 1, 86880, 90257
50, 6640, 1, 86756, 88482
50, 6650, 1, 86472, 86756
50, 6660, 1, 86472, 88371
50, 6670, 1, 86472, 87638
50, 6680, 1, 86472, 88687
50, 6690, 1, 86472, 87180
50, 6700, 1, 86472, 86472
50, 6710, 1, 86472, 89601
50, 6720, 1, 86395, 89096
50, 6730, 1, 86276, 88633
50, 6740, 1, 86276, 87533
50, 6750, 1, 86276, 88046
50, 6760, 1, 86040, 87930
50, 6770, 1, 85736, 86776
50, 6780, 1, 85736, 87065
50, 6790, 1, 85625, 85625
50, 6800, 1, 85625, 88676
50, 6810, 1, 85625, 86227
50, 6820, 1, 85542, 87752
50, 6830, 1, 85520, 85875
50, 6840, 1, 85520, 85520
50, 6850, 1, 85335, 85520
50, 6860, 1, 85335, 86521
50, 6870, 1, 85294, 85335
50, 6880, 1, 85294, 86101
50, 6890, 1, 85294, 85294
50, 6900, 1, 85294, 86506
50, 6910, 1, 85194, 87115
50, 6920, 1, 84947, 86046
50, 6930, 1, 84846, 86686
50, 6940, 1, 84846, 85685
50, 6950, 1, 84846, 84846
50, 6960, 1, 84846, 86230
50, 6970, 1, 84769, 87086
50, 6980, 1, 84758, 84769
50, 6990, 1, 84758, 85651
50, 7000, 1, 84599, 88329
50, 7010, 1, 84599, 85990
50, 7020, 1, 84499, 84599
50, 7030, 1, 84427, 86557
50, 7040, 1, 84427, 84427
50, 7050, 1, 84427, 86640
50, 7060, 1, 84368, 85700
50, 7070, 1, 84303, 84867
50, 7080, 1, 84303, 85577
50, 7090, 1, 84303, 86359
50, 7100, 1, 83711, 85995
50, 7110, 1, 83711, 83711
50, 7120, 1, 83646, 85671
50, 7130, 1, 83646, 83646
50, 7140, 1, 83646, 87057
50, 7150, 1, 83646, 83646
50, 7160, 1, 83646, 85466
50, 7170, 1, 83646, 83646
50, 7180, 1, 83457, 83944
50, 7190, 1, 83399, 84659
50, 7200, 1, 83358, 83399
50, 7210, 1, 83195, 83395
50, 7220, 1, 83195, 84093
50, 7230, 1, 83052, 85043
50, 7240, 1, 83052, 85299
50, 7250, 1, 83052, 84708
50, 7260, 1, 83052, 84760
50, 7270, 1, 83052, 85472
50, 7280, 1, 83052, 85841
50, 7290, 1, 83052, 84498
50, 7300, 1, 82968, 83052
50, 7310, 1, 82885, 85566
50, 7320, 1, 82608, 82801
50, 7330, 1, 82608, 82608
50, 7340, 1, 82608, 82608
50, 7350, 1, 82308, 82406
50, 7360, 1, 82308, 82406
50, 7370, 1, 82257, 83543
50, 7380, 1, 82257, 83168
50, 7390, 1, 82035, 83848
50, 7400, 1, 82035, 84531
50, 7410, 1, 81952, 83984
50, 7420, 1, 81952, 81952
50, 7430, 1, 81902, 83336
50, 7440, 1, 81902, 83889
50, 7450, 1, 81646, 82242
50, 7460, 1, 81646, 81646
50, 7470, 1, 81646, 82230
50, 7480, 1, 81590, 81646
50, 7490, 1, 81408, 83114
50, 7500, 1, 81408, 81408
50, 7510, 1, 81343, 81408
50, 7520, 1, 81343, 83595
50, 7530, 1, 81343, 83375
50, 7540, 1, 81343, 84119
50, 7550, 1, 81343, 83438
50, 7560, 1, 81343, 82020
50, 7570, 1, 81343, 81343
50, 7580, 1, 81343, 81343
50, 7590, 1, 81343, 83413
50, 7600, 1, 81220, 81343
50, 7610, 1, 81220, 82848
50, 7620, 1, 81220, 82909
50, 7630, 1, 81216, 81651
50, 7640, 1, 81216, 82693
50, 7650, 1, 81020, 82575
50, 7660, 1, 81020, 81827
50, 7670, 1, 81010, 82354
50, 7680, 1, 81010, 81010
50, 7690, 1, 81010, 81010
50, 7700, 1, 81010, 81010
50, 7710, 1, 81010, 82207
50, 7720, 1, 81010, 82509
50, 7730, 1, 81010, 81527
50, 7740, 1, 81010, 82676
50, 7750, 1, 81010, 81010
50, 7760, 1, 80943, 81860
50, 7770, 1, 80943, 82590
50, 7780, 1, 80936, 81096
50, 7790, 1, 80936, 84909
50, 7800, 1, 80827, 82243
50, 7810, 1, 80827, 83070
50, 7820, 1, 80827, 82297
50, 7830, 1, 80827, 82565
50, 7840, 1, 80827, 81330
50, 7850, 1, 80827, 81325
50, 7860, 1, 80827, 80827
50, 7870, 1, 80827, 81285
50, 7880, 1, 80781, 81355
50, 7890, 1, 80781, 83313
50, 7900, 1, 80781, 80781
50, 7910, 1, 80781, 80781
50, 7920, 1, 80620, 80620
50, 7930, 1, 80620, 81562
50, 7940, 1, 80620, 80620
50, 7950, 1, 80620, 82132
50, 7960, 1, 80620, 81499
50, 7970, 1, 80530, 81207
50, 7980, 1, 80382, 81336
50, 7990, 1, 80382, 81150
50, 8000, 1, 80313, 82655
50, 8010, 1, 79997, 80313
50, 8020, 1, 79979, 81987
50, 8030, 1, 79886, 79979
50, 8040, 1, 79801, 81662
50, 8050, 1, 79801, 81638
50, 8060, 1, 79801, 81877
50, 8070, 1, 79002, 81081
50, 8080, 1, 79002, 79982
50, 8090, 1, 79002, 79002
50, 8100, 1, 79002, 79790
50, 8110, 1, 78950, 79145
50, 8120, 1, 78950, 80344
50, 8130, 1, 78902, 81063
50, 8140, 1, 78902, 78902
50, 8150, 1, 78902, 78902
50, 8160, 1, 78902, 78902
50, 8170, 1, 78902, 81121
50, 8180, 1, 78862, 79296
50, 8190, 1, 78862, 78862
50, 8200, 1, 78862, 80713
50, 8210, 1, 78862, 78862
50, 8220, 1, 78610, 78798
50, 8230, 1, 78610, 80708
50, 8240, 1, 78527, 78610
50, 8250, 1, 78527, 78527
50, 8260, 1, 78501, 78527
50, 8270, 1, 78501, 78501
50, 8280, 1, 78501, 79018
50, 8290, 1, 78501, 79401
50, 8300, 1, 78501, 78501
50, 8310, 1, 78501, 78501
50, 8320, 1, 78501, 79637
50, 8330, 1, 78479, 78501
50, 8340, 1, 78479, 81086
50, 8350, 1, 78395, 78479
50, 8360, 1, 78395, 79635
50, 8370, 1, 78395, 78395
50, 8380, 1, 78395, 78395
50, 8390, 1, 78395, 78640
50, 8400, 1, 78395, 78795
50, 8410, 1, 78240, 78279
50, 8420, 1, 78240, 78240
50, 8430, 1, 78240, 79955
50, 8440, 1, 78240, 79105
50, 8450, 1, 78240, 78987
50, 8460, 1, 78240, 78240
50, 8470, 1, 78240, 79653
50, 8480, 1, 78240, 78240
50, 8490, 1, 78041, 78240
50, 8500, 1, 78041, 78041
50, 8510, 1, 77694, 77694
50, 8520, 1, 77694, 79515
50, 8530, 1, 77694, 78178
50, 8540, 1, 77669, 78510
50, 8550, 1, 77669, 77669
50, 8560, 1, 77669, 77669
50, 8570, 1, 77669, 77669
50, 8580, 1, 77528, 77528
50, 8590, 1, 77528, 78461
50, 8600, 1, 77528, 80116
50, 8610, 1, 77528, 77528
50, 8620, 1, 77528, 79325
50, 8630, 1, 77528, 77528
50, 8640, 1, 77528, 77528
50, 8650, 1, 77528, 77528
50, 8660, 1, 77528, 77528
50, 8670, 1, 77130, 79383
50, 8680, 1, 77079, 77130
50, 8690, 1, 77079, 78139
50, 8700, 1, 77079, 77079
50, 8710, 1, 77075, 77079
50, 8720, 1, 77075, 77075
50, 8730, 1, 77075, 78674
50, 8740, 1, 77075, 77075
50, 8750, 1, 77075, 78701
50, 8760, 1, 76901, 77163
50, 8770, 1, 76901, 76901
50, 8780, 1, 76901, 76901
50, 8790, 1, 76759, 77158
50, 8800, 1, 76643, 77047
50, 8810, 1, 76520, 78069
50, 8820, 1, 76520, 76520
50, 8830, 1, 76520, 76520
50, 8840, 1, 76494, 76520
50, 8850, 1, 76494, 76494
50, 8860, 1, 76494, 76494
50, 8870, 1, 76494, 76494
50, 8880, 1, 76494, 76494
50, 8890, 1, 76494, 78664
50, 8900, 1, 76494, 76494
50, 8910, 1, 76494, 76494
50, 8920, 1, 76409, 76494
50, 8930, 1, 76409, 76536
50, 8940, 1, 76409, 76409
50, 8950, 1, 76409, 78275
50, 8960, 1, 76409, 76409
50, 8970, 1, 76409, 78187
50, 8980, 1, 76409, 76409
50, 8990, 1, 76358, 78605
50, 9000, 1, 76358, 76358
50, 9010, 1, 76328, 76328
50, 9020, 1, 76328, 77490
50, 9030, 1, 76046, 76446
50, 9040, 1, 76046, 76046
50, 9050, 1, 76046, 76046
50, 9060, 1, 76046, 77974
50, 9070, 1, 76008, 76835
50, 9080, 1, 76008, 76960
50, 9090, 1, 76008, 76008
50, 9100, 1, 76008, 76194
50, 9110, 1, 76008, 76813
50, 9120, 1, 75978, 77554
50, 9130, 1, 75978, 76286
50, 9140, 1, 75978, 78997
50, 9150, 1, 75978, 77084
50, 9160, 1, 75978, 75978
50, 9170, 1, 75978, 75978
50, 9180, 1, 75978, 77535
50, 9190, 1, 75978, 75978
50, 9200, 1, 75978, 75978
50, 9210, 1, 75931, 75978
50, 9220, 1, 75903, 75931
50, 9230, 1, 75903, 76854
50, 9240, 1, 75903, 75903
50, 9250, 1, 75903, 75903
50, 9260, 1, 75795, 78485
50, 9270, 1, 75795, 75795
50, 9280, 1, 75795, 76157
50, 9290, 1, 75795, 76312
50, 9300, 1, 75795, 75795
50, 9310, 1, 75795, 75795
50, 9320, 1, 75795, 75795
50, 9330, 1, 75795, 77321
50, 9340, 1, 75795, 79004
50, 9350, 1, 75795, 75795
50, 9360, 1, 75699, 75699
50, 9370, 1, 75699, 77294
50, 9380, 1, 75699, 77838
50, 9390, 1, 75574, 75699
50, 9400, 1, 75574, 77408
50, 9410, 1, 75498, 75498
50, 9420, 1, 75498, 76098
50, 9430, 1, 75498, 76467
50, 9440, 1, 75498, 75498
50, 9450, 1, 75498, 75498
50, 9460, 1, 75421, 75498
50, 9470, 1, 75421, 77420
50, 9480, 1, 75421, 75421
50, 9490, 1, 75421, 75421
50, 9500, 1, 75421, 75421
50, 9510, 1, 75421, 76927
50, 9520, 1, 75421, 75421
50, 9530, 1, 75342, 75589
50, 9540, 1, 75342, 75342
50, 9550, 1, 75221, 75342
50, 9560, 1, 75221, 75221
50, 9570, 1, 75221, 76699
50, 9580, 1, 75221, 77108
50, 9590, 1, 75221, 75221
50, 9600, 1, 75221, 75770
50, 9610, 1, 75221, 75221
50, 9620, 1, 75215, 75221
50, 9630, 1, 75215, 75215
50, 9640, 1, 75197, 76194
50, 9650, 1, 75197, 77106
50, 9660, 1, 75197, 75197
50, 9670, 1, 75197, 75339
50, 9680, 1, 75197, 75197
50, 9690, 1, 75197, 75197
50, 9700, 1, 75146, 75470
50, 9710, 1, 75146, 75146
50, 9720, 1, 75146, 76065
50, 9730, 1, 75129, 76677
50, 9740, 1, 75129, 75427
50, 9750, 1, 75129, 76183
50, 9760, 1, 75097, 75129
50, 9770, 1, 75097, 75097
50, 9780, 1, 75097, 75097
50, 9790, 1, 75097, 76528
50, 9800, 1, 75097, 75097
50, 9810, 1, 75097, 75097
50, 9820, 1, 75097, 75097
50, 9830, 1, 75097, 75786
50, 9840, 1, 75097, 75714
50, 9850, 1, 75097, 76849
50, 9860, 1, 75097, 75097
50, 9870, 1, 75097, 77322
50, 9880, 1, 74915, 75097
50, 9890, 1, 74888, 74915
50, 9900, 1, 74888, 74888
50, 9910, 1, 74888, 74888
50, 9920, 1, 74888, 77214
50, 9930, 1, 74888, 74888
50, 9940, 1, 74888, 76915
50, 9950, 1, 74888, 74888
50, 9960, 1, 74888, 74888
50, 9970, 1, 74888, 74888
50, 9980, 1, 74874, 74874
50, 9990, 1, 74874, 74874
50, 10000, 1, 74747, 74908
50, 10010, 1, 74747, 74747
50, 10020, 1, 74747, 74747
50, 10030, 1, 74747, 74747
50, 10040, 1, 74740, 76446
50, 10050, 1, 74740, 74740
50, 10060, 1, 74649, 74740
50, 10070, 1, 74649, 75638
50, 10080, 1, 74368, 76068
50, 10090, 1, 74368, 74368
50, 10100, 1, 74368, 74368
50, 10110, 1, 74368, 74368
50, 10120, 1, 74368, 75239
50, 10130, 1, 74368, 74368
50, 10140, 1, 74368, 74368
50, 10150, 1, 74368, 74467
50, 10160, 1, 74368, 74368
50, 10170, 1, 74368, 74368
50, 10180, 1, 74342, 74368
50, 10190, 1, 74342, 76576
50, 10200, 1, 74342, 74342
50, 10210, 1, 74342, 75424
50, 10220, 1, 74342, 75889
50, 10230, 1, 74342, 74342
50, 10240, 1, 74342, 74342
50, 10250, 1, 74342, 74342
50, 10260, 1, 74342, 75328
50, 10270, 1, 74317, 76151
50, 10280, 1, 74317, 76104
50, 10290, 1, 74317, 74317
50, 10300, 1, 74317, 76317
50, 10310, 1, 74317, 74317
50, 10320, 1, 74261, 75747
50, 10330, 1, 74261, 74261
50, 10340, 1, 73988, 74261
50, 10350, 1, 73890, 73890
50, 10360, 1, 73831, 73890
50, 10370, 1, 73813, 73831
50, 10380, 1, 73726, 73726
50, 10390, 1, 73345, 73726
50, 10400, 1, 73345, 74207
50, 10410, 1, 73345, 74136
50, 10420, 1, 73345, 73345
50, 10430, 1, 73345, 73345
50, 10440, 1, 73345, 73345
50, 10450, 1, 73345, 74981
50, 10460, 1, 73265, 73265
50, 10470, 1, 73265, 73265
50, 10480, 1, 73265, 73265
50, 10490, 1, 73265, 73265
50, 10500, 1, 73265, 73265
50, 10510, 1, 73265, 73265
50, 10520, 1, 73265, 73265
50, 10530, 1, 73138, 73138
50, 10540, 1, 73138, 73138
50, 10550, 1, 73138, 73138
50, 10560, 1, 73138, 73138
50, 10570, 1, 73138, 74230
50, 10580, 1, 73138, 73138
50, 10590, 1, 73138, 73138
50, 10600, 1, 73138, 73138
50, 10610, 1, 73138, 73138
50, 10620, 1, 73138, 73138
50, 10630, 1, 73063, 74497
50, 10640, 1, 73063, 73063
50, 10650, 1, 72963, 74203
50, 10660, 1, 72963, 72963
50, 10670, 1, 72963, 72963
50, 10680, 1, 72963, 72963
50, 10690, 1, 72953, 72963
50, 10700, 1, 72953, 72953
50, 10710, 1, 72953, 72953
50, 10720, 1, 72953, 72953
50, 10730, 1, 72953, 72953
50, 10740, 1, 72953, 72953
50, 10750, 1, 72953, 72953
50, 10760, 1, 72953, 72953
50, 10770, 1, 72953, 73702
50, 10780, 1, 72953, 72953
50, 10790, 1, 72953, 73584
50, 10800, 1, 72949, 72949
50, 10810, 1, 72949, 72949
50, 10820, 1, 72949, 72949
50, 10830, 1, 72898, 72949
50, 10840, 1, 72898, 72898
50, 10850, 1, 72898, 74092
50, 10860, 1, 72898, 72898
50, 10870, 1, 72898, 72898
50, 10880, 1, 72898, 72898
50, 10890, 1, 72898, 73526
50, 10900, 1, 72898, 72898
50, 10910, 1, 72898, 72898
50, 10920, 1, 72727, 72898
50, 10930, 1, 72727, 72727
50, 10940, 1, 72694, 72727
50, 10950, 1, 72694, 72694
50, 10960, 1, 72694, 73375
50, 10970, 1, 72694, 72694
50, 10980, 1, 72694, 72694
50, 10990, 1, 72655, 72694
50, 11000, 1, 72596, 73524
50, 11010, 1, 72596, 72596
50, 11020, 1, 72596, 72596
50, 11030, 1, 72569, 72596
50, 11040, 1, 72501, 72534
50, 11050, 1, 72501, 72501
50, 11060, 1, 72501, 72501
50, 11070, 1, 72385, 72385
50, 11080, 1, 72385, 72385
50, 11090, 1, 72385, 72385
50, 11100, 1, 72385, 72385
50, 11110, 1, 72385, 72385
50, 11120, 1, 72211, 72211
50, 11130, 1, 72211, 72211
50, 11140, 1, 72211, 72211
50, 11150, 1, 72211, 72211
50, 11160, 1, 72211, 72211
50, 11170, 1, 72211, 72593
50, 11180, 1, 72211, 72211
50, 11190, 1, 72211, 72211
50, 11200, 1, 72211, 72211
50, 11210, 1, 72211, 72211
50, 11220, 1, 72099, 72099
50, 11230, 1, 72099, 72099
50, 11240, 1, 72099, 72099
50, 11250, 1, 72056, 72099
50, 11260, 1, 72012, 72056
50, 11270, 1, 72012, 72012
50, 11280, 1, 71994, 72012
50, 11290, 1, 71994, 71994
50, 11300, 1, 71994, 71994
50, 11310, 1, 71994, 72118
50, 11320, 1, 71994, 71994
50, 11330, 1, 71939, 71994
50, 11340, 1, 71939, 71939
50, 11350, 1, 71939, 71939
50, 11360, 1, 71939, 71939
50, 11370, 1, 71939, 71939
50, 11380, 1, 71939, 71939
50, 11390, 1, 71939, 71939
50, 11400, 1, 71934, 71939
50, 11410, 1, 71934, 71934
50, 11420, 1, 71934, 71934
50, 11430, 1, 71934, 75202
50, 11440, 1, 71934, 73281
50, 11450, 1, 71934, 71934
50, 11460, 1, 71934, 71941
50, 11470, 1, 71934, 71934
50, 11480, 1, 71934, 71934
50, 11490, 1, 71858, 72067
50, 11500, 1, 71858, 71858
50, 11510, 1, 71858, 71858
50, 11520, 1, 71858, 71858
50, 11530, 1, 71858, 71858
50, 11540, 1, 71823, 71858
50, 11550, 1, 71823, 74674
50, 11560, 1, 71823, 73364
50, 11570, 1, 71823, 71823
50, 11580, 1, 71823, 72623
50, 11590, 1, 71823, 71823
50, 11600, 1, 71823, 71823
50, 11610, 1, 71823, 71823
50, 11620, 1, 71823, 71823
50, 11630, 1, 71823, 71823
50, 11640, 1, 71823, 71823
50, 11650, 1, 71823, 71823
50, 11660, 1, 71811, 71823
50, 11670, 1, 71811, 71811
50, 11680, 1, 71811, 73190
50, 11690, 1, 71764, 71811
50, 11700, 1, 71764, 71764
50, 11710, 1, 71764, 71764
50, 11720, 1, 71764, 71764
50, 11730, 1, 71764, 71764
50, 11740, 1, 71764, 71764
50, 11750, 1, 71764, 71764
50, 11760, 1, 71764, 71764
50, 11770, 1, 71764, 71764
50, 11780, 1, 71764, 72463
50, 11790, 1, 71764, 71764
50, 11800, 1, 71764, 73068
50, 11810, 1, 71764, 71764
50, 11820, 1, 71734, 71764
50, 11830, 1, 71734, 71734
50, 11840, 1, 71734, 71734
50, 11850, 1, 71734, 71734
50, 11860, 1, 71734, 71734
50, 11870, 1, 71678, 71734
50, 11880, 1, 71607, 71607
50, 11890, 1, 71607, 71607
50, 11900, 1, 71607, 71607
50, 11910, 1, 71607, 71607
50, 11920, 1, 71607, 71607
50, 11930, 1, 71392, 71392
50, 11940, 1, 71392, 72476
50, 11950, 1, 71392, 71392
50, 11960, 1, 71346, 71392
50, 11970, 1, 71346, 71746
50, 11980, 1, 71346, 71346
50, 11990, 1, 71346, 71346
50, 12000, 1, 71190, 71346
50, 12010, 1, 71190, 71190
50, 12020, 1, 71190, 71190
50, 12030, 1, 71190, 71190
50, 12040, 1, 71190, 71190
50, 12050, 1, 71172, 71190
50, 12060, 1, 71172, 71172
50, 12070, 1, 71172, 71172
50, 12080, 1, 71172, 71172
50, 12090, 1, 71172, 71172
50, 12100, 1, 71172, 71172
50, 12110, 1, 71172, 71172
50, 12120, 1, 71172, 71172
50, 12130, 1, 71172, 72084
50, 12140, 1, 71172, 71172
50, 12150, 1, 71172, 71594
50, 12160, 1, 71172, 71172
50, 12170, 1, 71172, 72129
50, 12180, 1, 71172, 71172
50, 12190, 1, 71172, 71172
50, 12200, 1, 71172, 71172
50, 12210, 1, 71172, 71172
50, 12220, 1, 71172, 71172
50, 12230, 1, 71172, 71172
50, 12240, 1, 71172, 71172
50, 12250, 1, 71172, 71172
50, 12260, 1, 71107, 71172
50, 12270, 1, 71107, 71107
50, 12280, 1, 71107, 71107
50, 12290, 1, 71107, 71107
50, 12300, 1, 71107, 71107
50, 12310, 1, 71107, 71107
50, 12320, 1, 71107, 71107
50, 12330, 1, 71107, 71107
50, 12340, 1, 71100, 71107
50, 12350, 1, 71100, 71100
50, 12360, 1, 71100, 71100
50, 12370, 1, 71100, 71100
50, 12380, 1, 70955, 70955
50, 12390, 1, 70955, 70955
50, 12400, 1, 70955, 70955
50, 12410, 1, 70955, 70955
50, 12420, 1, 70955, 70955
50, 12430, 1, 70955, 70955
50, 12440, 1, 70955, 70955
50, 12450, 1, 70955, 70955
50, 12460, 1, 70955, 70955
50, 12470, 1, 70955, 71709
50, 12480, 1, 70955, 70955
50, 12490, 1, 70955, 70955
50, 12500, 1, 70955, 70955
50, 12510, 1, 70657, 70657
50, 12520, 1, 70657, 70657
50, 12530, 1, 70602, 70602
50, 12540, 1, 70602, 70602
50, 12550, 1, 70602, 70602
50, 12560, 1, 70602, 70602
50, 12570, 1, 70602, 70602
50, 12580, 1, 70602, 70602
50, 12590, 1, 70602, 70602
50, 12600, 1, 70602, 70602
50, 12610, 1, 70577, 70577
50, 12620, 1, 70577, 70577
50, 12630, 1, 70577, 70577
50, 12640, 1, 70577, 70724
50, 12650, 1, 70577, 70577
50, 12660, 1, 70577, 70577
50, 12670, 1, 70577, 71437
50, 12680, 1, 70577, 70577
50, 12690, 1, 70577, 70577
50, 12700, 1, 70577, 70577
50, 12710, 1, 70522, 70522
50, 12720, 1, 70522, 70522
50, 12730, 1, 70522, 73279
50, 12740, 1, 70498, 70522
50, 12750, 1, 70474, 70474
50, 12760, 1, 70467, 70467
50, 12770, 1, 70467, 70467
50, 12780, 1, 70442, 70467
50, 12790, 1, 70442, 70442
50, 12800, 1, 70442, 70442
50, 12810, 1, 70442, 70442
50, 12820, 1, 70442, 70442
50, 12830, 1, 70442, 70442
50, 12840, 1, 70442, 70442
50, 12850, 1, 70442, 70442
50, 12860, 1, 70442, 70442
50, 12870, 1, 70442, 70442
50, 12880, 1, 70434, 70434
50, 12890, 1, 70434, 70434
50, 12900, 1, 70434, 70434
50, 12910, 1, 70434, 70434
50, 12920, 1, 70434, 70434
50, 12930, 1, 70434, 70434
50, 12940, 1, 70434, 70434
50, 12950, 1, 70434, 70434
50, 12960, 1, 70434, 70434
50, 12970, 1, 70434, 71434
50, 12980, 1, 70434, 70434
50, 12990, 1, 70434, 70434
50, 13000, 1, 70434, 70434
50, 13010, 1, 70318, 70434
50, 13020, 1, 70014, 71575
50, 13030, 1, 70014, 70014
50, 13040, 1, 70014, 70014
50, 13050, 1, 69931, 69931
50, 13060, 1, 69931, 69931
50, 13070, 1, 69690, 69690
50, 13080, 1, 69690, 69690
50, 13090, 1, 69690, 69690
50, 13100, 1, 69690, 69690
50, 13110, 1, 69690, 69690
50, 13120, 1, 69690, 69690
50, 13130, 1, 69690, 69690
50, 13140, 1, 69690, 69690
50, 13150, 1, 69690, 69690
50, 13160, 1, 69690, 69690
50, 13170, 1, 69690, 69690
50, 13180, 1, 69690, 69690
50, 13190, 1, 69690, 69690
50, 13200, 1, 69690, 69690
50, 13210, 1, 69690, 69690
50, 13220, 1, 69690, 69690
50, 13230, 1, 69690, 69690
50, 13240, 1, 69690, 69690
50, 13250, 1, 69690, 69690
50, 13260, 1, 69690, 69690
50, 13270, 1, 69625, 69690
50, 13280, 1, 69625, 69625
50, 13290, 1, 69625, 69625
50, 13300, 1, 69625, 69625
50, 13310, 1, 69625, 69625
50, 13320, 1, 69570, 69570
50, 13330, 1, 69570, 69570
50, 13340, 1, 69570, 69570
50, 13350, 1, 69570, 69570
50, 13360, 1, 69570, 69570
50, 13370, 1, 69570, 69570
50, 13380, 1, 69570, 69570
50, 13390, 1, 69570, 69570
50, 13400, 1, 69570, 69570
50, 13410, 1, 69552, 69552
50, 13420, 1, 69552, 69552
50, 13430, 1, 69552, 69552
50, 13440, 1, 69552, 69952
50, 13450, 1, 69552, 69552
50, 13460, 1, 69544, 69544
50, 13470, 1, 69544, 69544
50, 13480, 1, 69464, 69544
50, 13490, 1, 69464, 69464
50, 13500, 1, 69464, 70185
50, 13510, 1, 69464, 69464
50, 13520, 1, 69464, 69464
50, 13530, 1, 69464, 69464
50, 13540, 1, 68926, 68926
50, 13550, 1, 68926, 68926
50, 13560, 1, 68926, 68926
50, 13570, 1, 68926, 68926
50, 13580, 1, 68926, 68926
50, 13590, 1, 68926, 68926
50, 13600, 1, 68850, 68926
50, 13610, 1, 68850, 68850
50, 13620, 1, 68850, 68850
50, 13630, 1, 68850, 68850
50, 13640, 1, 68850, 68850
50, 13650, 1, 68850, 68850
50, 13660, 1, 68850, 68850
50, 13670, 1, 68850, 68850
50, 13680, 1, 68850, 68850
50, 13690, 1, 68850, 68850
50, 13700, 1, 68767, 68767
50, 13710, 1, 68767, 68767
50, 13720, 1, 68709, 68709
50, 13730, 1, 68709, 68709
50, 13740, 1, 68613, 68613
50, 13750, 1, 68534, 68544
50, 13760, 1, 68534, 68534
50, 13770, 1, 68534, 68534
50, 13780, 1, 68534, 68534
50, 13790, 1, 68393, 68534
50, 13800, 1, 68393, 68393
50, 13810, 1, 68393, 68393
50, 13820, 1, 68393, 68393
50, 13830, 1, 68393, 68393
50, 13840, 1, 68393, 68393
50, 13850, 1, 68393, 68393
50, 13860, 1, 68393, 68393
50, 13870, 1, 68393, 68393
50, 13880, 1, 68393, 68451
50, 13890, 1, 68393, 68393
50, 13900, 1, 68393, 68393
50, 13910, 1, 68337, 68393
50, 13920, 1, 68337, 68337
50, 13930, 1, 68337, 68337
50, 13940, 1, 68337, 68337
50, 13950, 1, 68337, 68337
50, 13960, 1, 68337, 68337
50, 13970, 1, 68337, 68337
50, 13980, 1, 68337, 68337
50, 13990, 1, 68332, 68337
50, 14000, 1, 68332, 68332
50, 14010, 1, 68332, 68332
50, 14020, 1, 68255, 68332
50, 14030, 1, 68255, 68255
50, 14040, 1, 68255, 68255
50, 14050, 1, 68205, 68205
50, 14060, 1, 68205, 68205
50, 14070, 1, 68205, 68205
50, 14080, 1, 68205, 68205
50, 14090, 1, 68205, 68205
50, 14100, 1, 68205, 68205
50, 14110, 1, 68205, 68205
50, 14120, 1, 68205, 68205
50, 14130, 1, 68173, 68173
50, 14140, 1, 68173, 68173
50, 14150, 1, 68173, 68173
50, 14160, 1, 68173, 68173
50, 14170, 1, 68173, 68173
50, 14180, 1, 68173, 68173
50, 14190, 1, 68123, 68123
50, 14200, 1, 68091, 68091
50, 14210, 1, 68091, 68091
50, 14220, 1, 68091, 68091
50, 14230, 1, 68026, 68091
50, 14240, 1, 67967, 67967
50, 14250, 1, 67967, 67967
50, 14260, 1, 67967, 67967
50, 14270, 1, 67967, 67967
50, 14280, 1, 67967, 67967
50, 14290, 1, 67967, 67967
50, 14300, 1, 67967, 67967
50, 14310, 1, 67967, 67967
50, 14320, 1, 67967, 67967
50, 14330, 1, 67967, 67967
50, 14340, 1, 67967, 67967
50, 14350, 1, 67967, 67967
50, 14360, 1, 67967, 67967
50, 14370, 1, 67967, 67967
50, 14380, 1, 67967, 67967
50, 14390, 1, 67967, 67967
50, 14400, 1, 67967, 67967
50, 14410, 1, 67967, 67967
50, 14420, 1, 67967, 67967
50, 14430, 1, 67967, 67967
50, 14440, 1, 67967, 67967
50, 14450, 1, 67967, 67967
50, 14460, 1, 67967, 67967
50, 14470, 1, 67967, 67967
50, 14480, 1, 67967, 67967
50, 14490, 1, 67840, 67840
50, 14500, 1, 67840, 67840
50, 14510, 1, 67840, 67840
50, 14520, 1, 67840, 67840
50, 14530, 1, 67840, 67840
50, 14540, 1, 67840, 67840
50, 14550, 1, 67840, 67840
50, 14560, 1, 67840, 67840
50, 14570, 1, 67840, 67840
50, 14580, 1, 67840, 67840
50, 14590, 1, 67723, 67840
50, 14600, 1, 67713, 67723
50, 14610, 1, 67713, 67713
50, 14620, 1, 67713, 67713
50, 14630, 1, 67713, 67713
50, 14640, 1, 67713, 67713
50, 14650, 1, 67713, 67713
50, 14660, 1, 67713, 67713
50, 14670, 1, 67588, 67713
50, 14680, 1, 67588, 67588
50, 14690, 1, 67588, 67588
50, 14700, 1, 67588, 67588
50, 14710, 1, 67588, 67588
50, 14720, 1, 67588, 67588
50, 14730, 1, 67358, 67358
50, 14740, 1, 67358, 67358
50, 14750, 1, 67358, 67358
50, 14760, 1, 67358, 67358
50, 14770, 1, 67358, 67358
50, 14780, 1, 67358, 67358
50, 14790, 1, 67358, 67358
50, 14800, 1, 67358, 67358
50, 14810, 1, 67358, 67358
50, 14820, 1, 67358, 67358
50, 14830, 1, 67358, 67358
50, 14840, 1, 67358, 67358
50, 14850, 1, 67358, 67358
50, 14860, 1, 67358, 67358
50, 14870, 1, 67358, 67358
50, 14880, 1, 67358, 67358
50, 14890, 1, 67358, 67358
50, 14900, 1, 67358, 67358
50, 14910, 1, 67358, 67358
50, 14920, 1, 67358, 67358
50, 14930, 1, 67358, 67358
50, 14940, 1, 67358, 67358
50, 14950, 1, 67358, 67358
50, 14960, 1, 67358, 67358
50, 14970, 1, 67358, 67358
50, 14980, 1, 67358, 67358
50, 14990, 1, 67358, 67358
50, 15000, 1, 67358, 67358
50, 15010, 1, 67358, 67358
50, 15020, 1, 67358, 67358
50, 15030, 1, 67235, 67235
50, 15040, 1, 67235, 67235
50, 15050, 1, 67235, 67235
50, 15060, 1, 67235, 67235
50, 15070, 1, 67235, 67235
50, 15080, 1, 67235, 67235
50, 15090, 1, 67235, 67235
50, 15100, 1, 67235, 67235
50, 15110, 1, 67235, 67235
50, 15120, 1, 67235, 67235
50, 15130, 1, 67209, 67209
50, 15140, 1, 67209, 67209
50, 15150, 1, 67094, 67209
50, 15160, 1, 67094, 67094
50, 15170, 1, 67094, 67094
50, 15180, 1, 67094, 67094
50, 15190, 1, 67094, 67094
50, 15200, 1, 67094, 67094
50, 15210, 1, 67027, 67027
50, 15220, 1, 67027, 67027
50, 15230, 1, 67027, 67027
50, 15240, 1, 67027, 67027
50, 15250, 1, 67027, 67027
50, 15260, 1, 67027, 67327
50, 15270, 1, 67027, 67027
50, 15280, 1, 67027, 67027
50, 15290, 1, 67027, 67603
50, 15300, 1, 67027, 67027
50, 15310, 1, 67027, 67027
50, 15320, 1, 67027, 67027
50, 15330, 1, 67027, 67027
50, 15340, 1, 67027, 67027
50, 15350, 1, 67027, 67027
50, 15360, 1, 66920, 66920
50, 15370, 1, 66920, 66920
50, 15380, 1, 66920, 66920
50, 15390, 1, 66920, 66920
50, 15400, 1, 66920, 66920
50, 15410, 1, 66871, 66920
50, 15420, 1, 66871, 66871
50, 15430, 1, 66871, 66871
50, 15440, 1, 66795, 66812
50, 15450, 1, 66795, 66795
50, 15460, 1, 66795, 66795
50, 15470, 1, 66621, 66795
50, 15480, 1, 66621, 66621
50, 15490, 1, 66621, 66621
50, 15500, 1, 66421, 66621
50, 15510, 1, 66421, 66421
50, 15520, 1, 66421, 66421
50, 15530, 1, 66421, 66421
50, 15540, 1, 66421, 66421
50, 15550, 1, 66421, 66421
50, 15560, 1, 66421, 66421
50, 15570, 1, 66239, 66408
50, 15580, 1, 66239, 66239
50, 15590, 1, 66164, 66164
50, 15600, 1, 66164, 66164
50, 15610, 1, 66164, 66164
50, 15620, 1, 66164, 66164
50, 15630, 1, 66164, 66164
50, 15640, 1, 66164, 66164
50, 15650, 1, 66164, 66164
50, 15660, 1, 66164, 66164
50, 15670, 1, 66164, 66164
50, 15680, 1, 66164, 66164
50, 15690, 1, 66164, 66164
50, 15700, 1, 66104, 66104
50, 15710, 1, 66104, 66104
50, 15720, 1, 66104, 66104
50, 15730, 1, 66104, 66104
50, 15740, 1, 66061, 66104
50, 15750, 1, 66061, 66061
50, 15760, 1, 66061, 66061
50, 15770, 1, 66061, 66061
50, 15780, 1, 66061, 66061
50, 15790, 1, 66061, 66061
50, 15800, 1, 66061, 66061
50, 15810, 1, 66061, 66061
50, 15820, 1, 66061, 66061
50, 15830, 1, 66061, 66061
50, 15840, 1, 66061, 66061
50, 15850, 1, 66061, 66061
50, 15860, 1, 66061, 66061
50, 15870, 1, 66002, 66002
50, 15880, 1, 66002, 66002
50, 15890, 1, 66002, 66002
50, 15900, 1, 66002, 66002
50, 15910, 1, 66002, 66002
50, 15920, 1, 66002, 66002
50, 15930, 1, 66002, 66002
50, 15940, 1, 66002, 66002
50, 15950, 1, 66002, 66002
50, 15960, 1, 66002, 66002
50, 15970, 1, 66002, 66002
50, 15980, 1, 66002, 66002
50, 15990, 1, 66002, 66002
50, 16000, 1, 66002, 66002
50, 16010, 1, 66002, 66002
50, 16020, 1, 66002, 66002
50, 16030, 1, 65861, 66002
50, 16040, 1, 65861, 65861
50, 16050, 1, 65861, 66707
50, 16060, 1, 65861, 65861
50, 16070, 1, 65861, 65861
50, 16080, 1, 65844, 65844
50, 16090, 1, 65844, 65844
50, 16100, 1, 65844, 65844
50, 16110, 1, 65844, 65844
50, 16120, 1, 65844, 65844
50, 16130, 1, 65829, 65829
50, 16140, 1, 65829, 65829
50, 16150, 1, 65716, 65716
50, 16160, 1, 65716, 65716
50, 16170, 1, 65716, 65716
50, 16180, 1, 65716, 65716
50, 16190, 1, 65716, 65716
50, 16200, 1, 65716, 65716
50, 16210, 1, 65716, 65716
50, 16220, 1, 65716, 65716
50, 16230, 1, 65716, 65716
50, 16240, 1, 65716, 65716
50, 16250, 1, 65716, 65716
50, 16260, 1, 65716, 65716
50, 16270, 1, 65716, 65716
50, 16280, 1, 65716, 65716
50, 16290, 1, 65716, 65716
50, 16300, 1, 65685, 65685
50, 16310, 1, 65685, 65685
50, 16320, 1, 65610, 65610
50, 16330, 1, 65610, 65610
50, 16340, 1, 65610, 65610
50, 16350, 1, 65610, 65610
50, 16360, 1, 65610, 65610
50, 16370, 1, 65610, 65610
50, 16380, 1, 65610, 65610
50, 16390, 1, 65610, 65610
50, 16400, 1, 65476, 65610
50, 16410, 1, 65476, 65476
50, 16420, 1, 65476, 65476
50, 16430, 1, 65476, 65476
50, 16440, 1, 65476, 65476
50, 16450, 1, 65476, 65476
50, 16460, 1, 65476, 65476
50, 16470, 1, 65476, 65476
50, 16480, 1, 65476, 65476
50, 16490, 1, 65320, 65320
50, 16500, 1, 65320, 65320
50, 16510, 1, 65320, 65320
50, 16520, 1, 65320, 65320
50, 16530, 1, 65320, 65320
50, 16540, 1, 65320, 65320
50, 16550, 1, 65320, 65320
50, 16560, 1, 65320, 65320
50, 16570, 1, 65320, 65320
50, 16580, 1, 65320, 65320
50, 16590, 1, 65320, 65320
50, 16600, 1, 65320, 65320
50, 16610, 1, 65320, 65320
50, 16620, 1, 65320, 65320
50, 16630, 1, 65320, 65320
50, 16640, 1, 65320, 65320
50, 16650, 1, 65320, 65320
50, 16660, 1, 65320, 65320
50, 16670, 1, 65320, 65320
50, 16680, 1, 65320, 65320
50, 16690, 1, 65320, 65320
50, 16700, 1, 65320, 65320
50, 16710, 1, 65320, 65320
50, 16720, 1, 65320, 65320
50, 16730, 1, 65320, 65320
50, 16740, 1, 65320, 65320
50, 16750, 1, 65320, 65320
50, 16760, 1, 65320, 65320
50, 16770, 1, 65320, 65320
50, 16780, 1, 65320, 65320
50, 16790, 1, 65320, 65320
50, 16800, 1, 65320, 65320
50, 16810, 1, 65320, 65320
50, 16820, 1, 65320, 65320
50, 16830, 1, 65320, 65320
50, 16840, 1, 65320, 65320
50, 16850, 1, 65213, 65320
50, 16860, 1, 65213, 65213
50, 16870, 1, 65213, 65213
50, 16880, 1, 65213, 65213
50, 16890, 1, 65213, 65213
50, 16900, 1, 65213, 65213
50, 16910, 1, 65213, 65213
50, 16920, 1, 65213, 65213
50, 16930, 1, 65213, 65213
50, 16940, 1, 65213, 65213
50, 16950, 1, 65213, 65213
50, 16960, 1, 65213, 65213
50, 16970, 1, 65213, 65213
50, 16980, 1, 65213, 65213
50, 16990, 1, 65164, 65164
50, 17000, 1, 65164, 65164
50, 17010, 1, 65164, 65164
50, 17020, 1, 65164, 65164
50, 17030, 1, 65164, 65164
50, 17040, 1, 65164, 65164
50, 17050, 1, 65164, 65164
50, 17060, 1, 65164, 65164
50, 17070, 1, 65164, 65164
50, 17080, 1, 65164, 65164
50, 17090, 1, 65164, 65164
50, 17100, 1, 65071, 65164
50, 17110, 1, 65071, 65071
50, 17120, 1, 65071, 65071
50, 17130, 1, 65071, 65071
50, 17140, 1, 64948, 64948
50, 17150, 1, 64948, 64948
50, 17160, 1, 64948, 64948
50, 17170, 1, 64948, 64948
50, 17180, 1, 64948, 64948
50, 17190, 1, 64948, 64948
50, 17200, 1, 64948, 64948
50, 17210, 1, 64948, 64948
50, 17220, 1, 64948, 64948
50, 17230, 1, 64948, 64948
50, 17240, 1, 64948, 64948
50, 17250, 1, 64948, 64948
50, 17260, 1, 64948, 64948
50, 17270, 1, 64948, 64948
50, 17280, 1, 64948, 64948
50, 17290, 1, 64948, 64948
50, 17300, 1, 64948, 64948
50, 17310, 1, 64948, 64948
50, 17320, 1, 64948, 64948
50, 17330, 1, 64948, 64948
50, 17340, 1, 64948, 64948
50, 17350, 1, 64948, 64948
50, 17360, 1, 64948, 64948
50, 17370, 1, 64948, 64948
50, 17380, 1, 64948, 64948
50, 17390, 1, 64948, 64948
50, 17400, 1, 64824, 64824
50, 17410, 1, 64824, 64824
50, 17420, 1, 64824, 64824
50, 17430, 1, 64824, 64824
50, 17440, 1, 64824, 64824
50, 17450, 1, 64824, 64824
50, 17460, 1, 64824, 64824
50, 17470, 1, 64824, 64824
50, 17480, 1, 64824, 64824
50, 17490, 1, 64824, 64824
50, 17500, 1, 64824, 64824
50, 17510, 1, 64824, 64824
50, 17520, 1, 64824, 64824
50, 17530, 1, 64824, 64824
50, 17540, 1, 64824, 64824
50, 17550, 1, 64824, 64824
50, 17560, 1, 64824, 64824
50, 17570, 1, 64824, 64824
50, 17580, 1, 64824, 64824
50, 17590, 1, 64824, 64824
50, 17600, 1, 64800, 64800
50, 17610, 1, 64729, 64800
50, 17620, 1, 64729, 64729
50, 17630, 1, 64729, 64729
50, 17640, 1, 64729, 64729
50, 17650, 1, 64729, 64729
50, 17660, 1, 64729, 64729
50, 17670, 1, 64729, 64729
50, 17680, 1, 64729, 64729
50, 17690, 1, 64729, 64729
50, 17700, 1, 64729, 64729
50, 17710, 1, 64729, 64729
50, 17720, 1, 64729, 64729
50, 17730, 1, 64729, 64729
50, 17740, 1, 64729, 64729
50, 17750, 1, 64729, 64729
50, 17760, 1, 64729, 64729
50, 17770, 1, 64729, 64729
50, 17780, 1, 64729, 64729
50, 17790, 1, 64729, 64729
50, 17800, 1, 64729, 64729
50, 17810, 1, 64729, 64729
50, 17820, 1, 64729, 64729
50, 17830, 1, 64729, 64729
50, 17840, 1, 64729, 64729
50, 17850, 1, 64729, 64729
50, 17860, 1, 64729, 64729
50, 17870, 1, 64729, 64729
50, 17880, 1, 64729, 64729
50, 17890, 1, 64729, 64729
50, 17900, 1, 64729, 64729
50, 17910, 1, 64729, 64729
50, 17920, 1, 64729, 64729
50, 17930, 1, 64729, 64729
50, 17940, 1, 64729, 64729
50, 17950, 1, 64729, 64729
50, 17960, 1, 64729, 64729
50, 17970, 1, 64729, 64729
50, 17980, 1, 64729, 64729
50, 17990, 1, 64729, 64729
50, 18000, 1, 64729, 64729
50, 18010, 1, 64729, 64729
50, 18020, 1, 64729, 64729
50, 18030, 1, 64678, 64678
50, 18040, 1, 64678, 64678
50, 18050, 1, 64678, 64678
50, 18060, 1, 64678, 64678
50, 18070, 1, 64678, 64678
50, 18080, 1, 64678, 64678
50, 18090, 1, 64678, 64678
50, 18100, 1, 64678, 64678
50, 18110, 1, 64678, 64678
50, 18120, 1, 64678, 64678
50, 18130, 1, 64678, 64678
50, 18140, 1, 64678, 64678
50, 18150, 1, 64678, 64678
50, 18160, 1, 64678, 64678
50, 18170, 1, 64678, 64678
50, 18180, 1, 64678, 64678
50, 18190, 1, 64673, 64678
50, 18200, 1, 64673, 64673
50, 18210, 1, 64673, 64673
50, 18220, 1, 64673, 64673
50, 18230, 1, 64673, 64673
50, 18240, 1, 64673, 64673
50, 18250, 1, 64673, 64673
50, 18260, 1, 64673, 64673
50, 18270, 1, 64673, 64673
50, 18280, 1, 64673, 64673
50, 18290, 1, 64673, 64673
50, 18300, 1, 64673, 64673
50, 18310, 1, 64673, 64673
50, 18320, 1, 64673, 64673
50, 18330, 1, 64673, 64673
50, 18340, 1, 64673, 64673
50, 18350, 1, 64673, 64673
50, 18360, 1, 64673, 64673
50, 18370, 1, 64673, 64673
50, 18380, 1, 64673, 64673
50, 18390, 1, 64673, 64673
50, 18400, 1, 64673, 64673
50, 18410, 1, 64673, 64673
50, 18420, 1, 64673, 64673
50, 18430, 1, 64673, 64673
50, 18440, 1, 64673, 64673
50, 18450, 1, 64673, 64673
50, 18460, 1, 64673, 64673
50, 18470, 1, 64673, 64673
50, 18480, 1, 64673, 64673
50, 18490, 1, 64673, 64673
50, 18500, 1, 64673, 64673
50, 18510, 1, 64673, 64673
50, 18520, 1, 64673, 64673
50, 18530, 1, 64673, 64673
50, 18540, 1, 64673, 64673
50, 18550, 1, 64673, 64673
50, 18560, 1, 64673, 64673
50, 18570, 1, 64673, 64673
50, 18580, 1, 64673, 64673
50, 18590, 1, 64673, 64673
50, 18600, 1, 64673, 64673
50, 18610, 1, 64673, 64673
50, 18620, 1, 64673, 64673
50, 18630, 1, 64655, 64673
50, 18640, 1, 64655, 64655
50, 18650, 1, 64655, 64655
50, 18660, 1, 64655, 64655
50, 18670, 1, 64655, 64655
50, 18680, 1, 64655, 64655
50, 18690, 1, 64655, 64655
50, 18700, 1, 64655, 64655
50, 18710, 1, 64655, 64655
50, 18720, 1, 64655, 64655
50, 18730, 1, 64655, 64655
50, 18740, 1, 64655, 64655
50, 18750, 1, 64655, 64655
50, 18760, 1, 64503, 64655
50, 18770, 1, 64438, 64438
50, 18780, 1, 64438, 64438
50, 18790, 1, 64438, 64438
50, 18800, 1, 64438, 64438
50, 18810, 1, 64438, 64438
50, 18820, 1, 64438, 64438
50, 18830, 1, 64438, 64438
50, 18840, 1, 64438, 64438
50, 18850, 1, 64438, 64438
50, 18860, 1, 64438, 64438
50, 18870, 1, 64438, 64438
50, 18880, 1, 64438, 64438
50, 18890, 1, 64438, 64438
50, 18900, 1, 64438, 64438
50, 18910, 1, 64438, 64438
50, 18920, 1, 64438, 64438
50, 18930, 1, 64438, 64438
50, 18940, 1, 64438, 64438
50, 18950, 1, 64438, 64438
50, 18960, 1, 64434, 64438
50, 18970, 1, 64434, 64434
50, 18980, 1, 64351, 64351
50, 18990, 1, 64342, 64342
50, 19000, 1, 64342, 64342
50, 19010, 1, 64342, 64342
50, 19020, 1, 64342, 64342
50, 19030, 1, 64342, 64342
50, 19040, 1, 64282, 64342
50, 19050, 1, 64282, 64282
50, 19060, 1, 64282, 64282
50, 19070, 1, 64282, 64282
50, 19080, 1, 64282, 64282
50, 19090, 1, 64282, 64282
50, 19100, 1, 64282, 64282
50, 19110, 1, 64282, 64282
50, 19120, 1, 64282, 64282
50, 19130, 1, 64282, 64282
50, 19140, 1, 64282, 64282
50, 19150, 1, 64282, 64282
50, 19160, 1, 64282, 64282
50, 19170, 1, 64282, 64282
50, 19180, 1, 64282, 64282
50, 19190, 1, 64252, 64282
50, 19200, 1, 64252, 64252
50, 19210, 1, 64252, 64252
50, 19220, 1, 64252, 64252
50, 19230, 1, 64252, 64252
50, 19240, 1, 64252, 64252
50, 19250, 1, 64252, 64252
50, 19260, 1, 64252, 64252
50, 19270, 1, 64252, 64252
50, 19280, 1, 64252, 64252
50, 19290, 1, 64252, 64252
50, 19300, 1, 64252, 64252
50, 19310, 1, 64252, 64252
50, 19320, 1, 64252, 64252
50, 19330, 1, 64252, 64252
50, 19340, 1, 64252, 64252
50, 19350, 1, 64252, 64252
50, 19360, 1, 64252, 64252
50, 19370, 1, 64252, 64252
50, 19380, 1, 64252, 64252
50, 19390, 1, 64252, 64252
50, 19400, 1, 64252, 64252
50, 19410, 1, 64252, 64252
50, 19420, 1, 64252, 64252
50, 19430, 1, 64252, 64252
50, 19440, 1, 64252, 64252
50, 19450, 1, 64252, 64252
50, 19460, 1, 64252, 64252
50, 19470, 1, 64252, 64252
50, 19480, 1, 64252, 64252
50, 19490, 1, 64252, 64252
50, 19500, 1, 64252, 64252
50, 19510, 1, 64252, 64252
50, 19520, 1, 64252, 64252
50, 19530, 1, 64252, 64252
50, 19540, 1, 64252, 64252
50, 19550, 1, 64252, 64252
50, 19560, 1, 64252, 64252
50, 19570, 1, 64252, 64252
50, 19580, 1, 64252, 64252
50, 19590, 1, 64252, 64252
50, 19600, 1, 64252, 64252
50, 19610, 1, 64252, 64252
50, 19620, 1, 64252, 64252
50, 19630, 1, 64252, 64252
50, 19640, 1, 64252, 64252
50, 19650, 1, 64252, 64252
50, 19660, 1, 64252, 64252
50, 19670, 1, 64252, 64252
50, 19680, 1, 64252, 64252
50, 19690, 1, 64252, 64252
50, 19700, 1, 64252, 64252
50, 19710, 1, 64252, 64252
50, 19720, 1, 64252, 64252
50, 19730, 1, 64252, 64252
50, 19740, 1, 64252, 64252
50, 19750, 1, 64252, 64252
50, 19760, 1, 64252, 64252
50, 19770, 1, 64252, 64252
50, 19780, 1, 64252, 64252
50, 19790, 1, 64052, 64252
50, 19800, 1, 64052, 64052
50, 19810, 1, 64052, 64052
50, 19820, 1, 64052, 64052
50, 19830, 1, 64052, 64052
50, 19840, 1, 64052, 64052
50, 19850, 1, 64052, 64052
50, 19860, 1, 64052, 64052
50, 19870, 1, 64052, 64052
50, 19880, 1, 64011, 64011
50, 19890, 1, 64011, 64011
50, 19900, 1, 64011, 64011
50, 19910, 1, 64011, 64011
50, 19920, 1, 63992, 63992
50, 19930, 1, 63989, 63992
50, 19940, 1, 63989, 63989
50, 19950, 1, 63989, 63989
50, 19960, 1, 63989, 63989
50, 19970, 1, 63989, 63989
50, 19980, 1, 63989, 63989
50, 19990, 1, 63989, 63989
