Population Size, Generation Count, Repetition, Best Fitness, Median Fitness
20, 0, 16, 732122, 769015
20, 10, 16, 714413, 717692
20, 20, 16, 694512, 701224
20, 30, 16, 678443, 683329
20, 40, 16, 666578, 670897
20, 50, 16, 654887, 659028
20, 60, 16, 644296, 646133
20, 70, 16, 633800, 637118
20, 80, 16, 626538, 627980
20, 90, 16, 609339, 614843
20, 100, 16, 599165, 601763
20, 110, 16, 589143, 594227
20, 120, 16, 580523, 581792
20, 130, 16, 572854, 578373
20, 140, 16, 562951, 566782
20, 150, 16, 553862, 556727
20, 160, 16, 544243, 547799
20, 170, 16, 540412, 543426
20, 180, 16, 532557, 538100
20, 190, 16, 525258, 527340
20, 200, 16, 517903, 523270
20, 210, 16, 511418, 514607
20, 220, 16, 505099, 510417
20, 230, 16, 501111, 501898
20, 240, 16, 494450, 498869
20, 250, 16, 488275, 491255
20, 260, 16, 482829, 485735
20, 270, 16, 480582, 481712
20, 280, 16, 474748, 478618
20, 290, 16, 468443, 470246
20, 300, 16, 462297, 467226
20, 310, 16, 454832, 456350
20, 320, 16, 449703, 452825
20, 330, 16, 443967, 449957
20, 340, 16, 438167, 441292
20, 350, 16, 434709, 436610
20, 360, 16, 433254, 436982
20, 370, 16, 428922, 431359
20, 380, 16, 426543, 428403
20, 390, 16, 420329, 423244
20, 400, 16, 416274, 419115
20, 410, 16, 410898, 414732
20, 420, 16, 408629, 412243
20, 430, 16, 407092, 408303
20, 440, 16, 404205, 406377
20, 450, 16, 402534, 404966
20, 460, 16, 400472, 403876
20, 470, 16, 395364, 397638
20, 480, 16, 392764, 397229
20, 490, 16, 391056, 393956
20, 500, 16, 388890, 392384
20, 510, 16, 387721, 388658
20, 520, 16, 383191, 384532
20, 530, 16, 382386, 384422
20, 540, 16, 378199, 380531
20, 550, 16, 375951, 381375
20, 560, 16, 373899, 377410
20, 570, 16, 370769, 371570
20, 580, 16, 367941, 372755
20, 590, 16, 364719, 369934
20, 600, 16, 362044, 363531
20, 610, 16, 361473, 363284
20, 620, 16, 358429, 362496
20, 630, 16, 357244, 359579
20, 640, 16, 352109, 353027
20, 650, 16, 351457, 353798
20, 660, 16, 349915, 353815
20, 670, 16, 348098, 351005
20, 680, 16, 345307, 347688
20, 690, 16, 343746, 347931
20, 700, 16, 342999, 344218
20, 710, 16, 340582, 345342
20, 720, 16, 339833, 342640
20, 730, 16, 337395, 341907
20, 740, 16, 336281, 338408
20, 750, 16, 331949, 334755
20, 760, 16, 329233, 333922
20, 770, 16, 325749, 327469
20, 780, 16, 322707, 326113
20, 790, 16, 322509, 323719
20, 800, 16, 321480, 322785
20, 810, 16, 321244, 322374
20, 820, 16, 318650, 321796
20, 830, 16, 317562, 318876
20, 840, 16, 315909, 318566
20, 850, 16, 314900, 315909
20, 860, 16, 313946, 317350
20, 870, 16, 313247, 315754
20, 880, 16, 311337, 315038
20, 890, 16, 310027, 312084
20, 900, 16, 308011, 310902
20, 910, 16, 307679, 311607
20, 920, 16, 306315, 311160
20, 930, 16, 304758, 309600
20, 940, 16, 303889, 306377
20, 950, 16, 301998, 302833
20, 960, 16, 298317, 300208
20, 970, 16, 294480, 299704
20, 980, 16, 293360, 294394
20, 990, 16, 290832, 294129
20, 1000, 16, 290246, 293114
20, 1010, 16, 289696, 291242
20, 1020, 16, 287610, 290593
20, 1030, 16, 287234, 290036
20, 1040, 16, 287234, 289814
20, 1050, 16, 285690, 288206
20, 1060, 16, 284489, 286330
20, 1070, 16, 283319, 288054
20, 1080, 16, 283180, 285354
20, 1090, 16, 280744, 284270
20, 1100, 16, 279283, 280502
20, 1110, 16, 276362, 280598
20, 1120, 16, 274523, 277108
20, 1130, 16, 274114, 276205
20, 1140, 16, 272072, 278028
20, 1150, 16, 272072, 272104
20, 1160, 16, 271471, 272622
20, 1170, 16, 270944, 272373
20, 1180, 16, 270251, 273268
20, 1190, 16, 269332, 271183
20, 1200, 16, 266522, 270802
20, 1210, 16, 265499, 267444
20, 1220, 16, 265210, 267163
20, 1230, 16, 262524, 264796
20, 1240, 16, 262371, 264205
20, 1250, 16, 261783, 264269
20, 1260, 16, 260493, 265270
20, 1270, 16, 259464, 260904
20, 1280, 16, 258405, 261318
20, 1290, 16, 258264, 260169
20, 1300, 16, 255942, 257203
20, 1310, 16, 255937, 255942
20, 1320, 16, 255937, 257406
20, 1330, 16, 254776, 256424
20, 1340, 16, 254317, 257692
20, 1350, 16, 253148, 255828
20, 1360, 16, 252379, 253635
20, 1370, 16, 251385, 253486
20, 1380, 16, 250306, 251908
20, 1390, 16, 248475, 250812
20, 1400, 16, 245476, 250214
20, 1410, 16, 244655, 246862
20, 1420, 16, 243763, 246266
20, 1430, 16, 243303, 243447
20, 1440, 16, 241707, 242202
20, 1450, 16, 240292, 242405
20, 1460, 16, 239384, 241201
20, 1470, 16, 239292, 241482
20, 1480, 16, 237563, 240681
20, 1490, 16, 236928, 240757
20, 1500, 16, 236511, 239323
20, 1510, 16, 236190, 240812
20, 1520, 16, 234735, 235877
20, 1530, 16, 234260, 239240
20, 1540, 16, 232282, 235951
20, 1550, 16, 232178, 234400
20, 1560, 16, 232178, 234006
20, 1570, 16, 232159, 233529
20, 1580, 16, 231422, 232321
20, 1590, 16, 231328, 234201
20, 1600, 16, 230759, 235486
20, 1610, 16, 229649, 231512
20, 1620, 16, 229625, 230107
20, 1630, 16, 228546, 229786
20, 1640, 16, 226966, 228926
20, 1650, 16, 226369, 229266
20, 1660, 16, 225583, 227263
20, 1670, 16, 224898, 227670
20, 1680, 16, 224422, 227632
20, 1690, 16, 223495, 225902
20, 1700, 16, 222897, 224773
20, 1710, 16, 222797, 224127
20, 1720, 16, 220266, 222759
20, 1730, 16, 219877, 225056
20, 1740, 16, 218587, 220143
20, 1750, 16, 218390, 221569
20, 1760, 16, 217858, 219371
20, 1770, 16, 217742, 219536
20, 1780, 16, 217431, 222572
20, 1790, 16, 217216, 223220
20, 1800, 16, 216880, 218321
20, 1810, 16, 216238, 219580
20, 1820, 16, 215631, 216777
20, 1830, 16, 215449, 218844
20, 1840, 16, 215272, 216985
20, 1850, 16, 215065, 215272
20, 1860, 16, 214421, 219503
20, 1870, 16, 214192, 217189
20, 1880, 16, 213923, 216094
20, 1890, 16, 213923, 215375
20, 1900, 16, 213355, 216416
20, 1910, 16, 212462, 213956
20, 1920, 16, 211550, 214924
20, 1930, 16, 211044, 213374
20, 1940, 16, 210780, 212748
20, 1950, 16, 209347, 212645
20, 1960, 16, 209275, 210048
20, 1970, 16, 208920, 209545
20, 1980, 16, 208119, 210559
20, 1990, 16, 207669, 212768
20, 2000, 16, 207529, 209515
20, 2010, 16, 206549, 209330
20, 2020, 16, 206059, 207037
20, 2030, 16, 206048, 209405
20, 2040, 16, 205577, 206829
20, 2050, 16, 205195, 207478
20, 2060, 16, 205130, 207153
20, 2070, 16, 204845, 206063
20, 2080, 16, 204453, 207410
20, 2090, 16, 203754, 207878
20, 2100, 16, 203754, 205024
20, 2110, 16, 203679, 205355
20, 2120, 16, 203309, 205842
20, 2130, 16, 202103, 205292
20, 2140, 16, 202103, 206648
20, 2150, 16, 201979, 205864
20, 2160, 16, 201780, 203151
20, 2170, 16, 201122, 203547
20, 2180, 16, 200664, 203695
20, 2190, 16, 200466, 204255
20, 2200, 16, 200403, 200932
20, 2210, 16, 199680, 203094
20, 2220, 16, 199426, 202293
20, 2230, 16, 199426, 203445
20, 2240, 16, 198926, 201274
20, 2250, 16, 198665, 203455
20, 2260, 16, 198548, 200673
20, 2270, 16, 198519, 199241
20, 2280, 16, 197819, 198443
20, 2290, 16, 197510, 198909
20, 2300, 16, 195812, 199960
20, 2310, 16, 195129, 196757
20, 2320, 16, 194915, 197817
20, 2330, 16, 194751, 197430
20, 2340, 16, 194382, 197910
20, 2350, 16, 193609, 194989
20, 2360, 16, 193071, 194093
20, 2370, 16, 192502, 193727
20, 2380, 16, 192343, 195662
20, 2390, 16, 192128, 194158
20, 2400, 16, 191932, 194379
20, 2410, 16, 191879, 195521
20, 2420, 16, 191474, 194415
20, 2430, 16, 191075, 194700
20, 2440, 16, 190343, 191759
20, 2450, 16, 190033, 194563
20, 2460, 16, 190033, 192066
20, 2470, 16, 189612, 194265
20, 2480, 16, 189536, 190265
20, 2490, 16, 188776, 194009
20, 2500, 16, 188295, 191434
20, 2510, 16, 188295, 189841
20, 2520, 16, 187983, 191072
20, 2530, 16, 187503, 188799
20, 2540, 16, 186502, 188391
20, 2550, 16, 186502, 189737
20, 2560, 16, 186260, 188962
20, 2570, 16, 185719, 188729
20, 2580, 16, 184209, 188941
20, 2590, 16, 183823, 189270
20, 2600, 16, 183553, 188209
20, 2610, 16, 182576, 185584
20, 2620, 16, 182401, 184072
20, 2630, 16, 182401, 185902
20, 2640, 16, 182225, 183711
20, 2650, 16, 181269, 185964
20, 2660, 16, 180966, 181520
20, 2670, 16, 180950, 184116
20, 2680, 16, 180880, 182311
20, 2690, 16, 180449, 180761
20, 2700, 16, 180007, 181249
20, 2710, 16, 179623, 180785
20, 2720, 16, 179515, 180444
20, 2730, 16, 179291, 181247
20, 2740, 16, 179222, 179799
20, 2750, 16, 178628, 179430
20, 2760, 16, 178530, 179617
20, 2770, 16, 178393, 178530
20, 2780, 16, 178201, 179969
20, 2790, 16, 178005, 180300
20, 2800, 16, 177797, 179767
20, 2810, 16, 177592, 181241
20, 2820, 16, 176499, 178309
20, 2830, 16, 176452, 178030
20, 2840, 16, 176435, 178597
20, 2850, 16, 175903, 178127
20, 2860, 16, 175801, 178012
20, 2870, 16, 175660, 179370
20, 2880, 16, 175636, 178922
20, 2890, 16, 175573, 179751
20, 2900, 16, 175199, 177621
20, 2910, 16, 175120, 175937
20, 2920, 16, 174690, 179295
20, 2930, 16, 174177, 176825
20, 2940, 16, 173830, 174726
20, 2950, 16, 173818, 176001
20, 2960, 16, 173629, 175106
20, 2970, 16, 173278, 175260
20, 2980, 16, 173258, 175158
20, 2990, 16, 172876, 174049
20, 3000, 16, 172876, 174363
20, 3010, 16, 172876, 175746
20, 3020, 16, 172718, 173724
20, 3030, 16, 172718, 177625
20, 3040, 16, 172583, 172718
20, 3050, 16, 171910, 175352
20, 3060, 16, 171579, 174608
20, 3070, 16, 171520, 176490
20, 3080, 16, 171418, 175203
20, 3090, 16, 171418, 172902
20, 3100, 16, 170633, 175649
20, 3110, 16, 170633, 173877
20, 3120, 16, 170501, 171611
20, 3130, 16, 170089, 172817
20, 3140, 16, 170089, 170089
20, 3150, 16, 169994, 173263
20, 3160, 16, 169404, 170360
20, 3170, 16, 169117, 172100
20, 3180, 16, 169028, 169584
20, 3190, 16, 168654, 169569
20, 3200, 16, 168654, 171804
20, 3210, 16, 168437, 170782
20, 3220, 16, 168032, 169635
20, 3230, 16, 167865, 170688
20, 3240, 16, 167865, 171094
20, 3250, 16, 167689, 171320
20, 3260, 16, 167358, 168577
20, 3270, 16, 167293, 170164
20, 3280, 16, 166645, 167829
20, 3290, 16, 165266, 166666
20, 3300, 16, 165266, 167451
20, 3310, 16, 164981, 167511
20, 3320, 16, 164981, 171672
20, 3330, 16, 164854, 165292
20, 3340, 16, 164580, 168066
20, 3350, 16, 164489, 167539
20, 3360, 16, 163833, 164954
20, 3370, 16, 163833, 164907
20, 3380, 16, 163532, 163971
20, 3390, 16, 163532, 165729
20, 3400, 16, 162572, 165747
20, 3410, 16, 162547, 165879
20, 3420, 16, 162289, 162289
20, 3430, 16, 162189, 163670
20, 3440, 16, 162189, 162189
20, 3450, 16, 161558, 162189
20, 3460, 16, 160838, 163237
20, 3470, 16, 160617, 165629
20, 3480, 16, 160500, 165586
20, 3490, 16, 160500, 162416
20, 3500, 16, 159984, 159984
20, 3510, 16, 159758, 160635
20, 3520, 16, 159437, 161594
20, 3530, 16, 159424, 162028
20, 3540, 16, 158894, 161503
20, 3550, 16, 158894, 159181
20, 3560, 16, 158869, 160977
20, 3570, 16, 158406, 158562
20, 3580, 16, 158154, 160826
20, 3590, 16, 157699, 159707
20, 3600, 16, 157676, 158254
20, 3610, 16, 157565, 157676
20, 3620, 16, 157411, 161001
20, 3630, 16, 157163, 160276
20, 3640, 16, 156735, 161818
20, 3650, 16, 156534, 158186
20, 3660, 16, 156285, 160586
20, 3670, 16, 155983, 156296
20, 3680, 16, 155843, 160469
20, 3690, 16, 155396, 159014
20, 3700, 16, 155396, 158303
20, 3710, 16, 155396, 157272
20, 3720, 16, 155396, 156301
20, 3730, 16, 155109, 161169
20, 3740, 16, 154460, 156219
20, 3750, 16, 154254, 154680
20, 3760, 16, 154110, 158804
20, 3770, 16, 154093, 154423
20, 3780, 16, 153769, 156226
20, 3790, 16, 153326, 158335
20, 3800, 16, 153308, 154704
20, 3810, 16, 152802, 155348
20, 3820, 16, 152738, 156490
20, 3830, 16, 151804, 155078
20, 3840, 16, 151653, 151994
20, 3850, 16, 150939, 151804
20, 3860, 16, 150806, 153309
20, 3870, 16, 150488, 153185
20, 3880, 16, 150365, 155024
20, 3890, 16, 150284, 152692
20, 3900, 16, 150003, 152947
20, 3910, 16, 149293, 151444
20, 3920, 16, 149293, 151463
20, 3930, 16, 149054, 150079
20, 3940, 16, 148513, 148732
20, 3950, 16, 148054, 150471
20, 3960, 16, 148043, 149747
20, 3970, 16, 148043, 151476
20, 3980, 16, 148029, 149305
20, 3990, 16, 147835, 150832
20, 4000, 16, 147626, 151252
20, 4010, 16, 147330, 151443
20, 4020, 16, 147330, 151120
20, 4030, 16, 146867, 149035
20, 4040, 16, 146583, 148884
20, 4050, 16, 146285, 150138
20, 4060, 16, 146285, 147974
20, 4070, 16, 146285, 148492
20, 4080, 16, 146285, 146285
20, 4090, 16, 146285, 150627
20, 4100, 16, 146284, 147497
20, 4110, 16, 146036, 149504
20, 4120, 16, 145534, 147884
20, 4130, 16, 145534, 147610
20, 4140, 16, 145534, 146840
20, 4150, 16, 145527, 148073
20, 4160, 16, 145243, 145243
20, 4170, 16, 145236, 147086
20, 4180, 16, 145091, 145236
20, 4190, 16, 145062, 146495
20, 4200, 16, 145004, 145755
20, 4210, 16, 144992, 146971
20, 4220, 16, 144992, 145503
20, 4230, 16, 144652, 147300
20, 4240, 16, 144354, 145422
20, 4250, 16, 144335, 145140
20, 4260, 16, 144335, 144523
20, 4270, 16, 144335, 147223
20, 4280, 16, 144311, 144603
20, 4290, 16, 143966, 144901
20, 4300, 16, 143966, 146921
20, 4310, 16, 143902, 145518
20, 4320, 16, 143902, 147786
20, 4330, 16, 143499, 146521
20, 4340, 16, 143243, 144629
20, 4350, 16, 143175, 144280
20, 4360, 16, 143175, 146163
20, 4370, 16, 143009, 145114
20, 4380, 16, 143009, 144981
20, 4390, 16, 142836, 142988
20, 4400, 16, 142829, 142829
20, 4410, 16, 142276, 144549
20, 4420, 16, 142276, 142276
20, 4430, 16, 142193, 144789
20, 4440, 16, 141986, 144944
20, 4450, 16, 141867, 141986
20, 4460, 16, 141864, 144436
20, 4470, 16, 141864, 145853
20, 4480, 16, 141864, 143330
20, 4490, 16, 141842, 143802
20, 4500, 16, 141076, 141842
20, 4510, 16, 140978, 142301
20, 4520, 16, 140444, 142918
20, 4530, 16, 140370, 143876
20, 4540, 16, 140242, 141983
20, 4550, 16, 139615, 140981
20, 4560, 16, 139364, 142179
20, 4570, 16, 139298, 142163
20, 4580, 16, 139298, 142833
20, 4590, 16, 139298, 139697
20, 4600, 16, 139298, 144418
20, 4610, 16, 138685, 139890
20, 4620, 16, 137610, 139151
20, 4630, 16, 137610, 140980
20, 4640, 16, 137473, 137610
20, 4650, 16, 137473, 139092
20, 4660, 16, 137335, 139703
20, 4670, 16, 137007, 137335
20, 4680, 16, 137007, 138649
20, 4690, 16, 136935, 138186
20, 4700, 16, 136935, 137018
20, 4710, 16, 136790, 136935
20, 4720, 16, 136663, 136790
20, 4730, 16, 136663, 137428
20, 4740, 16, 136663, 139349
20, 4750, 16, 136580, 138325
20, 4760, 16, 136538, 138871
20, 4770, 16, 136501, 139580
20, 4780, 16, 135846, 140127
20, 4790, 16, 135735, 138445
20, 4800, 16, 135425, 138115
20, 4810, 16, 135425, 135741
20, 4820, 16, 135425, 135425
20, 4830, 16, 135425, 137085
20, 4840, 16, 135026, 135425
20, 4850, 16, 134335, 136176
20, 4860, 16, 134227, 135489
20, 4870, 16, 134227, 134227
20, 4880, 16, 133893, 137739
20, 4890, 16, 133521, 133521
20, 4900, 16, 133521, 136000
20, 4910, 16, 133397, 133397
20, 4920, 16, 133217, 133217
20, 4930, 16, 133123, 134419
20, 4940, 16, 133123, 136576
20, 4950, 16, 132672, 135442
20, 4960, 16, 132672, 132672
20, 4970, 16, 132665, 136845
20, 4980, 16, 132465, 134341
20, 4990, 16, 132465, 132465
20, 5000, 16, 132465, 133992
20, 5010, 16, 132382, 135748
20, 5020, 16, 132262, 133879
20, 5030, 16, 132066, 136304
20, 5040, 16, 131976, 131976
20, 5050, 16, 131975, 134017
20, 5060, 16, 131671, 131671
20, 5070, 16, 131621, 132121
20, 5080, 16, 131621, 133629
20, 5090, 16, 131621, 131965
20, 5100, 16, 131381, 135190
20, 5110, 16, 131325, 134884
20, 5120, 16, 131325, 133167
20, 5130, 16, 131325, 133805
20, 5140, 16, 131107, 134203
20, 5150, 16, 131107, 131107
20, 5160, 16, 130730, 131107
20, 5170, 16, 130730, 132124
20, 5180, 16, 130730, 132822
20, 5190, 16, 129440, 132428
20, 5200, 16, 129269, 132778
20, 5210, 16, 129269, 132520
20, 5220, 16, 129269, 132751
20, 5230, 16, 129233, 129269
20, 5240, 16, 129233, 131733
20, 5250, 16, 128497, 129554
20, 5260, 16, 128497, 128497
20, 5270, 16, 128365, 130609
20, 5280, 16, 128061, 129461
20, 5290, 16, 127769, 130927
20, 5300, 16, 127745, 130069
20, 5310, 16, 127736, 128353
20, 5320, 16, 127653, 129311
20, 5330, 16, 127653, 128359
20, 5340, 16, 127613, 130154
20, 5350, 16, 127407, 129170
20, 5360, 16, 126955, 126955
20, 5370, 16, 126955, 130014
20, 5380, 16, 126955, 128654
20, 5390, 16, 126955, 130992
20, 5400, 16, 126617, 131471
20, 5410, 16, 126583, 128283
20, 5420, 16, 125823, 127410
20, 5430, 16, 125657, 130573
20, 5440, 16, 125574, 126301
20, 5450, 16, 125574, 126507
20, 5460, 16, 125574, 125603
20, 5470, 16, 125188, 125574
20, 5480, 16, 125188, 125188
20, 5490, 16, 125188, 125918
20, 5500, 16, 125006, 125006
20, 5510, 16, 125006, 129668
20, 5520, 16, 124462, 126283
20, 5530, 16, 123669, 128632
20, 5540, 16, 123552, 124394
20, 5550, 16, 123420, 123962
20, 5560, 16, 123420, 125609
20, 5570, 16, 123420, 123988
20, 5580, 16, 122966, 123721
20, 5590, 16, 122907, 122966
20, 5600, 16, 122907, 124662
20, 5610, 16, 122907, 125677
20, 5620, 16, 122568, 122907
20, 5630, 16, 122016, 124094
20, 5640, 16, 122016, 122016
20, 5650, 16, 122016, 127437
20, 5660, 16, 121993, 123931
20, 5670, 16, 121900, 126137
20, 5680, 16, 121900, 121900
20, 5690, 16, 121900, 125689
20, 5700, 16, 121900, 121900
20, 5710, 16, 121782, 124764
20, 5720, 16, 121184, 121782
20, 5730, 16, 121184, 121184
20, 5740, 16, 121184, 124998
20, 5750, 16, 121184, 122003
20, 5760, 16, 121184, 124339
20, 5770, 16, 121184, 121184
20, 5780, 16, 121184, 121184
20, 5790, 16, 121184, 123368
20, 5800, 16, 121184, 122950
20, 5810, 16, 121184, 121430
20, 5820, 16, 120940, 122864
20, 5830, 16, 120940, 122107
20, 5840, 16, 120816, 122556
20, 5850, 16, 120531, 124276
20, 5860, 16, 120531, 123211
20, 5870, 16, 120531, 123083
20, 5880, 16, 120531, 120531
20, 5890, 16, 120531, 124279
20, 5900, 16, 120531, 120531
20, 5910, 16, 120531, 120661
20, 5920, 16, 120531, 122832
20, 5930, 16, 120531, 122065
20, 5940, 16, 120136, 120336
20, 5950, 16, 119933, 120136
20, 5960, 16, 119921, 121186
20, 5970, 16, 119921, 120689
20, 5980, 16, 118921, 123429
20, 5990, 16, 118921, 122659
20, 6000, 16, 118843, 121146
20, 6010, 16, 118843, 120977
20, 6020, 16, 118786, 121597
20, 6030, 16, 118777, 118777
20, 6040, 16, 118443, 122460
20, 6050, 16, 118443, 121937
20, 6060, 16, 118320, 120087
20, 6070, 16, 118155, 120651
20, 6080, 16, 118058, 120546
20, 6090, 16, 117751, 118798
20, 6100, 16, 117751, 122805
20, 6110, 16, 117614, 120437
20, 6120, 16, 117489, 117614
20, 6130, 16, 117489, 117489
20, 6140, 16, 117489, 117489
20, 6150, 16, 117489, 120056
20, 6160, 16, 117489, 121904
20, 6170, 16, 117489, 119003
20, 6180, 16, 117489, 118899
20, 6190, 16, 117080, 120139
20, 6200, 16, 116915, 120621
20, 6210, 16, 116915, 116915
20, 6220, 16, 115931, 118311
20, 6230, 16, 115757, 117691
20, 6240, 16, 115757, 118378
20, 6250, 16, 115529, 119266
20, 6260, 16, 115293, 116584
20, 6270, 16, 115293, 117513
20, 6280, 16, 115293, 116797
20, 6290, 16, 115293, 119352
20, 6300, 16, 115061, 117698
20, 6310, 16, 114757, 115061
20, 6320, 16, 114757, 114757
20, 6330, 16, 114626, 114626
20, 6340, 16, 114536, 119075
20, 6350, 16, 114536, 117637
20, 6360, 16, 114536, 115836
20, 6370, 16, 114536, 117710
20, 6380, 16, 114515, 117768
20, 6390, 16, 114423, 114515
20, 6400, 16, 114423, 114423
20, 6410, 16, 114423, 117071
20, 6420, 16, 114238, 115433
20, 6430, 16, 114238, 115559
20, 6440, 16, 114122, 115873
20, 6450, 16, 114122, 116332
20, 6460, 16, 114042, 114667
20, 6470, 16, 114042, 114490
20, 6480, 16, 114042, 115717
20, 6490, 16, 114042, 114042
20, 6500, 16, 113376, 116601
20, 6510, 16, 113376, 116651
20, 6520, 16, 113376, 115170
20, 6530, 16, 113215, 113376
20, 6540, 16, 113215, 113998
20, 6550, 16, 113092, 113092
20, 6560, 16, 113092, 116261
20, 6570, 16, 113083, 114334
20, 6580, 16, 113024, 113024
20, 6590, 16, 113024, 114358
20, 6600, 16, 113024, 116572
20, 6610, 16, 112941, 113080
20, 6620, 16, 112941, 114967
20, 6630, 16, 112909, 115344
20, 6640, 16, 112909, 112909
20, 6650, 16, 112741, 114380
20, 6660, 16, 112603, 112741
20, 6670, 16, 112603, 112603
20, 6680, 16, 112603, 112603
20, 6690, 16, 112603, 113176
20, 6700, 16, 112592, 114446
20, 6710, 16, 112592, 115670
20, 6720, 16, 112592, 112592
20, 6730, 16, 112476, 112592
20, 6740, 16, 112476, 112476
20, 6750, 16, 112476, 114840
20, 6760, 16, 112474, 115993
20, 6770, 16, 112474, 112474
20, 6780, 16, 112441, 114688
20, 6790, 16, 112226, 112226
20, 6800, 16, 112226, 113858
20, 6810, 16, 112226, 113977
20, 6820, 16, 112226, 112226
20, 6830, 16, 112226, 113982
20, 6840, 16, 112113, 115198
20, 6850, 16, 112073, 113873
20, 6860, 16, 111621, 112073
20, 6870, 16, 111621, 112038
20, 6880, 16, 111621, 113061
20, 6890, 16, 111233, 112596
20, 6900, 16, 111233, 113535
20, 6910, 16, 111233, 112894
20, 6920, 16, 111233, 111233
20, 6930, 16, 111233, 114185
20, 6940, 16, 111180, 113688
20, 6950, 16, 111180, 113353
20, 6960, 16, 111059, 114800
20, 6970, 16, 110319, 111696
20, 6980, 16, 110319, 111126
20, 6990, 16, 110136, 111785
20, 7000, 16, 110136, 110136
20, 7010, 16, 110117, 111795
20, 7020, 16, 110117, 112892
20, 7030, 16, 110117, 110461
20, 7040, 16, 109852, 110117
20, 7050, 16, 109562, 112422
20, 7060, 16, 109421, 109421
20, 7070, 16, 109387, 112189
20, 7080, 16, 109387, 111848
20, 7090, 16, 109387, 112710
20, 7100, 16, 109387, 112749
20, 7110, 16, 109008, 109387
20, 7120, 16, 108878, 111658
20, 7130, 16, 108878, 108878
20, 7140, 16, 108874, 111233
20, 7150, 16, 108816, 110322
20, 7160, 16, 108781, 108816
20, 7170, 16, 108369, 108581
20, 7180, 16, 108333, 112486
20, 7190, 16, 108299, 108299
20, 7200, 16, 108111, 108256
20, 7210, 16, 108111, 108111
20, 7220, 16, 107679, 108111
20, 7230, 16, 107679, 107679
20, 7240, 16, 107679, 109500
20, 7250, 16, 107679, 108364
20, 7260, 16, 107679, 107679
20, 7270, 16, 107679, 111338
20, 7280, 16, 107679, 107679
20, 7290, 16, 107679, 108359
20, 7300, 16, 107565, 111918
20, 7310, 16, 107565, 107565
20, 7320, 16, 107565, 107565
20, 7330, 16, 107318, 107565
20, 7340, 16, 107229, 109892
20, 7350, 16, 107229, 110311
20, 7360, 16, 107229, 107229
20, 7370, 16, 107229, 109389
20, 7380, 16, 107229, 110896
20, 7390, 16, 106852, 109182
20, 7400, 16, 106852, 108835
20, 7410, 16, 106813, 108308
20, 7420, 16, 106813, 106813
20, 7430, 16, 106813, 106838
20, 7440, 16, 106746, 109763
20, 7450, 16, 106746, 110052
20, 7460, 16, 106736, 107332
20, 7470, 16, 106736, 106736
20, 7480, 16, 106736, 109793
20, 7490, 16, 106679, 106679
20, 7500, 16, 106679, 108566
20, 7510, 16, 106679, 109397
20, 7520, 16, 106668, 106679
20, 7530, 16, 106528, 106528
20, 7540, 16, 106528, 106528
20, 7550, 16, 106528, 113026
20, 7560, 16, 106528, 108728
20, 7570, 16, 106528, 107430
20, 7580, 16, 106528, 108761
20, 7590, 16, 106495, 109730
20, 7600, 16, 106495, 106495
20, 7610, 16, 106435, 107373
20, 7620, 16, 106435, 106435
20, 7630, 16, 106435, 106700
20, 7640, 16, 106435, 107111
20, 7650, 16, 106267, 108001
20, 7660, 16, 106125, 108188
20, 7670, 16, 106125, 108816
20, 7680, 16, 105743, 106125
20, 7690, 16, 105743, 105743
20, 7700, 16, 105416, 105416
20, 7710, 16, 105416, 106604
20, 7720, 16, 105416, 108115
20, 7730, 16, 105416, 107297
20, 7740, 16, 105273, 105416
20, 7750, 16, 105250, 105273
20, 7760, 16, 105225, 105250
20, 7770, 16, 105225, 108133
20, 7780, 16, 105225, 106861
20, 7790, 16, 105213, 105225
20, 7800, 16, 105213, 106625
20, 7810, 16, 105213, 107795
20, 7820, 16, 105213, 105213
20, 7830, 16, 105213, 107775
20, 7840, 16, 105137, 107673
20, 7850, 16, 105137, 105137
20, 7860, 16, 105054, 107675
20, 7870, 16, 104913, 105862
20, 7880, 16, 104913, 106945
20, 7890, 16, 104788, 105912
20, 7900, 16, 104629, 104629
20, 7910, 16, 104629, 104629
20, 7920, 16, 104505, 104954
20, 7930, 16, 103608, 107054
20, 7940, 16, 103577, 103608
20, 7950, 16, 103571, 105504
20, 7960, 16, 103571, 103571
20, 7970, 16, 103571, 103571
20, 7980, 16, 103571, 103654
20, 7990, 16, 103571, 104306
20, 8000, 16, 103055, 103402
20, 8010, 16, 103055, 103055
20, 8020, 16, 102713, 104589
20, 8030, 16, 102713, 103194
20, 8040, 16, 102713, 104825
20, 8050, 16, 102713, 104793
20, 8060, 16, 102631, 103768
20, 8070, 16, 102629, 102631
20, 8080, 16, 102629, 107927
20, 8090, 16, 102629, 103864
20, 8100, 16, 102629, 102629
20, 8110, 16, 102629, 102629
20, 8120, 16, 102629, 104416
20, 8130, 16, 102629, 102629
20, 8140, 16, 102629, 105246
20, 8150, 16, 102550, 104991
20, 8160, 16, 102550, 107015
20, 8170, 16, 102550, 104573
20, 8180, 16, 102196, 102196
20, 8190, 16, 102196, 102196
20, 8200, 16, 102136, 102196
20, 8210, 16, 102097, 102136
20, 8220, 16, 102097, 102097
20, 8230, 16, 101859, 102097
20, 8240, 16, 101859, 101859
20, 8250, 16, 101828, 101828
20, 8260, 16, 101737, 104583
20, 8270, 16, 101737, 103180
20, 8280, 16, 101103, 101103
20, 8290, 16, 100768, 101103
20, 8300, 16, 100756, 100768
20, 8310, 16, 100756, 101551
20, 8320, 16, 100625, 101140
20, 8330, 16, 100560, 102079
20, 8340, 16, 100000, 100000
20, 8350, 16, 99871, 102510
20, 8360, 16, 99424, 99816
20, 8370, 16, 99290, 99424
20, 8380, 16, 99290, 100545
20, 8390, 16, 99270, 99270
20, 8400, 16, 98720, 98720
20, 8410, 16, 98720, 101597
20, 8420, 16, 98720, 99136
20, 8430, 16, 98720, 98720
20, 8440, 16, 98720, 100268
20, 8450, 16, 98720, 98720
20, 8460, 16, 98621, 98821
20, 8470, 16, 98611, 99873
20, 8480, 16, 98611, 98611
20, 8490, 16, 98611, 98611
20, 8500, 16, 98579, 98611
20, 8510, 16, 98579, 101186
20, 8520, 16, 98112, 101118
20, 8530, 16, 98098, 98112
20, 8540, 16, 98098, 99273
20, 8550, 16, 98098, 99975
20, 8560, 16, 98098, 98098
20, 8570, 16, 98098, 99887
20, 8580, 16, 98098, 100500
20, 8590, 16, 98098, 98098
20, 8600, 16, 98098, 98098
20, 8610, 16, 97990, 98098
20, 8620, 16, 97990, 100267
20, 8630, 16, 97990, 97990
20, 8640, 16, 97990, 97990
20, 8650, 16, 97990, 97990
20, 8660, 16, 97990, 99821
20, 8670, 16, 97797, 97990
20, 8680, 16, 97773, 99910
20, 8690, 16, 97773, 97773
20, 8700, 16, 97773, 97773
20, 8710, 16, 97773, 97773
20, 8720, 16, 97659, 97730
20, 8730, 16, 97659, 97659
20, 8740, 16, 97602, 100528
20, 8750, 16, 97543, 97602
20, 8760, 16, 97543, 97543
20, 8770, 16, 97543, 100203
20, 8780, 16, 97543, 100601
20, 8790, 16, 97529, 102160
20, 8800, 16, 97480, 97529
20, 8810, 16, 97386, 98237
20, 8820, 16, 97386, 97386
20, 8830, 16, 97386, 99663
20, 8840, 16, 97386, 97386
20, 8850, 16, 97386, 98690
20, 8860, 16, 97236, 97386
20, 8870, 16, 97178, 97236
20, 8880, 16, 97178, 98600
20, 8890, 16, 97178, 97178
20, 8900, 16, 97178, 97178
20, 8910, 16, 97178, 97787
20, 8920, 16, 97178, 97178
20, 8930, 16, 97178, 97178
20, 8940, 16, 97104, 100109
20, 8950, 16, 97104, 97104
20, 8960, 16, 97104, 97690
20, 8970, 16, 97104, 97104
20, 8980, 16, 97104, 97104
20, 8990, 16, 97053, 98165
20, 9000, 16, 97053, 97496
20, 9010, 16, 97053, 97053
20, 9020, 16, 97053, 98872
20, 9030, 16, 97053, 97878
20, 9040, 16, 97053, 97053
20, 9050, 16, 97053, 100326
20, 9060, 16, 97053, 97053
20, 9070, 16, 96797, 99339
20, 9080, 16, 96797, 98443
20, 9090, 16, 96797, 96797
20, 9100, 16, 96797, 99167
20, 9110, 16, 96757, 96757
20, 9120, 16, 96755, 98437
20, 9130, 16, 96755, 98055
20, 9140, 16, 96555, 100644
20, 9150, 16, 96327, 96327
20, 9160, 16, 96113, 99108
20, 9170, 16, 96051, 96113
20, 9180, 16, 95942, 96483
20, 9190, 16, 95942, 95942
20, 9200, 16, 95875, 95942
20, 9210, 16, 95875, 99762
20, 9220, 16, 95875, 96550
20, 9230, 16, 95875, 98838
20, 9240, 16, 95875, 98891
20, 9250, 16, 95875, 98979
20, 9260, 16, 95875, 98083
20, 9270, 16, 95774, 95875
20, 9280, 16, 95697, 95697
20, 9290, 16, 95697, 95697
20, 9300, 16, 95697, 96338
20, 9310, 16, 95553, 98725
20, 9320, 16, 95553, 95553
20, 9330, 16, 95553, 95553
20, 9340, 16, 95515, 98097
20, 9350, 16, 95515, 95515
20, 9360, 16, 95154, 95515
20, 9370, 16, 95154, 95154
20, 9380, 16, 95154, 95154
20, 9390, 16, 95154, 95154
20, 9400, 16, 94818, 94818
20, 9410, 16, 94818, 94818
20, 9420, 16, 94818, 94818
20, 9430, 16, 94818, 94818
20, 9440, 16, 94818, 95770
20, 9450, 16, 94818, 94818
20, 9460, 16, 94818, 94818
20, 9470, 16, 94817, 94817
20, 9480, 16, 94630, 97009
20, 9490, 16, 94630, 94630
20, 9500, 16, 94630, 94630
20, 9510, 16, 94630, 94630
20, 9520, 16, 94630, 95419
20, 9530, 16, 94630, 95320
20, 9540, 16, 94630, 98321
20, 9550, 16, 94630, 96663
20, 9560, 16, 94630, 98334
20, 9570, 16, 94630, 96543
20, 9580, 16, 94630, 94630
20, 9590, 16, 94630, 94630
20, 9600, 16, 94446, 94746
20, 9610, 16, 94446, 97971
20, 9620, 16, 94125, 94407
20, 9630, 16, 94125, 94125
20, 9640, 16, 94125, 94125
20, 9650, 16, 94125, 94125
20, 9660, 16, 94125, 94125
20, 9670, 16, 94125, 96559
20, 9680, 16, 93983, 95776
20, 9690, 16, 93983, 93983
20, 9700, 16, 93907, 93983
20, 9710, 16, 93907, 93907
20, 9720, 16, 93907, 94280
20, 9730, 16, 93907, 101977
20, 9740, 16, 93907, 94091
20, 9750, 16, 93842, 97058
20, 9760, 16, 93842, 98177
20, 9770, 16, 93842, 96197
20, 9780, 16, 93763, 94969
20, 9790, 16, 93763, 93763
20, 9800, 16, 93730, 94892
20, 9810, 16, 93684, 93730
20, 9820, 16, 93684, 95370
20, 9830, 16, 93571, 93684
20, 9840, 16, 93571, 93571
20, 9850, 16, 93571, 94119
20, 9860, 16, 93571, 93571
20, 9870, 16, 93530, 94467
20, 9880, 16, 93446, 93530
20, 9890, 16, 93067, 93108
20, 9900, 16, 93067, 93067
20, 9910, 16, 93067, 96180
20, 9920, 16, 93067, 93067
20, 9930, 16, 92973, 93067
20, 9940, 16, 92973, 92973
20, 9950, 16, 92973, 92973
20, 9960, 16, 92973, 92982
20, 9970, 16, 92973, 92973
20, 9980, 16, 92973, 93096
20, 9990, 16, 92973, 92973
20, 10000, 16, 92873, 92873
20, 10010, 16, 92873, 94808
20, 10020, 16, 92873, 92989
20, 10030, 16, 92873, 92873
20, 10040, 16, 92873, 94422
20, 10050, 16, 92873, 95826
20, 10060, 16, 92873, 92873
20, 10070, 16, 92873, 92873
20, 10080, 16, 92690, 95268
20, 10090, 16, 92690, 94722
20, 10100, 16, 92690, 94138
20, 10110, 16, 92690, 92690
20, 10120, 16, 92690, 92690
20, 10130, 16, 92690, 92690
20, 10140, 16, 92646, 92690
20, 10150, 16, 92628, 94358
20, 10160, 16, 92628, 92628
20, 10170, 16, 92441, 94620
20, 10180, 16, 92441, 92441
20, 10190, 16, 92441, 93407
20, 10200, 16, 92441, 95391
20, 10210, 16, 92441, 92441
20, 10220, 16, 92441, 96291
20, 10230, 16, 92441, 92718
20, 10240, 16, 92408, 92408
20, 10250, 16, 92408, 92408
20, 10260, 16, 92408, 94378
20, 10270, 16, 92334, 92334
20, 10280, 16, 92334, 94015
20, 10290, 16, 92302, 96984
20, 10300, 16, 92302, 92302
20, 10310, 16, 92302, 92302
20, 10320, 16, 92227, 92227
20, 10330, 16, 91963, 92227
20, 10340, 16, 91940, 92944
20, 10350, 16, 91770, 91940
20, 10360, 16, 91749, 91749
20, 10370, 16, 91749, 93243
20, 10380, 16, 91549, 91749
20, 10390, 16, 91549, 91549
20, 10400, 16, 91549, 93870
20, 10410, 16, 91549, 91549
20, 10420, 16, 91549, 91549
20, 10430, 16, 91549, 91549
20, 10440, 16, 91549, 92915
20, 10450, 16, 91549, 92323
20, 10460, 16, 91449, 93286
20, 10470, 16, 91449, 91449
20, 10480, 16, 91449, 93413
20, 10490, 16, 91449, 91449
20, 10500, 16, 91449, 93585
20, 10510, 16, 91407, 93959
20, 10520, 16, 91291, 91863
20, 10530, 16, 91291, 91291
20, 10540, 16, 91291, 91291
20, 10550, 16, 91291, 91291
20, 10560, 16, 91102, 91102
20, 10570, 16, 91087, 93267
20, 10580, 16, 91087, 91087
20, 10590, 16, 91087, 94129
20, 10600, 16, 91087, 91087
20, 10610, 16, 91087, 91087
20, 10620, 16, 91087, 91087
20, 10630, 16, 90950, 92099
20, 10640, 16, 90950, 90950
20, 10650, 16, 90867, 93186
20, 10660, 16, 90867, 90867
20, 10670, 16, 90867, 90867
20, 10680, 16, 90793, 93319
20, 10690, 16, 90793, 90793
20, 10700, 16, 90793, 92100
20, 10710, 16, 90793, 90793
20, 10720, 16, 90793, 90793
20, 10730, 16, 90793, 90793
20, 10740, 16, 90793, 90793
20, 10750, 16, 90793, 93942
20, 10760, 16, 90734, 90793
20, 10770, 16, 90666, 92311
20, 10780, 16, 90666, 90666
20, 10790, 16, 90666, 90666
20, 10800, 16, 90666, 90666
20, 10810, 16, 90666, 90666
20, 10820, 16, 90666, 90666
20, 10830, 16, 90666, 90666
20, 10840, 16, 90666, 90666
20, 10850, 16, 90666, 90666
20, 10860, 16, 90630, 94344
20, 10870, 16, 90630, 90630
20, 10880, 16, 90630, 90630
20, 10890, 16, 90630, 90630
20, 10900, 16, 90630, 90630
20, 10910, 16, 90630, 95227
20, 10920, 16, 90630, 91307
20, 10930, 16, 90617, 90630
20, 10940, 16, 90617, 91558
20, 10950, 16, 90617, 90617
20, 10960, 16, 90617, 90617
20, 10970, 16, 90617, 91636
20, 10980, 16, 90617, 94077
20, 10990, 16, 90617, 90617
20, 11000, 16, 90617, 90617
20, 11010, 16, 90617, 90617
20, 11020, 16, 90617, 91319
20, 11030, 16, 90617, 90617
20, 11040, 16, 90114, 90430
20, 11050, 16, 90114, 90114
20, 11060, 16, 90114, 90892
20, 11070, 16, 90114, 92730
20, 11080, 16, 90114, 90114
20, 11090, 16, 90086, 90086
20, 11100, 16, 90086, 90086
20, 11110, 16, 90086, 90086
20, 11120, 16, 89908, 90086
20, 11130, 16, 89908, 93138
20, 11140, 16, 89908, 90308
20, 11150, 16, 89891, 89891
20, 11160, 16, 89783, 89891
20, 11170, 16, 89754, 89783
20, 11180, 16, 89754, 89754
20, 11190, 16, 89747, 89754
20, 11200, 16, 89747, 89747
20, 11210, 16, 89747, 90664
20, 11220, 16, 89747, 91323
20, 11230, 16, 89747, 89747
20, 11240, 16, 89747, 89747
20, 11250, 16, 89747, 92193
20, 11260, 16, 89631, 89747
20, 11270, 16, 89631, 89631
20, 11280, 16, 89483, 94300
20, 11290, 16, 89483, 89483
20, 11300, 16, 89275, 89483
20, 11310, 16, 89275, 89275
20, 11320, 16, 89275, 89275
20, 11330, 16, 89275, 89275
20, 11340, 16, 89275, 89275
20, 11350, 16, 89275, 89275
20, 11360, 16, 89275, 90830
20, 11370, 16, 89275, 89275
20, 11380, 16, 89275, 89275
20, 11390, 16, 89275, 89275
20, 11400, 16, 89083, 89083
20, 11410, 16, 89083, 89083
20, 11420, 16, 88966, 88966
20, 11430, 16, 88966, 91246
20, 11440, 16, 88837, 88837
20, 11450, 16, 88837, 88837
20, 11460, 16, 88837, 89524
20, 11470, 16, 88837, 88837
20, 11480, 16, 88652, 91624
20, 11490, 16, 88652, 88652
20, 11500, 16, 88652, 88652
20, 11510, 16, 88652, 90253
20, 11520, 16, 88563, 88652
20, 11530, 16, 88563, 90652
20, 11540, 16, 88563, 89804
20, 11550, 16, 88563, 89313
20, 11560, 16, 88563, 92056
20, 11570, 16, 88563, 88563
20, 11580, 16, 88523, 90502
20, 11590, 16, 88523, 88523
20, 11600, 16, 88523, 88523
20, 11610, 16, 88523, 88523
20, 11620, 16, 88523, 89540
20, 11630, 16, 88509, 88523
20, 11640, 16, 88368, 88375
20, 11650, 16, 88368, 88368
20, 11660, 16, 88368, 88368
20, 11670, 16, 88368, 88368
20, 11680, 16, 88360, 91647
20, 11690, 16, 88360, 88360
20, 11700, 16, 88360, 88360
20, 11710, 16, 88360, 92462
20, 11720, 16, 88360, 88360
20, 11730, 16, 87857, 87857
20, 11740, 16, 87792, 87792
20, 11750, 16, 87792, 87792
20, 11760, 16, 87792, 87792
20, 11770, 16, 87792, 89924
20, 11780, 16, 87792, 87792
20, 11790, 16, 87792, 88441
20, 11800, 16, 87792, 87792
20, 11810, 16, 87792, 87792
20, 11820, 16, 87792, 87792
20, 11830, 16, 87534, 87534
20, 11840, 16, 87534, 87534
20, 11850, 16, 87534, 87534
20, 11860, 16, 87534, 87534
20, 11870, 16, 87534, 87534
20, 11880, 16, 87534, 87534
20, 11890, 16, 87534, 87534
20, 11900, 16, 87534, 91036
20, 11910, 16, 87532, 87534
20, 11920, 16, 87532, 87532
20, 11930, 16, 87492, 87532
20, 11940, 16, 87450, 91420
20, 11950, 16, 87450, 87450
20, 11960, 16, 87450, 88971
20, 11970, 16, 87450, 89450
20, 11980, 16, 87450, 87450
20, 11990, 16, 87450, 88450
20, 12000, 16, 87450, 88626
20, 12010, 16, 87450, 87450
20, 12020, 16, 87450, 87450
20, 12030, 16, 87450, 87450
20, 12040, 16, 87450, 87450
20, 12050, 16, 87450, 90022
20, 12060, 16, 87450, 87450
20, 12070, 16, 87450, 87450
20, 12080, 16, 87450, 87450
20, 12090, 16, 87450, 91349
20, 12100, 16, 87249, 88579
20, 12110, 16, 87249, 87249
20, 12120, 16, 87249, 87249
20, 12130, 16, 87249, 87249
20, 12140, 16, 87249, 87249
20, 12150, 16, 87249, 88778
20, 12160, 16, 87249, 87249
20, 12170, 16, 87249, 87249
20, 12180, 16, 87137, 87465
20, 12190, 16, 87121, 87137
20, 12200, 16, 87121, 87121
20, 12210, 16, 87121, 87121
20, 12220, 16, 87121, 87121
20, 12230, 16, 87121, 88001
20, 12240, 16, 87121, 87121
20, 12250, 16, 87121, 87121
20, 12260, 16, 87121, 87121
20, 12270, 16, 87121, 87121
20, 12280, 16, 87121, 87121
20, 12290, 16, 87121, 90341
20, 12300, 16, 87121, 88888
20, 12310, 16, 87121, 87121
20, 12320, 16, 87121, 87121
20, 12330, 16, 87121, 87121
20, 12340, 16, 87121, 87921
20, 12350, 16, 87121, 87121
20, 12360, 16, 87121, 87121
20, 12370, 16, 87121, 87121
20, 12380, 16, 87121, 87224
20, 12390, 16, 87121, 88859
20, 12400, 16, 87005, 87121
20, 12410, 16, 86922, 86922
20, 12420, 16, 86922, 86922
20, 12430, 16, 86922, 86922
20, 12440, 16, 86922, 86922
20, 12450, 16, 86922, 90723
20, 12460, 16, 86922, 86922
20, 12470, 16, 86922, 86922
20, 12480, 16, 86922, 86922
20, 12490, 16, 86922, 86922
20, 12500, 16, 86922, 86922
20, 12510, 16, 86907, 86922
20, 12520, 16, 86907, 86907
20, 12530, 16, 86907, 86907
20, 12540, 16, 86907, 88875
20, 12550, 16, 86907, 86907
20, 12560, 16, 86907, 90261
20, 12570, 16, 86907, 86907
20, 12580, 16, 86907, 86907
20, 12590, 16, 86763, 86763
20, 12600, 16, 86763, 86763
20, 12610, 16, 86763, 86763
20, 12620, 16, 86702, 86763
20, 12630, 16, 86702, 86702
20, 12640, 16, 86629, 86702
20, 12650, 16, 86571, 86629
20, 12660, 16, 86571, 86824
20, 12670, 16, 86571, 86571
20, 12680, 16, 86332, 86571
20, 12690, 16, 86332, 86332
20, 12700, 16, 86332, 86332
20, 12710, 16, 86332, 86332
20, 12720, 16, 86332, 86332
20, 12730, 16, 86332, 86332
20, 12740, 16, 86332, 86332
20, 12750, 16, 86332, 86332
20, 12760, 16, 86332, 86332
20, 12770, 16, 86332, 86332
20, 12780, 16, 86332, 86332
20, 12790, 16, 86332, 86332
20, 12800, 16, 86332, 86332
20, 12810, 16, 86328, 86328
20, 12820, 16, 86328, 86328
20, 12830, 16, 86328, 86328
20, 12840, 16, 86328, 86328
20, 12850, 16, 86321, 86321
20, 12860, 16, 86321, 86321
20, 12870, 16, 86321, 90605
20, 12880, 16, 86192, 86321
20, 12890, 16, 86192, 86192
20, 12900, 16, 86192, 86192
20, 12910, 16, 86192, 87188
20, 12920, 16, 86192, 86192
20, 12930, 16, 86192, 86192
20, 12940, 16, 86192, 86192
20, 12950, 16, 86192, 86192
20, 12960, 16, 86192, 86192
20, 12970, 16, 86192, 86192
20, 12980, 16, 86192, 86192
20, 12990, 16, 86192, 87852
20, 13000, 16, 86192, 88064
20, 13010, 16, 86192, 86192
20, 13020, 16, 86192, 86192
20, 13030, 16, 86192, 86192
20, 13040, 16, 86192, 86192
20, 13050, 16, 86192, 86192
20, 13060, 16, 86192, 86192
20, 13070, 16, 86192, 86192
20, 13080, 16, 86192, 86192
20, 13090, 16, 86192, 86192
20, 13100, 16, 86192, 86192
20, 13110, 16, 86192, 86192
20, 13120, 16, 86063, 86063
20, 13130, 16, 85941, 86063
20, 13140, 16, 85941, 85941
20, 13150, 16, 85941, 85941
20, 13160, 16, 85941, 85941
20, 13170, 16, 85941, 85941
20, 13180, 16, 85941, 85941
20, 13190, 16, 85708, 85708
20, 13200, 16, 85593, 87758
20, 13210, 16, 85566, 85566
20, 13220, 16, 85566, 85566
20, 13230, 16, 85566, 85566
20, 13240, 16, 85501, 85566
20, 13250, 16, 85501, 85501
20, 13260, 16, 85501, 85501
20, 13270, 16, 85501, 86013
20, 13280, 16, 85385, 85385
20, 13290, 16, 85385, 85385
20, 13300, 16, 85385, 85385
20, 13310, 16, 85385, 85385
20, 13320, 16, 85385, 87976
20, 13330, 16, 84897, 84897
20, 13340, 16, 84897, 85704
20, 13350, 16, 84897, 84897
20, 13360, 16, 84897, 84897
20, 13370, 16, 84897, 84897
20, 13380, 16, 84897, 84897
20, 13390, 16, 84897, 84897
20, 13400, 16, 84897, 89763
20, 13410, 16, 84897, 84897
20, 13420, 16, 84897, 85660
20, 13430, 16, 84897, 84897
20, 13440, 16, 84897, 84897
20, 13450, 16, 84815, 84815
20, 13460, 16, 84777, 84815
20, 13470, 16, 84777, 84777
20, 13480, 16, 84777, 87626
20, 13490, 16, 84777, 86512
20, 13500, 16, 84777, 84777
20, 13510, 16, 84777, 86039
20, 13520, 16, 84777, 84777
20, 13530, 16, 84777, 84777
20, 13540, 16, 84777, 84777
20, 13550, 16, 84777, 84777
20, 13560, 16, 84763, 85825
20, 13570, 16, 84763, 84763
20, 13580, 16, 84708, 84708
20, 13590, 16, 84708, 84708
20, 13600, 16, 84708, 84708
20, 13610, 16, 84708, 85964
20, 13620, 16, 84708, 84708
20, 13630, 16, 84708, 84708
20, 13640, 16, 84708, 84708
20, 13650, 16, 84708, 84708
20, 13660, 16, 84708, 89226
20, 13670, 16, 84708, 85517
20, 13680, 16, 84708, 84708
20, 13690, 16, 84708, 84708
20, 13700, 16, 84708, 84708
20, 13710, 16, 84708, 84708
20, 13720, 16, 84708, 84708
20, 13730, 16, 84708, 84708
20, 13740, 16, 84447, 84735
20, 13750, 16, 84447, 84447
20, 13760, 16, 84447, 84447
20, 13770, 16, 84447, 84447
20, 13780, 16, 84447, 84447
20, 13790, 16, 84414, 84447
20, 13800, 16, 84414, 84414
20, 13810, 16, 84414, 84414
20, 13820, 16, 84414, 84414
20, 13830, 16, 84414, 84414
20, 13840, 16, 84414, 84414
20, 13850, 16, 84414, 84414
20, 13860, 16, 84414, 84414
20, 13870, 16, 84414, 84414
20, 13880, 16, 84414, 84414
20, 13890, 16, 84351, 84351
20, 13900, 16, 84351, 86214
20, 13910, 16, 84351, 84351
20, 13920, 16, 84351, 84351
20, 13930, 16, 84351, 84351
20, 13940, 16, 84351, 84351
20, 13950, 16, 84351, 84351
20, 13960, 16, 84250, 86864
20, 13970, 16, 84250, 84250
20, 13980, 16, 84250, 84250
20, 13990, 16, 84250, 84250
20, 14000, 16, 84213, 84250
20, 14010, 16, 84123, 84123
20, 14020, 16, 84123, 84123
20, 14030, 16, 84123, 87737
20, 14040, 16, 84123, 84123
20, 14050, 16, 84123, 84123
20, 14060, 16, 84123, 84123
20, 14070, 16, 84123, 84123
20, 14080, 16, 84123, 88090
20, 14090, 16, 84123, 84123
20, 14100, 16, 84123, 84123
20, 14110, 16, 84123, 84123
20, 14120, 16, 84123, 84123
20, 14130, 16, 84123, 84123
20, 14140, 16, 84123, 84123
20, 14150, 16, 84123, 84123
20, 14160, 16, 83922, 84123
20, 14170, 16, 83922, 84342
20, 14180, 16, 83922, 85525
20, 14190, 16, 83922, 83922
20, 14200, 16, 83922, 83922
20, 14210, 16, 83922, 83922
20, 14220, 16, 83922, 83922
20, 14230, 16, 83922, 83922
20, 14240, 16, 83922, 83922
20, 14250, 16, 83922, 83922
20, 14260, 16, 83922, 83922
20, 14270, 16, 83722, 83922
20, 14280, 16, 83722, 85753
20, 14290, 16, 83722, 83722
20, 14300, 16, 83722, 83722
20, 14310, 16, 83722, 83722
20, 14320, 16, 83722, 83722
20, 14330, 16, 83722, 83722
20, 14340, 16, 83627, 83690
20, 14350, 16, 83627, 83627
20, 14360, 16, 83627, 83627
20, 14370, 16, 83627, 86430
20, 14380, 16, 83627, 86655
20, 14390, 16, 83627, 85671
20, 14400, 16, 83627, 85133
20, 14410, 16, 83619, 83619
20, 14420, 16, 83619, 86309
20, 14430, 16, 83619, 83619
20, 14440, 16, 83619, 83619
20, 14450, 16, 83615, 83615
20, 14460, 16, 83615, 83615
20, 14470, 16, 83615, 83615
20, 14480, 16, 83527, 83527
20, 14490, 16, 83527, 83527
20, 14500, 16, 83527, 83527
20, 14510, 16, 83527, 83527
20, 14520, 16, 83527, 83527
20, 14530, 16, 83393, 83393
20, 14540, 16, 83337, 83393
20, 14550, 16, 83337, 83337
20, 14560, 16, 83337, 83337
20, 14570, 16, 82770, 83279
20, 14580, 16, 82770, 82770
20, 14590, 16, 82770, 82770
20, 14600, 16, 82770, 82770
20, 14610, 16, 82770, 82770
20, 14620, 16, 82770, 82770
20, 14630, 16, 82770, 82770
20, 14640, 16, 82770, 82770
20, 14650, 16, 82770, 82770
20, 14660, 16, 82770, 82770
20, 14670, 16, 82770, 82770
20, 14680, 16, 82770, 82770
20, 14690, 16, 82770, 82770
20, 14700, 16, 82770, 85643
20, 14710, 16, 82770, 82770
20, 14720, 16, 82770, 82770
20, 14730, 16, 82770, 82770
20, 14740, 16, 82770, 82770
20, 14750, 16, 82770, 82770
20, 14760, 16, 82770, 82770
20, 14770, 16, 82748, 82770
20, 14780, 16, 82748, 82748
20, 14790, 16, 82748, 82748
20, 14800, 16, 82664, 82748
20, 14810, 16, 82664, 82664
20, 14820, 16, 82664, 83168
20, 14830, 16, 82664, 82664
20, 14840, 16, 82664, 82664
20, 14850, 16, 82664, 82664
20, 14860, 16, 82664, 82664
20, 14870, 16, 82664, 82664
20, 14880, 16, 82664, 82664
20, 14890, 16, 82664, 82664
20, 14900, 16, 82664, 82664
20, 14910, 16, 82664, 82664
20, 14920, 16, 82664, 82664
20, 14930, 16, 82664, 85076
20, 14940, 16, 82482, 83050
20, 14950, 16, 82482, 82482
20, 14960, 16, 82482, 82482
20, 14970, 16, 82348, 82482
20, 14980, 16, 82348, 82348
20, 14990, 16, 82348, 82348
20, 15000, 16, 82155, 82348
20, 15010, 16, 82155, 82155
20, 15020, 16, 82155, 82155
20, 15030, 16, 82155, 82155
20, 15040, 16, 82155, 85716
20, 15050, 16, 82155, 82155
20, 15060, 16, 82155, 82155
20, 15070, 16, 82155, 82155
20, 15080, 16, 82155, 82155
20, 15090, 16, 82155, 83000
20, 15100, 16, 82154, 82154
20, 15110, 16, 82154, 82154
20, 15120, 16, 82154, 82154
20, 15130, 16, 82154, 82154
20, 15140, 16, 82154, 82154
20, 15150, 16, 82154, 82154
20, 15160, 16, 82154, 82154
20, 15170, 16, 82154, 85181
20, 15180, 16, 82154, 82154
20, 15190, 16, 82154, 82154
20, 15200, 16, 82154, 82154
20, 15210, 16, 82154, 82154
20, 15220, 16, 82030, 82030
20, 15230, 16, 82030, 82030
20, 15240, 16, 82030, 82030
20, 15250, 16, 81976, 81976
20, 15260, 16, 81976, 86652
20, 15270, 16, 81976, 81976
20, 15280, 16, 81976, 81976
20, 15290, 16, 81976, 84002
20, 15300, 16, 81976, 81976
20, 15310, 16, 81976, 81976
20, 15320, 16, 81976, 81976
20, 15330, 16, 81976, 81976
20, 15340, 16, 81956, 81976
20, 15350, 16, 81956, 81956
20, 15360, 16, 81956, 81956
20, 15370, 16, 81856, 81856
20, 15380, 16, 81856, 81856
20, 15390, 16, 81856, 81856
20, 15400, 16, 81856, 81856
20, 15410, 16, 81856, 81856
20, 15420, 16, 81856, 82213
20, 15430, 16, 81856, 81856
20, 15440, 16, 81772, 81772
20, 15450, 16, 81772, 81772
20, 15460, 16, 81772, 81772
20, 15470, 16, 81772, 81772
20, 15480, 16, 81696, 81696
20, 15490, 16, 81674, 81674
20, 15500, 16, 81674, 81674
20, 15510, 16, 81626, 81626
20, 15520, 16, 81626, 81626
20, 15530, 16, 81626, 81626
20, 15540, 16, 81626, 81626
20, 15550, 16, 81626, 81626
20, 15560, 16, 81626, 81626
20, 15570, 16, 81384, 85467
20, 15580, 16, 81384, 81384
20, 15590, 16, 81384, 81384
20, 15600, 16, 81384, 81384
20, 15610, 16, 81384, 81384
20, 15620, 16, 81384, 81384
20, 15630, 16, 81384, 81384
20, 15640, 16, 81384, 81384
20, 15650, 16, 81366, 81384
20, 15660, 16, 81366, 81366
20, 15670, 16, 81366, 81366
20, 15680, 16, 81366, 84001
20, 15690, 16, 81366, 81366
20, 15700, 16, 81366, 81366
20, 15710, 16, 81366, 81366
20, 15720, 16, 81366, 81366
20, 15730, 16, 81366, 81366
20, 15740, 16, 81366, 81366
20, 15750, 16, 81366, 81366
20, 15760, 16, 81366, 81366
20, 15770, 16, 81366, 81366
20, 15780, 16, 81366, 81366
20, 15790, 16, 81366, 81366
20, 15800, 16, 81341, 81341
20, 15810, 16, 81341, 81341
20, 15820, 16, 81341, 81341
20, 15830, 16, 81341, 81341
20, 15840, 16, 81151, 81151
20, 15850, 16, 81151, 81151
20, 15860, 16, 81122, 81122
20, 15870, 16, 81122, 81547
20, 15880, 16, 81122, 84557
20, 15890, 16, 81122, 81122
20, 15900, 16, 81118, 81118
20, 15910, 16, 81118, 84400
20, 15920, 16, 81118, 81118
20, 15930, 16, 81083, 81083
20, 15940, 16, 81083, 81083
20, 15950, 16, 81083, 81083
20, 15960, 16, 81083, 81083
20, 15970, 16, 81083, 81083
20, 15980, 16, 81083, 81083
20, 15990, 16, 80991, 80991
20, 16000, 16, 80991, 80991
20, 16010, 16, 80991, 80991
20, 16020, 16, 80991, 80991
20, 16030, 16, 80991, 80991
20, 16040, 16, 80991, 80991
20, 16050, 16, 80991, 80991
20, 16060, 16, 80991, 80991
20, 16070, 16, 80991, 80991
20, 16080, 16, 80991, 80991
20, 16090, 16, 80991, 80991
20, 16100, 16, 80991, 80991
20, 16110, 16, 80991, 80991
20, 16120, 16, 80991, 80991
20, 16130, 16, 80991, 80991
20, 16140, 16, 80944, 80991
20, 16150, 16, 80944, 80944
20, 16160, 16, 80944, 80944
20, 16170, 16, 80935, 80944
20, 16180, 16, 80935, 82900
20, 16190, 16, 80935, 80935
20, 16200, 16, 80935, 80935
20, 16210, 16, 80935, 80935
20, 16220, 16, 80935, 80935
20, 16230, 16, 80935, 80935
20, 16240, 16, 80935, 80935
20, 16250, 16, 80935, 80935
20, 16260, 16, 80935, 80935
20, 16270, 16, 80935, 80935
20, 16280, 16, 80935, 83514
20, 16290, 16, 80935, 80935
20, 16300, 16, 80935, 80935
20, 16310, 16, 80935, 83342
20, 16320, 16, 80935, 80935
20, 16330, 16, 80935, 80935
20, 16340, 16, 80935, 80935
20, 16350, 16, 80935, 80935
20, 16360, 16, 80935, 80935
20, 16370, 16, 80935, 80935
20, 16380, 16, 80874, 80874
20, 16390, 16, 80655, 80655
20, 16400, 16, 80655, 80655
20, 16410, 16, 80655, 80655
20, 16420, 16, 80655, 83756
20, 16430, 16, 80655, 80655
20, 16440, 16, 80655, 80655
20, 16450, 16, 80655, 80655
20, 16460, 16, 80655, 80655
20, 16470, 16, 80655, 80655
20, 16480, 16, 80572, 80572
20, 16490, 16, 80572, 80572
20, 16500, 16, 80572, 80572
20, 16510, 16, 80572, 80572
20, 16520, 16, 80572, 80572
20, 16530, 16, 80572, 80572
20, 16540, 16, 80572, 80572
20, 16550, 16, 80572, 80572
20, 16560, 16, 80411, 80572
20, 16570, 16, 80411, 80411
20, 16580, 16, 80411, 80411
20, 16590, 16, 80411, 81559
20, 16600, 16, 80411, 80411
20, 16610, 16, 80411, 80411
20, 16620, 16, 80411, 80411
20, 16630, 16, 80411, 82357
20, 16640, 16, 80411, 80411
20, 16650, 16, 80411, 80411
20, 16660, 16, 80411, 80411
20, 16670, 16, 80411, 80411
20, 16680, 16, 80411, 80411
20, 16690, 16, 80411, 80411
20, 16700, 16, 80411, 80411
20, 16710, 16, 80411, 80411
20, 16720, 16, 80411, 80411
20, 16730, 16, 80411, 80411
20, 16740, 16, 80411, 80411
20, 16750, 16, 80386, 80386
20, 16760, 16, 80386, 83281
20, 16770, 16, 80386, 80386
20, 16780, 16, 80386, 80386
20, 16790, 16, 80386, 80386
20, 16800, 16, 80386, 80386
20, 16810, 16, 80197, 80197
20, 16820, 16, 80197, 80197
20, 16830, 16, 80197, 80197
20, 16840, 16, 80197, 80197
20, 16850, 16, 80197, 80197
20, 16860, 16, 80197, 80197
20, 16870, 16, 80197, 80197
20, 16880, 16, 80197, 80197
20, 16890, 16, 80197, 80197
20, 16900, 16, 80197, 80197
20, 16910, 16, 80197, 80197
20, 16920, 16, 80197, 80197
20, 16930, 16, 80197, 80197
20, 16940, 16, 80001, 80197
20, 16950, 16, 79866, 79866
20, 16960, 16, 79866, 79866
20, 16970, 16, 79866, 79866
20, 16980, 16, 79866, 79866
20, 16990, 16, 79866, 79866
20, 17000, 16, 79866, 79866
20, 17010, 16, 79866, 79866
20, 17020, 16, 79866, 79866
20, 17030, 16, 79866, 79866
20, 17040, 16, 79866, 80916
20, 17050, 16, 79866, 79866
20, 17060, 16, 79866, 79866
20, 17070, 16, 79866, 79866
20, 17080, 16, 79866, 79866
20, 17090, 16, 79866, 79866
20, 17100, 16, 79866, 79866
20, 17110, 16, 79866, 79866
20, 17120, 16, 79866, 79866
20, 17130, 16, 79866, 79866
20, 17140, 16, 79466, 79466
20, 17150, 16, 79448, 79466
20, 17160, 16, 79448, 82365
20, 17170, 16, 79448, 79448
20, 17180, 16, 79448, 79448
20, 17190, 16, 79187, 79448
20, 17200, 16, 79187, 79187
20, 17210, 16, 79187, 79187
20, 17220, 16, 79187, 79187
20, 17230, 16, 79187, 79187
20, 17240, 16, 79187, 79187
20, 17250, 16, 79187, 79187
20, 17260, 16, 79187, 79187
20, 17270, 16, 79187, 79187
20, 17280, 16, 79187, 79187
20, 17290, 16, 79187, 79187
20, 17300, 16, 79187, 79187
20, 17310, 16, 79187, 79187
20, 17320, 16, 79187, 79187
20, 17330, 16, 79187, 79187
20, 17340, 16, 79187, 79187
20, 17350, 16, 79187, 79187
20, 17360, 16, 79187, 79187
20, 17370, 16, 79187, 79187
20, 17380, 16, 79187, 79187
20, 17390, 16, 79187, 79187
20, 17400, 16, 79187, 79187
20, 17410, 16, 79187, 79187
20, 17420, 16, 79187, 79187
20, 17430, 16, 79187, 79187
20, 17440, 16, 79187, 79187
20, 17450, 16, 79187, 79187
20, 17460, 16, 79187, 79187
20, 17470, 16, 79096, 79117
20, 17480, 16, 79096, 79096
20, 17490, 16, 79096, 79096
20, 17500, 16, 78881, 79096
20, 17510, 16, 78791, 78791
20, 17520, 16, 78791, 78791
20, 17530, 16, 78791, 78791
20, 17540, 16, 78791, 78791
20, 17550, 16, 78791, 78791
20, 17560, 16, 78791, 78791
20, 17570, 16, 78791, 78791
20, 17580, 16, 78791, 78791
20, 17590, 16, 78627, 78791
20, 17600, 16, 78627, 78627
20, 17610, 16, 78627, 78627
20, 17620, 16, 78627, 78627
20, 17630, 16, 78627, 78627
20, 17640, 16, 78627, 78627
20, 17650, 16, 78627, 79373
20, 17660, 16, 78627, 78627
20, 17670, 16, 78627, 78627
20, 17680, 16, 78627, 78627
20, 17690, 16, 78627, 79227
20, 17700, 16, 78627, 78627
20, 17710, 16, 78627, 78627
20, 17720, 16, 78627, 78627
20, 17730, 16, 78627, 78627
20, 17740, 16, 78627, 78627
20, 17750, 16, 78627, 78627
20, 17760, 16, 78627, 78627
20, 17770, 16, 78627, 78627
20, 17780, 16, 78627, 78627
20, 17790, 16, 78627, 78627
20, 17800, 16, 78627, 78627
20, 17810, 16, 78627, 78627
20, 17820, 16, 78627, 78627
20, 17830, 16, 78627, 78627
20, 17840, 16, 78627, 78627
20, 17850, 16, 78627, 78627
20, 17860, 16, 78625, 78627
20, 17870, 16, 78625, 78625
20, 17880, 16, 78625, 78625
20, 17890, 16, 78625, 78625
20, 17900, 16, 78625, 78625
20, 17910, 16, 78625, 78625
20, 17920, 16, 78625, 78625
20, 17930, 16, 78625, 78625
20, 17940, 16, 78625, 78625
20, 17950, 16, 78625, 78625
20, 17960, 16, 78625, 78625
20, 17970, 16, 78625, 78625
20, 17980, 16, 78622, 78622
20, 17990, 16, 78622, 78622
20, 18000, 16, 78622, 78622
20, 18010, 16, 78622, 78622
20, 18020, 16, 78622, 78622
20, 18030, 16, 78622, 78622
20, 18040, 16, 78609, 78609
20, 18050, 16, 78609, 78609
20, 18060, 16, 78609, 78609
20, 18070, 16, 78609, 78609
20, 18080, 16, 78609, 78609
20, 18090, 16, 78338, 78431
20, 18100, 16, 78338, 78338
20, 18110, 16, 78338, 78338
20, 18120, 16, 78338, 78338
20, 18130, 16, 78259, 79183
20, 18140, 16, 78259, 78259
20, 18150, 16, 78259, 78259
20, 18160, 16, 78259, 78259
20, 18170, 16, 78259, 78259
20, 18180, 16, 78259, 78259
20, 18190, 16, 78259, 78259
20, 18200, 16, 78259, 78259
20, 18210, 16, 78259, 78259
20, 18220, 16, 78259, 78259
20, 18230, 16, 78259, 78259
20, 18240, 16, 78259, 78259
20, 18250, 16, 78259, 78259
20, 18260, 16, 78259, 78259
20, 18270, 16, 78259, 78259
20, 18280, 16, 78259, 78259
20, 18290, 16, 78259, 78259
20, 18300, 16, 78048, 78259
20, 18310, 16, 78048, 78048
20, 18320, 16, 78048, 78048
20, 18330, 16, 78048, 78048
20, 18340, 16, 78048, 78048
20, 18350, 16, 78048, 78048
20, 18360, 16, 78048, 78048
20, 18370, 16, 78048, 78048
20, 18380, 16, 78048, 78048
20, 18390, 16, 78048, 81044
20, 18400, 16, 78048, 78048
20, 18410, 16, 78048, 78048
20, 18420, 16, 78048, 78048
20, 18430, 16, 78048, 78048
20, 18440, 16, 78048, 78048
20, 18450, 16, 78048, 78048
20, 18460, 16, 78048, 78048
20, 18470, 16, 78048, 78048
20, 18480, 16, 78048, 78048
20, 18490, 16, 78048, 78048
20, 18500, 16, 77996, 77996
20, 18510, 16, 77996, 77996
20, 18520, 16, 77996, 77996
20, 18530, 16, 77996, 77996
20, 18540, 16, 77996, 77996
20, 18550, 16, 77996, 77996
20, 18560, 16, 77996, 77996
20, 18570, 16, 77996, 77996
20, 18580, 16, 77989, 77989
20, 18590, 16, 77989, 77989
20, 18600, 16, 77989, 77989
20, 18610, 16, 77989, 77989
20, 18620, 16, 77833, 77833
20, 18630, 16, 77633, 77633
20, 18640, 16, 77633, 77633
20, 18650, 16, 77633, 77633
20, 18660, 16, 77633, 78294
20, 18670, 16, 77633, 77633
20, 18680, 16, 77633, 77633
20, 18690, 16, 77633, 77633
20, 18700, 16, 77633, 77633
20, 18710, 16, 77633, 77633
20, 18720, 16, 77626, 77633
20, 18730, 16, 77626, 77626
20, 18740, 16, 77626, 77626
20, 18750, 16, 77626, 77626
20, 18760, 16, 77626, 77626
20, 18770, 16, 77626, 77626
20, 18780, 16, 77626, 77626
20, 18790, 16, 77626, 77626
20, 18800, 16, 77492, 77626
20, 18810, 16, 77492, 77492
20, 18820, 16, 77449, 77449
20, 18830, 16, 77449, 77449
20, 18840, 16, 77449, 77449
20, 18850, 16, 77449, 77449
20, 18860, 16, 77449, 77449
20, 18870, 16, 77449, 77449
20, 18880, 16, 77449, 77449
20, 18890, 16, 77449, 77449
20, 18900, 16, 77409, 77449
20, 18910, 16, 77409, 77409
20, 18920, 16, 77409, 77409
20, 18930, 16, 77409, 78229
20, 18940, 16, 77409, 77409
20, 18950, 16, 77409, 77409
20, 18960, 16, 77409, 77409
20, 18970, 16, 77371, 77409
20, 18980, 16, 77371, 77371
20, 18990, 16, 77371, 77371
20, 19000, 16, 77371, 77371
20, 19010, 16, 77371, 77371
20, 19020, 16, 77371, 77371
20, 19030, 16, 77371, 77371
20, 19040, 16, 77371, 77371
20, 19050, 16, 77371, 77371
20, 19060, 16, 77254, 77371
20, 19070, 16, 77254, 77254
20, 19080, 16, 77254, 77254
20, 19090, 16, 77182, 77254
20, 19100, 16, 77182, 77182
20, 19110, 16, 77182, 77182
20, 19120, 16, 77182, 77182
20, 19130, 16, 77182, 77182
20, 19140, 16, 77182, 77182
20, 19150, 16, 77182, 77182
20, 19160, 16, 77182, 77182
20, 19170, 16, 77182, 77182
20, 19180, 16, 77182, 77182
20, 19190, 16, 77182, 77182
20, 19200, 16, 77182, 77182
20, 19210, 16, 77182, 77182
20, 19220, 16, 77182, 77182
20, 19230, 16, 77182, 77182
20, 19240, 16, 77182, 77182
20, 19250, 16, 77090, 77090
20, 19260, 16, 77090, 77090
20, 19270, 16, 77090, 77090
20, 19280, 16, 77090, 77090
20, 19290, 16, 77090, 77090
20, 19300, 16, 77090, 77090
20, 19310, 16, 77090, 77090
20, 19320, 16, 77051, 77051
20, 19330, 16, 77051, 77051
20, 19340, 16, 77051, 77051
20, 19350, 16, 77051, 77051
20, 19360, 16, 77051, 77051
20, 19370, 16, 77051, 77051
20, 19380, 16, 77051, 77051
20, 19390, 16, 77051, 77051
20, 19400, 16, 77051, 77051
20, 19410, 16, 77051, 77051
20, 19420, 16, 77051, 77051
20, 19430, 16, 77051, 77051
20, 19440, 16, 77051, 77051
20, 19450, 16, 77051, 77051
20, 19460, 16, 77051, 77051
20, 19470, 16, 77051, 77051
20, 19480, 16, 77051, 77051
20, 19490, 16, 77051, 77051
20, 19500, 16, 77051, 77051
20, 19510, 16, 77051, 77051
20, 19520, 16, 77051, 77051
20, 19530, 16, 77051, 77051
20, 19540, 16, 77051, 77051
20, 19550, 16, 77051, 77051
20, 19560, 16, 77051, 77051
20, 19570, 16, 77051, 77051
20, 19580, 16, 77051, 77051
20, 19590, 16, 77051, 77051
20, 19600, 16, 77051, 77051
20, 19610, 16, 77051, 77051
20, 19620, 16, 77051, 77051
20, 19630, 16, 77051, 77051
20, 19640, 16, 77051, 77051
20, 19650, 16, 77051, 77051
20, 19660, 16, 77051, 77051
20, 19670, 16, 77051, 77051
20, 19680, 16, 77051, 77051
20, 19690, 16, 77033, 77033
20, 19700, 16, 77033, 77033
20, 19710, 16, 77033, 77033
20, 19720, 16, 77033, 77033
20, 19730, 16, 77033, 77033
20, 19740, 16, 77033, 77033
20, 19750, 16, 77033, 77033
20, 19760, 16, 77033, 77033
20, 19770, 16, 77033, 77033
20, 19780, 16, 77033, 77033
20, 19790, 16, 77033, 77033
20, 19800, 16, 77033, 77033
20, 19810, 16, 77033, 77033
20, 19820, 16, 77033, 77033
20, 19830, 16, 77033, 77033
20, 19840, 16, 77033, 77033
20, 19850, 16, 77033, 77033
20, 19860, 16, 77033, 77033
20, 19870, 16, 77033, 77033
20, 19880, 16, 77033, 78127
20, 19890, 16, 77033, 77033
20, 19900, 16, 77033, 77033
20, 19910, 16, 77033, 77033
20, 19920, 16, 77033, 77033
20, 19930, 16, 77033, 77033
20, 19940, 16, 77033, 77033
20, 19950, 16, 77033, 77033
20, 19960, 16, 76973, 77033
20, 19970, 16, 76973, 76973
20, 19980, 16, 76578, 76578
20, 19990, 16, 76578, 76578
