Population Size, Generation Count, Repetition, Best Fitness, Median Fitness
50, 0, 15, 726412, 769493
50, 10, 15, 689231, 704804
50, 20, 15, 672359, 677800
50, 30, 15, 650448, 660337
50, 40, 15, 629057, 633382
50, 50, 15, 613540, 619115
50, 60, 15, 599648, 605965
50, 70, 15, 585820, 592536
50, 80, 15, 571273, 575182
50, 90, 15, 561015, 565229
50, 100, 15, 549841, 557812
50, 110, 15, 539038, 543113
50, 120, 15, 531178, 534485
50, 130, 15, 520436, 526601
50, 140, 15, 513161, 519597
50, 150, 15, 504616, 511141
50, 160, 15, 497784, 502108
50, 170, 15, 489020, 494837
50, 180, 15, 477538, 486013
50, 190, 15, 469930, 474759
50, 200, 15, 466651, 469155
50, 210, 15, 459306, 462936
50, 220, 15, 454515, 456779
50, 230, 15, 447097, 452338
50, 240, 15, 442175, 445007
50, 250, 15, 437260, 440957
50, 260, 15, 432747, 437212
50, 270, 15, 426092, 429385
50, 280, 15, 421870, 424838
50, 290, 15, 418102, 421868
50, 300, 15, 413988, 419780
50, 310, 15, 406627, 410268
50, 320, 15, 403409, 406837
50, 330, 15, 399895, 403766
50, 340, 15, 396373, 399292
50, 350, 15, 391191, 394495
50, 360, 15, 388978, 390934
50, 370, 15, 383603, 387599
50, 380, 15, 381109, 384216
50, 390, 15, 378664, 381024
50, 400, 15, 376316, 377913
50, 410, 15, 372293, 377081
50, 420, 15, 367478, 370461
50, 430, 15, 364761, 369966
50, 440, 15, 361928, 364699
50, 450, 15, 359663, 364682
50, 460, 15, 355373, 358989
50, 470, 15, 350952, 353779
50, 480, 15, 349130, 352022
50, 490, 15, 346966, 349333
50, 500, 15, 343969, 347393
50, 510, 15, 341555, 345506
50, 520, 15, 337681, 343408
50, 530, 15, 334527, 337838
50, 540, 15, 332473, 334498
50, 550, 15, 330224, 333420
50, 560, 15, 327781, 330903
50, 570, 15, 324396, 326237
50, 580, 15, 322752, 324407
50, 590, 15, 320472, 324010
50, 600, 15, 317881, 321502
50, 610, 15, 315219, 319766
50, 620, 15, 311180, 316431
50, 630, 15, 310056, 312802
50, 640, 15, 307943, 310006
50, 650, 15, 305883, 308083
50, 660, 15, 303370, 306701
50, 670, 15, 299747, 302759
50, 680, 15, 298245, 301088
50, 690, 15, 296951, 299839
50, 700, 15, 295904, 297970
50, 710, 15, 294276, 296524
50, 720, 15, 293261, 296519
50, 730, 15, 290934, 293246
50, 740, 15, 289499, 291956
50, 750, 15, 286911, 291035
50, 760, 15, 284486, 288205
50, 770, 15, 282231, 284355
50, 780, 15, 280354, 283100
50, 790, 15, 278529, 280978
50, 800, 15, 276319, 279630
50, 810, 15, 275510, 277817
50, 820, 15, 272193, 276729
50, 830, 15, 270484, 273440
50, 840, 15, 269119, 273239
50, 850, 15, 266355, 268537
50, 860, 15, 265210, 267341
50, 870, 15, 264515, 266304
50, 880, 15, 263900, 266102
50, 890, 15, 262739, 265596
50, 900, 15, 261481, 264395
50, 910, 15, 258507, 262896
50, 920, 15, 255937, 258792
50, 930, 15, 255081, 256975
50, 940, 15, 253015, 255033
50, 950, 15, 252013, 255356
50, 960, 15, 250324, 253769
50, 970, 15, 249720, 251316
50, 980, 15, 248892, 252802
50, 990, 15, 247366, 249304
50, 1000, 15, 245552, 247698
50, 1010, 15, 245092, 247832
50, 1020, 15, 243599, 247570
50, 1030, 15, 241970, 245318
50, 1040, 15, 240241, 243474
50, 1050, 15, 238971, 241473
50, 1060, 15, 238416, 241526
50, 1070, 15, 238115, 240344
50, 1080, 15, 237481, 241161
50, 1090, 15, 236548, 240364
50, 1100, 15, 234993, 239620
50, 1110, 15, 234554, 236112
50, 1120, 15, 233626, 236740
50, 1130, 15, 232816, 235122
50, 1140, 15, 230337, 234689
50, 1150, 15, 229517, 232432
50, 1160, 15, 228141, 231256
50, 1170, 15, 227871, 230205
50, 1180, 15, 225964, 228872
50, 1190, 15, 224659, 227566
50, 1200, 15, 223708, 226885
50, 1210, 15, 222598, 224378
50, 1220, 15, 221149, 222545
50, 1230, 15, 219659, 221881
50, 1240, 15, 218712, 221433
50, 1250, 15, 218295, 220970
50, 1260, 15, 217825, 220881
50, 1270, 15, 216820, 219302
50, 1280, 15, 215331, 218402
50, 1290, 15, 214539, 216338
50, 1300, 15, 213960, 216172
50, 1310, 15, 213703, 216168
50, 1320, 15, 213533, 215418
50, 1330, 15, 212788, 215341
50, 1340, 15, 211907, 215021
50, 1350, 15, 210615, 212806
50, 1360, 15, 209866, 213787
50, 1370, 15, 209481, 213937
50, 1380, 15, 208374, 211554
50, 1390, 15, 207871, 209992
50, 1400, 15, 207055, 207871
50, 1410, 15, 206836, 209006
50, 1420, 15, 206204, 209128
50, 1430, 15, 205645, 208565
50, 1440, 15, 204989, 207313
50, 1450, 15, 204595, 207067
50, 1460, 15, 204167, 207536
50, 1470, 15, 203772, 205082
50, 1480, 15, 203282, 205732
50, 1490, 15, 202686, 205330
50, 1500, 15, 201985, 203042
50, 1510, 15, 201136, 205074
50, 1520, 15, 199934, 203629
50, 1530, 15, 199319, 203012
50, 1540, 15, 198074, 200795
50, 1550, 15, 197135, 199625
50, 1560, 15, 195630, 199559
50, 1570, 15, 194510, 196657
50, 1580, 15, 193649, 198021
50, 1590, 15, 192866, 197198
50, 1600, 15, 192360, 194216
50, 1610, 15, 191272, 192333
50, 1620, 15, 190821, 192547
50, 1630, 15, 190575, 193518
50, 1640, 15, 190196, 192846
50, 1650, 15, 189745, 191761
50, 1660, 15, 188983, 190335
50, 1670, 15, 187061, 189887
50, 1680, 15, 186515, 188770
50, 1690, 15, 186173, 187591
50, 1700, 15, 185004, 188020
50, 1710, 15, 184547, 187599
50, 1720, 15, 184268, 185805
50, 1730, 15, 183805, 186228
50, 1740, 15, 183671, 184305
50, 1750, 15, 183388, 186574
50, 1760, 15, 182836, 185103
50, 1770, 15, 182047, 184603
50, 1780, 15, 180182, 183873
50, 1790, 15, 179880, 183105
50, 1800, 15, 179489, 181414
50, 1810, 15, 178767, 181049
50, 1820, 15, 178337, 180305
50, 1830, 15, 177916, 181438
50, 1840, 15, 177487, 179403
50, 1850, 15, 177047, 179632
50, 1860, 15, 176868, 179589
50, 1870, 15, 176378, 178662
50, 1880, 15, 175859, 178873
50, 1890, 15, 175211, 179155
50, 1900, 15, 174828, 177422
50, 1910, 15, 174736, 175601
50, 1920, 15, 174560, 177122
50, 1930, 15, 174399, 177047
50, 1940, 15, 173826, 176489
50, 1950, 15, 173154, 175462
50, 1960, 15, 173123, 175667
50, 1970, 15, 172730, 174771
50, 1980, 15, 172184, 174466
50, 1990, 15, 171958, 173011
50, 2000, 15, 171020, 174468
50, 2010, 15, 170277, 173393
50, 2020, 15, 170068, 172459
50, 2030, 15, 169349, 172316
50, 2040, 15, 168637, 171168
50, 2050, 15, 167835, 170590
50, 2060, 15, 167759, 169132
50, 2070, 15, 166860, 168840
50, 2080, 15, 166100, 168933
50, 2090, 15, 165798, 168273
50, 2100, 15, 165449, 166885
50, 2110, 15, 165200, 166588
50, 2120, 15, 164535, 167346
50, 2130, 15, 164059, 166772
50, 2140, 15, 162928, 165060
50, 2150, 15, 162498, 164433
50, 2160, 15, 162234, 165755
50, 2170, 15, 161706, 163013
50, 2180, 15, 161698, 165449
50, 2190, 15, 161210, 163551
50, 2200, 15, 160912, 161547
50, 2210, 15, 160197, 164260
50, 2220, 15, 159275, 160163
50, 2230, 15, 159275, 163310
50, 2240, 15, 158296, 160959
50, 2250, 15, 157682, 160729
50, 2260, 15, 157430, 160711
50, 2270, 15, 157311, 161142
50, 2280, 15, 157311, 160623
50, 2290, 15, 156925, 157311
50, 2300, 15, 156870, 159486
50, 2310, 15, 156648, 159928
50, 2320, 15, 156246, 159107
50, 2330, 15, 155542, 158644
50, 2340, 15, 155126, 157723
50, 2350, 15, 154722, 157079
50, 2360, 15, 154312, 156424
50, 2370, 15, 154303, 157399
50, 2380, 15, 154154, 156359
50, 2390, 15, 153577, 156896
50, 2400, 15, 153577, 156082
50, 2410, 15, 153121, 155629
50, 2420, 15, 152989, 153121
50, 2430, 15, 152989, 155589
50, 2440, 15, 152945, 154925
50, 2450, 15, 152701, 154911
50, 2460, 15, 152286, 154952
50, 2470, 15, 150720, 154447
50, 2480, 15, 150334, 153144
50, 2490, 15, 150178, 152614
50, 2500, 15, 150115, 153128
50, 2510, 15, 149794, 151231
50, 2520, 15, 149794, 152013
50, 2530, 15, 149552, 152772
50, 2540, 15, 149430, 153876
50, 2550, 15, 148426, 152079
50, 2560, 15, 147972, 152147
50, 2570, 15, 147550, 149928
50, 2580, 15, 147349, 152084
50, 2590, 15, 146910, 149298
50, 2600, 15, 146734, 150116
50, 2610, 15, 145692, 149687
50, 2620, 15, 145503, 147340
50, 2630, 15, 145303, 147765
50, 2640, 15, 144430, 148089
50, 2650, 15, 144108, 147054
50, 2660, 15, 143929, 146621
50, 2670, 15, 143502, 146759
50, 2680, 15, 142970, 146701
50, 2690, 15, 142970, 144706
50, 2700, 15, 142611, 144948
50, 2710, 15, 142171, 144743
50, 2720, 15, 141591, 143993
50, 2730, 15, 141290, 144948
50, 2740, 15, 140825, 144933
50, 2750, 15, 140391, 142985
50, 2760, 15, 140191, 143108
50, 2770, 15, 140106, 143508
50, 2780, 15, 140088, 141562
50, 2790, 15, 139757, 141934
50, 2800, 15, 139582, 141104
50, 2810, 15, 139045, 141596
50, 2820, 15, 138716, 140819
50, 2830, 15, 138319, 140306
50, 2840, 15, 137848, 140296
50, 2850, 15, 137848, 141034
50, 2860, 15, 137848, 142223
50, 2870, 15, 137524, 139257
50, 2880, 15, 137208, 140879
50, 2890, 15, 137208, 139866
50, 2900, 15, 136811, 139399
50, 2910, 15, 136807, 139855
50, 2920, 15, 136087, 138682
50, 2930, 15, 135984, 138273
50, 2940, 15, 135584, 138121
50, 2950, 15, 135561, 139913
50, 2960, 15, 135310, 136275
50, 2970, 15, 135031, 136806
50, 2980, 15, 134762, 136377
50, 2990, 15, 134513, 137306
50, 3000, 15, 134341, 136218
50, 3010, 15, 133794, 136011
50, 3020, 15, 133186, 133794
50, 3030, 15, 132976, 135513
50, 3040, 15, 132745, 136054
50, 3050, 15, 132558, 136507
50, 3060, 15, 132558, 135584
50, 3070, 15, 132417, 136417
50, 3080, 15, 132220, 133181
50, 3090, 15, 131885, 134891
50, 3100, 15, 131497, 133169
50, 3110, 15, 131395, 132416
50, 3120, 15, 131375, 132065
50, 3130, 15, 131059, 133656
50, 3140, 15, 130901, 134109
50, 3150, 15, 130681, 133905
50, 3160, 15, 130172, 132676
50, 3170, 15, 129961, 132077
50, 3180, 15, 129961, 131761
50, 3190, 15, 129835, 132405
50, 3200, 15, 129598, 131625
50, 3210, 15, 129330, 131143
50, 3220, 15, 128973, 131588
50, 3230, 15, 128973, 131400
50, 3240, 15, 128973, 133835
50, 3250, 15, 128618, 130576
50, 3260, 15, 128394, 129910
50, 3270, 15, 127933, 129577
50, 3280, 15, 127772, 129767
50, 3290, 15, 127422, 130500
50, 3300, 15, 127216, 128924
50, 3310, 15, 126911, 131452
50, 3320, 15, 126766, 128928
50, 3330, 15, 126766, 128758
50, 3340, 15, 126766, 128723
50, 3350, 15, 126718, 130210
50, 3360, 15, 125743, 127862
50, 3370, 15, 125373, 128211
50, 3380, 15, 125181, 127440
50, 3390, 15, 124760, 126776
50, 3400, 15, 124725, 126667
50, 3410, 15, 124558, 127094
50, 3420, 15, 124328, 128117
50, 3430, 15, 124328, 125963
50, 3440, 15, 124130, 125003
50, 3450, 15, 123783, 125876
50, 3460, 15, 123692, 124604
50, 3470, 15, 123446, 125612
50, 3480, 15, 123117, 124143
50, 3490, 15, 123117, 125470
50, 3500, 15, 122851, 123745
50, 3510, 15, 122772, 125061
50, 3520, 15, 122772, 125081
50, 3530, 15, 122693, 125406
50, 3540, 15, 122621, 125043
50, 3550, 15, 121530, 124732
50, 3560, 15, 121283, 123239
50, 3570, 15, 120944, 122994
50, 3580, 15, 120944, 123716
50, 3590, 15, 120676, 122451
50, 3600, 15, 120619, 122888
50, 3610, 15, 120619, 120984
50, 3620, 15, 120619, 123717
50, 3630, 15, 120341, 122253
50, 3640, 15, 119690, 122380
50, 3650, 15, 119690, 122435
50, 3660, 15, 119617, 122289
50, 3670, 15, 119403, 122403
50, 3680, 15, 119115, 119254
50, 3690, 15, 118764, 122062
50, 3700, 15, 118629, 121109
50, 3710, 15, 118536, 120160
50, 3720, 15, 118369, 120498
50, 3730, 15, 117755, 119175
50, 3740, 15, 117497, 120605
50, 3750, 15, 117349, 119771
50, 3760, 15, 117309, 117993
50, 3770, 15, 117135, 118962
50, 3780, 15, 117081, 119402
50, 3790, 15, 117081, 119401
50, 3800, 15, 116749, 119008
50, 3810, 15, 116286, 118150
50, 3820, 15, 116286, 117446
50, 3830, 15, 116002, 118176
50, 3840, 15, 115966, 117773
50, 3850, 15, 115953, 117538
50, 3860, 15, 115638, 119413
50, 3870, 15, 115638, 117171
50, 3880, 15, 115590, 119539
50, 3890, 15, 115464, 118227
50, 3900, 15, 115404, 117692
50, 3910, 15, 115404, 118251
50, 3920, 15, 115001, 118727
50, 3930, 15, 114828, 116974
50, 3940, 15, 114433, 115164
50, 3950, 15, 114313, 115917
50, 3960, 15, 114284, 116184
50, 3970, 15, 114014, 116248
50, 3980, 15, 113464, 116321
50, 3990, 15, 113464, 115149
50, 4000, 15, 113457, 114846
50, 4010, 15, 112863, 113681
50, 4020, 15, 112732, 114613
50, 4030, 15, 112732, 112732
50, 4040, 15, 112662, 115276
50, 4050, 15, 112065, 112720
50, 4060, 15, 111552, 114877
50, 4070, 15, 111552, 111552
50, 4080, 15, 111552, 114356
50, 4090, 15, 111513, 111539
50, 4100, 15, 111334, 114251
50, 4110, 15, 111334, 114854
50, 4120, 15, 111334, 114545
50, 4130, 15, 111140, 113740
50, 4140, 15, 111118, 111140
50, 4150, 15, 111118, 111818
50, 4160, 15, 111118, 113558
50, 4170, 15, 110936, 113896
50, 4180, 15, 110819, 113141
50, 4190, 15, 110780, 111547
50, 4200, 15, 110635, 113426
50, 4210, 15, 110571, 110635
50, 4220, 15, 110557, 114435
50, 4230, 15, 110459, 112229
50, 4240, 15, 110277, 111989
50, 4250, 15, 110117, 112461
50, 4260, 15, 109933, 113708
50, 4270, 15, 109865, 110592
50, 4280, 15, 109865, 111863
50, 4290, 15, 109846, 110682
50, 4300, 15, 109765, 112392
50, 4310, 15, 109752, 113782
50, 4320, 15, 109478, 110753
50, 4330, 15, 109165, 111353
50, 4340, 15, 108991, 111546
50, 4350, 15, 108991, 108991
50, 4360, 15, 108876, 110496
50, 4370, 15, 108822, 111437
50, 4380, 15, 108656, 113160
50, 4390, 15, 108460, 108656
50, 4400, 15, 108307, 109847
50, 4410, 15, 108245, 109698
50, 4420, 15, 108192, 110193
50, 4430, 15, 108192, 110383
50, 4440, 15, 107846, 109744
50, 4450, 15, 107707, 107846
50, 4460, 15, 107401, 109632
50, 4470, 15, 107219, 108371
50, 4480, 15, 107219, 109218
50, 4490, 15, 106731, 109094
50, 4500, 15, 106616, 107591
50, 4510, 15, 106409, 109173
50, 4520, 15, 106409, 107851
50, 4530, 15, 106409, 106884
50, 4540, 15, 106326, 109284
50, 4550, 15, 106139, 108290
50, 4560, 15, 106121, 109397
50, 4570, 15, 106121, 107432
50, 4580, 15, 105886, 108618
50, 4590, 15, 105734, 108533
50, 4600, 15, 105701, 108000
50, 4610, 15, 104628, 107177
50, 4620, 15, 104628, 107143
50, 4630, 15, 104272, 104475
50, 4640, 15, 104157, 106629
50, 4650, 15, 104106, 105482
50, 4660, 15, 104106, 106329
50, 4670, 15, 104106, 106116
50, 4680, 15, 103803, 105254
50, 4690, 15, 103803, 105410
50, 4700, 15, 103706, 103706
50, 4710, 15, 103684, 105819
50, 4720, 15, 103656, 106706
50, 4730, 15, 103374, 104870
50, 4740, 15, 103374, 104615
50, 4750, 15, 103174, 106436
50, 4760, 15, 103058, 104258
50, 4770, 15, 103014, 104757
50, 4780, 15, 103014, 103014
50, 4790, 15, 102959, 105003
50, 4800, 15, 102959, 104362
50, 4810, 15, 102959, 103728
50, 4820, 15, 102945, 104908
50, 4830, 15, 102945, 106072
50, 4840, 15, 102806, 102945
50, 4850, 15, 102622, 102622
50, 4860, 15, 102618, 104849
50, 4870, 15, 102618, 105763
50, 4880, 15, 102175, 103732
50, 4890, 15, 101970, 103193
50, 4900, 15, 101945, 103475
50, 4910, 15, 101904, 104137
50, 4920, 15, 101904, 104251
50, 4930, 15, 101894, 102495
50, 4940, 15, 101866, 101894
50, 4950, 15, 101866, 101866
50, 4960, 15, 101619, 104208
50, 4970, 15, 101558, 103798
50, 4980, 15, 101482, 101558
50, 4990, 15, 101433, 102859
50, 5000, 15, 101281, 103278
50, 5010, 15, 101222, 102946
50, 5020, 15, 101164, 103020
50, 5030, 15, 101108, 103270
50, 5040, 15, 100747, 101532
50, 5050, 15, 100642, 103018
50, 5060, 15, 100017, 101997
50, 5070, 15, 100017, 101466
50, 5080, 15, 100017, 103210
50, 5090, 15, 99977, 102365
50, 5100, 15, 99733, 100498
50, 5110, 15, 99733, 99733
50, 5120, 15, 99733, 101529
50, 5130, 15, 99573, 100915
50, 5140, 15, 99453, 101259
50, 5150, 15, 99231, 100283
50, 5160, 15, 99231, 100437
50, 5170, 15, 99224, 100215
50, 5180, 15, 99209, 100417
50, 5190, 15, 99017, 101329
50, 5200, 15, 99017, 101024
50, 5210, 15, 98758, 99305
50, 5220, 15, 98648, 99268
50, 5230, 15, 98565, 99593
50, 5240, 15, 98547, 100999
50, 5250, 15, 98523, 101003
50, 5260, 15, 98523, 99695
50, 5270, 15, 98325, 98523
50, 5280, 15, 98325, 99873
50, 5290, 15, 98249, 98325
50, 5300, 15, 98043, 98300
50, 5310, 15, 98043, 98781
50, 5320, 15, 98043, 99029
50, 5330, 15, 98043, 102635
50, 5340, 15, 97950, 101321
50, 5350, 15, 97220, 98285
50, 5360, 15, 97070, 97802
50, 5370, 15, 96705, 98031
50, 5380, 15, 96605, 98578
50, 5390, 15, 96605, 99236
50, 5400, 15, 96605, 99329
50, 5410, 15, 96605, 98502
50, 5420, 15, 96605, 98909
50, 5430, 15, 96581, 98933
50, 5440, 15, 96428, 96428
50, 5450, 15, 96428, 100465
50, 5460, 15, 96428, 98695
50, 5470, 15, 96428, 97551
50, 5480, 15, 96386, 97500
50, 5490, 15, 96386, 97296
50, 5500, 15, 96242, 99722
50, 5510, 15, 96081, 97628
50, 5520, 15, 96081, 96788
50, 5530, 15, 96081, 96081
50, 5540, 15, 96081, 96081
50, 5550, 15, 96016, 96081
50, 5560, 15, 95857, 98324
50, 5570, 15, 95657, 96485
50, 5580, 15, 95541, 97573
50, 5590, 15, 95541, 95541
50, 5600, 15, 95534, 96928
50, 5610, 15, 95377, 96281
50, 5620, 15, 95066, 96707
50, 5630, 15, 94950, 95922
50, 5640, 15, 94658, 95859
50, 5650, 15, 94521, 96264
50, 5660, 15, 94397, 97331
50, 5670, 15, 94047, 96267
50, 5680, 15, 93922, 96646
50, 5690, 15, 93878, 95584
50, 5700, 15, 93613, 93878
50, 5710, 15, 93496, 95943
50, 5720, 15, 93496, 93496
50, 5730, 15, 93496, 95546
50, 5740, 15, 93492, 94874
50, 5750, 15, 93352, 95786
50, 5760, 15, 93328, 94480
50, 5770, 15, 93328, 96380
50, 5780, 15, 93204, 95320
50, 5790, 15, 93204, 93204
50, 5800, 15, 93118, 96642
50, 5810, 15, 92996, 94987
50, 5820, 15, 92996, 94255
50, 5830, 15, 92996, 93232
50, 5840, 15, 92886, 93871
50, 5850, 15, 92858, 93199
50, 5860, 15, 92830, 96535
50, 5870, 15, 92689, 94733
50, 5880, 15, 92573, 92713
50, 5890, 15, 92423, 96061
50, 5900, 15, 92423, 92688
50, 5910, 15, 92423, 92423
50, 5920, 15, 92368, 92423
50, 5930, 15, 92368, 94942
50, 5940, 15, 92284, 94890
50, 5950, 15, 92177, 92284
50, 5960, 15, 92177, 95790
50, 5970, 15, 92177, 94462
50, 5980, 15, 92177, 92177
50, 5990, 15, 92177, 93567
50, 6000, 15, 92175, 93375
50, 6010, 15, 92028, 92931
50, 6020, 15, 91750, 93587
50, 6030, 15, 91495, 93161
50, 6040, 15, 91495, 93464
50, 6050, 15, 91495, 93044
50, 6060, 15, 91218, 92297
50, 6070, 15, 91135, 92880
50, 6080, 15, 91135, 93049
50, 6090, 15, 91135, 91456
50, 6100, 15, 90953, 92660
50, 6110, 15, 90919, 91032
50, 6120, 15, 90919, 92365
50, 6130, 15, 90919, 92223
50, 6140, 15, 90677, 92756
50, 6150, 15, 90677, 91037
50, 6160, 15, 90115, 91688
50, 6170, 15, 90031, 90602
50, 6180, 15, 90021, 92883
50, 6190, 15, 90018, 92118
50, 6200, 15, 89964, 91519
50, 6210, 15, 89964, 90959
50, 6220, 15, 89905, 90899
50, 6230, 15, 89663, 89905
50, 6240, 15, 89663, 91905
50, 6250, 15, 89605, 90866
50, 6260, 15, 89498, 89605
50, 6270, 15, 89474, 91703
50, 6280, 15, 89474, 89474
50, 6290, 15, 89474, 92007
50, 6300, 15, 89287, 90490
50, 6310, 15, 89287, 89377
50, 6320, 15, 89171, 90869
50, 6330, 15, 88957, 91916
50, 6340, 15, 88940, 92619
50, 6350, 15, 88940, 90623
50, 6360, 15, 88935, 89322
50, 6370, 15, 88935, 90270
50, 6380, 15, 88880, 88935
50, 6390, 15, 88880, 89649
50, 6400, 15, 88802, 89123
50, 6410, 15, 88620, 91978
50, 6420, 15, 88549, 88549
50, 6430, 15, 88549, 89574
50, 6440, 15, 88549, 88549
50, 6450, 15, 88410, 89907
50, 6460, 15, 88395, 89572
50, 6470, 15, 88271, 91530
50, 6480, 15, 88184, 89611
50, 6490, 15, 88184, 88664
50, 6500, 15, 88124, 90887
50, 6510, 15, 88124, 88124
50, 6520, 15, 88124, 88124
50, 6530, 15, 88124, 88542
50, 6540, 15, 88080, 88124
50, 6550, 15, 87987, 90221
50, 6560, 15, 87987, 87987
50, 6570, 15, 87555, 89270
50, 6580, 15, 87384, 89860
50, 6590, 15, 87311, 88734
50, 6600, 15, 87289, 87311
50, 6610, 15, 87251, 87251
50, 6620, 15, 87214, 87251
50, 6630, 15, 87123, 87698
50, 6640, 15, 86947, 87288
50, 6650, 15, 86939, 90277
50, 6660, 15, 86939, 89327
50, 6670, 15, 86843, 87832
50, 6680, 15, 86843, 86843
50, 6690, 15, 86843, 87951
50, 6700, 15, 86843, 88093
50, 6710, 15, 86788, 90221
50, 6720, 15, 86788, 87774
50, 6730, 15, 86788, 88836
50, 6740, 15, 86704, 88130
50, 6750, 15, 86704, 87699
50, 6760, 15, 86671, 87341
50, 6770, 15, 86671, 89251
50, 6780, 15, 86405, 87136
50, 6790, 15, 86405, 87862
50, 6800, 15, 86405, 86942
50, 6810, 15, 86380, 87524
50, 6820, 15, 86335, 88629
50, 6830, 15, 86327, 86843
50, 6840, 15, 86327, 86327
50, 6850, 15, 86327, 86327
50, 6860, 15, 86327, 86327
50, 6870, 15, 86233, 86327
50, 6880, 15, 86167, 86903
50, 6890, 15, 86137, 89928
50, 6900, 15, 86083, 86137
50, 6910, 15, 86083, 87410
50, 6920, 15, 86012, 86523
50, 6930, 15, 86012, 88757
50, 6940, 15, 85972, 86012
50, 6950, 15, 85751, 88155
50, 6960, 15, 85675, 86648
50, 6970, 15, 85551, 85675
50, 6980, 15, 85369, 87029
50, 6990, 15, 85334, 85369
50, 7000, 15, 85195, 85334
50, 7010, 15, 85195, 87150
50, 7020, 15, 85195, 85195
50, 7030, 15, 85159, 88554
50, 7040, 15, 85076, 88973
50, 7050, 15, 85076, 86295
50, 7060, 15, 85025, 85076
50, 7070, 15, 84854, 86657
50, 7080, 15, 84571, 85259
50, 7090, 15, 84571, 85095
50, 7100, 15, 84476, 84774
50, 7110, 15, 84416, 85310
50, 7120, 15, 84416, 86352
50, 7130, 15, 84416, 85552
50, 7140, 15, 84416, 84416
50, 7150, 15, 84416, 86965
50, 7160, 15, 84375, 84416
50, 7170, 15, 84375, 85334
50, 7180, 15, 84190, 85003
50, 7190, 15, 84030, 84190
50, 7200, 15, 83935, 84636
50, 7210, 15, 83812, 83935
50, 7220, 15, 83667, 85697
50, 7230, 15, 83579, 83667
50, 7240, 15, 83311, 84583
50, 7250, 15, 83311, 86630
50, 7260, 15, 83311, 83987
50, 7270, 15, 83301, 84747
50, 7280, 15, 83301, 83311
50, 7290, 15, 83301, 83301
50, 7300, 15, 83301, 85100
50, 7310, 15, 83040, 83217
50, 7320, 15, 83040, 84402
50, 7330, 15, 83040, 83040
50, 7340, 15, 82998, 83756
50, 7350, 15, 82738, 82998
50, 7360, 15, 82738, 83746
50, 7370, 15, 82738, 82738
50, 7380, 15, 82649, 82656
50, 7390, 15, 82649, 85284
50, 7400, 15, 82615, 83215
50, 7410, 15, 82615, 84126
50, 7420, 15, 82557, 83656
50, 7430, 15, 82320, 82320
50, 7440, 15, 82320, 84106
50, 7450, 15, 82320, 82320
50, 7460, 15, 82283, 84856
50, 7470, 15, 82283, 82851
50, 7480, 15, 82283, 84413
50, 7490, 15, 82102, 82845
50, 7500, 15, 82102, 82102
50, 7510, 15, 81945, 82616
50, 7520, 15, 81945, 83604
50, 7530, 15, 81945, 83164
50, 7540, 15, 81843, 83027
50, 7550, 15, 81843, 84295
50, 7560, 15, 81843, 84221
50, 7570, 15, 81843, 83921
50, 7580, 15, 81843, 83349
50, 7590, 15, 81843, 83546
50, 7600, 15, 81719, 82563
50, 7610, 15, 81656, 82858
50, 7620, 15, 81649, 82314
50, 7630, 15, 81507, 83893
50, 7640, 15, 81424, 81507
50, 7650, 15, 81280, 82239
50, 7660, 15, 81131, 83008
50, 7670, 15, 81131, 82412
50, 7680, 15, 81131, 84424
50, 7690, 15, 81131, 82519
50, 7700, 15, 81131, 82573
50, 7710, 15, 81131, 81531
50, 7720, 15, 81131, 81807
50, 7730, 15, 81131, 82827
50, 7740, 15, 80869, 81246
50, 7750, 15, 80791, 80869
50, 7760, 15, 80791, 82602
50, 7770, 15, 80791, 82512
50, 7780, 15, 80791, 80966
50, 7790, 15, 80791, 81119
50, 7800, 15, 80791, 80791
50, 7810, 15, 80791, 80791
50, 7820, 15, 80675, 80675
50, 7830, 15, 80675, 81047
50, 7840, 15, 80631, 82725
50, 7850, 15, 80611, 81632
50, 7860, 15, 80562, 81992
50, 7870, 15, 80562, 81616
50, 7880, 15, 80367, 82219
50, 7890, 15, 80367, 81462
50, 7900, 15, 80326, 80326
50, 7910, 15, 80326, 80326
50, 7920, 15, 80326, 83081
50, 7930, 15, 80326, 80326
50, 7940, 15, 80259, 80326
50, 7950, 15, 80259, 80824
50, 7960, 15, 80180, 81275
50, 7970, 15, 80134, 80180
50, 7980, 15, 80111, 80134
50, 7990, 15, 80111, 80111
50, 8000, 15, 80111, 80111
50, 8010, 15, 80087, 82984
50, 8020, 15, 80087, 80087
50, 8030, 15, 80012, 81173
50, 8040, 15, 79953, 80012
50, 8050, 15, 79953, 80194
50, 8060, 15, 79953, 82362
50, 8070, 15, 79953, 79953
50, 8080, 15, 79953, 80773
50, 8090, 15, 79902, 79953
50, 8100, 15, 79872, 79872
50, 8110, 15, 79872, 81672
50, 8120, 15, 79872, 81467
50, 8130, 15, 79872, 80250
50, 8140, 15, 79872, 79872
50, 8150, 15, 79872, 79872
50, 8160, 15, 79798, 79872
50, 8170, 15, 79680, 80462
50, 8180, 15, 79680, 79680
50, 8190, 15, 79680, 79680
50, 8200, 15, 79680, 79680
50, 8210, 15, 79680, 80059
50, 8220, 15, 79680, 79680
50, 8230, 15, 79680, 79680
50, 8240, 15, 79628, 79628
50, 8250, 15, 79628, 81901
50, 8260, 15, 79479, 79628
50, 8270, 15, 79479, 79479
50, 8280, 15, 79479, 79878
50, 8290, 15, 79479, 79479
50, 8300, 15, 79321, 79479
50, 8310, 15, 79138, 79321
50, 8320, 15, 79138, 79138
50, 8330, 15, 79138, 80401
50, 8340, 15, 78855, 79138
50, 8350, 15, 78855, 80081
50, 8360, 15, 78855, 78855
50, 8370, 15, 78855, 78855
50, 8380, 15, 78855, 79721
50, 8390, 15, 78855, 81521
50, 8400, 15, 78855, 78855
50, 8410, 15, 78855, 79727
50, 8420, 15, 78855, 78855
50, 8430, 15, 78855, 78855
50, 8440, 15, 78855, 78855
50, 8450, 15, 78692, 78855
50, 8460, 15, 78633, 78692
50, 8470, 15, 78068, 78261
50, 8480, 15, 78068, 78910
50, 8490, 15, 78068, 78068
50, 8500, 15, 78050, 78068
50, 8510, 15, 78050, 78050
50, 8520, 15, 78050, 78855
50, 8530, 15, 78050, 78050
50, 8540, 15, 78050, 78050
50, 8550, 15, 77931, 78050
50, 8560, 15, 77931, 77931
50, 8570, 15, 77931, 79875
50, 8580, 15, 77931, 77931
50, 8590, 15, 77931, 79597
50, 8600, 15, 77931, 80345
50, 8610, 15, 77895, 80480
50, 8620, 15, 77895, 77895
50, 8630, 15, 77895, 77895
50, 8640, 15, 77895, 77895
50, 8650, 15, 77895, 77895
50, 8660, 15, 77895, 78702
50, 8670, 15, 77871, 77871
50, 8680, 15, 77871, 77994
50, 8690, 15, 77762, 77871
50, 8700, 15, 77661, 78458
50, 8710, 15, 77661, 77661
50, 8720, 15, 77580, 78677
50, 8730, 15, 77580, 77580
50, 8740, 15, 77425, 77425
50, 8750, 15, 77425, 77425
50, 8760, 15, 77425, 77425
50, 8770, 15, 77425, 78967
50, 8780, 15, 77425, 79012
50, 8790, 15, 77425, 77425
50, 8800, 15, 77425, 77425
50, 8810, 15, 77425, 77443
50, 8820, 15, 77102, 79897
50, 8830, 15, 77102, 77102
50, 8840, 15, 76965, 77102
50, 8850, 15, 76965, 78710
50, 8860, 15, 76965, 76965
50, 8870, 15, 76965, 76965
50, 8880, 15, 76965, 76965
50, 8890, 15, 76888, 76965
50, 8900, 15, 76834, 80445
50, 8910, 15, 76808, 77630
50, 8920, 15, 76808, 77800
50, 8930, 15, 76808, 78545
50, 8940, 15, 76765, 78152
50, 8950, 15, 76709, 76765
50, 8960, 15, 76677, 76709
50, 8970, 15, 76677, 76677
50, 8980, 15, 76677, 76677
50, 8990, 15, 76677, 76877
50, 9000, 15, 76277, 76277
50, 9010, 15, 76277, 76277
50, 9020, 15, 76277, 76277
50, 9030, 15, 76240, 77078
50, 9040, 15, 76240, 78053
50, 9050, 15, 76096, 78374
50, 9060, 15, 75937, 76096
50, 9070, 15, 75937, 75937
50, 9080, 15, 75937, 75937
50, 9090, 15, 75778, 75937
50, 9100, 15, 75730, 76150
50, 9110, 15, 75730, 77377
50, 9120, 15, 75730, 77130
50, 9130, 15, 75730, 75730
50, 9140, 15, 75716, 75730
50, 9150, 15, 75716, 75716
50, 9160, 15, 75716, 75716
50, 9170, 15, 75716, 77961
50, 9180, 15, 75414, 75414
50, 9190, 15, 75224, 77038
50, 9200, 15, 75224, 75224
50, 9210, 15, 75224, 75224
50, 9220, 15, 75202, 75224
50, 9230, 15, 75184, 75184
50, 9240, 15, 75181, 75181
50, 9250, 15, 75181, 75181
50, 9260, 15, 75181, 75181
50, 9270, 15, 75181, 75181
50, 9280, 15, 75161, 75181
50, 9290, 15, 75161, 75161
50, 9300, 15, 75135, 75161
50, 9310, 15, 75135, 76302
50, 9320, 15, 75135, 75635
50, 9330, 15, 75069, 76301
50, 9340, 15, 75069, 75069
50, 9350, 15, 75069, 75069
50, 9360, 15, 75046, 76164
50, 9370, 15, 75046, 75046
50, 9380, 15, 75042, 75763
50, 9390, 15, 75042, 75042
50, 9400, 15, 75042, 76280
50, 9410, 15, 75018, 76372
50, 9420, 15, 75018, 75018
50, 9430, 15, 75018, 75018
50, 9440, 15, 75006, 75018
50, 9450, 15, 75006, 75006
50, 9460, 15, 75006, 75006
50, 9470, 15, 75006, 75006
50, 9480, 15, 75006, 75969
50, 9490, 15, 75006, 75006
50, 9500, 15, 75006, 76547
50, 9510, 15, 75006, 75271
50, 9520, 15, 75006, 75006
50, 9530, 15, 75006, 75006
50, 9540, 15, 75006, 75006
50, 9550, 15, 75006, 75006
50, 9560, 15, 75006, 76082
50, 9570, 15, 74840, 75006
50, 9580, 15, 74775, 76137
50, 9590, 15, 74775, 74775
50, 9600, 15, 74657, 76228
50, 9610, 15, 74657, 74657
50, 9620, 15, 74657, 74657
50, 9630, 15, 74536, 76939
50, 9640, 15, 74489, 74536
50, 9650, 15, 74489, 77592
50, 9660, 15, 74489, 75454
50, 9670, 15, 74489, 74681
50, 9680, 15, 74489, 75947
50, 9690, 15, 74428, 75682
50, 9700, 15, 74428, 75107
50, 9710, 15, 74384, 75335
50, 9720, 15, 74268, 76751
50, 9730, 15, 74268, 74268
50, 9740, 15, 74268, 74268
50, 9750, 15, 74268, 74268
50, 9760, 15, 74268, 74268
50, 9770, 15, 74268, 74268
50, 9780, 15, 74268, 74268
50, 9790, 15, 74268, 74268
50, 9800, 15, 74226, 74268
50, 9810, 15, 74226, 74226
50, 9820, 15, 74226, 74226
50, 9830, 15, 74226, 75387
50, 9840, 15, 74226, 77105
50, 9850, 15, 74226, 74226
50, 9860, 15, 74226, 75115
50, 9870, 15, 74226, 74226
50, 9880, 15, 74054, 75018
50, 9890, 15, 74054, 75170
50, 9900, 15, 74054, 74054
50, 9910, 15, 74054, 74054
50, 9920, 15, 74054, 74054
50, 9930, 15, 74054, 74436
50, 9940, 15, 74054, 74054
50, 9950, 15, 73589, 75017
50, 9960, 15, 73454, 73472
50, 9970, 15, 73454, 73913
50, 9980, 15, 73321, 73321
50, 9990, 15, 73321, 73321
50, 10000, 15, 73238, 73321
50, 10010, 15, 73238, 74585
50, 10020, 15, 73238, 73926
50, 10030, 15, 73238, 74464
50, 10040, 15, 73238, 75591
50, 10050, 15, 73182, 73238
50, 10060, 15, 73182, 73182
50, 10070, 15, 72899, 73182
50, 10080, 15, 72899, 72899
50, 10090, 15, 72899, 72899
50, 10100, 15, 72899, 72899
50, 10110, 15, 72899, 72899
50, 10120, 15, 72899, 72899
50, 10130, 15, 72744, 72744
50, 10140, 15, 72744, 72744
50, 10150, 15, 72744, 72744
50, 10160, 15, 72744, 75249
50, 10170, 15, 72744, 72744
50, 10180, 15, 72744, 72744
50, 10190, 15, 72612, 72625
50, 10200, 15, 72612, 72612
50, 10210, 15, 72612, 73549
50, 10220, 15, 72440, 72557
50, 10230, 15, 72440, 72440
50, 10240, 15, 72440, 74262
50, 10250, 15, 72367, 72367
50, 10260, 15, 72331, 72367
50, 10270, 15, 72331, 72331
50, 10280, 15, 72331, 72331
50, 10290, 15, 72331, 72331
50, 10300, 15, 72331, 72331
50, 10310, 15, 72331, 72331
50, 10320, 15, 72331, 72331
50, 10330, 15, 72331, 72331
50, 10340, 15, 72331, 72331
50, 10350, 15, 72331, 72331
50, 10360, 15, 72194, 72331
50, 10370, 15, 72194, 72194
50, 10380, 15, 72194, 72194
50, 10390, 15, 72194, 72434
50, 10400, 15, 72120, 72194
50, 10410, 15, 71920, 72530
50, 10420, 15, 71858, 72948
50, 10430, 15, 71858, 73719
50, 10440, 15, 71667, 71858
50, 10450, 15, 71667, 71667
50, 10460, 15, 71667, 72484
50, 10470, 15, 71590, 71667
50, 10480, 15, 71590, 71590
50, 10490, 15, 71590, 71590
50, 10500, 15, 71590, 75216
50, 10510, 15, 71402, 71590
50, 10520, 15, 71402, 71402
50, 10530, 15, 71402, 72309
50, 10540, 15, 71360, 72760
50, 10550, 15, 71360, 71559
50, 10560, 15, 71360, 71360
50, 10570, 15, 71360, 71360
50, 10580, 15, 71360, 71360
50, 10590, 15, 71360, 71360
50, 10600, 15, 71360, 71360
50, 10610, 15, 71360, 71360
50, 10620, 15, 71360, 71360
50, 10630, 15, 71360, 71360
50, 10640, 15, 71360, 71360
50, 10650, 15, 71360, 72441
50, 10660, 15, 71360, 71360
50, 10670, 15, 71360, 71360
50, 10680, 15, 71360, 72763
50, 10690, 15, 71360, 71360
50, 10700, 15, 71360, 71360
50, 10710, 15, 71360, 71836
50, 10720, 15, 71360, 71360
50, 10730, 15, 71360, 72253
50, 10740, 15, 71360, 71360
50, 10750, 15, 71258, 71258
50, 10760, 15, 71258, 71258
50, 10770, 15, 71258, 71258
50, 10780, 15, 71258, 71258
50, 10790, 15, 71258, 71258
50, 10800, 15, 71089, 71258
50, 10810, 15, 71006, 71006
50, 10820, 15, 71006, 71006
50, 10830, 15, 71006, 71632
50, 10840, 15, 71006, 72997
50, 10850, 15, 71006, 71006
50, 10860, 15, 71006, 71322
50, 10870, 15, 70837, 72915
50, 10880, 15, 70837, 70837
50, 10890, 15, 70727, 70837
50, 10900, 15, 70710, 70727
50, 10910, 15, 70710, 71302
50, 10920, 15, 70569, 70669
50, 10930, 15, 70569, 70569
50, 10940, 15, 70569, 70569
50, 10950, 15, 70569, 70569
50, 10960, 15, 70569, 70944
50, 10970, 15, 70486, 70486
50, 10980, 15, 70486, 70486
50, 10990, 15, 70329, 72195
50, 11000, 15, 70273, 70273
50, 11010, 15, 70273, 70273
50, 11020, 15, 70020, 71662
50, 11030, 15, 70020, 70020
50, 11040, 15, 70020, 70020
50, 11050, 15, 69973, 69973
50, 11060, 15, 69973, 69973
50, 11070, 15, 69956, 69973
50, 11080, 15, 69956, 69956
50, 11090, 15, 69956, 69956
50, 11100, 15, 69956, 69956
50, 11110, 15, 69774, 69956
50, 11120, 15, 69774, 69774
50, 11130, 15, 69774, 69774
50, 11140, 15, 69774, 69774
50, 11150, 15, 69774, 69774
50, 11160, 15, 69703, 69703
50, 11170, 15, 69703, 69703
50, 11180, 15, 69703, 69703
50, 11190, 15, 69703, 72251
50, 11200, 15, 69474, 69703
50, 11210, 15, 69474, 70577
50, 11220, 15, 69446, 69474
50, 11230, 15, 69446, 69446
50, 11240, 15, 69446, 71408
50, 11250, 15, 69446, 70548
50, 11260, 15, 69446, 69446
50, 11270, 15, 69446, 69446
50, 11280, 15, 69446, 69446
50, 11290, 15, 69446, 69446
50, 11300, 15, 69446, 69446
50, 11310, 15, 69446, 69446
50, 11320, 15, 69446, 69446
50, 11330, 15, 69446, 70553
50, 11340, 15, 69345, 69446
50, 11350, 15, 69345, 69345
50, 11360, 15, 69345, 69395
50, 11370, 15, 69345, 69345
50, 11380, 15, 69345, 69345
50, 11390, 15, 69345, 69345
50, 11400, 15, 69345, 69345
50, 11410, 15, 69345, 69345
50, 11420, 15, 69345, 71323
50, 11430, 15, 69345, 69401
50, 11440, 15, 69345, 69345
50, 11450, 15, 69345, 69345
50, 11460, 15, 69345, 69345
50, 11470, 15, 69345, 69345
50, 11480, 15, 69263, 71329
50, 11490, 15, 69137, 69263
50, 11500, 15, 69137, 69137
50, 11510, 15, 68964, 69137
50, 11520, 15, 68964, 68964
50, 11530, 15, 68964, 70032
50, 11540, 15, 68964, 68964
50, 11550, 15, 68964, 68964
50, 11560, 15, 68964, 68964
50, 11570, 15, 68964, 68964
50, 11580, 15, 68964, 69600
50, 11590, 15, 68964, 68964
50, 11600, 15, 68885, 71658
50, 11610, 15, 68885, 68885
50, 11620, 15, 68885, 68885
50, 11630, 15, 68885, 70584
50, 11640, 15, 68885, 68885
50, 11650, 15, 68885, 68885
50, 11660, 15, 68856, 68885
50, 11670, 15, 68839, 68839
50, 11680, 15, 68839, 68839
50, 11690, 15, 68839, 68839
50, 11700, 15, 68839, 68839
50, 11710, 15, 68839, 68839
50, 11720, 15, 68741, 68839
50, 11730, 15, 68741, 68741
50, 11740, 15, 68741, 68741
50, 11750, 15, 68741, 68741
50, 11760, 15, 68741, 68741
50, 11770, 15, 68741, 68741
50, 11780, 15, 68659, 68741
50, 11790, 15, 68659, 68659
50, 11800, 15, 68638, 69600
50, 11810, 15, 68638, 68638
50, 11820, 15, 68638, 68638
50, 11830, 15, 68638, 68638
50, 11840, 15, 68638, 68638
50, 11850, 15, 68638, 68638
50, 11860, 15, 68638, 68638
50, 11870, 15, 68638, 68638
50, 11880, 15, 68638, 69746
50, 11890, 15, 68638, 68638
50, 11900, 15, 68638, 68638
50, 11910, 15, 68638, 68638
50, 11920, 15, 68528, 68638
50, 11930, 15, 68521, 68528
50, 11940, 15, 68521, 68521
50, 11950, 15, 68521, 68521
50, 11960, 15, 68470, 68470
50, 11970, 15, 68470, 68470
50, 11980, 15, 68391, 68466
50, 11990, 15, 68297, 68391
50, 12000, 15, 67897, 68297
50, 12010, 15, 67897, 67897
50, 12020, 15, 67897, 67897
50, 12030, 15, 67814, 67897
50, 12040, 15, 67814, 67814
50, 12050, 15, 67700, 67814
50, 12060, 15, 67700, 67700
50, 12070, 15, 67700, 67700
50, 12080, 15, 67700, 67700
50, 12090, 15, 67700, 67700
50, 12100, 15, 67700, 67700
50, 12110, 15, 67700, 67700
50, 12120, 15, 67685, 67685
50, 12130, 15, 67685, 67685
50, 12140, 15, 67601, 67601
50, 12150, 15, 67598, 67601
50, 12160, 15, 67598, 67598
50, 12170, 15, 67598, 70221
50, 12180, 15, 67598, 67598
50, 12190, 15, 67598, 67598
50, 12200, 15, 67598, 67598
50, 12210, 15, 67598, 67598
50, 12220, 15, 67598, 67598
50, 12230, 15, 67489, 67489
50, 12240, 15, 67489, 67489
50, 12250, 15, 67159, 67273
50, 12260, 15, 67159, 67159
50, 12270, 15, 67159, 67159
50, 12280, 15, 67159, 67159
50, 12290, 15, 67159, 67159
50, 12300, 15, 67159, 67159
50, 12310, 15, 67159, 67159
50, 12320, 15, 67159, 67159
50, 12330, 15, 67108, 67159
50, 12340, 15, 67108, 67108
50, 12350, 15, 67075, 67075
50, 12360, 15, 67075, 67075
50, 12370, 15, 67075, 67075
50, 12380, 15, 67075, 67075
50, 12390, 15, 67075, 67075
50, 12400, 15, 67075, 67075
50, 12410, 15, 67075, 67075
50, 12420, 15, 67075, 67075
50, 12430, 15, 67075, 67075
50, 12440, 15, 67075, 67075
50, 12450, 15, 67075, 67075
50, 12460, 15, 67052, 67052
50, 12470, 15, 67052, 67896
50, 12480, 15, 67052, 67052
50, 12490, 15, 67052, 69426
50, 12500, 15, 66970, 68349
50, 12510, 15, 66970, 66970
50, 12520, 15, 66970, 66970
50, 12530, 15, 66970, 66970
50, 12540, 15, 66952, 66952
50, 12550, 15, 66768, 66768
50, 12560, 15, 66768, 66768
50, 12570, 15, 66768, 66768
50, 12580, 15, 66768, 66768
50, 12590, 15, 66768, 66768
50, 12600, 15, 66768, 66768
50, 12610, 15, 66768, 68730
50, 12620, 15, 66768, 66768
50, 12630, 15, 66768, 66768
50, 12640, 15, 66768, 66768
50, 12650, 15, 66755, 66768
50, 12660, 15, 66727, 66755
50, 12670, 15, 66711, 66711
50, 12680, 15, 66711, 66711
50, 12690, 15, 66711, 66711
50, 12700, 15, 66711, 66711
50, 12710, 15, 66711, 66711
50, 12720, 15, 66711, 66711
50, 12730, 15, 66711, 66711
50, 12740, 15, 66711, 67530
50, 12750, 15, 66711, 66711
50, 12760, 15, 66711, 66711
50, 12770, 15, 66711, 66711
50, 12780, 15, 66467, 66711
50, 12790, 15, 66467, 66467
50, 12800, 15, 66467, 66824
50, 12810, 15, 66467, 66467
50, 12820, 15, 66467, 66467
50, 12830, 15, 66467, 66467
50, 12840, 15, 66343, 66343
50, 12850, 15, 66343, 66343
50, 12860, 15, 66343, 68793
50, 12870, 15, 66075, 66343
50, 12880, 15, 66075, 66075
50, 12890, 15, 66075, 66075
50, 12900, 15, 66075, 66075
50, 12910, 15, 66028, 66028
50, 12920, 15, 66028, 66028
50, 12930, 15, 66028, 68108
50, 12940, 15, 66014, 66014
50, 12950, 15, 65990, 65990
50, 12960, 15, 65990, 65990
50, 12970, 15, 65990, 65990
50, 12980, 15, 65990, 65990
50, 12990, 15, 65990, 65990
50, 13000, 15, 65990, 65990
50, 13010, 15, 65990, 65990
50, 13020, 15, 65941, 65990
50, 13030, 15, 65941, 65941
50, 13040, 15, 65941, 65941
50, 13050, 15, 65941, 65941
50, 13060, 15, 65941, 65941
50, 13070, 15, 65941, 65941
50, 13080, 15, 65941, 65941
50, 13090, 15, 65941, 65941
50, 13100, 15, 65941, 65941
50, 13110, 15, 65941, 65941
50, 13120, 15, 65941, 65941
50, 13130, 15, 65941, 65941
50, 13140, 15, 65941, 65941
50, 13150, 15, 65941, 65941
50, 13160, 15, 65941, 65941
50, 13170, 15, 65941, 65941
50, 13180, 15, 65941, 65941
50, 13190, 15, 65941, 65941
50, 13200, 15, 65941, 65941
50, 13210, 15, 65941, 65941
50, 13220, 15, 65941, 65941
50, 13230, 15, 65941, 65941
50, 13240, 15, 65941, 65941
50, 13250, 15, 65941, 65941
50, 13260, 15, 65941, 65941
50, 13270, 15, 65941, 65941
50, 13280, 15, 65941, 65941
50, 13290, 15, 65941, 65941
50, 13300, 15, 65941, 65941
50, 13310, 15, 65941, 66646
50, 13320, 15, 65941, 65941
50, 13330, 15, 65941, 65941
50, 13340, 15, 65941, 65941
50, 13350, 15, 65941, 65941
50, 13360, 15, 65941, 65941
50, 13370, 15, 65941, 65941
50, 13380, 15, 65941, 65941
50, 13390, 15, 65941, 65941
50, 13400, 15, 65941, 65941
50, 13410, 15, 65941, 65941
50, 13420, 15, 65941, 65941
50, 13430, 15, 65941, 65941
50, 13440, 15, 65941, 65941
50, 13450, 15, 65941, 65941
50, 13460, 15, 65934, 65941
50, 13470, 15, 65934, 65934
50, 13480, 15, 65934, 65934
50, 13490, 15, 65869, 65869
50, 13500, 15, 65869, 65869
50, 13510, 15, 65869, 65869
50, 13520, 15, 65869, 65869
50, 13530, 15, 65756, 65756
50, 13540, 15, 65756, 65756
50, 13550, 15, 65756, 65756
50, 13560, 15, 65756, 65756
50, 13570, 15, 65756, 65756
50, 13580, 15, 65756, 65756
50, 13590, 15, 65756, 65756
50, 13600, 15, 65756, 65756
50, 13610, 15, 65756, 67537
50, 13620, 15, 65751, 65756
50, 13630, 15, 65751, 65751
50, 13640, 15, 65751, 65751
50, 13650, 15, 65551, 65751
50, 13660, 15, 65551, 65551
50, 13670, 15, 65551, 65551
50, 13680, 15, 65551, 65551
50, 13690, 15, 65551, 65551
50, 13700, 15, 65551, 65551
50, 13710, 15, 65551, 65551
50, 13720, 15, 65522, 65522
50, 13730, 15, 65522, 65522
50, 13740, 15, 65522, 65522
50, 13750, 15, 65522, 65522
50, 13760, 15, 65522, 65522
50, 13770, 15, 65522, 65522
50, 13780, 15, 65522, 65522
50, 13790, 15, 65522, 65522
50, 13800, 15, 65522, 65522
50, 13810, 15, 65522, 65522
50, 13820, 15, 65522, 65522
50, 13830, 15, 65522, 65522
50, 13840, 15, 65522, 65522
50, 13850, 15, 65522, 65522
50, 13860, 15, 65522, 65522
50, 13870, 15, 65522, 65522
50, 13880, 15, 65522, 65522
50, 13890, 15, 65522, 65522
50, 13900, 15, 65522, 65522
50, 13910, 15, 65522, 65522
50, 13920, 15, 65522, 65522
50, 13930, 15, 65522, 65522
50, 13940, 15, 65522, 65522
50, 13950, 15, 65522, 65522
50, 13960, 15, 65522, 65522
50, 13970, 15, 65522, 65522
50, 13980, 15, 65490, 65490
50, 13990, 15, 65490, 65490
50, 14000, 15, 65490, 65490
50, 14010, 15, 65490, 65490
50, 14020, 15, 65490, 65490
50, 14030, 15, 65490, 65490
50, 14040, 15, 65490, 65490
50, 14050, 15, 65366, 65366
50, 14060, 15, 65366, 65366
50, 14070, 15, 65366, 65366
50, 14080, 15, 65366, 65366
50, 14090, 15, 65366, 65366
50, 14100, 15, 65366, 65366
50, 14110, 15, 65366, 65366
50, 14120, 15, 65366, 65366
50, 14130, 15, 65366, 65366
50, 14140, 15, 65366, 65366
50, 14150, 15, 65366, 65366
50, 14160, 15, 65366, 65366
50, 14170, 15, 65366, 65366
50, 14180, 15, 65366, 65366
50, 14190, 15, 65366, 65366
50, 14200, 15, 65366, 65366
50, 14210, 15, 65366, 65366
50, 14220, 15, 65366, 65366
50, 14230, 15, 65366, 65366
50, 14240, 15, 65366, 65366
50, 14250, 15, 65366, 65366
50, 14260, 15, 65366, 65366
50, 14270, 15, 65366, 65366
50, 14280, 15, 65366, 65366
50, 14290, 15, 65366, 65366
50, 14300, 15, 65366, 65366
50, 14310, 15, 65366, 65366
50, 14320, 15, 65366, 65366
50, 14330, 15, 65366, 65366
50, 14340, 15, 65366, 66098
50, 14350, 15, 65366, 65366
50, 14360, 15, 65366, 65366
50, 14370, 15, 65366, 67236
50, 14380, 15, 65366, 65366
50, 14390, 15, 65275, 65366
50, 14400, 15, 65228, 65275
50, 14410, 15, 65228, 65228
50, 14420, 15, 65228, 65228
50, 14430, 15, 65228, 65511
50, 14440, 15, 65228, 65228
50, 14450, 15, 65228, 65228
50, 14460, 15, 65092, 65228
50, 14470, 15, 65092, 65092
50, 14480, 15, 65004, 65092
50, 14490, 15, 64897, 64897
50, 14500, 15, 64887, 64897
50, 14510, 15, 64887, 64887
50, 14520, 15, 64804, 64887
50, 14530, 15, 64804, 64804
50, 14540, 15, 64804, 64804
50, 14550, 15, 64804, 64804
50, 14560, 15, 64804, 64804
50, 14570, 15, 64804, 64804
50, 14580, 15, 64804, 64804
50, 14590, 15, 64804, 64804
50, 14600, 15, 64804, 64804
50, 14610, 15, 64804, 64804
50, 14620, 15, 64804, 64804
50, 14630, 15, 64804, 64804
50, 14640, 15, 64804, 64804
50, 14650, 15, 64804, 64804
50, 14660, 15, 64804, 64804
50, 14670, 15, 64804, 64804
50, 14680, 15, 64804, 64804
50, 14690, 15, 64804, 64804
50, 14700, 15, 64804, 64804
50, 14710, 15, 64804, 64804
50, 14720, 15, 64804, 64804
50, 14730, 15, 64804, 64804
50, 14740, 15, 64804, 64804
50, 14750, 15, 64804, 64804
50, 14760, 15, 64804, 64804
50, 14770, 15, 64804, 64804
50, 14780, 15, 64804, 64804
50, 14790, 15, 64804, 64804
50, 14800, 15, 64804, 64804
50, 14810, 15, 64804, 64804
50, 14820, 15, 64804, 64804
50, 14830, 15, 64804, 64804
50, 14840, 15, 64804, 64804
50, 14850, 15, 64804, 64804
50, 14860, 15, 64804, 64804
50, 14870, 15, 64804, 64804
50, 14880, 15, 64804, 64804
50, 14890, 15, 64804, 64804
50, 14900, 15, 64804, 64804
50, 14910, 15, 64804, 64804
50, 14920, 15, 64804, 64804
50, 14930, 15, 64804, 64804
50, 14940, 15, 64804, 64804
50, 14950, 15, 64804, 64804
50, 14960, 15, 64555, 64555
50, 14970, 15, 64555, 64555
50, 14980, 15, 64555, 64555
50, 14990, 15, 64555, 64555
50, 15000, 15, 64555, 64555
50, 15010, 15, 64555, 64555
50, 15020, 15, 64543, 64555
50, 15030, 15, 64543, 64543
50, 15040, 15, 64543, 64543
50, 15050, 15, 64543, 64543
50, 15060, 15, 64543, 64543
50, 15070, 15, 64543, 64543
50, 15080, 15, 64543, 64543
50, 15090, 15, 64526, 64543
50, 15100, 15, 64401, 64526
50, 15110, 15, 64401, 64401
50, 15120, 15, 64401, 64401
50, 15130, 15, 64401, 64401
50, 15140, 15, 64401, 64401
50, 15150, 15, 64401, 64846
50, 15160, 15, 64401, 64401
50, 15170, 15, 64401, 64401
50, 15180, 15, 64401, 64401
50, 15190, 15, 64401, 64401
50, 15200, 15, 64401, 64401
50, 15210, 15, 64401, 64401
50, 15220, 15, 64401, 64401
50, 15230, 15, 64401, 64401
50, 15240, 15, 64401, 64401
50, 15250, 15, 64401, 64401
50, 15260, 15, 64401, 64401
50, 15270, 15, 64401, 64401
50, 15280, 15, 64401, 64401
50, 15290, 15, 64401, 64401
50, 15300, 15, 64401, 64401
50, 15310, 15, 64401, 64401
50, 15320, 15, 64401, 64401
50, 15330, 15, 64401, 64401
50, 15340, 15, 64401, 64401
50, 15350, 15, 64342, 64401
50, 15360, 15, 64342, 64342
50, 15370, 15, 64342, 64342
50, 15380, 15, 64342, 64342
50, 15390, 15, 64342, 64342
50, 15400, 15, 64342, 64342
50, 15410, 15, 64342, 64342
50, 15420, 15, 64342, 64342
50, 15430, 15, 64342, 64342
50, 15440, 15, 64342, 64342
50, 15450, 15, 64342, 64342
50, 15460, 15, 64342, 64342
50, 15470, 15, 64342, 64342
50, 15480, 15, 64342, 64342
50, 15490, 15, 64342, 64342
50, 15500, 15, 64342, 64342
50, 15510, 15, 64342, 64342
50, 15520, 15, 64342, 64342
50, 15530, 15, 64342, 64342
50, 15540, 15, 64342, 64342
50, 15550, 15, 64342, 64342
50, 15560, 15, 64342, 64342
50, 15570, 15, 64342, 64342
50, 15580, 15, 64333, 64333
50, 15590, 15, 64333, 64333
50, 15600, 15, 64333, 64333
50, 15610, 15, 64333, 64333
50, 15620, 15, 64333, 64333
50, 15630, 15, 64333, 64333
50, 15640, 15, 64201, 64333
50, 15650, 15, 64201, 64201
50, 15660, 15, 64201, 64201
50, 15670, 15, 64201, 64201
50, 15680, 15, 64201, 64201
50, 15690, 15, 64143, 64143
50, 15700, 15, 64143, 64143
50, 15710, 15, 64143, 64143
50, 15720, 15, 64143, 64143
50, 15730, 15, 64143, 64143
50, 15740, 15, 64143, 64143
50, 15750, 15, 64143, 64143
50, 15760, 15, 64143, 64143
50, 15770, 15, 64143, 64143
50, 15780, 15, 64143, 64143
50, 15790, 15, 64143, 64143
50, 15800, 15, 64143, 64143
50, 15810, 15, 64143, 64143
50, 15820, 15, 64084, 64084
50, 15830, 15, 64084, 64084
50, 15840, 15, 64084, 64084
50, 15850, 15, 64084, 64084
50, 15860, 15, 64084, 64084
50, 15870, 15, 64084, 64084
50, 15880, 15, 64084, 64084
50, 15890, 15, 64084, 64084
50, 15900, 15, 64082, 64084
50, 15910, 15, 64082, 64082
50, 15920, 15, 64082, 64082
50, 15930, 15, 64082, 64082
50, 15940, 15, 64082, 64082
50, 15950, 15, 64082, 64082
50, 15960, 15, 64082, 64082
50, 15970, 15, 64082, 64082
50, 15980, 15, 64082, 64082
50, 15990, 15, 64082, 64082
50, 16000, 15, 64082, 64082
50, 16010, 15, 64026, 64026
50, 16020, 15, 64026, 64026
50, 16030, 15, 64026, 64026
50, 16040, 15, 64026, 64026
50, 16050, 15, 64026, 64026
50, 16060, 15, 64026, 64026
50, 16070, 15, 64026, 64026
50, 16080, 15, 64026, 64026
50, 16090, 15, 64026, 64026
50, 16100, 15, 64026, 64026
50, 16110, 15, 64026, 64026
50, 16120, 15, 64026, 64026
50, 16130, 15, 64026, 64026
50, 16140, 15, 63892, 63892
50, 16150, 15, 63892, 63892
50, 16160, 15, 63892, 63892
50, 16170, 15, 63892, 63892
50, 16180, 15, 63892, 63892
50, 16190, 15, 63892, 63892
50, 16200, 15, 63892, 63892
50, 16210, 15, 63892, 63892
50, 16220, 15, 63892, 63892
50, 16230, 15, 63892, 63892
50, 16240, 15, 63892, 63892
50, 16250, 15, 63810, 63892
50, 16260, 15, 63810, 63810
50, 16270, 15, 63810, 63810
50, 16280, 15, 63721, 63721
50, 16290, 15, 63721, 63721
50, 16300, 15, 63721, 63721
50, 16310, 15, 63721, 63721
50, 16320, 15, 63703, 63721
50, 16330, 15, 63703, 63703
50, 16340, 15, 63703, 63703
50, 16350, 15, 63703, 63703
50, 16360, 15, 63703, 63703
50, 16370, 15, 63703, 63703
50, 16380, 15, 63703, 63703
50, 16390, 15, 63703, 63703
50, 16400, 15, 63703, 63703
50, 16410, 15, 63703, 63703
50, 16420, 15, 63703, 63703
50, 16430, 15, 63703, 63703
50, 16440, 15, 63703, 63703
50, 16450, 15, 63703, 63703
50, 16460, 15, 63703, 63703
50, 16470, 15, 63703, 63703
50, 16480, 15, 63703, 63703
50, 16490, 15, 63703, 63703
50, 16500, 15, 63703, 63703
50, 16510, 15, 63703, 63703
50, 16520, 15, 63703, 63703
50, 16530, 15, 63703, 63703
50, 16540, 15, 63703, 63703
50, 16550, 15, 63703, 63703
50, 16560, 15, 63703, 63703
50, 16570, 15, 63703, 63703
50, 16580, 15, 63703, 63703
50, 16590, 15, 63703, 63703
50, 16600, 15, 63703, 63703
50, 16610, 15, 63703, 63703
50, 16620, 15, 63703, 63703
50, 16630, 15, 63703, 63703
50, 16640, 15, 63703, 63703
50, 16650, 15, 63703, 63703
50, 16660, 15, 63703, 63703
50, 16670, 15, 63703, 63703
50, 16680, 15, 63703, 63703
50, 16690, 15, 63529, 63671
50, 16700, 15, 63529, 63529
50, 16710, 15, 63529, 63529
50, 16720, 15, 63529, 63529
50, 16730, 15, 63529, 63529
50, 16740, 15, 63529, 63529
50, 16750, 15, 63529, 63529
50, 16760, 15, 63529, 63529
50, 16770, 15, 63529, 63529
50, 16780, 15, 63529, 63529
50, 16790, 15, 63529, 63529
50, 16800, 15, 63529, 63529
50, 16810, 15, 63446, 63446
50, 16820, 15, 63446, 63446
50, 16830, 15, 63446, 63446
50, 16840, 15, 63446, 63446
50, 16850, 15, 63446, 63446
50, 16860, 15, 63446, 63446
50, 16870, 15, 63446, 63446
50, 16880, 15, 63446, 63446
50, 16890, 15, 63446, 63446
50, 16900, 15, 63446, 63446
50, 16910, 15, 63446, 63446
50, 16920, 15, 63446, 63446
50, 16930, 15, 63446, 63446
50, 16940, 15, 63446, 63446
50, 16950, 15, 63446, 63446
50, 16960, 15, 63405, 63446
50, 16970, 15, 63405, 63405
50, 16980, 15, 63405, 63405
50, 16990, 15, 63405, 63405
50, 17000, 15, 63405, 63405
50, 17010, 15, 63405, 63405
50, 17020, 15, 63405, 63405
50, 17030, 15, 63405, 63405
50, 17040, 15, 63405, 63405
50, 17050, 15, 63405, 63405
50, 17060, 15, 63277, 63405
50, 17070, 15, 63161, 63277
50, 17080, 15, 63101, 63101
50, 17090, 15, 63101, 63101
50, 17100, 15, 63101, 63101
50, 17110, 15, 63101, 63101
50, 17120, 15, 63101, 63101
50, 17130, 15, 63101, 63101
50, 17140, 15, 63101, 63101
50, 17150, 15, 63101, 63101
50, 17160, 15, 63101, 63101
50, 17170, 15, 63101, 63101
50, 17180, 15, 63101, 63101
50, 17190, 15, 63083, 63083
50, 17200, 15, 63022, 63083
50, 17210, 15, 63022, 63022
50, 17220, 15, 63022, 63022
50, 17230, 15, 63022, 63022
50, 17240, 15, 63022, 63022
50, 17250, 15, 63022, 63022
50, 17260, 15, 63022, 63022
50, 17270, 15, 63022, 63022
50, 17280, 15, 63022, 63022
50, 17290, 15, 63022, 63022
50, 17300, 15, 63022, 63022
50, 17310, 15, 63022, 63022
50, 17320, 15, 63022, 63022
50, 17330, 15, 63022, 63022
50, 17340, 15, 63022, 63022
50, 17350, 15, 63022, 63022
50, 17360, 15, 63022, 63022
50, 17370, 15, 63022, 63022
50, 17380, 15, 63022, 63022
50, 17390, 15, 63022, 63022
50, 17400, 15, 63022, 63022
50, 17410, 15, 63022, 63022
50, 17420, 15, 63022, 63022
50, 17430, 15, 63022, 63022
50, 17440, 15, 63022, 63022
50, 17450, 15, 63022, 63022
50, 17460, 15, 63022, 63022
50, 17470, 15, 63022, 63022
50, 17480, 15, 63022, 63022
50, 17490, 15, 63022, 63022
50, 17500, 15, 63022, 63022
50, 17510, 15, 63022, 63022
50, 17520, 15, 63022, 63022
50, 17530, 15, 63022, 63022
50, 17540, 15, 62994, 62994
50, 17550, 15, 62994, 62994
50, 17560, 15, 62994, 62994
50, 17570, 15, 62994, 62994
50, 17580, 15, 62994, 62994
50, 17590, 15, 62994, 62994
50, 17600, 15, 62994, 62994
50, 17610, 15, 62994, 62994
50, 17620, 15, 62994, 62994
50, 17630, 15, 62994, 62994
50, 17640, 15, 62903, 62903
50, 17650, 15, 62836, 62836
50, 17660, 15, 62836, 62836
50, 17670, 15, 62836, 62836
50, 17680, 15, 62800, 62836
50, 17690, 15, 62800, 62800
50, 17700, 15, 62800, 62800
50, 17710, 15, 62800, 62800
50, 17720, 15, 62800, 62800
50, 17730, 15, 62800, 62800
50, 17740, 15, 62800, 62800
50, 17750, 15, 62800, 62800
50, 17760, 15, 62800, 62800
50, 17770, 15, 62800, 62800
50, 17780, 15, 62800, 62800
50, 17790, 15, 62800, 62800
50, 17800, 15, 62800, 62800
50, 17810, 15, 62800, 62800
50, 17820, 15, 62759, 62759
50, 17830, 15, 62759, 62759
50, 17840, 15, 62759, 62759
50, 17850, 15, 62759, 62759
50, 17860, 15, 62759, 62759
50, 17870, 15, 62759, 62759
50, 17880, 15, 62759, 62759
50, 17890, 15, 62759, 62759
50, 17900, 15, 62759, 62759
50, 17910, 15, 62759, 62759
50, 17920, 15, 62759, 62759
50, 17930, 15, 62754, 62754
50, 17940, 15, 62754, 62754
50, 17950, 15, 62754, 62754
50, 17960, 15, 62754, 62754
50, 17970, 15, 62754, 62754
50, 17980, 15, 62754, 62754
50, 17990, 15, 62682, 62682
50, 18000, 15, 62682, 62682
50, 18010, 15, 62682, 62682
50, 18020, 15, 62624, 62624
50, 18030, 15, 62624, 62624
50, 18040, 15, 62624, 62624
50, 18050, 15, 62624, 62624
50, 18060, 15, 62624, 62624
50, 18070, 15, 62624, 62624
50, 18080, 15, 62624, 62624
50, 18090, 15, 62624, 62624
50, 18100, 15, 62624, 62624
50, 18110, 15, 62624, 62624
50, 18120, 15, 62624, 62624
50, 18130, 15, 62624, 62624
50, 18140, 15, 62624, 62624
50, 18150, 15, 62624, 62624
50, 18160, 15, 62624, 62624
50, 18170, 15, 62624, 62624
50, 18180, 15, 62624, 62624
50, 18190, 15, 62624, 62624
50, 18200, 15, 62624, 62624
50, 18210, 15, 62624, 62624
50, 18220, 15, 62624, 62624
50, 18230, 15, 62624, 62624
50, 18240, 15, 62624, 62624
50, 18250, 15, 62624, 62624
50, 18260, 15, 62523, 62523
50, 18270, 15, 62523, 62523
50, 18280, 15, 62523, 62523
50, 18290, 15, 62523, 62523
50, 18300, 15, 62523, 62523
50, 18310, 15, 62523, 62523
50, 18320, 15, 62523, 62523
50, 18330, 15, 62523, 62523
50, 18340, 15, 62523, 62523
50, 18350, 15, 62523, 62523
50, 18360, 15, 62523, 62523
50, 18370, 15, 62523, 62523
50, 18380, 15, 62523, 62523
50, 18390, 15, 62523, 62523
50, 18400, 15, 62523, 62523
50, 18410, 15, 62400, 62523
50, 18420, 15, 62400, 62400
50, 18430, 15, 62374, 62374
50, 18440, 15, 62374, 62374
50, 18450, 15, 62374, 62374
50, 18460, 15, 62374, 62374
50, 18470, 15, 62374, 62374
50, 18480, 15, 62374, 62374
50, 18490, 15, 62374, 62374
50, 18500, 15, 62374, 62374
50, 18510, 15, 62374, 62374
50, 18520, 15, 62374, 62374
50, 18530, 15, 62374, 62374
50, 18540, 15, 62374, 62374
50, 18550, 15, 62236, 62236
50, 18560, 15, 62236, 62236
50, 18570, 15, 62236, 62236
50, 18580, 15, 62236, 62236
50, 18590, 15, 62217, 62217
50, 18600, 15, 62217, 62217
50, 18610, 15, 62217, 62217
50, 18620, 15, 62217, 62217
50, 18630, 15, 62217, 62217
50, 18640, 15, 62217, 62217
50, 18650, 15, 62217, 62217
50, 18660, 15, 62217, 62217
50, 18670, 15, 62217, 62217
50, 18680, 15, 62098, 62217
50, 18690, 15, 62098, 62098
50, 18700, 15, 62098, 62098
50, 18710, 15, 62098, 62098
50, 18720, 15, 62098, 62098
50, 18730, 15, 62098, 62098
50, 18740, 15, 62098, 62098
50, 18750, 15, 62098, 62098
50, 18760, 15, 62098, 62098
50, 18770, 15, 62098, 62098
50, 18780, 15, 62068, 62098
50, 18790, 15, 62068, 62068
50, 18800, 15, 62068, 62068
50, 18810, 15, 62027, 62027
50, 18820, 15, 62027, 62027
50, 18830, 15, 62027, 62027
50, 18840, 15, 62027, 62027
50, 18850, 15, 62027, 62027
50, 18860, 15, 62027, 62027
50, 18870, 15, 62027, 62027
50, 18880, 15, 61923, 62027
50, 18890, 15, 61923, 61923
50, 18900, 15, 61923, 61923
50, 18910, 15, 61923, 61923
50, 18920, 15, 61923, 61923
50, 18930, 15, 61923, 61923
50, 18940, 15, 61923, 61923
50, 18950, 15, 61923, 61923
50, 18960, 15, 61923, 61923
50, 18970, 15, 61923, 61923
50, 18980, 15, 61923, 61923
50, 18990, 15, 61923, 61923
50, 19000, 15, 61923, 61923
50, 19010, 15, 61923, 61923
50, 19020, 15, 61923, 61923
50, 19030, 15, 61923, 61923
50, 19040, 15, 61923, 61923
50, 19050, 15, 61923, 61923
50, 19060, 15, 61923, 61923
50, 19070, 15, 61923, 61923
50, 19080, 15, 61923, 61923
50, 19090, 15, 61923, 61923
50, 19100, 15, 61923, 61923
50, 19110, 15, 61923, 61923
50, 19120, 15, 61923, 61923
50, 19130, 15, 61923, 61923
50, 19140, 15, 61923, 61923
50, 19150, 15, 61923, 61923
50, 19160, 15, 61923, 61923
50, 19170, 15, 61923, 61923
50, 19180, 15, 61923, 61923
50, 19190, 15, 61923, 61923
50, 19200, 15, 61923, 61923
50, 19210, 15, 61923, 61923
50, 19220, 15, 61920, 61923
50, 19230, 15, 61920, 61920
50, 19240, 15, 61920, 61920
50, 19250, 15, 61920, 61920
50, 19260, 15, 61920, 61920
50, 19270, 15, 61920, 61920
50, 19280, 15, 61920, 61920
50, 19290, 15, 61920, 61920
50, 19300, 15, 61920, 61920
50, 19310, 15, 61920, 61920
50, 19320, 15, 61920, 61920
50, 19330, 15, 61920, 61920
50, 19340, 15, 61920, 61920
50, 19350, 15, 61920, 61920
50, 19360, 15, 61920, 61920
50, 19370, 15, 61920, 61920
50, 19380, 15, 61920, 61920
50, 19390, 15, 61920, 61920
50, 19400, 15, 61920, 61920
50, 19410, 15, 61920, 61920
50, 19420, 15, 61920, 61920
50, 19430, 15, 61920, 61920
50, 19440, 15, 61920, 61920
50, 19450, 15, 61920, 61920
50, 19460, 15, 61920, 61920
50, 19470, 15, 61920, 61920
50, 19480, 15, 61920, 61920
50, 19490, 15, 61920, 61920
50, 19500, 15, 61797, 61797
50, 19510, 15, 61797, 61797
50, 19520, 15, 61797, 61797
50, 19530, 15, 61797, 61797
50, 19540, 15, 61797, 61797
50, 19550, 15, 61793, 61797
50, 19560, 15, 61793, 61793
50, 19570, 15, 61793, 61793
50, 19580, 15, 61793, 61793
50, 19590, 15, 61793, 61793
50, 19600, 15, 61793, 61793
50, 19610, 15, 61793, 61793
50, 19620, 15, 61793, 61793
50, 19630, 15, 61793, 61793
50, 19640, 15, 61793, 61793
50, 19650, 15, 61793, 61793
50, 19660, 15, 61734, 61734
50, 19670, 15, 61734, 61734
50, 19680, 15, 61734, 61734
50, 19690, 15, 61651, 61734
50, 19700, 15, 61651, 61651
50, 19710, 15, 61651, 61651
50, 19720, 15, 61651, 61651
50, 19730, 15, 61651, 61651
50, 19740, 15, 61651, 61651
50, 19750, 15, 61651, 61651
50, 19760, 15, 61651, 61651
50, 19770, 15, 61651, 61651
50, 19780, 15, 61651, 61651
50, 19790, 15, 61651, 61651
50, 19800, 15, 61651, 61651
50, 19810, 15, 61651, 61651
50, 19820, 15, 61651, 61651
50, 19830, 15, 61651, 61651
50, 19840, 15, 61651, 61651
50, 19850, 15, 61651, 61651
50, 19860, 15, 61642, 61642
50, 19870, 15, 61642, 61642
50, 19880, 15, 61642, 61642
50, 19890, 15, 61642, 61642
50, 19900, 15, 61642, 61642
50, 19910, 15, 61642, 61642
50, 19920, 15, 61536, 61536
50, 19930, 15, 61397, 61397
50, 19940, 15, 61397, 61397
50, 19950, 15, 61397, 61397
50, 19960, 15, 61397, 61397
50, 19970, 15, 61397, 61397
50, 19980, 15, 61397, 61397
50, 19990, 15, 61397, 61397
