Population Size, Generation Count, Repetition, Best Fitness, Median Fitness
100, 0, 13, 703267, 769668
100, 10, 13, 678555, 689839
100, 20, 13, 660625, 666472
100, 30, 13, 639852, 645957
100, 40, 13, 617075, 625099
100, 50, 13, 605081, 610099
100, 60, 13, 587825, 595414
100, 70, 13, 570562, 579788
100, 80, 13, 555613, 563127
100, 90, 13, 545920, 551358
100, 100, 13, 536166, 541635
100, 110, 13, 523219, 531530
100, 120, 13, 514025, 519094
100, 130, 13, 507748, 511223
100, 140, 13, 494793, 500001
100, 150, 13, 483174, 488375
100, 160, 13, 476016, 481294
100, 170, 13, 469528, 473379
100, 180, 13, 463276, 469733
100, 190, 13, 457178, 462994
100, 200, 13, 450992, 456005
100, 210, 13, 442869, 449958
100, 220, 13, 435153, 440106
100, 230, 13, 429816, 434175
100, 240, 13, 422411, 428387
100, 250, 13, 417413, 422319
100, 260, 13, 413290, 417401
100, 270, 13, 409054, 413033
100, 280, 13, 402703, 408335
100, 290, 13, 398642, 403072
100, 300, 13, 395654, 398889
100, 310, 13, 389256, 393791
100, 320, 13, 385614, 389171
100, 330, 13, 381413, 384214
100, 340, 13, 375651, 378970
100, 350, 13, 369594, 374761
100, 360, 13, 366119, 369555
100, 370, 13, 361908, 366300
100, 380, 13, 357955, 361709
100, 390, 13, 354440, 357771
100, 400, 13, 351735, 354639
100, 410, 13, 346155, 351082
100, 420, 13, 343404, 346736
100, 430, 13, 339561, 343048
100, 440, 13, 335665, 340536
100, 450, 13, 332876, 336857
100, 460, 13, 330811, 335437
100, 470, 13, 328960, 332202
100, 480, 13, 325850, 328761
100, 490, 13, 321770, 326672
100, 500, 13, 319140, 322541
100, 510, 13, 317304, 319901
100, 520, 13, 314924, 318732
100, 530, 13, 310392, 315484
100, 540, 13, 307767, 311263
100, 550, 13, 303485, 308676
100, 560, 13, 301678, 304246
100, 570, 13, 298074, 302480
100, 580, 13, 295550, 300882
100, 590, 13, 293211, 296793
100, 600, 13, 291776, 295320
100, 610, 13, 290038, 293557
100, 620, 13, 287934, 290816
100, 630, 13, 285499, 288215
100, 640, 13, 283907, 286596
100, 650, 13, 280797, 284256
100, 660, 13, 279455, 282352
100, 670, 13, 276674, 278792
100, 680, 13, 274140, 278032
100, 690, 13, 272820, 276324
100, 700, 13, 270227, 273597
100, 710, 13, 266199, 271650
100, 720, 13, 265010, 268433
100, 730, 13, 264043, 267343
100, 740, 13, 261993, 265402
100, 750, 13, 258733, 263883
100, 760, 13, 257642, 260879
100, 770, 13, 254173, 256843
100, 780, 13, 252624, 255886
100, 790, 13, 250760, 253001
100, 800, 13, 249855, 253946
100, 810, 13, 248546, 252584
100, 820, 13, 247511, 250648
100, 830, 13, 245492, 248438
100, 840, 13, 242651, 245998
100, 850, 13, 242068, 245368
100, 860, 13, 240451, 243594
100, 870, 13, 239825, 242942
100, 880, 13, 238112, 240893
100, 890, 13, 236701, 240073
100, 900, 13, 235090, 238575
100, 910, 13, 234119, 236035
100, 920, 13, 233044, 235429
100, 930, 13, 232020, 235521
100, 940, 13, 231044, 234091
100, 950, 13, 229780, 232089
100, 960, 13, 228649, 231920
100, 970, 13, 227998, 231066
100, 980, 13, 225940, 230205
100, 990, 13, 224295, 229484
100, 1000, 13, 223090, 225250
100, 1010, 13, 220668, 223680
100, 1020, 13, 218683, 222068
100, 1030, 13, 218361, 221138
100, 1040, 13, 216756, 220383
100, 1050, 13, 216256, 218761
100, 1060, 13, 213892, 216996
100, 1070, 13, 213107, 218371
100, 1080, 13, 212726, 214702
100, 1090, 13, 211669, 214720
100, 1100, 13, 209379, 211464
100, 1110, 13, 208511, 211981
100, 1120, 13, 207720, 210029
100, 1130, 13, 205382, 208731
100, 1140, 13, 204606, 207627
100, 1150, 13, 203620, 207151
100, 1160, 13, 202868, 205952
100, 1170, 13, 201826, 204728
100, 1180, 13, 201041, 203698
100, 1190, 13, 199883, 203200
100, 1200, 13, 198869, 201783
100, 1210, 13, 197828, 200708
100, 1220, 13, 197362, 199594
100, 1230, 13, 195956, 198769
100, 1240, 13, 195763, 198131
100, 1250, 13, 194597, 198446
100, 1260, 13, 193834, 196066
100, 1270, 13, 193454, 196610
100, 1280, 13, 192941, 195599
100, 1290, 13, 191728, 195208
100, 1300, 13, 191148, 194738
100, 1310, 13, 190734, 194523
100, 1320, 13, 190062, 192970
100, 1330, 13, 189480, 193857
100, 1340, 13, 188567, 191881
100, 1350, 13, 187717, 190048
100, 1360, 13, 186756, 190460
100, 1370, 13, 185540, 189424
100, 1380, 13, 184936, 188877
100, 1390, 13, 184333, 188077
100, 1400, 13, 183407, 186393
100, 1410, 13, 182409, 185345
100, 1420, 13, 181975, 183869
100, 1430, 13, 180797, 183617
100, 1440, 13, 179894, 182836
100, 1450, 13, 179316, 181579
100, 1460, 13, 178913, 181175
100, 1470, 13, 177779, 180172
100, 1480, 13, 176781, 180678
100, 1490, 13, 175900, 178769
100, 1500, 13, 174504, 176558
100, 1510, 13, 173114, 176250
100, 1520, 13, 172878, 175385
100, 1530, 13, 172083, 175569
100, 1540, 13, 171461, 173475
100, 1550, 13, 170931, 173404
100, 1560, 13, 170062, 173782
100, 1570, 13, 169299, 172690
100, 1580, 13, 169063, 171745
100, 1590, 13, 168802, 172047
100, 1600, 13, 168436, 172199
100, 1610, 13, 167808, 170866
100, 1620, 13, 167537, 170110
100, 1630, 13, 166350, 169658
100, 1640, 13, 166031, 169016
100, 1650, 13, 165375, 168386
100, 1660, 13, 164688, 167649
100, 1670, 13, 163556, 167568
100, 1680, 13, 161901, 166733
100, 1690, 13, 161604, 163642
100, 1700, 13, 160591, 163977
100, 1710, 13, 160249, 163193
100, 1720, 13, 159888, 162753
100, 1730, 13, 159612, 161653
100, 1740, 13, 159182, 162679
100, 1750, 13, 157965, 162197
100, 1760, 13, 157582, 159424
100, 1770, 13, 156379, 158150
100, 1780, 13, 156218, 158534
100, 1790, 13, 155702, 159123
100, 1800, 13, 155139, 157974
100, 1810, 13, 154272, 158352
100, 1820, 13, 154007, 156788
100, 1830, 13, 153318, 155728
100, 1840, 13, 152820, 155646
100, 1850, 13, 152449, 154604
100, 1860, 13, 152041, 154540
100, 1870, 13, 151839, 153829
100, 1880, 13, 151630, 153463
100, 1890, 13, 150827, 153644
100, 1900, 13, 150406, 153291
100, 1910, 13, 150005, 153034
100, 1920, 13, 149506, 151634
100, 1930, 13, 149337, 151811
100, 1940, 13, 148777, 151597
100, 1950, 13, 148295, 150716
100, 1960, 13, 147952, 149877
100, 1970, 13, 147517, 149988
100, 1980, 13, 147213, 150121
100, 1990, 13, 146524, 148814
100, 2000, 13, 146294, 149020
100, 2010, 13, 145834, 147518
100, 2020, 13, 145008, 149387
100, 2030, 13, 144396, 146617
100, 2040, 13, 143654, 145962
100, 2050, 13, 142591, 145430
100, 2060, 13, 142109, 145678
100, 2070, 13, 141910, 144855
100, 2080, 13, 141772, 144432
100, 2090, 13, 141492, 144206
100, 2100, 13, 140575, 143178
100, 2110, 13, 140099, 142333
100, 2120, 13, 139433, 141708
100, 2130, 13, 138512, 141592
100, 2140, 13, 138312, 140803
100, 2150, 13, 138121, 141022
100, 2160, 13, 137913, 140296
100, 2170, 13, 137327, 140872
100, 2180, 13, 136850, 139852
100, 2190, 13, 136124, 138821
100, 2200, 13, 135892, 138535
100, 2210, 13, 135611, 139787
100, 2220, 13, 135196, 137643
100, 2230, 13, 134519, 137076
100, 2240, 13, 134474, 136827
100, 2250, 13, 133925, 137348
100, 2260, 13, 133308, 136043
100, 2270, 13, 133183, 134738
100, 2280, 13, 132657, 135759
100, 2290, 13, 132452, 134688
100, 2300, 13, 131900, 133136
100, 2310, 13, 131730, 134126
100, 2320, 13, 131545, 133822
100, 2330, 13, 131191, 134316
100, 2340, 13, 130608, 132150
100, 2350, 13, 129951, 131929
100, 2360, 13, 129827, 132403
100, 2370, 13, 129262, 132199
100, 2380, 13, 129137, 130503
100, 2390, 13, 128867, 130543
100, 2400, 13, 128625, 130571
100, 2410, 13, 128411, 129920
100, 2420, 13, 127838, 130047
100, 2430, 13, 127529, 129517
100, 2440, 13, 126963, 129617
100, 2450, 13, 126714, 129882
100, 2460, 13, 126481, 128496
100, 2470, 13, 126019, 129082
100, 2480, 13, 125614, 128286
100, 2490, 13, 124671, 127736
100, 2500, 13, 124636, 127977
100, 2510, 13, 124281, 126801
100, 2520, 13, 123713, 126759
100, 2530, 13, 123168, 125044
100, 2540, 13, 123092, 125183
100, 2550, 13, 122933, 125530
100, 2560, 13, 122768, 125271
100, 2570, 13, 122663, 123252
100, 2580, 13, 122364, 125836
100, 2590, 13, 121946, 123943
100, 2600, 13, 121754, 125151
100, 2610, 13, 121056, 124016
100, 2620, 13, 120474, 122792
100, 2630, 13, 120044, 122883
100, 2640, 13, 119798, 122791
100, 2650, 13, 119549, 121789
100, 2660, 13, 119350, 122421
100, 2670, 13, 118870, 120303
100, 2680, 13, 118269, 119970
100, 2690, 13, 118116, 120232
100, 2700, 13, 117964, 120323
100, 2710, 13, 117672, 119866
100, 2720, 13, 117108, 120866
100, 2730, 13, 117058, 119494
100, 2740, 13, 117025, 119480
100, 2750, 13, 116892, 119180
100, 2760, 13, 116748, 120312
100, 2770, 13, 116534, 119396
100, 2780, 13, 116123, 119069
100, 2790, 13, 115999, 118257
100, 2800, 13, 115907, 117908
100, 2810, 13, 115550, 118177
100, 2820, 13, 115550, 116694
100, 2830, 13, 115000, 118529
100, 2840, 13, 114844, 119072
100, 2850, 13, 114453, 117831
100, 2860, 13, 114422, 116042
100, 2870, 13, 114339, 116146
100, 2880, 13, 113345, 116245
100, 2890, 13, 113205, 113971
100, 2900, 13, 112828, 115245
100, 2910, 13, 112736, 115375
100, 2920, 13, 112595, 114501
100, 2930, 13, 112379, 115327
100, 2940, 13, 112305, 113950
100, 2950, 13, 111948, 114684
100, 2960, 13, 111700, 114359
100, 2970, 13, 111266, 113729
100, 2980, 13, 111110, 112904
100, 2990, 13, 111010, 113711
100, 3000, 13, 110820, 112832
100, 3010, 13, 110663, 112819
100, 3020, 13, 110546, 112073
100, 3030, 13, 110178, 112203
100, 3040, 13, 109986, 112928
100, 3050, 13, 109764, 112359
100, 3060, 13, 109696, 112804
100, 3070, 13, 109513, 112513
100, 3080, 13, 109155, 111041
100, 3090, 13, 109099, 111021
100, 3100, 13, 108913, 111171
100, 3110, 13, 108699, 111743
100, 3120, 13, 108124, 109624
100, 3130, 13, 107850, 109880
100, 3140, 13, 107719, 108600
100, 3150, 13, 107294, 109959
100, 3160, 13, 106707, 108949
100, 3170, 13, 106381, 110580
100, 3180, 13, 106110, 109161
100, 3190, 13, 106110, 108241
100, 3200, 13, 105966, 109222
100, 3210, 13, 105933, 108093
100, 3220, 13, 105691, 108671
100, 3230, 13, 105203, 108440
100, 3240, 13, 105203, 107175
100, 3250, 13, 104965, 108041
100, 3260, 13, 104920, 107534
100, 3270, 13, 104488, 106573
100, 3280, 13, 104309, 106401
100, 3290, 13, 104233, 106839
100, 3300, 13, 104103, 106493
100, 3310, 13, 103582, 105926
100, 3320, 13, 103322, 106561
100, 3330, 13, 103213, 103322
100, 3340, 13, 102882, 104954
100, 3350, 13, 102622, 104470
100, 3360, 13, 101367, 103941
100, 3370, 13, 101284, 104045
100, 3380, 13, 101212, 102734
100, 3390, 13, 100637, 102089
100, 3400, 13, 100472, 102671
100, 3410, 13, 99824, 102876
100, 3420, 13, 99824, 103006
100, 3430, 13, 99625, 102187
100, 3440, 13, 99239, 102436
100, 3450, 13, 98966, 100840
100, 3460, 13, 98965, 100670
100, 3470, 13, 98765, 101976
100, 3480, 13, 98418, 100174
100, 3490, 13, 98111, 100031
100, 3500, 13, 97910, 100150
100, 3510, 13, 97890, 100314
100, 3520, 13, 97531, 99175
100, 3530, 13, 97214, 99174
100, 3540, 13, 97196, 99545
100, 3550, 13, 97018, 98635
100, 3560, 13, 96701, 99858
100, 3570, 13, 96585, 98548
100, 3580, 13, 96576, 99068
100, 3590, 13, 96247, 97759
100, 3600, 13, 96247, 97939
100, 3610, 13, 95972, 96247
100, 3620, 13, 95712, 98492
100, 3630, 13, 95514, 96996
100, 3640, 13, 95332, 96744
100, 3650, 13, 95128, 95332
100, 3660, 13, 94898, 98020
100, 3670, 13, 94782, 97665
100, 3680, 13, 94518, 96929
100, 3690, 13, 94392, 96195
100, 3700, 13, 94224, 95917
100, 3710, 13, 94222, 95614
100, 3720, 13, 93986, 95986
100, 3730, 13, 93986, 96267
100, 3740, 13, 93730, 95339
100, 3750, 13, 93215, 96146
100, 3760, 13, 92849, 95481
100, 3770, 13, 92611, 94955
100, 3780, 13, 92544, 94267
100, 3790, 13, 92506, 94123
100, 3800, 13, 92417, 95043
100, 3810, 13, 92374, 93923
100, 3820, 13, 92166, 94927
100, 3830, 13, 92069, 93422
100, 3840, 13, 91886, 93472
100, 3850, 13, 91846, 93854
100, 3860, 13, 91157, 93088
100, 3870, 13, 91157, 93820
100, 3880, 13, 91098, 93918
100, 3890, 13, 91098, 92588
100, 3900, 13, 91098, 92809
100, 3910, 13, 90898, 92776
100, 3920, 13, 90836, 93557
100, 3930, 13, 90241, 92717
100, 3940, 13, 90147, 93153
100, 3950, 13, 90069, 92086
100, 3960, 13, 90051, 91863
100, 3970, 13, 89952, 90806
100, 3980, 13, 89779, 92724
100, 3990, 13, 89670, 91296
100, 4000, 13, 89582, 92180
100, 4010, 13, 89582, 91804
100, 4020, 13, 89359, 91290
100, 4030, 13, 89023, 91093
100, 4040, 13, 89023, 89738
100, 4050, 13, 89023, 90297
100, 4060, 13, 89023, 90576
100, 4070, 13, 88973, 90819
100, 4080, 13, 88901, 90541
100, 4090, 13, 88901, 90991
100, 4100, 13, 88836, 89511
100, 4110, 13, 88836, 89267
100, 4120, 13, 88515, 90594
100, 4130, 13, 88515, 91229
100, 4140, 13, 88432, 89782
100, 4150, 13, 88432, 89980
100, 4160, 13, 88354, 90665
100, 4170, 13, 88149, 89927
100, 4180, 13, 88149, 91380
100, 4190, 13, 87870, 90038
100, 4200, 13, 87870, 90903
100, 4210, 13, 87765, 90373
100, 4220, 13, 87765, 89728
100, 4230, 13, 87753, 89270
100, 4240, 13, 87653, 89592
100, 4250, 13, 87616, 89685
100, 4260, 13, 87425, 89532
100, 4270, 13, 87283, 89262
100, 4280, 13, 87283, 90024
100, 4290, 13, 87084, 89345
100, 4300, 13, 87084, 88835
100, 4310, 13, 87066, 87084
100, 4320, 13, 86761, 89263
100, 4330, 13, 86678, 88745
100, 4340, 13, 86603, 88841
100, 4350, 13, 86370, 88601
100, 4360, 13, 86362, 88675
100, 4370, 13, 86362, 87537
100, 4380, 13, 86362, 88538
100, 4390, 13, 86162, 88577
100, 4400, 13, 86162, 87949
100, 4410, 13, 86156, 88405
100, 4420, 13, 86032, 87463
100, 4430, 13, 86032, 87796
100, 4440, 13, 86032, 88382
100, 4450, 13, 86008, 88252
100, 4460, 13, 85911, 88808
100, 4470, 13, 85803, 87019
100, 4480, 13, 85388, 87821
100, 4490, 13, 85388, 88588
100, 4500, 13, 85329, 87410
100, 4510, 13, 85311, 85329
100, 4520, 13, 85111, 87129
100, 4530, 13, 85028, 87365
100, 4540, 13, 84906, 87114
100, 4550, 13, 84846, 85803
100, 4560, 13, 84833, 87052
100, 4570, 13, 84833, 87662
100, 4580, 13, 84622, 85570
100, 4590, 13, 84443, 86717
100, 4600, 13, 84443, 85157
100, 4610, 13, 84443, 87351
100, 4620, 13, 84379, 86384
100, 4630, 13, 84379, 84968
100, 4640, 13, 84370, 86525
100, 4650, 13, 84370, 87166
100, 4660, 13, 84334, 87659
100, 4670, 13, 84198, 86759
100, 4680, 13, 84198, 86600
100, 4690, 13, 84198, 85901
100, 4700, 13, 84165, 84980
100, 4710, 13, 84117, 86465
100, 4720, 13, 84041, 85827
100, 4730, 13, 84041, 84961
100, 4740, 13, 83766, 85255
100, 4750, 13, 83562, 85410
100, 4760, 13, 83478, 84906
100, 4770, 13, 83120, 84586
100, 4780, 13, 82986, 83669
100, 4790, 13, 82986, 84055
100, 4800, 13, 82888, 82986
100, 4810, 13, 82833, 84545
100, 4820, 13, 82615, 84341
100, 4830, 13, 82599, 83952
100, 4840, 13, 82599, 83902
100, 4850, 13, 82566, 84559
100, 4860, 13, 82556, 82581
100, 4870, 13, 82556, 84102
100, 4880, 13, 82447, 84593
100, 4890, 13, 82447, 83358
100, 4900, 13, 82447, 84399
100, 4910, 13, 82364, 82447
100, 4920, 13, 82358, 83682
100, 4930, 13, 82338, 83667
100, 4940, 13, 82136, 84635
100, 4950, 13, 81947, 84015
100, 4960, 13, 81947, 82540
100, 4970, 13, 81947, 84148
100, 4980, 13, 81759, 84997
100, 4990, 13, 81467, 83858
100, 5000, 13, 81360, 83404
100, 5010, 13, 81298, 82884
100, 5020, 13, 81298, 83687
100, 5030, 13, 81181, 83693
100, 5040, 13, 80934, 83468
100, 5050, 13, 80934, 83543
100, 5060, 13, 80900, 81866
100, 5070, 13, 80717, 83572
100, 5080, 13, 80589, 83018
100, 5090, 13, 80437, 80989
100, 5100, 13, 80437, 82618
100, 5110, 13, 80437, 82363
100, 5120, 13, 80267, 82930
100, 5130, 13, 80267, 81221
100, 5140, 13, 80247, 80605
100, 5150, 13, 80072, 81395
100, 5160, 13, 79714, 80013
100, 5170, 13, 79649, 82434
100, 5180, 13, 79495, 81783
100, 5190, 13, 79353, 80591
100, 5200, 13, 79353, 79357
100, 5210, 13, 79353, 81797
100, 5220, 13, 79353, 79685
100, 5230, 13, 79084, 79353
100, 5240, 13, 79084, 80253
100, 5250, 13, 78741, 80593
100, 5260, 13, 78646, 81695
100, 5270, 13, 78643, 79974
100, 5280, 13, 78643, 78643
100, 5290, 13, 78577, 79738
100, 5300, 13, 78577, 78837
100, 5310, 13, 78577, 81046
100, 5320, 13, 78577, 79665
100, 5330, 13, 78498, 79976
100, 5340, 13, 78084, 80957
100, 5350, 13, 78056, 79505
100, 5360, 13, 78032, 80037
100, 5370, 13, 78028, 80011
100, 5380, 13, 78028, 78999
100, 5390, 13, 78028, 80053
100, 5400, 13, 78028, 78028
100, 5410, 13, 77745, 81172
100, 5420, 13, 77745, 78605
100, 5430, 13, 77745, 79505
100, 5440, 13, 77570, 80090
100, 5450, 13, 77470, 78074
100, 5460, 13, 77470, 77470
100, 5470, 13, 77470, 77470
100, 5480, 13, 77290, 78307
100, 5490, 13, 77166, 78762
100, 5500, 13, 77166, 78447
100, 5510, 13, 77166, 80392
100, 5520, 13, 77166, 78932
100, 5530, 13, 77149, 77166
100, 5540, 13, 77010, 79622
100, 5550, 13, 76821, 77770
100, 5560, 13, 76763, 77760
100, 5570, 13, 76604, 78796
100, 5580, 13, 76604, 79382
100, 5590, 13, 76604, 76786
100, 5600, 13, 76444, 77261
100, 5610, 13, 76339, 77448
100, 5620, 13, 76334, 78242
100, 5630, 13, 76334, 76334
100, 5640, 13, 76334, 78057
100, 5650, 13, 76334, 78643
100, 5660, 13, 76134, 77694
100, 5670, 13, 76075, 76964
100, 5680, 13, 76075, 77174
100, 5690, 13, 75933, 76611
100, 5700, 13, 75933, 77875
100, 5710, 13, 75899, 78112
100, 5720, 13, 75899, 77580
100, 5730, 13, 75899, 77092
100, 5740, 13, 75703, 77498
100, 5750, 13, 75703, 76855
100, 5760, 13, 75703, 76598
100, 5770, 13, 75703, 78503
100, 5780, 13, 75703, 77883
100, 5790, 13, 75703, 76815
100, 5800, 13, 75703, 78384
100, 5810, 13, 75340, 75703
100, 5820, 13, 75272, 76056
100, 5830, 13, 75272, 78059
100, 5840, 13, 75272, 77001
100, 5850, 13, 75097, 75672
100, 5860, 13, 74932, 76835
100, 5870, 13, 74932, 77184
100, 5880, 13, 74779, 76618
100, 5890, 13, 74779, 77160
100, 5900, 13, 74779, 76537
100, 5910, 13, 74779, 76613
100, 5920, 13, 74450, 74779
100, 5930, 13, 74450, 74705
100, 5940, 13, 74392, 75076
100, 5950, 13, 74392, 76338
100, 5960, 13, 74392, 76129
100, 5970, 13, 74392, 74392
100, 5980, 13, 74254, 75365
100, 5990, 13, 74254, 76168
100, 6000, 13, 74254, 75252
100, 6010, 13, 74117, 74254
100, 6020, 13, 74117, 74792
100, 6030, 13, 74110, 76272
100, 6040, 13, 74072, 76066
100, 6050, 13, 73923, 75657
100, 6060, 13, 73918, 75254
100, 6070, 13, 73918, 74923
100, 6080, 13, 73918, 74869
100, 6090, 13, 73918, 75785
100, 6100, 13, 73709, 73853
100, 6110, 13, 73703, 73709
100, 6120, 13, 73703, 73703
100, 6130, 13, 73703, 75408
100, 6140, 13, 73507, 75488
100, 6150, 13, 73507, 74154
100, 6160, 13, 73503, 74290
100, 6170, 13, 73445, 75556
100, 6180, 13, 73437, 74175
100, 6190, 13, 73437, 75685
100, 6200, 13, 73361, 75396
100, 6210, 13, 73361, 74109
100, 6220, 13, 73199, 74149
100, 6230, 13, 73068, 74704
100, 6240, 13, 73016, 74518
100, 6250, 13, 72924, 74002
100, 6260, 13, 72924, 75718
100, 6270, 13, 72924, 74400
100, 6280, 13, 72924, 74158
100, 6290, 13, 72924, 74935
100, 6300, 13, 72764, 74433
100, 6310, 13, 72633, 74771
100, 6320, 13, 72633, 73188
100, 6330, 13, 72571, 75386
100, 6340, 13, 72550, 74153
100, 6350, 13, 72550, 73483
100, 6360, 13, 72550, 73875
100, 6370, 13, 72550, 73833
100, 6380, 13, 72422, 74118
100, 6390, 13, 72422, 73866
100, 6400, 13, 72422, 73836
100, 6410, 13, 72422, 73996
100, 6420, 13, 72422, 72422
100, 6430, 13, 72422, 74056
100, 6440, 13, 72422, 74102
100, 6450, 13, 72401, 72422
100, 6460, 13, 72401, 73265
100, 6470, 13, 72401, 72401
100, 6480, 13, 72401, 72836
100, 6490, 13, 72360, 72401
100, 6500, 13, 72277, 72901
100, 6510, 13, 72277, 73201
100, 6520, 13, 72106, 74117
100, 6530, 13, 72106, 72791
100, 6540, 13, 72091, 73180
100, 6550, 13, 72091, 73253
100, 6560, 13, 72091, 73384
100, 6570, 13, 72091, 72911
100, 6580, 13, 72091, 72237
100, 6590, 13, 72052, 73186
100, 6600, 13, 72052, 73417
100, 6610, 13, 71942, 73488
100, 6620, 13, 71816, 72034
100, 6630, 13, 71816, 73597
100, 6640, 13, 71724, 72291
100, 6650, 13, 71724, 73053
100, 6660, 13, 71724, 71924
100, 6670, 13, 71643, 72029
100, 6680, 13, 71338, 71643
100, 6690, 13, 71338, 71338
100, 6700, 13, 71338, 71338
100, 6710, 13, 71338, 71338
100, 6720, 13, 71242, 72240
100, 6730, 13, 71242, 72084
100, 6740, 13, 71242, 71607
100, 6750, 13, 71242, 72632
100, 6760, 13, 71242, 71242
100, 6770, 13, 71242, 71403
100, 6780, 13, 71175, 72646
100, 6790, 13, 71175, 72134
100, 6800, 13, 71175, 71175
100, 6810, 13, 71141, 72115
100, 6820, 13, 71065, 72197
100, 6830, 13, 71019, 71065
100, 6840, 13, 71019, 72946
100, 6850, 13, 70952, 72332
100, 6860, 13, 70891, 72016
100, 6870, 13, 70741, 71148
100, 6880, 13, 70741, 71972
100, 6890, 13, 70741, 71750
100, 6900, 13, 70741, 72669
100, 6910, 13, 70675, 72163
100, 6920, 13, 70675, 70675
100, 6930, 13, 70675, 71368
100, 6940, 13, 70675, 71952
100, 6950, 13, 70675, 72198
100, 6960, 13, 70675, 72019
100, 6970, 13, 70675, 72642
100, 6980, 13, 70560, 72736
100, 6990, 13, 70390, 71973
100, 7000, 13, 70174, 71050
100, 7010, 13, 70174, 70774
100, 7020, 13, 70167, 71933
100, 7030, 13, 69931, 70839
100, 7040, 13, 69931, 69931
100, 7050, 13, 69931, 71965
100, 7060, 13, 69877, 70510
100, 7070, 13, 69835, 71433
100, 7080, 13, 69811, 69835
100, 7090, 13, 69793, 69811
100, 7100, 13, 69652, 71773
100, 7110, 13, 69652, 70528
100, 7120, 13, 69652, 71113
100, 7130, 13, 69652, 72148
100, 7140, 13, 69597, 69652
100, 7150, 13, 69597, 72572
100, 7160, 13, 69589, 69989
100, 7170, 13, 69589, 71292
100, 7180, 13, 69589, 69589
100, 7190, 13, 69529, 71710
100, 7200, 13, 69529, 71368
100, 7210, 13, 68959, 70822
100, 7220, 13, 68959, 69529
100, 7230, 13, 68959, 68959
100, 7240, 13, 68721, 70505
100, 7250, 13, 68721, 70806
100, 7260, 13, 68384, 70380
100, 7270, 13, 68246, 68246
100, 7280, 13, 68246, 68959
100, 7290, 13, 68219, 68246
100, 7300, 13, 68219, 68219
100, 7310, 13, 68217, 68472
100, 7320, 13, 68217, 70146
100, 7330, 13, 68217, 68217
100, 7340, 13, 68217, 68217
100, 7350, 13, 68217, 68217
100, 7360, 13, 68217, 69432
100, 7370, 13, 68107, 68914
100, 7380, 13, 68107, 68292
100, 7390, 13, 68107, 68107
100, 7400, 13, 68107, 68107
100, 7410, 13, 68107, 68826
100, 7420, 13, 68107, 68880
100, 7430, 13, 68107, 69096
100, 7440, 13, 67810, 68800
100, 7450, 13, 67651, 68163
100, 7460, 13, 67651, 69274
100, 7470, 13, 67651, 67651
100, 7480, 13, 67651, 68810
100, 7490, 13, 67651, 67651
100, 7500, 13, 67595, 68201
100, 7510, 13, 67595, 68795
100, 7520, 13, 67595, 67595
100, 7530, 13, 67595, 67595
100, 7540, 13, 67595, 69350
100, 7550, 13, 67595, 68113
100, 7560, 13, 67512, 68909
100, 7570, 13, 67398, 68316
100, 7580, 13, 67398, 68398
100, 7590, 13, 67271, 67398
100, 7600, 13, 67218, 67395
100, 7610, 13, 67218, 67702
100, 7620, 13, 67158, 70192
100, 7630, 13, 67075, 68506
100, 7640, 13, 66996, 68138
100, 7650, 13, 66996, 68008
100, 7660, 13, 66996, 69478
100, 7670, 13, 66996, 67539
100, 7680, 13, 66996, 68132
100, 7690, 13, 66873, 68889
100, 7700, 13, 66831, 66873
100, 7710, 13, 66784, 66831
100, 7720, 13, 66784, 66784
100, 7730, 13, 66784, 66998
100, 7740, 13, 66784, 67602
100, 7750, 13, 66784, 68566
100, 7760, 13, 66763, 66784
100, 7770, 13, 66763, 66763
100, 7780, 13, 66713, 68065
100, 7790, 13, 66713, 68605
100, 7800, 13, 66713, 68715
100, 7810, 13, 66713, 66713
100, 7820, 13, 66713, 66713
100, 7830, 13, 66531, 66658
100, 7840, 13, 66531, 66531
100, 7850, 13, 66071, 67131
100, 7860, 13, 66062, 66062
100, 7870, 13, 66062, 66062
100, 7880, 13, 65871, 66936
100, 7890, 13, 65871, 65871
100, 7900, 13, 65871, 67606
100, 7910, 13, 65845, 66942
100, 7920, 13, 65845, 66799
100, 7930, 13, 65845, 65845
100, 7940, 13, 65845, 66528
100, 7950, 13, 65845, 67398
100, 7960, 13, 65845, 65845
100, 7970, 13, 65792, 66896
100, 7980, 13, 65792, 67063
100, 7990, 13, 65771, 65792
100, 8000, 13, 65771, 65771
100, 8010, 13, 65771, 67971
100, 8020, 13, 65571, 66147
100, 8030, 13, 65571, 65571
100, 8040, 13, 65492, 65571
100, 8050, 13, 65492, 65492
100, 8060, 13, 65492, 65492
100, 8070, 13, 65492, 65492
100, 8080, 13, 65492, 66634
100, 8090, 13, 65492, 66035
100, 8100, 13, 65430, 65492
100, 8110, 13, 65430, 66900
100, 8120, 13, 65430, 65430
100, 8130, 13, 65430, 66961
100, 8140, 13, 65430, 65430
100, 8150, 13, 65430, 65430
100, 8160, 13, 65430, 65430
100, 8170, 13, 65430, 65430
100, 8180, 13, 65388, 65430
100, 8190, 13, 65388, 65388
100, 8200, 13, 65388, 66493
100, 8210, 13, 65326, 65326
100, 8220, 13, 65326, 65326
100, 8230, 13, 65326, 65326
100, 8240, 13, 65326, 65326
100, 8250, 13, 65326, 65326
100, 8260, 13, 65326, 65326
100, 8270, 13, 65326, 65326
100, 8280, 13, 65226, 65388
100, 8290, 13, 65226, 66390
100, 8300, 13, 65123, 66418
100, 8310, 13, 65123, 66791
100, 8320, 13, 65123, 65123
100, 8330, 13, 64707, 66604
100, 8340, 13, 64707, 65854
100, 8350, 13, 64707, 65778
100, 8360, 13, 64615, 64981
100, 8370, 13, 64580, 64915
100, 8380, 13, 64571, 64580
100, 8390, 13, 64571, 64571
100, 8400, 13, 64571, 66021
100, 8410, 13, 64571, 64571
100, 8420, 13, 64571, 64571
100, 8430, 13, 64505, 64571
100, 8440, 13, 64505, 64505
100, 8450, 13, 64391, 64505
100, 8460, 13, 64378, 65705
100, 8470, 13, 64378, 64378
100, 8480, 13, 64378, 64378
100, 8490, 13, 64378, 66104
100, 8500, 13, 64378, 64378
100, 8510, 13, 64378, 65959
100, 8520, 13, 64378, 64378
100, 8530, 13, 64307, 64378
100, 8540, 13, 64307, 64307
100, 8550, 13, 64307, 65857
100, 8560, 13, 64265, 64307
100, 8570, 13, 64265, 65906
100, 8580, 13, 64265, 64265
100, 8590, 13, 64265, 64870
100, 8600, 13, 64265, 64265
100, 8610, 13, 64198, 64650
100, 8620, 13, 64198, 64198
100, 8630, 13, 64155, 64715
100, 8640, 13, 64155, 64576
100, 8650, 13, 64155, 64155
100, 8660, 13, 64155, 64155
100, 8670, 13, 64155, 64155
100, 8680, 13, 64155, 64460
100, 8690, 13, 64106, 64357
100, 8700, 13, 64106, 65891
100, 8710, 13, 63928, 64702
100, 8720, 13, 63928, 64188
100, 8730, 13, 63928, 65128
100, 8740, 13, 63928, 63928
100, 8750, 13, 63853, 63853
100, 8760, 13, 63848, 63853
100, 8770, 13, 63848, 63848
100, 8780, 13, 63786, 63848
100, 8790, 13, 63786, 64657
100, 8800, 13, 63745, 63745
100, 8810, 13, 63684, 63930
100, 8820, 13, 63684, 63684
100, 8830, 13, 63684, 63684
100, 8840, 13, 63684, 64822
100, 8850, 13, 63684, 66003
100, 8860, 13, 63684, 63963
100, 8870, 13, 63684, 64567
100, 8880, 13, 63684, 64239
100, 8890, 13, 63684, 63982
100, 8900, 13, 63684, 64108
100, 8910, 13, 63684, 65079
100, 8920, 13, 63684, 63684
100, 8930, 13, 63684, 64532
100, 8940, 13, 63684, 63684
100, 8950, 13, 63684, 64431
100, 8960, 13, 63684, 63684
100, 8970, 13, 63684, 64128
100, 8980, 13, 63684, 65645
100, 8990, 13, 63684, 63684
100, 9000, 13, 63684, 64812
100, 9010, 13, 63684, 63684
100, 9020, 13, 63684, 63684
100, 9030, 13, 63684, 64826
100, 9040, 13, 63684, 63684
100, 9050, 13, 63684, 63684
100, 9060, 13, 63684, 63684
100, 9070, 13, 63684, 65195
100, 9080, 13, 63684, 63684
100, 9090, 13, 63601, 63684
100, 9100, 13, 63601, 63601
100, 9110, 13, 63601, 63601
100, 9120, 13, 63601, 63742
100, 9130, 13, 63601, 63891
100, 9140, 13, 63501, 63601
100, 9150, 13, 63501, 64177
100, 9160, 13, 63446, 64650
100, 9170, 13, 63446, 63446
100, 9180, 13, 63446, 63446
100, 9190, 13, 63446, 65003
100, 9200, 13, 63446, 63446
100, 9210, 13, 63446, 63446
100, 9220, 13, 63446, 63446
100, 9230, 13, 63368, 63446
100, 9240, 13, 63268, 63368
100, 9250, 13, 63268, 63268
100, 9260, 13, 63268, 64273
100, 9270, 13, 63268, 63268
100, 9280, 13, 63186, 63268
100, 9290, 13, 63186, 64111
100, 9300, 13, 63186, 64327
100, 9310, 13, 63186, 63588
100, 9320, 13, 63186, 64329
100, 9330, 13, 63186, 63186
100, 9340, 13, 63186, 63186
100, 9350, 13, 63186, 63186
100, 9360, 13, 63186, 63450
100, 9370, 13, 63186, 63186
100, 9380, 13, 63186, 63186
100, 9390, 13, 63180, 63186
100, 9400, 13, 63180, 63427
100, 9410, 13, 63180, 63180
100, 9420, 13, 63180, 63180
100, 9430, 13, 63180, 63322
100, 9440, 13, 63180, 64278
100, 9450, 13, 63163, 63180
100, 9460, 13, 63163, 63163
100, 9470, 13, 63163, 63163
100, 9480, 13, 63074, 63163
100, 9490, 13, 62980, 64112
100, 9500, 13, 62980, 63628
100, 9510, 13, 62980, 62980
100, 9520, 13, 62955, 62980
100, 9530, 13, 62955, 62955
100, 9540, 13, 62950, 62955
100, 9550, 13, 62871, 62950
100, 9560, 13, 62871, 62871
100, 9570, 13, 62788, 62871
100, 9580, 13, 62788, 62788
100, 9590, 13, 62788, 62788
100, 9600, 13, 62788, 62788
100, 9610, 13, 62788, 62788
100, 9620, 13, 62788, 62911
100, 9630, 13, 62744, 62788
100, 9640, 13, 62726, 64154
100, 9650, 13, 62726, 62726
100, 9660, 13, 62726, 62726
100, 9670, 13, 62726, 62989
100, 9680, 13, 62726, 62726
100, 9690, 13, 62708, 62726
100, 9700, 13, 62708, 62708
100, 9710, 13, 62708, 63308
100, 9720, 13, 62708, 62708
100, 9730, 13, 62708, 64630
100, 9740, 13, 62708, 62708
100, 9750, 13, 62708, 62708
100, 9760, 13, 62708, 64752
100, 9770, 13, 62708, 63589
100, 9780, 13, 62708, 62708
100, 9790, 13, 62708, 62708
100, 9800, 13, 62625, 62708
100, 9810, 13, 62625, 62625
100, 9820, 13, 62625, 62625
100, 9830, 13, 62625, 62625
100, 9840, 13, 62625, 63425
100, 9850, 13, 62625, 62625
100, 9860, 13, 62625, 64748
100, 9870, 13, 62625, 62625
100, 9880, 13, 62625, 62625
100, 9890, 13, 62625, 62625
100, 9900, 13, 62625, 62625
100, 9910, 13, 62600, 62625
100, 9920, 13, 62600, 62600
100, 9930, 13, 62535, 62600
100, 9940, 13, 62535, 62535
100, 9950, 13, 62535, 62535
100, 9960, 13, 62499, 63093
100, 9970, 13, 62410, 62499
100, 9980, 13, 62410, 62410
100, 9990, 13, 62390, 62390
100, 10000, 13, 62390, 62926
100, 10010, 13, 62390, 62390
100, 10020, 13, 62390, 62390
100, 10030, 13, 62390, 62390
100, 10040, 13, 62390, 62390
100, 10050, 13, 62390, 62390
100, 10060, 13, 62390, 62390
100, 10070, 13, 62390, 62390
100, 10080, 13, 62390, 62390
100, 10090, 13, 62390, 62390
100, 10100, 13, 62390, 62390
100, 10110, 13, 62390, 62390
100, 10120, 13, 62390, 63205
100, 10130, 13, 62390, 62390
100, 10140, 13, 62390, 63398
100, 10150, 13, 62390, 62390
100, 10160, 13, 62390, 62390
100, 10170, 13, 62350, 62390
100, 10180, 13, 62350, 62350
100, 10190, 13, 62350, 62350
100, 10200, 13, 62350, 62350
100, 10210, 13, 62350, 62350
100, 10220, 13, 62350, 62350
100, 10230, 13, 62350, 62350
100, 10240, 13, 62350, 62350
100, 10250, 13, 62350, 62350
100, 10260, 13, 62350, 62350
100, 10270, 13, 62350, 62474
100, 10280, 13, 62350, 62836
100, 10290, 13, 62350, 62350
100, 10300, 13, 62350, 62350
100, 10310, 13, 62350, 62350
100, 10320, 13, 62350, 62350
100, 10330, 13, 62350, 62350
100, 10340, 13, 62350, 62350
100, 10350, 13, 62350, 62350
100, 10360, 13, 62350, 62350
100, 10370, 13, 62347, 62350
100, 10380, 13, 62347, 62347
100, 10390, 13, 62347, 62547
100, 10400, 13, 62347, 62347
100, 10410, 13, 62347, 62934
100, 10420, 13, 62347, 62347
100, 10430, 13, 62347, 62347
100, 10440, 13, 62256, 62347
100, 10450, 13, 62173, 62173
100, 10460, 13, 62173, 62173
100, 10470, 13, 62173, 62173
100, 10480, 13, 62173, 62173
100, 10490, 13, 62173, 62173
100, 10500, 13, 62156, 62173
100, 10510, 13, 62156, 62976
100, 10520, 13, 62115, 62156
100, 10530, 13, 62064, 62115
100, 10540, 13, 61947, 62064
100, 10550, 13, 61947, 61947
100, 10560, 13, 61918, 61947
100, 10570, 13, 61876, 61918
100, 10580, 13, 61724, 62913
100, 10590, 13, 61641, 61724
100, 10600, 13, 61641, 61641
100, 10610, 13, 61641, 61641
100, 10620, 13, 61641, 61641
100, 10630, 13, 61641, 62656
100, 10640, 13, 61641, 61641
100, 10650, 13, 61641, 61641
100, 10660, 13, 61641, 61641
100, 10670, 13, 61641, 61641
100, 10680, 13, 61641, 61641
100, 10690, 13, 61631, 61641
100, 10700, 13, 61631, 61631
100, 10710, 13, 61631, 62198
100, 10720, 13, 61631, 61631
100, 10730, 13, 61631, 61631
100, 10740, 13, 61631, 61631
100, 10750, 13, 61631, 61631
100, 10760, 13, 61631, 61631
100, 10770, 13, 61572, 61631
100, 10780, 13, 61572, 61572
100, 10790, 13, 61572, 61833
100, 10800, 13, 61572, 61572
100, 10810, 13, 61572, 61572
100, 10820, 13, 61572, 61572
100, 10830, 13, 61572, 61572
100, 10840, 13, 61572, 61572
100, 10850, 13, 61572, 61572
100, 10860, 13, 61572, 61572
100, 10870, 13, 61572, 61572
100, 10880, 13, 61572, 61572
100, 10890, 13, 61572, 61572
100, 10900, 13, 61572, 61572
100, 10910, 13, 61572, 61572
100, 10920, 13, 61392, 61572
100, 10930, 13, 61392, 61392
100, 10940, 13, 61392, 61392
100, 10950, 13, 61392, 61392
100, 10960, 13, 61392, 61392
100, 10970, 13, 61392, 61978
100, 10980, 13, 61392, 61392
100, 10990, 13, 61248, 61392
100, 11000, 13, 61248, 61248
100, 11010, 13, 61248, 61248
100, 11020, 13, 61248, 61248
100, 11030, 13, 61248, 61248
100, 11040, 13, 61154, 61248
100, 11050, 13, 61154, 61154
100, 11060, 13, 61154, 61154
100, 11070, 13, 61132, 61154
100, 11080, 13, 61132, 61132
100, 11090, 13, 61132, 61132
100, 11100, 13, 61132, 61132
100, 11110, 13, 61132, 61132
100, 11120, 13, 61132, 61132
100, 11130, 13, 61130, 61130
100, 11140, 13, 61130, 61130
100, 11150, 13, 61130, 61130
100, 11160, 13, 61130, 61130
100, 11170, 13, 61130, 61130
100, 11180, 13, 61130, 61130
100, 11190, 13, 61130, 61130
100, 11200, 13, 61047, 61130
100, 11210, 13, 61047, 61047
100, 11220, 13, 61047, 61047
100, 11230, 13, 61047, 61047
100, 11240, 13, 61047, 61047
100, 11250, 13, 61047, 61047
100, 11260, 13, 61047, 61047
100, 11270, 13, 61025, 61047
100, 11280, 13, 61025, 61025
100, 11290, 13, 61025, 61650
100, 11300, 13, 61025, 61025
100, 11310, 13, 61025, 61025
100, 11320, 13, 61025, 61025
100, 11330, 13, 61025, 61025
100, 11340, 13, 61025, 61025
100, 11350, 13, 61025, 61025
100, 11360, 13, 61025, 61025
100, 11370, 13, 61025, 61025
100, 11380, 13, 61025, 61025
100, 11390, 13, 61025, 61025
100, 11400, 13, 61025, 61025
100, 11410, 13, 61025, 61025
100, 11420, 13, 61025, 61025
100, 11430, 13, 61025, 61025
100, 11440, 13, 61025, 61025
100, 11450, 13, 61025, 61025
100, 11460, 13, 61025, 61025
100, 11470, 13, 61025, 61025
100, 11480, 13, 61025, 61025
100, 11490, 13, 61025, 61025
100, 11500, 13, 61025, 61025
100, 11510, 13, 61025, 61025
100, 11520, 13, 60781, 61021
100, 11530, 13, 60781, 60781
100, 11540, 13, 60781, 60781
100, 11550, 13, 60721, 60781
100, 11560, 13, 60721, 60721
100, 11570, 13, 60721, 60721
100, 11580, 13, 60673, 60680
100, 11590, 13, 60673, 60673
100, 11600, 13, 60673, 60673
100, 11610, 13, 60673, 60673
100, 11620, 13, 60618, 60673
100, 11630, 13, 60618, 61353
100, 11640, 13, 60618, 60618
100, 11650, 13, 60618, 60618
100, 11660, 13, 60618, 60618
100, 11670, 13, 60618, 60618
100, 11680, 13, 60618, 60618
100, 11690, 13, 60600, 60618
100, 11700, 13, 60600, 60600
100, 11710, 13, 60600, 60600
100, 11720, 13, 60600, 60600
100, 11730, 13, 60600, 60600
100, 11740, 13, 60600, 60600
100, 11750, 13, 60600, 60600
100, 11760, 13, 60600, 60600
100, 11770, 13, 60517, 60600
100, 11780, 13, 60517, 60517
100, 11790, 13, 60517, 60517
100, 11800, 13, 60517, 60517
100, 11810, 13, 60517, 60517
100, 11820, 13, 60517, 60517
100, 11830, 13, 60517, 60517
100, 11840, 13, 60515, 60517
100, 11850, 13, 60515, 60515
100, 11860, 13, 60515, 60515
100, 11870, 13, 60515, 60515
100, 11880, 13, 60515, 60515
100, 11890, 13, 60515, 60515
100, 11900, 13, 60515, 60515
100, 11910, 13, 60515, 60515
100, 11920, 13, 60515, 61355
100, 11930, 13, 60515, 60515
100, 11940, 13, 60515, 60515
100, 11950, 13, 60515, 60515
100, 11960, 13, 60515, 60515
100, 11970, 13, 60515, 60515
100, 11980, 13, 60515, 60515
100, 11990, 13, 60515, 60515
100, 12000, 13, 60515, 60515
100, 12010, 13, 60515, 60515
100, 12020, 13, 60515, 60515
100, 12030, 13, 60515, 60515
100, 12040, 13, 60515, 60515
100, 12050, 13, 60515, 60515
100, 12060, 13, 60515, 60515
100, 12070, 13, 60497, 60515
100, 12080, 13, 60497, 60497
100, 12090, 13, 60497, 60497
100, 12100, 13, 60497, 60497
100, 12110, 13, 60497, 60497
100, 12120, 13, 60497, 60497
100, 12130, 13, 60497, 60497
100, 12140, 13, 60497, 60497
100, 12150, 13, 60497, 60497
100, 12160, 13, 60462, 60462
100, 12170, 13, 60462, 60462
100, 12180, 13, 60462, 60462
100, 12190, 13, 60462, 60462
100, 12200, 13, 60462, 60462
100, 12210, 13, 60462, 60462
100, 12220, 13, 60462, 60462
100, 12230, 13, 60462, 60462
100, 12240, 13, 60462, 60462
100, 12250, 13, 60462, 60462
100, 12260, 13, 60462, 60462
100, 12270, 13, 60462, 60462
100, 12280, 13, 60462, 60462
100, 12290, 13, 60462, 60462
100, 12300, 13, 60462, 60462
100, 12310, 13, 60462, 60462
100, 12320, 13, 60462, 60462
100, 12330, 13, 60462, 60462
100, 12340, 13, 60462, 60462
100, 12350, 13, 60462, 60462
100, 12360, 13, 60462, 60462
100, 12370, 13, 60462, 60462
100, 12380, 13, 60462, 60462
100, 12390, 13, 60462, 60462
100, 12400, 13, 60385, 60385
100, 12410, 13, 60385, 60385
100, 12420, 13, 60330, 60385
100, 12430, 13, 60307, 60330
100, 12440, 13, 60307, 60307
100, 12450, 13, 60307, 60307
100, 12460, 13, 60151, 60151
100, 12470, 13, 60151, 60151
100, 12480, 13, 60151, 60151
100, 12490, 13, 60151, 60151
100, 12500, 13, 60069, 60069
100, 12510, 13, 60069, 60069
100, 12520, 13, 60069, 60127
100, 12530, 13, 60069, 60069
100, 12540, 13, 60069, 60069
100, 12550, 13, 60069, 60069
100, 12560, 13, 60069, 60069
100, 12570, 13, 60069, 60069
100, 12580, 13, 60069, 60069
100, 12590, 13, 60069, 60069
100, 12600, 13, 60069, 60069
100, 12610, 13, 60069, 60069
100, 12620, 13, 60069, 60069
100, 12630, 13, 60069, 60069
100, 12640, 13, 60069, 60069
100, 12650, 13, 60069, 60069
100, 12660, 13, 60069, 60069
100, 12670, 13, 60069, 60069
100, 12680, 13, 60069, 60069
100, 12690, 13, 60069, 60069
100, 12700, 13, 60069, 60069
100, 12710, 13, 60069, 60069
100, 12720, 13, 60069, 60069
100, 12730, 13, 60069, 60069
100, 12740, 13, 60003, 60003
100, 12750, 13, 60003, 60003
100, 12760, 13, 60003, 60003
100, 12770, 13, 59997, 60003
100, 12780, 13, 59997, 59997
100, 12790, 13, 59997, 59997
100, 12800, 13, 59997, 59997
100, 12810, 13, 59997, 59997
100, 12820, 13, 59997, 59997
100, 12830, 13, 59997, 59997
100, 12840, 13, 59997, 59997
100, 12850, 13, 59997, 59997
100, 12860, 13, 59997, 59997
100, 12870, 13, 59997, 59997
100, 12880, 13, 59997, 59997
100, 12890, 13, 59997, 59997
100, 12900, 13, 59997, 59997
100, 12910, 13, 59997, 59997
100, 12920, 13, 59997, 59997
100, 12930, 13, 59997, 59997
100, 12940, 13, 59997, 59997
100, 12950, 13, 59997, 59997
100, 12960, 13, 59997, 59997
100, 12970, 13, 59997, 59997
100, 12980, 13, 59997, 59997
100, 12990, 13, 59997, 59997
100, 13000, 13, 59990, 59990
100, 13010, 13, 59990, 59990
100, 13020, 13, 59990, 59990
100, 13030, 13, 59990, 59990
100, 13040, 13, 59990, 59990
100, 13050, 13, 59990, 59990
100, 13060, 13, 59990, 59990
100, 13070, 13, 59990, 59990
100, 13080, 13, 59990, 59990
100, 13090, 13, 59990, 59990
100, 13100, 13, 59990, 59990
100, 13110, 13, 59980, 59990
100, 13120, 13, 59980, 59980
100, 13130, 13, 59980, 59980
100, 13140, 13, 59919, 59980
100, 13150, 13, 59919, 59919
100, 13160, 13, 59919, 59919
100, 13170, 13, 59919, 59919
100, 13180, 13, 59919, 59919
100, 13190, 13, 59919, 59919
100, 13200, 13, 59919, 59919
100, 13210, 13, 59919, 59919
100, 13220, 13, 59919, 59919
100, 13230, 13, 59919, 59919
100, 13240, 13, 59919, 59919
100, 13250, 13, 59919, 59919
100, 13260, 13, 59919, 59919
100, 13270, 13, 59919, 59919
100, 13280, 13, 59919, 59919
100, 13290, 13, 59919, 59919
100, 13300, 13, 59919, 59919
100, 13310, 13, 59919, 59919
100, 13320, 13, 59919, 59919
100, 13330, 13, 59919, 59919
100, 13340, 13, 59919, 59919
100, 13350, 13, 59816, 59919
100, 13360, 13, 59816, 59816
100, 13370, 13, 59816, 59816
100, 13380, 13, 59816, 59816
100, 13390, 13, 59816, 59816
100, 13400, 13, 59816, 59816
100, 13410, 13, 59816, 59816
100, 13420, 13, 59816, 59816
100, 13430, 13, 59816, 59816
100, 13440, 13, 59807, 59816
100, 13450, 13, 59807, 59807
100, 13460, 13, 59807, 59807
100, 13470, 13, 59807, 59807
100, 13480, 13, 59807, 59807
100, 13490, 13, 59807, 59807
100, 13500, 13, 59807, 59807
100, 13510, 13, 59807, 59807
100, 13520, 13, 59807, 59807
100, 13530, 13, 59807, 59807
100, 13540, 13, 59807, 59807
100, 13550, 13, 59807, 59807
100, 13560, 13, 59807, 59807
100, 13570, 13, 59807, 59807
100, 13580, 13, 59807, 59807
100, 13590, 13, 59807, 59807
100, 13600, 13, 59807, 59807
100, 13610, 13, 59807, 59807
100, 13620, 13, 59807, 59807
100, 13630, 13, 59807, 59807
100, 13640, 13, 59807, 59807
100, 13650, 13, 59807, 59807
100, 13660, 13, 59807, 59807
100, 13670, 13, 59807, 59807
100, 13680, 13, 59807, 59807
100, 13690, 13, 59789, 59789
100, 13700, 13, 59789, 59789
100, 13710, 13, 59789, 59789
100, 13720, 13, 59589, 59589
100, 13730, 13, 59589, 59589
100, 13740, 13, 59589, 59589
100, 13750, 13, 59589, 59589
100, 13760, 13, 59589, 59589
100, 13770, 13, 59589, 59589
100, 13780, 13, 59589, 59589
100, 13790, 13, 59589, 59589
100, 13800, 13, 59589, 59589
100, 13810, 13, 59589, 59589
100, 13820, 13, 59589, 59589
100, 13830, 13, 59589, 59589
100, 13840, 13, 59589, 59589
100, 13850, 13, 59589, 59589
100, 13860, 13, 59589, 59589
100, 13870, 13, 59589, 59589
100, 13880, 13, 59589, 59589
100, 13890, 13, 59589, 59589
100, 13900, 13, 59589, 59589
100, 13910, 13, 59589, 59589
100, 13920, 13, 59589, 59589
100, 13930, 13, 59589, 59589
100, 13940, 13, 59589, 59589
100, 13950, 13, 59589, 59589
100, 13960, 13, 59589, 59589
100, 13970, 13, 59589, 59589
100, 13980, 13, 59589, 59589
100, 13990, 13, 59589, 59589
100, 14000, 13, 59589, 59589
100, 14010, 13, 59506, 59506
100, 14020, 13, 59506, 59506
100, 14030, 13, 59506, 59506
100, 14040, 13, 59506, 59506
100, 14050, 13, 59506, 59506
100, 14060, 13, 59506, 59506
100, 14070, 13, 59506, 59506
100, 14080, 13, 59506, 59506
100, 14090, 13, 59506, 59506
100, 14100, 13, 59506, 59506
100, 14110, 13, 59506, 59506
100, 14120, 13, 59506, 59506
100, 14130, 13, 59506, 59506
100, 14140, 13, 59506, 59506
100, 14150, 13, 59506, 59506
100, 14160, 13, 59506, 59506
100, 14170, 13, 59506, 59506
100, 14180, 13, 59506, 59506
100, 14190, 13, 59503, 59503
100, 14200, 13, 59503, 59503
100, 14210, 13, 59503, 59503
100, 14220, 13, 59503, 59503
100, 14230, 13, 59503, 59503
100, 14240, 13, 59503, 59503
100, 14250, 13, 59503, 59503
100, 14260, 13, 59503, 59503
100, 14270, 13, 59503, 59503
100, 14280, 13, 59503, 59503
100, 14290, 13, 59503, 59503
100, 14300, 13, 59503, 59503
100, 14310, 13, 59503, 59503
100, 14320, 13, 59503, 59503
100, 14330, 13, 59503, 59503
100, 14340, 13, 59503, 59503
100, 14350, 13, 59462, 59462
100, 14360, 13, 59462, 59462
100, 14370, 13, 59462, 59462
100, 14380, 13, 59462, 59462
100, 14390, 13, 59462, 59462
100, 14400, 13, 59462, 59462
100, 14410, 13, 59462, 59462
100, 14420, 13, 59462, 59462
100, 14430, 13, 59462, 59462
100, 14440, 13, 59462, 59462
100, 14450, 13, 59462, 59462
100, 14460, 13, 59462, 59462
100, 14470, 13, 59462, 59462
100, 14480, 13, 59462, 59462
100, 14490, 13, 59462, 59462
100, 14500, 13, 59462, 59462
100, 14510, 13, 59462, 59462
100, 14520, 13, 59462, 59462
100, 14530, 13, 59445, 59462
100, 14540, 13, 59445, 59445
100, 14550, 13, 59445, 59445
100, 14560, 13, 59445, 59445
100, 14570, 13, 59445, 59445
100, 14580, 13, 59445, 59445
100, 14590, 13, 59445, 59445
100, 14600, 13, 59445, 59445
100, 14610, 13, 59445, 59445
100, 14620, 13, 59445, 59445
100, 14630, 13, 59445, 59445
100, 14640, 13, 59445, 59445
100, 14650, 13, 59445, 59445
100, 14660, 13, 59445, 59445
100, 14670, 13, 59412, 59445
100, 14680, 13, 59412, 59412
100, 14690, 13, 59354, 59354
100, 14700, 13, 59354, 59354
100, 14710, 13, 59354, 59354
100, 14720, 13, 59354, 59354
100, 14730, 13, 59354, 59354
100, 14740, 13, 59354, 59354
100, 14750, 13, 59354, 59354
100, 14760, 13, 59316, 59316
100, 14770, 13, 59316, 59316
100, 14780, 13, 59316, 59316
100, 14790, 13, 59316, 59316
100, 14800, 13, 59316, 59316
100, 14810, 13, 59316, 59316
100, 14820, 13, 59316, 59316
100, 14830, 13, 59316, 59316
100, 14840, 13, 59316, 59316
100, 14850, 13, 59316, 59316
100, 14860, 13, 59316, 59316
100, 14870, 13, 59316, 59316
100, 14880, 13, 59316, 59316
100, 14890, 13, 59316, 59316
100, 14900, 13, 59316, 59316
100, 14910, 13, 59316, 59316
100, 14920, 13, 59316, 59316
100, 14930, 13, 59316, 59316
100, 14940, 13, 59316, 59316
100, 14950, 13, 59316, 59316
100, 14960, 13, 59316, 59316
100, 14970, 13, 59316, 59316
100, 14980, 13, 59316, 59316
100, 14990, 13, 59316, 59316
100, 15000, 13, 59316, 59316
100, 15010, 13, 59316, 59316
100, 15020, 13, 59316, 59316
100, 15030, 13, 59316, 59316
100, 15040, 13, 59316, 59316
100, 15050, 13, 59316, 59316
100, 15060, 13, 59316, 59316
100, 15070, 13, 59316, 59316
100, 15080, 13, 59316, 59316
100, 15090, 13, 59316, 59316
100, 15100, 13, 59316, 59316
100, 15110, 13, 59316, 59316
100, 15120, 13, 59316, 59316
100, 15130, 13, 59316, 59316
100, 15140, 13, 59316, 59316
100, 15150, 13, 59316, 59316
100, 15160, 13, 59316, 59316
100, 15170, 13, 59316, 59316
100, 15180, 13, 59316, 59316
100, 15190, 13, 59316, 59316
100, 15200, 13, 59316, 59316
100, 15210, 13, 59316, 59316
100, 15220, 13, 59316, 59316
100, 15230, 13, 59316, 59316
100, 15240, 13, 59316, 59316
100, 15250, 13, 59316, 59316
100, 15260, 13, 59316, 59316
100, 15270, 13, 59100, 59100
100, 15280, 13, 59100, 59100
100, 15290, 13, 59100, 59100
100, 15300, 13, 59100, 59100
100, 15310, 13, 59017, 59100
100, 15320, 13, 59017, 59017
100, 15330, 13, 59017, 59017
100, 15340, 13, 59017, 59017
100, 15350, 13, 59017, 59017
100, 15360, 13, 59017, 59017
100, 15370, 13, 59017, 59017
100, 15380, 13, 59017, 59017
100, 15390, 13, 59017, 59017
100, 15400, 13, 59017, 59017
100, 15410, 13, 59017, 59017
100, 15420, 13, 59017, 59017
100, 15430, 13, 59017, 59017
100, 15440, 13, 59017, 59017
100, 15450, 13, 59017, 59017
100, 15460, 13, 59017, 59017
100, 15470, 13, 59017, 59017
100, 15480, 13, 59017, 59017
100, 15490, 13, 59017, 59017
100, 15500, 13, 59017, 59017
100, 15510, 13, 59017, 59017
100, 15520, 13, 59017, 59017
100, 15530, 13, 59017, 59017
100, 15540, 13, 59017, 59017
100, 15550, 13, 59017, 59017
100, 15560, 13, 59017, 59017
100, 15570, 13, 59017, 59017
100, 15580, 13, 59017, 59017
100, 15590, 13, 59017, 59017
100, 15600, 13, 59017, 59017
100, 15610, 13, 59017, 59017
100, 15620, 13, 59017, 59017
100, 15630, 13, 59017, 59017
100, 15640, 13, 59017, 59017
100, 15650, 13, 59017, 59017
100, 15660, 13, 59017, 59017
100, 15670, 13, 59017, 59017
100, 15680, 13, 59017, 59017
100, 15690, 13, 59017, 59017
100, 15700, 13, 59017, 59017
100, 15710, 13, 59017, 59017
100, 15720, 13, 59017, 59017
100, 15730, 13, 59017, 59017
100, 15740, 13, 59017, 59017
100, 15750, 13, 59017, 59017
100, 15760, 13, 59017, 59017
100, 15770, 13, 59017, 59017
100, 15780, 13, 59017, 59017
100, 15790, 13, 59017, 59017
100, 15800, 13, 59017, 59017
100, 15810, 13, 59017, 59017
100, 15820, 13, 59017, 59017
100, 15830, 13, 59017, 59017
100, 15840, 13, 59017, 59017
100, 15850, 13, 59017, 59017
100, 15860, 13, 59017, 59017
100, 15870, 13, 59017, 59017
100, 15880, 13, 59017, 59017
100, 15890, 13, 59017, 59017
100, 15900, 13, 59017, 59017
100, 15910, 13, 59017, 59017
100, 15920, 13, 59017, 59017
100, 15930, 13, 59017, 59017
100, 15940, 13, 59017, 59017
100, 15950, 13, 59017, 59017
100, 15960, 13, 59017, 59017
100, 15970, 13, 59017, 59017
100, 15980, 13, 59017, 59017
100, 15990, 13, 59017, 59017
100, 16000, 13, 59017, 59017
100, 16010, 13, 59017, 59017
100, 16020, 13, 59017, 59017
100, 16030, 13, 59017, 59017
100, 16040, 13, 59017, 59017
100, 16050, 13, 59017, 59017
100, 16060, 13, 59017, 59017
100, 16070, 13, 59017, 59017
100, 16080, 13, 59017, 59017
100, 16090, 13, 59017, 59017
100, 16100, 13, 59017, 59017
100, 16110, 13, 59017, 59017
100, 16120, 13, 59017, 59017
100, 16130, 13, 59017, 59017
100, 16140, 13, 59017, 59017
100, 16150, 13, 59016, 59017
100, 16160, 13, 59016, 59016
100, 16170, 13, 59016, 59016
100, 16180, 13, 59016, 59016
100, 16190, 13, 59016, 59016
100, 16200, 13, 59016, 59016
100, 16210, 13, 59016, 59016
100, 16220, 13, 59016, 59016
100, 16230, 13, 59016, 59016
100, 16240, 13, 59016, 59016
100, 16250, 13, 59016, 59016
100, 16260, 13, 59016, 59016
100, 16270, 13, 59016, 59016
100, 16280, 13, 59016, 59016
100, 16290, 13, 58934, 59016
100, 16300, 13, 58934, 58934
100, 16310, 13, 58934, 58934
100, 16320, 13, 58882, 58882
100, 16330, 13, 58882, 58882
100, 16340, 13, 58882, 58882
100, 16350, 13, 58882, 58882
100, 16360, 13, 58882, 58882
100, 16370, 13, 58882, 58882
100, 16380, 13, 58882, 58882
100, 16390, 13, 58882, 58882
100, 16400, 13, 58882, 58882
100, 16410, 13, 58882, 58882
100, 16420, 13, 58882, 58882
100, 16430, 13, 58882, 58882
100, 16440, 13, 58849, 58882
100, 16450, 13, 58849, 58849
100, 16460, 13, 58849, 58849
100, 16470, 13, 58849, 58849
100, 16480, 13, 58849, 58849
100, 16490, 13, 58849, 58849
100, 16500, 13, 58849, 58849
100, 16510, 13, 58849, 58849
100, 16520, 13, 58849, 58849
100, 16530, 13, 58849, 58849
100, 16540, 13, 58849, 58849
100, 16550, 13, 58849, 58849
100, 16560, 13, 58849, 58849
100, 16570, 13, 58849, 58849
100, 16580, 13, 58849, 58849
100, 16590, 13, 58849, 58849
100, 16600, 13, 58849, 58849
100, 16610, 13, 58849, 58849
100, 16620, 13, 58849, 58849
100, 16630, 13, 58849, 58849
100, 16640, 13, 58849, 58849
100, 16650, 13, 58849, 58849
100, 16660, 13, 58849, 58849
100, 16670, 13, 58849, 58849
100, 16680, 13, 58849, 58849
100, 16690, 13, 58849, 58849
100, 16700, 13, 58849, 58849
100, 16710, 13, 58849, 58849
100, 16720, 13, 58849, 58849
100, 16730, 13, 58849, 58849
100, 16740, 13, 58849, 58849
100, 16750, 13, 58849, 58849
100, 16760, 13, 58849, 58849
100, 16770, 13, 58849, 58849
100, 16780, 13, 58849, 58849
100, 16790, 13, 58849, 58849
100, 16800, 13, 58849, 58849
100, 16810, 13, 58849, 58849
100, 16820, 13, 58849, 58849
100, 16830, 13, 58849, 58849
100, 16840, 13, 58849, 58849
100, 16850, 13, 58849, 58849
100, 16860, 13, 58849, 58849
100, 16870, 13, 58849, 58849
100, 16880, 13, 58849, 58849
100, 16890, 13, 58849, 58849
100, 16900, 13, 58849, 58849
100, 16910, 13, 58849, 58849
100, 16920, 13, 58849, 58849
100, 16930, 13, 58809, 58849
100, 16940, 13, 58809, 58809
100, 16950, 13, 58809, 58809
100, 16960, 13, 58809, 58809
100, 16970, 13, 58809, 58809
100, 16980, 13, 58809, 58809
100, 16990, 13, 58809, 58809
100, 17000, 13, 58809, 58809
100, 17010, 13, 58809, 58809
100, 17020, 13, 58809, 58809
100, 17030, 13, 58809, 58809
100, 17040, 13, 58809, 58809
100, 17050, 13, 58809, 58809
100, 17060, 13, 58809, 58809
100, 17070, 13, 58809, 58809
100, 17080, 13, 58809, 58809
100, 17090, 13, 58809, 58809
100, 17100, 13, 58809, 58809
100, 17110, 13, 58809, 58809
100, 17120, 13, 58809, 58809
100, 17130, 13, 58809, 58809
100, 17140, 13, 58809, 58809
100, 17150, 13, 58809, 58809
100, 17160, 13, 58809, 58809
100, 17170, 13, 58809, 58809
100, 17180, 13, 58768, 58768
100, 17190, 13, 58768, 58768
100, 17200, 13, 58768, 58768
100, 17210, 13, 58768, 58768
100, 17220, 13, 58768, 58768
100, 17230, 13, 58768, 58768
100, 17240, 13, 58768, 58768
100, 17250, 13, 58768, 58768
100, 17260, 13, 58768, 58768
100, 17270, 13, 58768, 58768
100, 17280, 13, 58768, 58768
100, 17290, 13, 58768, 58768
100, 17300, 13, 58768, 58768
100, 17310, 13, 58768, 58768
100, 17320, 13, 58768, 58768
100, 17330, 13, 58768, 58768
100, 17340, 13, 58768, 58768
100, 17350, 13, 58768, 58768
100, 17360, 13, 58768, 58768
100, 17370, 13, 58768, 58768
100, 17380, 13, 58768, 58768
100, 17390, 13, 58768, 58768
100, 17400, 13, 58768, 58768
100, 17410, 13, 58768, 58768
100, 17420, 13, 58768, 58768
100, 17430, 13, 58768, 58768
100, 17440, 13, 58768, 58768
100, 17450, 13, 58768, 58768
100, 17460, 13, 58768, 58768
100, 17470, 13, 58768, 58768
100, 17480, 13, 58768, 58768
100, 17490, 13, 58768, 58768
100, 17500, 13, 58768, 58768
100, 17510, 13, 58768, 58768
100, 17520, 13, 58768, 58768
100, 17530, 13, 58768, 58768
100, 17540, 13, 58768, 58768
100, 17550, 13, 58768, 58768
100, 17560, 13, 58768, 58768
100, 17570, 13, 58768, 58768
100, 17580, 13, 58768, 58768
100, 17590, 13, 58768, 58768
100, 17600, 13, 58768, 58768
100, 17610, 13, 58768, 58768
100, 17620, 13, 58768, 58768
100, 17630, 13, 58768, 58768
100, 17640, 13, 58768, 58768
100, 17650, 13, 58768, 58768
100, 17660, 13, 58768, 58768
100, 17670, 13, 58768, 58768
100, 17680, 13, 58768, 58768
100, 17690, 13, 58768, 58768
100, 17700, 13, 58768, 58768
100, 17710, 13, 58768, 58768
100, 17720, 13, 58768, 58768
100, 17730, 13, 58768, 58768
100, 17740, 13, 58768, 58768
100, 17750, 13, 58768, 58768
100, 17760, 13, 58768, 58768
100, 17770, 13, 58768, 58768
100, 17780, 13, 58768, 58768
100, 17790, 13, 58768, 58768
100, 17800, 13, 58768, 58768
100, 17810, 13, 58768, 58768
100, 17820, 13, 58768, 58768
100, 17830, 13, 58768, 58768
100, 17840, 13, 58768, 58768
100, 17850, 13, 58768, 58768
100, 17860, 13, 58768, 58768
100, 17870, 13, 58768, 58768
100, 17880, 13, 58768, 58768
100, 17890, 13, 58768, 58768
100, 17900, 13, 58768, 58768
100, 17910, 13, 58768, 58768
100, 17920, 13, 58768, 58768
100, 17930, 13, 58768, 58768
100, 17940, 13, 58768, 58768
100, 17950, 13, 58768, 58768
100, 17960, 13, 58768, 58768
100, 17970, 13, 58768, 58768
100, 17980, 13, 58768, 58768
100, 17990, 13, 58768, 58768
100, 18000, 13, 58768, 58768
100, 18010, 13, 58768, 58768
100, 18020, 13, 58768, 58768
100, 18030, 13, 58768, 58768
100, 18040, 13, 58768, 58768
100, 18050, 13, 58768, 58768
100, 18060, 13, 58768, 58768
100, 18070, 13, 58768, 58768
100, 18080, 13, 58768, 58768
100, 18090, 13, 58768, 58768
100, 18100, 13, 58768, 58768
100, 18110, 13, 58768, 58768
100, 18120, 13, 58768, 58768
100, 18130, 13, 58768, 58768
100, 18140, 13, 58768, 58768
100, 18150, 13, 58768, 58768
100, 18160, 13, 58768, 58768
100, 18170, 13, 58768, 58768
100, 18180, 13, 58768, 58768
100, 18190, 13, 58768, 58768
100, 18200, 13, 58768, 58768
100, 18210, 13, 58768, 58768
100, 18220, 13, 58768, 58768
100, 18230, 13, 58768, 58768
100, 18240, 13, 58768, 58768
100, 18250, 13, 58768, 58768
100, 18260, 13, 58768, 58768
100, 18270, 13, 58768, 58768
100, 18280, 13, 58768, 58768
100, 18290, 13, 58768, 58768
100, 18300, 13, 58768, 58768
100, 18310, 13, 58768, 58768
100, 18320, 13, 58768, 58768
100, 18330, 13, 58768, 58768
100, 18340, 13, 58768, 58768
100, 18350, 13, 58768, 58768
100, 18360, 13, 58768, 58768
100, 18370, 13, 58768, 58768
100, 18380, 13, 58768, 58768
100, 18390, 13, 58768, 58768
100, 18400, 13, 58768, 58768
100, 18410, 13, 58768, 58768
100, 18420, 13, 58768, 58768
100, 18430, 13, 58768, 58768
100, 18440, 13, 58768, 58768
100, 18450, 13, 58768, 58768
100, 18460, 13, 58756, 58768
100, 18470, 13, 58743, 58756
100, 18480, 13, 58743, 58743
100, 18490, 13, 58743, 58743
100, 18500, 13, 58725, 58725
100, 18510, 13, 58725, 58725
100, 18520, 13, 58725, 58725
100, 18530, 13, 58725, 58725
100, 18540, 13, 58725, 58725
100, 18550, 13, 58725, 58725
100, 18560, 13, 58725, 58725
100, 18570, 13, 58725, 58725
100, 18580, 13, 58725, 58725
100, 18590, 13, 58721, 58721
100, 18600, 13, 58645, 58645
100, 18610, 13, 58645, 58645
100, 18620, 13, 58645, 58645
100, 18630, 13, 58645, 58645
100, 18640, 13, 58645, 58645
100, 18650, 13, 58645, 58645
100, 18660, 13, 58645, 58645
100, 18670, 13, 58645, 58645
100, 18680, 13, 58645, 58645
100, 18690, 13, 58645, 58645
100, 18700, 13, 58645, 58645
100, 18710, 13, 58645, 58645
100, 18720, 13, 58645, 58645
100, 18730, 13, 58645, 58645
100, 18740, 13, 58645, 58645
100, 18750, 13, 58645, 58645
100, 18760, 13, 58645, 58645
100, 18770, 13, 58645, 58645
100, 18780, 13, 58645, 58645
100, 18790, 13, 58645, 58645
100, 18800, 13, 58645, 58645
100, 18810, 13, 58645, 58645
100, 18820, 13, 58645, 58645
100, 18830, 13, 58645, 58645
100, 18840, 13, 58645, 58645
100, 18850, 13, 58645, 58645
100, 18860, 13, 58645, 58645
100, 18870, 13, 58645, 58645
100, 18880, 13, 58645, 58645
100, 18890, 13, 58645, 58645
100, 18900, 13, 58645, 58645
100, 18910, 13, 58645, 58645
100, 18920, 13, 58645, 58645
100, 18930, 13, 58645, 58645
100, 18940, 13, 58645, 58645
100, 18950, 13, 58645, 58645
100, 18960, 13, 58645, 58645
100, 18970, 13, 58645, 58645
100, 18980, 13, 58645, 58645
100, 18990, 13, 58645, 58645
100, 19000, 13, 58645, 58645
100, 19010, 13, 58645, 58645
100, 19020, 13, 58645, 58645
100, 19030, 13, 58645, 58645
100, 19040, 13, 58645, 58645
100, 19050, 13, 58645, 58645
100, 19060, 13, 58645, 58645
100, 19070, 13, 58645, 58645
100, 19080, 13, 58645, 58645
100, 19090, 13, 58645, 58645
100, 19100, 13, 58645, 58645
100, 19110, 13, 58645, 58645
100, 19120, 13, 58645, 58645
100, 19130, 13, 58645, 58645
100, 19140, 13, 58645, 58645
100, 19150, 13, 58645, 58645
100, 19160, 13, 58645, 58645
100, 19170, 13, 58645, 58645
100, 19180, 13, 58645, 58645
100, 19190, 13, 58645, 58645
100, 19200, 13, 58645, 58645
100, 19210, 13, 58645, 58645
100, 19220, 13, 58645, 58645
100, 19230, 13, 58645, 58645
100, 19240, 13, 58645, 58645
100, 19250, 13, 58645, 58645
100, 19260, 13, 58645, 58645
100, 19270, 13, 58645, 58645
100, 19280, 13, 58645, 58645
100, 19290, 13, 58645, 58645
100, 19300, 13, 58645, 58645
100, 19310, 13, 58645, 58645
100, 19320, 13, 58645, 58645
100, 19330, 13, 58645, 58645
100, 19340, 13, 58645, 58645
100, 19350, 13, 58645, 58645
100, 19360, 13, 58645, 58645
100, 19370, 13, 58645, 58645
100, 19380, 13, 58645, 58645
100, 19390, 13, 58645, 58645
100, 19400, 13, 58645, 58645
100, 19410, 13, 58645, 58645
100, 19420, 13, 58645, 58645
100, 19430, 13, 58645, 58645
100, 19440, 13, 58645, 58645
100, 19450, 13, 58645, 58645
100, 19460, 13, 58645, 58645
100, 19470, 13, 58645, 58645
100, 19480, 13, 58645, 58645
100, 19490, 13, 58645, 58645
100, 19500, 13, 58645, 58645
100, 19510, 13, 58645, 58645
100, 19520, 13, 58645, 58645
100, 19530, 13, 58645, 58645
100, 19540, 13, 58645, 58645
100, 19550, 13, 58645, 58645
100, 19560, 13, 58645, 58645
100, 19570, 13, 58645, 58645
100, 19580, 13, 58645, 58645
100, 19590, 13, 58645, 58645
100, 19600, 13, 58645, 58645
100, 19610, 13, 58645, 58645
100, 19620, 13, 58645, 58645
100, 19630, 13, 58645, 58645
100, 19640, 13, 58645, 58645
100, 19650, 13, 58645, 58645
100, 19660, 13, 58645, 58645
100, 19670, 13, 58645, 58645
100, 19680, 13, 58645, 58645
100, 19690, 13, 58645, 58645
100, 19700, 13, 58645, 58645
100, 19710, 13, 58645, 58645
100, 19720, 13, 58645, 58645
100, 19730, 13, 58645, 58645
100, 19740, 13, 58645, 58645
100, 19750, 13, 58645, 58645
100, 19760, 13, 58645, 58645
100, 19770, 13, 58645, 58645
100, 19780, 13, 58645, 58645
100, 19790, 13, 58645, 58645
100, 19800, 13, 58645, 58645
100, 19810, 13, 58645, 58645
100, 19820, 13, 58645, 58645
100, 19830, 13, 58645, 58645
100, 19840, 13, 58645, 58645
100, 19850, 13, 58645, 58645
100, 19860, 13, 58645, 58645
100, 19870, 13, 58645, 58645
100, 19880, 13, 58645, 58645
100, 19890, 13, 58645, 58645
100, 19900, 13, 58645, 58645
100, 19910, 13, 58645, 58645
100, 19920, 13, 58645, 58645
100, 19930, 13, 58645, 58645
100, 19940, 13, 58645, 58645
100, 19950, 13, 58645, 58645
100, 19960, 13, 58645, 58645
100, 19970, 13, 58645, 58645
100, 19980, 13, 58645, 58645
100, 19990, 13, 58645, 58645
