Population Size, Generation Count, Repetition, Best Fitness, Median Fitness
50, 0, 9, 749219, 773593
50, 10, 9, 699158, 716067
50, 20, 9, 680074, 684996
50, 30, 9, 660800, 665830
50, 40, 9, 643174, 648981
50, 50, 9, 627440, 633718
50, 60, 9, 614729, 621907
50, 70, 9, 595110, 603758
50, 80, 9, 581216, 586591
50, 90, 9, 568734, 575037
50, 100, 9, 558035, 561962
50, 110, 9, 547760, 552506
50, 120, 9, 536512, 541557
50, 130, 9, 526826, 529848
50, 140, 9, 517131, 523871
50, 150, 9, 511739, 515040
50, 160, 9, 502334, 507535
50, 170, 9, 494933, 499534
50, 180, 9, 487460, 491567
50, 190, 9, 482273, 484242
50, 200, 9, 474779, 477401
50, 210, 9, 459806, 464851
50, 220, 9, 452403, 456028
50, 230, 9, 447886, 452245
50, 240, 9, 443522, 446379
50, 250, 9, 435386, 438760
50, 260, 9, 428948, 432524
50, 270, 9, 422739, 425878
50, 280, 9, 419731, 421636
50, 290, 9, 414702, 418316
50, 300, 9, 412495, 414635
50, 310, 9, 409986, 413301
50, 320, 9, 406705, 410358
50, 330, 9, 401695, 406014
50, 340, 9, 396556, 400499
50, 350, 9, 393750, 398027
50, 360, 9, 390542, 393000
50, 370, 9, 387276, 390595
50, 380, 9, 382743, 386041
50, 390, 9, 379913, 383540
50, 400, 9, 377984, 380682
50, 410, 9, 374762, 378662
50, 420, 9, 368227, 375910
50, 430, 9, 364413, 366690
50, 440, 9, 360349, 362049
50, 450, 9, 356505, 360349
50, 460, 9, 352702, 356206
50, 470, 9, 350705, 353445
50, 480, 9, 346398, 349359
50, 490, 9, 343383, 346022
50, 500, 9, 339201, 342853
50, 510, 9, 337674, 341913
50, 520, 9, 335007, 338622
50, 530, 9, 331537, 334573
50, 540, 9, 328582, 331997
50, 550, 9, 324903, 328106
50, 560, 9, 323367, 326790
50, 570, 9, 320213, 324424
50, 580, 9, 318747, 321024
50, 590, 9, 316634, 318182
50, 600, 9, 313174, 317522
50, 610, 9, 311489, 313510
50, 620, 9, 308778, 311229
50, 630, 9, 303152, 306941
50, 640, 9, 301388, 304424
50, 650, 9, 297485, 301900
50, 660, 9, 295480, 298768
50, 670, 9, 292868, 294778
50, 680, 9, 290318, 293777
50, 690, 9, 288412, 290541
50, 700, 9, 285713, 288869
50, 710, 9, 284670, 287028
50, 720, 9, 280461, 284581
50, 730, 9, 279580, 281760
50, 740, 9, 278022, 280304
50, 750, 9, 276028, 278039
50, 760, 9, 274113, 278284
50, 770, 9, 272757, 276683
50, 780, 9, 271381, 273162
50, 790, 9, 269999, 271735
50, 800, 9, 268059, 270556
50, 810, 9, 266125, 268570
50, 820, 9, 265057, 267845
50, 830, 9, 264347, 266546
50, 840, 9, 262649, 265418
50, 850, 9, 261688, 265663
50, 860, 9, 260212, 262996
50, 870, 9, 258613, 263267
50, 880, 9, 256202, 259410
50, 890, 9, 254458, 256997
50, 900, 9, 253017, 256663
50, 910, 9, 251880, 254256
50, 920, 9, 251000, 255041
50, 930, 9, 250383, 251468
50, 940, 9, 249320, 252239
50, 950, 9, 248815, 250680
50, 960, 9, 247556, 252067
50, 970, 9, 246898, 250154
50, 980, 9, 244311, 246709
50, 990, 9, 243406, 246913
50, 1000, 9, 242126, 246060
50, 1010, 9, 241340, 244111
50, 1020, 9, 240257, 242907
50, 1030, 9, 239075, 242562
50, 1040, 9, 238667, 244219
50, 1050, 9, 237833, 240672
50, 1060, 9, 237095, 240920
50, 1070, 9, 235663, 238724
50, 1080, 9, 235188, 238275
50, 1090, 9, 234908, 237948
50, 1100, 9, 233841, 236508
50, 1110, 9, 232740, 235313
50, 1120, 9, 231975, 234812
50, 1130, 9, 231186, 233306
50, 1140, 9, 229702, 232082
50, 1150, 9, 228854, 231763
50, 1160, 9, 227643, 231193
50, 1170, 9, 226705, 229783
50, 1180, 9, 225066, 227025
50, 1190, 9, 224799, 228259
50, 1200, 9, 223645, 225275
50, 1210, 9, 222931, 225778
50, 1220, 9, 220900, 224004
50, 1230, 9, 219424, 222825
50, 1240, 9, 218626, 221162
50, 1250, 9, 217803, 219972
50, 1260, 9, 216955, 219018
50, 1270, 9, 215687, 217626
50, 1280, 9, 214798, 216571
50, 1290, 9, 213479, 215775
50, 1300, 9, 212648, 215338
50, 1310, 9, 211808, 215064
50, 1320, 9, 211065, 212703
50, 1330, 9, 210521, 212875
50, 1340, 9, 209413, 212213
50, 1350, 9, 208664, 210480
50, 1360, 9, 207797, 209967
50, 1370, 9, 206534, 209343
50, 1380, 9, 205910, 207200
50, 1390, 9, 205434, 206975
50, 1400, 9, 204359, 207236
50, 1410, 9, 203594, 207079
50, 1420, 9, 202375, 204443
50, 1430, 9, 202200, 203340
50, 1440, 9, 201720, 202330
50, 1450, 9, 200002, 203311
50, 1460, 9, 198764, 203528
50, 1470, 9, 198764, 202535
50, 1480, 9, 197798, 200660
50, 1490, 9, 197197, 198821
50, 1500, 9, 196403, 199039
50, 1510, 9, 196039, 198082
50, 1520, 9, 194474, 200323
50, 1530, 9, 193283, 197730
50, 1540, 9, 193093, 195133
50, 1550, 9, 192837, 194839
50, 1560, 9, 191949, 194847
50, 1570, 9, 190367, 193150
50, 1580, 9, 190227, 194289
50, 1590, 9, 189681, 193350
50, 1600, 9, 188428, 190113
50, 1610, 9, 187316, 192216
50, 1620, 9, 186718, 189396
50, 1630, 9, 185064, 188066
50, 1640, 9, 184740, 186278
50, 1650, 9, 183695, 185991
50, 1660, 9, 183276, 186293
50, 1670, 9, 182432, 185933
50, 1680, 9, 182091, 184561
50, 1690, 9, 181066, 183733
50, 1700, 9, 180688, 181836
50, 1710, 9, 179609, 183057
50, 1720, 9, 178348, 181709
50, 1730, 9, 178113, 181332
50, 1740, 9, 176740, 180328
50, 1750, 9, 176480, 178512
50, 1760, 9, 176306, 177402
50, 1770, 9, 176197, 178561
50, 1780, 9, 175783, 179283
50, 1790, 9, 175518, 177615
50, 1800, 9, 174800, 175785
50, 1810, 9, 174787, 176472
50, 1820, 9, 174753, 175811
50, 1830, 9, 174063, 177444
50, 1840, 9, 173879, 176377
50, 1850, 9, 172633, 176980
50, 1860, 9, 172255, 174016
50, 1870, 9, 171670, 172965
50, 1880, 9, 171423, 174534
50, 1890, 9, 171205, 175074
50, 1900, 9, 170272, 173597
50, 1910, 9, 170221, 174303
50, 1920, 9, 169763, 171980
50, 1930, 9, 169003, 172392
50, 1940, 9, 168703, 171014
50, 1950, 9, 167219, 169662
50, 1960, 9, 167030, 169792
50, 1970, 9, 166863, 169056
50, 1980, 9, 166097, 167722
50, 1990, 9, 165737, 167981
50, 2000, 9, 165390, 168253
50, 2010, 9, 164853, 168044
50, 2020, 9, 164117, 166250
50, 2030, 9, 163547, 165325
50, 2040, 9, 163028, 165520
50, 2050, 9, 162547, 164758
50, 2060, 9, 161903, 164854
50, 2070, 9, 161580, 164659
50, 2080, 9, 161551, 163490
50, 2090, 9, 160643, 163625
50, 2100, 9, 159592, 162432
50, 2110, 9, 159260, 161126
50, 2120, 9, 158987, 162696
50, 2130, 9, 158735, 163062
50, 2140, 9, 158479, 162030
50, 2150, 9, 157969, 161700
50, 2160, 9, 157790, 159478
50, 2170, 9, 157387, 157624
50, 2180, 9, 156402, 158054
50, 2190, 9, 155838, 157455
50, 2200, 9, 154707, 156295
50, 2210, 9, 154146, 157669
50, 2220, 9, 153343, 157123
50, 2230, 9, 153278, 155906
50, 2240, 9, 152767, 154505
50, 2250, 9, 152380, 155736
50, 2260, 9, 151996, 155089
50, 2270, 9, 151358, 153139
50, 2280, 9, 151058, 153736
50, 2290, 9, 150720, 153121
50, 2300, 9, 150334, 152452
50, 2310, 9, 149988, 154917
50, 2320, 9, 149886, 153159
50, 2330, 9, 149562, 151513
50, 2340, 9, 148686, 151556
50, 2350, 9, 148231, 150899
50, 2360, 9, 148113, 151048
50, 2370, 9, 147846, 149521
50, 2380, 9, 147615, 149999
50, 2390, 9, 147366, 150881
50, 2400, 9, 147032, 150521
50, 2410, 9, 146661, 147855
50, 2420, 9, 146474, 148778
50, 2430, 9, 145941, 147435
50, 2440, 9, 145882, 148274
50, 2450, 9, 145555, 148885
50, 2460, 9, 145380, 147043
50, 2470, 9, 144606, 147248
50, 2480, 9, 144475, 145415
50, 2490, 9, 144305, 147816
50, 2500, 9, 144153, 147227
50, 2510, 9, 143432, 148709
50, 2520, 9, 142730, 143977
50, 2530, 9, 141545, 144325
50, 2540, 9, 141225, 144462
50, 2550, 9, 141095, 143913
50, 2560, 9, 140382, 142233
50, 2570, 9, 139830, 142095
50, 2580, 9, 139501, 141086
50, 2590, 9, 139077, 141723
50, 2600, 9, 139055, 141238
50, 2610, 9, 138740, 141021
50, 2620, 9, 138036, 142389
50, 2630, 9, 137858, 139173
50, 2640, 9, 137106, 139714
50, 2650, 9, 136609, 139914
50, 2660, 9, 136609, 139721
50, 2670, 9, 136389, 140029
50, 2680, 9, 136319, 138873
50, 2690, 9, 136119, 137340
50, 2700, 9, 135453, 136349
50, 2710, 9, 135179, 137946
50, 2720, 9, 135179, 137768
50, 2730, 9, 134087, 137531
50, 2740, 9, 133775, 136374
50, 2750, 9, 132868, 136883
50, 2760, 9, 132632, 133811
50, 2770, 9, 132632, 134862
50, 2780, 9, 132605, 135908
50, 2790, 9, 132360, 136141
50, 2800, 9, 132343, 134443
50, 2810, 9, 131344, 133354
50, 2820, 9, 131169, 133277
50, 2830, 9, 130550, 133183
50, 2840, 9, 130333, 133560
50, 2850, 9, 130333, 133138
50, 2860, 9, 130333, 130333
50, 2870, 9, 130026, 131376
50, 2880, 9, 129768, 131783
50, 2890, 9, 129634, 129768
50, 2900, 9, 129429, 130808
50, 2910, 9, 128962, 130480
50, 2920, 9, 128826, 129149
50, 2930, 9, 128802, 131043
50, 2940, 9, 128701, 131934
50, 2950, 9, 128473, 129821
50, 2960, 9, 128393, 130625
50, 2970, 9, 128276, 131033
50, 2980, 9, 128229, 130931
50, 2990, 9, 128042, 131193
50, 3000, 9, 127588, 130200
50, 3010, 9, 126855, 130229
50, 3020, 9, 126706, 128720
50, 3030, 9, 126688, 129637
50, 3040, 9, 126259, 127897
50, 3050, 9, 125602, 128515
50, 3060, 9, 124779, 126885
50, 3070, 9, 124603, 125592
50, 3080, 9, 124475, 128077
50, 3090, 9, 124341, 125254
50, 3100, 9, 124266, 125913
50, 3110, 9, 123937, 126310
50, 3120, 9, 123883, 126412
50, 3130, 9, 123879, 125157
50, 3140, 9, 123776, 126252
50, 3150, 9, 123739, 125388
50, 3160, 9, 123363, 126417
50, 3170, 9, 123123, 125065
50, 3180, 9, 123032, 124142
50, 3190, 9, 122553, 125142
50, 3200, 9, 122410, 123576
50, 3210, 9, 122145, 125213
50, 3220, 9, 121779, 124267
50, 3230, 9, 121512, 122732
50, 3240, 9, 121512, 124091
50, 3250, 9, 121472, 123517
50, 3260, 9, 121438, 123199
50, 3270, 9, 121145, 121548
50, 3280, 9, 120759, 123577
50, 3290, 9, 120759, 122277
50, 3300, 9, 120395, 122120
50, 3310, 9, 119996, 124004
50, 3320, 9, 119503, 122221
50, 3330, 9, 119474, 122059
50, 3340, 9, 118956, 120562
50, 3350, 9, 118900, 119758
50, 3360, 9, 118396, 120737
50, 3370, 9, 118098, 120918
50, 3380, 9, 117887, 118098
50, 3390, 9, 117596, 120136
50, 3400, 9, 117333, 120364
50, 3410, 9, 117229, 119193
50, 3420, 9, 116794, 118223
50, 3430, 9, 116734, 118916
50, 3440, 9, 116362, 119501
50, 3450, 9, 116328, 117429
50, 3460, 9, 116148, 117701
50, 3470, 9, 115779, 117184
50, 3480, 9, 115439, 118326
50, 3490, 9, 115218, 117616
50, 3500, 9, 114861, 116513
50, 3510, 9, 114634, 116816
50, 3520, 9, 114634, 116897
50, 3530, 9, 114281, 116655
50, 3540, 9, 114216, 114216
50, 3550, 9, 114216, 116089
50, 3560, 9, 114023, 116155
50, 3570, 9, 114023, 114848
50, 3580, 9, 113831, 115696
50, 3590, 9, 113065, 115833
50, 3600, 9, 112866, 116643
50, 3610, 9, 112557, 113454
50, 3620, 9, 112445, 115907
50, 3630, 9, 112445, 113276
50, 3640, 9, 111629, 113445
50, 3650, 9, 111597, 114585
50, 3660, 9, 111448, 113359
50, 3670, 9, 111448, 113109
50, 3680, 9, 111416, 114495
50, 3690, 9, 111416, 112180
50, 3700, 9, 111347, 111521
50, 3710, 9, 110596, 114044
50, 3720, 9, 110596, 113070
50, 3730, 9, 110588, 111264
50, 3740, 9, 110353, 111692
50, 3750, 9, 110035, 112489
50, 3760, 9, 109954, 112357
50, 3770, 9, 109813, 112068
50, 3780, 9, 109810, 112795
50, 3790, 9, 109686, 112357
50, 3800, 9, 109686, 110856
50, 3810, 9, 109675, 111517
50, 3820, 9, 109675, 110075
50, 3830, 9, 109565, 112106
50, 3840, 9, 109388, 110698
50, 3850, 9, 109337, 112721
50, 3860, 9, 109337, 113534
50, 3870, 9, 109260, 111445
50, 3880, 9, 108938, 109455
50, 3890, 9, 108938, 111137
50, 3900, 9, 108938, 110422
50, 3910, 9, 108653, 110703
50, 3920, 9, 108282, 109309
50, 3930, 9, 107815, 111204
50, 3940, 9, 107815, 110376
50, 3950, 9, 107363, 111319
50, 3960, 9, 107363, 110003
50, 3970, 9, 107085, 107462
50, 3980, 9, 106947, 108499
50, 3990, 9, 106829, 108646
50, 4000, 9, 106431, 109817
50, 4010, 9, 106322, 108900
50, 4020, 9, 106279, 108588
50, 4030, 9, 106187, 107607
50, 4040, 9, 106187, 109245
50, 4050, 9, 106187, 108085
50, 4060, 9, 106026, 108429
50, 4070, 9, 106026, 108504
50, 4080, 9, 105954, 107433
50, 4090, 9, 105665, 107437
50, 4100, 9, 105655, 107728
50, 4110, 9, 105339, 107120
50, 4120, 9, 104893, 106677
50, 4130, 9, 104617, 108295
50, 4140, 9, 104581, 106167
50, 4150, 9, 104499, 108309
50, 4160, 9, 104417, 105033
50, 4170, 9, 103981, 106817
50, 4180, 9, 103774, 105313
50, 4190, 9, 103774, 106137
50, 4200, 9, 103751, 105725
50, 4210, 9, 103661, 104458
50, 4220, 9, 103295, 105475
50, 4230, 9, 103295, 107553
50, 4240, 9, 103078, 104877
50, 4250, 9, 102987, 104239
50, 4260, 9, 102580, 104294
50, 4270, 9, 102580, 103980
50, 4280, 9, 102301, 103808
50, 4290, 9, 102056, 104452
50, 4300, 9, 101947, 104604
50, 4310, 9, 101602, 101947
50, 4320, 9, 101331, 103648
50, 4330, 9, 101169, 103452
50, 4340, 9, 101169, 103898
50, 4350, 9, 101169, 102614
50, 4360, 9, 100993, 101504
50, 4370, 9, 100839, 101953
50, 4380, 9, 100839, 101919
50, 4390, 9, 100710, 103141
50, 4400, 9, 100706, 103068
50, 4410, 9, 100706, 103927
50, 4420, 9, 100706, 101738
50, 4430, 9, 100490, 100706
50, 4440, 9, 100474, 103995
50, 4450, 9, 100376, 102434
50, 4460, 9, 100168, 102051
50, 4470, 9, 100155, 103307
50, 4480, 9, 99957, 101933
50, 4490, 9, 99916, 101413
50, 4500, 9, 99864, 102270
50, 4510, 9, 99758, 101812
50, 4520, 9, 99701, 101601
50, 4530, 9, 99569, 100530
50, 4540, 9, 99291, 101242
50, 4550, 9, 99291, 99342
50, 4560, 9, 99266, 100563
50, 4570, 9, 99266, 101833
50, 4580, 9, 98957, 100299
50, 4590, 9, 98957, 101374
50, 4600, 9, 98859, 100836
50, 4610, 9, 98776, 99841
50, 4620, 9, 98770, 101602
50, 4630, 9, 98770, 100744
50, 4640, 9, 98712, 99087
50, 4650, 9, 98644, 102463
50, 4660, 9, 98644, 98798
50, 4670, 9, 98644, 101324
50, 4680, 9, 98319, 98475
50, 4690, 9, 98203, 99124
50, 4700, 9, 97677, 101119
50, 4710, 9, 97554, 100837
50, 4720, 9, 97554, 99115
50, 4730, 9, 97554, 99445
50, 4740, 9, 96993, 99203
50, 4750, 9, 96901, 97474
50, 4760, 9, 96901, 98005
50, 4770, 9, 96901, 96901
50, 4780, 9, 96901, 99969
50, 4790, 9, 96901, 99700
50, 4800, 9, 96831, 100393
50, 4810, 9, 96653, 98775
50, 4820, 9, 96546, 96653
50, 4830, 9, 96455, 96908
50, 4840, 9, 96455, 98622
50, 4850, 9, 96455, 98282
50, 4860, 9, 96455, 98424
50, 4870, 9, 96331, 97396
50, 4880, 9, 96232, 96331
50, 4890, 9, 96232, 97385
50, 4900, 9, 96149, 99072
50, 4910, 9, 96149, 97747
50, 4920, 9, 95901, 98922
50, 4930, 9, 95901, 98004
50, 4940, 9, 95901, 98657
50, 4950, 9, 95654, 99274
50, 4960, 9, 95633, 98437
50, 4970, 9, 95042, 97071
50, 4980, 9, 95028, 96062
50, 4990, 9, 95028, 96373
50, 5000, 9, 94958, 96488
50, 5010, 9, 94958, 94958
50, 5020, 9, 94875, 96746
50, 5030, 9, 94740, 94875
50, 5040, 9, 94740, 96629
50, 5050, 9, 94467, 94893
50, 5060, 9, 94467, 94531
50, 5070, 9, 94409, 95426
50, 5080, 9, 94309, 94367
50, 5090, 9, 94309, 95939
50, 5100, 9, 94280, 94309
50, 5110, 9, 94280, 95486
50, 5120, 9, 94028, 96959
50, 5130, 9, 94028, 95809
50, 5140, 9, 93763, 94543
50, 5150, 9, 93688, 93764
50, 5160, 9, 93488, 96102
50, 5170, 9, 93470, 93984
50, 5180, 9, 93470, 94756
50, 5190, 9, 93224, 95138
50, 5200, 9, 93198, 93960
50, 5210, 9, 93174, 95187
50, 5220, 9, 93174, 94774
50, 5230, 9, 93072, 93174
50, 5240, 9, 92595, 93196
50, 5250, 9, 92595, 94306
50, 5260, 9, 92409, 92595
50, 5270, 9, 92409, 95880
50, 5280, 9, 92409, 93055
50, 5290, 9, 91977, 93628
50, 5300, 9, 91977, 94517
50, 5310, 9, 91668, 95081
50, 5320, 9, 91668, 93185
50, 5330, 9, 91603, 94171
50, 5340, 9, 91533, 91662
50, 5350, 9, 91476, 93141
50, 5360, 9, 91476, 92446
50, 5370, 9, 91476, 93239
50, 5380, 9, 91188, 93810
50, 5390, 9, 90792, 93561
50, 5400, 9, 90792, 93554
50, 5410, 9, 90776, 92968
50, 5420, 9, 90263, 92844
50, 5430, 9, 90160, 93262
50, 5440, 9, 90061, 90963
50, 5450, 9, 89915, 92459
50, 5460, 9, 89915, 92536
50, 5470, 9, 89622, 91108
50, 5480, 9, 89439, 91928
50, 5490, 9, 89439, 91246
50, 5500, 9, 89439, 92986
50, 5510, 9, 89265, 89265
50, 5520, 9, 89265, 90514
50, 5530, 9, 89091, 92608
50, 5540, 9, 89091, 91226
50, 5550, 9, 88922, 90764
50, 5560, 9, 88891, 90271
50, 5570, 9, 88891, 88891
50, 5580, 9, 88862, 91101
50, 5590, 9, 88862, 89570
50, 5600, 9, 88579, 89287
50, 5610, 9, 88579, 90901
50, 5620, 9, 88525, 89610
50, 5630, 9, 88464, 90251
50, 5640, 9, 88296, 89404
50, 5650, 9, 88296, 90305
50, 5660, 9, 88279, 88296
50, 5670, 9, 87980, 91223
50, 5680, 9, 87980, 89968
50, 5690, 9, 87980, 88264
50, 5700, 9, 87922, 90499
50, 5710, 9, 87922, 87922
50, 5720, 9, 87922, 90698
50, 5730, 9, 87922, 89107
50, 5740, 9, 87816, 87881
50, 5750, 9, 87816, 89990
50, 5760, 9, 87798, 87816
50, 5770, 9, 87609, 89218
50, 5780, 9, 87609, 89835
50, 5790, 9, 87550, 88640
50, 5800, 9, 87550, 90336
50, 5810, 9, 87550, 88944
50, 5820, 9, 87550, 90246
50, 5830, 9, 87550, 89642
50, 5840, 9, 87550, 88922
50, 5850, 9, 87115, 90097
50, 5860, 9, 87056, 87115
50, 5870, 9, 87056, 88385
50, 5880, 9, 86835, 87943
50, 5890, 9, 86750, 90220
50, 5900, 9, 86750, 89023
50, 5910, 9, 86750, 89065
50, 5920, 9, 86391, 89769
50, 5930, 9, 86275, 87428
50, 5940, 9, 86275, 87030
50, 5950, 9, 86275, 88721
50, 5960, 9, 86275, 86275
50, 5970, 9, 86275, 88364
50, 5980, 9, 85933, 86275
50, 5990, 9, 85933, 86449
50, 6000, 9, 85933, 87722
50, 6010, 9, 85771, 87740
50, 6020, 9, 85771, 86547
50, 6030, 9, 85520, 86211
50, 6040, 9, 85520, 86301
50, 6050, 9, 85520, 88359
50, 6060, 9, 85520, 86515
50, 6070, 9, 85520, 86402
50, 6080, 9, 85250, 85550
50, 6090, 9, 84943, 87491
50, 6100, 9, 84843, 85851
50, 6110, 9, 84393, 84843
50, 6120, 9, 84264, 86818
50, 6130, 9, 84264, 85553
50, 6140, 9, 84164, 85888
50, 6150, 9, 84164, 84164
50, 6160, 9, 83563, 85040
50, 6170, 9, 83563, 84713
50, 6180, 9, 83563, 85669
50, 6190, 9, 83563, 85045
50, 6200, 9, 83563, 83933
50, 6210, 9, 83563, 87453
50, 6220, 9, 83514, 84075
50, 6230, 9, 83219, 84610
50, 6240, 9, 83191, 84306
50, 6250, 9, 83050, 83050
50, 6260, 9, 82961, 87618
50, 6270, 9, 82878, 84021
50, 6280, 9, 82878, 86465
50, 6290, 9, 82878, 83678
50, 6300, 9, 82878, 85059
50, 6310, 9, 82878, 87175
50, 6320, 9, 82878, 82878
50, 6330, 9, 82878, 84016
50, 6340, 9, 82878, 84519
50, 6350, 9, 82775, 85902
50, 6360, 9, 82757, 85294
50, 6370, 9, 82726, 83693
50, 6380, 9, 82726, 84793
50, 6390, 9, 82584, 82726
50, 6400, 9, 82584, 86070
50, 6410, 9, 82584, 82584
50, 6420, 9, 82379, 83274
50, 6430, 9, 82379, 83990
50, 6440, 9, 82379, 83511
50, 6450, 9, 82379, 82379
50, 6460, 9, 82240, 84754
50, 6470, 9, 82189, 85729
50, 6480, 9, 82189, 82753
50, 6490, 9, 82151, 85894
50, 6500, 9, 82151, 84430
50, 6510, 9, 82133, 84463
50, 6520, 9, 82133, 84738
50, 6530, 9, 82133, 82133
50, 6540, 9, 82133, 83706
50, 6550, 9, 82133, 83878
50, 6560, 9, 82050, 83754
50, 6570, 9, 81850, 83750
50, 6580, 9, 81809, 83728
50, 6590, 9, 81809, 82564
50, 6600, 9, 81809, 82946
50, 6610, 9, 81734, 84262
50, 6620, 9, 81734, 83400
50, 6630, 9, 81734, 84763
50, 6640, 9, 81734, 83415
50, 6650, 9, 81734, 83089
50, 6660, 9, 81680, 83125
50, 6670, 9, 81427, 84018
50, 6680, 9, 81409, 82728
50, 6690, 9, 81409, 83912
50, 6700, 9, 81409, 81409
50, 6710, 9, 81409, 81409
50, 6720, 9, 81409, 82905
50, 6730, 9, 81268, 83537
50, 6740, 9, 81268, 81268
50, 6750, 9, 81268, 81268
50, 6760, 9, 81268, 82790
50, 6770, 9, 81208, 81268
50, 6780, 9, 81208, 83389
50, 6790, 9, 81008, 81208
50, 6800, 9, 81008, 81775
50, 6810, 9, 81008, 81008
50, 6820, 9, 81008, 82763
50, 6830, 9, 80933, 81008
50, 6840, 9, 80933, 80933
50, 6850, 9, 80933, 82020
50, 6860, 9, 80933, 83625
50, 6870, 9, 80933, 83771
50, 6880, 9, 80671, 83479
50, 6890, 9, 80671, 80671
50, 6900, 9, 80588, 82151
50, 6910, 9, 80588, 83438
50, 6920, 9, 80588, 81847
50, 6930, 9, 80492, 80588
50, 6940, 9, 80492, 81281
50, 6950, 9, 80297, 82241
50, 6960, 9, 80134, 80134
50, 6970, 9, 79993, 80134
50, 6980, 9, 79993, 81440
50, 6990, 9, 79961, 81853
50, 7000, 9, 79961, 80620
50, 7010, 9, 79961, 82802
50, 7020, 9, 79961, 79961
50, 7030, 9, 79961, 81044
50, 7040, 9, 79961, 79961
50, 7050, 9, 79961, 81472
50, 7060, 9, 79961, 82194
50, 7070, 9, 79737, 82008
50, 7080, 9, 79580, 81451
50, 7090, 9, 79580, 82484
50, 7100, 9, 79515, 80991
50, 7110, 9, 79515, 79515
50, 7120, 9, 79404, 81399
50, 7130, 9, 79404, 79404
50, 7140, 9, 79404, 80509
50, 7150, 9, 79374, 79515
50, 7160, 9, 79374, 79374
50, 7170, 9, 79374, 80891
50, 7180, 9, 79374, 81126
50, 7190, 9, 79369, 80614
50, 7200, 9, 79355, 79397
50, 7210, 9, 79355, 81866
50, 7220, 9, 79355, 79355
50, 7230, 9, 79230, 81544
50, 7240, 9, 79230, 79230
50, 7250, 9, 79230, 79230
50, 7260, 9, 79126, 79230
50, 7270, 9, 79071, 81752
50, 7280, 9, 79071, 80205
50, 7290, 9, 78951, 80795
50, 7300, 9, 78951, 79578
50, 7310, 9, 78809, 80393
50, 7320, 9, 78707, 81052
50, 7330, 9, 78635, 79747
50, 7340, 9, 78635, 78635
50, 7350, 9, 78635, 78635
50, 7360, 9, 78635, 79958
50, 7370, 9, 78635, 78635
50, 7380, 9, 78635, 80494
50, 7390, 9, 78635, 78635
50, 7400, 9, 78635, 80027
50, 7410, 9, 78635, 78635
50, 7420, 9, 78602, 78635
50, 7430, 9, 78602, 78602
50, 7440, 9, 78589, 80035
50, 7450, 9, 78433, 79235
50, 7460, 9, 78184, 79802
50, 7470, 9, 78184, 78184
50, 7480, 9, 78143, 78184
50, 7490, 9, 78096, 79287
50, 7500, 9, 78077, 80787
50, 7510, 9, 78077, 80133
50, 7520, 9, 78077, 79974
50, 7530, 9, 78004, 79708
50, 7540, 9, 78004, 79458
50, 7550, 9, 78004, 78004
50, 7560, 9, 78004, 78004
50, 7570, 9, 78004, 79577
50, 7580, 9, 77917, 78004
50, 7590, 9, 77917, 80725
50, 7600, 9, 77917, 77917
50, 7610, 9, 77917, 77917
50, 7620, 9, 77917, 79258
50, 7630, 9, 77917, 80921
50, 7640, 9, 77917, 77917
50, 7650, 9, 77854, 81291
50, 7660, 9, 77854, 80162
50, 7670, 9, 77829, 77854
50, 7680, 9, 77829, 79264
50, 7690, 9, 77829, 77829
50, 7700, 9, 77829, 77829
50, 7710, 9, 77829, 80100
50, 7720, 9, 77829, 77829
50, 7730, 9, 77829, 77829
50, 7740, 9, 77829, 77829
50, 7750, 9, 77829, 77829
50, 7760, 9, 77829, 77829
50, 7770, 9, 77713, 77994
50, 7780, 9, 77713, 77713
50, 7790, 9, 77713, 79037
50, 7800, 9, 77713, 77713
50, 7810, 9, 77713, 79797
50, 7820, 9, 77699, 77713
50, 7830, 9, 77590, 77699
50, 7840, 9, 77590, 77590
50, 7850, 9, 77590, 77590
50, 7860, 9, 77566, 77590
50, 7870, 9, 77549, 79657
50, 7880, 9, 77549, 77549
50, 7890, 9, 77503, 78015
50, 7900, 9, 77485, 77503
50, 7910, 9, 77485, 77485
50, 7920, 9, 77461, 79305
50, 7930, 9, 77461, 77461
50, 7940, 9, 77461, 77984
50, 7950, 9, 77461, 77461
50, 7960, 9, 77461, 79115
50, 7970, 9, 77429, 79430
50, 7980, 9, 77418, 79335
50, 7990, 9, 77381, 78458
50, 8000, 9, 77355, 80854
50, 8010, 9, 77355, 77355
50, 8020, 9, 77355, 77478
50, 8030, 9, 77355, 79301
50, 8040, 9, 77347, 78084
50, 8050, 9, 77347, 77347
50, 8060, 9, 77347, 77347
50, 8070, 9, 77347, 80255
50, 8080, 9, 77347, 77347
50, 8090, 9, 77347, 78619
50, 8100, 9, 77347, 79180
50, 8110, 9, 77129, 77460
50, 8120, 9, 77129, 77925
50, 8130, 9, 77129, 77129
50, 8140, 9, 77129, 77445
50, 8150, 9, 77129, 77129
50, 8160, 9, 77129, 77427
50, 8170, 9, 77116, 79763
50, 8180, 9, 77116, 77116
50, 8190, 9, 76936, 76960
50, 8200, 9, 76936, 76936
50, 8210, 9, 76895, 76936
50, 8220, 9, 76895, 76936
50, 8230, 9, 76895, 76895
50, 8240, 9, 76895, 79093
50, 8250, 9, 76895, 76895
50, 8260, 9, 76895, 76895
50, 8270, 9, 76803, 79903
50, 8280, 9, 76803, 76803
50, 8290, 9, 76803, 76803
50, 8300, 9, 76593, 78259
50, 8310, 9, 76593, 76593
50, 8320, 9, 76568, 78440
50, 8330, 9, 76568, 76568
50, 8340, 9, 76551, 77568
50, 8350, 9, 76533, 77874
50, 8360, 9, 76391, 77637
50, 8370, 9, 76349, 76618
50, 8380, 9, 76349, 76349
50, 8390, 9, 76332, 76960
50, 8400, 9, 76332, 76456
50, 8410, 9, 76332, 76332
50, 8420, 9, 76332, 78593
50, 8430, 9, 76332, 76332
50, 8440, 9, 76332, 77575
50, 8450, 9, 76272, 76332
50, 8460, 9, 76272, 76272
50, 8470, 9, 76272, 77918
50, 8480, 9, 76272, 77776
50, 8490, 9, 76272, 76712
50, 8500, 9, 76272, 77828
50, 8510, 9, 76272, 78593
50, 8520, 9, 76272, 76272
50, 8530, 9, 76272, 76272
50, 8540, 9, 75951, 76272
50, 8550, 9, 75951, 78236
50, 8560, 9, 75951, 76496
50, 8570, 9, 75951, 75951
50, 8580, 9, 75951, 77647
50, 8590, 9, 75951, 75951
50, 8600, 9, 75951, 76001
50, 8610, 9, 75951, 75951
50, 8620, 9, 75951, 76218
50, 8630, 9, 75951, 75951
50, 8640, 9, 75950, 75951
50, 8650, 9, 75950, 76333
50, 8660, 9, 75950, 78217
50, 8670, 9, 75950, 75950
50, 8680, 9, 75890, 78335
50, 8690, 9, 75890, 75890
50, 8700, 9, 75890, 77269
50, 8710, 9, 75890, 75890
50, 8720, 9, 75890, 75890
50, 8730, 9, 75890, 76566
50, 8740, 9, 75876, 75876
50, 8750, 9, 75876, 77116
50, 8760, 9, 75876, 77676
50, 8770, 9, 75759, 75818
50, 8780, 9, 75589, 77142
50, 8790, 9, 75589, 75589
50, 8800, 9, 75589, 75589
50, 8810, 9, 75589, 75589
50, 8820, 9, 75589, 75589
50, 8830, 9, 75589, 75589
50, 8840, 9, 75589, 78246
50, 8850, 9, 75589, 76353
50, 8860, 9, 75589, 75589
50, 8870, 9, 75573, 75589
50, 8880, 9, 75573, 76646
50, 8890, 9, 75571, 75571
50, 8900, 9, 75487, 78125
50, 8910, 9, 75487, 75487
50, 8920, 9, 75487, 75487
50, 8930, 9, 75487, 75487
50, 8940, 9, 75487, 76321
50, 8950, 9, 75435, 75435
50, 8960, 9, 75435, 75435
50, 8970, 9, 75348, 75435
50, 8980, 9, 75348, 75348
50, 8990, 9, 75326, 77330
50, 9000, 9, 75326, 75326
50, 9010, 9, 75210, 75326
50, 9020, 9, 75210, 76777
50, 9030, 9, 75210, 77435
50, 9040, 9, 75100, 75210
50, 9050, 9, 75100, 75100
50, 9060, 9, 75081, 75100
50, 9070, 9, 74917, 75081
50, 9080, 9, 74895, 74917
50, 9090, 9, 74895, 74895
50, 9100, 9, 74895, 75055
50, 9110, 9, 74835, 77639
50, 9120, 9, 74835, 74835
50, 9130, 9, 74835, 74835
50, 9140, 9, 74551, 74957
50, 9150, 9, 74551, 74551
50, 9160, 9, 74551, 76022
50, 9170, 9, 74545, 75466
50, 9180, 9, 74265, 75899
50, 9190, 9, 74265, 74265
50, 9200, 9, 74265, 74265
50, 9210, 9, 74265, 74265
50, 9220, 9, 74147, 76016
50, 9230, 9, 74147, 74147
50, 9240, 9, 74147, 74147
50, 9250, 9, 74147, 75880
50, 9260, 9, 74147, 74147
50, 9270, 9, 74147, 75488
50, 9280, 9, 74147, 74147
50, 9290, 9, 74147, 74147
50, 9300, 9, 74147, 74147
50, 9310, 9, 74147, 74147
50, 9320, 9, 74147, 76507
50, 9330, 9, 74147, 74147
50, 9340, 9, 74147, 74147
50, 9350, 9, 74147, 75408
50, 9360, 9, 74147, 74147
50, 9370, 9, 74031, 74147
50, 9380, 9, 74031, 74031
50, 9390, 9, 74031, 74031
50, 9400, 9, 74031, 74031
50, 9410, 9, 74031, 74290
50, 9420, 9, 74031, 74031
50, 9430, 9, 74031, 74196
50, 9440, 9, 74031, 74031
50, 9450, 9, 74031, 74031
50, 9460, 9, 74031, 75856
50, 9470, 9, 74031, 74159
50, 9480, 9, 74031, 74031
50, 9490, 9, 74031, 74031
50, 9500, 9, 73777, 74031
50, 9510, 9, 73771, 73771
50, 9520, 9, 73771, 74763
50, 9530, 9, 73771, 73771
50, 9540, 9, 73771, 73771
50, 9550, 9, 73771, 73895
50, 9560, 9, 73725, 73725
50, 9570, 9, 73725, 74475
50, 9580, 9, 73700, 73703
50, 9590, 9, 73680, 73683
50, 9600, 9, 73680, 73680
50, 9610, 9, 73680, 75521
50, 9620, 9, 73680, 74115
50, 9630, 9, 73629, 73680
50, 9640, 9, 73629, 73629
50, 9650, 9, 73623, 73623
50, 9660, 9, 73623, 74750
50, 9670, 9, 73623, 73623
50, 9680, 9, 73623, 73623
50, 9690, 9, 73307, 74893
50, 9700, 9, 73307, 73307
50, 9710, 9, 73307, 73904
50, 9720, 9, 73245, 73307
50, 9730, 9, 73245, 74552
50, 9740, 9, 73245, 74353
50, 9750, 9, 73245, 73245
50, 9760, 9, 73245, 73245
50, 9770, 9, 73245, 73245
50, 9780, 9, 73245, 75505
50, 9790, 9, 73245, 74307
50, 9800, 9, 73245, 73245
50, 9810, 9, 73245, 73245
50, 9820, 9, 73245, 73483
50, 9830, 9, 73245, 73245
50, 9840, 9, 73245, 73245
50, 9850, 9, 73182, 75434
50, 9860, 9, 73182, 73182
50, 9870, 9, 73147, 73182
50, 9880, 9, 73126, 73147
50, 9890, 9, 73126, 73542
50, 9900, 9, 73126, 73126
50, 9910, 9, 73126, 73126
50, 9920, 9, 73126, 74201
50, 9930, 9, 73126, 75145
50, 9940, 9, 73126, 74392
50, 9950, 9, 73120, 73126
50, 9960, 9, 73099, 73099
50, 9970, 9, 73099, 74288
50, 9980, 9, 73099, 73099
50, 9990, 9, 73099, 73099
50, 10000, 9, 73099, 73099
50, 10010, 9, 73099, 73099
50, 10020, 9, 73099, 73347
50, 10030, 9, 73099, 74693
50, 10040, 9, 73066, 73099
50, 10050, 9, 73066, 73066
50, 10060, 9, 73066, 73066
50, 10070, 9, 73066, 75272
50, 10080, 9, 72878, 73066
50, 10090, 9, 72878, 72878
50, 10100, 9, 72820, 72820
50, 10110, 9, 72820, 72820
50, 10120, 9, 72820, 72820
50, 10130, 9, 72820, 72820
50, 10140, 9, 72532, 73739
50, 10150, 9, 72532, 72532
50, 10160, 9, 72532, 72973
50, 10170, 9, 72532, 72532
50, 10180, 9, 72532, 73919
50, 10190, 9, 72532, 72532
50, 10200, 9, 72356, 74335
50, 10210, 9, 72290, 72356
50, 10220, 9, 72263, 73099
50, 10230, 9, 72263, 72263
50, 10240, 9, 72122, 72122
50, 10250, 9, 72109, 72122
50, 10260, 9, 72109, 72109
50, 10270, 9, 72109, 72109
50, 10280, 9, 72030, 72109
50, 10290, 9, 72030, 72030
50, 10300, 9, 72030, 72030
50, 10310, 9, 72030, 72030
50, 10320, 9, 72030, 73669
50, 10330, 9, 71954, 73353
50, 10340, 9, 71954, 71954
50, 10350, 9, 71954, 72290
50, 10360, 9, 71954, 71954
50, 10370, 9, 71954, 71954
50, 10380, 9, 71954, 71954
50, 10390, 9, 71954, 71954
50, 10400, 9, 71954, 71954
50, 10410, 9, 71954, 71954
50, 10420, 9, 71954, 73092
50, 10430, 9, 71954, 71954
50, 10440, 9, 71889, 71954
50, 10450, 9, 71882, 71882
50, 10460, 9, 71882, 72759
50, 10470, 9, 71882, 71882
50, 10480, 9, 71882, 71882
50, 10490, 9, 71868, 71882
50, 10500, 9, 71868, 71868
50, 10510, 9, 71868, 71868
50, 10520, 9, 71650, 71850
50, 10530, 9, 71650, 71650
50, 10540, 9, 71650, 71650
50, 10550, 9, 71650, 71933
50, 10560, 9, 71650, 71650
50, 10570, 9, 71650, 71650
50, 10580, 9, 71650, 71650
50, 10590, 9, 71610, 71650
50, 10600, 9, 71610, 71610
50, 10610, 9, 71610, 71610
50, 10620, 9, 71610, 72572
50, 10630, 9, 71610, 71610
50, 10640, 9, 71521, 72143
50, 10650, 9, 71438, 71438
50, 10660, 9, 71438, 71438
50, 10670, 9, 71438, 71438
50, 10680, 9, 71438, 71438
50, 10690, 9, 71438, 72246
50, 10700, 9, 71438, 73927
50, 10710, 9, 71438, 71438
50, 10720, 9, 71438, 72157
50, 10730, 9, 71438, 71438
50, 10740, 9, 71438, 71438
50, 10750, 9, 71438, 71703
50, 10760, 9, 71438, 71438
50, 10770, 9, 71438, 71438
50, 10780, 9, 71438, 73877
50, 10790, 9, 71438, 71438
50, 10800, 9, 71438, 71438
50, 10810, 9, 71438, 71438
50, 10820, 9, 71438, 71438
50, 10830, 9, 71438, 71438
50, 10840, 9, 71417, 71438
50, 10850, 9, 71417, 71417
50, 10860, 9, 71417, 71417
50, 10870, 9, 71417, 72163
50, 10880, 9, 71417, 71417
50, 10890, 9, 71417, 72860
50, 10900, 9, 70985, 72433
50, 10910, 9, 70985, 71778
50, 10920, 9, 70967, 70967
50, 10930, 9, 70967, 70967
50, 10940, 9, 70967, 70967
50, 10950, 9, 70923, 70967
50, 10960, 9, 70923, 70923
50, 10970, 9, 70923, 70923
50, 10980, 9, 70923, 70923
50, 10990, 9, 70923, 73722
50, 11000, 9, 70890, 70923
50, 11010, 9, 70890, 70890
50, 11020, 9, 70890, 70890
50, 11030, 9, 70890, 70890
50, 11040, 9, 70888, 70890
50, 11050, 9, 70888, 70888
50, 11060, 9, 70888, 71078
50, 11070, 9, 70888, 70888
50, 11080, 9, 70888, 70888
50, 11090, 9, 70888, 70888
50, 11100, 9, 70888, 70888
50, 11110, 9, 70888, 70888
50, 11120, 9, 70888, 70888
50, 11130, 9, 70888, 70888
50, 11140, 9, 70888, 70888
50, 11150, 9, 70870, 70870
50, 11160, 9, 70706, 70870
50, 11170, 9, 70706, 70706
50, 11180, 9, 70706, 70706
50, 11190, 9, 70703, 70703
50, 11200, 9, 70695, 70703
50, 11210, 9, 70685, 70685
50, 11220, 9, 70685, 70685
50, 11230, 9, 70685, 70869
50, 11240, 9, 70685, 70685
50, 11250, 9, 70685, 70685
50, 11260, 9, 70685, 70899
50, 11270, 9, 70685, 70685
50, 11280, 9, 70685, 70685
50, 11290, 9, 70685, 72671
50, 11300, 9, 70685, 70685
50, 11310, 9, 70685, 70685
50, 11320, 9, 70685, 70685
50, 11330, 9, 70685, 70685
50, 11340, 9, 70685, 70685
50, 11350, 9, 70634, 72133
50, 11360, 9, 70634, 70634
50, 11370, 9, 70520, 70634
50, 11380, 9, 70520, 70520
50, 11390, 9, 70520, 70520
50, 11400, 9, 70461, 70520
50, 11410, 9, 70461, 70461
50, 11420, 9, 70461, 70461
50, 11430, 9, 70461, 70461
50, 11440, 9, 70461, 70461
50, 11450, 9, 70279, 71382
50, 11460, 9, 70279, 71636
50, 11470, 9, 70196, 70196
50, 11480, 9, 70104, 70104
50, 11490, 9, 70104, 70104
50, 11500, 9, 70104, 70104
50, 11510, 9, 70104, 70104
50, 11520, 9, 70104, 70104
50, 11530, 9, 70104, 70104
50, 11540, 9, 70104, 70104
50, 11550, 9, 70104, 70104
50, 11560, 9, 69969, 70104
50, 11570, 9, 69969, 71295
50, 11580, 9, 69969, 69969
50, 11590, 9, 69969, 69969
50, 11600, 9, 69969, 69969
50, 11610, 9, 69969, 69969
50, 11620, 9, 69969, 69969
50, 11630, 9, 69969, 70574
50, 11640, 9, 69969, 70953
50, 11650, 9, 69969, 71920
50, 11660, 9, 69969, 70400
50, 11670, 9, 69969, 69969
50, 11680, 9, 69951, 69969
50, 11690, 9, 69951, 69951
50, 11700, 9, 69951, 69951
50, 11710, 9, 69951, 69951
50, 11720, 9, 69951, 69951
50, 11730, 9, 69933, 69951
50, 11740, 9, 69896, 69933
50, 11750, 9, 69896, 70788
50, 11760, 9, 69891, 69896
50, 11770, 9, 69891, 70282
50, 11780, 9, 69891, 70677
50, 11790, 9, 69891, 69891
50, 11800, 9, 69891, 70229
50, 11810, 9, 69575, 69891
50, 11820, 9, 69575, 69575
50, 11830, 9, 69575, 69575
50, 11840, 9, 69575, 69575
50, 11850, 9, 69575, 69734
50, 11860, 9, 69575, 69575
50, 11870, 9, 69575, 69575
50, 11880, 9, 69575, 69575
50, 11890, 9, 69575, 69575
50, 11900, 9, 69575, 69575
50, 11910, 9, 69575, 69575
50, 11920, 9, 69466, 70281
50, 11930, 9, 69466, 70620
50, 11940, 9, 69466, 69783
50, 11950, 9, 69466, 69466
50, 11960, 9, 69466, 69466
50, 11970, 9, 69466, 69466
50, 11980, 9, 69466, 69466
50, 11990, 9, 69466, 71286
50, 12000, 9, 69466, 69466
50, 12010, 9, 69466, 69466
50, 12020, 9, 69432, 69641
50, 12030, 9, 69432, 70432
50, 12040, 9, 69432, 69432
50, 12050, 9, 69432, 69432
50, 12060, 9, 69432, 69432
50, 12070, 9, 69432, 71407
50, 12080, 9, 69432, 69432
50, 12090, 9, 69432, 69432
50, 12100, 9, 69361, 69361
50, 12110, 9, 69361, 69361
50, 12120, 9, 69361, 69361
50, 12130, 9, 69361, 69751
50, 12140, 9, 69361, 69361
50, 12150, 9, 69361, 69361
50, 12160, 9, 69296, 69296
50, 12170, 9, 69296, 69296
50, 12180, 9, 69296, 69296
50, 12190, 9, 69296, 69296
50, 12200, 9, 69296, 69296
50, 12210, 9, 69296, 69296
50, 12220, 9, 69296, 69296
50, 12230, 9, 69296, 70296
50, 12240, 9, 69296, 69296
50, 12250, 9, 69296, 69505
50, 12260, 9, 69296, 69296
50, 12270, 9, 69296, 69934
50, 12280, 9, 69181, 69296
50, 12290, 9, 69181, 69181
50, 12300, 9, 69181, 69181
50, 12310, 9, 69181, 69181
50, 12320, 9, 69181, 69181
50, 12330, 9, 69181, 69181
50, 12340, 9, 68970, 68970
50, 12350, 9, 68970, 68970
50, 12360, 9, 68970, 68970
50, 12370, 9, 68970, 68970
50, 12380, 9, 68970, 68970
50, 12390, 9, 68970, 68970
50, 12400, 9, 68970, 68970
50, 12410, 9, 68970, 68970
50, 12420, 9, 68970, 68970
50, 12430, 9, 68970, 68970
50, 12440, 9, 68970, 68970
50, 12450, 9, 68970, 69533
50, 12460, 9, 68970, 68970
50, 12470, 9, 68970, 68970
50, 12480, 9, 68970, 68970
50, 12490, 9, 68810, 68810
50, 12500, 9, 68810, 68810
50, 12510, 9, 68810, 68810
50, 12520, 9, 68810, 68810
50, 12530, 9, 68810, 68810
50, 12540, 9, 68810, 68810
50, 12550, 9, 68675, 68810
50, 12560, 9, 68675, 68675
50, 12570, 9, 68675, 68675
50, 12580, 9, 68675, 68675
50, 12590, 9, 68675, 68675
50, 12600, 9, 68675, 68675
50, 12610, 9, 68610, 68675
50, 12620, 9, 68610, 68610
50, 12630, 9, 68610, 68610
50, 12640, 9, 68610, 68610
50, 12650, 9, 68610, 68610
50, 12660, 9, 68610, 68610
50, 12670, 9, 68610, 68610
50, 12680, 9, 68610, 68610
50, 12690, 9, 68610, 68610
50, 12700, 9, 68592, 68610
50, 12710, 9, 68592, 69304
50, 12720, 9, 68592, 68592
50, 12730, 9, 68592, 68592
50, 12740, 9, 68562, 68562
50, 12750, 9, 68562, 68562
50, 12760, 9, 68562, 68562
50, 12770, 9, 68562, 68562
50, 12780, 9, 68562, 68562
50, 12790, 9, 68562, 68562
50, 12800, 9, 68562, 68562
50, 12810, 9, 68562, 68562
50, 12820, 9, 68562, 68562
50, 12830, 9, 68562, 68562
50, 12840, 9, 68562, 68562
50, 12850, 9, 68361, 68361
50, 12860, 9, 68361, 68361
50, 12870, 9, 68361, 68361
50, 12880, 9, 68361, 68361
50, 12890, 9, 68361, 68361
50, 12900, 9, 68361, 68361
50, 12910, 9, 68361, 68361
50, 12920, 9, 68361, 68361
50, 12930, 9, 68361, 68361
50, 12940, 9, 68361, 69636
50, 12950, 9, 68361, 68361
50, 12960, 9, 68361, 68361
50, 12970, 9, 68361, 68361
50, 12980, 9, 68361, 68361
50, 12990, 9, 68361, 68361
50, 13000, 9, 68361, 68361
50, 13010, 9, 68219, 68219
50, 13020, 9, 68219, 68219
50, 13030, 9, 68219, 68219
50, 13040, 9, 68219, 68219
50, 13050, 9, 68056, 68219
50, 13060, 9, 68056, 68056
50, 13070, 9, 68056, 68056
50, 13080, 9, 68056, 68056
50, 13090, 9, 68056, 68056
50, 13100, 9, 68056, 68056
50, 13110, 9, 67927, 68056
50, 13120, 9, 67879, 67927
50, 13130, 9, 67871, 67879
50, 13140, 9, 67871, 67871
50, 13150, 9, 67871, 67871
50, 13160, 9, 67871, 67871
50, 13170, 9, 67871, 67871
50, 13180, 9, 67871, 67871
50, 13190, 9, 67871, 67871
50, 13200, 9, 67871, 67871
50, 13210, 9, 67871, 67871
50, 13220, 9, 67821, 67871
50, 13230, 9, 67821, 67821
50, 13240, 9, 67821, 67821
50, 13250, 9, 67821, 67821
50, 13260, 9, 67821, 67821
50, 13270, 9, 67821, 67821
50, 13280, 9, 67697, 67821
50, 13290, 9, 67574, 67697
50, 13300, 9, 67574, 67574
50, 13310, 9, 67574, 67574
50, 13320, 9, 67574, 67574
50, 13330, 9, 67574, 67574
50, 13340, 9, 67574, 67574
50, 13350, 9, 67574, 67574
50, 13360, 9, 67574, 67574
50, 13370, 9, 67563, 67563
50, 13380, 9, 67563, 67563
50, 13390, 9, 67563, 67563
50, 13400, 9, 67563, 67563
50, 13410, 9, 67563, 67563
50, 13420, 9, 67563, 67563
50, 13430, 9, 67563, 67563
50, 13440, 9, 67365, 67563
50, 13450, 9, 67365, 67365
50, 13460, 9, 67223, 67223
50, 13470, 9, 67223, 67223
50, 13480, 9, 67223, 67223
50, 13490, 9, 67223, 67223
50, 13500, 9, 67223, 67223
50, 13510, 9, 67223, 67223
50, 13520, 9, 67223, 67223
50, 13530, 9, 67223, 67223
50, 13540, 9, 67223, 67223
50, 13550, 9, 67223, 67223
50, 13560, 9, 67223, 67223
50, 13570, 9, 67223, 67223
50, 13580, 9, 67223, 67223
50, 13590, 9, 67223, 68140
50, 13600, 9, 67223, 67223
50, 13610, 9, 67198, 67223
50, 13620, 9, 67198, 67198
50, 13630, 9, 67198, 67198
50, 13640, 9, 67198, 67198
50, 13650, 9, 67198, 67198
50, 13660, 9, 67198, 67198
50, 13670, 9, 67198, 67198
50, 13680, 9, 67198, 67198
50, 13690, 9, 67198, 67198
50, 13700, 9, 67198, 67198
50, 13710, 9, 67198, 67198
50, 13720, 9, 67198, 67198
50, 13730, 9, 67198, 67198
50, 13740, 9, 67198, 67198
50, 13750, 9, 67198, 67198
50, 13760, 9, 67198, 67198
50, 13770, 9, 67198, 67198
50, 13780, 9, 67171, 67198
50, 13790, 9, 67171, 67171
50, 13800, 9, 67171, 67171
50, 13810, 9, 67156, 67171
50, 13820, 9, 67156, 67156
50, 13830, 9, 67156, 67156
50, 13840, 9, 67156, 67156
50, 13850, 9, 67156, 67156
50, 13860, 9, 67156, 67156
50, 13870, 9, 67156, 67156
50, 13880, 9, 67156, 67156
50, 13890, 9, 67119, 67156
50, 13900, 9, 67119, 67119
50, 13910, 9, 67119, 67119
50, 13920, 9, 67119, 67119
50, 13930, 9, 67119, 67119
50, 13940, 9, 66996, 66996
50, 13950, 9, 66996, 66996
50, 13960, 9, 66996, 66996
50, 13970, 9, 66996, 66996
50, 13980, 9, 66896, 66996
50, 13990, 9, 66896, 66896
50, 14000, 9, 66872, 66896
50, 14010, 9, 66872, 66872
50, 14020, 9, 66872, 66872
50, 14030, 9, 66872, 66872
50, 14040, 9, 66829, 66872
50, 14050, 9, 66829, 66829
50, 14060, 9, 66829, 66829
50, 14070, 9, 66829, 66829
50, 14080, 9, 66829, 66829
50, 14090, 9, 66712, 66712
50, 14100, 9, 66712, 66712
50, 14110, 9, 66712, 66712
50, 14120, 9, 66712, 66712
50, 14130, 9, 66712, 66712
50, 14140, 9, 66612, 66712
50, 14150, 9, 66612, 66612
50, 14160, 9, 66612, 66612
50, 14170, 9, 66612, 66612
50, 14180, 9, 66612, 66612
50, 14190, 9, 66612, 66612
50, 14200, 9, 66612, 66612
50, 14210, 9, 66612, 66612
50, 14220, 9, 66451, 66451
50, 14230, 9, 66451, 66451
50, 14240, 9, 66451, 66451
50, 14250, 9, 66451, 66451
50, 14260, 9, 66451, 67767
50, 14270, 9, 66451, 66451
50, 14280, 9, 66420, 66420
50, 14290, 9, 66413, 66413
50, 14300, 9, 66413, 66413
50, 14310, 9, 66413, 66413
50, 14320, 9, 66372, 66372
50, 14330, 9, 66372, 66372
50, 14340, 9, 66372, 66372
50, 14350, 9, 66372, 66372
50, 14360, 9, 66313, 66372
50, 14370, 9, 66313, 66313
50, 14380, 9, 66313, 66313
50, 14390, 9, 66313, 66313
50, 14400, 9, 66313, 66313
50, 14410, 9, 66313, 66313
50, 14420, 9, 66313, 66313
50, 14430, 9, 66313, 66313
50, 14440, 9, 66313, 66313
50, 14450, 9, 66313, 66313
50, 14460, 9, 66313, 66313
50, 14470, 9, 66313, 66313
50, 14480, 9, 66313, 66313
50, 14490, 9, 66313, 66313
50, 14500, 9, 66313, 66313
50, 14510, 9, 66313, 66313
50, 14520, 9, 66313, 66313
50, 14530, 9, 66312, 66313
50, 14540, 9, 66254, 66254
50, 14550, 9, 66254, 66254
50, 14560, 9, 66254, 66254
50, 14570, 9, 66254, 66254
50, 14580, 9, 66254, 66254
50, 14590, 9, 66254, 66254
50, 14600, 9, 66254, 66254
50, 14610, 9, 66254, 66254
50, 14620, 9, 66213, 66213
50, 14630, 9, 66213, 66213
50, 14640, 9, 66213, 66213
50, 14650, 9, 66213, 66213
50, 14660, 9, 66213, 66213
50, 14670, 9, 66213, 66213
50, 14680, 9, 66213, 66213
50, 14690, 9, 66213, 66213
50, 14700, 9, 66213, 66213
50, 14710, 9, 66213, 66213
50, 14720, 9, 66213, 66213
50, 14730, 9, 66213, 66213
50, 14740, 9, 66213, 66213
50, 14750, 9, 66213, 66213
50, 14760, 9, 66213, 66213
50, 14770, 9, 66213, 66213
50, 14780, 9, 66213, 66213
50, 14790, 9, 66168, 66168
50, 14800, 9, 66168, 66168
50, 14810, 9, 66168, 66423
50, 14820, 9, 66168, 66168
50, 14830, 9, 66168, 66168
50, 14840, 9, 66168, 66168
50, 14850, 9, 66168, 66168
50, 14860, 9, 66168, 66168
50, 14870, 9, 66168, 66168
50, 14880, 9, 66168, 66168
50, 14890, 9, 66168, 66168
50, 14900, 9, 66168, 66168
50, 14910, 9, 66168, 66168
50, 14920, 9, 66168, 66168
50, 14930, 9, 66168, 66168
50, 14940, 9, 66168, 66168
50, 14950, 9, 66168, 66168
50, 14960, 9, 66168, 66168
50, 14970, 9, 66168, 66168
50, 14980, 9, 66168, 66168
50, 14990, 9, 66168, 66168
50, 15000, 9, 66168, 66168
50, 15010, 9, 66109, 66168
50, 15020, 9, 66109, 66109
50, 15030, 9, 65947, 66109
50, 15040, 9, 65947, 65947
50, 15050, 9, 65947, 65947
50, 15060, 9, 65947, 65947
50, 15070, 9, 65947, 65947
50, 15080, 9, 65933, 65933
50, 15090, 9, 65933, 65933
50, 15100, 9, 65933, 65933
50, 15110, 9, 65933, 65933
50, 15120, 9, 65891, 65891
50, 15130, 9, 65891, 65891
50, 15140, 9, 65891, 65891
50, 15150, 9, 65850, 65850
50, 15160, 9, 65850, 65850
50, 15170, 9, 65850, 65850
50, 15180, 9, 65850, 65850
50, 15190, 9, 65850, 65850
50, 15200, 9, 65850, 65850
50, 15210, 9, 65850, 65850
50, 15220, 9, 65850, 65850
50, 15230, 9, 65850, 65850
50, 15240, 9, 65850, 65850
50, 15250, 9, 65850, 65850
50, 15260, 9, 65850, 65850
50, 15270, 9, 65850, 65850
50, 15280, 9, 65850, 65850
50, 15290, 9, 65850, 65850
50, 15300, 9, 65850, 65850
50, 15310, 9, 65850, 65850
50, 15320, 9, 65850, 65850
50, 15330, 9, 65850, 65850
50, 15340, 9, 65850, 65850
50, 15350, 9, 65850, 65850
50, 15360, 9, 65850, 65850
50, 15370, 9, 65850, 65850
50, 15380, 9, 65849, 65850
50, 15390, 9, 65849, 65849
50, 15400, 9, 65849, 65849
50, 15410, 9, 65849, 65849
50, 15420, 9, 65849, 65849
50, 15430, 9, 65849, 65849
50, 15440, 9, 65849, 65849
50, 15450, 9, 65849, 65849
50, 15460, 9, 65849, 65849
50, 15470, 9, 65757, 65849
50, 15480, 9, 65757, 65757
50, 15490, 9, 65757, 65757
50, 15500, 9, 65757, 65757
50, 15510, 9, 65757, 65757
50, 15520, 9, 65757, 65757
50, 15530, 9, 65757, 65757
50, 15540, 9, 65757, 65757
50, 15550, 9, 65757, 65757
50, 15560, 9, 65757, 65757
50, 15570, 9, 65757, 65757
50, 15580, 9, 65757, 65757
50, 15590, 9, 65757, 65757
50, 15600, 9, 65757, 65757
50, 15610, 9, 65757, 65757
50, 15620, 9, 65757, 65757
50, 15630, 9, 65757, 65757
50, 15640, 9, 65757, 65757
50, 15650, 9, 65757, 66477
50, 15660, 9, 65757, 65757
50, 15670, 9, 65757, 65757
50, 15680, 9, 65757, 65757
50, 15690, 9, 65757, 65757
50, 15700, 9, 65757, 65757
50, 15710, 9, 65757, 65757
50, 15720, 9, 65757, 65757
50, 15730, 9, 65757, 65757
50, 15740, 9, 65757, 65757
50, 15750, 9, 65757, 65757
50, 15760, 9, 65757, 65757
50, 15770, 9, 65757, 65757
50, 15780, 9, 65757, 65757
50, 15790, 9, 65757, 65757
50, 15800, 9, 65757, 65757
50, 15810, 9, 65757, 65757
50, 15820, 9, 65757, 65757
50, 15830, 9, 65757, 65757
50, 15840, 9, 65757, 65757
50, 15850, 9, 65757, 65757
50, 15860, 9, 65757, 65757
50, 15870, 9, 65757, 65757
50, 15880, 9, 65757, 65757
50, 15890, 9, 65757, 65757
50, 15900, 9, 65757, 65757
50, 15910, 9, 65757, 65757
50, 15920, 9, 65757, 65757
50, 15930, 9, 65755, 65757
50, 15940, 9, 65755, 65755
50, 15950, 9, 65755, 65755
50, 15960, 9, 65755, 65755
50, 15970, 9, 65755, 65755
50, 15980, 9, 65755, 65755
50, 15990, 9, 65755, 65755
50, 16000, 9, 65755, 65755
50, 16010, 9, 65755, 65755
50, 16020, 9, 65755, 65755
50, 16030, 9, 65755, 65755
50, 16040, 9, 65755, 65755
50, 16050, 9, 65755, 65755
50, 16060, 9, 65755, 65755
50, 16070, 9, 65755, 65755
50, 16080, 9, 65719, 65755
50, 16090, 9, 65719, 65719
50, 16100, 9, 65661, 65661
50, 16110, 9, 65661, 65661
50, 16120, 9, 65661, 65661
50, 16130, 9, 65661, 65661
50, 16140, 9, 65661, 65661
50, 16150, 9, 65661, 65661
50, 16160, 9, 65661, 65661
50, 16170, 9, 65661, 65661
50, 16180, 9, 65661, 65661
50, 16190, 9, 65661, 65661
50, 16200, 9, 65661, 65661
50, 16210, 9, 65661, 65661
50, 16220, 9, 65661, 65661
50, 16230, 9, 65661, 65661
50, 16240, 9, 65661, 65661
50, 16250, 9, 65661, 65661
50, 16260, 9, 65661, 65661
50, 16270, 9, 65661, 65661
50, 16280, 9, 65661, 65661
50, 16290, 9, 65661, 65661
50, 16300, 9, 65661, 65661
50, 16310, 9, 65661, 65661
50, 16320, 9, 65661, 65661
50, 16330, 9, 65661, 65661
50, 16340, 9, 65661, 65661
50, 16350, 9, 65661, 65661
50, 16360, 9, 65661, 65661
50, 16370, 9, 65661, 65661
50, 16380, 9, 65661, 65661
50, 16390, 9, 65653, 65653
50, 16400, 9, 65578, 65653
50, 16410, 9, 65578, 65578
50, 16420, 9, 65578, 65578
50, 16430, 9, 65578, 65578
50, 16440, 9, 65578, 65578
50, 16450, 9, 65557, 65557
50, 16460, 9, 65557, 65557
50, 16470, 9, 65557, 65557
50, 16480, 9, 65557, 65557
50, 16490, 9, 65544, 65544
50, 16500, 9, 65544, 65544
50, 16510, 9, 65544, 65544
50, 16520, 9, 65544, 65544
50, 16530, 9, 65544, 65544
50, 16540, 9, 65544, 65544
50, 16550, 9, 65544, 65544
50, 16560, 9, 65544, 65544
50, 16570, 9, 65544, 65544
50, 16580, 9, 65544, 65544
50, 16590, 9, 65544, 65544
50, 16600, 9, 65544, 65544
50, 16610, 9, 65544, 65544
50, 16620, 9, 65544, 65544
50, 16630, 9, 65544, 65544
50, 16640, 9, 65544, 65544
50, 16650, 9, 65544, 65544
50, 16660, 9, 65544, 65544
50, 16670, 9, 65544, 65544
50, 16680, 9, 65544, 65544
50, 16690, 9, 65544, 65544
50, 16700, 9, 65544, 65544
50, 16710, 9, 65544, 65544
50, 16720, 9, 65544, 65544
50, 16730, 9, 65544, 65544
50, 16740, 9, 65544, 65544
50, 16750, 9, 65544, 65544
50, 16760, 9, 65544, 65544
50, 16770, 9, 65483, 65544
50, 16780, 9, 65482, 65483
50, 16790, 9, 65482, 65482
50, 16800, 9, 65482, 65482
50, 16810, 9, 65482, 65482
50, 16820, 9, 65482, 65482
50, 16830, 9, 65482, 65482
50, 16840, 9, 65482, 65482
50, 16850, 9, 65482, 65482
50, 16860, 9, 65426, 65426
50, 16870, 9, 65426, 65426
50, 16880, 9, 65426, 65426
50, 16890, 9, 65426, 65426
50, 16900, 9, 65339, 65426
50, 16910, 9, 65339, 65339
50, 16920, 9, 65339, 65339
50, 16930, 9, 65339, 65339
50, 16940, 9, 65339, 65339
50, 16950, 9, 65339, 65339
50, 16960, 9, 65339, 65339
50, 16970, 9, 65339, 65339
50, 16980, 9, 65339, 65339
50, 16990, 9, 65024, 65339
50, 17000, 9, 65024, 65024
50, 17010, 9, 65024, 65024
50, 17020, 9, 65024, 65024
50, 17030, 9, 65024, 65024
50, 17040, 9, 65024, 65024
50, 17050, 9, 65024, 65024
50, 17060, 9, 65024, 65024
50, 17070, 9, 65024, 65024
50, 17080, 9, 65024, 65024
50, 17090, 9, 65024, 65024
50, 17100, 9, 65024, 65024
50, 17110, 9, 65024, 65024
50, 17120, 9, 65024, 65024
50, 17130, 9, 65024, 65024
50, 17140, 9, 65024, 65024
50, 17150, 9, 65024, 65024
50, 17160, 9, 65024, 65024
50, 17170, 9, 65024, 65024
50, 17180, 9, 65024, 65024
50, 17190, 9, 65024, 65024
50, 17200, 9, 65024, 65024
50, 17210, 9, 64761, 64761
50, 17220, 9, 64761, 64761
50, 17230, 9, 64761, 64761
50, 17240, 9, 64761, 64761
50, 17250, 9, 64761, 64761
50, 17260, 9, 64761, 64761
50, 17270, 9, 64761, 64761
50, 17280, 9, 64761, 64761
50, 17290, 9, 64761, 64761
50, 17300, 9, 64761, 64761
50, 17310, 9, 64761, 64761
50, 17320, 9, 64761, 64761
50, 17330, 9, 64761, 64761
50, 17340, 9, 64761, 64761
50, 17350, 9, 64761, 64761
50, 17360, 9, 64761, 64761
50, 17370, 9, 64761, 64761
50, 17380, 9, 64761, 64761
50, 17390, 9, 64761, 64761
50, 17400, 9, 64761, 64761
50, 17410, 9, 64761, 64761
50, 17420, 9, 64556, 64556
50, 17430, 9, 64556, 64556
50, 17440, 9, 64556, 64556
50, 17450, 9, 64556, 64556
50, 17460, 9, 64556, 64556
50, 17470, 9, 64556, 64556
50, 17480, 9, 64556, 64556
50, 17490, 9, 64556, 64556
50, 17500, 9, 64556, 64556
50, 17510, 9, 64156, 64156
50, 17520, 9, 64156, 64156
50, 17530, 9, 64156, 64156
50, 17540, 9, 64143, 64156
50, 17550, 9, 64138, 64143
50, 17560, 9, 64138, 64138
50, 17570, 9, 64138, 64138
50, 17580, 9, 64138, 64138
50, 17590, 9, 64138, 64138
50, 17600, 9, 64138, 64138
50, 17610, 9, 64138, 64138
50, 17620, 9, 64138, 64138
50, 17630, 9, 64138, 64138
50, 17640, 9, 64138, 64138
50, 17650, 9, 64138, 64138
50, 17660, 9, 64026, 64138
50, 17670, 9, 64026, 64026
50, 17680, 9, 64026, 64026
50, 17690, 9, 64026, 64026
50, 17700, 9, 64026, 64026
50, 17710, 9, 64026, 64026
50, 17720, 9, 64026, 64026
50, 17730, 9, 63981, 63981
50, 17740, 9, 63981, 63981
50, 17750, 9, 63981, 63981
50, 17760, 9, 63981, 63981
50, 17770, 9, 63981, 63981
50, 17780, 9, 63981, 63981
50, 17790, 9, 63981, 63981
50, 17800, 9, 63981, 63981
50, 17810, 9, 63981, 63981
50, 17820, 9, 63981, 63981
50, 17830, 9, 63981, 63981
50, 17840, 9, 63981, 63981
50, 17850, 9, 63981, 63981
50, 17860, 9, 63981, 63981
50, 17870, 9, 63981, 63981
50, 17880, 9, 63981, 63981
50, 17890, 9, 63981, 63981
50, 17900, 9, 63981, 63981
50, 17910, 9, 63981, 63981
50, 17920, 9, 63981, 63981
50, 17930, 9, 63981, 63981
50, 17940, 9, 63940, 63981
50, 17950, 9, 63940, 63940
50, 17960, 9, 63940, 63940
50, 17970, 9, 63940, 63940
50, 17980, 9, 63940, 63940
50, 17990, 9, 63940, 63940
50, 18000, 9, 63940, 63940
50, 18010, 9, 63940, 63940
50, 18020, 9, 63940, 63940
50, 18030, 9, 63940, 63940
50, 18040, 9, 63940, 63940
50, 18050, 9, 63940, 63940
50, 18060, 9, 63940, 63940
50, 18070, 9, 63940, 63940
50, 18080, 9, 63940, 63940
50, 18090, 9, 63940, 63940
50, 18100, 9, 63940, 63940
50, 18110, 9, 63940, 63940
50, 18120, 9, 63940, 63940
50, 18130, 9, 63940, 63940
50, 18140, 9, 63940, 63940
50, 18150, 9, 63940, 63940
50, 18160, 9, 63940, 63940
50, 18170, 9, 63940, 63940
50, 18180, 9, 63940, 63940
50, 18190, 9, 63940, 63940
50, 18200, 9, 63940, 63940
50, 18210, 9, 63940, 63940
50, 18220, 9, 63940, 63940
50, 18230, 9, 63940, 63940
50, 18240, 9, 63940, 63940
50, 18250, 9, 63940, 63940
50, 18260, 9, 63940, 63940
50, 18270, 9, 63932, 63940
50, 18280, 9, 63932, 63932
50, 18290, 9, 63932, 63932
50, 18300, 9, 63844, 63844
50, 18310, 9, 63844, 63844
50, 18320, 9, 63759, 63844
50, 18330, 9, 63759, 63759
50, 18340, 9, 63759, 63759
50, 18350, 9, 63759, 63759
50, 18360, 9, 63759, 63759
50, 18370, 9, 63759, 63759
50, 18380, 9, 63615, 63759
50, 18390, 9, 63612, 63612
50, 18400, 9, 63612, 63612
50, 18410, 9, 63612, 63612
50, 18420, 9, 63612, 63612
50, 18430, 9, 63610, 63612
50, 18440, 9, 63603, 63603
50, 18450, 9, 63603, 63603
50, 18460, 9, 63603, 63603
50, 18470, 9, 63603, 63603
50, 18480, 9, 63603, 63603
50, 18490, 9, 63603, 63603
50, 18500, 9, 63603, 63603
50, 18510, 9, 63603, 63603
50, 18520, 9, 63603, 63603
50, 18530, 9, 63603, 63603
50, 18540, 9, 63603, 63603
50, 18550, 9, 63603, 63603
50, 18560, 9, 63603, 63603
50, 18570, 9, 63603, 63603
50, 18580, 9, 63603, 63603
50, 18590, 9, 63603, 63603
50, 18600, 9, 63603, 63603
50, 18610, 9, 63603, 63603
50, 18620, 9, 63603, 63603
50, 18630, 9, 63603, 63603
50, 18640, 9, 63603, 63603
50, 18650, 9, 63520, 63603
50, 18660, 9, 63520, 63520
50, 18670, 9, 63520, 63520
50, 18680, 9, 63520, 63520
50, 18690, 9, 63520, 63520
50, 18700, 9, 63520, 63520
50, 18710, 9, 63520, 63520
50, 18720, 9, 63520, 63520
50, 18730, 9, 63520, 63520
50, 18740, 9, 63520, 63520
50, 18750, 9, 63520, 63520
50, 18760, 9, 63520, 63520
50, 18770, 9, 63520, 63520
50, 18780, 9, 63478, 63478
50, 18790, 9, 63478, 63478
50, 18800, 9, 63478, 63478
50, 18810, 9, 63478, 63478
50, 18820, 9, 63478, 63478
50, 18830, 9, 63389, 63389
50, 18840, 9, 63389, 63389
50, 18850, 9, 63389, 63389
50, 18860, 9, 63389, 63389
50, 18870, 9, 63389, 63389
50, 18880, 9, 63389, 63389
50, 18890, 9, 63389, 63389
50, 18900, 9, 63389, 63389
50, 18910, 9, 63389, 63389
50, 18920, 9, 63389, 63389
50, 18930, 9, 63389, 63389
50, 18940, 9, 63306, 63306
50, 18950, 9, 63306, 63306
50, 18960, 9, 63306, 63306
50, 18970, 9, 63306, 63306
50, 18980, 9, 63306, 63306
50, 18990, 9, 63306, 63306
50, 19000, 9, 63306, 63306
50, 19010, 9, 63306, 63306
50, 19020, 9, 63306, 63306
50, 19030, 9, 63306, 63306
50, 19040, 9, 63306, 63306
50, 19050, 9, 63306, 63306
50, 19060, 9, 63306, 63306
50, 19070, 9, 63306, 63306
50, 19080, 9, 63306, 63306
50, 19090, 9, 63306, 63306
50, 19100, 9, 63306, 63306
50, 19110, 9, 63306, 63306
50, 19120, 9, 63306, 63306
50, 19130, 9, 63306, 63306
50, 19140, 9, 63306, 63306
50, 19150, 9, 63306, 63306
50, 19160, 9, 63306, 63306
50, 19170, 9, 63306, 63306
50, 19180, 9, 63306, 63306
50, 19190, 9, 63306, 63306
50, 19200, 9, 63288, 63288
50, 19210, 9, 63288, 63288
50, 19220, 9, 63288, 63288
50, 19230, 9, 63288, 63288
50, 19240, 9, 63288, 63288
50, 19250, 9, 63288, 63288
50, 19260, 9, 63288, 63288
50, 19270, 9, 63288, 63288
50, 19280, 9, 63288, 63288
50, 19290, 9, 63288, 63288
50, 19300, 9, 63288, 63288
50, 19310, 9, 63288, 63288
50, 19320, 9, 63288, 63288
50, 19330, 9, 63288, 63288
50, 19340, 9, 63288, 63288
50, 19350, 9, 63288, 63288
50, 19360, 9, 63288, 63288
50, 19370, 9, 63288, 63288
50, 19380, 9, 63288, 63288
50, 19390, 9, 63288, 63288
50, 19400, 9, 63270, 63288
50, 19410, 9, 63270, 63270
50, 19420, 9, 63270, 63270
50, 19430, 9, 63270, 63270
50, 19440, 9, 63270, 63270
50, 19450, 9, 63270, 63270
50, 19460, 9, 63270, 63270
50, 19470, 9, 63270, 63270
50, 19480, 9, 63270, 63270
50, 19490, 9, 63270, 63270
50, 19500, 9, 63270, 63270
50, 19510, 9, 63270, 63270
50, 19520, 9, 63270, 63270
50, 19530, 9, 63270, 63270
50, 19540, 9, 63270, 63270
50, 19550, 9, 63270, 63270
50, 19560, 9, 63270, 63270
50, 19570, 9, 63270, 63270
50, 19580, 9, 63257, 63270
50, 19590, 9, 63257, 63257
50, 19600, 9, 63257, 63257
50, 19610, 9, 63257, 63257
50, 19620, 9, 63257, 63257
50, 19630, 9, 63257, 63257
50, 19640, 9, 63257, 63257
50, 19650, 9, 63257, 63257
50, 19660, 9, 63257, 63257
50, 19670, 9, 63257, 63257
50, 19680, 9, 63257, 63257
50, 19690, 9, 63257, 63257
50, 19700, 9, 63236, 63257
50, 19710, 9, 63236, 63236
50, 19720, 9, 63236, 63236
50, 19730, 9, 63236, 63236
50, 19740, 9, 63236, 63236
50, 19750, 9, 63236, 63236
50, 19760, 9, 63236, 63236
50, 19770, 9, 63236, 63236
50, 19780, 9, 63236, 63236
50, 19790, 9, 63236, 63236
50, 19800, 9, 63236, 63236
50, 19810, 9, 63112, 63112
50, 19820, 9, 63112, 63112
50, 19830, 9, 63112, 63112
50, 19840, 9, 63112, 63112
50, 19850, 9, 63112, 63112
50, 19860, 9, 63112, 63112
50, 19870, 9, 63107, 63112
50, 19880, 9, 63107, 63107
50, 19890, 9, 63107, 63107
50, 19900, 9, 63107, 63107
50, 19910, 9, 63107, 63107
50, 19920, 9, 63107, 63107
50, 19930, 9, 63107, 63107
50, 19940, 9, 63107, 63107
50, 19950, 9, 63107, 63107
50, 19960, 9, 63107, 63107
50, 19970, 9, 63107, 63107
50, 19980, 9, 63107, 63107
50, 19990, 9, 63107, 63107
