Population Size, Generation Count, Repetition, Best Fitness, Median Fitness
50, 0, 8, 741974, 772811
50, 10, 8, 698379, 709451
50, 20, 8, 673816, 686746
50, 30, 8, 657260, 664118
50, 40, 8, 641463, 649140
50, 50, 8, 628778, 632775
50, 60, 8, 611794, 618271
50, 70, 8, 598074, 603900
50, 80, 8, 583153, 588648
50, 90, 8, 569741, 574781
50, 100, 8, 560350, 562982
50, 110, 8, 550915, 555894
50, 120, 8, 537287, 542002
50, 130, 8, 529942, 536512
50, 140, 8, 523478, 527422
50, 150, 8, 515256, 520532
50, 160, 8, 508095, 512763
50, 170, 8, 498337, 505252
50, 180, 8, 490958, 495404
50, 190, 8, 483009, 486706
50, 200, 8, 474287, 480559
50, 210, 8, 463584, 466943
50, 220, 8, 455528, 460609
50, 230, 8, 448533, 451927
50, 240, 8, 440906, 444758
50, 250, 8, 436674, 439800
50, 260, 8, 429575, 433652
50, 270, 8, 423829, 428069
50, 280, 8, 420227, 423059
50, 290, 8, 411720, 416100
50, 300, 8, 406470, 411057
50, 310, 8, 400566, 403581
50, 320, 8, 395191, 398967
50, 330, 8, 391675, 394679
50, 340, 8, 386871, 391420
50, 350, 8, 383367, 386009
50, 360, 8, 378856, 382656
50, 370, 8, 376379, 378788
50, 380, 8, 373894, 377182
50, 390, 8, 370739, 373592
50, 400, 8, 365989, 368504
50, 410, 8, 364302, 367032
50, 420, 8, 360850, 363826
50, 430, 8, 358687, 360170
50, 440, 8, 355485, 357929
50, 450, 8, 351545, 354422
50, 460, 8, 346155, 349555
50, 470, 8, 343229, 347093
50, 480, 8, 340075, 341962
50, 490, 8, 335621, 339287
50, 500, 8, 333125, 335245
50, 510, 8, 329585, 332413
50, 520, 8, 327456, 330481
50, 530, 8, 323744, 326970
50, 540, 8, 321546, 325290
50, 550, 8, 319924, 324670
50, 560, 8, 318629, 320935
50, 570, 8, 316879, 318450
50, 580, 8, 315181, 317180
50, 590, 8, 309303, 315059
50, 600, 8, 306430, 308409
50, 610, 8, 302136, 307081
50, 620, 8, 299192, 303264
50, 630, 8, 297970, 300294
50, 640, 8, 296057, 299391
50, 650, 8, 293869, 296402
50, 660, 8, 291599, 293863
50, 670, 8, 289722, 293557
50, 680, 8, 288509, 291926
50, 690, 8, 288077, 291658
50, 700, 8, 285986, 288885
50, 710, 8, 284678, 287549
50, 720, 8, 282194, 285347
50, 730, 8, 281389, 282300
50, 740, 8, 279303, 281782
50, 750, 8, 278624, 282136
50, 760, 8, 277863, 281970
50, 770, 8, 274671, 278788
50, 780, 8, 272602, 275239
50, 790, 8, 269775, 274421
50, 800, 8, 268843, 271484
50, 810, 8, 267003, 270874
50, 820, 8, 265898, 269433
50, 830, 8, 264846, 267918
50, 840, 8, 261489, 265756
50, 850, 8, 260254, 263142
50, 860, 8, 258728, 261060
50, 870, 8, 257454, 260050
50, 880, 8, 256037, 260002
50, 890, 8, 253639, 257191
50, 900, 8, 252573, 254707
50, 910, 8, 251148, 254113
50, 920, 8, 250025, 254528
50, 930, 8, 249293, 252157
50, 940, 8, 247803, 251503
50, 950, 8, 247202, 249316
50, 960, 8, 245941, 249662
50, 970, 8, 244859, 246935
50, 980, 8, 244112, 247926
50, 990, 8, 243297, 247599
50, 1000, 8, 242143, 244623
50, 1010, 8, 240571, 244299
50, 1020, 8, 239584, 242587
50, 1030, 8, 238937, 241933
50, 1040, 8, 237597, 240998
50, 1050, 8, 237077, 239883
50, 1060, 8, 236528, 239282
50, 1070, 8, 235141, 239290
50, 1080, 8, 232025, 236894
50, 1090, 8, 232025, 233632
50, 1100, 8, 230481, 232152
50, 1110, 8, 229536, 231720
50, 1120, 8, 229153, 231326
50, 1130, 8, 227991, 230410
50, 1140, 8, 226727, 229720
50, 1150, 8, 225039, 229039
50, 1160, 8, 224714, 226579
50, 1170, 8, 222883, 226955
50, 1180, 8, 220931, 223247
50, 1190, 8, 220361, 224612
50, 1200, 8, 219343, 220979
50, 1210, 8, 219226, 221642
50, 1220, 8, 218716, 220950
50, 1230, 8, 217034, 222304
50, 1240, 8, 216006, 218419
50, 1250, 8, 214371, 216281
50, 1260, 8, 213280, 216477
50, 1270, 8, 212371, 215271
50, 1280, 8, 211375, 215105
50, 1290, 8, 210621, 212244
50, 1300, 8, 209560, 211042
50, 1310, 8, 209058, 212122
50, 1320, 8, 208302, 211392
50, 1330, 8, 207164, 211552
50, 1340, 8, 206650, 208690
50, 1350, 8, 205940, 207727
50, 1360, 8, 204942, 207105
50, 1370, 8, 203899, 206374
50, 1380, 8, 203257, 205579
50, 1390, 8, 201753, 204861
50, 1400, 8, 201463, 205719
50, 1410, 8, 201404, 202846
50, 1420, 8, 200546, 202243
50, 1430, 8, 199655, 202136
50, 1440, 8, 198944, 201753
50, 1450, 8, 197896, 201259
50, 1460, 8, 197231, 200460
50, 1470, 8, 196847, 197231
50, 1480, 8, 195632, 199317
50, 1490, 8, 195183, 198532
50, 1500, 8, 193716, 196226
50, 1510, 8, 193584, 195673
50, 1520, 8, 193279, 195558
50, 1530, 8, 192311, 196226
50, 1540, 8, 191733, 196130
50, 1550, 8, 191387, 195233
50, 1560, 8, 189890, 193911
50, 1570, 8, 189602, 190878
50, 1580, 8, 189249, 192555
50, 1590, 8, 188899, 193239
50, 1600, 8, 188294, 192148
50, 1610, 8, 187950, 189243
50, 1620, 8, 187501, 189073
50, 1630, 8, 187250, 189187
50, 1640, 8, 187019, 190068
50, 1650, 8, 186783, 189918
50, 1660, 8, 185422, 188026
50, 1670, 8, 184848, 189427
50, 1680, 8, 183498, 186306
50, 1690, 8, 182556, 184872
50, 1700, 8, 181607, 184303
50, 1710, 8, 181068, 184099
50, 1720, 8, 179844, 183058
50, 1730, 8, 179583, 181858
50, 1740, 8, 178826, 183034
50, 1750, 8, 178346, 181354
50, 1760, 8, 178178, 179117
50, 1770, 8, 177579, 179993
50, 1780, 8, 177297, 179102
50, 1790, 8, 176051, 176611
50, 1800, 8, 175561, 178162
50, 1810, 8, 174994, 177918
50, 1820, 8, 174230, 176417
50, 1830, 8, 174031, 176498
50, 1840, 8, 173771, 175646
50, 1850, 8, 172829, 175313
50, 1860, 8, 171600, 173208
50, 1870, 8, 170754, 172097
50, 1880, 8, 170169, 172392
50, 1890, 8, 169360, 170384
50, 1900, 8, 168855, 171522
50, 1910, 8, 167659, 171891
50, 1920, 8, 167126, 170381
50, 1930, 8, 166018, 167192
50, 1940, 8, 165602, 167722
50, 1950, 8, 164956, 167348
50, 1960, 8, 164410, 165707
50, 1970, 8, 163990, 166065
50, 1980, 8, 162830, 166109
50, 1990, 8, 162804, 164799
50, 2000, 8, 162236, 165458
50, 2010, 8, 161741, 163557
50, 2020, 8, 161515, 162915
50, 2030, 8, 161049, 164564
50, 2040, 8, 159824, 164189
50, 2050, 8, 159824, 160689
50, 2060, 8, 159160, 161322
50, 2070, 8, 158818, 161364
50, 2080, 8, 157053, 161220
50, 2090, 8, 156931, 159073
50, 2100, 8, 155384, 158493
50, 2110, 8, 155373, 156972
50, 2120, 8, 154865, 157435
50, 2130, 8, 153957, 156998
50, 2140, 8, 153702, 157448
50, 2150, 8, 153066, 155460
50, 2160, 8, 152530, 155366
50, 2170, 8, 152377, 154957
50, 2180, 8, 151785, 153747
50, 2190, 8, 151419, 153204
50, 2200, 8, 151240, 154374
50, 2210, 8, 150132, 153801
50, 2220, 8, 150049, 152421
50, 2230, 8, 149538, 150554
50, 2240, 8, 148931, 149538
50, 2250, 8, 148139, 151806
50, 2260, 8, 147695, 150110
50, 2270, 8, 147062, 150596
50, 2280, 8, 146208, 148843
50, 2290, 8, 145915, 148817
50, 2300, 8, 145435, 148909
50, 2310, 8, 144789, 147947
50, 2320, 8, 143957, 146890
50, 2330, 8, 143699, 146783
50, 2340, 8, 143401, 146219
50, 2350, 8, 143078, 145878
50, 2360, 8, 142784, 144942
50, 2370, 8, 142464, 143947
50, 2380, 8, 141854, 143156
50, 2390, 8, 141459, 144456
50, 2400, 8, 141246, 146051
50, 2410, 8, 141039, 143421
50, 2420, 8, 140898, 142990
50, 2430, 8, 140748, 142233
50, 2440, 8, 140576, 143000
50, 2450, 8, 139482, 142124
50, 2460, 8, 139274, 141370
50, 2470, 8, 139114, 141464
50, 2480, 8, 138914, 141073
50, 2490, 8, 138914, 140505
50, 2500, 8, 138265, 141648
50, 2510, 8, 137972, 140582
50, 2520, 8, 137520, 140884
50, 2530, 8, 137267, 140966
50, 2540, 8, 137078, 138087
50, 2550, 8, 136934, 139845
50, 2560, 8, 136422, 137503
50, 2570, 8, 135889, 138319
50, 2580, 8, 135590, 138552
50, 2590, 8, 135023, 135611
50, 2600, 8, 135005, 137406
50, 2610, 8, 134521, 136456
50, 2620, 8, 134365, 137836
50, 2630, 8, 134158, 135609
50, 2640, 8, 133906, 135950
50, 2650, 8, 133718, 135557
50, 2660, 8, 133144, 135431
50, 2670, 8, 132842, 134837
50, 2680, 8, 132340, 134107
50, 2690, 8, 132327, 134402
50, 2700, 8, 131954, 133625
50, 2710, 8, 131162, 133124
50, 2720, 8, 131162, 132604
50, 2730, 8, 131162, 134539
50, 2740, 8, 131162, 134158
50, 2750, 8, 131162, 133995
50, 2760, 8, 130265, 131162
50, 2770, 8, 130160, 131744
50, 2780, 8, 129724, 130451
50, 2790, 8, 129618, 131801
50, 2800, 8, 129618, 133442
50, 2810, 8, 129618, 132575
50, 2820, 8, 129502, 132551
50, 2830, 8, 129484, 132778
50, 2840, 8, 129478, 132188
50, 2850, 8, 129151, 131352
50, 2860, 8, 129087, 131805
50, 2870, 8, 128934, 131659
50, 2880, 8, 128775, 130852
50, 2890, 8, 128775, 132101
50, 2900, 8, 128564, 130593
50, 2910, 8, 128419, 129621
50, 2920, 8, 127861, 131871
50, 2930, 8, 127646, 129331
50, 2940, 8, 127646, 129890
50, 2950, 8, 127364, 129760
50, 2960, 8, 126641, 129686
50, 2970, 8, 125737, 126876
50, 2980, 8, 125599, 128670
50, 2990, 8, 125315, 127148
50, 3000, 8, 125277, 127027
50, 3010, 8, 124995, 129185
50, 3020, 8, 124769, 128981
50, 3030, 8, 124743, 126764
50, 3040, 8, 124347, 125413
50, 3050, 8, 124030, 124030
50, 3060, 8, 123756, 127158
50, 3070, 8, 123360, 125859
50, 3080, 8, 123360, 123775
50, 3090, 8, 123333, 125834
50, 3100, 8, 122994, 125859
50, 3110, 8, 122943, 125244
50, 3120, 8, 122720, 124093
50, 3130, 8, 122718, 122944
50, 3140, 8, 122146, 123419
50, 3150, 8, 122125, 122938
50, 3160, 8, 122078, 125001
50, 3170, 8, 121690, 125267
50, 3180, 8, 121294, 123531
50, 3190, 8, 120927, 122822
50, 3200, 8, 120394, 122558
50, 3210, 8, 120363, 122692
50, 3220, 8, 120017, 122279
50, 3230, 8, 119707, 122093
50, 3240, 8, 119707, 121139
50, 3250, 8, 119199, 121953
50, 3260, 8, 119199, 120684
50, 3270, 8, 119165, 122455
50, 3280, 8, 119088, 120506
50, 3290, 8, 119045, 121310
50, 3300, 8, 118960, 121786
50, 3310, 8, 118812, 120176
50, 3320, 8, 118812, 121088
50, 3330, 8, 118276, 118956
50, 3340, 8, 118276, 119524
50, 3350, 8, 117744, 120131
50, 3360, 8, 117744, 122534
50, 3370, 8, 117649, 119675
50, 3380, 8, 117565, 119477
50, 3390, 8, 117421, 119684
50, 3400, 8, 117322, 119948
50, 3410, 8, 117269, 120939
50, 3420, 8, 116568, 117368
50, 3430, 8, 116488, 117695
50, 3440, 8, 116352, 119743
50, 3450, 8, 116182, 117114
50, 3460, 8, 116182, 119526
50, 3470, 8, 116056, 119438
50, 3480, 8, 115976, 118178
50, 3490, 8, 115976, 119005
50, 3500, 8, 115827, 118032
50, 3510, 8, 115717, 118333
50, 3520, 8, 115669, 119205
50, 3530, 8, 115669, 116327
50, 3540, 8, 115568, 118657
50, 3550, 8, 115527, 117786
50, 3560, 8, 115436, 118027
50, 3570, 8, 115303, 119589
50, 3580, 8, 115235, 117566
50, 3590, 8, 115043, 118443
50, 3600, 8, 115043, 116623
50, 3610, 8, 114782, 116992
50, 3620, 8, 114782, 115597
50, 3630, 8, 114237, 116967
50, 3640, 8, 114142, 116091
50, 3650, 8, 113942, 114893
50, 3660, 8, 113560, 116501
50, 3670, 8, 113367, 116546
50, 3680, 8, 113367, 115324
50, 3690, 8, 113082, 113082
50, 3700, 8, 112589, 114392
50, 3710, 8, 112445, 112589
50, 3720, 8, 112094, 115564
50, 3730, 8, 112094, 114748
50, 3740, 8, 112040, 114890
50, 3750, 8, 111763, 114559
50, 3760, 8, 111704, 114404
50, 3770, 8, 111704, 114664
50, 3780, 8, 111203, 113936
50, 3790, 8, 111047, 113635
50, 3800, 8, 110677, 113958
50, 3810, 8, 110677, 113193
50, 3820, 8, 110677, 112660
50, 3830, 8, 110618, 113684
50, 3840, 8, 110245, 112031
50, 3850, 8, 110245, 111551
50, 3860, 8, 109369, 111399
50, 3870, 8, 109258, 110902
50, 3880, 8, 109138, 109835
50, 3890, 8, 109109, 110908
50, 3900, 8, 109053, 109764
50, 3910, 8, 108823, 111106
50, 3920, 8, 108570, 109963
50, 3930, 8, 108570, 111696
50, 3940, 8, 108243, 110786
50, 3950, 8, 107820, 110699
50, 3960, 8, 107696, 109877
50, 3970, 8, 107638, 109431
50, 3980, 8, 107597, 110027
50, 3990, 8, 107581, 109033
50, 4000, 8, 107489, 111066
50, 4010, 8, 107489, 110028
50, 4020, 8, 107434, 107489
50, 4030, 8, 107349, 109601
50, 4040, 8, 107293, 110766
50, 4050, 8, 107293, 107293
50, 4060, 8, 107174, 108574
50, 4070, 8, 106517, 109148
50, 4080, 8, 106517, 109075
50, 4090, 8, 106427, 109220
50, 4100, 8, 106202, 108415
50, 4110, 8, 106079, 109129
50, 4120, 8, 106042, 106853
50, 4130, 8, 105862, 107049
50, 4140, 8, 105802, 107307
50, 4150, 8, 105246, 107195
50, 4160, 8, 105246, 106041
50, 4170, 8, 104633, 105800
50, 4180, 8, 104130, 105213
50, 4190, 8, 103369, 104618
50, 4200, 8, 103369, 105136
50, 4210, 8, 103238, 105032
50, 4220, 8, 103238, 104512
50, 4230, 8, 103115, 105560
50, 4240, 8, 102937, 105340
50, 4250, 8, 102796, 105256
50, 4260, 8, 102727, 103770
50, 4270, 8, 102651, 105321
50, 4280, 8, 102016, 104191
50, 4290, 8, 102016, 102423
50, 4300, 8, 101987, 102733
50, 4310, 8, 101712, 102484
50, 4320, 8, 101662, 101712
50, 4330, 8, 101475, 101747
50, 4340, 8, 101138, 103478
50, 4350, 8, 101138, 102343
50, 4360, 8, 101091, 101598
50, 4370, 8, 100558, 101713
50, 4380, 8, 100558, 103628
50, 4390, 8, 100374, 102526
50, 4400, 8, 100309, 101128
50, 4410, 8, 100309, 100309
50, 4420, 8, 100265, 102374
50, 4430, 8, 100249, 101727
50, 4440, 8, 100232, 101636
50, 4450, 8, 99898, 103517
50, 4460, 8, 99632, 102834
50, 4470, 8, 99594, 101188
50, 4480, 8, 99093, 101258
50, 4490, 8, 99028, 101879
50, 4500, 8, 98933, 101778
50, 4510, 8, 98933, 98933
50, 4520, 8, 98542, 100141
50, 4530, 8, 98504, 100646
50, 4540, 8, 98504, 100644
50, 4550, 8, 98335, 99902
50, 4560, 8, 98335, 100901
50, 4570, 8, 98335, 101581
50, 4580, 8, 98216, 101265
50, 4590, 8, 97947, 98216
50, 4600, 8, 97465, 99071
50, 4610, 8, 97458, 100321
50, 4620, 8, 97411, 99458
50, 4630, 8, 97411, 98815
50, 4640, 8, 97411, 97411
50, 4650, 8, 97077, 98516
50, 4660, 8, 97077, 99864
50, 4670, 8, 97077, 97077
50, 4680, 8, 96966, 99288
50, 4690, 8, 96966, 97949
50, 4700, 8, 96966, 99340
50, 4710, 8, 96505, 98003
50, 4720, 8, 96454, 99099
50, 4730, 8, 96385, 99360
50, 4740, 8, 96268, 96760
50, 4750, 8, 96268, 97677
50, 4760, 8, 96268, 98271
50, 4770, 8, 96073, 98478
50, 4780, 8, 96040, 97231
50, 4790, 8, 96040, 98625
50, 4800, 8, 95981, 97909
50, 4810, 8, 95939, 98333
50, 4820, 8, 95939, 97022
50, 4830, 8, 95939, 98223
50, 4840, 8, 95913, 96000
50, 4850, 8, 95913, 98460
50, 4860, 8, 95825, 97358
50, 4870, 8, 95825, 96418
50, 4880, 8, 95825, 95825
50, 4890, 8, 95691, 95719
50, 4900, 8, 95691, 97740
50, 4910, 8, 95661, 96795
50, 4920, 8, 95661, 96178
50, 4930, 8, 95661, 96923
50, 4940, 8, 95610, 96531
50, 4950, 8, 95610, 98076
50, 4960, 8, 95505, 96815
50, 4970, 8, 95499, 98918
50, 4980, 8, 95499, 96984
50, 4990, 8, 95499, 96560
50, 5000, 8, 95359, 96555
50, 5010, 8, 95294, 97496
50, 5020, 8, 95018, 98258
50, 5030, 8, 94902, 95965
50, 5040, 8, 94902, 95810
50, 5050, 8, 94893, 98047
50, 5060, 8, 94887, 96872
50, 5070, 8, 94733, 97286
50, 5080, 8, 94733, 96407
50, 5090, 8, 94552, 95546
50, 5100, 8, 94552, 97362
50, 5110, 8, 94552, 95378
50, 5120, 8, 94552, 95252
50, 5130, 8, 94254, 95456
50, 5140, 8, 94254, 96516
50, 5150, 8, 94131, 95634
50, 5160, 8, 93959, 96538
50, 5170, 8, 93859, 94854
50, 5180, 8, 93735, 95272
50, 5190, 8, 93596, 95105
50, 5200, 8, 93496, 96090
50, 5210, 8, 93478, 93496
50, 5220, 8, 93377, 95651
50, 5230, 8, 93377, 93445
50, 5240, 8, 93354, 95385
50, 5250, 8, 93172, 95506
50, 5260, 8, 93172, 94204
50, 5270, 8, 93172, 96271
50, 5280, 8, 93154, 94324
50, 5290, 8, 93136, 94776
50, 5300, 8, 92953, 93136
50, 5310, 8, 92843, 95103
50, 5320, 8, 92843, 93610
50, 5330, 8, 92728, 95759
50, 5340, 8, 92684, 93172
50, 5350, 8, 92575, 94104
50, 5360, 8, 92321, 92575
50, 5370, 8, 92321, 92575
50, 5380, 8, 92321, 92753
50, 5390, 8, 92321, 93485
50, 5400, 8, 92038, 92671
50, 5410, 8, 91888, 92038
50, 5420, 8, 91667, 94994
50, 5430, 8, 91667, 91667
50, 5440, 8, 91544, 93283
50, 5450, 8, 91544, 94353
50, 5460, 8, 91544, 94010
50, 5470, 8, 91420, 93025
50, 5480, 8, 91420, 92546
50, 5490, 8, 91333, 91791
50, 5500, 8, 91126, 92921
50, 5510, 8, 91126, 91943
50, 5520, 8, 91002, 94094
50, 5530, 8, 91002, 92413
50, 5540, 8, 90966, 92556
50, 5550, 8, 90966, 91977
50, 5560, 8, 90943, 92367
50, 5570, 8, 90622, 91912
50, 5580, 8, 90528, 91440
50, 5590, 8, 90070, 92245
50, 5600, 8, 90070, 93859
50, 5610, 8, 89798, 91314
50, 5620, 8, 89532, 92128
50, 5630, 8, 89454, 89792
50, 5640, 8, 89130, 89663
50, 5650, 8, 89130, 90960
50, 5660, 8, 89130, 91038
50, 5670, 8, 89130, 91199
50, 5680, 8, 89120, 90516
50, 5690, 8, 88978, 89243
50, 5700, 8, 88978, 90649
50, 5710, 8, 88978, 89978
50, 5720, 8, 88895, 90090
50, 5730, 8, 88878, 89674
50, 5740, 8, 88878, 88878
50, 5750, 8, 88685, 90335
50, 5760, 8, 88685, 91220
50, 5770, 8, 88566, 90482
50, 5780, 8, 88532, 90691
50, 5790, 8, 88532, 90637
50, 5800, 8, 88424, 89960
50, 5810, 8, 88107, 88804
50, 5820, 8, 88049, 88849
50, 5830, 8, 87837, 88049
50, 5840, 8, 87786, 87837
50, 5850, 8, 87586, 87877
50, 5860, 8, 87586, 89232
50, 5870, 8, 87504, 89270
50, 5880, 8, 87450, 87820
50, 5890, 8, 87405, 88819
50, 5900, 8, 87265, 88168
50, 5910, 8, 87227, 87265
50, 5920, 8, 87011, 87227
50, 5930, 8, 87011, 87981
50, 5940, 8, 87011, 90137
50, 5950, 8, 87011, 87011
50, 5960, 8, 86848, 89496
50, 5970, 8, 86848, 87848
50, 5980, 8, 86848, 87853
50, 5990, 8, 86848, 88533
50, 6000, 8, 86840, 86848
50, 6010, 8, 86267, 88480
50, 6020, 8, 86267, 86575
50, 6030, 8, 86267, 86751
50, 6040, 8, 86206, 86242
50, 6050, 8, 86206, 86206
50, 6060, 8, 86206, 89136
50, 6070, 8, 86206, 86293
50, 6080, 8, 86206, 86206
50, 6090, 8, 86206, 89389
50, 6100, 8, 85649, 87489
50, 6110, 8, 85649, 86337
50, 6120, 8, 85549, 85649
50, 6130, 8, 85458, 86622
50, 6140, 8, 85458, 87986
50, 6150, 8, 85458, 88098
50, 6160, 8, 85458, 87635
50, 6170, 8, 85458, 86367
50, 6180, 8, 85457, 85516
50, 6190, 8, 85447, 86725
50, 6200, 8, 85247, 86533
50, 6210, 8, 85247, 85247
50, 6220, 8, 85172, 88958
50, 6230, 8, 85172, 87231
50, 6240, 8, 85072, 86350
50, 6250, 8, 85065, 85516
50, 6260, 8, 85065, 88009
50, 6270, 8, 85065, 87505
50, 6280, 8, 85065, 87444
50, 6290, 8, 85065, 85065
50, 6300, 8, 84921, 87639
50, 6310, 8, 84903, 87551
50, 6320, 8, 84644, 87236
50, 6330, 8, 84644, 84644
50, 6340, 8, 84644, 84644
50, 6350, 8, 84644, 86775
50, 6360, 8, 84586, 85722
50, 6370, 8, 84500, 85610
50, 6380, 8, 84404, 85695
50, 6390, 8, 84121, 85447
50, 6400, 8, 84121, 87722
50, 6410, 8, 84121, 87038
50, 6420, 8, 84121, 86418
50, 6430, 8, 83971, 84178
50, 6440, 8, 83971, 83971
50, 6450, 8, 83971, 84306
50, 6460, 8, 83943, 86374
50, 6470, 8, 83943, 85587
50, 6480, 8, 83936, 84375
50, 6490, 8, 83936, 85183
50, 6500, 8, 83936, 84920
50, 6510, 8, 83922, 85648
50, 6520, 8, 83922, 84331
50, 6530, 8, 83922, 85453
50, 6540, 8, 83840, 83922
50, 6550, 8, 83840, 86070
50, 6560, 8, 83840, 85255
50, 6570, 8, 83840, 83840
50, 6580, 8, 83440, 85422
50, 6590, 8, 83422, 86706
50, 6600, 8, 83422, 83422
50, 6610, 8, 83363, 85457
50, 6620, 8, 83363, 85073
50, 6630, 8, 83363, 84989
50, 6640, 8, 83363, 84254
50, 6650, 8, 83191, 84121
50, 6660, 8, 83100, 84548
50, 6670, 8, 82995, 85606
50, 6680, 8, 82995, 85876
50, 6690, 8, 82995, 84742
50, 6700, 8, 82995, 84640
50, 6710, 8, 82995, 84350
50, 6720, 8, 82995, 85019
50, 6730, 8, 82995, 84965
50, 6740, 8, 82995, 83960
50, 6750, 8, 82938, 82938
50, 6760, 8, 82718, 85048
50, 6770, 8, 82361, 85325
50, 6780, 8, 82179, 84849
50, 6790, 8, 82123, 84064
50, 6800, 8, 81963, 83092
50, 6810, 8, 81939, 83956
50, 6820, 8, 81936, 81939
50, 6830, 8, 81936, 81936
50, 6840, 8, 81871, 81936
50, 6850, 8, 81813, 84231
50, 6860, 8, 81813, 83772
50, 6870, 8, 81784, 84958
50, 6880, 8, 81706, 82996
50, 6890, 8, 81701, 83736
50, 6900, 8, 81634, 83214
50, 6910, 8, 81629, 84355
50, 6920, 8, 81629, 82710
50, 6930, 8, 81629, 83991
50, 6940, 8, 81629, 81629
50, 6950, 8, 81629, 81685
50, 6960, 8, 81429, 82566
50, 6970, 8, 81391, 82584
50, 6980, 8, 81391, 81391
50, 6990, 8, 81365, 82077
50, 7000, 8, 80982, 81829
50, 7010, 8, 80982, 83330
50, 7020, 8, 80982, 80982
50, 7030, 8, 80982, 84029
50, 7040, 8, 80982, 80982
50, 7050, 8, 80860, 81053
50, 7060, 8, 80740, 82469
50, 7070, 8, 80740, 80740
50, 7080, 8, 80740, 80740
50, 7090, 8, 80740, 82833
50, 7100, 8, 80740, 80740
50, 7110, 8, 80740, 80740
50, 7120, 8, 80740, 82768
50, 7130, 8, 80672, 80740
50, 7140, 8, 80672, 81599
50, 7150, 8, 80672, 80672
50, 7160, 8, 80672, 80672
50, 7170, 8, 80672, 81363
50, 7180, 8, 80672, 82491
50, 7190, 8, 80537, 80672
50, 7200, 8, 80537, 82190
50, 7210, 8, 80487, 83361
50, 7220, 8, 80487, 80487
50, 7230, 8, 80487, 80487
50, 7240, 8, 80487, 80487
50, 7250, 8, 80333, 80677
50, 7260, 8, 80315, 80333
50, 7270, 8, 80315, 82469
50, 7280, 8, 80315, 80315
50, 7290, 8, 80315, 80315
50, 7300, 8, 80315, 80691
50, 7310, 8, 80208, 80315
50, 7320, 8, 80208, 82995
50, 7330, 8, 80095, 81485
50, 7340, 8, 80095, 81101
50, 7350, 8, 80072, 81840
50, 7360, 8, 80072, 80706
50, 7370, 8, 80072, 80072
50, 7380, 8, 79977, 81125
50, 7390, 8, 79967, 79967
50, 7400, 8, 79967, 82574
50, 7410, 8, 79967, 79967
50, 7420, 8, 79967, 81267
50, 7430, 8, 79967, 80792
50, 7440, 8, 79909, 79967
50, 7450, 8, 79909, 80245
50, 7460, 8, 79909, 80682
50, 7470, 8, 79909, 80807
50, 7480, 8, 79909, 83602
50, 7490, 8, 79842, 79889
50, 7500, 8, 79826, 79842
50, 7510, 8, 79826, 80531
50, 7520, 8, 79826, 81696
50, 7530, 8, 79826, 80820
50, 7540, 8, 79684, 80083
50, 7550, 8, 79353, 79684
50, 7560, 8, 79236, 81953
50, 7570, 8, 79236, 79236
50, 7580, 8, 79236, 79236
50, 7590, 8, 79179, 79236
50, 7600, 8, 79179, 79179
50, 7610, 8, 79102, 82066
50, 7620, 8, 79102, 81340
50, 7630, 8, 78966, 80986
50, 7640, 8, 78966, 78966
50, 7650, 8, 78966, 78966
50, 7660, 8, 78953, 81131
50, 7670, 8, 78953, 78953
50, 7680, 8, 78953, 81231
50, 7690, 8, 78953, 79512
50, 7700, 8, 78953, 79164
50, 7710, 8, 78768, 78953
50, 7720, 8, 78768, 79793
50, 7730, 8, 78768, 78768
50, 7740, 8, 78433, 79011
50, 7750, 8, 78337, 78758
50, 7760, 8, 78337, 78337
50, 7770, 8, 78337, 78337
50, 7780, 8, 78337, 79079
50, 7790, 8, 78337, 80241
50, 7800, 8, 78337, 80222
50, 7810, 8, 78337, 78337
50, 7820, 8, 78337, 80363
50, 7830, 8, 78337, 80264
50, 7840, 8, 78337, 78337
50, 7850, 8, 78337, 78337
50, 7860, 8, 78337, 79441
50, 7870, 8, 78337, 80009
50, 7880, 8, 78337, 79315
50, 7890, 8, 78337, 79534
50, 7900, 8, 78337, 78337
50, 7910, 8, 78337, 78594
50, 7920, 8, 78337, 79049
50, 7930, 8, 78333, 80366
50, 7940, 8, 78333, 79996
50, 7950, 8, 78333, 80268
50, 7960, 8, 78333, 78333
50, 7970, 8, 78333, 78333
50, 7980, 8, 78250, 78333
50, 7990, 8, 78250, 78373
50, 8000, 8, 78250, 78935
50, 8010, 8, 78250, 79195
50, 8020, 8, 78108, 79465
50, 8030, 8, 78108, 78108
50, 8040, 8, 78108, 79475
50, 8050, 8, 77811, 80825
50, 8060, 8, 77790, 80353
50, 8070, 8, 77790, 77932
50, 8080, 8, 77790, 77790
50, 8090, 8, 77790, 80119
50, 8100, 8, 77790, 79445
50, 8110, 8, 77655, 78421
50, 8120, 8, 77496, 78656
50, 8130, 8, 77496, 77496
50, 8140, 8, 77470, 77612
50, 8150, 8, 77331, 79544
50, 8160, 8, 77331, 78508
50, 8170, 8, 77331, 77331
50, 8180, 8, 77331, 78349
50, 8190, 8, 77331, 79628
50, 8200, 8, 77331, 77331
50, 8210, 8, 77331, 80036
50, 8220, 8, 77186, 78957
50, 8230, 8, 77186, 77965
50, 8240, 8, 77126, 78485
50, 8250, 8, 77126, 77126
50, 8260, 8, 77042, 77126
50, 8270, 8, 77042, 77042
50, 8280, 8, 77042, 77042
50, 8290, 8, 77025, 77042
50, 8300, 8, 77025, 78086
50, 8310, 8, 76859, 77834
50, 8320, 8, 76859, 76859
50, 8330, 8, 76859, 76859
50, 8340, 8, 76859, 77287
50, 8350, 8, 76760, 78510
50, 8360, 8, 76760, 76760
50, 8370, 8, 76760, 76760
50, 8380, 8, 76578, 76760
50, 8390, 8, 76578, 76865
50, 8400, 8, 76578, 76578
50, 8410, 8, 76578, 77768
50, 8420, 8, 76578, 77387
50, 8430, 8, 76578, 77966
50, 8440, 8, 76578, 76578
50, 8450, 8, 76578, 76578
50, 8460, 8, 76578, 77312
50, 8470, 8, 76578, 79088
50, 8480, 8, 76578, 78163
50, 8490, 8, 76578, 76578
50, 8500, 8, 76578, 76578
50, 8510, 8, 76578, 76578
50, 8520, 8, 76578, 76578
50, 8530, 8, 76578, 76578
50, 8540, 8, 76578, 76578
50, 8550, 8, 76382, 76578
50, 8560, 8, 76382, 76382
50, 8570, 8, 76382, 78116
50, 8580, 8, 76342, 77181
50, 8590, 8, 76342, 79298
50, 8600, 8, 76342, 76634
50, 8610, 8, 76324, 76342
50, 8620, 8, 76324, 76342
50, 8630, 8, 76324, 76324
50, 8640, 8, 76324, 77551
50, 8650, 8, 76108, 76324
50, 8660, 8, 76108, 76108
50, 8670, 8, 75736, 77063
50, 8680, 8, 75736, 75736
50, 8690, 8, 75736, 75736
50, 8700, 8, 75648, 78278
50, 8710, 8, 75648, 75648
50, 8720, 8, 75448, 75648
50, 8730, 8, 75448, 75648
50, 8740, 8, 75448, 76910
50, 8750, 8, 75448, 75448
50, 8760, 8, 75448, 76460
50, 8770, 8, 75448, 75448
50, 8780, 8, 75448, 77059
50, 8790, 8, 75448, 75448
50, 8800, 8, 75407, 78679
50, 8810, 8, 75330, 75666
50, 8820, 8, 75289, 76710
50, 8830, 8, 75289, 75289
50, 8840, 8, 75289, 76007
50, 8850, 8, 75289, 75289
50, 8860, 8, 75181, 75181
50, 8870, 8, 75181, 75181
50, 8880, 8, 75181, 75488
50, 8890, 8, 75181, 75181
50, 8900, 8, 75092, 75181
50, 8910, 8, 75092, 76665
50, 8920, 8, 75092, 77681
50, 8930, 8, 75092, 75092
50, 8940, 8, 75092, 75092
50, 8950, 8, 75040, 75040
50, 8960, 8, 75040, 75780
50, 8970, 8, 74780, 75040
50, 8980, 8, 74780, 74780
50, 8990, 8, 74780, 74780
50, 9000, 8, 74780, 74917
50, 9010, 8, 74590, 75046
50, 9020, 8, 74590, 74590
50, 9030, 8, 74565, 74590
50, 9040, 8, 74565, 74565
50, 9050, 8, 74565, 74565
50, 9060, 8, 74565, 75213
50, 9070, 8, 74565, 74565
50, 9080, 8, 74565, 76416
50, 9090, 8, 74565, 74565
50, 9100, 8, 74506, 74859
50, 9110, 8, 74372, 74372
50, 9120, 8, 73678, 74238
50, 9130, 8, 73678, 75382
50, 9140, 8, 73678, 73678
50, 9150, 8, 73678, 73678
50, 9160, 8, 73678, 75321
50, 9170, 8, 73678, 74533
50, 9180, 8, 73678, 73678
50, 9190, 8, 73678, 73678
50, 9200, 8, 73678, 74389
50, 9210, 8, 73597, 73678
50, 9220, 8, 73478, 73597
50, 9230, 8, 73478, 73478
50, 9240, 8, 73478, 73478
50, 9250, 8, 73478, 73478
50, 9260, 8, 73405, 73478
50, 9270, 8, 73384, 73384
50, 9280, 8, 73384, 73384
50, 9290, 8, 73384, 73384
50, 9300, 8, 73384, 73384
50, 9310, 8, 73384, 73384
50, 9320, 8, 73384, 73384
50, 9330, 8, 73282, 73384
50, 9340, 8, 73248, 73282
50, 9350, 8, 73248, 73248
50, 9360, 8, 73196, 73248
50, 9370, 8, 73196, 74284
50, 9380, 8, 73196, 73196
50, 9390, 8, 73196, 73196
50, 9400, 8, 73196, 74312
50, 9410, 8, 73196, 73196
50, 9420, 8, 73185, 73196
50, 9430, 8, 73185, 73185
50, 9440, 8, 73185, 73749
50, 9450, 8, 73063, 73185
50, 9460, 8, 73063, 73063
50, 9470, 8, 73063, 73063
50, 9480, 8, 73063, 73063
50, 9490, 8, 73063, 73063
50, 9500, 8, 73063, 75099
50, 9510, 8, 73063, 73287
50, 9520, 8, 73063, 73063
50, 9530, 8, 73063, 76023
50, 9540, 8, 73063, 75818
50, 9550, 8, 73063, 73063
50, 9560, 8, 73063, 73981
50, 9570, 8, 73046, 73697
50, 9580, 8, 73046, 73046
50, 9590, 8, 73046, 73046
50, 9600, 8, 73046, 73046
50, 9610, 8, 73046, 73586
50, 9620, 8, 73046, 73046
50, 9630, 8, 73046, 74838
50, 9640, 8, 72995, 74766
50, 9650, 8, 72995, 72995
50, 9660, 8, 72944, 74566
50, 9670, 8, 72902, 72944
50, 9680, 8, 72902, 72902
50, 9690, 8, 72902, 73163
50, 9700, 8, 72902, 72902
50, 9710, 8, 72902, 72902
50, 9720, 8, 72902, 72902
50, 9730, 8, 72902, 72902
50, 9740, 8, 72902, 75306
50, 9750, 8, 72902, 72902
50, 9760, 8, 72902, 72902
50, 9770, 8, 72902, 72902
50, 9780, 8, 72554, 72902
50, 9790, 8, 72554, 73322
50, 9800, 8, 72554, 72554
50, 9810, 8, 72554, 72554
50, 9820, 8, 72554, 74456
50, 9830, 8, 72554, 72554
50, 9840, 8, 72554, 72554
50, 9850, 8, 72554, 72554
50, 9860, 8, 72507, 72554
50, 9870, 8, 72507, 72507
50, 9880, 8, 72507, 74355
50, 9890, 8, 72507, 72507
50, 9900, 8, 72507, 72507
50, 9910, 8, 72507, 72507
50, 9920, 8, 72507, 73080
50, 9930, 8, 72507, 72507
50, 9940, 8, 72507, 72507
50, 9950, 8, 72507, 72507
50, 9960, 8, 72507, 72507
50, 9970, 8, 72507, 72517
50, 9980, 8, 72507, 72507
50, 9990, 8, 72507, 72798
50, 10000, 8, 72507, 72507
50, 10010, 8, 72507, 72507
50, 10020, 8, 72407, 72407
50, 10030, 8, 72407, 72407
50, 10040, 8, 72407, 72407
50, 10050, 8, 72407, 72407
50, 10060, 8, 72407, 72407
50, 10070, 8, 72404, 72404
50, 10080, 8, 72404, 72404
50, 10090, 8, 72404, 72404
50, 10100, 8, 72404, 72404
50, 10110, 8, 72404, 72404
50, 10120, 8, 72404, 72980
50, 10130, 8, 72404, 73675
50, 10140, 8, 72222, 72222
50, 10150, 8, 72026, 72211
50, 10160, 8, 72026, 72163
50, 10170, 8, 72026, 72026
50, 10180, 8, 72010, 72026
50, 10190, 8, 72010, 72010
50, 10200, 8, 72010, 72010
50, 10210, 8, 72010, 72010
50, 10220, 8, 72010, 72964
50, 10230, 8, 71993, 72525
50, 10240, 8, 71993, 72052
50, 10250, 8, 71993, 71993
50, 10260, 8, 71993, 73654
50, 10270, 8, 71812, 71993
50, 10280, 8, 71812, 71812
50, 10290, 8, 71812, 71812
50, 10300, 8, 71812, 73488
50, 10310, 8, 71812, 71812
50, 10320, 8, 71812, 71812
50, 10330, 8, 71766, 71766
50, 10340, 8, 71766, 71766
50, 10350, 8, 71631, 71766
50, 10360, 8, 71631, 71631
50, 10370, 8, 71631, 71631
50, 10380, 8, 71631, 73715
50, 10390, 8, 71631, 71631
50, 10400, 8, 71631, 71631
50, 10410, 8, 71631, 71631
50, 10420, 8, 71631, 71631
50, 10430, 8, 71631, 71631
50, 10440, 8, 71548, 71654
50, 10450, 8, 71548, 71548
50, 10460, 8, 71548, 71548
50, 10470, 8, 71548, 73596
50, 10480, 8, 71548, 71548
50, 10490, 8, 71421, 71548
50, 10500, 8, 71421, 71421
50, 10510, 8, 71421, 71421
50, 10520, 8, 71421, 71421
50, 10530, 8, 71421, 73152
50, 10540, 8, 71421, 71421
50, 10550, 8, 71421, 71421
50, 10560, 8, 71421, 71421
50, 10570, 8, 71421, 71421
50, 10580, 8, 71298, 72696
50, 10590, 8, 71298, 71298
50, 10600, 8, 71171, 74109
50, 10610, 8, 71171, 72396
50, 10620, 8, 71171, 71171
50, 10630, 8, 71171, 71171
50, 10640, 8, 71106, 71960
50, 10650, 8, 71106, 71106
50, 10660, 8, 71106, 71106
50, 10670, 8, 71104, 71812
50, 10680, 8, 71104, 71104
50, 10690, 8, 71104, 71104
50, 10700, 8, 71104, 71104
50, 10710, 8, 71104, 71104
50, 10720, 8, 71104, 71104
50, 10730, 8, 71104, 72571
50, 10740, 8, 71104, 71104
50, 10750, 8, 71104, 71104
50, 10760, 8, 71104, 71104
50, 10770, 8, 71104, 71923
50, 10780, 8, 71045, 71045
50, 10790, 8, 70980, 71045
50, 10800, 8, 70980, 70980
50, 10810, 8, 70980, 70980
50, 10820, 8, 70980, 70980
50, 10830, 8, 70980, 70980
50, 10840, 8, 70980, 71296
50, 10850, 8, 70980, 70980
50, 10860, 8, 70980, 70980
50, 10870, 8, 70980, 70980
50, 10880, 8, 70980, 70980
50, 10890, 8, 70980, 70980
50, 10900, 8, 70932, 70980
50, 10910, 8, 70932, 71012
50, 10920, 8, 70932, 70932
50, 10930, 8, 70913, 70932
50, 10940, 8, 70913, 70913
50, 10950, 8, 70913, 70913
50, 10960, 8, 70913, 70913
50, 10970, 8, 70711, 70913
50, 10980, 8, 70711, 70711
50, 10990, 8, 70605, 70711
50, 11000, 8, 70605, 70605
50, 11010, 8, 70605, 70605
50, 11020, 8, 70605, 70605
50, 11030, 8, 70605, 71713
50, 11040, 8, 70605, 70605
50, 11050, 8, 70605, 70605
50, 11060, 8, 70605, 70605
50, 11070, 8, 70605, 70605
50, 11080, 8, 70605, 70605
50, 11090, 8, 70605, 70605
50, 11100, 8, 70544, 71175
50, 11110, 8, 70544, 70544
50, 11120, 8, 70261, 72489
50, 11130, 8, 70261, 70261
50, 11140, 8, 70261, 70261
50, 11150, 8, 70261, 70261
50, 11160, 8, 70261, 70463
50, 11170, 8, 70215, 70215
50, 11180, 8, 70215, 70215
50, 11190, 8, 70215, 70215
50, 11200, 8, 70215, 70215
50, 11210, 8, 70215, 71166
50, 11220, 8, 70215, 70215
50, 11230, 8, 70215, 70798
50, 11240, 8, 70215, 70215
50, 11250, 8, 70215, 70215
50, 11260, 8, 70215, 70215
50, 11270, 8, 70215, 70215
50, 11280, 8, 70215, 70215
50, 11290, 8, 70215, 70215
50, 11300, 8, 70215, 70215
50, 11310, 8, 70156, 70215
50, 11320, 8, 70084, 70084
50, 11330, 8, 70084, 70214
50, 11340, 8, 70084, 70084
50, 11350, 8, 70084, 70084
50, 11360, 8, 70084, 70084
50, 11370, 8, 70084, 70084
50, 11380, 8, 70084, 70084
50, 11390, 8, 70043, 70084
50, 11400, 8, 70043, 70043
50, 11410, 8, 70043, 70043
50, 11420, 8, 70043, 70043
50, 11430, 8, 70043, 70043
50, 11440, 8, 70043, 70043
50, 11450, 8, 70043, 70356
50, 11460, 8, 70043, 70043
50, 11470, 8, 70043, 70043
50, 11480, 8, 70043, 70043
50, 11490, 8, 70043, 70043
50, 11500, 8, 70043, 70043
50, 11510, 8, 70043, 70043
50, 11520, 8, 70043, 70043
50, 11530, 8, 70043, 70043
50, 11540, 8, 70037, 70037
50, 11550, 8, 69580, 70004
50, 11560, 8, 69580, 71310
50, 11570, 8, 69580, 70618
50, 11580, 8, 69580, 69580
50, 11590, 8, 69503, 69580
50, 11600, 8, 69503, 69503
50, 11610, 8, 69492, 69492
50, 11620, 8, 69492, 69492
50, 11630, 8, 69492, 69492
50, 11640, 8, 69492, 69492
50, 11650, 8, 69492, 69492
50, 11660, 8, 69492, 69492
50, 11670, 8, 69492, 69492
50, 11680, 8, 69492, 71856
50, 11690, 8, 69492, 69492
50, 11700, 8, 69492, 69492
50, 11710, 8, 69492, 69492
50, 11720, 8, 69492, 69492
50, 11730, 8, 69492, 69492
50, 11740, 8, 69492, 69492
50, 11750, 8, 69492, 69492
50, 11760, 8, 69492, 69492
50, 11770, 8, 69390, 69492
50, 11780, 8, 69390, 69390
50, 11790, 8, 69390, 69390
50, 11800, 8, 69390, 69390
50, 11810, 8, 69390, 69390
50, 11820, 8, 69390, 69390
50, 11830, 8, 69390, 69390
50, 11840, 8, 69390, 69390
50, 11850, 8, 69390, 69390
50, 11860, 8, 69390, 70210
50, 11870, 8, 69390, 69390
50, 11880, 8, 69336, 69390
50, 11890, 8, 69336, 69336
50, 11900, 8, 69336, 69915
50, 11910, 8, 69310, 69336
50, 11920, 8, 69292, 69310
50, 11930, 8, 69219, 69292
50, 11940, 8, 69141, 69219
50, 11950, 8, 69141, 69141
50, 11960, 8, 69141, 69141
50, 11970, 8, 69141, 69141
50, 11980, 8, 69141, 69141
50, 11990, 8, 69141, 69141
50, 12000, 8, 69086, 71009
50, 12010, 8, 69079, 69086
50, 12020, 8, 69079, 69079
50, 12030, 8, 69079, 69079
50, 12040, 8, 69079, 69079
50, 12050, 8, 69079, 69079
50, 12060, 8, 69079, 69079
50, 12070, 8, 69079, 69079
50, 12080, 8, 69079, 69079
50, 12090, 8, 69079, 69079
50, 12100, 8, 69079, 69079
50, 12110, 8, 69079, 69692
50, 12120, 8, 69079, 70269
50, 12130, 8, 69079, 69079
50, 12140, 8, 69079, 69079
50, 12150, 8, 69018, 69079
50, 12160, 8, 69002, 69002
50, 12170, 8, 69002, 69002
50, 12180, 8, 69002, 69002
50, 12190, 8, 69002, 69002
50, 12200, 8, 69002, 69002
50, 12210, 8, 68989, 69002
50, 12220, 8, 68876, 68989
50, 12230, 8, 68876, 68876
50, 12240, 8, 68830, 68876
50, 12250, 8, 68830, 68830
50, 12260, 8, 68830, 68830
50, 12270, 8, 68830, 68830
50, 12280, 8, 68830, 68830
50, 12290, 8, 68830, 68830
50, 12300, 8, 68811, 68830
50, 12310, 8, 68754, 68811
50, 12320, 8, 68754, 68754
50, 12330, 8, 68754, 68754
50, 12340, 8, 68754, 68754
50, 12350, 8, 68749, 68754
50, 12360, 8, 68708, 68749
50, 12370, 8, 68707, 68707
50, 12380, 8, 68707, 68707
50, 12390, 8, 68695, 68707
50, 12400, 8, 68695, 68695
50, 12410, 8, 68695, 68695
50, 12420, 8, 68675, 68675
50, 12430, 8, 68475, 68475
50, 12440, 8, 68475, 68475
50, 12450, 8, 68475, 68475
50, 12460, 8, 68475, 68475
50, 12470, 8, 68475, 68475
50, 12480, 8, 68475, 68475
50, 12490, 8, 68438, 68475
50, 12500, 8, 68438, 68438
50, 12510, 8, 68438, 68438
50, 12520, 8, 68438, 68438
50, 12530, 8, 68438, 68438
50, 12540, 8, 68438, 68438
50, 12550, 8, 68420, 68420
50, 12560, 8, 68287, 68420
50, 12570, 8, 68287, 68287
50, 12580, 8, 68287, 68287
50, 12590, 8, 68287, 68287
50, 12600, 8, 68287, 68287
50, 12610, 8, 68287, 68287
50, 12620, 8, 68164, 68164
50, 12630, 8, 68081, 68164
50, 12640, 8, 68081, 68081
50, 12650, 8, 68081, 68081
50, 12660, 8, 68081, 68081
50, 12670, 8, 68081, 68081
50, 12680, 8, 68081, 68081
50, 12690, 8, 68081, 68081
50, 12700, 8, 68081, 69804
50, 12710, 8, 68081, 68081
50, 12720, 8, 68081, 68081
50, 12730, 8, 68081, 68081
50, 12740, 8, 68081, 68081
50, 12750, 8, 68081, 68081
50, 12760, 8, 68081, 68081
50, 12770, 8, 68081, 68081
50, 12780, 8, 68081, 68081
50, 12790, 8, 68081, 68081
50, 12800, 8, 68081, 68081
50, 12810, 8, 68068, 68068
50, 12820, 8, 68068, 68068
50, 12830, 8, 68068, 68068
50, 12840, 8, 68068, 68068
50, 12850, 8, 68068, 68068
50, 12860, 8, 68068, 68068
50, 12870, 8, 68068, 68068
50, 12880, 8, 68068, 68068
50, 12890, 8, 68068, 68068
50, 12900, 8, 68068, 68068
50, 12910, 8, 68068, 68068
50, 12920, 8, 68068, 68068
50, 12930, 8, 68068, 68068
50, 12940, 8, 68068, 68068
50, 12950, 8, 68068, 68068
50, 12960, 8, 68068, 68068
50, 12970, 8, 68008, 68008
50, 12980, 8, 68008, 68008
50, 12990, 8, 67867, 67867
50, 13000, 8, 67867, 67867
50, 13010, 8, 67867, 67867
50, 13020, 8, 67867, 67867
50, 13030, 8, 67867, 67867
50, 13040, 8, 67867, 67867
50, 13050, 8, 67812, 67867
50, 13060, 8, 67761, 67761
50, 13070, 8, 67761, 67761
50, 13080, 8, 67761, 67761
50, 13090, 8, 67761, 67761
50, 13100, 8, 67761, 67761
50, 13110, 8, 67761, 67761
50, 13120, 8, 67761, 67761
50, 13130, 8, 67761, 69069
50, 13140, 8, 67761, 67761
50, 13150, 8, 67702, 67702
50, 13160, 8, 67702, 67702
50, 13170, 8, 67702, 67702
50, 13180, 8, 67702, 67702
50, 13190, 8, 67702, 67702
50, 13200, 8, 67702, 67702
50, 13210, 8, 67702, 67702
50, 13220, 8, 67702, 68594
50, 13230, 8, 67702, 67702
50, 13240, 8, 67702, 67702
50, 13250, 8, 67702, 67702
50, 13260, 8, 67702, 67702
50, 13270, 8, 67702, 67702
50, 13280, 8, 67702, 67702
50, 13290, 8, 67702, 68206
50, 13300, 8, 67702, 67702
50, 13310, 8, 67702, 67702
50, 13320, 8, 67702, 67702
50, 13330, 8, 67702, 67702
50, 13340, 8, 67702, 67702
50, 13350, 8, 67702, 67702
50, 13360, 8, 67652, 67652
50, 13370, 8, 67652, 67652
50, 13380, 8, 67652, 67652
50, 13390, 8, 67541, 67541
50, 13400, 8, 67541, 67541
50, 13410, 8, 67541, 67541
50, 13420, 8, 67541, 67541
50, 13430, 8, 67541, 67541
50, 13440, 8, 67454, 67541
50, 13450, 8, 67454, 67454
50, 13460, 8, 67454, 67454
50, 13470, 8, 67454, 67454
50, 13480, 8, 67454, 67454
50, 13490, 8, 67454, 67454
50, 13500, 8, 67436, 67454
50, 13510, 8, 67436, 67436
50, 13520, 8, 67436, 67436
50, 13530, 8, 67436, 67436
50, 13540, 8, 67402, 67436
50, 13550, 8, 67402, 67402
50, 13560, 8, 67318, 67402
50, 13570, 8, 67318, 67318
50, 13580, 8, 67318, 67318
50, 13590, 8, 67318, 67318
50, 13600, 8, 67318, 67318
50, 13610, 8, 67318, 67318
50, 13620, 8, 67318, 67318
50, 13630, 8, 67318, 67318
50, 13640, 8, 67318, 67318
50, 13650, 8, 67318, 67318
50, 13660, 8, 67318, 67318
50, 13670, 8, 67318, 67318
50, 13680, 8, 67318, 67318
50, 13690, 8, 67318, 67318
50, 13700, 8, 67318, 67318
50, 13710, 8, 67318, 67318
50, 13720, 8, 67318, 67318
50, 13730, 8, 67318, 67318
50, 13740, 8, 67318, 67318
50, 13750, 8, 67318, 67318
50, 13760, 8, 67318, 67318
50, 13770, 8, 67318, 67318
50, 13780, 8, 67318, 67318
50, 13790, 8, 67318, 67318
50, 13800, 8, 67318, 67318
50, 13810, 8, 67318, 67318
50, 13820, 8, 67318, 67318
50, 13830, 8, 67318, 67318
50, 13840, 8, 67318, 67318
50, 13850, 8, 67318, 67318
50, 13860, 8, 67318, 67318
50, 13870, 8, 67318, 67793
50, 13880, 8, 67318, 67318
50, 13890, 8, 67318, 67318
50, 13900, 8, 67318, 67318
50, 13910, 8, 67318, 67318
50, 13920, 8, 67318, 67318
50, 13930, 8, 67318, 67318
50, 13940, 8, 67318, 67318
50, 13950, 8, 67318, 67318
50, 13960, 8, 67318, 67318
50, 13970, 8, 67318, 67318
50, 13980, 8, 67318, 67318
50, 13990, 8, 67318, 67318
50, 14000, 8, 67318, 67318
50, 14010, 8, 67318, 67318
50, 14020, 8, 67318, 67318
50, 14030, 8, 67318, 67318
50, 14040, 8, 67318, 67318
50, 14050, 8, 67042, 67118
50, 14060, 8, 67042, 67042
50, 14070, 8, 67042, 67042
50, 14080, 8, 67042, 67042
50, 14090, 8, 67042, 67042
50, 14100, 8, 67042, 67042
50, 14110, 8, 67042, 67042
50, 14120, 8, 67042, 67042
50, 14130, 8, 67042, 67042
50, 14140, 8, 67024, 67042
50, 14150, 8, 67024, 67024
50, 14160, 8, 67006, 67006
50, 14170, 8, 67006, 67006
50, 14180, 8, 67006, 67006
50, 14190, 8, 67006, 67006
50, 14200, 8, 67006, 67006
50, 14210, 8, 66966, 66966
50, 14220, 8, 66966, 66966
50, 14230, 8, 66966, 66966
50, 14240, 8, 66966, 66966
50, 14250, 8, 66966, 66966
50, 14260, 8, 66882, 66966
50, 14270, 8, 66882, 66882
50, 14280, 8, 66882, 66882
50, 14290, 8, 66882, 66882
50, 14300, 8, 66882, 66882
50, 14310, 8, 66882, 66882
50, 14320, 8, 66882, 66882
50, 14330, 8, 66882, 66882
50, 14340, 8, 66882, 66882
50, 14350, 8, 66882, 66882
50, 14360, 8, 66882, 66882
50, 14370, 8, 66882, 66882
50, 14380, 8, 66882, 66882
50, 14390, 8, 66882, 66882
50, 14400, 8, 66882, 66882
50, 14410, 8, 66882, 66882
50, 14420, 8, 66841, 66841
50, 14430, 8, 66841, 66841
50, 14440, 8, 66841, 66841
50, 14450, 8, 66841, 66841
50, 14460, 8, 66841, 66841
50, 14470, 8, 66841, 67702
50, 14480, 8, 66841, 66841
50, 14490, 8, 66841, 66841
50, 14500, 8, 66841, 66841
50, 14510, 8, 66841, 66841
50, 14520, 8, 66706, 66841
50, 14530, 8, 66706, 66706
50, 14540, 8, 66706, 66706
50, 14550, 8, 66706, 66706
50, 14560, 8, 66706, 66706
50, 14570, 8, 66706, 66706
50, 14580, 8, 66706, 66706
50, 14590, 8, 66706, 66706
50, 14600, 8, 66706, 66706
50, 14610, 8, 66706, 66706
50, 14620, 8, 66706, 66706
50, 14630, 8, 66706, 66706
50, 14640, 8, 66706, 66706
50, 14650, 8, 66706, 66706
50, 14660, 8, 66706, 66706
50, 14670, 8, 66706, 66706
50, 14680, 8, 66706, 66706
50, 14690, 8, 66706, 66706
50, 14700, 8, 66706, 66706
50, 14710, 8, 66706, 66706
50, 14720, 8, 66706, 66706
50, 14730, 8, 66706, 66706
50, 14740, 8, 66706, 66706
50, 14750, 8, 66706, 66706
50, 14760, 8, 66706, 66706
50, 14770, 8, 66706, 66706
50, 14780, 8, 66706, 66706
50, 14790, 8, 66706, 66706
50, 14800, 8, 66706, 66706
50, 14810, 8, 66706, 66706
50, 14820, 8, 66706, 66706
50, 14830, 8, 66706, 66706
50, 14840, 8, 66706, 66706
50, 14850, 8, 66706, 66706
50, 14860, 8, 66706, 66706
50, 14870, 8, 66706, 66706
50, 14880, 8, 66706, 66706
50, 14890, 8, 66706, 66706
50, 14900, 8, 66706, 66706
50, 14910, 8, 66706, 66706
50, 14920, 8, 66706, 66706
50, 14930, 8, 66706, 66706
50, 14940, 8, 66706, 66706
50, 14950, 8, 66706, 66706
50, 14960, 8, 66706, 66706
50, 14970, 8, 66706, 66706
50, 14980, 8, 66706, 66706
50, 14990, 8, 66706, 66706
50, 15000, 8, 66706, 66706
50, 15010, 8, 66706, 66706
50, 15020, 8, 66706, 66706
50, 15030, 8, 66706, 66706
50, 15040, 8, 66706, 66706
50, 15050, 8, 66706, 66706
50, 15060, 8, 66706, 66706
50, 15070, 8, 66706, 66706
50, 15080, 8, 66706, 66706
50, 15090, 8, 66706, 66706
50, 15100, 8, 66706, 66706
50, 15110, 8, 66706, 66706
50, 15120, 8, 66706, 66706
50, 15130, 8, 66706, 66706
50, 15140, 8, 66706, 66706
50, 15150, 8, 66624, 66624
50, 15160, 8, 66624, 66624
50, 15170, 8, 66624, 66624
50, 15180, 8, 66624, 66624
50, 15190, 8, 66624, 66624
50, 15200, 8, 66624, 66624
50, 15210, 8, 66624, 66624
50, 15220, 8, 66624, 66624
50, 15230, 8, 66624, 66624
50, 15240, 8, 66624, 66624
50, 15250, 8, 66547, 66547
50, 15260, 8, 66547, 66547
50, 15270, 8, 66547, 66547
50, 15280, 8, 66506, 66506
50, 15290, 8, 66506, 66506
50, 15300, 8, 66506, 66506
50, 15310, 8, 66506, 66506
50, 15320, 8, 66382, 66506
50, 15330, 8, 66382, 66382
50, 15340, 8, 66382, 66382
50, 15350, 8, 66382, 66382
50, 15360, 8, 66382, 66382
50, 15370, 8, 66382, 66382
50, 15380, 8, 66382, 66382
50, 15390, 8, 66382, 66382
50, 15400, 8, 66382, 66382
50, 15410, 8, 66288, 66382
50, 15420, 8, 66288, 66288
50, 15430, 8, 66288, 66288
50, 15440, 8, 66288, 66288
50, 15450, 8, 66234, 66288
50, 15460, 8, 66234, 66234
50, 15470, 8, 66234, 66234
50, 15480, 8, 66234, 66234
50, 15490, 8, 66234, 66234
50, 15500, 8, 66169, 66234
50, 15510, 8, 66169, 66169
50, 15520, 8, 66139, 66169
50, 15530, 8, 66139, 66139
50, 15540, 8, 66139, 66139
50, 15550, 8, 66074, 66074
50, 15560, 8, 66074, 66074
50, 15570, 8, 66074, 66074
50, 15580, 8, 66074, 66074
50, 15590, 8, 66074, 66074
50, 15600, 8, 66074, 66074
50, 15610, 8, 66074, 66074
50, 15620, 8, 66074, 66074
50, 15630, 8, 65939, 65939
50, 15640, 8, 65939, 65939
50, 15650, 8, 65939, 65939
50, 15660, 8, 65939, 65939
50, 15670, 8, 65939, 65939
50, 15680, 8, 65939, 65939
50, 15690, 8, 65939, 65939
50, 15700, 8, 65939, 65939
50, 15710, 8, 65939, 65939
50, 15720, 8, 65939, 65939
50, 15730, 8, 65939, 65939
50, 15740, 8, 65939, 65939
50, 15750, 8, 65939, 65939
50, 15760, 8, 65939, 65939
50, 15770, 8, 65939, 65939
50, 15780, 8, 65939, 65939
50, 15790, 8, 65939, 65939
50, 15800, 8, 65939, 65939
50, 15810, 8, 65939, 65939
50, 15820, 8, 65939, 65939
50, 15830, 8, 65939, 65939
50, 15840, 8, 65939, 65939
50, 15850, 8, 65939, 65939
50, 15860, 8, 65939, 65939
50, 15870, 8, 65939, 65939
50, 15880, 8, 65939, 65939
50, 15890, 8, 65939, 65939
50, 15900, 8, 65939, 65939
50, 15910, 8, 65939, 65939
50, 15920, 8, 65939, 65939
50, 15930, 8, 65939, 65939
50, 15940, 8, 65939, 65939
50, 15950, 8, 65939, 65939
50, 15960, 8, 65939, 65939
50, 15970, 8, 65688, 65939
50, 15980, 8, 65688, 65688
50, 15990, 8, 65688, 65688
50, 16000, 8, 65688, 65688
50, 16010, 8, 65688, 65688
50, 16020, 8, 65688, 65688
50, 16030, 8, 65688, 65688
50, 16040, 8, 65688, 65688
50, 16050, 8, 65688, 65688
50, 16060, 8, 65547, 65688
50, 16070, 8, 65547, 65547
50, 16080, 8, 65547, 65547
50, 16090, 8, 65547, 65547
50, 16100, 8, 65547, 65547
50, 16110, 8, 65547, 65547
50, 16120, 8, 65547, 65547
50, 16130, 8, 65547, 65547
50, 16140, 8, 65547, 66189
50, 16150, 8, 65547, 65547
50, 16160, 8, 65547, 67027
50, 16170, 8, 65547, 65547
50, 16180, 8, 65547, 65547
50, 16190, 8, 65547, 65547
50, 16200, 8, 65547, 65547
50, 16210, 8, 65547, 65547
50, 16220, 8, 65547, 65547
50, 16230, 8, 65547, 65547
50, 16240, 8, 65482, 65547
50, 16250, 8, 65482, 65482
50, 16260, 8, 65450, 65482
50, 16270, 8, 65450, 65450
50, 16280, 8, 65450, 65450
50, 16290, 8, 65450, 65450
50, 16300, 8, 65450, 65450
50, 16310, 8, 65450, 65450
50, 16320, 8, 65450, 65450
50, 16330, 8, 65450, 65450
50, 16340, 8, 65450, 65450
50, 16350, 8, 65450, 65450
50, 16360, 8, 65450, 65450
50, 16370, 8, 65450, 65450
50, 16380, 8, 65450, 65450
50, 16390, 8, 65450, 65450
50, 16400, 8, 65450, 65450
50, 16410, 8, 65366, 65450
50, 16420, 8, 65366, 65366
50, 16430, 8, 65366, 65366
50, 16440, 8, 65366, 65366
50, 16450, 8, 65366, 65366
50, 16460, 8, 65366, 65366
50, 16470, 8, 65366, 65366
50, 16480, 8, 65366, 65366
50, 16490, 8, 65366, 65366
50, 16500, 8, 65366, 65366
50, 16510, 8, 65366, 65366
50, 16520, 8, 65366, 65366
50, 16530, 8, 65366, 65366
50, 16540, 8, 65366, 65366
50, 16550, 8, 65366, 65366
50, 16560, 8, 65366, 65366
50, 16570, 8, 65366, 65366
50, 16580, 8, 65366, 65366
50, 16590, 8, 65366, 65366
50, 16600, 8, 65366, 65366
50, 16610, 8, 65366, 65366
50, 16620, 8, 65366, 65366
50, 16630, 8, 65283, 65366
50, 16640, 8, 65283, 65283
50, 16650, 8, 65283, 65283
50, 16660, 8, 65283, 65283
50, 16670, 8, 65283, 65283
50, 16680, 8, 65283, 65283
50, 16690, 8, 65283, 65283
50, 16700, 8, 65265, 65265
50, 16710, 8, 65265, 65265
50, 16720, 8, 65265, 65265
50, 16730, 8, 65265, 65265
50, 16740, 8, 65265, 65265
50, 16750, 8, 65265, 65265
50, 16760, 8, 65265, 65265
50, 16770, 8, 65265, 65265
50, 16780, 8, 65265, 65265
50, 16790, 8, 65265, 65265
50, 16800, 8, 65265, 65265
50, 16810, 8, 65265, 65265
50, 16820, 8, 65265, 65265
50, 16830, 8, 65265, 65265
50, 16840, 8, 65265, 65265
50, 16850, 8, 65265, 65265
50, 16860, 8, 65195, 65195
50, 16870, 8, 65195, 65195
50, 16880, 8, 65195, 65195
50, 16890, 8, 65195, 65195
50, 16900, 8, 65195, 65195
50, 16910, 8, 65195, 65195
50, 16920, 8, 65195, 65195
50, 16930, 8, 65195, 65195
50, 16940, 8, 65195, 65195
50, 16950, 8, 65195, 65195
50, 16960, 8, 65192, 65195
50, 16970, 8, 65192, 65192
50, 16980, 8, 65192, 65192
50, 16990, 8, 65192, 65192
50, 17000, 8, 65192, 65192
50, 17010, 8, 65192, 65192
50, 17020, 8, 65192, 65192
50, 17030, 8, 65192, 65192
50, 17040, 8, 65192, 65192
50, 17050, 8, 65192, 65192
50, 17060, 8, 65192, 65192
50, 17070, 8, 65192, 65192
50, 17080, 8, 65192, 65192
50, 17090, 8, 65192, 65192
50, 17100, 8, 65192, 65192
50, 17110, 8, 65192, 65192
50, 17120, 8, 65192, 65192
50, 17130, 8, 65192, 65192
50, 17140, 8, 65192, 65192
50, 17150, 8, 65109, 65192
50, 17160, 8, 65109, 65109
50, 17170, 8, 65109, 65109
50, 17180, 8, 65109, 65109
50, 17190, 8, 65109, 65109
50, 17200, 8, 65109, 65109
50, 17210, 8, 65109, 65109
50, 17220, 8, 65109, 65109
50, 17230, 8, 65109, 65109
50, 17240, 8, 65109, 65109
50, 17250, 8, 65093, 65093
50, 17260, 8, 65093, 65093
50, 17270, 8, 65093, 65093
50, 17280, 8, 65093, 65093
50, 17290, 8, 65093, 65093
50, 17300, 8, 65093, 65093
50, 17310, 8, 65093, 65093
50, 17320, 8, 65093, 65093
50, 17330, 8, 65093, 65093
50, 17340, 8, 65093, 65093
50, 17350, 8, 65093, 65093
50, 17360, 8, 65093, 65093
50, 17370, 8, 65093, 65093
50, 17380, 8, 65093, 65093
50, 17390, 8, 65093, 65093
50, 17400, 8, 64993, 65093
50, 17410, 8, 64993, 64993
50, 17420, 8, 64943, 64993
50, 17430, 8, 64906, 64906
50, 17440, 8, 64906, 64906
50, 17450, 8, 64860, 64906
50, 17460, 8, 64860, 64860
50, 17470, 8, 64860, 64860
50, 17480, 8, 64860, 64860
50, 17490, 8, 64860, 64860
50, 17500, 8, 64860, 64860
50, 17510, 8, 64860, 64860
50, 17520, 8, 64860, 64860
50, 17530, 8, 64860, 64860
50, 17540, 8, 64860, 64860
50, 17550, 8, 64860, 64860
50, 17560, 8, 64860, 64860
50, 17570, 8, 64860, 64860
50, 17580, 8, 64860, 64860
50, 17590, 8, 64860, 64860
50, 17600, 8, 64860, 64860
50, 17610, 8, 64860, 64860
50, 17620, 8, 64860, 64860
50, 17630, 8, 64860, 64860
50, 17640, 8, 64860, 64860
50, 17650, 8, 64860, 64860
50, 17660, 8, 64860, 64860
50, 17670, 8, 64860, 64860
50, 17680, 8, 64860, 64860
50, 17690, 8, 64860, 64860
50, 17700, 8, 64860, 64860
50, 17710, 8, 64860, 64860
50, 17720, 8, 64760, 64760
50, 17730, 8, 64760, 64760
50, 17740, 8, 64760, 64760
50, 17750, 8, 64760, 64760
50, 17760, 8, 64760, 64760
50, 17770, 8, 64760, 64760
50, 17780, 8, 64760, 64760
50, 17790, 8, 64760, 64760
50, 17800, 8, 64760, 64760
50, 17810, 8, 64760, 64760
50, 17820, 8, 64760, 64760
50, 17830, 8, 64760, 64760
50, 17840, 8, 64760, 64760
50, 17850, 8, 64760, 64760
50, 17860, 8, 64760, 64760
50, 17870, 8, 64760, 64760
50, 17880, 8, 64760, 64760
50, 17890, 8, 64760, 64760
50, 17900, 8, 64760, 64760
50, 17910, 8, 64760, 64760
50, 17920, 8, 64700, 64760
50, 17930, 8, 64700, 64700
50, 17940, 8, 64700, 64700
50, 17950, 8, 64700, 64700
50, 17960, 8, 64617, 64700
50, 17970, 8, 64617, 64617
50, 17980, 8, 64617, 64617
50, 17990, 8, 64617, 64617
50, 18000, 8, 64617, 64617
50, 18010, 8, 64617, 64617
50, 18020, 8, 64617, 64617
50, 18030, 8, 64617, 64617
50, 18040, 8, 64617, 64617
50, 18050, 8, 64617, 64617
50, 18060, 8, 64617, 64617
50, 18070, 8, 64617, 64617
50, 18080, 8, 64617, 64617
50, 18090, 8, 64617, 64617
50, 18100, 8, 64617, 64617
50, 18110, 8, 64617, 64617
50, 18120, 8, 64617, 64617
50, 18130, 8, 64617, 64617
50, 18140, 8, 64617, 64617
50, 18150, 8, 64617, 64617
50, 18160, 8, 64617, 64617
50, 18170, 8, 64617, 64617
50, 18180, 8, 64617, 64617
50, 18190, 8, 64617, 64617
50, 18200, 8, 64617, 64617
50, 18210, 8, 64617, 64617
50, 18220, 8, 64617, 64617
50, 18230, 8, 64577, 64577
50, 18240, 8, 64577, 64577
50, 18250, 8, 64577, 64577
50, 18260, 8, 64577, 64577
50, 18270, 8, 64577, 64577
50, 18280, 8, 64577, 64577
50, 18290, 8, 64577, 64577
50, 18300, 8, 64577, 64577
50, 18310, 8, 64577, 64577
50, 18320, 8, 64577, 64577
50, 18330, 8, 64577, 64577
50, 18340, 8, 64577, 64577
50, 18350, 8, 64577, 64577
50, 18360, 8, 64577, 64577
50, 18370, 8, 64577, 64577
50, 18380, 8, 64577, 64577
50, 18390, 8, 64577, 64577
50, 18400, 8, 64577, 64577
50, 18410, 8, 64577, 64577
50, 18420, 8, 64577, 64577
50, 18430, 8, 64577, 64577
50, 18440, 8, 64577, 64577
50, 18450, 8, 64577, 64577
50, 18460, 8, 64577, 64577
50, 18470, 8, 64577, 64577
50, 18480, 8, 64577, 64577
50, 18490, 8, 64577, 64577
50, 18500, 8, 64577, 64577
50, 18510, 8, 64577, 64577
50, 18520, 8, 64577, 64577
50, 18530, 8, 64577, 64577
50, 18540, 8, 64577, 64577
50, 18550, 8, 64577, 64577
50, 18560, 8, 64577, 64577
50, 18570, 8, 64577, 64577
50, 18580, 8, 64577, 64577
50, 18590, 8, 64577, 64577
50, 18600, 8, 64577, 64577
50, 18610, 8, 64577, 64577
50, 18620, 8, 64577, 64577
50, 18630, 8, 64577, 64577
50, 18640, 8, 64577, 64577
50, 18650, 8, 64577, 64577
50, 18660, 8, 64577, 64577
50, 18670, 8, 64577, 64577
50, 18680, 8, 64577, 64577
50, 18690, 8, 64577, 64577
50, 18700, 8, 64577, 64577
50, 18710, 8, 64577, 64577
50, 18720, 8, 64559, 64559
50, 18730, 8, 64494, 64559
50, 18740, 8, 64494, 64494
50, 18750, 8, 64494, 64494
50, 18760, 8, 64494, 64494
50, 18770, 8, 64494, 64494
50, 18780, 8, 64494, 64494
50, 18790, 8, 64494, 64494
50, 18800, 8, 64494, 64494
50, 18810, 8, 64494, 64494
50, 18820, 8, 64494, 64494
50, 18830, 8, 64494, 64494
50, 18840, 8, 64494, 64494
50, 18850, 8, 64494, 64494
50, 18860, 8, 64494, 64494
50, 18870, 8, 64494, 64494
50, 18880, 8, 64494, 64494
50, 18890, 8, 64494, 64494
50, 18900, 8, 64494, 64494
50, 18910, 8, 64483, 64494
50, 18920, 8, 64483, 64483
50, 18930, 8, 64483, 64483
50, 18940, 8, 64483, 64483
50, 18950, 8, 64483, 64483
50, 18960, 8, 64483, 64483
50, 18970, 8, 64483, 64483
50, 18980, 8, 64483, 64483
50, 18990, 8, 64483, 64483
50, 19000, 8, 64483, 64483
50, 19010, 8, 64483, 64483
50, 19020, 8, 64483, 64483
50, 19030, 8, 64483, 64483
50, 19040, 8, 64483, 64483
50, 19050, 8, 64483, 64483
50, 19060, 8, 64483, 64483
50, 19070, 8, 64483, 64483
50, 19080, 8, 64483, 64483
50, 19090, 8, 64483, 64483
50, 19100, 8, 64483, 64483
50, 19110, 8, 64483, 64483
50, 19120, 8, 64483, 64483
50, 19130, 8, 64483, 64483
50, 19140, 8, 64483, 64483
50, 19150, 8, 64483, 64483
50, 19160, 8, 64483, 64483
50, 19170, 8, 64483, 64483
50, 19180, 8, 64483, 64483
50, 19190, 8, 64483, 64483
50, 19200, 8, 64400, 64483
50, 19210, 8, 64400, 64400
50, 19220, 8, 64400, 64400
50, 19230, 8, 64400, 64400
50, 19240, 8, 64400, 64400
50, 19250, 8, 64400, 64400
50, 19260, 8, 64400, 64400
50, 19270, 8, 64400, 64400
50, 19280, 8, 64400, 64400
50, 19290, 8, 64374, 64374
50, 19300, 8, 64374, 64374
50, 19310, 8, 64374, 64374
50, 19320, 8, 64374, 64374
50, 19330, 8, 64374, 64374
50, 19340, 8, 64374, 64374
50, 19350, 8, 64374, 64374
50, 19360, 8, 64374, 64374
50, 19370, 8, 64374, 64374
50, 19380, 8, 64374, 64374
50, 19390, 8, 64374, 64374
50, 19400, 8, 64374, 64374
50, 19410, 8, 64374, 64374
50, 19420, 8, 64374, 64374
50, 19430, 8, 64374, 64374
50, 19440, 8, 64374, 64374
50, 19450, 8, 64374, 64374
50, 19460, 8, 64274, 64274
50, 19470, 8, 64274, 64274
50, 19480, 8, 64274, 64274
50, 19490, 8, 64274, 64274
50, 19500, 8, 64274, 64274
50, 19510, 8, 64182, 64274
50, 19520, 8, 64182, 64182
50, 19530, 8, 64153, 64153
50, 19540, 8, 64153, 64153
50, 19550, 8, 64153, 64153
50, 19560, 8, 64153, 64153
50, 19570, 8, 64153, 64153
50, 19580, 8, 64153, 64153
50, 19590, 8, 64153, 64153
50, 19600, 8, 64153, 64153
50, 19610, 8, 64153, 64153
50, 19620, 8, 64153, 64153
50, 19630, 8, 64070, 64153
50, 19640, 8, 64070, 64070
50, 19650, 8, 64070, 64070
50, 19660, 8, 64070, 64070
50, 19670, 8, 64070, 64070
50, 19680, 8, 64070, 64070
50, 19690, 8, 64070, 64070
50, 19700, 8, 64070, 64070
50, 19710, 8, 64070, 64070
50, 19720, 8, 64070, 64070
50, 19730, 8, 64070, 64070
50, 19740, 8, 64070, 64070
50, 19750, 8, 64070, 64070
50, 19760, 8, 64070, 64070
50, 19770, 8, 64070, 64070
50, 19780, 8, 64070, 64070
50, 19790, 8, 64070, 64070
50, 19800, 8, 64070, 64070
50, 19810, 8, 64070, 64070
50, 19820, 8, 64070, 64070
50, 19830, 8, 64070, 64070
50, 19840, 8, 64070, 64070
50, 19850, 8, 64070, 64070
50, 19860, 8, 64070, 64070
50, 19870, 8, 64070, 64070
50, 19880, 8, 64057, 64057
50, 19890, 8, 64057, 64057
50, 19900, 8, 64057, 64057
50, 19910, 8, 64057, 64057
50, 19920, 8, 64057, 64057
50, 19930, 8, 64057, 64057
50, 19940, 8, 64057, 64057
50, 19950, 8, 64057, 64057
50, 19960, 8, 64057, 64057
50, 19970, 8, 64057, 64057
50, 19980, 8, 64057, 64057
50, 19990, 8, 64057, 64057
