Population Size, Generation Count, Repetition, Best Fitness, Median Fitness
50, 0, 0, 723335, 771862
50, 10, 0, 702573, 712270
50, 20, 0, 676399, 686983
50, 30, 0, 657449, 663576
50, 40, 0, 633897, 642486
50, 50, 0, 616656, 623552
50, 60, 0, 603781, 607686
50, 70, 0, 590522, 597042
50, 80, 0, 579041, 584515
50, 90, 0, 566953, 570622
50, 100, 0, 558203, 562537
50, 110, 0, 544899, 550958
50, 120, 0, 536589, 541387
50, 130, 0, 529353, 532090
50, 140, 0, 520561, 526016
50, 150, 0, 511652, 516780
50, 160, 0, 501683, 505690
50, 170, 0, 492033, 496740
50, 180, 0, 486666, 489968
50, 190, 0, 482719, 485903
50, 200, 0, 473861, 479454
50, 210, 0, 470490, 472062
50, 220, 0, 462299, 466271
50, 230, 0, 456343, 459674
50, 240, 0, 450617, 455290
50, 250, 0, 446695, 449982
50, 260, 0, 441782, 445417
50, 270, 0, 434956, 437941
50, 280, 0, 431426, 434079
50, 290, 0, 427517, 430702
50, 300, 0, 424492, 426402
50, 310, 0, 418012, 423451
50, 320, 0, 415266, 419246
50, 330, 0, 410074, 414291
50, 340, 0, 406105, 409244
50, 350, 0, 403493, 406647
50, 360, 0, 399498, 402171
50, 370, 0, 393391, 397579
50, 380, 0, 389398, 393475
50, 390, 0, 387247, 389224
50, 400, 0, 385557, 387539
50, 410, 0, 381798, 387107
50, 420, 0, 381243, 383072
50, 430, 0, 377950, 381065
50, 440, 0, 373925, 377924
50, 450, 0, 369453, 372613
50, 460, 0, 366235, 372062
50, 470, 0, 362357, 365591
50, 480, 0, 359490, 362357
50, 490, 0, 357381, 359465
50, 500, 0, 356276, 358404
50, 510, 0, 353637, 357065
50, 520, 0, 350771, 352738
50, 530, 0, 344679, 350468
50, 540, 0, 342340, 345218
50, 550, 0, 338990, 342695
50, 560, 0, 335668, 340625
50, 570, 0, 333724, 337252
50, 580, 0, 331101, 333175
50, 590, 0, 328709, 330624
50, 600, 0, 325246, 329557
50, 610, 0, 323878, 326616
50, 620, 0, 322383, 325373
50, 630, 0, 320190, 324363
50, 640, 0, 317047, 320667
50, 650, 0, 315152, 318836
50, 660, 0, 312302, 316484
50, 670, 0, 309651, 314224
50, 680, 0, 307625, 310993
50, 690, 0, 305973, 308085
50, 700, 0, 303734, 306415
50, 710, 0, 302123, 304718
50, 720, 0, 300951, 303938
50, 730, 0, 298132, 300987
50, 740, 0, 296357, 299107
50, 750, 0, 294708, 298040
50, 760, 0, 293227, 295640
50, 770, 0, 290405, 293628
50, 780, 0, 288568, 291647
50, 790, 0, 286387, 290209
50, 800, 0, 284503, 287686
50, 810, 0, 282045, 284042
50, 820, 0, 278953, 281464
50, 830, 0, 277162, 279680
50, 840, 0, 275278, 277162
50, 850, 0, 274219, 277522
50, 860, 0, 272514, 275700
50, 870, 0, 270352, 273838
50, 880, 0, 268967, 271871
50, 890, 0, 268122, 270383
50, 900, 0, 267062, 270153
50, 910, 0, 266354, 268553
50, 920, 0, 265578, 268302
50, 930, 0, 265012, 266274
50, 940, 0, 263310, 267094
50, 950, 0, 261954, 264508
50, 960, 0, 260221, 262458
50, 970, 0, 258125, 260727
50, 980, 0, 257045, 259175
50, 990, 0, 256179, 260329
50, 1000, 0, 254558, 257407
50, 1010, 0, 254126, 256586
50, 1020, 0, 252756, 256281
50, 1030, 0, 251260, 255339
50, 1040, 0, 250169, 253607
50, 1050, 0, 249535, 251361
50, 1060, 0, 248456, 251995
50, 1070, 0, 246194, 248892
50, 1080, 0, 245381, 248500
50, 1090, 0, 244037, 246413
50, 1100, 0, 242740, 245374
50, 1110, 0, 241235, 243712
50, 1120, 0, 240124, 243921
50, 1130, 0, 238187, 242683
50, 1140, 0, 236639, 238888
50, 1150, 0, 234989, 237701
50, 1160, 0, 234417, 235187
50, 1170, 0, 232944, 236165
50, 1180, 0, 232104, 235596
50, 1190, 0, 231734, 234077
50, 1200, 0, 230514, 232195
50, 1210, 0, 228813, 232758
50, 1220, 0, 227637, 231381
50, 1230, 0, 226655, 229881
50, 1240, 0, 225088, 228821
50, 1250, 0, 223663, 227305
50, 1260, 0, 222250, 225145
50, 1270, 0, 220676, 223973
50, 1280, 0, 219600, 220945
50, 1290, 0, 219200, 221594
50, 1300, 0, 218113, 222436
50, 1310, 0, 217978, 219561
50, 1320, 0, 216429, 220284
50, 1330, 0, 215415, 218111
50, 1340, 0, 214725, 216535
50, 1350, 0, 212912, 215772
50, 1360, 0, 212097, 213216
50, 1370, 0, 210449, 212522
50, 1380, 0, 209148, 211567
50, 1390, 0, 208742, 211177
50, 1400, 0, 207390, 209327
50, 1410, 0, 206479, 210133
50, 1420, 0, 204746, 207155
50, 1430, 0, 204266, 207043
50, 1440, 0, 203823, 206625
50, 1450, 0, 202337, 205717
50, 1460, 0, 201183, 205248
50, 1470, 0, 200736, 203245
50, 1480, 0, 200103, 202245
50, 1490, 0, 199022, 202715
50, 1500, 0, 198238, 201266
50, 1510, 0, 197473, 199796
50, 1520, 0, 196206, 199383
50, 1530, 0, 196125, 198789
50, 1540, 0, 195488, 199015
50, 1550, 0, 194717, 196940
50, 1560, 0, 193796, 196739
50, 1570, 0, 192986, 195814
50, 1580, 0, 192441, 194191
50, 1590, 0, 191348, 193808
50, 1600, 0, 190521, 193535
50, 1610, 0, 189628, 193874
50, 1620, 0, 189194, 191225
50, 1630, 0, 188536, 190766
50, 1640, 0, 188399, 190968
50, 1650, 0, 187498, 190559
50, 1660, 0, 186679, 189175
50, 1670, 0, 186039, 187677
50, 1680, 0, 185862, 188737
50, 1690, 0, 184825, 187883
50, 1700, 0, 184032, 186980
50, 1710, 0, 183168, 184960
50, 1720, 0, 182326, 185134
50, 1730, 0, 181848, 183389
50, 1740, 0, 180680, 184205
50, 1750, 0, 180319, 182557
50, 1760, 0, 179510, 182824
50, 1770, 0, 178619, 181725
50, 1780, 0, 177846, 180202
50, 1790, 0, 177476, 180365
50, 1800, 0, 176061, 179475
50, 1810, 0, 175609, 179534
50, 1820, 0, 175533, 177452
50, 1830, 0, 174869, 178143
50, 1840, 0, 174547, 176897
50, 1850, 0, 174061, 177980
50, 1860, 0, 173760, 176793
50, 1870, 0, 173487, 175471
50, 1880, 0, 172939, 173487
50, 1890, 0, 172357, 175908
50, 1900, 0, 171732, 173373
50, 1910, 0, 171193, 174661
50, 1920, 0, 170311, 173883
50, 1930, 0, 169710, 172770
50, 1940, 0, 169566, 173783
50, 1950, 0, 169104, 172331
50, 1960, 0, 168809, 170582
50, 1970, 0, 168695, 171000
50, 1980, 0, 167589, 171628
50, 1990, 0, 166804, 170067
50, 2000, 0, 166207, 169667
50, 2010, 0, 165519, 166406
50, 2020, 0, 164726, 167393
50, 2030, 0, 164221, 166843
50, 2040, 0, 163238, 166512
50, 2050, 0, 162162, 164895
50, 2060, 0, 161822, 162828
50, 2070, 0, 161567, 163705
50, 2080, 0, 161473, 165572
50, 2090, 0, 160893, 162899
50, 2100, 0, 159951, 162530
50, 2110, 0, 159129, 163103
50, 2120, 0, 159024, 162150
50, 2130, 0, 158127, 160442
50, 2140, 0, 157691, 161040
50, 2150, 0, 157408, 160478
50, 2160, 0, 157342, 159071
50, 2170, 0, 156980, 161307
50, 2180, 0, 156922, 159795
50, 2190, 0, 156413, 158952
50, 2200, 0, 155830, 157598
50, 2210, 0, 154788, 157575
50, 2220, 0, 154291, 156614
50, 2230, 0, 153917, 155806
50, 2240, 0, 153652, 156652
50, 2250, 0, 152572, 155237
50, 2260, 0, 152295, 154172
50, 2270, 0, 151861, 153796
50, 2280, 0, 151784, 154622
50, 2290, 0, 151473, 153568
50, 2300, 0, 151361, 153358
50, 2310, 0, 150729, 153094
50, 2320, 0, 150605, 152654
50, 2330, 0, 149679, 152668
50, 2340, 0, 149123, 152043
50, 2350, 0, 148726, 150713
50, 2360, 0, 148489, 150257
50, 2370, 0, 148192, 152030
50, 2380, 0, 147843, 148872
50, 2390, 0, 146921, 150801
50, 2400, 0, 146645, 150602
50, 2410, 0, 146515, 150174
50, 2420, 0, 146015, 149644
50, 2430, 0, 145422, 146368
50, 2440, 0, 144718, 147422
50, 2450, 0, 144423, 146915
50, 2460, 0, 144244, 146367
50, 2470, 0, 144044, 146148
50, 2480, 0, 143838, 144714
50, 2490, 0, 143380, 145552
50, 2500, 0, 143380, 146851
50, 2510, 0, 142933, 145316
50, 2520, 0, 142933, 145752
50, 2530, 0, 142933, 145196
50, 2540, 0, 142843, 145730
50, 2550, 0, 142442, 144755
50, 2560, 0, 142014, 145238
50, 2570, 0, 141797, 144481
50, 2580, 0, 141749, 142733
50, 2590, 0, 141688, 144371
50, 2600, 0, 140484, 143225
50, 2610, 0, 140352, 143105
50, 2620, 0, 140228, 141802
50, 2630, 0, 140061, 142537
50, 2640, 0, 139734, 140169
50, 2650, 0, 139734, 140471
50, 2660, 0, 139567, 143838
50, 2670, 0, 139497, 144393
50, 2680, 0, 139202, 142905
50, 2690, 0, 138819, 140429
50, 2700, 0, 138668, 139649
50, 2710, 0, 138049, 140909
50, 2720, 0, 137219, 141191
50, 2730, 0, 137070, 141021
50, 2740, 0, 136747, 138991
50, 2750, 0, 136347, 138493
50, 2760, 0, 135395, 139624
50, 2770, 0, 134964, 137397
50, 2780, 0, 134574, 136032
50, 2790, 0, 134339, 136813
50, 2800, 0, 134058, 136614
50, 2810, 0, 133457, 136575
50, 2820, 0, 133273, 134617
50, 2830, 0, 133120, 135857
50, 2840, 0, 132917, 136001
50, 2850, 0, 132710, 135210
50, 2860, 0, 132536, 135119
50, 2870, 0, 132271, 135476
50, 2880, 0, 132098, 134573
50, 2890, 0, 132055, 134057
50, 2900, 0, 131447, 134028
50, 2910, 0, 130538, 132658
50, 2920, 0, 130264, 131635
50, 2930, 0, 129886, 133218
50, 2940, 0, 129710, 131969
50, 2950, 0, 129435, 131261
50, 2960, 0, 129363, 132369
50, 2970, 0, 128762, 130456
50, 2980, 0, 128762, 131404
50, 2990, 0, 128422, 129425
50, 3000, 0, 128164, 130141
50, 3010, 0, 128129, 130020
50, 3020, 0, 127916, 128536
50, 3030, 0, 127525, 130343
50, 3040, 0, 127422, 130526
50, 3050, 0, 127422, 129557
50, 3060, 0, 127287, 129096
50, 3070, 0, 127287, 130015
50, 3080, 0, 126515, 127287
50, 3090, 0, 126355, 128105
50, 3100, 0, 126263, 128556
50, 3110, 0, 125436, 127554
50, 3120, 0, 124990, 125925
50, 3130, 0, 124756, 127264
50, 3140, 0, 124309, 127981
50, 3150, 0, 123985, 124309
50, 3160, 0, 123886, 124423
50, 3170, 0, 123829, 126321
50, 3180, 0, 123739, 125999
50, 3190, 0, 123387, 128222
50, 3200, 0, 123387, 124952
50, 3210, 0, 123187, 124905
50, 3220, 0, 123077, 125857
50, 3230, 0, 123043, 125472
50, 3240, 0, 122756, 127173
50, 3250, 0, 122756, 125070
50, 3260, 0, 122286, 124921
50, 3270, 0, 121810, 125839
50, 3280, 0, 121810, 125263
50, 3290, 0, 121543, 123779
50, 3300, 0, 121261, 124800
50, 3310, 0, 120905, 123135
50, 3320, 0, 120716, 122247
50, 3330, 0, 120546, 124382
50, 3340, 0, 120530, 122493
50, 3350, 0, 120245, 123608
50, 3360, 0, 119655, 123185
50, 3370, 0, 119277, 121764
50, 3380, 0, 119277, 122416
50, 3390, 0, 119277, 121599
50, 3400, 0, 119277, 121236
50, 3410, 0, 119277, 122532
50, 3420, 0, 119019, 124161
50, 3430, 0, 118484, 120534
50, 3440, 0, 118462, 120264
50, 3450, 0, 118462, 120842
50, 3460, 0, 118287, 122142
50, 3470, 0, 118287, 119973
50, 3480, 0, 117954, 118287
50, 3490, 0, 117889, 118063
50, 3500, 0, 117844, 119355
50, 3510, 0, 117681, 120046
50, 3520, 0, 117585, 118095
50, 3530, 0, 117508, 119187
50, 3540, 0, 117183, 120731
50, 3550, 0, 117072, 119724
50, 3560, 0, 116765, 118667
50, 3570, 0, 116457, 118445
50, 3580, 0, 116287, 118189
50, 3590, 0, 115957, 120002
50, 3600, 0, 115521, 119489
50, 3610, 0, 115499, 119118
50, 3620, 0, 115491, 118301
50, 3630, 0, 115491, 117353
50, 3640, 0, 115110, 116209
50, 3650, 0, 114893, 115911
50, 3660, 0, 114712, 114893
50, 3670, 0, 114710, 117401
50, 3680, 0, 114710, 116652
50, 3690, 0, 114616, 118177
50, 3700, 0, 114613, 117208
50, 3710, 0, 114364, 118173
50, 3720, 0, 114364, 117662
50, 3730, 0, 113686, 116045
50, 3740, 0, 113686, 116604
50, 3750, 0, 113645, 115324
50, 3760, 0, 113599, 115685
50, 3770, 0, 113467, 114423
50, 3780, 0, 113136, 114899
50, 3790, 0, 113136, 114236
50, 3800, 0, 113102, 114894
50, 3810, 0, 113065, 115813
50, 3820, 0, 112823, 114327
50, 3830, 0, 112532, 113726
50, 3840, 0, 112532, 114901
50, 3850, 0, 112532, 114490
50, 3860, 0, 112515, 114740
50, 3870, 0, 111976, 116301
50, 3880, 0, 111756, 113733
50, 3890, 0, 111744, 113143
50, 3900, 0, 111744, 113498
50, 3910, 0, 111467, 112931
50, 3920, 0, 111148, 113992
50, 3930, 0, 111006, 111772
50, 3940, 0, 110909, 112927
50, 3950, 0, 110792, 113455
50, 3960, 0, 110792, 112125
50, 3970, 0, 110776, 112227
50, 3980, 0, 110776, 113746
50, 3990, 0, 110684, 112660
50, 4000, 0, 110659, 112042
50, 4010, 0, 109860, 112829
50, 4020, 0, 109860, 111465
50, 4030, 0, 109756, 113467
50, 4040, 0, 109756, 112168
50, 4050, 0, 109754, 111689
50, 4060, 0, 109736, 110170
50, 4070, 0, 109229, 109736
50, 4080, 0, 109137, 111549
50, 4090, 0, 108890, 110589
50, 4100, 0, 108740, 109475
50, 4110, 0, 108719, 108719
50, 4120, 0, 108719, 110959
50, 4130, 0, 108629, 111147
50, 4140, 0, 108438, 111511
50, 4150, 0, 108390, 111650
50, 4160, 0, 108255, 111485
50, 4170, 0, 108200, 108255
50, 4180, 0, 108040, 110829
50, 4190, 0, 108022, 111681
50, 4200, 0, 107754, 111388
50, 4210, 0, 107709, 109171
50, 4220, 0, 107477, 110330
50, 4230, 0, 106857, 109291
50, 4240, 0, 106824, 108739
50, 4250, 0, 106632, 108708
50, 4260, 0, 106508, 108238
50, 4270, 0, 106225, 108995
50, 4280, 0, 105762, 108561
50, 4290, 0, 105762, 107754
50, 4300, 0, 105625, 108353
50, 4310, 0, 105625, 108223
50, 4320, 0, 105116, 108292
50, 4330, 0, 105116, 107099
50, 4340, 0, 104769, 107365
50, 4350, 0, 104089, 106558
50, 4360, 0, 103896, 107205
50, 4370, 0, 103896, 106459
50, 4380, 0, 103830, 106845
50, 4390, 0, 103643, 104947
50, 4400, 0, 103468, 105051
50, 4410, 0, 103327, 106404
50, 4420, 0, 103144, 104401
50, 4430, 0, 102947, 105142
50, 4440, 0, 102897, 102947
50, 4450, 0, 102895, 105240
50, 4460, 0, 102751, 105513
50, 4470, 0, 102751, 103502
50, 4480, 0, 102739, 103487
50, 4490, 0, 102706, 102739
50, 4500, 0, 102481, 105087
50, 4510, 0, 102294, 105093
50, 4520, 0, 102275, 103839
50, 4530, 0, 102177, 103515
50, 4540, 0, 102094, 103211
50, 4550, 0, 101945, 104346
50, 4560, 0, 101931, 104739
50, 4570, 0, 101931, 102139
50, 4580, 0, 101753, 101931
50, 4590, 0, 101632, 105281
50, 4600, 0, 101420, 101958
50, 4610, 0, 101420, 103041
50, 4620, 0, 101354, 103082
50, 4630, 0, 101174, 102806
50, 4640, 0, 101106, 102936
50, 4650, 0, 101106, 103772
50, 4660, 0, 101048, 103181
50, 4670, 0, 101048, 101535
50, 4680, 0, 101015, 102496
50, 4690, 0, 100891, 101015
50, 4700, 0, 100824, 103149
50, 4710, 0, 100824, 102602
50, 4720, 0, 100716, 102588
50, 4730, 0, 100622, 100716
50, 4740, 0, 100510, 100510
50, 4750, 0, 100510, 102401
50, 4760, 0, 99993, 101452
50, 4770, 0, 99867, 100917
50, 4780, 0, 99631, 102013
50, 4790, 0, 99631, 102992
50, 4800, 0, 99573, 102611
50, 4810, 0, 99441, 102063
50, 4820, 0, 99415, 101314
50, 4830, 0, 99387, 101373
50, 4840, 0, 99387, 102133
50, 4850, 0, 99109, 101645
50, 4860, 0, 98975, 99109
50, 4870, 0, 98892, 99674
50, 4880, 0, 98788, 100319
50, 4890, 0, 98788, 101063
50, 4900, 0, 98767, 98788
50, 4910, 0, 98767, 98767
50, 4920, 0, 98767, 101273
50, 4930, 0, 98550, 100187
50, 4940, 0, 98550, 101501
50, 4950, 0, 98491, 100325
50, 4960, 0, 98356, 101994
50, 4970, 0, 98283, 101369
50, 4980, 0, 98283, 99289
50, 4990, 0, 98244, 101155
50, 5000, 0, 98244, 99292
50, 5010, 0, 98047, 100592
50, 5020, 0, 97847, 100345
50, 5030, 0, 97847, 100892
50, 5040, 0, 97840, 98322
50, 5050, 0, 97657, 99272
50, 5060, 0, 97417, 100629
50, 5070, 0, 97417, 99554
50, 5080, 0, 97417, 98952
50, 5090, 0, 97417, 97417
50, 5100, 0, 97417, 99689
50, 5110, 0, 97197, 99268
50, 5120, 0, 97113, 99346
50, 5130, 0, 97113, 99836
50, 5140, 0, 97113, 100275
50, 5150, 0, 97113, 99845
50, 5160, 0, 96356, 97059
50, 5170, 0, 96356, 97321
50, 5180, 0, 96243, 98131
50, 5190, 0, 96143, 97806
50, 5200, 0, 95963, 99445
50, 5210, 0, 95594, 96659
50, 5220, 0, 95452, 98041
50, 5230, 0, 95322, 96971
50, 5240, 0, 95322, 97055
50, 5250, 0, 95322, 96322
50, 5260, 0, 94926, 97438
50, 5270, 0, 94851, 97259
50, 5280, 0, 94851, 95666
50, 5290, 0, 94742, 95559
50, 5300, 0, 94483, 96494
50, 5310, 0, 94483, 95739
50, 5320, 0, 94483, 97237
50, 5330, 0, 94483, 96947
50, 5340, 0, 94483, 95822
50, 5350, 0, 94105, 94872
50, 5360, 0, 94105, 96180
50, 5370, 0, 94105, 96418
50, 5380, 0, 94083, 95091
50, 5390, 0, 93941, 95763
50, 5400, 0, 93941, 93941
50, 5410, 0, 93941, 93941
50, 5420, 0, 93863, 94893
50, 5430, 0, 93685, 94795
50, 5440, 0, 93444, 94988
50, 5450, 0, 93280, 93280
50, 5460, 0, 93188, 93280
50, 5470, 0, 93188, 94894
50, 5480, 0, 92706, 93763
50, 5490, 0, 92653, 93965
50, 5500, 0, 92653, 94131
50, 5510, 0, 92583, 95011
50, 5520, 0, 92583, 94966
50, 5530, 0, 92583, 94928
50, 5540, 0, 92229, 93505
50, 5550, 0, 92229, 95881
50, 5560, 0, 92227, 95167
50, 5570, 0, 91828, 92227
50, 5580, 0, 91751, 93035
50, 5590, 0, 91751, 92665
50, 5600, 0, 91751, 92577
50, 5610, 0, 91751, 94072
50, 5620, 0, 91751, 93515
50, 5630, 0, 91551, 94147
50, 5640, 0, 91291, 91551
50, 5650, 0, 91291, 92540
50, 5660, 0, 91161, 92736
50, 5670, 0, 91046, 92891
50, 5680, 0, 91046, 92516
50, 5690, 0, 91046, 91046
50, 5700, 0, 91046, 92018
50, 5710, 0, 91046, 91046
50, 5720, 0, 91046, 92671
50, 5730, 0, 90836, 93854
50, 5740, 0, 90278, 92353
50, 5750, 0, 90278, 92762
50, 5760, 0, 90082, 91010
50, 5770, 0, 90008, 90082
50, 5780, 0, 90008, 92848
50, 5790, 0, 89984, 93048
50, 5800, 0, 89920, 92584
50, 5810, 0, 89920, 91939
50, 5820, 0, 89885, 91131
50, 5830, 0, 89754, 91255
50, 5840, 0, 89668, 90964
50, 5850, 0, 89573, 91418
50, 5860, 0, 89547, 91336
50, 5870, 0, 89163, 91839
50, 5880, 0, 89157, 91418
50, 5890, 0, 89157, 90985
50, 5900, 0, 88987, 89157
50, 5910, 0, 88987, 90553
50, 5920, 0, 88587, 90143
50, 5930, 0, 88518, 90096
50, 5940, 0, 88518, 88552
50, 5950, 0, 88518, 88518
50, 5960, 0, 88518, 90443
50, 5970, 0, 88458, 88858
50, 5980, 0, 88433, 90603
50, 5990, 0, 88433, 89744
50, 6000, 0, 88424, 91704
50, 6010, 0, 88220, 90033
50, 6020, 0, 88140, 90340
50, 6030, 0, 88140, 88140
50, 6040, 0, 88140, 89610
50, 6050, 0, 88075, 89483
50, 6060, 0, 88075, 91676
50, 6070, 0, 88075, 89025
50, 6080, 0, 88075, 89672
50, 6090, 0, 88039, 89141
50, 6100, 0, 87916, 91527
50, 6110, 0, 87916, 89604
50, 6120, 0, 87765, 91020
50, 6130, 0, 87765, 89942
50, 6140, 0, 87741, 90391
50, 6150, 0, 87741, 89011
50, 6160, 0, 87741, 89845
50, 6170, 0, 87741, 89741
50, 6180, 0, 87253, 88171
50, 6190, 0, 87137, 88717
50, 6200, 0, 87109, 88862
50, 6210, 0, 87068, 87068
50, 6220, 0, 86512, 87704
50, 6230, 0, 86420, 89185
50, 6240, 0, 86382, 89755
50, 6250, 0, 86382, 88774
50, 6260, 0, 86329, 87742
50, 6270, 0, 86316, 87204
50, 6280, 0, 86316, 86989
50, 6290, 0, 86316, 88273
50, 6300, 0, 86316, 88353
50, 6310, 0, 86316, 86664
50, 6320, 0, 86316, 87244
50, 6330, 0, 85976, 86796
50, 6340, 0, 85818, 86414
50, 6350, 0, 85784, 87567
50, 6360, 0, 85728, 87796
50, 6370, 0, 85728, 87326
50, 6380, 0, 85546, 85728
50, 6390, 0, 85535, 85535
50, 6400, 0, 85535, 85535
50, 6410, 0, 85535, 88183
50, 6420, 0, 85506, 86815
50, 6430, 0, 85498, 87805
50, 6440, 0, 85498, 87867
50, 6450, 0, 85415, 86577
50, 6460, 0, 85145, 86815
50, 6470, 0, 84921, 84921
50, 6480, 0, 84921, 87056
50, 6490, 0, 84921, 84921
50, 6500, 0, 84921, 86021
50, 6510, 0, 84921, 86605
50, 6520, 0, 84848, 85424
50, 6530, 0, 84848, 86932
50, 6540, 0, 84401, 87189
50, 6550, 0, 84401, 84531
50, 6560, 0, 84401, 84401
50, 6570, 0, 84389, 84389
50, 6580, 0, 84389, 85189
50, 6590, 0, 84341, 84389
50, 6600, 0, 84280, 84341
50, 6610, 0, 84280, 85773
50, 6620, 0, 84280, 88289
50, 6630, 0, 84264, 85223
50, 6640, 0, 84264, 86691
50, 6650, 0, 84264, 86148
50, 6660, 0, 84264, 85938
50, 6670, 0, 84264, 85805
50, 6680, 0, 84163, 84264
50, 6690, 0, 84027, 86445
50, 6700, 0, 84027, 85440
50, 6710, 0, 84027, 84027
50, 6720, 0, 84027, 85992
50, 6730, 0, 83979, 87326
50, 6740, 0, 83979, 84579
50, 6750, 0, 83977, 85563
50, 6760, 0, 83860, 85160
50, 6770, 0, 83860, 84845
50, 6780, 0, 83700, 83740
50, 6790, 0, 83700, 83700
50, 6800, 0, 83700, 85609
50, 6810, 0, 83700, 83700
50, 6820, 0, 83700, 83700
50, 6830, 0, 83700, 84832
50, 6840, 0, 83688, 83688
50, 6850, 0, 83688, 85564
50, 6860, 0, 83688, 83688
50, 6870, 0, 83553, 83851
50, 6880, 0, 83463, 85788
50, 6890, 0, 83463, 83463
50, 6900, 0, 83463, 83463
50, 6910, 0, 83379, 85106
50, 6920, 0, 83346, 83379
50, 6930, 0, 83346, 83411
50, 6940, 0, 83346, 83346
50, 6950, 0, 83325, 83346
50, 6960, 0, 83237, 85067
50, 6970, 0, 83237, 85799
50, 6980, 0, 83237, 85179
50, 6990, 0, 83237, 83237
50, 7000, 0, 82867, 84088
50, 7010, 0, 82867, 83428
50, 7020, 0, 82867, 82867
50, 7030, 0, 82867, 82867
50, 7040, 0, 82867, 83722
50, 7050, 0, 82354, 83397
50, 7060, 0, 82313, 82354
50, 7070, 0, 82313, 84529
50, 7080, 0, 82213, 84257
50, 7090, 0, 82213, 83356
50, 7100, 0, 82124, 83877
50, 7110, 0, 82124, 82124
50, 7120, 0, 82124, 82247
50, 7130, 0, 82087, 82124
50, 7140, 0, 82087, 84607
50, 7150, 0, 82015, 83855
50, 7160, 0, 81997, 84498
50, 7170, 0, 81943, 82441
50, 7180, 0, 81943, 82470
50, 7190, 0, 81943, 81943
50, 7200, 0, 81943, 84413
50, 7210, 0, 81737, 82637
50, 7220, 0, 81723, 83661
50, 7230, 0, 81665, 81723
50, 7240, 0, 81665, 82892
50, 7250, 0, 81665, 82527
50, 7260, 0, 81609, 84773
50, 7270, 0, 81609, 82706
50, 7280, 0, 81454, 83240
50, 7290, 0, 81454, 83355
50, 7300, 0, 81454, 81975
50, 7310, 0, 81454, 83351
50, 7320, 0, 81454, 83537
50, 7330, 0, 81454, 84422
50, 7340, 0, 81279, 81454
50, 7350, 0, 81279, 83749
50, 7360, 0, 81279, 81959
50, 7370, 0, 81174, 81279
50, 7380, 0, 81174, 83840
50, 7390, 0, 81174, 84997
50, 7400, 0, 81174, 83080
50, 7410, 0, 81094, 82063
50, 7420, 0, 81094, 81094
50, 7430, 0, 81094, 81094
50, 7440, 0, 81094, 81197
50, 7450, 0, 81094, 81621
50, 7460, 0, 81094, 83094
50, 7470, 0, 80918, 81778
50, 7480, 0, 80055, 81934
50, 7490, 0, 79967, 82300
50, 7500, 0, 79901, 79967
50, 7510, 0, 79901, 81204
50, 7520, 0, 79801, 79901
50, 7530, 0, 79683, 79683
50, 7540, 0, 79489, 79683
50, 7550, 0, 79489, 81328
50, 7560, 0, 79489, 79489
50, 7570, 0, 79207, 80373
50, 7580, 0, 78989, 79657
50, 7590, 0, 78989, 81151
50, 7600, 0, 78989, 78989
50, 7610, 0, 78866, 78989
50, 7620, 0, 78599, 80830
50, 7630, 0, 78599, 78599
50, 7640, 0, 78487, 78589
50, 7650, 0, 78425, 79823
50, 7660, 0, 78425, 78673
50, 7670, 0, 78425, 80028
50, 7680, 0, 78116, 78996
50, 7690, 0, 78116, 78116
50, 7700, 0, 78116, 78116
50, 7710, 0, 78026, 79706
50, 7720, 0, 78026, 78959
50, 7730, 0, 78019, 79666
50, 7740, 0, 78019, 78019
50, 7750, 0, 77961, 79091
50, 7760, 0, 77781, 79752
50, 7770, 0, 77781, 79328
50, 7780, 0, 77781, 77781
50, 7790, 0, 77781, 77781
50, 7800, 0, 77673, 79965
50, 7810, 0, 77673, 78549
50, 7820, 0, 77590, 77673
50, 7830, 0, 77462, 77497
50, 7840, 0, 77462, 79768
50, 7850, 0, 77444, 78355
50, 7860, 0, 77432, 78005
50, 7870, 0, 77208, 78532
50, 7880, 0, 77190, 77190
50, 7890, 0, 77190, 78779
50, 7900, 0, 77190, 77190
50, 7910, 0, 77190, 78676
50, 7920, 0, 77190, 78868
50, 7930, 0, 77174, 77680
50, 7940, 0, 77174, 77174
50, 7950, 0, 77174, 77174
50, 7960, 0, 77174, 77174
50, 7970, 0, 77133, 77133
50, 7980, 0, 76879, 79374
50, 7990, 0, 76879, 79241
50, 8000, 0, 76833, 77396
50, 8010, 0, 76833, 78533
50, 8020, 0, 76718, 79051
50, 8030, 0, 76718, 76718
50, 8040, 0, 76718, 78321
50, 8050, 0, 76468, 78273
50, 8060, 0, 76468, 77180
50, 8070, 0, 76468, 77576
50, 8080, 0, 76212, 78147
50, 8090, 0, 76212, 78052
50, 8100, 0, 76212, 76212
50, 8110, 0, 76212, 77105
50, 8120, 0, 76212, 76212
50, 8130, 0, 76212, 76460
50, 8140, 0, 76212, 76585
50, 8150, 0, 76212, 78027
50, 8160, 0, 76212, 77354
50, 8170, 0, 76212, 76212
50, 8180, 0, 76154, 76212
50, 8190, 0, 76154, 77415
50, 8200, 0, 76154, 78215
50, 8210, 0, 76154, 76154
50, 8220, 0, 75990, 76154
50, 8230, 0, 75990, 75990
50, 8240, 0, 75990, 75990
50, 8250, 0, 75990, 75990
50, 8260, 0, 75970, 77011
50, 8270, 0, 75970, 75970
50, 8280, 0, 75754, 77983
50, 8290, 0, 75754, 77770
50, 8300, 0, 75754, 75754
50, 8310, 0, 75754, 75862
50, 8320, 0, 75695, 75754
50, 8330, 0, 75695, 75742
50, 8340, 0, 75695, 75695
50, 8350, 0, 75695, 75695
50, 8360, 0, 75695, 75695
50, 8370, 0, 75666, 75695
50, 8380, 0, 75666, 75666
50, 8390, 0, 75666, 76607
50, 8400, 0, 75666, 77497
50, 8410, 0, 75666, 75666
50, 8420, 0, 75666, 78225
50, 8430, 0, 75666, 75789
50, 8440, 0, 75666, 75666
50, 8450, 0, 75394, 75666
50, 8460, 0, 75394, 75394
50, 8470, 0, 75394, 75716
50, 8480, 0, 75394, 76071
50, 8490, 0, 75394, 75394
50, 8500, 0, 75394, 75394
50, 8510, 0, 75364, 75364
50, 8520, 0, 75305, 77955
50, 8530, 0, 75305, 75305
50, 8540, 0, 75305, 77215
50, 8550, 0, 75305, 75305
50, 8560, 0, 75305, 76696
50, 8570, 0, 75254, 75262
50, 8580, 0, 75254, 76050
50, 8590, 0, 75254, 76079
50, 8600, 0, 75178, 75826
50, 8610, 0, 75178, 75254
50, 8620, 0, 75178, 76146
50, 8630, 0, 75178, 75771
50, 8640, 0, 75178, 75674
50, 8650, 0, 75178, 75178
50, 8660, 0, 75178, 75200
50, 8670, 0, 75178, 75178
50, 8680, 0, 75178, 75178
50, 8690, 0, 75178, 75178
50, 8700, 0, 75178, 75178
50, 8710, 0, 75178, 76408
50, 8720, 0, 75165, 75178
50, 8730, 0, 75165, 75165
50, 8740, 0, 75165, 75165
50, 8750, 0, 75165, 76705
50, 8760, 0, 75165, 75165
50, 8770, 0, 75161, 75161
50, 8780, 0, 75161, 75161
50, 8790, 0, 75161, 75761
50, 8800, 0, 75038, 77258
50, 8810, 0, 75038, 76619
50, 8820, 0, 75038, 75038
50, 8830, 0, 75038, 75038
50, 8840, 0, 75038, 75038
50, 8850, 0, 74979, 75038
50, 8860, 0, 74979, 74979
50, 8870, 0, 74979, 76778
50, 8880, 0, 74894, 74979
50, 8890, 0, 74677, 74979
50, 8900, 0, 74594, 74677
50, 8910, 0, 74594, 74815
50, 8920, 0, 74559, 74670
50, 8930, 0, 74478, 74559
50, 8940, 0, 74478, 74478
50, 8950, 0, 74478, 75325
50, 8960, 0, 74445, 76094
50, 8970, 0, 74275, 75294
50, 8980, 0, 74275, 75581
50, 8990, 0, 74275, 74275
50, 9000, 0, 74275, 76890
50, 9010, 0, 74123, 75790
50, 9020, 0, 74123, 74123
50, 9030, 0, 74123, 74123
50, 9040, 0, 74077, 74123
50, 9050, 0, 74077, 74827
50, 9060, 0, 74077, 75741
50, 9070, 0, 74077, 74077
50, 9080, 0, 73935, 74077
50, 9090, 0, 73935, 73935
50, 9100, 0, 73935, 75638
50, 9110, 0, 73935, 73935
50, 9120, 0, 73935, 73935
50, 9130, 0, 73935, 73935
50, 9140, 0, 73931, 73935
50, 9150, 0, 73931, 75869
50, 9160, 0, 73931, 75283
50, 9170, 0, 73931, 73931
50, 9180, 0, 73735, 73931
50, 9190, 0, 73735, 73735
50, 9200, 0, 73735, 73735
50, 9210, 0, 73735, 73735
50, 9220, 0, 73711, 74807
50, 9230, 0, 73672, 74034
50, 9240, 0, 73672, 73672
50, 9250, 0, 73672, 73672
50, 9260, 0, 73523, 73672
50, 9270, 0, 73523, 74145
50, 9280, 0, 73523, 75152
50, 9290, 0, 73523, 73523
50, 9300, 0, 73523, 73523
50, 9310, 0, 73523, 73523
50, 9320, 0, 73523, 73523
50, 9330, 0, 73523, 74578
50, 9340, 0, 73523, 73523
50, 9350, 0, 73523, 74468
50, 9360, 0, 73523, 73523
50, 9370, 0, 73523, 73523
50, 9380, 0, 73523, 73523
50, 9390, 0, 73523, 73957
50, 9400, 0, 73523, 73523
50, 9410, 0, 73523, 73523
50, 9420, 0, 73523, 74971
50, 9430, 0, 73523, 76355
50, 9440, 0, 73523, 73523
50, 9450, 0, 73523, 73523
50, 9460, 0, 73523, 73523
50, 9470, 0, 73523, 73523
50, 9480, 0, 73523, 74482
50, 9490, 0, 73523, 73523
50, 9500, 0, 73523, 73523
50, 9510, 0, 73523, 73523
50, 9520, 0, 73523, 74833
50, 9530, 0, 73523, 73523
50, 9540, 0, 73498, 73523
50, 9550, 0, 73498, 73498
50, 9560, 0, 73498, 73498
50, 9570, 0, 73498, 75558
50, 9580, 0, 73498, 73498
50, 9590, 0, 73417, 73498
50, 9600, 0, 73417, 74799
50, 9610, 0, 73417, 73417
50, 9620, 0, 73417, 73417
50, 9630, 0, 73417, 73417
50, 9640, 0, 73276, 73276
50, 9650, 0, 73276, 73276
50, 9660, 0, 73276, 73276
50, 9670, 0, 73276, 73876
50, 9680, 0, 73276, 73276
50, 9690, 0, 73215, 74865
50, 9700, 0, 73215, 74215
50, 9710, 0, 73215, 73215
50, 9720, 0, 73139, 73215
50, 9730, 0, 73139, 73346
50, 9740, 0, 73139, 73139
50, 9750, 0, 73139, 74509
50, 9760, 0, 73139, 73139
50, 9770, 0, 73139, 75442
50, 9780, 0, 73139, 73139
50, 9790, 0, 73080, 73080
50, 9800, 0, 73080, 73080
50, 9810, 0, 73080, 73080
50, 9820, 0, 73080, 73973
50, 9830, 0, 73080, 73080
50, 9840, 0, 73015, 73622
50, 9850, 0, 72984, 73015
50, 9860, 0, 72969, 72984
50, 9870, 0, 72855, 73540
50, 9880, 0, 72855, 72855
50, 9890, 0, 72855, 72855
50, 9900, 0, 72855, 73397
50, 9910, 0, 72855, 72855
50, 9920, 0, 72771, 73573
50, 9930, 0, 72771, 72771
50, 9940, 0, 72771, 72771
50, 9950, 0, 72771, 72771
50, 9960, 0, 72771, 72771
50, 9970, 0, 72712, 72771
50, 9980, 0, 72712, 72712
50, 9990, 0, 72712, 72712
50, 10000, 0, 72712, 72712
50, 10010, 0, 72712, 73477
50, 10020, 0, 72712, 72712
50, 10030, 0, 72712, 72712
50, 10040, 0, 72655, 72655
50, 10050, 0, 72655, 72655
50, 10060, 0, 72597, 72597
50, 10070, 0, 72597, 72597
50, 10080, 0, 72597, 74520
50, 10090, 0, 72597, 72597
50, 10100, 0, 72597, 73684
50, 10110, 0, 72597, 72597
50, 10120, 0, 72597, 73471
50, 10130, 0, 72597, 74549
50, 10140, 0, 72597, 72597
50, 10150, 0, 72537, 72597
50, 10160, 0, 72537, 73676
50, 10170, 0, 72359, 72537
50, 10180, 0, 72359, 72359
50, 10190, 0, 72359, 72359
50, 10200, 0, 72359, 72475
50, 10210, 0, 72359, 72359
50, 10220, 0, 72359, 72659
50, 10230, 0, 72359, 72359
50, 10240, 0, 72359, 72359
50, 10250, 0, 72183, 72630
50, 10260, 0, 72183, 72183
50, 10270, 0, 72183, 72183
50, 10280, 0, 72183, 72183
50, 10290, 0, 72099, 74378
50, 10300, 0, 72099, 72099
50, 10310, 0, 72099, 72099
50, 10320, 0, 72099, 72099
50, 10330, 0, 72099, 72099
50, 10340, 0, 72099, 72099
50, 10350, 0, 72099, 72099
50, 10360, 0, 72099, 72099
50, 10370, 0, 72058, 72058
50, 10380, 0, 72033, 72033
50, 10390, 0, 72033, 72175
50, 10400, 0, 72033, 72554
50, 10410, 0, 72033, 72033
50, 10420, 0, 72033, 72033
50, 10430, 0, 72033, 72033
50, 10440, 0, 72033, 72033
50, 10450, 0, 72033, 72033
50, 10460, 0, 72033, 72033
50, 10470, 0, 72033, 72033
50, 10480, 0, 72033, 72033
50, 10490, 0, 72033, 72033
50, 10500, 0, 72033, 72033
50, 10510, 0, 71952, 72033
50, 10520, 0, 71952, 71952
50, 10530, 0, 71852, 72295
50, 10540, 0, 71852, 71852
50, 10550, 0, 71852, 71852
50, 10560, 0, 71852, 71852
50, 10570, 0, 71852, 71852
50, 10580, 0, 71852, 71852
50, 10590, 0, 71852, 71852
50, 10600, 0, 71852, 74135
50, 10610, 0, 71852, 73576
50, 10620, 0, 71697, 71852
50, 10630, 0, 71697, 71697
50, 10640, 0, 71697, 71697
50, 10650, 0, 71685, 71697
50, 10660, 0, 71667, 71667
50, 10670, 0, 71667, 71667
50, 10680, 0, 71667, 71667
50, 10690, 0, 71667, 71667
50, 10700, 0, 71667, 71667
50, 10710, 0, 71667, 72832
50, 10720, 0, 71590, 71667
50, 10730, 0, 71590, 71590
50, 10740, 0, 71494, 71978
50, 10750, 0, 71494, 71494
50, 10760, 0, 71494, 71494
50, 10770, 0, 71494, 73250
50, 10780, 0, 71494, 71494
50, 10790, 0, 71494, 71494
50, 10800, 0, 71494, 71494
50, 10810, 0, 71436, 71494
50, 10820, 0, 71436, 71436
50, 10830, 0, 71436, 71436
50, 10840, 0, 71436, 71436
50, 10850, 0, 71436, 71436
50, 10860, 0, 71436, 71436
50, 10870, 0, 71436, 71436
50, 10880, 0, 71436, 72697
50, 10890, 0, 71436, 71436
50, 10900, 0, 71436, 71957
50, 10910, 0, 71436, 71436
50, 10920, 0, 71436, 71436
50, 10930, 0, 71420, 73408
50, 10940, 0, 71420, 71420
50, 10950, 0, 71343, 71420
50, 10960, 0, 71303, 71303
50, 10970, 0, 71303, 71303
50, 10980, 0, 71303, 71303
50, 10990, 0, 71303, 71303
50, 11000, 0, 71303, 71303
50, 11010, 0, 71303, 71303
50, 11020, 0, 71303, 71919
50, 11030, 0, 71303, 71303
50, 11040, 0, 71303, 74007
50, 11050, 0, 71303, 71303
50, 11060, 0, 71303, 71303
50, 11070, 0, 71303, 71303
50, 11080, 0, 71303, 71303
50, 11090, 0, 71303, 71303
50, 11100, 0, 71303, 71303
50, 11110, 0, 71303, 71303
50, 11120, 0, 71303, 71303
50, 11130, 0, 71303, 72936
50, 11140, 0, 71303, 71303
50, 11150, 0, 71303, 71303
50, 11160, 0, 71303, 71303
50, 11170, 0, 71303, 71303
50, 11180, 0, 71303, 71303
50, 11190, 0, 71303, 71303
50, 11200, 0, 71303, 71303
50, 11210, 0, 71303, 71303
50, 11220, 0, 71303, 71303
50, 11230, 0, 71303, 71303
50, 11240, 0, 71303, 71303
50, 11250, 0, 71303, 72328
50, 11260, 0, 71303, 71303
50, 11270, 0, 71303, 71303
50, 11280, 0, 71303, 71303
50, 11290, 0, 71129, 71129
50, 11300, 0, 71129, 71129
50, 11310, 0, 71129, 71129
50, 11320, 0, 71129, 71129
50, 11330, 0, 71129, 71946
50, 11340, 0, 71129, 71129
50, 11350, 0, 71129, 71129
50, 11360, 0, 71129, 71129
50, 11370, 0, 71129, 71812
50, 11380, 0, 71129, 71866
50, 11390, 0, 71129, 71129
50, 11400, 0, 71129, 71129
50, 11410, 0, 71129, 71129
50, 11420, 0, 71129, 71129
50, 11430, 0, 70954, 71129
50, 11440, 0, 70954, 70954
50, 11450, 0, 70954, 70954
50, 11460, 0, 70922, 70922
50, 11470, 0, 70871, 72069
50, 11480, 0, 70835, 70835
50, 11490, 0, 70803, 70835
50, 11500, 0, 70803, 70803
50, 11510, 0, 70803, 70803
50, 11520, 0, 70782, 70803
50, 11530, 0, 70782, 71313
50, 11540, 0, 70727, 70782
50, 11550, 0, 70727, 70727
50, 11560, 0, 70703, 70703
50, 11570, 0, 70703, 71652
50, 11580, 0, 70703, 70703
50, 11590, 0, 70703, 70703
50, 11600, 0, 70703, 70703
50, 11610, 0, 70703, 70703
50, 11620, 0, 70644, 70644
50, 11630, 0, 70644, 70644
50, 11640, 0, 70579, 70644
50, 11650, 0, 70579, 70579
50, 11660, 0, 70474, 70474
50, 11670, 0, 70474, 70474
50, 11680, 0, 70474, 70474
50, 11690, 0, 70474, 70511
50, 11700, 0, 70474, 70474
50, 11710, 0, 70474, 70474
50, 11720, 0, 70474, 70474
50, 11730, 0, 70474, 70474
50, 11740, 0, 70474, 70616
50, 11750, 0, 70474, 70474
50, 11760, 0, 70461, 70474
50, 11770, 0, 70461, 70461
50, 11780, 0, 70461, 70461
50, 11790, 0, 70461, 70461
50, 11800, 0, 70452, 70452
50, 11810, 0, 70452, 70452
50, 11820, 0, 70452, 70452
50, 11830, 0, 70452, 70452
50, 11840, 0, 70430, 70452
50, 11850, 0, 70430, 70430
50, 11860, 0, 70430, 70430
50, 11870, 0, 70430, 72158
50, 11880, 0, 70430, 70430
50, 11890, 0, 70430, 70430
50, 11900, 0, 70430, 70430
50, 11910, 0, 70430, 71500
50, 11920, 0, 70430, 70430
50, 11930, 0, 70430, 70430
50, 11940, 0, 70430, 70430
50, 11950, 0, 70430, 70430
50, 11960, 0, 70430, 70430
50, 11970, 0, 70430, 70430
50, 11980, 0, 70430, 70430
50, 11990, 0, 70430, 70430
50, 12000, 0, 70430, 70430
50, 12010, 0, 70430, 70430
50, 12020, 0, 70430, 70430
50, 12030, 0, 70430, 70430
50, 12040, 0, 70430, 70430
50, 12050, 0, 70419, 70430
50, 12060, 0, 70419, 70419
50, 12070, 0, 70419, 70419
50, 12080, 0, 70419, 71819
50, 12090, 0, 70419, 70419
50, 12100, 0, 70419, 70419
50, 12110, 0, 70419, 70419
50, 12120, 0, 70419, 70419
50, 12130, 0, 70389, 71586
50, 12140, 0, 70389, 70389
50, 12150, 0, 70389, 70389
50, 12160, 0, 70389, 70389
50, 12170, 0, 70389, 70389
50, 12180, 0, 70389, 70389
50, 12190, 0, 70389, 70389
50, 12200, 0, 70244, 71338
50, 12210, 0, 70244, 70244
50, 12220, 0, 70185, 70244
50, 12230, 0, 70185, 70185
50, 12240, 0, 70170, 70910
50, 12250, 0, 70170, 70170
50, 12260, 0, 70170, 70170
50, 12270, 0, 70031, 70170
50, 12280, 0, 70031, 70031
50, 12290, 0, 70031, 70031
50, 12300, 0, 70031, 71519
50, 12310, 0, 70031, 70031
50, 12320, 0, 70031, 70031
50, 12330, 0, 70031, 70031
50, 12340, 0, 69992, 70031
50, 12350, 0, 69992, 69992
50, 12360, 0, 69992, 69992
50, 12370, 0, 69992, 69992
50, 12380, 0, 69992, 69992
50, 12390, 0, 69992, 70585
50, 12400, 0, 69992, 69992
50, 12410, 0, 69992, 69992
50, 12420, 0, 69992, 69992
50, 12430, 0, 69992, 69992
50, 12440, 0, 69992, 69992
50, 12450, 0, 69992, 69992
50, 12460, 0, 69992, 69992
50, 12470, 0, 69940, 69992
50, 12480, 0, 69940, 69940
50, 12490, 0, 69940, 69940
50, 12500, 0, 69940, 70338
50, 12510, 0, 69940, 69940
50, 12520, 0, 69940, 69940
50, 12530, 0, 69940, 69940
50, 12540, 0, 69940, 69940
50, 12550, 0, 69940, 69940
50, 12560, 0, 69940, 69940
50, 12570, 0, 69940, 69940
50, 12580, 0, 69940, 69940
50, 12590, 0, 69940, 69940
50, 12600, 0, 69940, 69940
50, 12610, 0, 69940, 69940
50, 12620, 0, 69900, 69940
50, 12630, 0, 69900, 69900
50, 12640, 0, 69900, 69900
50, 12650, 0, 69817, 69817
50, 12660, 0, 69817, 69817
50, 12670, 0, 69764, 69817
50, 12680, 0, 69764, 69764
50, 12690, 0, 69764, 70123
50, 12700, 0, 69764, 69764
50, 12710, 0, 69764, 69764
50, 12720, 0, 69764, 69764
50, 12730, 0, 69764, 69764
50, 12740, 0, 69764, 69764
50, 12750, 0, 69747, 69747
50, 12760, 0, 69747, 69747
50, 12770, 0, 69747, 69747
50, 12780, 0, 69747, 69747
50, 12790, 0, 69634, 69634
50, 12800, 0, 69634, 69634
50, 12810, 0, 69634, 69634
50, 12820, 0, 69634, 69634
50, 12830, 0, 69634, 69634
50, 12840, 0, 69452, 69452
50, 12850, 0, 69452, 69452
50, 12860, 0, 69452, 69452
50, 12870, 0, 69452, 69452
50, 12880, 0, 69284, 69284
50, 12890, 0, 69284, 69284
50, 12900, 0, 69284, 69284
50, 12910, 0, 69284, 70987
50, 12920, 0, 69284, 69284
50, 12930, 0, 69284, 69284
50, 12940, 0, 69284, 69284
50, 12950, 0, 69279, 69279
50, 12960, 0, 69279, 69279
50, 12970, 0, 69279, 69279
50, 12980, 0, 69119, 69119
50, 12990, 0, 69119, 69119
50, 13000, 0, 69119, 69119
50, 13010, 0, 69119, 69119
50, 13020, 0, 69119, 69119
50, 13030, 0, 69119, 71217
50, 13040, 0, 69119, 69119
50, 13050, 0, 69119, 69119
50, 13060, 0, 69119, 69119
50, 13070, 0, 69119, 69119
50, 13080, 0, 69119, 69119
50, 13090, 0, 69119, 69119
50, 13100, 0, 68906, 69119
50, 13110, 0, 68823, 68906
50, 13120, 0, 68823, 68823
50, 13130, 0, 68823, 69700
50, 13140, 0, 68680, 68823
50, 13150, 0, 68680, 68680
50, 13160, 0, 68680, 68680
50, 13170, 0, 68680, 68680
50, 13180, 0, 68502, 68615
50, 13190, 0, 68502, 69206
50, 13200, 0, 68502, 68502
50, 13210, 0, 68447, 68502
50, 13220, 0, 68447, 68447
50, 13230, 0, 68447, 68447
50, 13240, 0, 68447, 68447
50, 13250, 0, 68447, 68447
50, 13260, 0, 68447, 68447
50, 13270, 0, 68447, 68447
50, 13280, 0, 68447, 68447
50, 13290, 0, 68371, 68447
50, 13300, 0, 68371, 68371
50, 13310, 0, 68371, 68371
50, 13320, 0, 68371, 68371
50, 13330, 0, 68371, 68371
50, 13340, 0, 68370, 68371
50, 13350, 0, 68370, 69035
50, 13360, 0, 68370, 68370
50, 13370, 0, 68238, 68370
50, 13380, 0, 68238, 68238
50, 13390, 0, 68211, 68238
50, 13400, 0, 68211, 68211
50, 13410, 0, 68211, 68211
50, 13420, 0, 68211, 68211
50, 13430, 0, 68211, 68211
50, 13440, 0, 68211, 68211
50, 13450, 0, 68211, 68211
50, 13460, 0, 68211, 68211
50, 13470, 0, 68211, 68211
50, 13480, 0, 68211, 68211
50, 13490, 0, 68211, 68211
50, 13500, 0, 68211, 68211
50, 13510, 0, 68211, 68211
50, 13520, 0, 68129, 68211
50, 13530, 0, 68129, 68129
50, 13540, 0, 68129, 68129
50, 13550, 0, 68129, 68129
50, 13560, 0, 68129, 68129
50, 13570, 0, 68129, 68129
50, 13580, 0, 68129, 68129
50, 13590, 0, 68129, 68129
50, 13600, 0, 68129, 68129
50, 13610, 0, 68129, 68129
50, 13620, 0, 68129, 68129
50, 13630, 0, 68129, 68129
50, 13640, 0, 68129, 68129
50, 13650, 0, 68047, 68129
50, 13660, 0, 68047, 68047
50, 13670, 0, 68047, 68047
50, 13680, 0, 68047, 68423
50, 13690, 0, 68047, 68047
50, 13700, 0, 68047, 68047
50, 13710, 0, 68047, 68047
50, 13720, 0, 68047, 68047
50, 13730, 0, 68047, 68047
50, 13740, 0, 68047, 68047
50, 13750, 0, 68047, 68047
50, 13760, 0, 68047, 68047
50, 13770, 0, 68047, 68047
50, 13780, 0, 68047, 68047
50, 13790, 0, 68047, 68742
50, 13800, 0, 68047, 68047
50, 13810, 0, 67964, 68047
50, 13820, 0, 67964, 67964
50, 13830, 0, 67964, 67964
50, 13840, 0, 67964, 67964
50, 13850, 0, 67964, 67964
50, 13860, 0, 67964, 67964
50, 13870, 0, 67964, 67964
50, 13880, 0, 67964, 67964
50, 13890, 0, 67964, 67964
50, 13900, 0, 67964, 67964
50, 13910, 0, 67964, 67964
50, 13920, 0, 67964, 67964
50, 13930, 0, 67964, 67964
50, 13940, 0, 67964, 67964
50, 13950, 0, 67964, 67964
50, 13960, 0, 67964, 67964
50, 13970, 0, 67964, 67964
50, 13980, 0, 67964, 67964
50, 13990, 0, 67964, 67964
50, 14000, 0, 67964, 67964
50, 14010, 0, 67964, 67964
50, 14020, 0, 67964, 67964
50, 14030, 0, 67964, 67964
50, 14040, 0, 67964, 69144
50, 14050, 0, 67964, 67964
50, 14060, 0, 67964, 67964
50, 14070, 0, 67964, 67964
50, 14080, 0, 67964, 67964
50, 14090, 0, 67964, 67964
50, 14100, 0, 67964, 67964
50, 14110, 0, 67964, 67964
50, 14120, 0, 67964, 67964
50, 14130, 0, 67964, 67964
50, 14140, 0, 67964, 67964
50, 14150, 0, 67964, 67964
50, 14160, 0, 67964, 67964
50, 14170, 0, 67964, 67964
50, 14180, 0, 67962, 67964
50, 14190, 0, 67962, 67962
50, 14200, 0, 67962, 67962
50, 14210, 0, 67962, 67962
50, 14220, 0, 67962, 67962
50, 14230, 0, 67962, 67962
50, 14240, 0, 67962, 67962
50, 14250, 0, 67962, 67962
50, 14260, 0, 67962, 67962
50, 14270, 0, 67962, 67962
50, 14280, 0, 67962, 67962
50, 14290, 0, 67962, 67962
50, 14300, 0, 67962, 67962
50, 14310, 0, 67962, 67962
50, 14320, 0, 67962, 67962
50, 14330, 0, 67962, 67962
50, 14340, 0, 67962, 67962
50, 14350, 0, 67962, 67962
50, 14360, 0, 67962, 67962
50, 14370, 0, 67962, 67962
50, 14380, 0, 67962, 67962
50, 14390, 0, 67962, 67962
50, 14400, 0, 67962, 67962
50, 14410, 0, 67962, 67962
50, 14420, 0, 67887, 69044
50, 14430, 0, 67887, 67887
50, 14440, 0, 67887, 67887
50, 14450, 0, 67869, 67869
50, 14460, 0, 67793, 67869
50, 14470, 0, 67793, 67793
50, 14480, 0, 67760, 67760
50, 14490, 0, 67760, 67760
50, 14500, 0, 67760, 67760
50, 14510, 0, 67760, 67760
50, 14520, 0, 67760, 67760
50, 14530, 0, 67760, 67760
50, 14540, 0, 67760, 67760
50, 14550, 0, 67760, 67760
50, 14560, 0, 67760, 67760
50, 14570, 0, 67760, 67760
50, 14580, 0, 67760, 67760
50, 14590, 0, 67760, 67760
50, 14600, 0, 67760, 67760
50, 14610, 0, 67760, 69514
50, 14620, 0, 67760, 68511
50, 14630, 0, 67760, 67760
50, 14640, 0, 67760, 70060
50, 14650, 0, 67760, 67760
50, 14660, 0, 67760, 67760
50, 14670, 0, 67760, 67760
50, 14680, 0, 67760, 67760
50, 14690, 0, 67760, 67760
50, 14700, 0, 67743, 67760
50, 14710, 0, 67743, 67743
50, 14720, 0, 67743, 67743
50, 14730, 0, 67743, 67743
50, 14740, 0, 67743, 67743
50, 14750, 0, 67743, 67743
50, 14760, 0, 67701, 67743
50, 14770, 0, 67701, 67701
50, 14780, 0, 67701, 67701
50, 14790, 0, 67701, 67701
50, 14800, 0, 67701, 67701
50, 14810, 0, 67701, 67701
50, 14820, 0, 67519, 67701
50, 14830, 0, 67519, 67519
50, 14840, 0, 67519, 67519
50, 14850, 0, 67519, 67519
50, 14860, 0, 67456, 67519
50, 14870, 0, 67455, 67456
50, 14880, 0, 67455, 67455
50, 14890, 0, 67455, 67455
50, 14900, 0, 67455, 67455
50, 14910, 0, 67455, 67455
50, 14920, 0, 67455, 67455
50, 14930, 0, 67455, 67455
50, 14940, 0, 67455, 67455
50, 14950, 0, 67455, 67455
50, 14960, 0, 67455, 67455
50, 14970, 0, 67455, 67455
50, 14980, 0, 67415, 67415
50, 14990, 0, 67360, 67360
50, 15000, 0, 67360, 67360
50, 15010, 0, 67360, 67360
50, 15020, 0, 67360, 67360
50, 15030, 0, 67360, 67360
50, 15040, 0, 67360, 67360
50, 15050, 0, 67360, 67360
50, 15060, 0, 67360, 67360
50, 15070, 0, 67360, 67360
50, 15080, 0, 67360, 67360
50, 15090, 0, 67360, 67360
50, 15100, 0, 67360, 67360
50, 15110, 0, 67360, 67360
50, 15120, 0, 67360, 67360
50, 15130, 0, 67278, 67278
50, 15140, 0, 67278, 67278
50, 15150, 0, 67278, 67278
50, 15160, 0, 67220, 67278
50, 15170, 0, 67220, 67220
50, 15180, 0, 67078, 67220
50, 15190, 0, 67078, 67078
50, 15200, 0, 66983, 67078
50, 15210, 0, 66983, 66983
50, 15220, 0, 66983, 66983
50, 15230, 0, 66983, 66983
50, 15240, 0, 66983, 66983
50, 15250, 0, 66983, 66983
50, 15260, 0, 66983, 68637
50, 15270, 0, 66983, 66983
50, 15280, 0, 66983, 66983
50, 15290, 0, 66727, 66983
50, 15300, 0, 66706, 66727
50, 15310, 0, 66706, 66706
50, 15320, 0, 66706, 66706
50, 15330, 0, 66706, 66706
50, 15340, 0, 66706, 66706
50, 15350, 0, 66706, 66706
50, 15360, 0, 66706, 66706
50, 15370, 0, 66706, 66706
50, 15380, 0, 66697, 66706
50, 15390, 0, 66697, 66697
50, 15400, 0, 66697, 66697
50, 15410, 0, 66697, 66697
50, 15420, 0, 66697, 66697
50, 15430, 0, 66697, 66697
50, 15440, 0, 66697, 66697
50, 15450, 0, 66697, 66697
50, 15460, 0, 66697, 66697
50, 15470, 0, 66697, 66697
50, 15480, 0, 66697, 66697
50, 15490, 0, 66697, 66697
50, 15500, 0, 66697, 66697
50, 15510, 0, 66697, 66697
50, 15520, 0, 66697, 66697
50, 15530, 0, 66697, 66697
50, 15540, 0, 66697, 66697
50, 15550, 0, 66697, 66697
50, 15560, 0, 66697, 66697
50, 15570, 0, 66697, 66697
50, 15580, 0, 66697, 66697
50, 15590, 0, 66697, 66697
50, 15600, 0, 66697, 66697
50, 15610, 0, 66697, 66697
50, 15620, 0, 66697, 66697
50, 15630, 0, 66697, 66697
50, 15640, 0, 66697, 66697
50, 15650, 0, 66697, 66697
50, 15660, 0, 66697, 66697
50, 15670, 0, 66697, 66697
50, 15680, 0, 66697, 66697
50, 15690, 0, 66697, 66697
50, 15700, 0, 66694, 66697
50, 15710, 0, 66679, 66694
50, 15720, 0, 66679, 66679
50, 15730, 0, 66679, 66679
50, 15740, 0, 66679, 66679
50, 15750, 0, 66679, 66679
50, 15760, 0, 66679, 66679
50, 15770, 0, 66679, 66679
50, 15780, 0, 66679, 66679
50, 15790, 0, 66679, 66679
50, 15800, 0, 66679, 66679
50, 15810, 0, 66679, 66679
50, 15820, 0, 66679, 66679
50, 15830, 0, 66679, 66679
50, 15840, 0, 66679, 66679
50, 15850, 0, 66679, 66679
50, 15860, 0, 66597, 66679
50, 15870, 0, 66597, 66597
50, 15880, 0, 66597, 66597
50, 15890, 0, 66597, 66597
50, 15900, 0, 66597, 66597
50, 15910, 0, 66597, 66597
50, 15920, 0, 66597, 66597
50, 15930, 0, 66597, 66597
50, 15940, 0, 66597, 66597
50, 15950, 0, 66597, 66597
50, 15960, 0, 66386, 66597
50, 15970, 0, 66386, 66386
50, 15980, 0, 66386, 66386
50, 15990, 0, 66246, 66246
50, 16000, 0, 66246, 66246
50, 16010, 0, 66246, 66246
50, 16020, 0, 66230, 66246
50, 16030, 0, 66230, 66230
50, 16040, 0, 66230, 66230
50, 16050, 0, 66230, 66230
50, 16060, 0, 66230, 66230
50, 16070, 0, 66230, 66230
50, 16080, 0, 66230, 66230
50, 16090, 0, 66230, 66230
50, 16100, 0, 66230, 66230
50, 16110, 0, 66155, 66155
50, 16120, 0, 65980, 66155
50, 16130, 0, 65980, 65980
50, 16140, 0, 65980, 65980
50, 16150, 0, 65980, 65980
50, 16160, 0, 65980, 65980
50, 16170, 0, 65980, 65980
50, 16180, 0, 65980, 65980
50, 16190, 0, 65980, 65980
50, 16200, 0, 65909, 65980
50, 16210, 0, 65909, 65909
50, 16220, 0, 65909, 65909
50, 16230, 0, 65909, 65909
50, 16240, 0, 65909, 65909
50, 16250, 0, 65909, 65909
50, 16260, 0, 65909, 65909
50, 16270, 0, 65823, 65823
50, 16280, 0, 65823, 65823
50, 16290, 0, 65747, 65823
50, 16300, 0, 65747, 65747
50, 16310, 0, 65747, 65747
50, 16320, 0, 65721, 65721
50, 16330, 0, 65721, 65721
50, 16340, 0, 65721, 65721
50, 16350, 0, 65721, 65721
50, 16360, 0, 65721, 65721
50, 16370, 0, 65721, 65721
50, 16380, 0, 65721, 65721
50, 16390, 0, 65721, 65721
50, 16400, 0, 65721, 65721
50, 16410, 0, 65721, 65721
50, 16420, 0, 65721, 65721
50, 16430, 0, 65721, 65721
50, 16440, 0, 65721, 65721
50, 16450, 0, 65721, 65721
50, 16460, 0, 65721, 65721
50, 16470, 0, 65721, 65721
50, 16480, 0, 65721, 65721
50, 16490, 0, 65721, 65721
50, 16500, 0, 65721, 65721
50, 16510, 0, 65721, 65721
50, 16520, 0, 65721, 65721
50, 16530, 0, 65721, 65721
50, 16540, 0, 65721, 65721
50, 16550, 0, 65721, 65721
50, 16560, 0, 65721, 65721
50, 16570, 0, 65721, 65721
50, 16580, 0, 65721, 65721
50, 16590, 0, 65721, 65721
50, 16600, 0, 65721, 65721
50, 16610, 0, 65721, 65721
50, 16620, 0, 65721, 65721
50, 16630, 0, 65721, 65721
50, 16640, 0, 65721, 65721
50, 16650, 0, 65708, 65708
50, 16660, 0, 65708, 65708
50, 16670, 0, 65708, 65708
50, 16680, 0, 65708, 65708
50, 16690, 0, 65708, 65708
50, 16700, 0, 65708, 65708
50, 16710, 0, 65708, 65708
50, 16720, 0, 65708, 65708
50, 16730, 0, 65708, 65708
50, 16740, 0, 65708, 65708
50, 16750, 0, 65708, 65708
50, 16760, 0, 65708, 65708
50, 16770, 0, 65708, 65708
50, 16780, 0, 65608, 65608
50, 16790, 0, 65608, 65608
50, 16800, 0, 65608, 65608
50, 16810, 0, 65608, 65608
50, 16820, 0, 65608, 65608
50, 16830, 0, 65608, 65608
50, 16840, 0, 65594, 65594
50, 16850, 0, 65594, 65594
50, 16860, 0, 65594, 65594
50, 16870, 0, 65594, 65594
50, 16880, 0, 65594, 65594
50, 16890, 0, 65594, 65594
50, 16900, 0, 65457, 65457
50, 16910, 0, 65457, 65457
50, 16920, 0, 65457, 65457
50, 16930, 0, 65457, 65457
50, 16940, 0, 65457, 65457
50, 16950, 0, 65457, 65457
50, 16960, 0, 65457, 65457
50, 16970, 0, 65457, 65457
50, 16980, 0, 65457, 65457
50, 16990, 0, 65457, 65457
50, 17000, 0, 65457, 65457
50, 17010, 0, 65457, 65457
50, 17020, 0, 65457, 65457
50, 17030, 0, 65457, 65457
50, 17040, 0, 65457, 65457
50, 17050, 0, 65457, 65457
50, 17060, 0, 65457, 65457
50, 17070, 0, 65457, 65457
50, 17080, 0, 65457, 65457
50, 17090, 0, 65457, 65457
50, 17100, 0, 65457, 65457
50, 17110, 0, 65374, 65457
50, 17120, 0, 65291, 65374
50, 17130, 0, 65291, 65291
50, 17140, 0, 65291, 65291
50, 17150, 0, 65291, 65291
50, 17160, 0, 65291, 65291
50, 17170, 0, 65291, 65291
50, 17180, 0, 65291, 65291
50, 17190, 0, 65291, 65291
50, 17200, 0, 65291, 65291
50, 17210, 0, 65291, 65291
50, 17220, 0, 65291, 65291
50, 17230, 0, 65291, 65291
50, 17240, 0, 65291, 65291
50, 17250, 0, 65291, 65291
50, 17260, 0, 65291, 65291
50, 17270, 0, 65291, 65291
50, 17280, 0, 65273, 65291
50, 17290, 0, 65273, 65273
50, 17300, 0, 65273, 65273
50, 17310, 0, 65273, 65273
50, 17320, 0, 65273, 65273
50, 17330, 0, 65273, 65273
50, 17340, 0, 65273, 65273
50, 17350, 0, 65273, 65273
50, 17360, 0, 65273, 65273
50, 17370, 0, 65273, 65273
50, 17380, 0, 65273, 65273
50, 17390, 0, 65273, 65273
50, 17400, 0, 65273, 65273
50, 17410, 0, 65273, 65273
50, 17420, 0, 65273, 65273
50, 17430, 0, 65273, 65273
50, 17440, 0, 65273, 65273
50, 17450, 0, 65273, 65273
50, 17460, 0, 65273, 65273
50, 17470, 0, 65144, 65273
50, 17480, 0, 65144, 65144
50, 17490, 0, 65144, 65144
50, 17500, 0, 65144, 65144
50, 17510, 0, 65144, 65144
50, 17520, 0, 65144, 65144
50, 17530, 0, 65144, 65144
50, 17540, 0, 65144, 65144
50, 17550, 0, 65144, 65144
50, 17560, 0, 65144, 65144
50, 17570, 0, 65144, 65144
50, 17580, 0, 65144, 65144
50, 17590, 0, 65141, 65144
50, 17600, 0, 65141, 65141
50, 17610, 0, 65141, 65141
50, 17620, 0, 65141, 65141
50, 17630, 0, 65141, 65141
50, 17640, 0, 65141, 65141
50, 17650, 0, 65141, 65141
50, 17660, 0, 65141, 65141
50, 17670, 0, 65141, 65141
50, 17680, 0, 65141, 65141
50, 17690, 0, 65141, 65141
50, 17700, 0, 65141, 65141
50, 17710, 0, 65141, 65141
50, 17720, 0, 65101, 65101
50, 17730, 0, 65101, 65101
50, 17740, 0, 65101, 65101
50, 17750, 0, 65101, 65101
50, 17760, 0, 65101, 65101
50, 17770, 0, 65101, 65101
50, 17780, 0, 65101, 65101
50, 17790, 0, 65101, 65101
50, 17800, 0, 65101, 65101
50, 17810, 0, 65101, 65101
50, 17820, 0, 65101, 65101
50, 17830, 0, 65101, 65101
50, 17840, 0, 65101, 65101
50, 17850, 0, 65101, 65101
50, 17860, 0, 65101, 65101
50, 17870, 0, 65101, 65101
50, 17880, 0, 65101, 65101
50, 17890, 0, 65101, 65101
50, 17900, 0, 65101, 65101
50, 17910, 0, 65046, 65046
50, 17920, 0, 65046, 65046
50, 17930, 0, 65046, 65046
50, 17940, 0, 65046, 65046
50, 17950, 0, 65044, 65046
50, 17960, 0, 65044, 65044
50, 17970, 0, 65044, 65044
50, 17980, 0, 65003, 65044
50, 17990, 0, 65003, 65003
50, 18000, 0, 65003, 65003
50, 18010, 0, 64985, 64985
50, 18020, 0, 64985, 64985
50, 18030, 0, 64985, 64985
50, 18040, 0, 64985, 64985
50, 18050, 0, 64985, 64985
50, 18060, 0, 64985, 64985
50, 18070, 0, 64985, 64985
50, 18080, 0, 64889, 64889
50, 18090, 0, 64889, 64889
50, 18100, 0, 64889, 64889
50, 18110, 0, 64889, 64889
50, 18120, 0, 64889, 64889
50, 18130, 0, 64670, 64725
50, 18140, 0, 64670, 64670
50, 18150, 0, 64670, 64670
50, 18160, 0, 64670, 64670
50, 18170, 0, 64670, 64670
50, 18180, 0, 64670, 64670
50, 18190, 0, 64670, 64670
50, 18200, 0, 64670, 64670
50, 18210, 0, 64670, 64670
50, 18220, 0, 64670, 64670
50, 18230, 0, 64670, 64670
50, 18240, 0, 64670, 64670
50, 18250, 0, 64670, 64670
50, 18260, 0, 64670, 64670
50, 18270, 0, 64670, 64670
50, 18280, 0, 64670, 64670
50, 18290, 0, 64670, 64670
50, 18300, 0, 64670, 64670
50, 18310, 0, 64670, 64670
50, 18320, 0, 64670, 64670
50, 18330, 0, 64670, 64670
50, 18340, 0, 64670, 64670
50, 18350, 0, 64670, 64670
50, 18360, 0, 64670, 64670
50, 18370, 0, 64670, 64670
50, 18380, 0, 64670, 64670
50, 18390, 0, 64670, 64670
50, 18400, 0, 64670, 64670
50, 18410, 0, 64670, 64670
50, 18420, 0, 64670, 64670
50, 18430, 0, 64670, 64670
50, 18440, 0, 64670, 64670
50, 18450, 0, 64670, 64670
50, 18460, 0, 64670, 64670
50, 18470, 0, 64670, 64670
50, 18480, 0, 64670, 64670
50, 18490, 0, 64670, 64670
50, 18500, 0, 64306, 64670
50, 18510, 0, 64306, 64306
50, 18520, 0, 64306, 64306
50, 18530, 0, 64306, 64306
50, 18540, 0, 64289, 64289
50, 18550, 0, 64289, 64289
50, 18560, 0, 64289, 64289
50, 18570, 0, 64289, 64289
50, 18580, 0, 64289, 64289
50, 18590, 0, 64289, 64289
50, 18600, 0, 64289, 64289
50, 18610, 0, 64289, 64289
50, 18620, 0, 64289, 64289
50, 18630, 0, 64289, 64289
50, 18640, 0, 64289, 64289
50, 18650, 0, 64289, 64289
50, 18660, 0, 64289, 64289
50, 18670, 0, 64289, 64289
50, 18680, 0, 64289, 64289
50, 18690, 0, 64289, 64289
50, 18700, 0, 64289, 64289
50, 18710, 0, 64289, 64289
50, 18720, 0, 64289, 64289
50, 18730, 0, 64289, 64289
50, 18740, 0, 64258, 64258
50, 18750, 0, 64258, 64258
50, 18760, 0, 64258, 64258
50, 18770, 0, 64258, 64258
50, 18780, 0, 64258, 64258
50, 18790, 0, 64258, 64258
50, 18800, 0, 64258, 64258
50, 18810, 0, 64258, 64258
50, 18820, 0, 64258, 64258
50, 18830, 0, 64258, 64258
50, 18840, 0, 64258, 64258
50, 18850, 0, 64258, 64258
50, 18860, 0, 64258, 64258
50, 18870, 0, 64258, 64258
50, 18880, 0, 64258, 64258
50, 18890, 0, 64258, 64258
50, 18900, 0, 64258, 64258
50, 18910, 0, 64258, 64258
50, 18920, 0, 64258, 64258
50, 18930, 0, 64258, 64258
50, 18940, 0, 64258, 64258
50, 18950, 0, 64258, 64258
50, 18960, 0, 64258, 64258
50, 18970, 0, 64258, 64258
50, 18980, 0, 64258, 64258
50, 18990, 0, 64258, 64258
50, 19000, 0, 64258, 64258
50, 19010, 0, 64258, 64258
50, 19020, 0, 64258, 64258
50, 19030, 0, 64148, 64258
50, 19040, 0, 64148, 64148
50, 19050, 0, 64148, 64148
50, 19060, 0, 64148, 64148
50, 19070, 0, 64148, 64148
50, 19080, 0, 64148, 64148
50, 19090, 0, 64148, 64148
50, 19100, 0, 64148, 64148
50, 19110, 0, 64148, 64148
50, 19120, 0, 64148, 64148
50, 19130, 0, 64148, 64148
50, 19140, 0, 64148, 64148
50, 19150, 0, 64148, 64148
50, 19160, 0, 64148, 64148
50, 19170, 0, 64148, 64148
50, 19180, 0, 64148, 64148
50, 19190, 0, 64148, 64148
50, 19200, 0, 64148, 64148
50, 19210, 0, 64148, 64148
50, 19220, 0, 64148, 64148
50, 19230, 0, 64148, 64148
50, 19240, 0, 64148, 64148
50, 19250, 0, 64148, 64148
50, 19260, 0, 64148, 64148
50, 19270, 0, 64148, 64148
50, 19280, 0, 64148, 64148
50, 19290, 0, 64148, 64148
50, 19300, 0, 64148, 64148
50, 19310, 0, 64148, 64148
50, 19320, 0, 64148, 64148
50, 19330, 0, 64148, 64148
50, 19340, 0, 64148, 64148
50, 19350, 0, 64148, 64148
50, 19360, 0, 64148, 64148
50, 19370, 0, 64148, 64148
50, 19380, 0, 64148, 64148
50, 19390, 0, 64148, 64148
50, 19400, 0, 64148, 64148
50, 19410, 0, 64141, 64141
50, 19420, 0, 64141, 64141
50, 19430, 0, 64141, 64141
50, 19440, 0, 64141, 64141
50, 19450, 0, 64141, 64141
50, 19460, 0, 64141, 64141
50, 19470, 0, 64141, 64141
50, 19480, 0, 64141, 64141
50, 19490, 0, 64141, 64141
50, 19500, 0, 64141, 64141
50, 19510, 0, 64141, 64141
50, 19520, 0, 64141, 64141
50, 19530, 0, 64141, 64141
50, 19540, 0, 64141, 64141
50, 19550, 0, 64141, 64141
50, 19560, 0, 64141, 64141
50, 19570, 0, 64141, 64141
50, 19580, 0, 64141, 64141
50, 19590, 0, 64141, 64141
50, 19600, 0, 64141, 64141
50, 19610, 0, 64141, 64141
50, 19620, 0, 64141, 64141
50, 19630, 0, 64141, 64141
50, 19640, 0, 64141, 64141
50, 19650, 0, 64058, 64058
50, 19660, 0, 64058, 64058
50, 19670, 0, 64058, 64058
50, 19680, 0, 64058, 64058
50, 19690, 0, 64058, 64058
50, 19700, 0, 64058, 64058
50, 19710, 0, 64058, 64058
50, 19720, 0, 64058, 64058
50, 19730, 0, 64058, 64058
50, 19740, 0, 64058, 64058
50, 19750, 0, 64058, 64058
50, 19760, 0, 64058, 64058
50, 19770, 0, 64058, 64058
50, 19780, 0, 64058, 64058
50, 19790, 0, 64058, 64058
50, 19800, 0, 64058, 64058
50, 19810, 0, 64058, 64058
50, 19820, 0, 64058, 64058
50, 19830, 0, 64058, 64058
50, 19840, 0, 64058, 64058
50, 19850, 0, 64058, 64058
50, 19860, 0, 64058, 64058
50, 19870, 0, 64058, 64058
50, 19880, 0, 64058, 64058
50, 19890, 0, 64058, 64058
50, 19900, 0, 64058, 64058
50, 19910, 0, 64012, 64012
50, 19920, 0, 64012, 64012
50, 19930, 0, 64012, 64012
50, 19940, 0, 64012, 64012
50, 19950, 0, 64012, 64012
50, 19960, 0, 64012, 64012
50, 19970, 0, 64012, 64012
50, 19980, 0, 64012, 64012
50, 19990, 0, 64012, 64012
