Population Size, Generation Count, Repetition, Best Fitness, Median Fitness
100, 0, 21, 712236, 771908
100, 10, 21, 685411, 693845
100, 20, 21, 667905, 674952
100, 30, 21, 649503, 657296
100, 40, 21, 633166, 640811
100, 50, 21, 619559, 626361
100, 60, 21, 606565, 611899
100, 70, 21, 594079, 600106
100, 80, 21, 580735, 588892
100, 90, 21, 564854, 573348
100, 100, 21, 547063, 558700
100, 110, 21, 536743, 543270
100, 120, 21, 526078, 530668
100, 130, 21, 513115, 521757
100, 140, 21, 504834, 508774
100, 150, 21, 495524, 500400
100, 160, 21, 485566, 491966
100, 170, 21, 476025, 482717
100, 180, 21, 466359, 470308
100, 190, 21, 459791, 464310
100, 200, 21, 454980, 458909
100, 210, 21, 447533, 454220
100, 220, 21, 443093, 446671
100, 230, 21, 436799, 440935
100, 240, 21, 430232, 435995
100, 250, 21, 426460, 430227
100, 260, 21, 421250, 424597
100, 270, 21, 414227, 420177
100, 280, 21, 407656, 411732
100, 290, 21, 403869, 408206
100, 300, 21, 399818, 403411
100, 310, 21, 395025, 399343
100, 320, 21, 391449, 394953
100, 330, 21, 387817, 391846
100, 340, 21, 383531, 387054
100, 350, 21, 377860, 381107
100, 360, 21, 371661, 376614
100, 370, 21, 364743, 368785
100, 380, 21, 360092, 364777
100, 390, 21, 355766, 360405
100, 400, 21, 351379, 355591
100, 410, 21, 346703, 349302
100, 420, 21, 342260, 345912
100, 430, 21, 339692, 344764
100, 440, 21, 337133, 340082
100, 450, 21, 334982, 337345
100, 460, 21, 332524, 334961
100, 470, 21, 328791, 333009
100, 480, 21, 326453, 330127
100, 490, 21, 323102, 327608
100, 500, 21, 320658, 324683
100, 510, 21, 317901, 322064
100, 520, 21, 315439, 319877
100, 530, 21, 313691, 317132
100, 540, 21, 311340, 315843
100, 550, 21, 309496, 312000
100, 560, 21, 305892, 309282
100, 570, 21, 303568, 306820
100, 580, 21, 301664, 305023
100, 590, 21, 298899, 301516
100, 600, 21, 297434, 300309
100, 610, 21, 295055, 298332
100, 620, 21, 292810, 296542
100, 630, 21, 291768, 294361
100, 640, 21, 288767, 293511
100, 650, 21, 286569, 292178
100, 660, 21, 284185, 287202
100, 670, 21, 282298, 285411
100, 680, 21, 279881, 282860
100, 690, 21, 278166, 281172
100, 700, 21, 275363, 279241
100, 710, 21, 273894, 276640
100, 720, 21, 271387, 275033
100, 730, 21, 268885, 273820
100, 740, 21, 267148, 270101
100, 750, 21, 266306, 268281
100, 760, 21, 264938, 268312
100, 770, 21, 262695, 265549
100, 780, 21, 261074, 262921
100, 790, 21, 260015, 262651
100, 800, 21, 258552, 261673
100, 810, 21, 257603, 261392
100, 820, 21, 256654, 259144
100, 830, 21, 254572, 259123
100, 840, 21, 253076, 256175
100, 850, 21, 250618, 255274
100, 860, 21, 249365, 252763
100, 870, 21, 247477, 250283
100, 880, 21, 246528, 249472
100, 890, 21, 245438, 248169
100, 900, 21, 244277, 248177
100, 910, 21, 242791, 246512
100, 920, 21, 241391, 243383
100, 930, 21, 239971, 244643
100, 940, 21, 239445, 241547
100, 950, 21, 237460, 239894
100, 960, 21, 235763, 239260
100, 970, 21, 235092, 238557
100, 980, 21, 233681, 237548
100, 990, 21, 231767, 234893
100, 1000, 21, 231134, 234875
100, 1010, 21, 229346, 232294
100, 1020, 21, 228647, 230952
100, 1030, 21, 227909, 230452
100, 1040, 21, 227484, 230457
100, 1050, 21, 225782, 229537
100, 1060, 21, 224764, 228805
100, 1070, 21, 223601, 226457
100, 1080, 21, 222670, 225598
100, 1090, 21, 220417, 222988
100, 1100, 21, 219135, 223275
100, 1110, 21, 218369, 220938
100, 1120, 21, 216972, 220089
100, 1130, 21, 215513, 218217
100, 1140, 21, 214545, 218004
100, 1150, 21, 214148, 216343
100, 1160, 21, 213853, 216168
100, 1170, 21, 212635, 216019
100, 1180, 21, 211265, 213446
100, 1190, 21, 210710, 212910
100, 1200, 21, 209498, 213998
100, 1210, 21, 209047, 211092
100, 1220, 21, 208377, 211890
100, 1230, 21, 207684, 210924
100, 1240, 21, 206394, 210124
100, 1250, 21, 205103, 208039
100, 1260, 21, 204088, 206428
100, 1270, 21, 203157, 205326
100, 1280, 21, 201374, 204679
100, 1290, 21, 200549, 203459
100, 1300, 21, 200288, 203498
100, 1310, 21, 198809, 202081
100, 1320, 21, 198319, 201528
100, 1330, 21, 197435, 199352
100, 1340, 21, 196511, 200142
100, 1350, 21, 195369, 199733
100, 1360, 21, 194826, 198170
100, 1370, 21, 194444, 196455
100, 1380, 21, 193672, 196279
100, 1390, 21, 192722, 194398
100, 1400, 21, 191495, 195351
100, 1410, 21, 190398, 192847
100, 1420, 21, 189127, 190884
100, 1430, 21, 188553, 189913
100, 1440, 21, 188309, 191102
100, 1450, 21, 187564, 191468
100, 1460, 21, 186922, 187974
100, 1470, 21, 185530, 189528
100, 1480, 21, 185128, 187541
100, 1490, 21, 184689, 187569
100, 1500, 21, 184523, 188071
100, 1510, 21, 183525, 186161
100, 1520, 21, 182114, 185094
100, 1530, 21, 181229, 184628
100, 1540, 21, 179343, 181153
100, 1550, 21, 178855, 181434
100, 1560, 21, 178252, 180559
100, 1570, 21, 177302, 179566
100, 1580, 21, 176197, 178880
100, 1590, 21, 174981, 177146
100, 1600, 21, 174491, 176736
100, 1610, 21, 174029, 176322
100, 1620, 21, 173227, 176971
100, 1630, 21, 172566, 176067
100, 1640, 21, 171908, 175519
100, 1650, 21, 171204, 173680
100, 1660, 21, 170887, 173452
100, 1670, 21, 170602, 173524
100, 1680, 21, 170110, 174020
100, 1690, 21, 169688, 173158
100, 1700, 21, 168882, 172397
100, 1710, 21, 168476, 171315
100, 1720, 21, 168083, 169794
100, 1730, 21, 167457, 170461
100, 1740, 21, 166570, 169961
100, 1750, 21, 165375, 169412
100, 1760, 21, 164603, 167396
100, 1770, 21, 164083, 166676
100, 1780, 21, 163452, 166209
100, 1790, 21, 162127, 165679
100, 1800, 21, 162085, 163709
100, 1810, 21, 161508, 162901
100, 1820, 21, 160695, 163033
100, 1830, 21, 160506, 162708
100, 1840, 21, 159578, 163171
100, 1850, 21, 159198, 160957
100, 1860, 21, 158620, 162031
100, 1870, 21, 158008, 160000
100, 1880, 21, 157425, 160373
100, 1890, 21, 156179, 158728
100, 1900, 21, 155353, 157346
100, 1910, 21, 154881, 157207
100, 1920, 21, 154453, 156548
100, 1930, 21, 153665, 156756
100, 1940, 21, 153241, 156205
100, 1950, 21, 152986, 155566
100, 1960, 21, 152922, 155059
100, 1970, 21, 151989, 154946
100, 1980, 21, 151632, 153760
100, 1990, 21, 151103, 153707
100, 2000, 21, 150146, 152037
100, 2010, 21, 149759, 153134
100, 2020, 21, 149274, 152642
100, 2030, 21, 149004, 151999
100, 2040, 21, 148568, 151479
100, 2050, 21, 147829, 150382
100, 2060, 21, 147497, 148716
100, 2070, 21, 146945, 149991
100, 2080, 21, 146535, 149355
100, 2090, 21, 146535, 148931
100, 2100, 21, 146358, 149971
100, 2110, 21, 145738, 147996
100, 2120, 21, 145227, 148073
100, 2130, 21, 144837, 147099
100, 2140, 21, 143135, 146811
100, 2150, 21, 143074, 145151
100, 2160, 21, 142839, 146561
100, 2170, 21, 142319, 146175
100, 2180, 21, 141690, 143760
100, 2190, 21, 140858, 144041
100, 2200, 21, 140304, 143311
100, 2210, 21, 139692, 142520
100, 2220, 21, 139328, 142098
100, 2230, 21, 138906, 140915
100, 2240, 21, 138413, 141368
100, 2250, 21, 137859, 139642
100, 2260, 21, 137766, 140506
100, 2270, 21, 137402, 139914
100, 2280, 21, 137402, 138739
100, 2290, 21, 136498, 139171
100, 2300, 21, 136487, 138837
100, 2310, 21, 135876, 138247
100, 2320, 21, 135599, 137792
100, 2330, 21, 135231, 137498
100, 2340, 21, 135231, 137895
100, 2350, 21, 135005, 135368
100, 2360, 21, 134149, 137308
100, 2370, 21, 133381, 136900
100, 2380, 21, 132497, 135376
100, 2390, 21, 132431, 133900
100, 2400, 21, 132178, 133378
100, 2410, 21, 131535, 133100
100, 2420, 21, 131140, 133784
100, 2430, 21, 130584, 134113
100, 2440, 21, 130356, 133316
100, 2450, 21, 129704, 131963
100, 2460, 21, 129159, 130437
100, 2470, 21, 129098, 131651
100, 2480, 21, 128668, 132119
100, 2490, 21, 128246, 130355
100, 2500, 21, 128055, 129768
100, 2510, 21, 127528, 130694
100, 2520, 21, 127104, 129791
100, 2530, 21, 126638, 129021
100, 2540, 21, 126099, 128592
100, 2550, 21, 125226, 127726
100, 2560, 21, 125201, 127572
100, 2570, 21, 124846, 128062
100, 2580, 21, 124161, 126825
100, 2590, 21, 123938, 124161
100, 2600, 21, 123596, 125700
100, 2610, 21, 123164, 127032
100, 2620, 21, 122997, 125178
100, 2630, 21, 122911, 124675
100, 2640, 21, 122907, 125365
100, 2650, 21, 122683, 125164
100, 2660, 21, 122263, 124135
100, 2670, 21, 122010, 124005
100, 2680, 21, 121245, 123414
100, 2690, 21, 121033, 122747
100, 2700, 21, 120614, 122479
100, 2710, 21, 119760, 123121
100, 2720, 21, 119506, 121753
100, 2730, 21, 119337, 121614
100, 2740, 21, 118833, 121117
100, 2750, 21, 118104, 120230
100, 2760, 21, 117705, 120237
100, 2770, 21, 117315, 119377
100, 2780, 21, 117083, 119804
100, 2790, 21, 116760, 118976
100, 2800, 21, 116663, 119440
100, 2810, 21, 116546, 118958
100, 2820, 21, 116204, 118621
100, 2830, 21, 116204, 119941
100, 2840, 21, 115993, 116299
100, 2850, 21, 115639, 118809
100, 2860, 21, 115280, 116959
100, 2870, 21, 115116, 116465
100, 2880, 21, 115097, 117896
100, 2890, 21, 114683, 116928
100, 2900, 21, 114429, 117025
100, 2910, 21, 114248, 117404
100, 2920, 21, 114077, 117510
100, 2930, 21, 113483, 116152
100, 2940, 21, 113149, 115633
100, 2950, 21, 112957, 114752
100, 2960, 21, 112957, 115623
100, 2970, 21, 112859, 112957
100, 2980, 21, 111841, 115176
100, 2990, 21, 111387, 113253
100, 3000, 21, 110658, 114139
100, 3010, 21, 110156, 113410
100, 3020, 21, 109955, 111791
100, 3030, 21, 109955, 111951
100, 3040, 21, 109859, 112624
100, 3050, 21, 109299, 112811
100, 3060, 21, 109299, 111723
100, 3070, 21, 108321, 111280
100, 3080, 21, 107521, 110647
100, 3090, 21, 107222, 110349
100, 3100, 21, 106954, 109497
100, 3110, 21, 106373, 108216
100, 3120, 21, 106187, 108566
100, 3130, 21, 106103, 108906
100, 3140, 21, 105965, 107406
100, 3150, 21, 105865, 108497
100, 3160, 21, 105734, 108146
100, 3170, 21, 105463, 107616
100, 3180, 21, 105259, 107256
100, 3190, 21, 105203, 108401
100, 3200, 21, 104612, 107674
100, 3210, 21, 104555, 106274
100, 3220, 21, 104365, 105348
100, 3230, 21, 104292, 106836
100, 3240, 21, 104092, 106809
100, 3250, 21, 103870, 106004
100, 3260, 21, 103614, 105340
100, 3270, 21, 103524, 104718
100, 3280, 21, 103077, 104874
100, 3290, 21, 102562, 105790
100, 3300, 21, 102380, 105556
100, 3310, 21, 101909, 102970
100, 3320, 21, 101693, 102176
100, 3330, 21, 101382, 104004
100, 3340, 21, 101261, 103865
100, 3350, 21, 101063, 102083
100, 3360, 21, 100736, 104203
100, 3370, 21, 100389, 101196
100, 3380, 21, 100145, 102655
100, 3390, 21, 99963, 101920
100, 3400, 21, 99800, 100611
100, 3410, 21, 99741, 100865
100, 3420, 21, 99194, 101397
100, 3430, 21, 99194, 101336
100, 3440, 21, 99007, 100902
100, 3450, 21, 98966, 100377
100, 3460, 21, 98785, 100079
100, 3470, 21, 98410, 99684
100, 3480, 21, 98322, 101306
100, 3490, 21, 98202, 99081
100, 3500, 21, 98137, 99801
100, 3510, 21, 97712, 99599
100, 3520, 21, 97712, 100655
100, 3530, 21, 97442, 100038
100, 3540, 21, 97358, 99521
100, 3550, 21, 97358, 99767
100, 3560, 21, 97176, 99727
100, 3570, 21, 96903, 98927
100, 3580, 21, 96685, 99710
100, 3590, 21, 96485, 97980
100, 3600, 21, 96189, 99459
100, 3610, 21, 96189, 98904
100, 3620, 21, 96189, 98493
100, 3630, 21, 95898, 99227
100, 3640, 21, 95610, 99407
100, 3650, 21, 95358, 97644
100, 3660, 21, 95242, 98226
100, 3670, 21, 95242, 97448
100, 3680, 21, 94905, 97327
100, 3690, 21, 94661, 97252
100, 3700, 21, 94551, 97375
100, 3710, 21, 94551, 97090
100, 3720, 21, 94411, 97266
100, 3730, 21, 94150, 95792
100, 3740, 21, 94150, 95798
100, 3750, 21, 94067, 96956
100, 3760, 21, 94067, 95618
100, 3770, 21, 93783, 96234
100, 3780, 21, 93724, 95664
100, 3790, 21, 93637, 94789
100, 3800, 21, 93361, 96059
100, 3810, 21, 93237, 95606
100, 3820, 21, 93031, 95458
100, 3830, 21, 92937, 95316
100, 3840, 21, 92802, 94358
100, 3850, 21, 92802, 94477
100, 3860, 21, 92602, 94314
100, 3870, 21, 92443, 94414
100, 3880, 21, 92377, 94871
100, 3890, 21, 92355, 94172
100, 3900, 21, 92177, 94167
100, 3910, 21, 92177, 92930
100, 3920, 21, 92039, 93295
100, 3930, 21, 92029, 93641
100, 3940, 21, 91985, 93555
100, 3950, 21, 91910, 92029
100, 3960, 21, 91721, 93761
100, 3970, 21, 91455, 94437
100, 3980, 21, 91438, 93938
100, 3990, 21, 91438, 94101
100, 4000, 21, 91208, 93793
100, 4010, 21, 90624, 93137
100, 4020, 21, 90618, 92112
100, 4030, 21, 90618, 91448
100, 4040, 21, 90616, 92805
100, 4050, 21, 90616, 93604
100, 4060, 21, 90616, 91243
100, 4070, 21, 90616, 92143
100, 4080, 21, 90594, 91638
100, 4090, 21, 90453, 92315
100, 4100, 21, 90453, 93435
100, 4110, 21, 90259, 92154
100, 4120, 21, 90069, 91397
100, 4130, 21, 89915, 91722
100, 4140, 21, 89760, 91763
100, 4150, 21, 89580, 92302
100, 4160, 21, 89001, 91724
100, 4170, 21, 88897, 89796
100, 4180, 21, 88683, 91138
100, 4190, 21, 88662, 90866
100, 4200, 21, 88662, 91576
100, 4210, 21, 88638, 90588
100, 4220, 21, 88580, 90634
100, 4230, 21, 88510, 89460
100, 4240, 21, 88306, 89945
100, 4250, 21, 88012, 90741
100, 4260, 21, 87804, 89640
100, 4270, 21, 87528, 90097
100, 4280, 21, 87440, 89603
100, 4290, 21, 87440, 89264
100, 4300, 21, 86868, 89868
100, 4310, 21, 86525, 88364
100, 4320, 21, 86325, 87665
100, 4330, 21, 86160, 87984
100, 4340, 21, 85979, 88188
100, 4350, 21, 85979, 87182
100, 4360, 21, 85979, 88409
100, 4370, 21, 85920, 87391
100, 4380, 21, 85920, 86195
100, 4390, 21, 85886, 89211
100, 4400, 21, 85786, 87204
100, 4410, 21, 85765, 88821
100, 4420, 21, 85765, 86642
100, 4430, 21, 85631, 87401
100, 4440, 21, 85631, 88697
100, 4450, 21, 85631, 88869
100, 4460, 21, 85497, 87436
100, 4470, 21, 85357, 86926
100, 4480, 21, 85357, 88567
100, 4490, 21, 85166, 87511
100, 4500, 21, 84953, 87064
100, 4510, 21, 84942, 85999
100, 4520, 21, 84881, 87122
100, 4530, 21, 84881, 86338
100, 4540, 21, 84881, 85733
100, 4550, 21, 84881, 87675
100, 4560, 21, 84829, 86687
100, 4570, 21, 84788, 86304
100, 4580, 21, 84788, 86386
100, 4590, 21, 84788, 86175
100, 4600, 21, 84681, 86024
100, 4610, 21, 84655, 86505
100, 4620, 21, 84655, 85907
100, 4630, 21, 84112, 86695
100, 4640, 21, 84112, 85947
100, 4650, 21, 84080, 86103
100, 4660, 21, 84040, 86267
100, 4670, 21, 83960, 87236
100, 4680, 21, 83960, 85605
100, 4690, 21, 83846, 86038
100, 4700, 21, 83846, 86386
100, 4710, 21, 83742, 85662
100, 4720, 21, 83578, 83742
100, 4730, 21, 83394, 86784
100, 4740, 21, 83324, 85088
100, 4750, 21, 83264, 86409
100, 4760, 21, 83264, 84275
100, 4770, 21, 83256, 84813
100, 4780, 21, 83119, 85996
100, 4790, 21, 82936, 84968
100, 4800, 21, 82936, 84918
100, 4810, 21, 82919, 83791
100, 4820, 21, 82862, 84287
100, 4830, 21, 82862, 84601
100, 4840, 21, 82838, 83638
100, 4850, 21, 82838, 83345
100, 4860, 21, 82806, 84687
100, 4870, 21, 82664, 85769
100, 4880, 21, 82495, 84029
100, 4890, 21, 82495, 84775
100, 4900, 21, 82464, 84239
100, 4910, 21, 82464, 84663
100, 4920, 21, 82209, 85251
100, 4930, 21, 82209, 84700
100, 4940, 21, 82209, 82783
100, 4950, 21, 82042, 83325
100, 4960, 21, 82042, 83637
100, 4970, 21, 81972, 82842
100, 4980, 21, 81972, 81981
100, 4990, 21, 81972, 81972
100, 5000, 21, 81884, 84374
100, 5010, 21, 81884, 82255
100, 5020, 21, 81657, 82822
100, 5030, 21, 81657, 81657
100, 5040, 21, 81644, 83420
100, 5050, 21, 81644, 83819
100, 5060, 21, 81611, 83997
100, 5070, 21, 81611, 83531
100, 5080, 21, 81542, 82557
100, 5090, 21, 81467, 83506
100, 5100, 21, 81280, 83015
100, 5110, 21, 81181, 83882
100, 5120, 21, 81181, 82882
100, 5130, 21, 81165, 82964
100, 5140, 21, 81165, 83503
100, 5150, 21, 81165, 82834
100, 5160, 21, 80993, 82512
100, 5170, 21, 80993, 81377
100, 5180, 21, 80958, 82282
100, 5190, 21, 80926, 82265
100, 5200, 21, 80889, 82096
100, 5210, 21, 80798, 81751
100, 5220, 21, 80674, 81740
100, 5230, 21, 80674, 82826
100, 5240, 21, 80391, 82193
100, 5250, 21, 80191, 82735
100, 5260, 21, 80112, 82649
100, 5270, 21, 80112, 80112
100, 5280, 21, 80045, 82923
100, 5290, 21, 79906, 81322
100, 5300, 21, 79906, 81775
100, 5310, 21, 79817, 79906
100, 5320, 21, 79617, 81392
100, 5330, 21, 79617, 81545
100, 5340, 21, 79584, 81211
100, 5350, 21, 79517, 80246
100, 5360, 21, 79517, 80743
100, 5370, 21, 79373, 80997
100, 5380, 21, 79355, 79373
100, 5390, 21, 79337, 79802
100, 5400, 21, 79330, 81608
100, 5410, 21, 79305, 81794
100, 5420, 21, 79221, 79454
100, 5430, 21, 79155, 81496
100, 5440, 21, 79155, 80049
100, 5450, 21, 78811, 81678
100, 5460, 21, 78811, 80946
100, 5470, 21, 78650, 80488
100, 5480, 21, 78250, 80783
100, 5490, 21, 78216, 81273
100, 5500, 21, 77865, 80725
100, 5510, 21, 77859, 79808
100, 5520, 21, 77859, 78924
100, 5530, 21, 77719, 79758
100, 5540, 21, 77595, 79455
100, 5550, 21, 77279, 79206
100, 5560, 21, 77220, 79464
100, 5570, 21, 76996, 78912
100, 5580, 21, 76996, 78728
100, 5590, 21, 76873, 79371
100, 5600, 21, 76857, 77403
100, 5610, 21, 76672, 78786
100, 5620, 21, 76672, 78808
100, 5630, 21, 76599, 77348
100, 5640, 21, 76599, 77781
100, 5650, 21, 76442, 79102
100, 5660, 21, 76442, 79642
100, 5670, 21, 76377, 79889
100, 5680, 21, 76218, 76843
100, 5690, 21, 76218, 78423
100, 5700, 21, 76218, 77957
100, 5710, 21, 76218, 76938
100, 5720, 21, 76088, 77872
100, 5730, 21, 76088, 76903
100, 5740, 21, 76026, 78932
100, 5750, 21, 76026, 77563
100, 5760, 21, 75788, 77337
100, 5770, 21, 75768, 75788
100, 5780, 21, 75707, 77696
100, 5790, 21, 75642, 77101
100, 5800, 21, 75642, 76969
100, 5810, 21, 75460, 76895
100, 5820, 21, 75460, 77063
100, 5830, 21, 75460, 77060
100, 5840, 21, 75460, 75460
100, 5850, 21, 75319, 76867
100, 5860, 21, 75260, 76973
100, 5870, 21, 75241, 77821
100, 5880, 21, 75128, 77120
100, 5890, 21, 74987, 76603
100, 5900, 21, 74987, 76307
100, 5910, 21, 74929, 77910
100, 5920, 21, 74911, 76093
100, 5930, 21, 74709, 77324
100, 5940, 21, 74709, 75621
100, 5950, 21, 74681, 74709
100, 5960, 21, 74681, 76549
100, 5970, 21, 74664, 75805
100, 5980, 21, 74649, 74664
100, 5990, 21, 74649, 74766
100, 6000, 21, 74574, 75042
100, 6010, 21, 74574, 74574
100, 6020, 21, 74507, 76425
100, 6030, 21, 74283, 76639
100, 6040, 21, 74283, 75557
100, 6050, 21, 74226, 75296
100, 6060, 21, 74182, 75658
100, 6070, 21, 74182, 74947
100, 6080, 21, 74137, 76967
100, 6090, 21, 74137, 74662
100, 6100, 21, 74013, 76374
100, 6110, 21, 73955, 75381
100, 6120, 21, 73892, 76944
100, 6130, 21, 73892, 75475
100, 6140, 21, 73793, 74457
100, 6150, 21, 73793, 73910
100, 6160, 21, 73690, 74853
100, 6170, 21, 73690, 75091
100, 6180, 21, 73598, 74725
100, 6190, 21, 73401, 73924
100, 6200, 21, 73241, 74199
100, 6210, 21, 73141, 74335
100, 6220, 21, 73141, 75209
100, 6230, 21, 73141, 73973
100, 6240, 21, 72891, 74255
100, 6250, 21, 72658, 74406
100, 6260, 21, 72611, 73524
100, 6270, 21, 72511, 72611
100, 6280, 21, 72511, 74606
100, 6290, 21, 72511, 74525
100, 6300, 21, 72356, 75281
100, 6310, 21, 72356, 75309
100, 6320, 21, 72356, 72799
100, 6330, 21, 72345, 72727
100, 6340, 21, 72345, 74403
100, 6350, 21, 72241, 73904
100, 6360, 21, 72158, 72832
100, 6370, 21, 72158, 72855
100, 6380, 21, 72158, 73424
100, 6390, 21, 72093, 74921
100, 6400, 21, 72093, 73741
100, 6410, 21, 72093, 73849
100, 6420, 21, 72093, 72889
100, 6430, 21, 71796, 73086
100, 6440, 21, 71703, 73872
100, 6450, 21, 71703, 72962
100, 6460, 21, 71589, 73365
100, 6470, 21, 71589, 73649
100, 6480, 21, 71589, 73196
100, 6490, 21, 71589, 72386
100, 6500, 21, 71589, 71589
100, 6510, 21, 71589, 71728
100, 6520, 21, 71589, 72758
100, 6530, 21, 71551, 71589
100, 6540, 21, 71506, 72475
100, 6550, 21, 71506, 73024
100, 6560, 21, 71506, 73570
100, 6570, 21, 71383, 71990
100, 6580, 21, 71196, 71829
100, 6590, 21, 70880, 73802
100, 6600, 21, 70880, 72248
100, 6610, 21, 70807, 70880
100, 6620, 21, 70807, 70807
100, 6630, 21, 70807, 72741
100, 6640, 21, 70807, 72046
100, 6650, 21, 70807, 73555
100, 6660, 21, 70807, 71359
100, 6670, 21, 70775, 70807
100, 6680, 21, 70572, 70775
100, 6690, 21, 70470, 71908
100, 6700, 21, 70470, 70470
100, 6710, 21, 70455, 72536
100, 6720, 21, 70302, 71674
100, 6730, 21, 70302, 72216
100, 6740, 21, 70217, 71132
100, 6750, 21, 70168, 71377
100, 6760, 21, 70168, 71893
100, 6770, 21, 70168, 70168
100, 6780, 21, 70168, 72156
100, 6790, 21, 70168, 70168
100, 6800, 21, 70168, 70816
100, 6810, 21, 70003, 72486
100, 6820, 21, 69944, 69970
100, 6830, 21, 69944, 70144
100, 6840, 21, 69944, 71766
100, 6850, 21, 69944, 69944
100, 6860, 21, 69944, 71783
100, 6870, 21, 69727, 72125
100, 6880, 21, 69651, 71096
100, 6890, 21, 69651, 70972
100, 6900, 21, 69447, 70936
100, 6910, 21, 69447, 69447
100, 6920, 21, 69276, 69423
100, 6930, 21, 69276, 71266
100, 6940, 21, 69276, 72049
100, 6950, 21, 69276, 71571
100, 6960, 21, 69276, 70276
100, 6970, 21, 69152, 69276
100, 6980, 21, 69135, 69152
100, 6990, 21, 69135, 70202
100, 7000, 21, 69135, 70725
100, 7010, 21, 69135, 69135
100, 7020, 21, 69119, 70272
100, 7030, 21, 69109, 70412
100, 7040, 21, 69109, 70076
100, 7050, 21, 69109, 69109
100, 7060, 21, 69109, 69109
100, 7070, 21, 69109, 69109
100, 7080, 21, 68890, 69109
100, 7090, 21, 68890, 70459
100, 7100, 21, 68890, 70380
100, 7110, 21, 68890, 69641
100, 7120, 21, 68890, 68890
100, 7130, 21, 68889, 70118
100, 7140, 21, 68689, 69233
100, 7150, 21, 68627, 69449
100, 7160, 21, 68597, 68827
100, 7170, 21, 68597, 70558
100, 7180, 21, 68597, 68597
100, 7190, 21, 68597, 70219
100, 7200, 21, 68597, 69281
100, 7210, 21, 68597, 70293
100, 7220, 21, 68597, 69481
100, 7230, 21, 68544, 68597
100, 7240, 21, 68544, 70191
100, 7250, 21, 68544, 68544
100, 7260, 21, 68544, 70105
100, 7270, 21, 68233, 68544
100, 7280, 21, 68233, 68598
100, 7290, 21, 68233, 70154
100, 7300, 21, 68172, 68233
100, 7310, 21, 68172, 70360
100, 7320, 21, 68172, 68172
100, 7330, 21, 68172, 68172
100, 7340, 21, 68172, 69955
100, 7350, 21, 68172, 68172
100, 7360, 21, 68172, 69723
100, 7370, 21, 67896, 68472
100, 7380, 21, 67896, 69005
100, 7390, 21, 67621, 69155
100, 7400, 21, 67621, 69109
100, 7410, 21, 67562, 67621
100, 7420, 21, 67562, 67562
100, 7430, 21, 67562, 68575
100, 7440, 21, 67504, 68668
100, 7450, 21, 67504, 68011
100, 7460, 21, 67504, 67504
100, 7470, 21, 67404, 67504
100, 7480, 21, 67404, 67404
100, 7490, 21, 67201, 67404
100, 7500, 21, 67183, 68276
100, 7510, 21, 66886, 67183
100, 7520, 21, 66770, 69663
100, 7530, 21, 66632, 68480
100, 7540, 21, 66632, 68225
100, 7550, 21, 66632, 66799
100, 7560, 21, 66614, 66614
100, 7570, 21, 66614, 66614
100, 7580, 21, 66614, 67320
100, 7590, 21, 66614, 67421
100, 7600, 21, 66614, 68254
100, 7610, 21, 66614, 67050
100, 7620, 21, 66614, 66614
100, 7630, 21, 66614, 66614
100, 7640, 21, 66548, 67159
100, 7650, 21, 66539, 66548
100, 7660, 21, 66523, 67782
100, 7670, 21, 66523, 68244
100, 7680, 21, 66469, 68963
100, 7690, 21, 66364, 66469
100, 7700, 21, 66364, 66364
100, 7710, 21, 66364, 67378
100, 7720, 21, 66305, 66364
100, 7730, 21, 66305, 66305
100, 7740, 21, 66305, 67898
100, 7750, 21, 66188, 66941
100, 7760, 21, 66072, 67170
100, 7770, 21, 66072, 66072
100, 7780, 21, 66072, 66072
100, 7790, 21, 66072, 66664
100, 7800, 21, 65897, 65897
100, 7810, 21, 65897, 67996
100, 7820, 21, 65897, 66245
100, 7830, 21, 65884, 66025
100, 7840, 21, 65884, 65884
100, 7850, 21, 65884, 66912
100, 7860, 21, 65884, 65917
100, 7870, 21, 65749, 65884
100, 7880, 21, 65749, 66149
100, 7890, 21, 65749, 66406
100, 7900, 21, 65749, 65749
100, 7910, 21, 65749, 65749
100, 7920, 21, 65608, 66789
100, 7930, 21, 65608, 65608
100, 7940, 21, 65608, 65608
100, 7950, 21, 65608, 65608
100, 7960, 21, 65594, 66255
100, 7970, 21, 65594, 67379
100, 7980, 21, 65594, 67007
100, 7990, 21, 65594, 67547
100, 8000, 21, 65594, 66061
100, 8010, 21, 65594, 65594
100, 8020, 21, 65594, 68010
100, 8030, 21, 65565, 65594
100, 8040, 21, 65565, 66775
100, 8050, 21, 65094, 65565
100, 8060, 21, 65094, 65094
100, 8070, 21, 65094, 65094
100, 8080, 21, 65094, 65094
100, 8090, 21, 65094, 66725
100, 8100, 21, 65047, 65094
100, 8110, 21, 65047, 65047
100, 8120, 21, 65047, 66804
100, 8130, 21, 65047, 66938
100, 8140, 21, 64879, 65210
100, 8150, 21, 64775, 66490
100, 8160, 21, 64641, 64775
100, 8170, 21, 64641, 65249
100, 8180, 21, 64582, 66230
100, 8190, 21, 64582, 65666
100, 8200, 21, 64541, 65466
100, 8210, 21, 64476, 65574
100, 8220, 21, 64476, 64476
100, 8230, 21, 64476, 66246
100, 8240, 21, 64394, 64847
100, 8250, 21, 64394, 64394
100, 8260, 21, 64394, 64991
100, 8270, 21, 64394, 65673
100, 8280, 21, 64394, 65397
100, 8290, 21, 64353, 66310
100, 8300, 21, 64353, 64476
100, 8310, 21, 64353, 65813
100, 8320, 21, 64303, 64728
100, 8330, 21, 64303, 64303
100, 8340, 21, 64303, 64514
100, 8350, 21, 64303, 65513
100, 8360, 21, 64303, 65174
100, 8370, 21, 64303, 64303
100, 8380, 21, 64093, 64210
100, 8390, 21, 64093, 64564
100, 8400, 21, 64093, 64093
100, 8410, 21, 64093, 64093
100, 8420, 21, 64093, 64093
100, 8430, 21, 64035, 65773
100, 8440, 21, 64035, 64464
100, 8450, 21, 63987, 64035
100, 8460, 21, 63987, 65321
100, 8470, 21, 63987, 63987
100, 8480, 21, 63987, 64613
100, 8490, 21, 63987, 65128
100, 8500, 21, 63987, 63987
100, 8510, 21, 63987, 63987
100, 8520, 21, 63987, 63987
100, 8530, 21, 63885, 65415
100, 8540, 21, 63877, 64572
100, 8550, 21, 63877, 64720
100, 8560, 21, 63877, 64677
100, 8570, 21, 63877, 63877
100, 8580, 21, 63877, 66743
100, 8590, 21, 63877, 63877
100, 8600, 21, 63877, 64448
100, 8610, 21, 63859, 66515
100, 8620, 21, 63626, 63859
100, 8630, 21, 63626, 63626
100, 8640, 21, 63589, 64058
100, 8650, 21, 63589, 65132
100, 8660, 21, 63589, 65553
100, 8670, 21, 63589, 63589
100, 8680, 21, 63589, 63589
100, 8690, 21, 63589, 63589
100, 8700, 21, 63589, 63589
100, 8710, 21, 63589, 63589
100, 8720, 21, 63549, 63589
100, 8730, 21, 63549, 64032
100, 8740, 21, 63549, 63549
100, 8750, 21, 63549, 63549
100, 8760, 21, 63549, 65202
100, 8770, 21, 63549, 63549
100, 8780, 21, 63549, 63549
100, 8790, 21, 63477, 63477
100, 8800, 21, 63477, 63477
100, 8810, 21, 63477, 63477
100, 8820, 21, 63467, 63477
100, 8830, 21, 63467, 64228
100, 8840, 21, 63467, 63467
100, 8850, 21, 63467, 65815
100, 8860, 21, 63467, 63467
100, 8870, 21, 63467, 63467
100, 8880, 21, 63467, 63467
100, 8890, 21, 63467, 63467
100, 8900, 21, 63384, 63970
100, 8910, 21, 63384, 63384
100, 8920, 21, 63305, 63384
100, 8930, 21, 63264, 63305
100, 8940, 21, 63264, 63264
100, 8950, 21, 63264, 63264
100, 8960, 21, 63264, 63264
100, 8970, 21, 63181, 63523
100, 8980, 21, 63181, 63181
100, 8990, 21, 63181, 63181
100, 9000, 21, 63123, 63123
100, 9010, 21, 63123, 64179
100, 9020, 21, 63123, 63123
100, 9030, 21, 63123, 63123
100, 9040, 21, 63123, 63123
100, 9050, 21, 63123, 63123
100, 9060, 21, 63123, 63123
100, 9070, 21, 63123, 63749
100, 9080, 21, 63123, 63123
100, 9090, 21, 63123, 64141
100, 9100, 21, 63123, 63123
100, 9110, 21, 63123, 64023
100, 9120, 21, 63120, 63123
100, 9130, 21, 63120, 63120
100, 9140, 21, 63120, 63120
100, 9150, 21, 63087, 63120
100, 9160, 21, 62872, 63087
100, 9170, 21, 62872, 62872
100, 9180, 21, 62872, 62872
100, 9190, 21, 62872, 64710
100, 9200, 21, 62808, 62872
100, 9210, 21, 62808, 62808
100, 9220, 21, 62808, 62808
100, 9230, 21, 62808, 63055
100, 9240, 21, 62808, 62808
100, 9250, 21, 62808, 62808
100, 9260, 21, 62808, 62808
100, 9270, 21, 62808, 62808
100, 9280, 21, 62769, 62808
100, 9290, 21, 62769, 62769
100, 9300, 21, 62769, 65092
100, 9310, 21, 62769, 62769
100, 9320, 21, 62733, 65834
100, 9330, 21, 62652, 62937
100, 9340, 21, 62552, 62652
100, 9350, 21, 62477, 62552
100, 9360, 21, 62477, 62477
100, 9370, 21, 62477, 63440
100, 9380, 21, 62477, 62477
100, 9390, 21, 62477, 62477
100, 9400, 21, 62477, 62477
100, 9410, 21, 62477, 62477
100, 9420, 21, 62477, 62477
100, 9430, 21, 62477, 62477
100, 9440, 21, 62477, 62477
100, 9450, 21, 62477, 62477
100, 9460, 21, 62397, 63190
100, 9470, 21, 62397, 62397
100, 9480, 21, 62397, 63741
100, 9490, 21, 62397, 62773
100, 9500, 21, 62299, 65320
100, 9510, 21, 62299, 62299
100, 9520, 21, 62299, 62874
100, 9530, 21, 62299, 62299
100, 9540, 21, 62299, 62981
100, 9550, 21, 62271, 62299
100, 9560, 21, 62238, 62238
100, 9570, 21, 62238, 62238
100, 9580, 21, 62238, 62277
100, 9590, 21, 62238, 62238
100, 9600, 21, 62186, 62238
100, 9610, 21, 62186, 62186
100, 9620, 21, 62186, 62186
100, 9630, 21, 62186, 62186
100, 9640, 21, 62186, 63390
100, 9650, 21, 62186, 62186
100, 9660, 21, 62186, 62186
100, 9670, 21, 62186, 63295
100, 9680, 21, 62186, 63011
100, 9690, 21, 62186, 62186
100, 9700, 21, 62169, 62169
100, 9710, 21, 62169, 62169
100, 9720, 21, 62169, 62169
100, 9730, 21, 62169, 62169
100, 9740, 21, 62169, 62169
100, 9750, 21, 62169, 62169
100, 9760, 21, 62169, 62169
100, 9770, 21, 62158, 62158
100, 9780, 21, 62042, 62158
100, 9790, 21, 62042, 62042
100, 9800, 21, 62042, 62042
100, 9810, 21, 61959, 62042
100, 9820, 21, 61614, 62583
100, 9830, 21, 61614, 61614
100, 9840, 21, 61614, 62794
100, 9850, 21, 61614, 61614
100, 9860, 21, 61614, 61614
100, 9870, 21, 61614, 61614
100, 9880, 21, 61614, 62865
100, 9890, 21, 61614, 61614
100, 9900, 21, 61614, 63324
100, 9910, 21, 61614, 61614
100, 9920, 21, 61614, 61614
100, 9930, 21, 61473, 61614
100, 9940, 21, 61473, 61473
100, 9950, 21, 61394, 61473
100, 9960, 21, 61371, 61473
100, 9970, 21, 61371, 61371
100, 9980, 21, 61371, 62468
100, 9990, 21, 61367, 62745
100, 10000, 21, 61367, 61367
100, 10010, 21, 61367, 61367
100, 10020, 21, 61367, 61367
100, 10030, 21, 61367, 61367
100, 10040, 21, 61367, 61640
100, 10050, 21, 61367, 61622
100, 10060, 21, 61122, 61367
100, 10070, 21, 61122, 61122
100, 10080, 21, 61122, 61122
100, 10090, 21, 61122, 61769
100, 10100, 21, 61122, 61122
100, 10110, 21, 61122, 61122
100, 10120, 21, 61122, 61122
100, 10130, 21, 61122, 61122
100, 10140, 21, 61122, 61122
100, 10150, 21, 61122, 61122
100, 10160, 21, 61038, 61122
100, 10170, 21, 61038, 61038
100, 10180, 21, 61038, 61038
100, 10190, 21, 61038, 61038
100, 10200, 21, 61038, 61507
100, 10210, 21, 61038, 61038
100, 10220, 21, 61038, 62144
100, 10230, 21, 61038, 61038
100, 10240, 21, 61038, 61038
100, 10250, 21, 61038, 61701
100, 10260, 21, 61038, 61038
100, 10270, 21, 61038, 61038
100, 10280, 21, 61038, 61448
100, 10290, 21, 61038, 61038
100, 10300, 21, 61038, 61038
100, 10310, 21, 61028, 61038
100, 10320, 21, 61028, 61028
100, 10330, 21, 61028, 61687
100, 10340, 21, 61028, 61028
100, 10350, 21, 60568, 60945
100, 10360, 21, 60464, 60568
100, 10370, 21, 60464, 60464
100, 10380, 21, 60464, 60464
100, 10390, 21, 60464, 61540
100, 10400, 21, 60464, 60464
100, 10410, 21, 60464, 60464
100, 10420, 21, 60464, 60464
100, 10430, 21, 60464, 62200
100, 10440, 21, 60464, 60464
100, 10450, 21, 60464, 60464
100, 10460, 21, 60464, 60464
100, 10470, 21, 60464, 60464
100, 10480, 21, 60464, 60464
100, 10490, 21, 60464, 60464
100, 10500, 21, 60435, 60464
100, 10510, 21, 60435, 60435
100, 10520, 21, 60435, 61094
100, 10530, 21, 60435, 61345
100, 10540, 21, 60435, 60435
100, 10550, 21, 60435, 60435
100, 10560, 21, 60435, 60435
100, 10570, 21, 60435, 60435
100, 10580, 21, 60435, 60435
100, 10590, 21, 60435, 61221
100, 10600, 21, 60435, 60435
100, 10610, 21, 60435, 60435
100, 10620, 21, 60435, 60435
100, 10630, 21, 60435, 60435
100, 10640, 21, 60435, 60435
100, 10650, 21, 60435, 60435
100, 10660, 21, 60435, 60435
100, 10670, 21, 60435, 60435
100, 10680, 21, 60435, 60435
100, 10690, 21, 60435, 60435
100, 10700, 21, 60435, 60435
100, 10710, 21, 60435, 60435
100, 10720, 21, 60435, 60435
100, 10730, 21, 60435, 60435
100, 10740, 21, 60435, 60435
100, 10750, 21, 60435, 60435
100, 10760, 21, 60435, 60435
100, 10770, 21, 60435, 60435
100, 10780, 21, 60435, 60435
100, 10790, 21, 60435, 60435
100, 10800, 21, 60435, 60435
100, 10810, 21, 60435, 60435
100, 10820, 21, 60435, 60435
100, 10830, 21, 60435, 61192
100, 10840, 21, 60435, 61177
100, 10850, 21, 60435, 60435
100, 10860, 21, 60435, 60783
100, 10870, 21, 60151, 60435
100, 10880, 21, 60127, 60151
100, 10890, 21, 60127, 60127
100, 10900, 21, 60127, 60127
100, 10910, 21, 60127, 60127
100, 10920, 21, 60127, 60127
100, 10930, 21, 60127, 60127
100, 10940, 21, 60127, 60127
100, 10950, 21, 60127, 60127
100, 10960, 21, 60127, 60127
100, 10970, 21, 60127, 60127
100, 10980, 21, 60127, 60127
100, 10990, 21, 60127, 60127
100, 11000, 21, 60127, 60127
100, 11010, 21, 60127, 60127
100, 11020, 21, 60127, 60127
100, 11030, 21, 60127, 60127
100, 11040, 21, 60127, 60127
100, 11050, 21, 60127, 60127
100, 11060, 21, 60127, 60127
100, 11070, 21, 60106, 60127
100, 11080, 21, 60023, 60106
100, 11090, 21, 59882, 60023
100, 11100, 21, 59882, 59882
100, 11110, 21, 59882, 59882
100, 11120, 21, 59882, 59882
100, 11130, 21, 59882, 59882
100, 11140, 21, 59766, 59766
100, 11150, 21, 59766, 60940
100, 11160, 21, 59766, 59766
100, 11170, 21, 59766, 59766
100, 11180, 21, 59766, 59889
100, 11190, 21, 59699, 59766
100, 11200, 21, 59699, 59699
100, 11210, 21, 59699, 59699
100, 11220, 21, 59699, 59699
100, 11230, 21, 59699, 59699
100, 11240, 21, 59699, 59699
100, 11250, 21, 59699, 59699
100, 11260, 21, 59641, 59699
100, 11270, 21, 59641, 59641
100, 11280, 21, 59641, 59641
100, 11290, 21, 59641, 59641
100, 11300, 21, 59641, 59641
100, 11310, 21, 59641, 59641
100, 11320, 21, 59641, 59641
100, 11330, 21, 59641, 59641
100, 11340, 21, 59641, 59641
100, 11350, 21, 59641, 59641
100, 11360, 21, 59641, 59641
100, 11370, 21, 59641, 59641
100, 11380, 21, 59499, 59499
100, 11390, 21, 59495, 59499
100, 11400, 21, 59495, 59495
100, 11410, 21, 59495, 59495
100, 11420, 21, 59495, 59495
100, 11430, 21, 59495, 59495
100, 11440, 21, 59495, 59495
100, 11450, 21, 59495, 59495
100, 11460, 21, 59495, 59495
100, 11470, 21, 59495, 59878
100, 11480, 21, 59491, 59495
100, 11490, 21, 59491, 60062
100, 11500, 21, 59491, 59491
100, 11510, 21, 59491, 59491
100, 11520, 21, 59491, 59491
100, 11530, 21, 59491, 59491
100, 11540, 21, 59491, 59491
100, 11550, 21, 59491, 59491
100, 11560, 21, 59491, 59491
100, 11570, 21, 59491, 59491
100, 11580, 21, 59491, 59491
100, 11590, 21, 59491, 59491
100, 11600, 21, 59491, 59891
100, 11610, 21, 59491, 59491
100, 11620, 21, 59491, 59491
100, 11630, 21, 59491, 59491
100, 11640, 21, 59491, 59491
100, 11650, 21, 59491, 59491
100, 11660, 21, 59491, 59491
100, 11670, 21, 59491, 59491
100, 11680, 21, 59432, 59491
100, 11690, 21, 59432, 59432
100, 11700, 21, 59432, 59432
100, 11710, 21, 59432, 59432
100, 11720, 21, 59418, 59432
100, 11730, 21, 59418, 59418
100, 11740, 21, 59418, 59418
100, 11750, 21, 59418, 59418
100, 11760, 21, 59418, 59418
100, 11770, 21, 59418, 59418
100, 11780, 21, 59418, 59418
100, 11790, 21, 59326, 59418
100, 11800, 21, 59326, 59326
100, 11810, 21, 59326, 59326
100, 11820, 21, 59326, 59326
100, 11830, 21, 59284, 59326
100, 11840, 21, 59284, 59284
100, 11850, 21, 59284, 59284
100, 11860, 21, 59284, 59284
100, 11870, 21, 59284, 59284
100, 11880, 21, 59284, 59284
100, 11890, 21, 59284, 59284
100, 11900, 21, 59284, 59284
100, 11910, 21, 59284, 59284
100, 11920, 21, 59284, 59284
100, 11930, 21, 59284, 59284
100, 11940, 21, 59284, 59284
100, 11950, 21, 59284, 59284
100, 11960, 21, 59284, 59284
100, 11970, 21, 59284, 59284
100, 11980, 21, 59284, 59284
100, 11990, 21, 59284, 59284
100, 12000, 21, 59284, 59284
100, 12010, 21, 59284, 59284
100, 12020, 21, 59284, 59284
100, 12030, 21, 59284, 59284
100, 12040, 21, 59284, 59284
100, 12050, 21, 59284, 59284
100, 12060, 21, 59247, 59247
100, 12070, 21, 59247, 59247
100, 12080, 21, 59247, 59247
100, 12090, 21, 59247, 59247
100, 12100, 21, 59247, 59247
100, 12110, 21, 59247, 59247
100, 12120, 21, 59247, 59247
100, 12130, 21, 59247, 59247
100, 12140, 21, 59247, 59247
100, 12150, 21, 59247, 59247
100, 12160, 21, 59247, 59247
100, 12170, 21, 59209, 59247
100, 12180, 21, 59209, 59209
100, 12190, 21, 59209, 59209
100, 12200, 21, 59209, 59209
100, 12210, 21, 59209, 59209
100, 12220, 21, 59209, 59209
100, 12230, 21, 59209, 59209
100, 12240, 21, 59209, 59209
100, 12250, 21, 59209, 59209
100, 12260, 21, 59209, 59209
100, 12270, 21, 59209, 59209
100, 12280, 21, 59209, 59209
100, 12290, 21, 59209, 59209
100, 12300, 21, 59209, 59209
100, 12310, 21, 59209, 59209
100, 12320, 21, 59209, 59209
100, 12330, 21, 59209, 59209
100, 12340, 21, 59209, 59209
100, 12350, 21, 59209, 59209
100, 12360, 21, 59209, 59209
100, 12370, 21, 59209, 59209
100, 12380, 21, 59209, 59209
100, 12390, 21, 59209, 59209
100, 12400, 21, 59209, 59209
100, 12410, 21, 59209, 59209
100, 12420, 21, 59150, 59209
100, 12430, 21, 59150, 59150
100, 12440, 21, 59150, 59150
100, 12450, 21, 59120, 59160
100, 12460, 21, 59095, 59120
100, 12470, 21, 59061, 59095
100, 12480, 21, 59061, 59061
100, 12490, 21, 59061, 59061
100, 12500, 21, 59061, 59061
100, 12510, 21, 58920, 58920
100, 12520, 21, 58920, 58920
100, 12530, 21, 58920, 58920
100, 12540, 21, 58920, 58920
100, 12550, 21, 58920, 58920
100, 12560, 21, 58920, 58920
100, 12570, 21, 58920, 58920
100, 12580, 21, 58920, 58920
100, 12590, 21, 58920, 58920
100, 12600, 21, 58804, 58804
100, 12610, 21, 58804, 58804
100, 12620, 21, 58803, 58804
100, 12630, 21, 58803, 58803
100, 12640, 21, 58803, 58803
100, 12650, 21, 58803, 58803
100, 12660, 21, 58803, 58803
100, 12670, 21, 58803, 58803
100, 12680, 21, 58625, 58803
100, 12690, 21, 58625, 58625
100, 12700, 21, 58625, 58625
100, 12710, 21, 58625, 58625
100, 12720, 21, 58625, 58625
100, 12730, 21, 58625, 58625
100, 12740, 21, 58625, 58625
100, 12750, 21, 58625, 58625
100, 12760, 21, 58625, 58625
100, 12770, 21, 58625, 58625
100, 12780, 21, 58625, 58625
100, 12790, 21, 58625, 58625
100, 12800, 21, 58625, 58625
100, 12810, 21, 58625, 58625
100, 12820, 21, 58625, 58625
100, 12830, 21, 58625, 58625
100, 12840, 21, 58625, 58625
100, 12850, 21, 58625, 58625
100, 12860, 21, 58619, 58619
100, 12870, 21, 58619, 58619
100, 12880, 21, 58619, 58619
100, 12890, 21, 58619, 58619
100, 12900, 21, 58619, 58619
100, 12910, 21, 58570, 58570
100, 12920, 21, 58570, 58570
100, 12930, 21, 58570, 58570
100, 12940, 21, 58570, 58570
100, 12950, 21, 58570, 58570
100, 12960, 21, 58570, 58570
100, 12970, 21, 58570, 58570
100, 12980, 21, 58570, 58570
100, 12990, 21, 58487, 58487
100, 13000, 21, 58487, 58487
100, 13010, 21, 58436, 58454
100, 13020, 21, 58436, 58676
100, 13030, 21, 58436, 59002
100, 13040, 21, 58436, 58436
100, 13050, 21, 58436, 58436
100, 13060, 21, 58436, 58436
100, 13070, 21, 58409, 58436
100, 13080, 21, 58409, 58409
100, 13090, 21, 58409, 58833
100, 13100, 21, 58409, 58409
100, 13110, 21, 58409, 58409
100, 13120, 21, 58409, 58409
100, 13130, 21, 58409, 58409
100, 13140, 21, 58409, 58409
100, 13150, 21, 58409, 58409
100, 13160, 21, 58409, 58409
100, 13170, 21, 58409, 58409
100, 13180, 21, 58409, 58409
100, 13190, 21, 58409, 58409
100, 13200, 21, 58409, 58409
100, 13210, 21, 58409, 58409
100, 13220, 21, 58409, 58409
100, 13230, 21, 58409, 58409
100, 13240, 21, 58409, 58409
100, 13250, 21, 58409, 58409
100, 13260, 21, 58409, 58409
100, 13270, 21, 58409, 58409
100, 13280, 21, 58409, 58409
100, 13290, 21, 58409, 58409
100, 13300, 21, 58409, 58409
100, 13310, 21, 58409, 58409
100, 13320, 21, 58409, 58409
100, 13330, 21, 58409, 58409
100, 13340, 21, 58409, 58409
100, 13350, 21, 58409, 58409
100, 13360, 21, 58409, 58409
100, 13370, 21, 58409, 58409
100, 13380, 21, 58409, 58409
100, 13390, 21, 58409, 58409
100, 13400, 21, 58409, 58409
100, 13410, 21, 58409, 58409
100, 13420, 21, 58409, 58409
100, 13430, 21, 58409, 58409
100, 13440, 21, 58409, 58409
100, 13450, 21, 58351, 58409
100, 13460, 21, 58351, 58351
100, 13470, 21, 58351, 58351
100, 13480, 21, 58351, 58351
100, 13490, 21, 58351, 58351
100, 13500, 21, 58351, 58351
100, 13510, 21, 58351, 58351
100, 13520, 21, 58351, 58351
100, 13530, 21, 58268, 58268
100, 13540, 21, 58268, 58268
100, 13550, 21, 58268, 59693
100, 13560, 21, 58268, 58268
100, 13570, 21, 58268, 58268
100, 13580, 21, 58268, 58268
100, 13590, 21, 58268, 58268
100, 13600, 21, 58268, 58268
100, 13610, 21, 58185, 58268
100, 13620, 21, 58185, 58185
100, 13630, 21, 58185, 58185
100, 13640, 21, 58185, 58185
100, 13650, 21, 58185, 58185
100, 13660, 21, 58185, 58185
100, 13670, 21, 58185, 58185
100, 13680, 21, 58185, 58185
100, 13690, 21, 58185, 58185
100, 13700, 21, 58185, 58185
100, 13710, 21, 58185, 58185
100, 13720, 21, 58185, 58185
100, 13730, 21, 58185, 58185
100, 13740, 21, 58185, 58185
100, 13750, 21, 58185, 58185
100, 13760, 21, 58185, 59349
100, 13770, 21, 58185, 58185
100, 13780, 21, 58185, 58185
100, 13790, 21, 58137, 58185
100, 13800, 21, 58137, 58137
100, 13810, 21, 58137, 58137
100, 13820, 21, 58137, 58137
100, 13830, 21, 58137, 58137
100, 13840, 21, 58137, 58137
100, 13850, 21, 58137, 58137
100, 13860, 21, 58137, 58137
100, 13870, 21, 58137, 58137
100, 13880, 21, 58137, 58137
100, 13890, 21, 58137, 58137
100, 13900, 21, 58137, 58137
100, 13910, 21, 58137, 58137
100, 13920, 21, 58037, 58037
100, 13930, 21, 58037, 58037
100, 13940, 21, 58037, 58037
100, 13950, 21, 58037, 58037
100, 13960, 21, 58033, 58033
100, 13970, 21, 58033, 58033
100, 13980, 21, 57968, 57968
100, 13990, 21, 57968, 57968
100, 14000, 21, 57968, 57968
100, 14010, 21, 57968, 57968
100, 14020, 21, 57968, 57968
100, 14030, 21, 57968, 57968
100, 14040, 21, 57968, 57968
100, 14050, 21, 57968, 57968
100, 14060, 21, 57968, 57968
100, 14070, 21, 57968, 57968
100, 14080, 21, 57968, 57968
100, 14090, 21, 57968, 57968
100, 14100, 21, 57968, 57968
100, 14110, 21, 57968, 57968
100, 14120, 21, 57968, 57968
100, 14130, 21, 57968, 57968
100, 14140, 21, 57968, 57968
100, 14150, 21, 57968, 57968
100, 14160, 21, 57968, 57968
100, 14170, 21, 57968, 57968
100, 14180, 21, 57968, 57968
100, 14190, 21, 57968, 57968
100, 14200, 21, 57968, 57968
100, 14210, 21, 57968, 57968
100, 14220, 21, 57968, 57968
100, 14230, 21, 57968, 57968
100, 14240, 21, 57968, 57968
100, 14250, 21, 57968, 57968
100, 14260, 21, 57968, 57968
100, 14270, 21, 57968, 57968
100, 14280, 21, 57968, 57968
100, 14290, 21, 57968, 57968
100, 14300, 21, 57968, 57968
100, 14310, 21, 57968, 57968
100, 14320, 21, 57968, 57968
100, 14330, 21, 57968, 57968
100, 14340, 21, 57968, 57968
100, 14350, 21, 57968, 57968
100, 14360, 21, 57968, 57968
100, 14370, 21, 57968, 57968
100, 14380, 21, 57968, 57968
100, 14390, 21, 57968, 57968
100, 14400, 21, 57968, 57968
100, 14410, 21, 57968, 57968
100, 14420, 21, 57968, 57968
100, 14430, 21, 57968, 57968
100, 14440, 21, 57968, 57968
100, 14450, 21, 57968, 57968
100, 14460, 21, 57968, 57968
100, 14470, 21, 57968, 57968
100, 14480, 21, 57968, 57968
100, 14490, 21, 57968, 57968
100, 14500, 21, 57968, 57968
100, 14510, 21, 57968, 57968
100, 14520, 21, 57968, 57968
100, 14530, 21, 57968, 57968
100, 14540, 21, 57968, 57968
100, 14550, 21, 57968, 57968
100, 14560, 21, 57968, 57968
100, 14570, 21, 57968, 57968
100, 14580, 21, 57968, 57968
100, 14590, 21, 57968, 57968
100, 14600, 21, 57968, 57968
100, 14610, 21, 57968, 57968
100, 14620, 21, 57968, 57968
100, 14630, 21, 57968, 57968
100, 14640, 21, 57968, 57968
100, 14650, 21, 57968, 57968
100, 14660, 21, 57845, 57845
100, 14670, 21, 57845, 57845
100, 14680, 21, 57845, 57845
100, 14690, 21, 57711, 57711
100, 14700, 21, 57711, 57711
100, 14710, 21, 57711, 57711
100, 14720, 21, 57711, 57711
100, 14730, 21, 57620, 57620
100, 14740, 21, 57620, 57620
100, 14750, 21, 57620, 57620
100, 14760, 21, 57620, 57620
100, 14770, 21, 57620, 57620
100, 14780, 21, 57620, 57620
100, 14790, 21, 57620, 57620
100, 14800, 21, 57620, 57620
100, 14810, 21, 57620, 57620
100, 14820, 21, 57620, 57620
100, 14830, 21, 57620, 57620
100, 14840, 21, 57620, 57620
100, 14850, 21, 57620, 57620
100, 14860, 21, 57562, 57562
100, 14870, 21, 57562, 57562
100, 14880, 21, 57562, 57562
100, 14890, 21, 57562, 57562
100, 14900, 21, 57562, 57562
100, 14910, 21, 57562, 57562
100, 14920, 21, 57562, 57562
100, 14930, 21, 57562, 57562
100, 14940, 21, 57562, 57562
100, 14950, 21, 57562, 57562
100, 14960, 21, 57562, 57562
100, 14970, 21, 57562, 57562
100, 14980, 21, 57562, 57562
100, 14990, 21, 57562, 57562
100, 15000, 21, 57562, 57562
100, 15010, 21, 57562, 57562
100, 15020, 21, 57562, 57562
100, 15030, 21, 57562, 57562
100, 15040, 21, 57562, 57562
100, 15050, 21, 57546, 57546
100, 15060, 21, 57546, 57546
100, 15070, 21, 57546, 57546
100, 15080, 21, 57546, 57546
100, 15090, 21, 57546, 57546
100, 15100, 21, 57282, 57546
100, 15110, 21, 57282, 57282
100, 15120, 21, 57282, 57282
100, 15130, 21, 57282, 57282
100, 15140, 21, 57282, 57282
100, 15150, 21, 57282, 57282
100, 15160, 21, 57282, 57282
100, 15170, 21, 57282, 57282
100, 15180, 21, 57282, 57282
100, 15190, 21, 57282, 57282
100, 15200, 21, 57282, 57282
100, 15210, 21, 57282, 57282
100, 15220, 21, 57282, 57282
100, 15230, 21, 57282, 57282
100, 15240, 21, 57282, 57282
100, 15250, 21, 57282, 57282
100, 15260, 21, 57282, 57282
100, 15270, 21, 57282, 57282
100, 15280, 21, 57282, 57282
100, 15290, 21, 57159, 57159
100, 15300, 21, 57159, 57159
100, 15310, 21, 57159, 57159
100, 15320, 21, 57159, 57159
100, 15330, 21, 57159, 57159
100, 15340, 21, 57159, 57159
100, 15350, 21, 57159, 57159
100, 15360, 21, 57159, 57159
100, 15370, 21, 57159, 57159
100, 15380, 21, 57076, 57159
100, 15390, 21, 57076, 57076
100, 15400, 21, 57076, 57076
100, 15410, 21, 57033, 57033
100, 15420, 21, 57033, 57033
100, 15430, 21, 57033, 57033
100, 15440, 21, 57033, 57033
100, 15450, 21, 57033, 57033
100, 15460, 21, 57033, 57033
100, 15470, 21, 57005, 57005
100, 15480, 21, 57005, 57005
100, 15490, 21, 57005, 57005
100, 15500, 21, 57005, 57005
100, 15510, 21, 57005, 57005
100, 15520, 21, 57005, 57005
100, 15530, 21, 57005, 57005
100, 15540, 21, 57005, 57005
100, 15550, 21, 57005, 57005
100, 15560, 21, 57005, 57005
100, 15570, 21, 57005, 57005
100, 15580, 21, 57005, 57005
100, 15590, 21, 57005, 57005
100, 15600, 21, 57005, 57005
100, 15610, 21, 57005, 57005
100, 15620, 21, 57005, 57005
100, 15630, 21, 57005, 57005
100, 15640, 21, 57005, 57005
100, 15650, 21, 57005, 57005
100, 15660, 21, 57005, 57005
100, 15670, 21, 57005, 57005
100, 15680, 21, 57005, 57005
100, 15690, 21, 57005, 57005
100, 15700, 21, 57005, 57005
100, 15710, 21, 57005, 57005
100, 15720, 21, 57005, 57005
100, 15730, 21, 57005, 57005
100, 15740, 21, 57005, 57005
100, 15750, 21, 57005, 57005
100, 15760, 21, 57005, 57005
100, 15770, 21, 57005, 57005
100, 15780, 21, 57005, 57005
100, 15790, 21, 57005, 57005
100, 15800, 21, 57005, 57005
100, 15810, 21, 57005, 57005
100, 15820, 21, 57005, 57005
100, 15830, 21, 57005, 57005
100, 15840, 21, 56996, 56996
100, 15850, 21, 56996, 56996
100, 15860, 21, 56996, 56996
100, 15870, 21, 56996, 56996
100, 15880, 21, 56996, 56996
100, 15890, 21, 56996, 56996
100, 15900, 21, 56996, 56996
100, 15910, 21, 56996, 56996
100, 15920, 21, 56996, 56996
100, 15930, 21, 56996, 56996
100, 15940, 21, 56996, 56996
100, 15950, 21, 56996, 56996
100, 15960, 21, 56996, 56996
100, 15970, 21, 56996, 56996
100, 15980, 21, 56996, 56996
100, 15990, 21, 56996, 56996
100, 16000, 21, 56796, 56796
100, 16010, 21, 56796, 56796
100, 16020, 21, 56796, 56796
100, 16030, 21, 56796, 56796
100, 16040, 21, 56796, 56796
100, 16050, 21, 56796, 56796
100, 16060, 21, 56796, 56796
100, 16070, 21, 56796, 56796
100, 16080, 21, 56796, 56796
100, 16090, 21, 56796, 56796
100, 16100, 21, 56796, 56796
100, 16110, 21, 56796, 56796
100, 16120, 21, 56796, 56796
100, 16130, 21, 56796, 56796
100, 16140, 21, 56796, 56796
100, 16150, 21, 56796, 56796
100, 16160, 21, 56796, 56796
100, 16170, 21, 56796, 56796
100, 16180, 21, 56796, 56796
100, 16190, 21, 56796, 56796
100, 16200, 21, 56796, 56796
100, 16210, 21, 56796, 56796
100, 16220, 21, 56796, 56796
100, 16230, 21, 56796, 56796
100, 16240, 21, 56796, 56796
100, 16250, 21, 56796, 56796
100, 16260, 21, 56696, 56696
100, 16270, 21, 56696, 56696
100, 16280, 21, 56696, 56696
100, 16290, 21, 56696, 56696
100, 16300, 21, 56696, 56696
100, 16310, 21, 56696, 56696
100, 16320, 21, 56696, 56696
100, 16330, 21, 56696, 56696
100, 16340, 21, 56696, 56696
100, 16350, 21, 56696, 56696
100, 16360, 21, 56696, 56696
100, 16370, 21, 56696, 56696
100, 16380, 21, 56696, 56696
100, 16390, 21, 56696, 56696
100, 16400, 21, 56696, 56696
100, 16410, 21, 56696, 56696
100, 16420, 21, 56696, 56696
100, 16430, 21, 56696, 56696
100, 16440, 21, 56696, 56696
100, 16450, 21, 56696, 56696
100, 16460, 21, 56696, 56696
100, 16470, 21, 56696, 56696
100, 16480, 21, 56696, 56696
100, 16490, 21, 56696, 56696
100, 16500, 21, 56696, 56696
100, 16510, 21, 56696, 56696
100, 16520, 21, 56696, 56696
100, 16530, 21, 56696, 56696
100, 16540, 21, 56696, 56696
100, 16550, 21, 56696, 56696
100, 16560, 21, 56696, 56696
100, 16570, 21, 56696, 56696
100, 16580, 21, 56676, 56696
100, 16590, 21, 56676, 56676
100, 16600, 21, 56676, 56676
100, 16610, 21, 56676, 56676
100, 16620, 21, 56676, 56676
100, 16630, 21, 56676, 56676
100, 16640, 21, 56676, 56676
100, 16650, 21, 56676, 56676
100, 16660, 21, 56676, 56676
100, 16670, 21, 56676, 56676
100, 16680, 21, 56676, 56676
100, 16690, 21, 56676, 56676
100, 16700, 21, 56676, 56676
100, 16710, 21, 56676, 56676
100, 16720, 21, 56676, 56676
100, 16730, 21, 56676, 56676
100, 16740, 21, 56676, 56676
100, 16750, 21, 56676, 56676
100, 16760, 21, 56676, 56676
100, 16770, 21, 56676, 56676
100, 16780, 21, 56676, 56676
100, 16790, 21, 56676, 56676
100, 16800, 21, 56676, 56676
100, 16810, 21, 56676, 56676
100, 16820, 21, 56676, 56676
100, 16830, 21, 56676, 56676
100, 16840, 21, 56676, 56676
100, 16850, 21, 56676, 56676
100, 16860, 21, 56676, 56676
100, 16870, 21, 56676, 56676
100, 16880, 21, 56676, 56676
100, 16890, 21, 56676, 56676
100, 16900, 21, 56676, 56676
100, 16910, 21, 56676, 56676
100, 16920, 21, 56676, 56676
100, 16930, 21, 56676, 56676
100, 16940, 21, 56676, 56676
100, 16950, 21, 56676, 56676
100, 16960, 21, 56676, 56676
100, 16970, 21, 56676, 56676
100, 16980, 21, 56676, 56676
100, 16990, 21, 56676, 56676
100, 17000, 21, 56676, 56676
100, 17010, 21, 56676, 56676
100, 17020, 21, 56676, 56676
100, 17030, 21, 56676, 56676
100, 17040, 21, 56676, 56676
100, 17050, 21, 56676, 56676
100, 17060, 21, 56676, 56676
100, 17070, 21, 56676, 56676
100, 17080, 21, 56676, 56676
100, 17090, 21, 56676, 56676
100, 17100, 21, 56676, 56676
100, 17110, 21, 56676, 56676
100, 17120, 21, 56676, 56676
100, 17130, 21, 56676, 56676
100, 17140, 21, 56676, 56676
100, 17150, 21, 56676, 56676
100, 17160, 21, 56676, 56676
100, 17170, 21, 56676, 56676
100, 17180, 21, 56676, 56676
100, 17190, 21, 56676, 56676
100, 17200, 21, 56676, 56676
100, 17210, 21, 56676, 56676
100, 17220, 21, 56676, 56676
100, 17230, 21, 56676, 56676
100, 17240, 21, 56676, 56676
100, 17250, 21, 56480, 56480
100, 17260, 21, 56480, 56480
100, 17270, 21, 56480, 56480
100, 17280, 21, 56480, 56480
100, 17290, 21, 56480, 56480
100, 17300, 21, 56480, 56480
100, 17310, 21, 56480, 56480
100, 17320, 21, 56480, 56480
100, 17330, 21, 56480, 56480
100, 17340, 21, 56480, 56480
100, 17350, 21, 56480, 56480
100, 17360, 21, 56480, 56480
100, 17370, 21, 56480, 56480
100, 17380, 21, 56480, 56480
100, 17390, 21, 56480, 56480
100, 17400, 21, 56480, 56480
100, 17410, 21, 56438, 56480
100, 17420, 21, 56438, 56438
100, 17430, 21, 56438, 56438
100, 17440, 21, 56438, 56438
100, 17450, 21, 56438, 56438
100, 17460, 21, 56438, 56438
100, 17470, 21, 56438, 56438
100, 17480, 21, 56438, 56438
100, 17490, 21, 56438, 56438
100, 17500, 21, 56438, 56438
100, 17510, 21, 56438, 56438
100, 17520, 21, 56438, 56438
100, 17530, 21, 56438, 56438
100, 17540, 21, 56438, 56438
100, 17550, 21, 56438, 56438
100, 17560, 21, 56438, 56438
100, 17570, 21, 56438, 56438
100, 17580, 21, 56438, 56438
100, 17590, 21, 56438, 56438
100, 17600, 21, 56438, 56438
100, 17610, 21, 56438, 56438
100, 17620, 21, 56438, 56438
100, 17630, 21, 56438, 56438
100, 17640, 21, 56438, 56438
100, 17650, 21, 56384, 56438
100, 17660, 21, 56384, 56384
100, 17670, 21, 56384, 56384
100, 17680, 21, 56384, 56384
100, 17690, 21, 56384, 56384
100, 17700, 21, 56384, 56384
100, 17710, 21, 56384, 56384
100, 17720, 21, 56384, 56384
100, 17730, 21, 56384, 56384
100, 17740, 21, 56384, 56384
100, 17750, 21, 56384, 56384
100, 17760, 21, 56384, 56384
100, 17770, 21, 56384, 56384
100, 17780, 21, 56384, 56384
100, 17790, 21, 56384, 56384
100, 17800, 21, 56384, 56384
100, 17810, 21, 56384, 56384
100, 17820, 21, 56384, 56384
100, 17830, 21, 56384, 56384
100, 17840, 21, 56384, 56384
100, 17850, 21, 56384, 56384
100, 17860, 21, 56384, 56384
100, 17870, 21, 56384, 56384
100, 17880, 21, 56384, 56384
100, 17890, 21, 56384, 56384
100, 17900, 21, 56384, 56384
100, 17910, 21, 56384, 56384
100, 17920, 21, 56384, 56384
100, 17930, 21, 56384, 56384
100, 17940, 21, 56384, 56384
100, 17950, 21, 56384, 56384
100, 17960, 21, 56326, 56384
100, 17970, 21, 56326, 56326
100, 17980, 21, 56326, 56326
100, 17990, 21, 56326, 56326
100, 18000, 21, 56326, 56326
100, 18010, 21, 56257, 56257
100, 18020, 21, 56257, 56257
100, 18030, 21, 56257, 56257
100, 18040, 21, 56257, 56257
100, 18050, 21, 56257, 56257
100, 18060, 21, 56257, 56257
100, 18070, 21, 56257, 56257
100, 18080, 21, 56257, 56257
100, 18090, 21, 56257, 56257
100, 18100, 21, 56257, 56257
100, 18110, 21, 56257, 56257
100, 18120, 21, 56257, 56257
100, 18130, 21, 56257, 56257
100, 18140, 21, 56257, 56257
100, 18150, 21, 56257, 56257
100, 18160, 21, 56257, 56257
100, 18170, 21, 56257, 56257
100, 18180, 21, 56257, 56257
100, 18190, 21, 56257, 56257
100, 18200, 21, 56257, 56257
100, 18210, 21, 56257, 56257
100, 18220, 21, 56257, 56257
100, 18230, 21, 56257, 56257
100, 18240, 21, 56257, 56257
100, 18250, 21, 56257, 56257
100, 18260, 21, 56257, 56257
100, 18270, 21, 56257, 56257
100, 18280, 21, 56257, 56257
100, 18290, 21, 56257, 56257
100, 18300, 21, 56257, 56257
100, 18310, 21, 56257, 56257
100, 18320, 21, 56257, 56257
100, 18330, 21, 56257, 56257
100, 18340, 21, 56257, 56257
100, 18350, 21, 56257, 56257
100, 18360, 21, 56257, 56257
100, 18370, 21, 56257, 56257
100, 18380, 21, 56257, 56257
100, 18390, 21, 56254, 56257
100, 18400, 21, 56254, 56254
100, 18410, 21, 56254, 56254
100, 18420, 21, 56254, 56254
100, 18430, 21, 56254, 56254
100, 18440, 21, 56254, 56254
100, 18450, 21, 56254, 56254
100, 18460, 21, 56254, 56254
100, 18470, 21, 56254, 56254
100, 18480, 21, 56254, 56254
100, 18490, 21, 56254, 56254
100, 18500, 21, 56254, 56254
100, 18510, 21, 56254, 56254
100, 18520, 21, 56254, 56254
100, 18530, 21, 56254, 56254
100, 18540, 21, 56254, 56254
100, 18550, 21, 56254, 56254
100, 18560, 21, 56254, 56254
100, 18570, 21, 56254, 56254
100, 18580, 21, 56254, 56254
100, 18590, 21, 56254, 56254
100, 18600, 21, 56254, 56254
100, 18610, 21, 56254, 56254
100, 18620, 21, 56254, 56254
100, 18630, 21, 56254, 56254
100, 18640, 21, 56254, 56254
100, 18650, 21, 56254, 56254
100, 18660, 21, 56254, 56254
100, 18670, 21, 56254, 56254
100, 18680, 21, 56254, 56254
100, 18690, 21, 56254, 56254
100, 18700, 21, 56254, 56254
100, 18710, 21, 56254, 56254
100, 18720, 21, 56254, 56254
100, 18730, 21, 56254, 56254
100, 18740, 21, 56254, 56254
100, 18750, 21, 56254, 56254
100, 18760, 21, 56254, 56254
100, 18770, 21, 56254, 56254
100, 18780, 21, 56254, 56254
100, 18790, 21, 56238, 56254
100, 18800, 21, 56238, 56238
100, 18810, 21, 56238, 56238
100, 18820, 21, 56238, 56238
100, 18830, 21, 56238, 56238
100, 18840, 21, 56238, 56238
100, 18850, 21, 56238, 56238
100, 18860, 21, 56238, 56238
100, 18870, 21, 56238, 56238
100, 18880, 21, 56238, 56238
100, 18890, 21, 56238, 56238
100, 18900, 21, 56238, 56238
100, 18910, 21, 56238, 56238
100, 18920, 21, 56238, 56238
100, 18930, 21, 56238, 56238
100, 18940, 21, 56238, 56238
100, 18950, 21, 56238, 56238
100, 18960, 21, 56238, 56238
100, 18970, 21, 56238, 56238
100, 18980, 21, 56238, 56238
100, 18990, 21, 56238, 56238
100, 19000, 21, 56238, 56238
100, 19010, 21, 56238, 56238
100, 19020, 21, 56238, 56238
100, 19030, 21, 56238, 56238
100, 19040, 21, 56238, 56238
100, 19050, 21, 56238, 56238
100, 19060, 21, 56238, 56238
100, 19070, 21, 56238, 56238
100, 19080, 21, 56238, 56238
100, 19090, 21, 56238, 56238
100, 19100, 21, 56238, 56238
100, 19110, 21, 56238, 56238
100, 19120, 21, 56238, 56238
100, 19130, 21, 56238, 56238
100, 19140, 21, 56238, 56238
100, 19150, 21, 56238, 56238
100, 19160, 21, 56238, 56238
100, 19170, 21, 56238, 56238
100, 19180, 21, 56238, 56238
100, 19190, 21, 56238, 56238
100, 19200, 21, 56238, 56238
100, 19210, 21, 56238, 56238
100, 19220, 21, 56238, 56238
100, 19230, 21, 56238, 56238
100, 19240, 21, 56238, 56238
100, 19250, 21, 56238, 56238
100, 19260, 21, 56238, 56238
100, 19270, 21, 56238, 56238
100, 19280, 21, 56238, 56238
100, 19290, 21, 56238, 56238
100, 19300, 21, 56238, 56238
100, 19310, 21, 56238, 56238
100, 19320, 21, 56238, 56238
100, 19330, 21, 56238, 56238
100, 19340, 21, 56238, 56238
100, 19350, 21, 56238, 56238
100, 19360, 21, 56238, 56238
100, 19370, 21, 56238, 56238
100, 19380, 21, 56238, 56238
100, 19390, 21, 56238, 56238
100, 19400, 21, 56238, 56238
100, 19410, 21, 56238, 56238
100, 19420, 21, 56238, 56238
100, 19430, 21, 56238, 56238
100, 19440, 21, 56238, 56238
100, 19450, 21, 56238, 56238
100, 19460, 21, 56238, 56238
100, 19470, 21, 56238, 56238
100, 19480, 21, 56238, 56238
100, 19490, 21, 56238, 56238
100, 19500, 21, 56238, 56238
100, 19510, 21, 56238, 56238
100, 19520, 21, 56238, 56238
100, 19530, 21, 56238, 56238
100, 19540, 21, 56238, 56238
100, 19550, 21, 56238, 56238
100, 19560, 21, 56238, 56238
100, 19570, 21, 56238, 56238
100, 19580, 21, 56238, 56238
100, 19590, 21, 56238, 56238
100, 19600, 21, 56238, 56238
100, 19610, 21, 56238, 56238
100, 19620, 21, 56238, 56238
100, 19630, 21, 56238, 56238
100, 19640, 21, 56238, 56238
100, 19650, 21, 56238, 56238
100, 19660, 21, 56238, 56238
100, 19670, 21, 56238, 56238
100, 19680, 21, 56238, 56238
100, 19690, 21, 56238, 56238
100, 19700, 21, 56238, 56238
100, 19710, 21, 56238, 56238
100, 19720, 21, 56238, 56238
100, 19730, 21, 56238, 56238
100, 19740, 21, 56238, 56238
100, 19750, 21, 56238, 56238
100, 19760, 21, 56238, 56238
100, 19770, 21, 56238, 56238
100, 19780, 21, 56238, 56238
100, 19790, 21, 56238, 56238
100, 19800, 21, 56238, 56238
100, 19810, 21, 56238, 56238
100, 19820, 21, 56238, 56238
100, 19830, 21, 56238, 56238
100, 19840, 21, 56238, 56238
100, 19850, 21, 56238, 56238
100, 19860, 21, 56238, 56238
100, 19870, 21, 56238, 56238
100, 19880, 21, 56238, 56238
100, 19890, 21, 56238, 56238
100, 19900, 21, 56238, 56238
100, 19910, 21, 56238, 56238
100, 19920, 21, 56238, 56238
100, 19930, 21, 56238, 56238
100, 19940, 21, 56238, 56238
100, 19950, 21, 56238, 56238
100, 19960, 21, 56238, 56238
100, 19970, 21, 56238, 56238
100, 19980, 21, 56238, 56238
100, 19990, 21, 56238, 56238
