Population Size, Generation Count, Repetition, Best Fitness, Median Fitness
100, 0, 9, 736805, 770765
100, 10, 9, 703760, 710208
100, 20, 9, 679242, 688488
100, 30, 9, 643535, 651184
100, 40, 9, 624915, 631769
100, 50, 9, 605686, 611843
100, 60, 9, 586617, 595988
100, 70, 9, 572276, 579551
100, 80, 9, 558486, 564456
100, 90, 9, 549146, 554952
100, 100, 9, 537282, 543226
100, 110, 9, 528757, 532810
100, 120, 9, 519371, 523141
100, 130, 9, 509416, 515264
100, 140, 9, 497104, 503247
100, 150, 9, 490301, 495933
100, 160, 9, 484696, 489132
100, 170, 9, 474914, 480062
100, 180, 9, 464264, 471377
100, 190, 9, 459037, 463024
100, 200, 9, 452361, 457293
100, 210, 9, 446724, 450531
100, 220, 9, 439281, 446468
100, 230, 9, 434246, 437477
100, 240, 9, 427663, 432717
100, 250, 9, 423488, 426447
100, 260, 9, 418743, 421961
100, 270, 9, 413728, 417582
100, 280, 9, 409287, 413022
100, 290, 9, 404842, 407871
100, 300, 9, 397772, 403040
100, 310, 9, 393820, 396879
100, 320, 9, 389984, 392679
100, 330, 9, 382713, 389550
100, 340, 9, 376675, 383035
100, 350, 9, 374092, 377585
100, 360, 9, 367971, 373188
100, 370, 9, 365784, 369209
100, 380, 9, 362262, 365349
100, 390, 9, 356931, 362063
100, 400, 9, 354073, 357879
100, 410, 9, 351798, 354977
100, 420, 9, 348100, 352297
100, 430, 9, 342707, 348112
100, 440, 9, 339282, 343741
100, 450, 9, 336342, 341404
100, 460, 9, 330564, 336030
100, 470, 9, 327138, 331712
100, 480, 9, 322837, 325852
100, 490, 9, 320465, 322771
100, 500, 9, 316258, 320057
100, 510, 9, 313434, 316440
100, 520, 9, 311324, 315487
100, 530, 9, 307236, 311110
100, 540, 9, 304635, 307417
100, 550, 9, 302662, 305115
100, 560, 9, 301254, 303971
100, 570, 9, 298718, 301100
100, 580, 9, 296090, 298674
100, 590, 9, 292727, 297100
100, 600, 9, 290738, 293981
100, 610, 9, 288144, 291389
100, 620, 9, 285860, 289752
100, 630, 9, 283344, 287010
100, 640, 9, 279784, 283280
100, 650, 9, 278753, 281717
100, 660, 9, 277450, 281559
100, 670, 9, 274684, 277951
100, 680, 9, 273239, 276710
100, 690, 9, 269736, 273440
100, 700, 9, 268656, 271337
100, 710, 9, 267322, 270384
100, 720, 9, 265254, 268420
100, 730, 9, 263976, 266997
100, 740, 9, 261298, 265225
100, 750, 9, 260517, 263615
100, 760, 9, 257674, 260632
100, 770, 9, 256140, 259013
100, 780, 9, 252608, 255897
100, 790, 9, 251163, 254981
100, 800, 9, 249683, 252743
100, 810, 9, 247534, 251186
100, 820, 9, 246652, 247893
100, 830, 9, 244331, 247538
100, 840, 9, 243501, 246098
100, 850, 9, 241703, 245060
100, 860, 9, 239733, 242256
100, 870, 9, 238397, 241920
100, 880, 9, 237362, 239724
100, 890, 9, 236141, 239190
100, 900, 9, 235590, 238124
100, 910, 9, 233867, 237601
100, 920, 9, 232851, 235287
100, 930, 9, 230807, 234100
100, 940, 9, 230293, 232609
100, 950, 9, 227126, 231306
100, 960, 9, 225145, 228838
100, 970, 9, 223951, 226728
100, 980, 9, 221962, 226641
100, 990, 9, 220956, 224188
100, 1000, 9, 219460, 221810
100, 1010, 9, 217962, 221253
100, 1020, 9, 216139, 219462
100, 1030, 9, 215587, 219080
100, 1040, 9, 213259, 216751
100, 1050, 9, 212040, 215502
100, 1060, 9, 210570, 215314
100, 1070, 9, 209356, 213901
100, 1080, 9, 208243, 210593
100, 1090, 9, 206607, 210181
100, 1100, 9, 205952, 209535
100, 1110, 9, 205558, 208234
100, 1120, 9, 204832, 208343
100, 1130, 9, 203430, 206428
100, 1140, 9, 202204, 205816
100, 1150, 9, 201317, 204915
100, 1160, 9, 200672, 203429
100, 1170, 9, 200053, 202233
100, 1180, 9, 199634, 202502
100, 1190, 9, 199124, 201252
100, 1200, 9, 198378, 200567
100, 1210, 9, 197983, 200824
100, 1220, 9, 197460, 200606
100, 1230, 9, 196832, 199389
100, 1240, 9, 195850, 198398
100, 1250, 9, 195711, 198259
100, 1260, 9, 194376, 196407
100, 1270, 9, 193441, 195504
100, 1280, 9, 192713, 195047
100, 1290, 9, 192382, 194427
100, 1300, 9, 191233, 194033
100, 1310, 9, 190183, 193045
100, 1320, 9, 189385, 192963
100, 1330, 9, 188858, 191732
100, 1340, 9, 187655, 190988
100, 1350, 9, 187486, 189982
100, 1360, 9, 186789, 189617
100, 1370, 9, 185778, 188600
100, 1380, 9, 184916, 187971
100, 1390, 9, 184088, 186247
100, 1400, 9, 183567, 186389
100, 1410, 9, 182554, 185244
100, 1420, 9, 182266, 184715
100, 1430, 9, 180400, 183408
100, 1440, 9, 179881, 181512
100, 1450, 9, 179360, 182439
100, 1460, 9, 178647, 181774
100, 1470, 9, 178391, 180420
100, 1480, 9, 177150, 180495
100, 1490, 9, 176621, 178891
100, 1500, 9, 176250, 178559
100, 1510, 9, 175106, 177231
100, 1520, 9, 173780, 176944
100, 1530, 9, 172858, 174840
100, 1540, 9, 171759, 174616
100, 1550, 9, 170532, 174458
100, 1560, 9, 170033, 173085
100, 1570, 9, 168830, 172236
100, 1580, 9, 168031, 170869
100, 1590, 9, 167668, 170807
100, 1600, 9, 167194, 170452
100, 1610, 9, 166678, 169600
100, 1620, 9, 165762, 169692
100, 1630, 9, 164954, 167474
100, 1640, 9, 163767, 167013
100, 1650, 9, 162930, 165799
100, 1660, 9, 162200, 163336
100, 1670, 9, 161546, 165850
100, 1680, 9, 161296, 163165
100, 1690, 9, 160502, 162905
100, 1700, 9, 159798, 163133
100, 1710, 9, 159307, 162090
100, 1720, 9, 159104, 161792
100, 1730, 9, 157799, 159830
100, 1740, 9, 157710, 160507
100, 1750, 9, 156914, 159366
100, 1760, 9, 155729, 157709
100, 1770, 9, 155230, 157232
100, 1780, 9, 154632, 157604
100, 1790, 9, 154201, 157991
100, 1800, 9, 153818, 155725
100, 1810, 9, 153292, 156791
100, 1820, 9, 152449, 155725
100, 1830, 9, 151741, 154813
100, 1840, 9, 151088, 153620
100, 1850, 9, 150539, 153364
100, 1860, 9, 149760, 153711
100, 1870, 9, 149421, 152243
100, 1880, 9, 149072, 152457
100, 1890, 9, 148614, 151630
100, 1900, 9, 148075, 151017
100, 1910, 9, 147218, 149901
100, 1920, 9, 147053, 149725
100, 1930, 9, 146813, 150852
100, 1940, 9, 146064, 149888
100, 1950, 9, 145709, 147634
100, 1960, 9, 145201, 147915
100, 1970, 9, 144194, 146088
100, 1980, 9, 143968, 146708
100, 1990, 9, 143374, 145607
100, 2000, 9, 142770, 146098
100, 2010, 9, 142083, 144865
100, 2020, 9, 141685, 145336
100, 2030, 9, 141524, 144024
100, 2040, 9, 141221, 142927
100, 2050, 9, 141184, 142630
100, 2060, 9, 140747, 142965
100, 2070, 9, 140391, 142504
100, 2080, 9, 140080, 143266
100, 2090, 9, 139422, 142527
100, 2100, 9, 139204, 142307
100, 2110, 9, 139006, 140980
100, 2120, 9, 138599, 141188
100, 2130, 9, 138112, 140798
100, 2140, 9, 137279, 140237
100, 2150, 9, 137023, 138283
100, 2160, 9, 136234, 139371
100, 2170, 9, 135859, 138338
100, 2180, 9, 135442, 138799
100, 2190, 9, 134091, 137271
100, 2200, 9, 133938, 135619
100, 2210, 9, 133565, 136190
100, 2220, 9, 132659, 135517
100, 2230, 9, 132528, 135388
100, 2240, 9, 132187, 134638
100, 2250, 9, 131999, 133758
100, 2260, 9, 131341, 133844
100, 2270, 9, 131006, 133649
100, 2280, 9, 130543, 133377
100, 2290, 9, 130494, 131757
100, 2300, 9, 129949, 134134
100, 2310, 9, 129708, 132288
100, 2320, 9, 129401, 132728
100, 2330, 9, 129031, 132033
100, 2340, 9, 128662, 131509
100, 2350, 9, 128474, 130814
100, 2360, 9, 128304, 130591
100, 2370, 9, 127894, 130584
100, 2380, 9, 127697, 130368
100, 2390, 9, 127260, 130109
100, 2400, 9, 126983, 129728
100, 2410, 9, 126603, 129533
100, 2420, 9, 125487, 129439
100, 2430, 9, 125295, 127875
100, 2440, 9, 125185, 127435
100, 2450, 9, 125074, 126868
100, 2460, 9, 124889, 127065
100, 2470, 9, 124471, 127063
100, 2480, 9, 124021, 126724
100, 2490, 9, 123967, 125868
100, 2500, 9, 123606, 126100
100, 2510, 9, 123457, 126446
100, 2520, 9, 122812, 125248
100, 2530, 9, 122546, 124384
100, 2540, 9, 122304, 123708
100, 2550, 9, 122179, 125254
100, 2560, 9, 121614, 124023
100, 2570, 9, 121495, 124726
100, 2580, 9, 120803, 122565
100, 2590, 9, 120654, 123926
100, 2600, 9, 120356, 122802
100, 2610, 9, 119894, 122843
100, 2620, 9, 119516, 123221
100, 2630, 9, 119516, 121754
100, 2640, 9, 119405, 120831
100, 2650, 9, 118479, 121609
100, 2660, 9, 118455, 120867
100, 2670, 9, 118164, 122193
100, 2680, 9, 118096, 120500
100, 2690, 9, 117961, 120031
100, 2700, 9, 117763, 120893
100, 2710, 9, 117200, 119185
100, 2720, 9, 116752, 119703
100, 2730, 9, 116560, 119148
100, 2740, 9, 116361, 118660
100, 2750, 9, 115980, 117812
100, 2760, 9, 115790, 118666
100, 2770, 9, 115790, 118530
100, 2780, 9, 115158, 117380
100, 2790, 9, 115081, 117169
100, 2800, 9, 115081, 116843
100, 2810, 9, 114421, 116665
100, 2820, 9, 114321, 116070
100, 2830, 9, 114105, 117242
100, 2840, 9, 113379, 116019
100, 2850, 9, 113349, 115514
100, 2860, 9, 113327, 115571
100, 2870, 9, 113207, 116516
100, 2880, 9, 112720, 116722
100, 2890, 9, 112614, 114725
100, 2900, 9, 112390, 114602
100, 2910, 9, 112017, 114326
100, 2920, 9, 111835, 114197
100, 2930, 9, 111593, 114932
100, 2940, 9, 111281, 114105
100, 2950, 9, 110760, 112545
100, 2960, 9, 110701, 113485
100, 2970, 9, 110389, 112847
100, 2980, 9, 110389, 112720
100, 2990, 9, 110389, 111550
100, 3000, 9, 110261, 112906
100, 3010, 9, 110017, 112844
100, 3020, 9, 109706, 111909
100, 3030, 9, 109697, 113003
100, 3040, 9, 109646, 111967
100, 3050, 9, 109476, 109993
100, 3060, 9, 109156, 111205
100, 3070, 9, 108768, 111453
100, 3080, 9, 108593, 111310
100, 3090, 9, 108398, 112321
100, 3100, 9, 108135, 110429
100, 3110, 9, 108058, 111356
100, 3120, 9, 107923, 109078
100, 3130, 9, 107659, 109560
100, 3140, 9, 107375, 110240
100, 3150, 9, 107233, 110323
100, 3160, 9, 106788, 109242
100, 3170, 9, 106006, 107121
100, 3180, 9, 105841, 108477
100, 3190, 9, 105660, 108139
100, 3200, 9, 105442, 106278
100, 3210, 9, 104716, 106971
100, 3220, 9, 104603, 105272
100, 3230, 9, 104419, 106443
100, 3240, 9, 104154, 106287
100, 3250, 9, 104061, 106246
100, 3260, 9, 103938, 104459
100, 3270, 9, 103571, 104755
100, 3280, 9, 103375, 105040
100, 3290, 9, 103175, 106311
100, 3300, 9, 103057, 104667
100, 3310, 9, 102857, 104983
100, 3320, 9, 102380, 103426
100, 3330, 9, 102264, 104958
100, 3340, 9, 102262, 105181
100, 3350, 9, 102082, 104764
100, 3360, 9, 102082, 102983
100, 3370, 9, 101835, 105983
100, 3380, 9, 101639, 103233
100, 3390, 9, 101425, 103724
100, 3400, 9, 100956, 103605
100, 3410, 9, 100505, 101909
100, 3420, 9, 100505, 101168
100, 3430, 9, 100243, 103844
100, 3440, 9, 99852, 101656
100, 3450, 9, 99595, 101650
100, 3460, 9, 99367, 101795
100, 3470, 9, 99109, 100952
100, 3480, 9, 98927, 101334
100, 3490, 9, 98830, 100695
100, 3500, 9, 98749, 100418
100, 3510, 9, 98671, 100912
100, 3520, 9, 98542, 101200
100, 3530, 9, 98504, 100563
100, 3540, 9, 98145, 100922
100, 3550, 9, 98054, 100040
100, 3560, 9, 98054, 100453
100, 3570, 9, 98054, 100401
100, 3580, 9, 97945, 100074
100, 3590, 9, 97644, 99593
100, 3600, 9, 97339, 99104
100, 3610, 9, 97185, 99742
100, 3620, 9, 96751, 98952
100, 3630, 9, 96751, 96751
100, 3640, 9, 96680, 96751
100, 3650, 9, 96492, 98511
100, 3660, 9, 96492, 98468
100, 3670, 9, 96241, 98197
100, 3680, 9, 96224, 98970
100, 3690, 9, 96085, 97948
100, 3700, 9, 95943, 98236
100, 3710, 9, 95885, 98829
100, 3720, 9, 95606, 97756
100, 3730, 9, 95484, 96736
100, 3740, 9, 95336, 97667
100, 3750, 9, 95336, 96994
100, 3760, 9, 95336, 96643
100, 3770, 9, 95155, 97220
100, 3780, 9, 94989, 96634
100, 3790, 9, 94989, 97361
100, 3800, 9, 94942, 97281
100, 3810, 9, 94756, 96832
100, 3820, 9, 94698, 95479
100, 3830, 9, 94426, 97079
100, 3840, 9, 94223, 96364
100, 3850, 9, 93526, 94942
100, 3860, 9, 93349, 94407
100, 3870, 9, 93204, 95568
100, 3880, 9, 92881, 96143
100, 3890, 9, 92554, 95135
100, 3900, 9, 91977, 94804
100, 3910, 9, 91977, 92935
100, 3920, 9, 91915, 94099
100, 3930, 9, 91784, 94035
100, 3940, 9, 91701, 94444
100, 3950, 9, 91625, 91701
100, 3960, 9, 91625, 92694
100, 3970, 9, 91542, 94447
100, 3980, 9, 91385, 93819
100, 3990, 9, 91342, 93057
100, 4000, 9, 91183, 93193
100, 4010, 9, 90963, 92390
100, 4020, 9, 90963, 91427
100, 4030, 9, 90839, 93249
100, 4040, 9, 90839, 92367
100, 4050, 9, 90839, 92983
100, 4060, 9, 90740, 93345
100, 4070, 9, 90423, 91764
100, 4080, 9, 90423, 91828
100, 4090, 9, 90338, 92686
100, 4100, 9, 90338, 92123
100, 4110, 9, 90338, 93145
100, 4120, 9, 90338, 91845
100, 4130, 9, 90335, 91587
100, 4140, 9, 89980, 92499
100, 4150, 9, 89949, 92449
100, 4160, 9, 89893, 92025
100, 4170, 9, 89495, 90813
100, 4180, 9, 89330, 90763
100, 4190, 9, 89112, 91390
100, 4200, 9, 89048, 90830
100, 4210, 9, 88827, 91045
100, 4220, 9, 88827, 90605
100, 4230, 9, 88807, 90597
100, 4240, 9, 88807, 91380
100, 4250, 9, 88807, 90532
100, 4260, 9, 88412, 89620
100, 4270, 9, 88412, 90604
100, 4280, 9, 88327, 90891
100, 4290, 9, 88119, 89904
100, 4300, 9, 88119, 90272
100, 4310, 9, 88088, 90326
100, 4320, 9, 88088, 89253
100, 4330, 9, 87947, 90353
100, 4340, 9, 87776, 89322
100, 4350, 9, 87619, 89692
100, 4360, 9, 87619, 88647
100, 4370, 9, 87562, 89362
100, 4380, 9, 87505, 89505
100, 4390, 9, 87187, 89257
100, 4400, 9, 86884, 89773
100, 4410, 9, 86743, 89532
100, 4420, 9, 86519, 87863
100, 4430, 9, 86398, 87937
100, 4440, 9, 86302, 88403
100, 4450, 9, 86132, 88371
100, 4460, 9, 86048, 87933
100, 4470, 9, 85988, 87057
100, 4480, 9, 85930, 86950
100, 4490, 9, 85930, 88255
100, 4500, 9, 85706, 87170
100, 4510, 9, 85706, 87129
100, 4520, 9, 85550, 86175
100, 4530, 9, 85262, 87965
100, 4540, 9, 85129, 87323
100, 4550, 9, 84918, 86144
100, 4560, 9, 84918, 87006
100, 4570, 9, 84818, 86911
100, 4580, 9, 84818, 87784
100, 4590, 9, 84818, 86782
100, 4600, 9, 84818, 84987
100, 4610, 9, 84735, 87579
100, 4620, 9, 84735, 88245
100, 4630, 9, 84651, 86031
100, 4640, 9, 84651, 85872
100, 4650, 9, 84516, 86847
100, 4660, 9, 84516, 86333
100, 4670, 9, 84516, 86411
100, 4680, 9, 84234, 85153
100, 4690, 9, 84224, 85643
100, 4700, 9, 83903, 86753
100, 4710, 9, 83820, 85256
100, 4720, 9, 83681, 85196
100, 4730, 9, 83394, 84578
100, 4740, 9, 83177, 85822
100, 4750, 9, 83177, 85182
100, 4760, 9, 83014, 84819
100, 4770, 9, 82986, 84281
100, 4780, 9, 82866, 83571
100, 4790, 9, 82774, 85243
100, 4800, 9, 82763, 83331
100, 4810, 9, 82763, 85146
100, 4820, 9, 82540, 84207
100, 4830, 9, 82484, 84558
100, 4840, 9, 82425, 83873
100, 4850, 9, 82370, 82904
100, 4860, 9, 82158, 84982
100, 4870, 9, 82092, 82502
100, 4880, 9, 81968, 84472
100, 4890, 9, 81945, 82751
100, 4900, 9, 81945, 83540
100, 4910, 9, 81788, 84229
100, 4920, 9, 81723, 82867
100, 4930, 9, 81623, 83719
100, 4940, 9, 81507, 82630
100, 4950, 9, 81507, 81507
100, 4960, 9, 81507, 82649
100, 4970, 9, 81507, 82226
100, 4980, 9, 81507, 82107
100, 4990, 9, 81399, 83999
100, 5000, 9, 81318, 83159
100, 5010, 9, 81219, 83297
100, 5020, 9, 81219, 83430
100, 5030, 9, 81219, 83267
100, 5040, 9, 81219, 82757
100, 5050, 9, 81160, 83670
100, 5060, 9, 81125, 83339
100, 5070, 9, 81125, 83191
100, 5080, 9, 80745, 83218
100, 5090, 9, 80662, 82567
100, 5100, 9, 80630, 83023
100, 5110, 9, 80495, 80547
100, 5120, 9, 80495, 83077
100, 5130, 9, 80444, 82945
100, 5140, 9, 80444, 82111
100, 5150, 9, 80444, 82156
100, 5160, 9, 80426, 80617
100, 5170, 9, 80426, 81315
100, 5180, 9, 80382, 82390
100, 5190, 9, 80323, 83235
100, 5200, 9, 80323, 81742
100, 5210, 9, 80240, 80323
100, 5220, 9, 80097, 81435
100, 5230, 9, 80097, 81889
100, 5240, 9, 79535, 80097
100, 5250, 9, 79502, 82355
100, 5260, 9, 79323, 79502
100, 5270, 9, 79065, 79323
100, 5280, 9, 78891, 81179
100, 5290, 9, 78781, 80296
100, 5300, 9, 78709, 80786
100, 5310, 9, 78626, 80917
100, 5320, 9, 78567, 79540
100, 5330, 9, 78567, 80708
100, 5340, 9, 78399, 80300
100, 5350, 9, 78359, 79721
100, 5360, 9, 78359, 80991
100, 5370, 9, 78301, 80954
100, 5380, 9, 78279, 78301
100, 5390, 9, 78279, 80520
100, 5400, 9, 78238, 79568
100, 5410, 9, 78179, 78660
100, 5420, 9, 78004, 79950
100, 5430, 9, 78004, 79602
100, 5440, 9, 78004, 80522
100, 5450, 9, 77897, 80191
100, 5460, 9, 77887, 79851
100, 5470, 9, 77887, 80836
100, 5480, 9, 77870, 79516
100, 5490, 9, 77683, 80107
100, 5500, 9, 77665, 78296
100, 5510, 9, 77599, 79118
100, 5520, 9, 77570, 78175
100, 5530, 9, 77570, 78847
100, 5540, 9, 77505, 78837
100, 5550, 9, 77505, 78549
100, 5560, 9, 77364, 78224
100, 5570, 9, 77280, 78225
100, 5580, 9, 77187, 77657
100, 5590, 9, 77187, 79220
100, 5600, 9, 77162, 78661
100, 5610, 9, 77162, 79628
100, 5620, 9, 77162, 79263
100, 5630, 9, 77162, 78899
100, 5640, 9, 76922, 79495
100, 5650, 9, 76796, 77918
100, 5660, 9, 76737, 79481
100, 5670, 9, 76734, 76937
100, 5680, 9, 76696, 77144
100, 5690, 9, 76696, 77667
100, 5700, 9, 76696, 77506
100, 5710, 9, 76640, 77126
100, 5720, 9, 76608, 77136
100, 5730, 9, 76435, 77767
100, 5740, 9, 76336, 76435
100, 5750, 9, 76170, 78857
100, 5760, 9, 76129, 77116
100, 5770, 9, 76057, 78876
100, 5780, 9, 75999, 76057
100, 5790, 9, 75680, 77722
100, 5800, 9, 75680, 75680
100, 5810, 9, 75680, 76857
100, 5820, 9, 75622, 76783
100, 5830, 9, 75622, 77203
100, 5840, 9, 75402, 76868
100, 5850, 9, 75402, 76919
100, 5860, 9, 75402, 75402
100, 5870, 9, 75373, 77108
100, 5880, 9, 74973, 75779
100, 5890, 9, 74973, 75373
100, 5900, 9, 74973, 74973
100, 5910, 9, 74973, 77323
100, 5920, 9, 74949, 75161
100, 5930, 9, 74949, 76414
100, 5940, 9, 74866, 77352
100, 5950, 9, 74866, 75550
100, 5960, 9, 74866, 75482
100, 5970, 9, 74750, 75960
100, 5980, 9, 74750, 75427
100, 5990, 9, 74750, 77365
100, 6000, 9, 74730, 74730
100, 6010, 9, 74730, 75874
100, 6020, 9, 74692, 75919
100, 6030, 9, 74692, 76577
100, 6040, 9, 74692, 75792
100, 6050, 9, 74609, 75584
100, 6060, 9, 74609, 75009
100, 6070, 9, 74609, 75835
100, 6080, 9, 74609, 76229
100, 6090, 9, 74609, 76312
100, 6100, 9, 74609, 75449
100, 6110, 9, 74554, 74970
100, 6120, 9, 74554, 77094
100, 6130, 9, 74554, 76395
100, 6140, 9, 74352, 74554
100, 6150, 9, 74224, 76357
100, 6160, 9, 74224, 74224
100, 6170, 9, 74224, 75789
100, 6180, 9, 74224, 74539
100, 6190, 9, 74211, 76064
100, 6200, 9, 73983, 75411
100, 6210, 9, 73925, 73983
100, 6220, 9, 73925, 75590
100, 6230, 9, 73925, 75483
100, 6240, 9, 73925, 74920
100, 6250, 9, 73925, 75888
100, 6260, 9, 73925, 73925
100, 6270, 9, 73925, 75657
100, 6280, 9, 73877, 76985
100, 6290, 9, 73877, 76222
100, 6300, 9, 73877, 73877
100, 6310, 9, 73802, 75342
100, 6320, 9, 73732, 75794
100, 6330, 9, 73712, 73732
100, 6340, 9, 73712, 74574
100, 6350, 9, 73712, 73712
100, 6360, 9, 73712, 73712
100, 6370, 9, 73688, 74590
100, 6380, 9, 73685, 74775
100, 6390, 9, 73685, 74511
100, 6400, 9, 73685, 74767
100, 6410, 9, 73657, 74698
100, 6420, 9, 73657, 74556
100, 6430, 9, 73469, 75887
100, 6440, 9, 73439, 74954
100, 6450, 9, 73311, 74854
100, 6460, 9, 73025, 74573
100, 6470, 9, 73025, 73025
100, 6480, 9, 72995, 73519
100, 6490, 9, 72995, 74176
100, 6500, 9, 72808, 74766
100, 6510, 9, 72648, 73866
100, 6520, 9, 72648, 72817
100, 6530, 9, 72648, 72648
100, 6540, 9, 72648, 74181
100, 6550, 9, 72638, 73902
100, 6560, 9, 72561, 73837
100, 6570, 9, 72561, 73982
100, 6580, 9, 72561, 72561
100, 6590, 9, 72485, 74377
100, 6600, 9, 72485, 73107
100, 6610, 9, 72472, 72485
100, 6620, 9, 72472, 73787
100, 6630, 9, 72472, 72472
100, 6640, 9, 72467, 74734
100, 6650, 9, 72467, 73912
100, 6660, 9, 72467, 73331
100, 6670, 9, 72467, 73923
100, 6680, 9, 72467, 74230
100, 6690, 9, 72467, 73880
100, 6700, 9, 72467, 74370
100, 6710, 9, 72467, 73927
100, 6720, 9, 72450, 73440
100, 6730, 9, 72419, 72450
100, 6740, 9, 72264, 74549
100, 6750, 9, 72151, 72529
100, 6760, 9, 72119, 72701
100, 6770, 9, 72119, 73636
100, 6780, 9, 72119, 73457
100, 6790, 9, 72119, 72719
100, 6800, 9, 72119, 73460
100, 6810, 9, 72021, 72439
100, 6820, 9, 71944, 72771
100, 6830, 9, 71944, 74256
100, 6840, 9, 71849, 71944
100, 6850, 9, 71849, 71849
100, 6860, 9, 71849, 74052
100, 6870, 9, 71834, 74548
100, 6880, 9, 71762, 73685
100, 6890, 9, 71562, 71764
100, 6900, 9, 71562, 71562
100, 6910, 9, 71562, 72751
100, 6920, 9, 71487, 72385
100, 6930, 9, 71487, 72369
100, 6940, 9, 71487, 72711
100, 6950, 9, 71462, 72785
100, 6960, 9, 71462, 73500
100, 6970, 9, 71462, 73960
100, 6980, 9, 71462, 71462
100, 6990, 9, 71400, 73074
100, 7000, 9, 71382, 72809
100, 7010, 9, 71382, 72890
100, 7020, 9, 71382, 72539
100, 7030, 9, 71382, 71382
100, 7040, 9, 71291, 71382
100, 7050, 9, 71291, 72469
100, 7060, 9, 71291, 72291
100, 7070, 9, 71291, 71291
100, 7080, 9, 71291, 71420
100, 7090, 9, 71264, 72664
100, 7100, 9, 71264, 72526
100, 7110, 9, 71264, 71806
100, 7120, 9, 71177, 73170
100, 7130, 9, 71177, 73245
100, 7140, 9, 71177, 72369
100, 7150, 9, 71177, 71819
100, 7160, 9, 71035, 71988
100, 7170, 9, 71035, 71803
100, 7180, 9, 71035, 71035
100, 7190, 9, 70914, 71735
100, 7200, 9, 70778, 72016
100, 7210, 9, 70778, 72702
100, 7220, 9, 70778, 71384
100, 7230, 9, 70718, 72768
100, 7240, 9, 70696, 72512
100, 7250, 9, 70696, 72994
100, 7260, 9, 70696, 70696
100, 7270, 9, 70558, 70696
100, 7280, 9, 70558, 70558
100, 7290, 9, 70558, 71922
100, 7300, 9, 70540, 70834
100, 7310, 9, 70453, 70540
100, 7320, 9, 70232, 72524
100, 7330, 9, 70177, 70961
100, 7340, 9, 70177, 70177
100, 7350, 9, 70177, 70265
100, 7360, 9, 70098, 70495
100, 7370, 9, 70098, 70098
100, 7380, 9, 70098, 70098
100, 7390, 9, 69981, 70098
100, 7400, 9, 69981, 71189
100, 7410, 9, 69771, 71628
100, 7420, 9, 69632, 71321
100, 7430, 9, 69632, 69632
100, 7440, 9, 69632, 69632
100, 7450, 9, 69632, 71920
100, 7460, 9, 69632, 71015
100, 7470, 9, 69632, 72114
100, 7480, 9, 69517, 70932
100, 7490, 9, 69517, 69517
100, 7500, 9, 69510, 70516
100, 7510, 9, 69408, 71169
100, 7520, 9, 69408, 70151
100, 7530, 9, 69379, 70615
100, 7540, 9, 69379, 71238
100, 7550, 9, 69379, 70054
100, 7560, 9, 69120, 70453
100, 7570, 9, 69120, 69120
100, 7580, 9, 69037, 69511
100, 7590, 9, 68919, 70414
100, 7600, 9, 68919, 69399
100, 7610, 9, 68819, 69579
100, 7620, 9, 68819, 68819
100, 7630, 9, 68813, 68813
100, 7640, 9, 68813, 69954
100, 7650, 9, 68631, 69793
100, 7660, 9, 68631, 68631
100, 7670, 9, 68631, 70298
100, 7680, 9, 68631, 69226
100, 7690, 9, 68631, 68784
100, 7700, 9, 68631, 69941
100, 7710, 9, 68631, 68631
100, 7720, 9, 68631, 69902
100, 7730, 9, 68631, 69938
100, 7740, 9, 68631, 69396
100, 7750, 9, 68608, 68631
100, 7760, 9, 68608, 68608
100, 7770, 9, 68608, 69455
100, 7780, 9, 68608, 69869
100, 7790, 9, 68608, 68608
100, 7800, 9, 68608, 68608
100, 7810, 9, 68590, 68608
100, 7820, 9, 68590, 68649
100, 7830, 9, 68383, 69647
100, 7840, 9, 68370, 68837
100, 7850, 9, 68246, 68878
100, 7860, 9, 68246, 68541
100, 7870, 9, 68246, 68246
100, 7880, 9, 68228, 68246
100, 7890, 9, 68203, 70607
100, 7900, 9, 68193, 68203
100, 7910, 9, 68167, 69403
100, 7920, 9, 68167, 68597
100, 7930, 9, 68167, 69380
100, 7940, 9, 68167, 68167
100, 7950, 9, 68167, 70025
100, 7960, 9, 68167, 68167
100, 7970, 9, 68167, 68167
100, 7980, 9, 68167, 68167
100, 7990, 9, 68167, 68931
100, 8000, 9, 68167, 68167
100, 8010, 9, 68167, 70365
100, 8020, 9, 68150, 68641
100, 8030, 9, 68150, 69097
100, 8040, 9, 68008, 68008
100, 8050, 9, 68008, 70045
100, 8060, 9, 68008, 69989
100, 8070, 9, 68008, 68008
100, 8080, 9, 68008, 68008
100, 8090, 9, 68008, 69121
100, 8100, 9, 67967, 69556
100, 8110, 9, 67967, 69139
100, 8120, 9, 67921, 67967
100, 8130, 9, 67746, 69130
100, 8140, 9, 67746, 67746
100, 8150, 9, 67746, 68018
100, 8160, 9, 67746, 69528
100, 8170, 9, 67746, 67746
100, 8180, 9, 67746, 68770
100, 8190, 9, 67746, 68497
100, 8200, 9, 67746, 68876
100, 8210, 9, 67746, 68882
100, 8220, 9, 67746, 69334
100, 8230, 9, 67746, 68808
100, 8240, 9, 67746, 69077
100, 8250, 9, 67746, 68592
100, 8260, 9, 67695, 68462
100, 8270, 9, 67619, 67695
100, 8280, 9, 67619, 69230
100, 8290, 9, 67619, 67619
100, 8300, 9, 67454, 69179
100, 8310, 9, 67454, 67454
100, 8320, 9, 67454, 67454
100, 8330, 9, 67376, 68857
100, 8340, 9, 67376, 67376
100, 8350, 9, 67376, 67376
100, 8360, 9, 67235, 68121
100, 8370, 9, 67191, 67837
100, 8380, 9, 67191, 69116
100, 8390, 9, 67191, 67191
100, 8400, 9, 67191, 67191
100, 8410, 9, 67191, 67191
100, 8420, 9, 67126, 67191
100, 8430, 9, 67126, 69933
100, 8440, 9, 67126, 67126
100, 8450, 9, 67126, 67126
100, 8460, 9, 67126, 67126
100, 8470, 9, 67126, 68807
100, 8480, 9, 67068, 68031
100, 8490, 9, 67068, 67068
100, 8500, 9, 66942, 66942
100, 8510, 9, 66942, 66942
100, 8520, 9, 66883, 67705
100, 8530, 9, 66744, 66883
100, 8540, 9, 66686, 67279
100, 8550, 9, 66686, 66686
100, 8560, 9, 66686, 67347
100, 8570, 9, 66686, 67612
100, 8580, 9, 66686, 66686
100, 8590, 9, 66686, 66686
100, 8600, 9, 66686, 66686
100, 8610, 9, 66686, 68032
100, 8620, 9, 66630, 66630
100, 8630, 9, 66630, 66630
100, 8640, 9, 66630, 66630
100, 8650, 9, 66345, 66630
100, 8660, 9, 66345, 67034
100, 8670, 9, 66345, 68399
100, 8680, 9, 66345, 66345
100, 8690, 9, 66345, 66780
100, 8700, 9, 66345, 66345
100, 8710, 9, 66311, 67800
100, 8720, 9, 66134, 66311
100, 8730, 9, 66134, 66134
100, 8740, 9, 66103, 67443
100, 8750, 9, 66103, 66103
100, 8760, 9, 66103, 66103
100, 8770, 9, 66103, 66103
100, 8780, 9, 66079, 66845
100, 8790, 9, 66079, 67145
100, 8800, 9, 65908, 66079
100, 8810, 9, 65779, 67602
100, 8820, 9, 65779, 65779
100, 8830, 9, 65779, 65779
100, 8840, 9, 65765, 66815
100, 8850, 9, 65643, 65765
100, 8860, 9, 65589, 65643
100, 8870, 9, 65589, 66836
100, 8880, 9, 65589, 66944
100, 8890, 9, 65589, 65589
100, 8900, 9, 65589, 65589
100, 8910, 9, 65571, 66386
100, 8920, 9, 65571, 65571
100, 8930, 9, 65571, 65571
100, 8940, 9, 65571, 65621
100, 8950, 9, 65571, 65571
100, 8960, 9, 65571, 65571
100, 8970, 9, 65571, 65571
100, 8980, 9, 65571, 65571
100, 8990, 9, 65571, 65819
100, 9000, 9, 65571, 65571
100, 9010, 9, 65571, 65983
100, 9020, 9, 65407, 65571
100, 9030, 9, 65407, 65407
100, 9040, 9, 65407, 65407
100, 9050, 9, 65407, 65407
100, 9060, 9, 65407, 66546
100, 9070, 9, 65195, 65407
100, 9080, 9, 65195, 65195
100, 9090, 9, 65195, 65195
100, 9100, 9, 65195, 65195
100, 9110, 9, 65015, 65195
100, 9120, 9, 65015, 65015
100, 9130, 9, 65015, 65015
100, 9140, 9, 65015, 65015
100, 9150, 9, 65015, 65015
100, 9160, 9, 65015, 65986
100, 9170, 9, 65015, 65964
100, 9180, 9, 65015, 65015
100, 9190, 9, 65015, 65015
100, 9200, 9, 65015, 65015
100, 9210, 9, 65015, 65015
100, 9220, 9, 65015, 65015
100, 9230, 9, 64982, 65015
100, 9240, 9, 64982, 65015
100, 9250, 9, 64982, 64982
100, 9260, 9, 64982, 66079
100, 9270, 9, 64982, 64982
100, 9280, 9, 64982, 64982
100, 9290, 9, 64982, 64982
100, 9300, 9, 64982, 64982
100, 9310, 9, 64982, 64982
100, 9320, 9, 64982, 65154
100, 9330, 9, 64982, 64982
100, 9340, 9, 64952, 65189
100, 9350, 9, 64952, 66153
100, 9360, 9, 64951, 66657
100, 9370, 9, 64951, 66148
100, 9380, 9, 64951, 66170
100, 9390, 9, 64931, 64931
100, 9400, 9, 64931, 64931
100, 9410, 9, 64925, 64931
100, 9420, 9, 64925, 65502
100, 9430, 9, 64925, 64925
100, 9440, 9, 64925, 65930
100, 9450, 9, 64884, 64925
100, 9460, 9, 64856, 65284
100, 9470, 9, 64856, 64856
100, 9480, 9, 64856, 64856
100, 9490, 9, 64822, 64856
100, 9500, 9, 64757, 64822
100, 9510, 9, 64757, 64757
100, 9520, 9, 64757, 64757
100, 9530, 9, 64757, 64757
100, 9540, 9, 64615, 64757
100, 9550, 9, 64485, 64615
100, 9560, 9, 64485, 64485
100, 9570, 9, 64349, 64485
100, 9580, 9, 64349, 64349
100, 9590, 9, 64349, 64349
100, 9600, 9, 64349, 64349
100, 9610, 9, 64349, 64349
100, 9620, 9, 64288, 65437
100, 9630, 9, 64180, 64288
100, 9640, 9, 64180, 64180
100, 9650, 9, 64180, 64180
100, 9660, 9, 64180, 64180
100, 9670, 9, 64115, 64180
100, 9680, 9, 64097, 64115
100, 9690, 9, 64052, 64487
100, 9700, 9, 63969, 64052
100, 9710, 9, 63969, 63969
100, 9720, 9, 63912, 63969
100, 9730, 9, 63912, 63912
100, 9740, 9, 63912, 64547
100, 9750, 9, 63829, 63912
100, 9760, 9, 63829, 63829
100, 9770, 9, 63829, 63988
100, 9780, 9, 63829, 64128
100, 9790, 9, 63829, 63829
100, 9800, 9, 63829, 63829
100, 9810, 9, 63829, 63829
100, 9820, 9, 63829, 63829
100, 9830, 9, 63829, 63829
100, 9840, 9, 63807, 63829
100, 9850, 9, 63807, 63807
100, 9860, 9, 63807, 63807
100, 9870, 9, 63807, 63807
100, 9880, 9, 63807, 63807
100, 9890, 9, 63807, 63807
100, 9900, 9, 63807, 63807
100, 9910, 9, 63807, 63807
100, 9920, 9, 63807, 63807
100, 9930, 9, 63807, 65226
100, 9940, 9, 63807, 63807
100, 9950, 9, 63807, 63807
100, 9960, 9, 63807, 63807
100, 9970, 9, 63777, 63807
100, 9980, 9, 63777, 63777
100, 9990, 9, 63636, 64680
100, 10000, 9, 63636, 64768
100, 10010, 9, 63636, 63636
100, 10020, 9, 63594, 64030
100, 10030, 9, 63594, 63594
100, 10040, 9, 63594, 64588
100, 10050, 9, 63594, 63594
100, 10060, 9, 63594, 63594
100, 10070, 9, 63594, 63594
100, 10080, 9, 63594, 63594
100, 10090, 9, 63594, 63594
100, 10100, 9, 63594, 63963
100, 10110, 9, 63594, 63594
100, 10120, 9, 63594, 65091
100, 10130, 9, 63531, 63594
100, 10140, 9, 63531, 63531
100, 10150, 9, 63531, 63531
100, 10160, 9, 63531, 64291
100, 10170, 9, 63517, 63531
100, 10180, 9, 63517, 63517
100, 10190, 9, 63517, 65109
100, 10200, 9, 63517, 63517
100, 10210, 9, 63517, 63517
100, 10220, 9, 63517, 63517
100, 10230, 9, 63517, 63517
100, 10240, 9, 63517, 63517
100, 10250, 9, 63517, 63517
100, 10260, 9, 63517, 63517
100, 10270, 9, 63517, 63517
100, 10280, 9, 63517, 63517
100, 10290, 9, 63517, 63517
100, 10300, 9, 63434, 64225
100, 10310, 9, 63434, 63434
100, 10320, 9, 63434, 63434
100, 10330, 9, 63224, 64297
100, 10340, 9, 63224, 63224
100, 10350, 9, 63224, 63224
100, 10360, 9, 63224, 63224
100, 10370, 9, 63224, 63224
100, 10380, 9, 63224, 63224
100, 10390, 9, 63224, 63224
100, 10400, 9, 63224, 63224
100, 10410, 9, 63224, 63224
100, 10420, 9, 63224, 63224
100, 10430, 9, 63224, 63224
100, 10440, 9, 63121, 63224
100, 10450, 9, 63121, 66339
100, 10460, 9, 63121, 63121
100, 10470, 9, 63121, 63866
100, 10480, 9, 63121, 63121
100, 10490, 9, 63121, 63121
100, 10500, 9, 63121, 63121
100, 10510, 9, 63121, 63121
100, 10520, 9, 63043, 63121
100, 10530, 9, 63043, 63043
100, 10540, 9, 63043, 63043
100, 10550, 9, 62824, 63043
100, 10560, 9, 62824, 62824
100, 10570, 9, 62824, 62824
100, 10580, 9, 62824, 62824
100, 10590, 9, 62824, 62824
100, 10600, 9, 62824, 63952
100, 10610, 9, 62824, 62824
100, 10620, 9, 62824, 62824
100, 10630, 9, 62782, 62824
100, 10640, 9, 62687, 62687
100, 10650, 9, 62687, 62687
100, 10660, 9, 62687, 62687
100, 10670, 9, 62687, 62687
100, 10680, 9, 62687, 62687
100, 10690, 9, 62687, 62687
100, 10700, 9, 62687, 62687
100, 10710, 9, 62687, 62687
100, 10720, 9, 62687, 62687
100, 10730, 9, 62571, 62687
100, 10740, 9, 62571, 62571
100, 10750, 9, 62571, 62571
100, 10760, 9, 62571, 62571
100, 10770, 9, 62571, 62571
100, 10780, 9, 62571, 62571
100, 10790, 9, 62571, 62571
100, 10800, 9, 62571, 62571
100, 10810, 9, 62571, 62571
100, 10820, 9, 61971, 63148
100, 10830, 9, 61955, 61971
100, 10840, 9, 61955, 61955
100, 10850, 9, 61955, 61955
100, 10860, 9, 61955, 61955
100, 10870, 9, 61955, 61955
100, 10880, 9, 61897, 61955
100, 10890, 9, 61897, 61897
100, 10900, 9, 61897, 61897
100, 10910, 9, 61897, 61897
100, 10920, 9, 61897, 61897
100, 10930, 9, 61897, 62100
100, 10940, 9, 61897, 61897
100, 10950, 9, 61897, 61897
100, 10960, 9, 61897, 61897
100, 10970, 9, 61897, 61897
100, 10980, 9, 61897, 61897
100, 10990, 9, 61897, 61897
100, 11000, 9, 61897, 62648
100, 11010, 9, 61897, 61897
100, 11020, 9, 61897, 61897
100, 11030, 9, 61897, 61897
100, 11040, 9, 61897, 62697
100, 11050, 9, 61897, 62409
100, 11060, 9, 61882, 61897
100, 11070, 9, 61882, 61882
100, 11080, 9, 61882, 61882
100, 11090, 9, 61882, 61882
100, 11100, 9, 61882, 61882
100, 11110, 9, 61845, 61845
100, 11120, 9, 61845, 61845
100, 11130, 9, 61845, 62947
100, 11140, 9, 61845, 61845
100, 11150, 9, 61845, 61845
100, 11160, 9, 61845, 61845
100, 11170, 9, 61845, 62106
100, 11180, 9, 61845, 61845
100, 11190, 9, 61845, 61845
100, 11200, 9, 61845, 61845
100, 11210, 9, 61845, 64061
100, 11220, 9, 61845, 61845
100, 11230, 9, 61845, 61845
100, 11240, 9, 61845, 62222
100, 11250, 9, 61845, 61845
100, 11260, 9, 61845, 61845
100, 11270, 9, 61845, 61845
100, 11280, 9, 61845, 61845
100, 11290, 9, 61845, 61845
100, 11300, 9, 61721, 61845
100, 11310, 9, 61721, 61721
100, 11320, 9, 61721, 61721
100, 11330, 9, 61721, 61721
100, 11340, 9, 61721, 61721
100, 11350, 9, 61721, 61721
100, 11360, 9, 61721, 61721
100, 11370, 9, 61721, 61945
100, 11380, 9, 61721, 61721
100, 11390, 9, 61721, 61721
100, 11400, 9, 61721, 61721
100, 11410, 9, 61721, 61721
100, 11420, 9, 61645, 61721
100, 11430, 9, 61645, 61645
100, 11440, 9, 61645, 61645
100, 11450, 9, 61645, 61645
100, 11460, 9, 61645, 61645
100, 11470, 9, 61645, 61645
100, 11480, 9, 61645, 61645
100, 11490, 9, 61645, 61645
100, 11500, 9, 61645, 61645
100, 11510, 9, 61598, 61645
100, 11520, 9, 61598, 61598
100, 11530, 9, 61598, 61598
100, 11540, 9, 61598, 61598
100, 11550, 9, 61598, 61598
100, 11560, 9, 61398, 61598
100, 11570, 9, 61398, 61398
100, 11580, 9, 61398, 61398
100, 11590, 9, 61398, 61398
100, 11600, 9, 61398, 61398
100, 11610, 9, 61398, 61398
100, 11620, 9, 61398, 61398
100, 11630, 9, 61398, 61398
100, 11640, 9, 61398, 61398
100, 11650, 9, 61398, 61398
100, 11660, 9, 61398, 61398
100, 11670, 9, 61398, 62411
100, 11680, 9, 61398, 61398
100, 11690, 9, 61398, 61398
100, 11700, 9, 61373, 61398
100, 11710, 9, 61373, 62174
100, 11720, 9, 61249, 61638
100, 11730, 9, 61249, 61249
100, 11740, 9, 61167, 61249
100, 11750, 9, 61167, 61167
100, 11760, 9, 61167, 61167
100, 11770, 9, 61167, 61167
100, 11780, 9, 61167, 61167
100, 11790, 9, 61167, 61167
100, 11800, 9, 61167, 61167
100, 11810, 9, 61167, 61167
100, 11820, 9, 61167, 61167
100, 11830, 9, 61167, 61167
100, 11840, 9, 61084, 61084
100, 11850, 9, 61084, 61084
100, 11860, 9, 61084, 61084
100, 11870, 9, 61084, 61084
100, 11880, 9, 61084, 61084
100, 11890, 9, 61084, 61084
100, 11900, 9, 61084, 61084
100, 11910, 9, 61084, 61084
100, 11920, 9, 61084, 61084
100, 11930, 9, 61084, 61084
100, 11940, 9, 61084, 61084
100, 11950, 9, 61084, 62558
100, 11960, 9, 61050, 61050
100, 11970, 9, 61050, 61050
100, 11980, 9, 61050, 61050
100, 11990, 9, 61050, 61050
100, 12000, 9, 61050, 61050
100, 12010, 9, 61050, 61050
100, 12020, 9, 61050, 61050
100, 12030, 9, 60999, 60999
100, 12040, 9, 60999, 60999
100, 12050, 9, 60999, 60999
100, 12060, 9, 60860, 60999
100, 12070, 9, 60860, 60860
100, 12080, 9, 60860, 60860
100, 12090, 9, 60860, 60860
100, 12100, 9, 60860, 60860
100, 12110, 9, 60860, 60860
100, 12120, 9, 60860, 60860
100, 12130, 9, 60860, 60860
100, 12140, 9, 60857, 60857
100, 12150, 9, 60857, 60857
100, 12160, 9, 60857, 60857
100, 12170, 9, 60846, 60857
100, 12180, 9, 60846, 60846
100, 12190, 9, 60846, 60846
100, 12200, 9, 60846, 60846
100, 12210, 9, 60846, 60846
100, 12220, 9, 60846, 60846
100, 12230, 9, 60846, 60846
100, 12240, 9, 60846, 60846
100, 12250, 9, 60790, 60846
100, 12260, 9, 60790, 60790
100, 12270, 9, 60790, 60790
100, 12280, 9, 60790, 60790
100, 12290, 9, 60711, 60790
100, 12300, 9, 60711, 60711
100, 12310, 9, 60711, 60711
100, 12320, 9, 60711, 60711
100, 12330, 9, 60711, 60711
100, 12340, 9, 60711, 60711
100, 12350, 9, 60643, 60643
100, 12360, 9, 60643, 60643
100, 12370, 9, 60643, 60643
100, 12380, 9, 60643, 60643
100, 12390, 9, 60643, 60643
100, 12400, 9, 60643, 60643
100, 12410, 9, 60643, 60643
100, 12420, 9, 60643, 60643
100, 12430, 9, 60643, 60643
100, 12440, 9, 60643, 60643
100, 12450, 9, 60643, 60643
100, 12460, 9, 60643, 60643
100, 12470, 9, 60643, 60643
100, 12480, 9, 60643, 60643
100, 12490, 9, 60643, 60643
100, 12500, 9, 60643, 61222
100, 12510, 9, 60643, 60643
100, 12520, 9, 60643, 60643
100, 12530, 9, 60643, 60643
100, 12540, 9, 60639, 60643
100, 12550, 9, 60516, 60639
100, 12560, 9, 60465, 60516
100, 12570, 9, 60465, 60465
100, 12580, 9, 60465, 60465
100, 12590, 9, 60465, 60465
100, 12600, 9, 60465, 60465
100, 12610, 9, 60465, 60465
100, 12620, 9, 60465, 60465
100, 12630, 9, 60465, 60465
100, 12640, 9, 60443, 60465
100, 12650, 9, 60443, 60443
100, 12660, 9, 60443, 60443
100, 12670, 9, 60443, 60443
100, 12680, 9, 60350, 60350
100, 12690, 9, 60350, 60350
100, 12700, 9, 60350, 60350
100, 12710, 9, 60292, 60350
100, 12720, 9, 60292, 60292
100, 12730, 9, 60292, 60292
100, 12740, 9, 60292, 60292
100, 12750, 9, 60292, 60292
100, 12760, 9, 60292, 60292
100, 12770, 9, 60292, 60292
100, 12780, 9, 60242, 60242
100, 12790, 9, 60242, 60242
100, 12800, 9, 60242, 60242
100, 12810, 9, 60242, 60242
100, 12820, 9, 60242, 60242
100, 12830, 9, 60242, 60242
100, 12840, 9, 60242, 60242
100, 12850, 9, 60242, 60242
100, 12860, 9, 60242, 60242
100, 12870, 9, 60242, 60242
100, 12880, 9, 60242, 60242
100, 12890, 9, 60242, 60242
100, 12900, 9, 60242, 60242
100, 12910, 9, 60242, 60242
100, 12920, 9, 60242, 60242
100, 12930, 9, 60242, 60242
100, 12940, 9, 60242, 60242
100, 12950, 9, 60242, 60242
100, 12960, 9, 60242, 60242
100, 12970, 9, 60242, 60242
100, 12980, 9, 60242, 60242
100, 12990, 9, 60242, 60242
100, 13000, 9, 60181, 60181
100, 13010, 9, 60181, 60181
100, 13020, 9, 60181, 60181
100, 13030, 9, 60181, 60181
100, 13040, 9, 60181, 60181
100, 13050, 9, 60181, 60181
100, 13060, 9, 60181, 60181
100, 13070, 9, 60181, 60181
100, 13080, 9, 60181, 60181
100, 13090, 9, 60181, 60181
100, 13100, 9, 60181, 60181
100, 13110, 9, 60181, 60181
100, 13120, 9, 60181, 60181
100, 13130, 9, 60181, 60181
100, 13140, 9, 60181, 60181
100, 13150, 9, 60181, 60181
100, 13160, 9, 60181, 60181
100, 13170, 9, 60145, 60181
100, 13180, 9, 60145, 60145
100, 13190, 9, 60145, 60145
100, 13200, 9, 60145, 60145
100, 13210, 9, 60145, 60145
100, 13220, 9, 60145, 60145
100, 13230, 9, 60145, 60145
100, 13240, 9, 60145, 60145
100, 13250, 9, 60145, 60145
100, 13260, 9, 60145, 60145
100, 13270, 9, 60145, 60145
100, 13280, 9, 60145, 60145
100, 13290, 9, 60145, 60145
100, 13300, 9, 60145, 60145
100, 13310, 9, 60145, 60145
100, 13320, 9, 60145, 60145
100, 13330, 9, 60145, 60145
100, 13340, 9, 60145, 60145
100, 13350, 9, 60145, 60145
100, 13360, 9, 60145, 60145
100, 13370, 9, 60145, 60145
100, 13380, 9, 60145, 60145
100, 13390, 9, 60145, 60145
100, 13400, 9, 60145, 60145
100, 13410, 9, 60145, 60145
100, 13420, 9, 60145, 60145
100, 13430, 9, 60145, 60145
100, 13440, 9, 60145, 60145
100, 13450, 9, 60008, 60008
100, 13460, 9, 59987, 60008
100, 13470, 9, 59987, 59987
100, 13480, 9, 59987, 59987
100, 13490, 9, 59987, 59987
100, 13500, 9, 59987, 59987
100, 13510, 9, 59987, 59987
100, 13520, 9, 59987, 59987
100, 13530, 9, 59987, 59987
100, 13540, 9, 59987, 59987
100, 13550, 9, 59987, 59987
100, 13560, 9, 59987, 59987
100, 13570, 9, 59963, 59987
100, 13580, 9, 59963, 59963
100, 13590, 9, 59963, 59963
100, 13600, 9, 59963, 59963
100, 13610, 9, 59963, 59963
100, 13620, 9, 59963, 59963
100, 13630, 9, 59963, 59963
100, 13640, 9, 59963, 59963
100, 13650, 9, 59929, 59963
100, 13660, 9, 59929, 59929
100, 13670, 9, 59929, 60063
100, 13680, 9, 59929, 59929
100, 13690, 9, 59929, 59929
100, 13700, 9, 59929, 59929
100, 13710, 9, 59929, 59929
100, 13720, 9, 59929, 59929
100, 13730, 9, 59929, 59929
100, 13740, 9, 59867, 59929
100, 13750, 9, 59789, 59789
100, 13760, 9, 59789, 59789
100, 13770, 9, 59789, 59789
100, 13780, 9, 59789, 59789
100, 13790, 9, 59789, 59789
100, 13800, 9, 59789, 59789
100, 13810, 9, 59789, 59789
100, 13820, 9, 59789, 59789
100, 13830, 9, 59789, 59789
100, 13840, 9, 59789, 59789
100, 13850, 9, 59789, 59789
100, 13860, 9, 59789, 59789
100, 13870, 9, 59789, 59789
100, 13880, 9, 59789, 59789
100, 13890, 9, 59789, 59789
100, 13900, 9, 59789, 59789
100, 13910, 9, 59789, 59789
100, 13920, 9, 59789, 59789
100, 13930, 9, 59747, 59789
100, 13940, 9, 59747, 59747
100, 13950, 9, 59747, 59747
100, 13960, 9, 59747, 59747
100, 13970, 9, 59747, 59747
100, 13980, 9, 59747, 59747
100, 13990, 9, 59747, 59747
100, 14000, 9, 59747, 59747
100, 14010, 9, 59672, 59672
100, 14020, 9, 59672, 59672
100, 14030, 9, 59672, 59672
100, 14040, 9, 59672, 59672
100, 14050, 9, 59672, 59672
100, 14060, 9, 59672, 59672
100, 14070, 9, 59672, 59672
100, 14080, 9, 59672, 59672
100, 14090, 9, 59672, 59672
100, 14100, 9, 59672, 59672
100, 14110, 9, 59672, 59672
100, 14120, 9, 59574, 59672
100, 14130, 9, 59574, 59574
100, 14140, 9, 59574, 59574
100, 14150, 9, 59574, 59574
100, 14160, 9, 59574, 59574
100, 14170, 9, 59574, 59574
100, 14180, 9, 59574, 59574
100, 14190, 9, 59574, 59574
100, 14200, 9, 59574, 59574
100, 14210, 9, 59574, 59574
100, 14220, 9, 59574, 59574
100, 14230, 9, 59354, 59354
100, 14240, 9, 59354, 59354
100, 14250, 9, 59354, 59354
100, 14260, 9, 59354, 59354
100, 14270, 9, 59354, 59354
100, 14280, 9, 59354, 59354
100, 14290, 9, 59354, 59354
100, 14300, 9, 59354, 59354
100, 14310, 9, 59354, 59354
100, 14320, 9, 59354, 59354
100, 14330, 9, 59354, 59354
100, 14340, 9, 59354, 59354
100, 14350, 9, 59354, 59354
100, 14360, 9, 59354, 59354
100, 14370, 9, 59354, 59354
100, 14380, 9, 59354, 59354
100, 14390, 9, 59354, 59354
100, 14400, 9, 59354, 59354
100, 14410, 9, 59354, 59354
100, 14420, 9, 59354, 59354
100, 14430, 9, 59354, 59354
100, 14440, 9, 59354, 59354
100, 14450, 9, 59354, 59354
100, 14460, 9, 59354, 59354
100, 14470, 9, 59338, 59354
100, 14480, 9, 59338, 59338
100, 14490, 9, 59338, 59338
100, 14500, 9, 59338, 59338
100, 14510, 9, 59338, 59338
100, 14520, 9, 59338, 59338
100, 14530, 9, 59338, 59338
100, 14540, 9, 59338, 59338
100, 14550, 9, 59338, 59338
100, 14560, 9, 59338, 59338
100, 14570, 9, 59300, 59300
100, 14580, 9, 59300, 59300
100, 14590, 9, 59300, 59300
100, 14600, 9, 59300, 59300
100, 14610, 9, 59300, 59300
100, 14620, 9, 59300, 59300
100, 14630, 9, 59300, 59300
100, 14640, 9, 59300, 59300
100, 14650, 9, 59300, 59300
100, 14660, 9, 59268, 59300
100, 14670, 9, 59268, 59268
100, 14680, 9, 59268, 59268
100, 14690, 9, 59268, 59268
100, 14700, 9, 59268, 59268
100, 14710, 9, 59268, 59268
100, 14720, 9, 59268, 59268
100, 14730, 9, 59268, 59268
100, 14740, 9, 59268, 59268
100, 14750, 9, 59268, 59268
100, 14760, 9, 59268, 59268
100, 14770, 9, 59268, 59268
100, 14780, 9, 59268, 59268
100, 14790, 9, 59268, 59268
100, 14800, 9, 59268, 59268
100, 14810, 9, 59202, 59202
100, 14820, 9, 59202, 59202
100, 14830, 9, 59086, 59086
100, 14840, 9, 59086, 59086
100, 14850, 9, 59086, 59086
100, 14860, 9, 59086, 59086
100, 14870, 9, 59086, 59086
100, 14880, 9, 59086, 59086
100, 14890, 9, 59086, 59086
100, 14900, 9, 59086, 59086
100, 14910, 9, 59086, 59086
100, 14920, 9, 59086, 59086
100, 14930, 9, 59086, 59086
100, 14940, 9, 59086, 59086
100, 14950, 9, 59086, 59086
100, 14960, 9, 59086, 59086
100, 14970, 9, 59086, 59086
100, 14980, 9, 59086, 59086
100, 14990, 9, 59086, 59086
100, 15000, 9, 59086, 59086
100, 15010, 9, 59086, 59086
100, 15020, 9, 59086, 59086
100, 15030, 9, 59086, 59086
100, 15040, 9, 58962, 59086
100, 15050, 9, 58962, 58962
100, 15060, 9, 58962, 58962
100, 15070, 9, 58924, 58924
100, 15080, 9, 58924, 58924
100, 15090, 9, 58924, 58924
100, 15100, 9, 58924, 58924
100, 15110, 9, 58924, 58924
100, 15120, 9, 58924, 58924
100, 15130, 9, 58924, 58924
100, 15140, 9, 58924, 58924
100, 15150, 9, 58912, 58924
100, 15160, 9, 58912, 58912
100, 15170, 9, 58912, 58912
100, 15180, 9, 58912, 58912
100, 15190, 9, 58912, 58912
100, 15200, 9, 58912, 58912
100, 15210, 9, 58853, 58912
100, 15220, 9, 58853, 58853
100, 15230, 9, 58853, 58853
100, 15240, 9, 58853, 58853
100, 15250, 9, 58853, 58853
100, 15260, 9, 58853, 58853
100, 15270, 9, 58853, 58853
100, 15280, 9, 58853, 58853
100, 15290, 9, 58853, 58853
100, 15300, 9, 58853, 58853
100, 15310, 9, 58853, 58853
100, 15320, 9, 58853, 58853
100, 15330, 9, 58853, 58853
100, 15340, 9, 58853, 58853
100, 15350, 9, 58853, 58853
100, 15360, 9, 58841, 58841
100, 15370, 9, 58841, 58841
100, 15380, 9, 58841, 58841
100, 15390, 9, 58841, 58841
100, 15400, 9, 58841, 58841
100, 15410, 9, 58841, 58841
100, 15420, 9, 58841, 58841
100, 15430, 9, 58841, 58841
100, 15440, 9, 58841, 58841
100, 15450, 9, 58841, 58841
100, 15460, 9, 58841, 58841
100, 15470, 9, 58841, 58841
100, 15480, 9, 58841, 58841
100, 15490, 9, 58841, 58841
100, 15500, 9, 58841, 58841
100, 15510, 9, 58841, 58841
100, 15520, 9, 58841, 58841
100, 15530, 9, 58841, 58841
100, 15540, 9, 58841, 58841
100, 15550, 9, 58759, 58759
100, 15560, 9, 58759, 58759
100, 15570, 9, 58718, 58759
100, 15580, 9, 58718, 58718
100, 15590, 9, 58718, 58718
100, 15600, 9, 58718, 58718
100, 15610, 9, 58718, 58718
100, 15620, 9, 58718, 58718
100, 15630, 9, 58718, 58718
100, 15640, 9, 58718, 58718
100, 15650, 9, 58718, 58718
100, 15660, 9, 58718, 58718
100, 15670, 9, 58718, 58718
100, 15680, 9, 58718, 58718
100, 15690, 9, 58718, 58718
100, 15700, 9, 58718, 58718
100, 15710, 9, 58718, 58718
100, 15720, 9, 58718, 58718
100, 15730, 9, 58718, 58718
100, 15740, 9, 58718, 58718
100, 15750, 9, 58718, 58718
100, 15760, 9, 58718, 58718
100, 15770, 9, 58718, 58718
100, 15780, 9, 58718, 58718
100, 15790, 9, 58701, 58701
100, 15800, 9, 58701, 58701
100, 15810, 9, 58701, 58701
100, 15820, 9, 58701, 58701
100, 15830, 9, 58701, 58701
100, 15840, 9, 58701, 58701
100, 15850, 9, 58701, 58701
100, 15860, 9, 58701, 58701
100, 15870, 9, 58701, 58701
100, 15880, 9, 58701, 58701
100, 15890, 9, 58701, 58701
100, 15900, 9, 58701, 58701
100, 15910, 9, 58701, 58701
100, 15920, 9, 58701, 58701
100, 15930, 9, 58701, 58701
100, 15940, 9, 58701, 58701
100, 15950, 9, 58701, 58701
100, 15960, 9, 58701, 58701
100, 15970, 9, 58701, 58701
100, 15980, 9, 58701, 58701
100, 15990, 9, 58701, 58701
100, 16000, 9, 58701, 58701
100, 16010, 9, 58701, 58701
100, 16020, 9, 58701, 58701
100, 16030, 9, 58695, 58701
100, 16040, 9, 58695, 58695
100, 16050, 9, 58695, 58695
100, 16060, 9, 58695, 58695
100, 16070, 9, 58695, 58695
100, 16080, 9, 58648, 58648
100, 16090, 9, 58648, 58648
100, 16100, 9, 58648, 58648
100, 16110, 9, 58648, 58648
100, 16120, 9, 58565, 58648
100, 16130, 9, 58565, 58565
100, 16140, 9, 58565, 58565
100, 16150, 9, 58565, 58565
100, 16160, 9, 58565, 58565
100, 16170, 9, 58565, 58565
100, 16180, 9, 58565, 58565
100, 16190, 9, 58565, 58565
100, 16200, 9, 58565, 58565
100, 16210, 9, 58565, 58565
100, 16220, 9, 58565, 58565
100, 16230, 9, 58565, 58565
100, 16240, 9, 58565, 58565
100, 16250, 9, 58565, 58565
100, 16260, 9, 58565, 58565
100, 16270, 9, 58565, 58565
100, 16280, 9, 58565, 58565
100, 16290, 9, 58565, 58565
100, 16300, 9, 58565, 58565
100, 16310, 9, 58541, 58541
100, 16320, 9, 58541, 58541
100, 16330, 9, 58541, 58541
100, 16340, 9, 58541, 58541
100, 16350, 9, 58541, 58541
100, 16360, 9, 58541, 58541
100, 16370, 9, 58541, 58541
100, 16380, 9, 58541, 58541
100, 16390, 9, 58541, 58541
100, 16400, 9, 58541, 58541
100, 16410, 9, 58510, 58510
100, 16420, 9, 58510, 58510
100, 16430, 9, 58424, 58510
100, 16440, 9, 58424, 58424
100, 16450, 9, 58424, 58424
100, 16460, 9, 58424, 58424
100, 16470, 9, 58424, 58424
100, 16480, 9, 58424, 58424
100, 16490, 9, 58424, 58424
100, 16500, 9, 58424, 58424
100, 16510, 9, 58424, 58424
100, 16520, 9, 58424, 58424
100, 16530, 9, 58424, 58424
100, 16540, 9, 58424, 58424
100, 16550, 9, 58424, 58424
100, 16560, 9, 58424, 58424
100, 16570, 9, 58424, 58424
100, 16580, 9, 58424, 58424
100, 16590, 9, 58424, 58424
100, 16600, 9, 58424, 58424
100, 16610, 9, 58424, 58424
100, 16620, 9, 58424, 58424
100, 16630, 9, 58302, 58424
100, 16640, 9, 58302, 58302
100, 16650, 9, 58302, 58302
100, 16660, 9, 58302, 58302
100, 16670, 9, 58302, 58302
100, 16680, 9, 58302, 58302
100, 16690, 9, 58302, 58302
100, 16700, 9, 58302, 58302
100, 16710, 9, 58302, 58302
100, 16720, 9, 58302, 58302
100, 16730, 9, 58302, 58302
100, 16740, 9, 58302, 58302
100, 16750, 9, 58302, 58302
100, 16760, 9, 58302, 58302
100, 16770, 9, 58302, 58302
100, 16780, 9, 58302, 58302
100, 16790, 9, 58302, 58302
100, 16800, 9, 58302, 58302
100, 16810, 9, 58302, 58302
100, 16820, 9, 58302, 58302
100, 16830, 9, 58302, 58302
100, 16840, 9, 58302, 58302
100, 16850, 9, 58302, 58302
100, 16860, 9, 58302, 58302
100, 16870, 9, 58302, 58302
100, 16880, 9, 58246, 58246
100, 16890, 9, 58246, 58246
100, 16900, 9, 58246, 58246
100, 16910, 9, 58246, 58246
100, 16920, 9, 58246, 58246
100, 16930, 9, 58246, 58246
100, 16940, 9, 58246, 58246
100, 16950, 9, 58246, 58246
100, 16960, 9, 58246, 58246
100, 16970, 9, 58246, 58246
100, 16980, 9, 58246, 58246
100, 16990, 9, 58246, 58246
100, 17000, 9, 58246, 58246
100, 17010, 9, 58246, 58246
100, 17020, 9, 58246, 58246
100, 17030, 9, 58246, 58246
100, 17040, 9, 58246, 58246
100, 17050, 9, 58246, 58246
100, 17060, 9, 58246, 58246
100, 17070, 9, 58246, 58246
100, 17080, 9, 58246, 58246
100, 17090, 9, 58246, 58246
100, 17100, 9, 58246, 58246
100, 17110, 9, 58246, 58246
100, 17120, 9, 58246, 58246
100, 17130, 9, 58246, 58246
100, 17140, 9, 58246, 58246
100, 17150, 9, 58246, 58246
100, 17160, 9, 58228, 58228
100, 17170, 9, 58228, 58228
100, 17180, 9, 58228, 58228
100, 17190, 9, 58228, 58228
100, 17200, 9, 58228, 58228
100, 17210, 9, 58228, 58228
100, 17220, 9, 58228, 58228
100, 17230, 9, 58228, 58228
100, 17240, 9, 58228, 58228
100, 17250, 9, 58210, 58228
100, 17260, 9, 58210, 58210
100, 17270, 9, 58210, 58210
100, 17280, 9, 58210, 58210
100, 17290, 9, 58210, 58210
100, 17300, 9, 58210, 58210
100, 17310, 9, 58210, 58210
100, 17320, 9, 58210, 58210
100, 17330, 9, 58210, 58210
100, 17340, 9, 58210, 58210
100, 17350, 9, 58210, 58210
100, 17360, 9, 58210, 58210
100, 17370, 9, 58210, 58210
100, 17380, 9, 58210, 58210
100, 17390, 9, 58210, 58210
100, 17400, 9, 58210, 58210
100, 17410, 9, 58210, 58210
100, 17420, 9, 58203, 58203
100, 17430, 9, 58203, 58203
100, 17440, 9, 58203, 58203
100, 17450, 9, 58203, 58203
100, 17460, 9, 58203, 58203
100, 17470, 9, 58203, 58203
100, 17480, 9, 58203, 58203
100, 17490, 9, 58203, 58203
100, 17500, 9, 58203, 58203
100, 17510, 9, 58203, 58203
100, 17520, 9, 58203, 58203
100, 17530, 9, 58203, 58203
100, 17540, 9, 58200, 58200
100, 17550, 9, 58200, 58200
100, 17560, 9, 58200, 58200
100, 17570, 9, 58200, 58200
100, 17580, 9, 58159, 58200
100, 17590, 9, 58121, 58121
100, 17600, 9, 58121, 58121
100, 17610, 9, 58121, 58121
100, 17620, 9, 58121, 58121
100, 17630, 9, 58121, 58121
100, 17640, 9, 58121, 58121
100, 17650, 9, 58121, 58121
100, 17660, 9, 58121, 58121
100, 17670, 9, 58121, 58121
100, 17680, 9, 58121, 58121
100, 17690, 9, 58121, 58121
100, 17700, 9, 58121, 58121
100, 17710, 9, 58121, 58121
100, 17720, 9, 58121, 58121
100, 17730, 9, 58121, 58121
100, 17740, 9, 58121, 58121
100, 17750, 9, 58121, 58121
100, 17760, 9, 58121, 58121
100, 17770, 9, 58121, 58121
100, 17780, 9, 58121, 58121
100, 17790, 9, 58121, 58121
100, 17800, 9, 58121, 58121
100, 17810, 9, 58121, 58121
100, 17820, 9, 58121, 58121
100, 17830, 9, 58121, 58121
100, 17840, 9, 58121, 58121
100, 17850, 9, 58121, 58121
100, 17860, 9, 58121, 58121
100, 17870, 9, 58121, 58121
100, 17880, 9, 57917, 58121
100, 17890, 9, 57917, 57917
100, 17900, 9, 57917, 57917
100, 17910, 9, 57917, 57917
100, 17920, 9, 57917, 57917
100, 17930, 9, 57917, 57917
100, 17940, 9, 57917, 57917
100, 17950, 9, 57917, 57917
100, 17960, 9, 57917, 57917
100, 17970, 9, 57917, 57917
100, 17980, 9, 57917, 57917
100, 17990, 9, 57917, 57917
100, 18000, 9, 57917, 57917
100, 18010, 9, 57891, 57891
100, 18020, 9, 57891, 57891
100, 18030, 9, 57891, 57891
100, 18040, 9, 57891, 57891
100, 18050, 9, 57891, 57891
100, 18060, 9, 57891, 57891
100, 18070, 9, 57891, 57891
100, 18080, 9, 57884, 57884
100, 18090, 9, 57884, 57884
100, 18100, 9, 57884, 57884
100, 18110, 9, 57884, 57884
100, 18120, 9, 57884, 57884
100, 18130, 9, 57884, 57884
100, 18140, 9, 57884, 57884
100, 18150, 9, 57884, 57884
100, 18160, 9, 57884, 57884
100, 18170, 9, 57884, 57884
100, 18180, 9, 57884, 57884
100, 18190, 9, 57884, 57884
100, 18200, 9, 57884, 57884
100, 18210, 9, 57884, 57884
100, 18220, 9, 57884, 57884
100, 18230, 9, 57884, 57884
100, 18240, 9, 57884, 57884
100, 18250, 9, 57884, 57884
100, 18260, 9, 57884, 57884
100, 18270, 9, 57856, 57856
100, 18280, 9, 57856, 57856
100, 18290, 9, 57856, 57856
100, 18300, 9, 57856, 57856
100, 18310, 9, 57856, 57856
100, 18320, 9, 57856, 57856
100, 18330, 9, 57856, 57856
100, 18340, 9, 57776, 57776
100, 18350, 9, 57776, 57776
100, 18360, 9, 57776, 57776
100, 18370, 9, 57776, 57776
100, 18380, 9, 57776, 57776
100, 18390, 9, 57776, 57776
100, 18400, 9, 57776, 57776
100, 18410, 9, 57776, 57776
100, 18420, 9, 57776, 57776
100, 18430, 9, 57776, 57776
100, 18440, 9, 57776, 57776
100, 18450, 9, 57776, 57776
100, 18460, 9, 57776, 57776
100, 18470, 9, 57776, 57776
100, 18480, 9, 57776, 57776
100, 18490, 9, 57776, 57776
100, 18500, 9, 57776, 57776
100, 18510, 9, 57776, 57776
100, 18520, 9, 57776, 57776
100, 18530, 9, 57776, 57776
100, 18540, 9, 57776, 57776
100, 18550, 9, 57776, 57776
100, 18560, 9, 57776, 57776
100, 18570, 9, 57776, 57776
100, 18580, 9, 57776, 57776
100, 18590, 9, 57776, 57776
100, 18600, 9, 57776, 57776
100, 18610, 9, 57776, 57776
100, 18620, 9, 57776, 57776
100, 18630, 9, 57776, 57776
100, 18640, 9, 57776, 57776
100, 18650, 9, 57776, 57776
100, 18660, 9, 57776, 57776
100, 18670, 9, 57776, 57776
100, 18680, 9, 57776, 57776
100, 18690, 9, 57776, 57776
100, 18700, 9, 57776, 57776
100, 18710, 9, 57776, 57776
100, 18720, 9, 57776, 57776
100, 18730, 9, 57776, 57776
100, 18740, 9, 57776, 57776
100, 18750, 9, 57776, 57776
100, 18760, 9, 57776, 57776
100, 18770, 9, 57776, 57776
100, 18780, 9, 57776, 57776
100, 18790, 9, 57776, 57776
100, 18800, 9, 57776, 57776
100, 18810, 9, 57776, 57776
100, 18820, 9, 57776, 57776
100, 18830, 9, 57776, 57776
100, 18840, 9, 57776, 57776
100, 18850, 9, 57776, 57776
100, 18860, 9, 57776, 57776
100, 18870, 9, 57776, 57776
100, 18880, 9, 57776, 57776
100, 18890, 9, 57776, 57776
100, 18900, 9, 57776, 57776
100, 18910, 9, 57776, 57776
100, 18920, 9, 57776, 57776
100, 18930, 9, 57776, 57776
100, 18940, 9, 57776, 57776
100, 18950, 9, 57776, 57776
100, 18960, 9, 57765, 57776
100, 18970, 9, 57765, 57765
100, 18980, 9, 57765, 57765
100, 18990, 9, 57765, 57765
100, 19000, 9, 57765, 57765
100, 19010, 9, 57765, 57765
100, 19020, 9, 57765, 57765
100, 19030, 9, 57765, 57765
100, 19040, 9, 57765, 57765
100, 19050, 9, 57765, 57765
100, 19060, 9, 57765, 57765
100, 19070, 9, 57765, 57765
100, 19080, 9, 57765, 57765
100, 19090, 9, 57765, 57765
100, 19100, 9, 57765, 57765
100, 19110, 9, 57765, 57765
100, 19120, 9, 57765, 57765
100, 19130, 9, 57765, 57765
100, 19140, 9, 57765, 57765
100, 19150, 9, 57765, 57765
100, 19160, 9, 57765, 57765
100, 19170, 9, 57765, 57765
100, 19180, 9, 57765, 57765
100, 19190, 9, 57765, 57765
100, 19200, 9, 57765, 57765
100, 19210, 9, 57765, 57765
100, 19220, 9, 57765, 57765
100, 19230, 9, 57765, 57765
100, 19240, 9, 57765, 57765
100, 19250, 9, 57765, 57765
100, 19260, 9, 57765, 57765
100, 19270, 9, 57765, 57765
100, 19280, 9, 57765, 57765
100, 19290, 9, 57765, 57765
100, 19300, 9, 57765, 57765
100, 19310, 9, 57765, 57765
100, 19320, 9, 57765, 57765
100, 19330, 9, 57765, 57765
100, 19340, 9, 57765, 57765
100, 19350, 9, 57765, 57765
100, 19360, 9, 57765, 57765
100, 19370, 9, 57765, 57765
100, 19380, 9, 57765, 57765
100, 19390, 9, 57765, 57765
100, 19400, 9, 57765, 57765
100, 19410, 9, 57765, 57765
100, 19420, 9, 57765, 57765
100, 19430, 9, 57765, 57765
100, 19440, 9, 57765, 57765
100, 19450, 9, 57765, 57765
100, 19460, 9, 57765, 57765
100, 19470, 9, 57765, 57765
100, 19480, 9, 57765, 57765
100, 19490, 9, 57765, 57765
100, 19500, 9, 57765, 57765
100, 19510, 9, 57765, 57765
100, 19520, 9, 57765, 57765
100, 19530, 9, 57765, 57765
100, 19540, 9, 57765, 57765
100, 19550, 9, 57765, 57765
100, 19560, 9, 57765, 57765
100, 19570, 9, 57765, 57765
100, 19580, 9, 57765, 57765
100, 19590, 9, 57765, 57765
100, 19600, 9, 57765, 57765
100, 19610, 9, 57765, 57765
100, 19620, 9, 57765, 57765
100, 19630, 9, 57518, 57641
100, 19640, 9, 57518, 57518
100, 19650, 9, 57518, 57518
100, 19660, 9, 57518, 57518
100, 19670, 9, 57518, 57518
100, 19680, 9, 57518, 57518
100, 19690, 9, 57518, 57518
100, 19700, 9, 57518, 57518
100, 19710, 9, 57518, 57518
100, 19720, 9, 57518, 57518
100, 19730, 9, 57518, 57518
100, 19740, 9, 57518, 57518
100, 19750, 9, 57518, 57518
100, 19760, 9, 57518, 57518
100, 19770, 9, 57518, 57518
100, 19780, 9, 57518, 57518
100, 19790, 9, 57518, 57518
100, 19800, 9, 57518, 57518
100, 19810, 9, 57518, 57518
100, 19820, 9, 57518, 57518
100, 19830, 9, 57518, 57518
100, 19840, 9, 57459, 57518
100, 19850, 9, 57459, 57459
100, 19860, 9, 57459, 57459
100, 19870, 9, 57459, 57459
100, 19880, 9, 57459, 57459
100, 19890, 9, 57459, 57459
100, 19900, 9, 57459, 57459
100, 19910, 9, 57459, 57459
100, 19920, 9, 57459, 57459
100, 19930, 9, 57376, 57376
100, 19940, 9, 57376, 57376
100, 19950, 9, 57376, 57376
100, 19960, 9, 57376, 57376
100, 19970, 9, 57376, 57376
100, 19980, 9, 57376, 57376
100, 19990, 9, 57376, 57376
