Population Size, Generation Count, Repetition, Best Fitness, Median Fitness
50, 0, 21, 720649, 773548
50, 10, 21, 694857, 706715
50, 20, 21, 662631, 670656
50, 30, 21, 642186, 652193
50, 40, 21, 628442, 632083
50, 50, 21, 615436, 621369
50, 60, 21, 603181, 609597
50, 70, 21, 589689, 595341
50, 80, 21, 575552, 581052
50, 90, 21, 558330, 563416
50, 100, 21, 545565, 551253
50, 110, 21, 537837, 541810
50, 120, 21, 524187, 529494
50, 130, 21, 515665, 518944
50, 140, 21, 504913, 508943
50, 150, 21, 495945, 500978
50, 160, 21, 487944, 494268
50, 170, 21, 479258, 483436
50, 180, 21, 472246, 475018
50, 190, 21, 467883, 472669
50, 200, 21, 461977, 465212
50, 210, 21, 454468, 458487
50, 220, 21, 448112, 454191
50, 230, 21, 440929, 446639
50, 240, 21, 435806, 439624
50, 250, 21, 429653, 434506
50, 260, 21, 424410, 427845
50, 270, 21, 418486, 422689
50, 280, 21, 414589, 418804
50, 290, 21, 406672, 412680
50, 300, 21, 403013, 405358
50, 310, 21, 399739, 404543
50, 320, 21, 393226, 397443
50, 330, 21, 389054, 391227
50, 340, 21, 381520, 384653
50, 350, 21, 377439, 380982
50, 360, 21, 371454, 374776
50, 370, 21, 368975, 371814
50, 380, 21, 365068, 370149
50, 390, 21, 361508, 363637
50, 400, 21, 357977, 361132
50, 410, 21, 356022, 357573
50, 420, 21, 351341, 354434
50, 430, 21, 347064, 349765
50, 440, 21, 344257, 346731
50, 450, 21, 339586, 342954
50, 460, 21, 336381, 339139
50, 470, 21, 332395, 336197
50, 480, 21, 329554, 333352
50, 490, 21, 324815, 329515
50, 500, 21, 323614, 327159
50, 510, 21, 319711, 323754
50, 520, 21, 318580, 321688
50, 530, 21, 315189, 318187
50, 540, 21, 312762, 316332
50, 550, 21, 310154, 313613
50, 560, 21, 307525, 310134
50, 570, 21, 305550, 307840
50, 580, 21, 304366, 306463
50, 590, 21, 302453, 305421
50, 600, 21, 298780, 301756
50, 610, 21, 296451, 300165
50, 620, 21, 294072, 297569
50, 630, 21, 291843, 294959
50, 640, 21, 289906, 293530
50, 650, 21, 286427, 289506
50, 660, 21, 285267, 288880
50, 670, 21, 282389, 286088
50, 680, 21, 281474, 284805
50, 690, 21, 278824, 281615
50, 700, 21, 275940, 279286
50, 710, 21, 274734, 276003
50, 720, 21, 273866, 275935
50, 730, 21, 272209, 274550
50, 740, 21, 269249, 272404
50, 750, 21, 267059, 270262
50, 760, 21, 265841, 268365
50, 770, 21, 263728, 265665
50, 780, 21, 262258, 262529
50, 790, 21, 259828, 263777
50, 800, 21, 258047, 260677
50, 810, 21, 256647, 260075
50, 820, 21, 255700, 258479
50, 830, 21, 254683, 258771
50, 840, 21, 253418, 256094
50, 850, 21, 251085, 255331
50, 860, 21, 249946, 252160
50, 870, 21, 249199, 252321
50, 880, 21, 247551, 249926
50, 890, 21, 244267, 248319
50, 900, 21, 243400, 244667
50, 910, 21, 240882, 244423
50, 920, 21, 239633, 242493
50, 930, 21, 237593, 240346
50, 940, 21, 236508, 239107
50, 950, 21, 235457, 238674
50, 960, 21, 233869, 238249
50, 970, 21, 232825, 235170
50, 980, 21, 231499, 234781
50, 990, 21, 229774, 232814
50, 1000, 21, 228952, 231520
50, 1010, 21, 227307, 230615
50, 1020, 21, 225910, 228577
50, 1030, 21, 224994, 225910
50, 1040, 21, 223970, 226874
50, 1050, 21, 222501, 224981
50, 1060, 21, 221743, 224778
50, 1070, 21, 220734, 223948
50, 1080, 21, 218962, 224571
50, 1090, 21, 217513, 221342
50, 1100, 21, 216547, 219431
50, 1110, 21, 214608, 215977
50, 1120, 21, 214369, 216511
50, 1130, 21, 212756, 214787
50, 1140, 21, 212235, 214849
50, 1150, 21, 211317, 212910
50, 1160, 21, 209891, 212029
50, 1170, 21, 208498, 212616
50, 1180, 21, 207991, 211635
50, 1190, 21, 206872, 210052
50, 1200, 21, 205664, 209661
50, 1210, 21, 203862, 207377
50, 1220, 21, 202845, 205236
50, 1230, 21, 202087, 204236
50, 1240, 21, 201789, 203051
50, 1250, 21, 201177, 203498
50, 1260, 21, 200524, 203145
50, 1270, 21, 199578, 203075
50, 1280, 21, 199123, 201442
50, 1290, 21, 198323, 198829
50, 1300, 21, 197082, 200963
50, 1310, 21, 195864, 198825
50, 1320, 21, 194861, 197905
50, 1330, 21, 194601, 196874
50, 1340, 21, 194066, 197341
50, 1350, 21, 193884, 196723
50, 1360, 21, 193011, 195286
50, 1370, 21, 192676, 194302
50, 1380, 21, 191638, 194463
50, 1390, 21, 190628, 192981
50, 1400, 21, 190336, 193527
50, 1410, 21, 190217, 192028
50, 1420, 21, 189682, 191339
50, 1430, 21, 189475, 191989
50, 1440, 21, 188545, 191097
50, 1450, 21, 188402, 190670
50, 1460, 21, 186868, 190081
50, 1470, 21, 186286, 189395
50, 1480, 21, 184892, 188877
50, 1490, 21, 184262, 186706
50, 1500, 21, 183582, 186036
50, 1510, 21, 182928, 186568
50, 1520, 21, 181676, 184363
50, 1530, 21, 181436, 183805
50, 1540, 21, 180674, 182807
50, 1550, 21, 180674, 183856
50, 1560, 21, 180202, 183570
50, 1570, 21, 179713, 183103
50, 1580, 21, 179525, 181814
50, 1590, 21, 178880, 181616
50, 1600, 21, 178387, 182494
50, 1610, 21, 178078, 179931
50, 1620, 21, 177501, 182166
50, 1630, 21, 176799, 180211
50, 1640, 21, 176793, 179020
50, 1650, 21, 174867, 176676
50, 1660, 21, 174256, 178350
50, 1670, 21, 173744, 175254
50, 1680, 21, 173102, 175718
50, 1690, 21, 172346, 176250
50, 1700, 21, 171101, 173634
50, 1710, 21, 171101, 173704
50, 1720, 21, 170882, 173702
50, 1730, 21, 170649, 171257
50, 1740, 21, 170581, 173474
50, 1750, 21, 169266, 173605
50, 1760, 21, 168849, 170477
50, 1770, 21, 167906, 171876
50, 1780, 21, 167859, 170204
50, 1790, 21, 167599, 169754
50, 1800, 21, 167232, 169152
50, 1810, 21, 166791, 170223
50, 1820, 21, 166236, 169154
50, 1830, 21, 165096, 168581
50, 1840, 21, 164297, 167244
50, 1850, 21, 163837, 165937
50, 1860, 21, 163400, 165339
50, 1870, 21, 163268, 164767
50, 1880, 21, 162807, 164339
50, 1890, 21, 162282, 164882
50, 1900, 21, 161891, 163812
50, 1910, 21, 161446, 163362
50, 1920, 21, 161139, 164372
50, 1930, 21, 160345, 163427
50, 1940, 21, 160121, 162419
50, 1950, 21, 159431, 162091
50, 1960, 21, 158965, 160816
50, 1970, 21, 158575, 161683
50, 1980, 21, 158044, 160591
50, 1990, 21, 157389, 161709
50, 2000, 21, 156543, 158612
50, 2010, 21, 156178, 159313
50, 2020, 21, 155784, 156720
50, 2030, 21, 154722, 156543
50, 2040, 21, 154544, 156676
50, 2050, 21, 154525, 157669
50, 2060, 21, 154107, 156172
50, 2070, 21, 153464, 155296
50, 2080, 21, 152473, 154969
50, 2090, 21, 151920, 155483
50, 2100, 21, 151873, 154206
50, 2110, 21, 151103, 154264
50, 2120, 21, 150870, 153383
50, 2130, 21, 150619, 151485
50, 2140, 21, 150266, 153314
50, 2150, 21, 149632, 150617
50, 2160, 21, 149438, 151393
50, 2170, 21, 148781, 150148
50, 2180, 21, 148183, 151481
50, 2190, 21, 148075, 151125
50, 2200, 21, 147619, 149495
50, 2210, 21, 147377, 150066
50, 2220, 21, 147256, 148272
50, 2230, 21, 146870, 149086
50, 2240, 21, 146568, 148849
50, 2250, 21, 146045, 148996
50, 2260, 21, 145216, 148447
50, 2270, 21, 144921, 147920
50, 2280, 21, 144921, 145721
50, 2290, 21, 144791, 146918
50, 2300, 21, 144514, 147307
50, 2310, 21, 144084, 146823
50, 2320, 21, 144084, 145484
50, 2330, 21, 143748, 146204
50, 2340, 21, 143519, 146549
50, 2350, 21, 143235, 146108
50, 2360, 21, 142867, 145145
50, 2370, 21, 142681, 144859
50, 2380, 21, 142499, 144955
50, 2390, 21, 142058, 143140
50, 2400, 21, 142023, 144625
50, 2410, 21, 141532, 145179
50, 2420, 21, 141532, 145018
50, 2430, 21, 141432, 144029
50, 2440, 21, 140849, 143750
50, 2450, 21, 140761, 142710
50, 2460, 21, 140375, 142714
50, 2470, 21, 139693, 140968
50, 2480, 21, 139545, 142518
50, 2490, 21, 139508, 140365
50, 2500, 21, 139483, 140846
50, 2510, 21, 139300, 142581
50, 2520, 21, 139256, 141153
50, 2530, 21, 138734, 141305
50, 2540, 21, 138600, 141133
50, 2550, 21, 136876, 138174
50, 2560, 21, 136527, 139121
50, 2570, 21, 135910, 137796
50, 2580, 21, 135910, 139566
50, 2590, 21, 135216, 137864
50, 2600, 21, 134885, 136540
50, 2610, 21, 134885, 137799
50, 2620, 21, 134664, 135930
50, 2630, 21, 134201, 136498
50, 2640, 21, 133935, 135933
50, 2650, 21, 133809, 135733
50, 2660, 21, 133752, 135850
50, 2670, 21, 133377, 134931
50, 2680, 21, 133256, 137020
50, 2690, 21, 133256, 135856
50, 2700, 21, 132715, 134670
50, 2710, 21, 132255, 134695
50, 2720, 21, 132019, 135573
50, 2730, 21, 131944, 134699
50, 2740, 21, 130676, 132694
50, 2750, 21, 130539, 132672
50, 2760, 21, 130382, 133008
50, 2770, 21, 130098, 133436
50, 2780, 21, 129814, 130844
50, 2790, 21, 129814, 131155
50, 2800, 21, 129688, 133442
50, 2810, 21, 129474, 132606
50, 2820, 21, 129115, 132210
50, 2830, 21, 129115, 132366
50, 2840, 21, 128977, 130341
50, 2850, 21, 128924, 130452
50, 2860, 21, 128795, 129185
50, 2870, 21, 128591, 131171
50, 2880, 21, 128303, 130306
50, 2890, 21, 128294, 131100
50, 2900, 21, 128210, 130578
50, 2910, 21, 128023, 132246
50, 2920, 21, 127788, 132025
50, 2930, 21, 127440, 131499
50, 2940, 21, 127117, 130800
50, 2950, 21, 127097, 129927
50, 2960, 21, 127056, 129387
50, 2970, 21, 127044, 129410
50, 2980, 21, 127044, 129726
50, 2990, 21, 126883, 127964
50, 3000, 21, 126823, 129314
50, 3010, 21, 126710, 127952
50, 3020, 21, 126629, 130683
50, 3030, 21, 126552, 129562
50, 3040, 21, 126326, 128682
50, 3050, 21, 126289, 128263
50, 3060, 21, 126050, 127598
50, 3070, 21, 125650, 126979
50, 3080, 21, 125410, 127337
50, 3090, 21, 125287, 127358
50, 3100, 21, 125287, 128323
50, 3110, 21, 124887, 126919
50, 3120, 21, 124676, 125288
50, 3130, 21, 124545, 127103
50, 3140, 21, 124545, 126824
50, 3150, 21, 124227, 125713
50, 3160, 21, 124102, 124626
50, 3170, 21, 123679, 126346
50, 3180, 21, 123510, 126129
50, 3190, 21, 123510, 123854
50, 3200, 21, 123510, 123767
50, 3210, 21, 123288, 127396
50, 3220, 21, 123288, 125062
50, 3230, 21, 122981, 125174
50, 3240, 21, 122870, 123146
50, 3250, 21, 122398, 125593
50, 3260, 21, 122223, 124441
50, 3270, 21, 121953, 124483
50, 3280, 21, 121119, 123789
50, 3290, 21, 121077, 121496
50, 3300, 21, 120848, 123480
50, 3310, 21, 120848, 122172
50, 3320, 21, 120470, 123413
50, 3330, 21, 120470, 122291
50, 3340, 21, 120438, 122443
50, 3350, 21, 119969, 123108
50, 3360, 21, 119907, 121496
50, 3370, 21, 119253, 123346
50, 3380, 21, 118937, 120395
50, 3390, 21, 118932, 120777
50, 3400, 21, 118297, 120145
50, 3410, 21, 117806, 119234
50, 3420, 21, 117278, 118586
50, 3430, 21, 116363, 120564
50, 3440, 21, 116340, 119054
50, 3450, 21, 115992, 119131
50, 3460, 21, 115662, 117983
50, 3470, 21, 115486, 117599
50, 3480, 21, 115203, 115486
50, 3490, 21, 115203, 117393
50, 3500, 21, 114988, 118043
50, 3510, 21, 114988, 117786
50, 3520, 21, 114937, 116172
50, 3530, 21, 114911, 116683
50, 3540, 21, 114764, 117150
50, 3550, 21, 114592, 118585
50, 3560, 21, 114451, 117754
50, 3570, 21, 114451, 116177
50, 3580, 21, 114397, 117065
50, 3590, 21, 114212, 116580
50, 3600, 21, 114043, 116304
50, 3610, 21, 113986, 116515
50, 3620, 21, 113868, 116570
50, 3630, 21, 113745, 116478
50, 3640, 21, 113175, 115200
50, 3650, 21, 112913, 114176
50, 3660, 21, 112913, 114901
50, 3670, 21, 112623, 115696
50, 3680, 21, 112623, 113642
50, 3690, 21, 112623, 113835
50, 3700, 21, 112517, 113603
50, 3710, 21, 111780, 115268
50, 3720, 21, 111780, 113778
50, 3730, 21, 111708, 113707
50, 3740, 21, 111570, 112634
50, 3750, 21, 111570, 113217
50, 3760, 21, 111401, 112180
50, 3770, 21, 111181, 113413
50, 3780, 21, 111097, 113313
50, 3790, 21, 110955, 113087
50, 3800, 21, 110955, 113264
50, 3810, 21, 110955, 112847
50, 3820, 21, 110955, 114316
50, 3830, 21, 110794, 113166
50, 3840, 21, 110343, 112300
50, 3850, 21, 110343, 113498
50, 3860, 21, 110343, 112905
50, 3870, 21, 109920, 111907
50, 3880, 21, 109847, 112426
50, 3890, 21, 109812, 112686
50, 3900, 21, 109648, 111804
50, 3910, 21, 109486, 111011
50, 3920, 21, 109486, 110979
50, 3930, 21, 109486, 109947
50, 3940, 21, 109315, 112190
50, 3950, 21, 108740, 112429
50, 3960, 21, 108641, 108740
50, 3970, 21, 108318, 110734
50, 3980, 21, 107920, 109765
50, 3990, 21, 107920, 111655
50, 4000, 21, 107844, 109081
50, 4010, 21, 107641, 110409
50, 4020, 21, 107639, 110041
50, 4030, 21, 107282, 109243
50, 4040, 21, 107282, 109551
50, 4050, 21, 107193, 108437
50, 4060, 21, 106689, 108119
50, 4070, 21, 106689, 108549
50, 4080, 21, 106610, 109607
50, 4090, 21, 106521, 108778
50, 4100, 21, 106521, 108075
50, 4110, 21, 106257, 107535
50, 4120, 21, 106149, 109571
50, 4130, 21, 105591, 107526
50, 4140, 21, 105591, 106918
50, 4150, 21, 105591, 106899
50, 4160, 21, 105297, 109567
50, 4170, 21, 104966, 107260
50, 4180, 21, 104702, 104976
50, 4190, 21, 104444, 106230
50, 4200, 21, 104388, 105466
50, 4210, 21, 104199, 106290
50, 4220, 21, 104140, 105526
50, 4230, 21, 104140, 106211
50, 4240, 21, 104129, 104140
50, 4250, 21, 104129, 105729
50, 4260, 21, 104129, 106091
50, 4270, 21, 103661, 105219
50, 4280, 21, 103432, 106949
50, 4290, 21, 103316, 105370
50, 4300, 21, 103316, 103985
50, 4310, 21, 103279, 106162
50, 4320, 21, 103141, 104917
50, 4330, 21, 103141, 105921
50, 4340, 21, 103141, 105266
50, 4350, 21, 102743, 103141
50, 4360, 21, 102582, 106086
50, 4370, 21, 102294, 104381
50, 4380, 21, 102181, 104193
50, 4390, 21, 102181, 103617
50, 4400, 21, 102181, 104445
50, 4410, 21, 102044, 103963
50, 4420, 21, 101934, 104766
50, 4430, 21, 101695, 104176
50, 4440, 21, 101446, 103117
50, 4450, 21, 101446, 103186
50, 4460, 21, 101438, 103258
50, 4470, 21, 101379, 103330
50, 4480, 21, 101322, 103276
50, 4490, 21, 101322, 103934
50, 4500, 21, 101322, 102288
50, 4510, 21, 101239, 103457
50, 4520, 21, 101239, 103386
50, 4530, 21, 101127, 101239
50, 4540, 21, 101063, 104800
50, 4550, 21, 100926, 101539
50, 4560, 21, 100880, 102463
50, 4570, 21, 100814, 103974
50, 4580, 21, 100814, 101431
50, 4590, 21, 100653, 100814
50, 4600, 21, 100645, 100653
50, 4610, 21, 100637, 102464
50, 4620, 21, 100261, 100637
50, 4630, 21, 99779, 102159
50, 4640, 21, 99716, 102261
50, 4650, 21, 99625, 101477
50, 4660, 21, 99625, 101140
50, 4670, 21, 99607, 102052
50, 4680, 21, 99607, 101655
50, 4690, 21, 99607, 102943
50, 4700, 21, 99607, 99607
50, 4710, 21, 99260, 101806
50, 4720, 21, 99237, 100820
50, 4730, 21, 99168, 102769
50, 4740, 21, 99011, 101710
50, 4750, 21, 98977, 99011
50, 4760, 21, 98963, 100087
50, 4770, 21, 98841, 99723
50, 4780, 21, 98841, 100313
50, 4790, 21, 98841, 102005
50, 4800, 21, 98688, 101844
50, 4810, 21, 98672, 100488
50, 4820, 21, 98550, 99236
50, 4830, 21, 98550, 99143
50, 4840, 21, 98345, 100111
50, 4850, 21, 98145, 99945
50, 4860, 21, 97824, 100514
50, 4870, 21, 97717, 99111
50, 4880, 21, 97213, 100028
50, 4890, 21, 97154, 97213
50, 4900, 21, 97075, 97775
50, 4910, 21, 97075, 98250
50, 4920, 21, 97075, 98330
50, 4930, 21, 96904, 97588
50, 4940, 21, 96904, 98468
50, 4950, 21, 96561, 98294
50, 4960, 21, 96539, 96561
50, 4970, 21, 96521, 96561
50, 4980, 21, 96398, 99258
50, 4990, 21, 96396, 101379
50, 5000, 21, 96314, 99230
50, 5010, 21, 96010, 96314
50, 5020, 21, 95970, 98805
50, 5030, 21, 95739, 96940
50, 5040, 21, 95652, 96269
50, 5050, 21, 95652, 96913
50, 5060, 21, 95652, 97688
50, 5070, 21, 95376, 95597
50, 5080, 21, 95224, 96087
50, 5090, 21, 95224, 98363
50, 5100, 21, 94924, 97089
50, 5110, 21, 94789, 94924
50, 5120, 21, 94789, 98347
50, 5130, 21, 94744, 96888
50, 5140, 21, 94744, 98673
50, 5150, 21, 94576, 97004
50, 5160, 21, 94576, 96167
50, 5170, 21, 94412, 96344
50, 5180, 21, 94412, 95811
50, 5190, 21, 94381, 98279
50, 5200, 21, 94235, 96715
50, 5210, 21, 94158, 94235
50, 5220, 21, 94158, 95412
50, 5230, 21, 94158, 95448
50, 5240, 21, 94075, 94253
50, 5250, 21, 93915, 94157
50, 5260, 21, 93744, 96500
50, 5270, 21, 93744, 93744
50, 5280, 21, 93584, 95794
50, 5290, 21, 93376, 94559
50, 5300, 21, 93203, 93719
50, 5310, 21, 93140, 95153
50, 5320, 21, 92966, 93530
50, 5330, 21, 92966, 94751
50, 5340, 21, 92949, 95148
50, 5350, 21, 92949, 95290
50, 5360, 21, 92892, 92949
50, 5370, 21, 92827, 92892
50, 5380, 21, 92781, 94139
50, 5390, 21, 92781, 94122
50, 5400, 21, 92781, 93403
50, 5410, 21, 92624, 95113
50, 5420, 21, 92624, 93446
50, 5430, 21, 92479, 92574
50, 5440, 21, 92378, 92479
50, 5450, 21, 92378, 93181
50, 5460, 21, 92324, 94297
50, 5470, 21, 92167, 95671
50, 5480, 21, 92167, 95034
50, 5490, 21, 92167, 92575
50, 5500, 21, 92167, 93665
50, 5510, 21, 92079, 92607
50, 5520, 21, 92079, 93148
50, 5530, 21, 92079, 92079
50, 5540, 21, 92079, 92833
50, 5550, 21, 92079, 92648
50, 5560, 21, 92079, 93098
50, 5570, 21, 91774, 92568
50, 5580, 21, 91526, 94397
50, 5590, 21, 91526, 91526
50, 5600, 21, 91446, 93239
50, 5610, 21, 91446, 92836
50, 5620, 21, 91446, 92046
50, 5630, 21, 91446, 91505
50, 5640, 21, 91446, 93996
50, 5650, 21, 91288, 91446
50, 5660, 21, 91288, 91288
50, 5670, 21, 91247, 93101
50, 5680, 21, 91047, 95593
50, 5690, 21, 91047, 92585
50, 5700, 21, 90915, 92302
50, 5710, 21, 90915, 90915
50, 5720, 21, 90724, 92982
50, 5730, 21, 90667, 93363
50, 5740, 21, 90608, 91299
50, 5750, 21, 90502, 90608
50, 5760, 21, 90502, 91321
50, 5770, 21, 90360, 90360
50, 5780, 21, 90360, 90619
50, 5790, 21, 90360, 91322
50, 5800, 21, 90219, 90360
50, 5810, 21, 90219, 91871
50, 5820, 21, 90219, 91974
50, 5830, 21, 90035, 93325
50, 5840, 21, 90035, 92224
50, 5850, 21, 90035, 91963
50, 5860, 21, 89918, 91679
50, 5870, 21, 89613, 89918
50, 5880, 21, 89571, 92429
50, 5890, 21, 89571, 93297
50, 5900, 21, 89571, 89571
50, 5910, 21, 89571, 91896
50, 5920, 21, 89571, 89571
50, 5930, 21, 89505, 90703
50, 5940, 21, 89505, 89505
50, 5950, 21, 89505, 90083
50, 5960, 21, 89252, 91952
50, 5970, 21, 89052, 89347
50, 5980, 21, 88852, 90668
50, 5990, 21, 88774, 90257
50, 6000, 21, 88669, 89349
50, 6010, 21, 88669, 90158
50, 6020, 21, 88669, 88669
50, 6030, 21, 88591, 88669
50, 6040, 21, 88381, 89524
50, 6050, 21, 88381, 90070
50, 6060, 21, 88381, 88381
50, 6070, 21, 88381, 88381
50, 6080, 21, 88381, 91045
50, 6090, 21, 88381, 90232
50, 6100, 21, 88381, 88381
50, 6110, 21, 88310, 89732
50, 6120, 21, 88186, 89408
50, 6130, 21, 88176, 90400
50, 6140, 21, 88169, 90363
50, 6150, 21, 88151, 88169
50, 6160, 21, 88151, 88751
50, 6170, 21, 88151, 88151
50, 6180, 21, 87854, 88948
50, 6190, 21, 87854, 88414
50, 6200, 21, 87686, 87854
50, 6210, 21, 87686, 87686
50, 6220, 21, 87549, 87798
50, 6230, 21, 87549, 88626
50, 6240, 21, 87516, 88736
50, 6250, 21, 87416, 87475
50, 6260, 21, 87167, 87416
50, 6270, 21, 87150, 87957
50, 6280, 21, 87150, 88432
50, 6290, 21, 87150, 89956
50, 6300, 21, 87150, 87150
50, 6310, 21, 87150, 87150
50, 6320, 21, 87150, 87150
50, 6330, 21, 87150, 87150
50, 6340, 21, 87150, 88816
50, 6350, 21, 87063, 87794
50, 6360, 21, 86620, 86980
50, 6370, 21, 86620, 86620
50, 6380, 21, 86620, 89780
50, 6390, 21, 86620, 89799
50, 6400, 21, 86620, 88283
50, 6410, 21, 86576, 86620
50, 6420, 21, 86410, 87371
50, 6430, 21, 86341, 89351
50, 6440, 21, 86341, 88977
50, 6450, 21, 86341, 86530
50, 6460, 21, 86341, 88299
50, 6470, 21, 86136, 86276
50, 6480, 21, 85936, 85936
50, 6490, 21, 85936, 87622
50, 6500, 21, 85936, 87509
50, 6510, 21, 85795, 88174
50, 6520, 21, 85795, 85795
50, 6530, 21, 85795, 86948
50, 6540, 21, 85759, 87669
50, 6550, 21, 85482, 88977
50, 6560, 21, 85430, 87352
50, 6570, 21, 85302, 86740
50, 6580, 21, 85302, 85302
50, 6590, 21, 85033, 87475
50, 6600, 21, 85022, 85033
50, 6610, 21, 85022, 86717
50, 6620, 21, 85022, 87475
50, 6630, 21, 84989, 86955
50, 6640, 21, 84868, 86958
50, 6650, 21, 84868, 86187
50, 6660, 21, 84632, 87016
50, 6670, 21, 84632, 84632
50, 6680, 21, 84632, 84632
50, 6690, 21, 84526, 85607
50, 6700, 21, 84526, 85640
50, 6710, 21, 84526, 87376
50, 6720, 21, 84490, 85356
50, 6730, 21, 84490, 84490
50, 6740, 21, 84148, 84148
50, 6750, 21, 84148, 87597
50, 6760, 21, 84148, 85793
50, 6770, 21, 84102, 84148
50, 6780, 21, 84024, 84857
50, 6790, 21, 84024, 86181
50, 6800, 21, 84013, 85074
50, 6810, 21, 83974, 85596
50, 6820, 21, 83974, 83974
50, 6830, 21, 83974, 83974
50, 6840, 21, 83974, 84515
50, 6850, 21, 83808, 86304
50, 6860, 21, 83808, 85433
50, 6870, 21, 83808, 85006
50, 6880, 21, 83753, 84841
50, 6890, 21, 83710, 86241
50, 6900, 21, 83300, 85411
50, 6910, 21, 83300, 86061
50, 6920, 21, 83277, 84580
50, 6930, 21, 83127, 86067
50, 6940, 21, 83063, 84155
50, 6950, 21, 83044, 83063
50, 6960, 21, 83044, 83539
50, 6970, 21, 83044, 84047
50, 6980, 21, 82986, 83044
50, 6990, 21, 82986, 83333
50, 7000, 21, 82986, 83455
50, 7010, 21, 82986, 82986
50, 7020, 21, 82938, 82986
50, 7030, 21, 82938, 85898
50, 7040, 21, 82583, 83015
50, 7050, 21, 82583, 82583
50, 7060, 21, 82583, 82583
50, 7070, 21, 82583, 82583
50, 7080, 21, 82523, 84044
50, 7090, 21, 82254, 83911
50, 7100, 21, 82254, 82254
50, 7110, 21, 82254, 83228
50, 7120, 21, 82254, 84902
50, 7130, 21, 82254, 83253
50, 7140, 21, 82254, 82560
50, 7150, 21, 82254, 83164
50, 7160, 21, 82207, 82254
50, 7170, 21, 82207, 82207
50, 7180, 21, 82207, 82207
50, 7190, 21, 82153, 82560
50, 7200, 21, 82112, 82112
50, 7210, 21, 81966, 83212
50, 7220, 21, 81907, 84868
50, 7230, 21, 81586, 83367
50, 7240, 21, 81586, 84405
50, 7250, 21, 81586, 83622
50, 7260, 21, 81586, 83743
50, 7270, 21, 81583, 82158
50, 7280, 21, 81291, 81583
50, 7290, 21, 81291, 83109
50, 7300, 21, 81214, 83219
50, 7310, 21, 81214, 82209
50, 7320, 21, 81214, 83386
50, 7330, 21, 81214, 82581
50, 7340, 21, 81133, 84718
50, 7350, 21, 80198, 80870
50, 7360, 21, 80198, 80198
50, 7370, 21, 80070, 81477
50, 7380, 21, 80051, 80070
50, 7390, 21, 80051, 82183
50, 7400, 21, 80051, 80051
50, 7410, 21, 79789, 81565
50, 7420, 21, 79789, 79789
50, 7430, 21, 79789, 82587
50, 7440, 21, 79730, 81466
50, 7450, 21, 79723, 79912
50, 7460, 21, 79723, 80860
50, 7470, 21, 79723, 80803
50, 7480, 21, 79723, 80888
50, 7490, 21, 79709, 82825
50, 7500, 21, 79637, 82356
50, 7510, 21, 79612, 81974
50, 7520, 21, 79612, 81610
50, 7530, 21, 79612, 79612
50, 7540, 21, 79501, 80149
50, 7550, 21, 79501, 79501
50, 7560, 21, 79500, 79500
50, 7570, 21, 79500, 79500
50, 7580, 21, 79500, 80882
50, 7590, 21, 79500, 79500
50, 7600, 21, 79500, 81094
50, 7610, 21, 79500, 79500
50, 7620, 21, 79500, 81272
50, 7630, 21, 79500, 80978
50, 7640, 21, 79500, 81589
50, 7650, 21, 79500, 80887
50, 7660, 21, 79459, 80051
50, 7670, 21, 79459, 79459
50, 7680, 21, 79342, 80164
50, 7690, 21, 79342, 81987
50, 7700, 21, 79342, 80789
50, 7710, 21, 79342, 79342
50, 7720, 21, 79342, 81338
50, 7730, 21, 78935, 79307
50, 7740, 21, 78935, 80163
50, 7750, 21, 78935, 78935
50, 7760, 21, 78935, 80823
50, 7770, 21, 78935, 80004
50, 7780, 21, 78935, 78935
50, 7790, 21, 78935, 78935
50, 7800, 21, 78495, 78993
50, 7810, 21, 78495, 79316
50, 7820, 21, 78454, 80697
50, 7830, 21, 78454, 78701
50, 7840, 21, 78161, 78454
50, 7850, 21, 78161, 78161
50, 7860, 21, 78161, 79742
50, 7870, 21, 78161, 78614
50, 7880, 21, 78019, 78161
50, 7890, 21, 78019, 79376
50, 7900, 21, 78019, 78019
50, 7910, 21, 77501, 77819
50, 7920, 21, 77270, 77942
50, 7930, 21, 77270, 77709
50, 7940, 21, 77270, 77270
50, 7950, 21, 77081, 77270
50, 7960, 21, 77081, 78961
50, 7970, 21, 77081, 80178
50, 7980, 21, 77004, 78311
50, 7990, 21, 77004, 77004
50, 8000, 21, 77004, 78793
50, 8010, 21, 76914, 77004
50, 8020, 21, 76914, 76914
50, 8030, 21, 76914, 78155
50, 8040, 21, 76914, 78191
50, 8050, 21, 76914, 76914
50, 8060, 21, 76794, 77186
50, 8070, 21, 76794, 76794
50, 8080, 21, 76794, 79103
50, 8090, 21, 76794, 77812
50, 8100, 21, 76794, 76794
50, 8110, 21, 76367, 79777
50, 8120, 21, 76367, 77786
50, 8130, 21, 76089, 78997
50, 8140, 21, 76089, 79238
50, 8150, 21, 75859, 76748
50, 8160, 21, 75859, 78487
50, 8170, 21, 75859, 75859
50, 8180, 21, 75859, 75859
50, 8190, 21, 75859, 78021
50, 8200, 21, 75859, 77699
50, 8210, 21, 75859, 77031
50, 8220, 21, 75859, 78572
50, 8230, 21, 75859, 77815
50, 8240, 21, 75859, 77611
50, 8250, 21, 75859, 78443
50, 8260, 21, 75859, 75859
50, 8270, 21, 75823, 76403
50, 8280, 21, 75823, 77066
50, 8290, 21, 75823, 75823
50, 8300, 21, 75709, 77215
50, 8310, 21, 75661, 76593
50, 8320, 21, 75661, 75661
50, 8330, 21, 75661, 75661
50, 8340, 21, 75661, 77597
50, 8350, 21, 75661, 76395
50, 8360, 21, 75661, 77225
50, 8370, 21, 75661, 77136
50, 8380, 21, 75477, 77271
50, 8390, 21, 75475, 75477
50, 8400, 21, 75475, 76669
50, 8410, 21, 75475, 75475
50, 8420, 21, 75475, 76731
50, 8430, 21, 75435, 75475
50, 8440, 21, 75435, 77015
50, 8450, 21, 75435, 75435
50, 8460, 21, 75435, 75435
50, 8470, 21, 75415, 75430
50, 8480, 21, 75415, 75415
50, 8490, 21, 75153, 75415
50, 8500, 21, 75153, 75153
50, 8510, 21, 75153, 76405
50, 8520, 21, 75153, 76185
50, 8530, 21, 75153, 75153
50, 8540, 21, 75153, 75153
50, 8550, 21, 75153, 75153
50, 8560, 21, 75153, 75153
50, 8570, 21, 75094, 75153
50, 8580, 21, 74854, 74854
50, 8590, 21, 74854, 74854
50, 8600, 21, 74854, 75562
50, 8610, 21, 74854, 75903
50, 8620, 21, 74854, 74854
50, 8630, 21, 74854, 75254
50, 8640, 21, 74854, 74854
50, 8650, 21, 74837, 74854
50, 8660, 21, 74837, 76040
50, 8670, 21, 74837, 74837
50, 8680, 21, 74837, 75896
50, 8690, 21, 74837, 74837
50, 8700, 21, 74637, 74837
50, 8710, 21, 74637, 77535
50, 8720, 21, 74568, 74637
50, 8730, 21, 74568, 74568
50, 8740, 21, 74568, 74568
50, 8750, 21, 74505, 74568
50, 8760, 21, 74505, 74505
50, 8770, 21, 74422, 74505
50, 8780, 21, 74422, 74908
50, 8790, 21, 74422, 74422
50, 8800, 21, 74422, 76130
50, 8810, 21, 74192, 74422
50, 8820, 21, 74175, 74175
50, 8830, 21, 74157, 75585
50, 8840, 21, 74157, 74157
50, 8850, 21, 74098, 74855
50, 8860, 21, 74077, 76730
50, 8870, 21, 74077, 74077
50, 8880, 21, 74077, 74077
50, 8890, 21, 74077, 75036
50, 8900, 21, 74077, 74077
50, 8910, 21, 74077, 74077
50, 8920, 21, 74077, 74077
50, 8930, 21, 73933, 73933
50, 8940, 21, 73933, 73933
50, 8950, 21, 73733, 73733
50, 8960, 21, 73675, 75504
50, 8970, 21, 73675, 73675
50, 8980, 21, 73433, 73433
50, 8990, 21, 73433, 76670
50, 9000, 21, 73433, 73433
50, 9010, 21, 73433, 73433
50, 9020, 21, 73433, 75370
50, 9030, 21, 72708, 73433
50, 9040, 21, 72708, 73695
50, 9050, 21, 72668, 74814
50, 9060, 21, 72668, 72668
50, 9070, 21, 72668, 74209
50, 9080, 21, 72668, 75297
50, 9090, 21, 72591, 74796
50, 9100, 21, 72591, 72591
50, 9110, 21, 72552, 72591
50, 9120, 21, 72490, 74206
50, 9130, 21, 72490, 72490
50, 9140, 21, 72490, 72490
50, 9150, 21, 72490, 72490
50, 9160, 21, 72490, 72490
50, 9170, 21, 72490, 72614
50, 9180, 21, 72490, 72490
50, 9190, 21, 72490, 72490
50, 9200, 21, 72490, 72490
50, 9210, 21, 72388, 72490
50, 9220, 21, 72089, 72305
50, 9230, 21, 72089, 72089
50, 9240, 21, 72081, 73430
50, 9250, 21, 71921, 73252
50, 9260, 21, 71921, 71921
50, 9270, 21, 71921, 72316
50, 9280, 21, 71921, 73560
50, 9290, 21, 71921, 71921
50, 9300, 21, 71921, 71921
50, 9310, 21, 71921, 71921
50, 9320, 21, 71921, 72700
50, 9330, 21, 71921, 73536
50, 9340, 21, 71837, 73148
50, 9350, 21, 71837, 72637
50, 9360, 21, 71837, 71837
50, 9370, 21, 71837, 73248
50, 9380, 21, 71837, 71837
50, 9390, 21, 71837, 71837
50, 9400, 21, 71837, 72620
50, 9410, 21, 71407, 71837
50, 9420, 21, 71407, 71407
50, 9430, 21, 71407, 74191
50, 9440, 21, 71271, 71407
50, 9450, 21, 71271, 71271
50, 9460, 21, 71269, 73169
50, 9470, 21, 71269, 72869
50, 9480, 21, 71269, 74428
50, 9490, 21, 71269, 71269
50, 9500, 21, 71269, 71269
50, 9510, 21, 71269, 72342
50, 9520, 21, 71269, 71269
50, 9530, 21, 71269, 71269
50, 9540, 21, 71269, 71269
50, 9550, 21, 71269, 71269
50, 9560, 21, 71269, 72357
50, 9570, 21, 71269, 71269
50, 9580, 21, 71186, 71269
50, 9590, 21, 71186, 71186
50, 9600, 21, 71186, 71186
50, 9610, 21, 71186, 71186
50, 9620, 21, 71186, 71186
50, 9630, 21, 71115, 71186
50, 9640, 21, 71115, 71928
50, 9650, 21, 71115, 71115
50, 9660, 21, 71026, 71115
50, 9670, 21, 71026, 71026
50, 9680, 21, 71026, 71026
50, 9690, 21, 71026, 71026
50, 9700, 21, 71026, 71026
50, 9710, 21, 70638, 71026
50, 9720, 21, 70638, 70638
50, 9730, 21, 70560, 70638
50, 9740, 21, 70560, 70560
50, 9750, 21, 70560, 70560
50, 9760, 21, 70560, 72139
50, 9770, 21, 70560, 71763
50, 9780, 21, 70560, 72192
50, 9790, 21, 70560, 72007
50, 9800, 21, 70427, 70427
50, 9810, 21, 70427, 70427
50, 9820, 21, 70427, 70427
50, 9830, 21, 70427, 70427
50, 9840, 21, 70427, 70427
50, 9850, 21, 70109, 70109
50, 9860, 21, 70109, 70109
50, 9870, 21, 69956, 70109
50, 9880, 21, 69930, 72492
50, 9890, 21, 69816, 71616
50, 9900, 21, 69716, 69716
50, 9910, 21, 69716, 71074
50, 9920, 21, 69716, 69716
50, 9930, 21, 69667, 71547
50, 9940, 21, 69667, 71341
50, 9950, 21, 69667, 69667
50, 9960, 21, 69330, 69667
50, 9970, 21, 69330, 70040
50, 9980, 21, 69330, 71235
50, 9990, 21, 69330, 69330
50, 10000, 21, 69330, 69330
50, 10010, 21, 69330, 69330
50, 10020, 21, 69239, 71676
50, 10030, 21, 69239, 69239
50, 10040, 21, 69239, 69897
50, 10050, 21, 69239, 69239
50, 10060, 21, 69239, 69239
50, 10070, 21, 69239, 70803
50, 10080, 21, 69239, 70262
50, 10090, 21, 69239, 69239
50, 10100, 21, 69221, 69239
50, 10110, 21, 69221, 70448
50, 10120, 21, 69221, 70795
50, 10130, 21, 69221, 70785
50, 10140, 21, 69163, 69221
50, 10150, 21, 69163, 69163
50, 10160, 21, 69000, 70277
50, 10170, 21, 69000, 69000
50, 10180, 21, 69000, 70397
50, 10190, 21, 69000, 69000
50, 10200, 21, 69000, 69000
50, 10210, 21, 69000, 69000
50, 10220, 21, 69000, 69000
50, 10230, 21, 69000, 70878
50, 10240, 21, 69000, 71485
50, 10250, 21, 68935, 69593
50, 10260, 21, 68735, 69222
50, 10270, 21, 68732, 69326
50, 10280, 21, 68237, 68237
50, 10290, 21, 68237, 68237
50, 10300, 21, 68237, 68237
50, 10310, 21, 68095, 68237
50, 10320, 21, 68095, 68095
50, 10330, 21, 68095, 68095
50, 10340, 21, 68095, 68095
50, 10350, 21, 68095, 68234
50, 10360, 21, 68095, 68095
50, 10370, 21, 68095, 68095
50, 10380, 21, 68095, 68095
50, 10390, 21, 68095, 69888
50, 10400, 21, 67858, 68095
50, 10410, 21, 67817, 67858
50, 10420, 21, 67817, 67817
50, 10430, 21, 67801, 67817
50, 10440, 21, 67801, 67801
50, 10450, 21, 67801, 67801
50, 10460, 21, 67801, 67801
50, 10470, 21, 67801, 67801
50, 10480, 21, 67789, 67789
50, 10490, 21, 67789, 67789
50, 10500, 21, 67789, 67789
50, 10510, 21, 67789, 67789
50, 10520, 21, 67606, 67789
50, 10530, 21, 67606, 67766
50, 10540, 21, 67606, 67606
50, 10550, 21, 67606, 67606
50, 10560, 21, 67606, 67606
50, 10570, 21, 67606, 67606
50, 10580, 21, 67606, 67931
50, 10590, 21, 67606, 67606
50, 10600, 21, 67606, 67606
50, 10610, 21, 67566, 67606
50, 10620, 21, 67491, 67491
50, 10630, 21, 67491, 67491
50, 10640, 21, 67491, 68860
50, 10650, 21, 67491, 67491
50, 10660, 21, 67491, 67628
50, 10670, 21, 67491, 68681
50, 10680, 21, 67491, 67491
50, 10690, 21, 67491, 67491
50, 10700, 21, 67491, 67491
50, 10710, 21, 67491, 67491
50, 10720, 21, 67491, 67491
50, 10730, 21, 67491, 67491
50, 10740, 21, 67491, 67491
50, 10750, 21, 67491, 67491
50, 10760, 21, 67491, 67949
50, 10770, 21, 67469, 68313
50, 10780, 21, 67469, 67469
50, 10790, 21, 67411, 67411
50, 10800, 21, 67411, 70003
50, 10810, 21, 67328, 67592
50, 10820, 21, 67220, 67328
50, 10830, 21, 67220, 68774
50, 10840, 21, 67131, 67131
50, 10850, 21, 67131, 67950
50, 10860, 21, 67131, 67131
50, 10870, 21, 67131, 67131
50, 10880, 21, 67131, 67131
50, 10890, 21, 67131, 67131
50, 10900, 21, 67131, 67131
50, 10910, 21, 67131, 67131
50, 10920, 21, 67131, 67131
50, 10930, 21, 67051, 67131
50, 10940, 21, 67051, 67051
50, 10950, 21, 67051, 67051
50, 10960, 21, 67051, 67051
50, 10970, 21, 67051, 67051
50, 10980, 21, 67051, 67051
50, 10990, 21, 67051, 67051
50, 11000, 21, 66993, 68607
50, 11010, 21, 66993, 66993
50, 11020, 21, 66993, 67127
50, 11030, 21, 66993, 66993
50, 11040, 21, 66993, 66993
50, 11050, 21, 66993, 66993
50, 11060, 21, 66993, 66993
50, 11070, 21, 66899, 66909
50, 11080, 21, 66899, 66899
50, 11090, 21, 66899, 66899
50, 11100, 21, 66899, 66899
50, 11110, 21, 66899, 66899
50, 11120, 21, 66899, 66899
50, 11130, 21, 66899, 66899
50, 11140, 21, 66899, 66899
50, 11150, 21, 66899, 66899
50, 11160, 21, 66840, 66840
50, 11170, 21, 66840, 68185
50, 11180, 21, 66840, 66840
50, 11190, 21, 66774, 66774
50, 11200, 21, 66774, 68386
50, 11210, 21, 66774, 66774
50, 11220, 21, 66774, 66774
50, 11230, 21, 66774, 66774
50, 11240, 21, 66774, 66774
50, 11250, 21, 66733, 66774
50, 11260, 21, 66733, 67645
50, 11270, 21, 66733, 66733
50, 11280, 21, 66674, 66733
50, 11290, 21, 66674, 66674
50, 11300, 21, 66674, 68107
50, 11310, 21, 66674, 66674
50, 11320, 21, 66674, 66674
50, 11330, 21, 66674, 66674
50, 11340, 21, 66674, 66674
50, 11350, 21, 66674, 66674
50, 11360, 21, 66616, 66674
50, 11370, 21, 66616, 66616
50, 11380, 21, 66616, 66616
50, 11390, 21, 66616, 66616
50, 11400, 21, 66616, 66616
50, 11410, 21, 66616, 66616
50, 11420, 21, 66616, 66616
50, 11430, 21, 66616, 66616
50, 11440, 21, 66616, 66616
50, 11450, 21, 66582, 66582
50, 11460, 21, 66582, 66582
50, 11470, 21, 66582, 66582
50, 11480, 21, 66582, 66582
50, 11490, 21, 66582, 66582
50, 11500, 21, 66582, 66582
50, 11510, 21, 66582, 68211
50, 11520, 21, 66582, 66582
50, 11530, 21, 66582, 66582
50, 11540, 21, 66448, 66448
50, 11550, 21, 66448, 66448
50, 11560, 21, 66448, 66448
50, 11570, 21, 66266, 66266
50, 11580, 21, 66266, 66266
50, 11590, 21, 66266, 66853
50, 11600, 21, 66266, 66266
50, 11610, 21, 66266, 66266
50, 11620, 21, 66266, 66266
50, 11630, 21, 66266, 66266
50, 11640, 21, 66266, 66266
50, 11650, 21, 66073, 66266
50, 11660, 21, 66073, 66073
50, 11670, 21, 66073, 66073
50, 11680, 21, 66073, 66073
50, 11690, 21, 65997, 65997
50, 11700, 21, 65714, 65997
50, 11710, 21, 65714, 66624
50, 11720, 21, 65714, 65714
50, 11730, 21, 65714, 65714
50, 11740, 21, 65714, 65714
50, 11750, 21, 65714, 65714
50, 11760, 21, 65714, 65714
50, 11770, 21, 65714, 66245
50, 11780, 21, 65714, 65714
50, 11790, 21, 65714, 65714
50, 11800, 21, 65708, 65708
50, 11810, 21, 65708, 65708
50, 11820, 21, 65708, 65708
50, 11830, 21, 65708, 65708
50, 11840, 21, 65708, 65708
50, 11850, 21, 65708, 65708
50, 11860, 21, 65708, 65708
50, 11870, 21, 65708, 65708
50, 11880, 21, 65708, 65708
50, 11890, 21, 65708, 65708
50, 11900, 21, 65708, 65708
50, 11910, 21, 65708, 65708
50, 11920, 21, 65708, 65708
50, 11930, 21, 65708, 65708
50, 11940, 21, 65708, 65708
50, 11950, 21, 65708, 65708
50, 11960, 21, 65708, 65708
50, 11970, 21, 65479, 65479
50, 11980, 21, 65479, 65479
50, 11990, 21, 65479, 65479
50, 12000, 21, 65479, 65479
50, 12010, 21, 65479, 65479
50, 12020, 21, 65479, 65479
50, 12030, 21, 65453, 65453
50, 12040, 21, 65453, 65453
50, 12050, 21, 65453, 65453
50, 12060, 21, 65415, 65453
50, 12070, 21, 65415, 65415
50, 12080, 21, 65415, 65415
50, 12090, 21, 65371, 65415
50, 12100, 21, 65371, 65371
50, 12110, 21, 65371, 65371
50, 12120, 21, 65371, 65371
50, 12130, 21, 65330, 65330
50, 12140, 21, 65330, 65330
50, 12150, 21, 65330, 65330
50, 12160, 21, 65330, 65330
50, 12170, 21, 65330, 65330
50, 12180, 21, 65330, 65330
50, 12190, 21, 65330, 65330
50, 12200, 21, 65330, 67263
50, 12210, 21, 65330, 65330
50, 12220, 21, 65330, 65330
50, 12230, 21, 65330, 65330
50, 12240, 21, 65330, 65330
50, 12250, 21, 65330, 65330
50, 12260, 21, 65330, 65330
50, 12270, 21, 65330, 65330
50, 12280, 21, 65330, 65330
50, 12290, 21, 65330, 65330
50, 12300, 21, 65330, 65330
50, 12310, 21, 65330, 65330
50, 12320, 21, 65330, 65330
50, 12330, 21, 65330, 65330
50, 12340, 21, 65330, 65330
50, 12350, 21, 65330, 65330
50, 12360, 21, 65216, 65330
50, 12370, 21, 65163, 65216
50, 12380, 21, 65163, 65163
50, 12390, 21, 65163, 65163
50, 12400, 21, 65163, 65163
50, 12410, 21, 65098, 65098
50, 12420, 21, 65098, 65098
50, 12430, 21, 65098, 65098
50, 12440, 21, 65098, 65098
50, 12450, 21, 65098, 65651
50, 12460, 21, 65098, 65098
50, 12470, 21, 65098, 65098
50, 12480, 21, 65098, 65098
50, 12490, 21, 65098, 65098
50, 12500, 21, 65098, 65098
50, 12510, 21, 65098, 65098
50, 12520, 21, 65098, 65098
50, 12530, 21, 65015, 65015
50, 12540, 21, 65015, 65015
50, 12550, 21, 65015, 65015
50, 12560, 21, 65015, 65015
50, 12570, 21, 65015, 65015
50, 12580, 21, 65015, 65015
50, 12590, 21, 65015, 65015
50, 12600, 21, 65015, 65015
50, 12610, 21, 65015, 65015
50, 12620, 21, 65009, 65009
50, 12630, 21, 65009, 65009
50, 12640, 21, 65009, 65009
50, 12650, 21, 65009, 65009
50, 12660, 21, 65009, 65009
50, 12670, 21, 65009, 65009
50, 12680, 21, 65009, 65009
50, 12690, 21, 64965, 65009
50, 12700, 21, 64941, 64965
50, 12710, 21, 64941, 64941
50, 12720, 21, 64941, 64941
50, 12730, 21, 64941, 64941
50, 12740, 21, 64941, 64941
50, 12750, 21, 64855, 64855
50, 12760, 21, 64822, 64855
50, 12770, 21, 64822, 64822
50, 12780, 21, 64822, 64822
50, 12790, 21, 64822, 64822
50, 12800, 21, 64822, 64822
50, 12810, 21, 64822, 66860
50, 12820, 21, 64822, 64822
50, 12830, 21, 64822, 64822
50, 12840, 21, 64822, 64822
50, 12850, 21, 64822, 64822
50, 12860, 21, 64643, 64822
50, 12870, 21, 64643, 64643
50, 12880, 21, 64643, 64643
50, 12890, 21, 64643, 64643
50, 12900, 21, 64643, 64643
50, 12910, 21, 64643, 64643
50, 12920, 21, 64643, 64643
50, 12930, 21, 64643, 64643
50, 12940, 21, 64643, 64643
50, 12950, 21, 64643, 65265
50, 12960, 21, 64643, 64643
50, 12970, 21, 64643, 64643
50, 12980, 21, 64643, 64643
50, 12990, 21, 64643, 64643
50, 13000, 21, 64643, 64643
50, 13010, 21, 64643, 64643
50, 13020, 21, 64643, 64643
50, 13030, 21, 64643, 64643
50, 13040, 21, 64643, 64643
50, 13050, 21, 64643, 64643
50, 13060, 21, 64643, 64643
50, 13070, 21, 64643, 64643
50, 13080, 21, 64643, 64643
50, 13090, 21, 64625, 64643
50, 13100, 21, 64625, 64625
50, 13110, 21, 64625, 64625
50, 13120, 21, 64625, 64625
50, 13130, 21, 64625, 64625
50, 13140, 21, 64625, 64625
50, 13150, 21, 64625, 64625
50, 13160, 21, 64625, 64625
50, 13170, 21, 64625, 64625
50, 13180, 21, 64621, 64621
50, 13190, 21, 64621, 65282
50, 13200, 21, 64595, 64595
50, 13210, 21, 64595, 64595
50, 13220, 21, 64595, 64595
50, 13230, 21, 64595, 64595
50, 13240, 21, 64595, 64595
50, 13250, 21, 64595, 64595
50, 13260, 21, 64595, 64595
50, 13270, 21, 64595, 64595
50, 13280, 21, 64595, 64595
50, 13290, 21, 64595, 64595
50, 13300, 21, 64595, 64595
50, 13310, 21, 64595, 64595
50, 13320, 21, 64595, 64595
50, 13330, 21, 64595, 64595
50, 13340, 21, 64595, 64595
50, 13350, 21, 64595, 64595
50, 13360, 21, 64595, 64595
50, 13370, 21, 64595, 64595
50, 13380, 21, 64595, 64595
50, 13390, 21, 64166, 64166
50, 13400, 21, 64158, 64158
50, 13410, 21, 64158, 64158
50, 13420, 21, 64158, 64158
50, 13430, 21, 64158, 64158
50, 13440, 21, 64158, 64158
50, 13450, 21, 64158, 64158
50, 13460, 21, 64158, 64158
50, 13470, 21, 64158, 64158
50, 13480, 21, 64158, 64158
50, 13490, 21, 64158, 64158
50, 13500, 21, 64158, 64158
50, 13510, 21, 64158, 64158
50, 13520, 21, 64129, 64129
50, 13530, 21, 64129, 64129
50, 13540, 21, 64129, 64129
50, 13550, 21, 63987, 64129
50, 13560, 21, 63987, 63987
50, 13570, 21, 63987, 63987
50, 13580, 21, 63987, 63987
50, 13590, 21, 63987, 63987
50, 13600, 21, 63813, 63813
50, 13610, 21, 63813, 63813
50, 13620, 21, 63747, 63747
50, 13630, 21, 63650, 63747
50, 13640, 21, 63650, 63650
50, 13650, 21, 63650, 63650
50, 13660, 21, 63650, 63650
50, 13670, 21, 63578, 63578
50, 13680, 21, 63578, 63578
50, 13690, 21, 63578, 63578
50, 13700, 21, 63578, 63578
50, 13710, 21, 63578, 63578
50, 13720, 21, 63578, 63578
50, 13730, 21, 63578, 63578
50, 13740, 21, 63578, 63578
50, 13750, 21, 63434, 63578
50, 13760, 21, 63434, 63434
50, 13770, 21, 63434, 63434
50, 13780, 21, 63434, 63434
50, 13790, 21, 63434, 63434
50, 13800, 21, 63434, 63434
50, 13810, 21, 63434, 63434
50, 13820, 21, 63351, 63434
50, 13830, 21, 63351, 63351
50, 13840, 21, 63351, 63351
50, 13850, 21, 63351, 63351
50, 13860, 21, 63349, 63351
50, 13870, 21, 63349, 63349
50, 13880, 21, 63349, 63349
50, 13890, 21, 63349, 63349
50, 13900, 21, 63349, 63349
50, 13910, 21, 63349, 63349
50, 13920, 21, 63349, 63349
50, 13930, 21, 63280, 63349
50, 13940, 21, 63280, 63280
50, 13950, 21, 63273, 63280
50, 13960, 21, 63273, 63273
50, 13970, 21, 63273, 63273
50, 13980, 21, 63273, 64142
50, 13990, 21, 63269, 63273
50, 14000, 21, 63084, 63269
50, 14010, 21, 63084, 63084
50, 14020, 21, 63018, 63084
50, 14030, 21, 63018, 63018
50, 14040, 21, 63018, 63018
50, 14050, 21, 63018, 63018
50, 14060, 21, 63018, 63018
50, 14070, 21, 63018, 63018
50, 14080, 21, 63018, 63018
50, 14090, 21, 62952, 62952
50, 14100, 21, 62927, 62952
50, 14110, 21, 62927, 62927
50, 14120, 21, 62927, 62927
50, 14130, 21, 62927, 62927
50, 14140, 21, 62927, 62927
50, 14150, 21, 62891, 62891
50, 14160, 21, 62891, 62891
50, 14170, 21, 62891, 62891
50, 14180, 21, 62891, 62891
50, 14190, 21, 62891, 62891
50, 14200, 21, 62891, 62891
50, 14210, 21, 62891, 62891
50, 14220, 21, 62891, 62891
50, 14230, 21, 62891, 62891
50, 14240, 21, 62891, 62891
50, 14250, 21, 62874, 62874
50, 14260, 21, 62874, 62874
50, 14270, 21, 62874, 62874
50, 14280, 21, 62874, 62874
50, 14290, 21, 62874, 62874
50, 14300, 21, 62790, 62862
50, 14310, 21, 62778, 62778
50, 14320, 21, 62778, 62778
50, 14330, 21, 62778, 62778
50, 14340, 21, 62775, 62775
50, 14350, 21, 62775, 62775
50, 14360, 21, 62775, 62775
50, 14370, 21, 62775, 62775
50, 14380, 21, 62775, 62775
50, 14390, 21, 62775, 62775
50, 14400, 21, 62775, 62775
50, 14410, 21, 62775, 62775
50, 14420, 21, 62775, 62775
50, 14430, 21, 62775, 62775
50, 14440, 21, 62775, 62775
50, 14450, 21, 62775, 62775
50, 14460, 21, 62775, 62775
50, 14470, 21, 62775, 62775
50, 14480, 21, 62775, 62775
50, 14490, 21, 62775, 62775
50, 14500, 21, 62775, 62775
50, 14510, 21, 62775, 62775
50, 14520, 21, 62575, 62575
50, 14530, 21, 62575, 62575
50, 14540, 21, 62575, 62575
50, 14550, 21, 62575, 62575
50, 14560, 21, 62575, 62575
50, 14570, 21, 62575, 62575
50, 14580, 21, 62575, 62575
50, 14590, 21, 62575, 62575
50, 14600, 21, 62575, 62575
50, 14610, 21, 62520, 62575
50, 14620, 21, 62520, 62520
50, 14630, 21, 62520, 62520
50, 14640, 21, 62520, 62520
50, 14650, 21, 62520, 62520
50, 14660, 21, 62520, 62520
50, 14670, 21, 62520, 62520
50, 14680, 21, 62520, 62520
50, 14690, 21, 62520, 62520
50, 14700, 21, 62520, 62520
50, 14710, 21, 62520, 62520
50, 14720, 21, 62520, 62520
50, 14730, 21, 62520, 62520
50, 14740, 21, 62520, 62520
50, 14750, 21, 62520, 62520
50, 14760, 21, 62331, 62520
50, 14770, 21, 62331, 62331
50, 14780, 21, 62331, 62331
50, 14790, 21, 62331, 62331
50, 14800, 21, 62331, 62331
50, 14810, 21, 62331, 62331
50, 14820, 21, 62331, 62331
50, 14830, 21, 62331, 62331
50, 14840, 21, 62331, 62331
50, 14850, 21, 62331, 62331
50, 14860, 21, 62331, 62331
50, 14870, 21, 62331, 62331
50, 14880, 21, 62331, 62331
50, 14890, 21, 62331, 62331
50, 14900, 21, 62131, 62131
50, 14910, 21, 62128, 62131
50, 14920, 21, 62045, 62045
50, 14930, 21, 62045, 62045
50, 14940, 21, 62045, 62045
50, 14950, 21, 62045, 62045
50, 14960, 21, 62045, 62045
50, 14970, 21, 62045, 62045
50, 14980, 21, 62045, 62045
50, 14990, 21, 61855, 62045
50, 15000, 21, 61855, 61855
50, 15010, 21, 61855, 61855
50, 15020, 21, 61855, 61855
50, 15030, 21, 61855, 61855
50, 15040, 21, 61855, 61855
50, 15050, 21, 61855, 61855
50, 15060, 21, 61855, 61855
50, 15070, 21, 61855, 61855
50, 15080, 21, 61855, 61855
50, 15090, 21, 61855, 61855
50, 15100, 21, 61855, 61855
50, 15110, 21, 61855, 61855
50, 15120, 21, 61855, 61855
50, 15130, 21, 61855, 61855
50, 15140, 21, 61855, 61855
50, 15150, 21, 61855, 61855
50, 15160, 21, 61855, 61855
50, 15170, 21, 61855, 61855
50, 15180, 21, 61855, 61855
50, 15190, 21, 61855, 61855
50, 15200, 21, 61855, 61855
50, 15210, 21, 61799, 61799
50, 15220, 21, 61799, 61799
50, 15230, 21, 61799, 61799
50, 15240, 21, 61799, 61799
50, 15250, 21, 61799, 61799
50, 15260, 21, 61799, 61799
50, 15270, 21, 61799, 61799
50, 15280, 21, 61752, 61752
50, 15290, 21, 61752, 61752
50, 15300, 21, 61658, 61658
50, 15310, 21, 61658, 61658
50, 15320, 21, 61658, 61658
50, 15330, 21, 61658, 61658
50, 15340, 21, 61658, 61658
50, 15350, 21, 61658, 61658
50, 15360, 21, 61658, 61658
50, 15370, 21, 61658, 61658
50, 15380, 21, 61658, 61658
50, 15390, 21, 61658, 61658
50, 15400, 21, 61612, 61658
50, 15410, 21, 61612, 61612
50, 15420, 21, 61612, 61612
50, 15430, 21, 61612, 61612
50, 15440, 21, 61612, 61612
50, 15450, 21, 61612, 61612
50, 15460, 21, 61612, 61612
50, 15470, 21, 61612, 61612
50, 15480, 21, 61612, 61612
50, 15490, 21, 61512, 61612
50, 15500, 21, 61512, 61512
50, 15510, 21, 61512, 61512
50, 15520, 21, 61512, 61512
50, 15530, 21, 61512, 61512
50, 15540, 21, 61512, 61512
50, 15550, 21, 61512, 61512
50, 15560, 21, 61512, 61512
50, 15570, 21, 61512, 61512
50, 15580, 21, 61512, 61512
50, 15590, 21, 61512, 61512
50, 15600, 21, 61512, 61512
50, 15610, 21, 61479, 61512
50, 15620, 21, 61479, 61479
50, 15630, 21, 61479, 61479
50, 15640, 21, 61479, 61479
50, 15650, 21, 61447, 61447
50, 15660, 21, 61447, 61447
50, 15670, 21, 61447, 61447
50, 15680, 21, 61447, 61447
50, 15690, 21, 61447, 61447
50, 15700, 21, 61162, 61447
50, 15710, 21, 61162, 61162
50, 15720, 21, 61162, 61162
50, 15730, 21, 61162, 61162
50, 15740, 21, 61162, 61162
50, 15750, 21, 61162, 61162
50, 15760, 21, 61162, 61162
50, 15770, 21, 61162, 61162
50, 15780, 21, 61162, 61162
50, 15790, 21, 61162, 61162
50, 15800, 21, 61162, 61162
50, 15810, 21, 61162, 61162
50, 15820, 21, 61162, 61162
50, 15830, 21, 61162, 61162
50, 15840, 21, 61162, 61162
50, 15850, 21, 61162, 61162
50, 15860, 21, 61162, 61162
50, 15870, 21, 61162, 61162
50, 15880, 21, 61162, 61162
50, 15890, 21, 61162, 61162
50, 15900, 21, 61162, 61162
50, 15910, 21, 61162, 61162
50, 15920, 21, 61162, 61162
50, 15930, 21, 61162, 61162
50, 15940, 21, 61162, 61162
50, 15950, 21, 61162, 61162
50, 15960, 21, 61162, 61162
50, 15970, 21, 61162, 61162
50, 15980, 21, 61162, 61162
50, 15990, 21, 61162, 61162
50, 16000, 21, 61162, 61162
50, 16010, 21, 61162, 61162
50, 16020, 21, 61162, 61162
50, 16030, 21, 61162, 61162
50, 16040, 21, 61162, 61162
50, 16050, 21, 61162, 61162
50, 16060, 21, 61162, 61162
50, 16070, 21, 61162, 61162
50, 16080, 21, 61162, 61162
50, 16090, 21, 61162, 61162
50, 16100, 21, 61162, 61162
50, 16110, 21, 61162, 61162
50, 16120, 21, 61162, 61162
50, 16130, 21, 61162, 61162
50, 16140, 21, 61035, 61162
50, 16150, 21, 61035, 61035
50, 16160, 21, 60959, 60959
50, 16170, 21, 60959, 60959
50, 16180, 21, 60959, 60959
50, 16190, 21, 60959, 60959
50, 16200, 21, 60959, 60959
50, 16210, 21, 60959, 60959
50, 16220, 21, 60959, 60959
50, 16230, 21, 60959, 60959
50, 16240, 21, 60959, 60959
50, 16250, 21, 60959, 60959
50, 16260, 21, 60959, 60959
50, 16270, 21, 60959, 60959
50, 16280, 21, 60959, 60959
50, 16290, 21, 60959, 60959
50, 16300, 21, 60959, 60959
50, 16310, 21, 60959, 60959
50, 16320, 21, 60908, 60908
50, 16330, 21, 60908, 60908
50, 16340, 21, 60908, 60908
50, 16350, 21, 60908, 60908
50, 16360, 21, 60908, 60908
50, 16370, 21, 60908, 60908
50, 16380, 21, 60908, 60908
50, 16390, 21, 60908, 60908
50, 16400, 21, 60908, 60908
50, 16410, 21, 60908, 60908
50, 16420, 21, 60908, 60908
50, 16430, 21, 60766, 60766
50, 16440, 21, 60766, 60766
50, 16450, 21, 60759, 60759
50, 16460, 21, 60759, 60759
50, 16470, 21, 60759, 60759
50, 16480, 21, 60759, 60759
50, 16490, 21, 60759, 60759
50, 16500, 21, 60759, 60759
50, 16510, 21, 60759, 60759
50, 16520, 21, 60759, 60759
50, 16530, 21, 60759, 60759
50, 16540, 21, 60759, 60759
50, 16550, 21, 60759, 60759
50, 16560, 21, 60759, 60759
50, 16570, 21, 60759, 60759
50, 16580, 21, 60759, 60759
50, 16590, 21, 60759, 60759
50, 16600, 21, 60759, 60759
50, 16610, 21, 60759, 60759
50, 16620, 21, 60759, 60759
50, 16630, 21, 60759, 60759
50, 16640, 21, 60759, 60759
50, 16650, 21, 60759, 60759
50, 16660, 21, 60759, 60759
50, 16670, 21, 60759, 60759
50, 16680, 21, 60759, 60759
50, 16690, 21, 60759, 60759
50, 16700, 21, 60759, 60759
50, 16710, 21, 60759, 60759
50, 16720, 21, 60759, 60759
50, 16730, 21, 60759, 60759
50, 16740, 21, 60759, 60759
50, 16750, 21, 60759, 60759
50, 16760, 21, 60759, 60759
50, 16770, 21, 60759, 60759
50, 16780, 21, 60759, 60759
50, 16790, 21, 60759, 60759
50, 16800, 21, 60759, 60759
50, 16810, 21, 60759, 60759
50, 16820, 21, 60759, 60759
50, 16830, 21, 60759, 60759
50, 16840, 21, 60759, 60759
50, 16850, 21, 60759, 60759
50, 16860, 21, 60759, 60759
50, 16870, 21, 60759, 60759
50, 16880, 21, 60759, 60759
50, 16890, 21, 60759, 60759
50, 16900, 21, 60759, 60759
50, 16910, 21, 60759, 60759
50, 16920, 21, 60759, 60759
50, 16930, 21, 60759, 60759
50, 16940, 21, 60759, 60759
50, 16950, 21, 60759, 60759
50, 16960, 21, 60759, 60759
50, 16970, 21, 60759, 60759
50, 16980, 21, 60759, 60759
50, 16990, 21, 60759, 60759
50, 17000, 21, 60759, 60759
50, 17010, 21, 60759, 60759
50, 17020, 21, 60759, 60759
50, 17030, 21, 60696, 60696
50, 17040, 21, 60696, 60696
50, 17050, 21, 60696, 60696
50, 17060, 21, 60555, 60555
50, 17070, 21, 60555, 60555
50, 17080, 21, 60555, 60555
50, 17090, 21, 60555, 60555
50, 17100, 21, 60555, 60555
50, 17110, 21, 60555, 60555
50, 17120, 21, 60555, 60555
50, 17130, 21, 60555, 60555
50, 17140, 21, 60555, 60555
50, 17150, 21, 60555, 60555
50, 17160, 21, 60555, 60555
50, 17170, 21, 60555, 60555
50, 17180, 21, 60555, 60555
50, 17190, 21, 60555, 60555
50, 17200, 21, 60555, 60555
50, 17210, 21, 60555, 60555
50, 17220, 21, 60555, 60555
50, 17230, 21, 60429, 60555
50, 17240, 21, 60429, 60429
50, 17250, 21, 60429, 60429
50, 17260, 21, 60429, 60429
50, 17270, 21, 60429, 60429
50, 17280, 21, 60429, 60429
50, 17290, 21, 60429, 60429
50, 17300, 21, 60429, 60429
50, 17310, 21, 60429, 60429
50, 17320, 21, 60429, 60429
50, 17330, 21, 60429, 60429
50, 17340, 21, 60429, 60429
50, 17350, 21, 60429, 60429
50, 17360, 21, 60429, 60429
50, 17370, 21, 60429, 60429
50, 17380, 21, 60429, 60429
50, 17390, 21, 60429, 60429
50, 17400, 21, 60429, 60429
50, 17410, 21, 60429, 60429
50, 17420, 21, 60429, 60429
50, 17430, 21, 60429, 60429
50, 17440, 21, 60429, 60429
50, 17450, 21, 60429, 60429
50, 17460, 21, 60429, 60429
50, 17470, 21, 60429, 60429
50, 17480, 21, 60429, 60429
50, 17490, 21, 60429, 60429
50, 17500, 21, 60429, 60429
50, 17510, 21, 60429, 60429
50, 17520, 21, 60429, 60429
50, 17530, 21, 60429, 60429
50, 17540, 21, 60429, 60429
50, 17550, 21, 60429, 60429
50, 17560, 21, 60429, 60429
50, 17570, 21, 60328, 60328
50, 17580, 21, 60328, 60328
50, 17590, 21, 60328, 60328
50, 17600, 21, 60328, 60328
50, 17610, 21, 60328, 60328
50, 17620, 21, 60328, 60328
50, 17630, 21, 60328, 60328
50, 17640, 21, 60328, 60328
50, 17650, 21, 60328, 60328
50, 17660, 21, 60328, 60328
50, 17670, 21, 60328, 60328
50, 17680, 21, 60328, 60328
50, 17690, 21, 60328, 60328
50, 17700, 21, 60328, 60328
50, 17710, 21, 60328, 60328
50, 17720, 21, 60328, 60328
50, 17730, 21, 60328, 60328
50, 17740, 21, 60328, 60328
50, 17750, 21, 60328, 60328
50, 17760, 21, 60328, 60328
50, 17770, 21, 60328, 60328
50, 17780, 21, 60328, 60328
50, 17790, 21, 60328, 60328
50, 17800, 21, 60328, 60328
50, 17810, 21, 60328, 60328
50, 17820, 21, 60328, 60328
50, 17830, 21, 60328, 60328
50, 17840, 21, 60328, 60328
50, 17850, 21, 60328, 60328
50, 17860, 21, 60311, 60311
50, 17870, 21, 60311, 60311
50, 17880, 21, 60311, 60311
50, 17890, 21, 60311, 60311
50, 17900, 21, 60311, 60311
50, 17910, 21, 60311, 60311
50, 17920, 21, 60311, 60311
50, 17930, 21, 60311, 60311
50, 17940, 21, 60311, 60311
50, 17950, 21, 60311, 60311
50, 17960, 21, 60311, 60311
50, 17970, 21, 60311, 60311
50, 17980, 21, 60311, 60311
50, 17990, 21, 60311, 60311
50, 18000, 21, 60311, 60311
50, 18010, 21, 60311, 60311
50, 18020, 21, 60311, 60311
50, 18030, 21, 60311, 60311
50, 18040, 21, 60311, 60311
50, 18050, 21, 60311, 60311
50, 18060, 21, 60311, 60311
50, 18070, 21, 60311, 60311
50, 18080, 21, 60311, 60311
50, 18090, 21, 60311, 60311
50, 18100, 21, 60311, 60311
50, 18110, 21, 60252, 60252
50, 18120, 21, 60252, 60252
50, 18130, 21, 60252, 60252
50, 18140, 21, 60252, 60252
50, 18150, 21, 60252, 60252
50, 18160, 21, 60200, 60200
50, 18170, 21, 60200, 60200
50, 18180, 21, 60200, 60200
50, 18190, 21, 60200, 60200
50, 18200, 21, 60182, 60182
50, 18210, 21, 60182, 60182
50, 18220, 21, 60182, 60182
50, 18230, 21, 60182, 60182
50, 18240, 21, 60182, 60182
50, 18250, 21, 60182, 60182
50, 18260, 21, 60182, 60182
50, 18270, 21, 60182, 60182
50, 18280, 21, 60182, 60182
50, 18290, 21, 60182, 60182
50, 18300, 21, 60182, 60182
50, 18310, 21, 60182, 60182
50, 18320, 21, 60182, 60182
50, 18330, 21, 60182, 60182
50, 18340, 21, 60182, 60182
50, 18350, 21, 60182, 60182
50, 18360, 21, 60182, 60182
50, 18370, 21, 60182, 60182
50, 18380, 21, 60182, 60182
50, 18390, 21, 60182, 60182
50, 18400, 21, 60182, 60182
50, 18410, 21, 60182, 60182
50, 18420, 21, 60182, 60182
50, 18430, 21, 60012, 60182
50, 18440, 21, 60012, 60012
50, 18450, 21, 60012, 60012
50, 18460, 21, 60012, 60012
50, 18470, 21, 60012, 60012
50, 18480, 21, 60012, 60012
50, 18490, 21, 60012, 60012
50, 18500, 21, 60012, 60012
50, 18510, 21, 60012, 60012
50, 18520, 21, 60012, 60012
50, 18530, 21, 60012, 60012
50, 18540, 21, 60012, 60012
50, 18550, 21, 60012, 60012
50, 18560, 21, 60012, 60012
50, 18570, 21, 60012, 60012
50, 18580, 21, 60012, 60012
50, 18590, 21, 60012, 60012
50, 18600, 21, 60012, 60012
50, 18610, 21, 60012, 60012
50, 18620, 21, 60012, 60012
50, 18630, 21, 60012, 60012
50, 18640, 21, 60012, 60012
50, 18650, 21, 60012, 60012
50, 18660, 21, 60012, 60012
50, 18670, 21, 60012, 60012
50, 18680, 21, 60012, 60012
50, 18690, 21, 60012, 60012
50, 18700, 21, 60012, 60012
50, 18710, 21, 60012, 60012
50, 18720, 21, 60012, 60012
50, 18730, 21, 60012, 60012
50, 18740, 21, 60012, 60012
50, 18750, 21, 60012, 60012
50, 18760, 21, 60012, 60012
50, 18770, 21, 59953, 59953
50, 18780, 21, 59953, 59953
50, 18790, 21, 59953, 59953
50, 18800, 21, 59953, 59953
50, 18810, 21, 59953, 59953
50, 18820, 21, 59953, 59953
50, 18830, 21, 59953, 59953
50, 18840, 21, 59953, 59953
50, 18850, 21, 59953, 59953
50, 18860, 21, 59953, 59953
50, 18870, 21, 59953, 59953
50, 18880, 21, 59953, 59953
50, 18890, 21, 59952, 59952
50, 18900, 21, 59952, 59952
50, 18910, 21, 59952, 59952
50, 18920, 21, 59952, 59952
50, 18930, 21, 59896, 59896
50, 18940, 21, 59896, 59896
50, 18950, 21, 59896, 59896
50, 18960, 21, 59896, 59896
50, 18970, 21, 59896, 59896
50, 18980, 21, 59896, 59896
50, 18990, 21, 59896, 59896
50, 19000, 21, 59896, 59896
50, 19010, 21, 59896, 59896
50, 19020, 21, 59896, 59896
50, 19030, 21, 59896, 59896
50, 19040, 21, 59896, 59896
50, 19050, 21, 59896, 59896
50, 19060, 21, 59896, 59896
50, 19070, 21, 59896, 59896
50, 19080, 21, 59896, 59896
50, 19090, 21, 59896, 59896
50, 19100, 21, 59896, 59896
50, 19110, 21, 59896, 59896
50, 19120, 21, 59896, 59896
50, 19130, 21, 59845, 59845
50, 19140, 21, 59845, 59845
50, 19150, 21, 59845, 59845
50, 19160, 21, 59820, 59820
50, 19170, 21, 59820, 59820
50, 19180, 21, 59820, 59820
50, 19190, 21, 59820, 59820
50, 19200, 21, 59820, 59820
50, 19210, 21, 59820, 59820
50, 19220, 21, 59820, 59820
50, 19230, 21, 59820, 59820
50, 19240, 21, 59820, 59820
50, 19250, 21, 59820, 59820
50, 19260, 21, 59820, 59820
50, 19270, 21, 59820, 59820
50, 19280, 21, 59820, 59820
50, 19290, 21, 59820, 59820
50, 19300, 21, 59820, 59820
50, 19310, 21, 59820, 59820
50, 19320, 21, 59820, 59820
50, 19330, 21, 59820, 59820
50, 19340, 21, 59820, 59820
50, 19350, 21, 59820, 59820
50, 19360, 21, 59820, 59820
50, 19370, 21, 59820, 59820
50, 19380, 21, 59820, 59820
50, 19390, 21, 59820, 59820
50, 19400, 21, 59820, 59820
50, 19410, 21, 59820, 59820
50, 19420, 21, 59820, 59820
50, 19430, 21, 59820, 59820
50, 19440, 21, 59820, 59820
50, 19450, 21, 59820, 59820
50, 19460, 21, 59820, 59820
50, 19470, 21, 59820, 59820
50, 19480, 21, 59820, 59820
50, 19490, 21, 59820, 59820
50, 19500, 21, 59820, 59820
50, 19510, 21, 59820, 59820
50, 19520, 21, 59820, 59820
50, 19530, 21, 59820, 59820
50, 19540, 21, 59820, 59820
50, 19550, 21, 59820, 59820
50, 19560, 21, 59820, 59820
50, 19570, 21, 59820, 59820
50, 19580, 21, 59820, 59820
50, 19590, 21, 59820, 59820
50, 19600, 21, 59820, 59820
50, 19610, 21, 59820, 59820
50, 19620, 21, 59820, 59820
50, 19630, 21, 59820, 59820
50, 19640, 21, 59820, 59820
50, 19650, 21, 59820, 59820
50, 19660, 21, 59820, 59820
50, 19670, 21, 59820, 59820
50, 19680, 21, 59820, 59820
50, 19690, 21, 59820, 59820
50, 19700, 21, 59820, 59820
50, 19710, 21, 59820, 59820
50, 19720, 21, 59820, 59820
50, 19730, 21, 59820, 59820
50, 19740, 21, 59820, 59820
50, 19750, 21, 59800, 59800
50, 19760, 21, 59800, 59800
50, 19770, 21, 59800, 59800
50, 19780, 21, 59800, 59800
50, 19790, 21, 59800, 59800
50, 19800, 21, 59800, 59800
50, 19810, 21, 59800, 59800
50, 19820, 21, 59800, 59800
50, 19830, 21, 59800, 59800
50, 19840, 21, 59800, 59800
50, 19850, 21, 59800, 59800
50, 19860, 21, 59800, 59800
50, 19870, 21, 59800, 59800
50, 19880, 21, 59800, 59800
50, 19890, 21, 59800, 59800
50, 19900, 21, 59800, 59800
50, 19910, 21, 59800, 59800
50, 19920, 21, 59800, 59800
50, 19930, 21, 59800, 59800
50, 19940, 21, 59800, 59800
50, 19950, 21, 59800, 59800
50, 19960, 21, 59800, 59800
50, 19970, 21, 59800, 59800
50, 19980, 21, 59800, 59800
50, 19990, 21, 59800, 59800
