Population Size, Generation Count, Repetition, Best Fitness, Median Fitness
100, 0, 26, 739406, 768740
100, 10, 26, 680492, 691048
100, 20, 26, 660629, 672353
100, 30, 26, 629231, 643575
100, 40, 26, 611906, 619003
100, 50, 26, 599845, 605014
100, 60, 26, 581728, 589319
100, 70, 26, 572261, 577818
100, 80, 26, 557146, 564281
100, 90, 26, 546379, 551772
100, 100, 26, 536496, 542776
100, 110, 26, 524625, 530977
100, 120, 26, 513478, 519141
100, 130, 26, 504293, 511494
100, 140, 26, 492919, 499288
100, 150, 26, 485985, 491261
100, 160, 26, 476507, 482855
100, 170, 26, 469099, 473895
100, 180, 26, 457882, 465196
100, 190, 26, 450624, 456504
100, 200, 26, 446401, 450308
100, 210, 26, 440015, 445058
100, 220, 26, 433611, 440368
100, 230, 26, 430450, 433793
100, 240, 26, 424920, 428832
100, 250, 26, 421327, 426479
100, 260, 26, 414734, 418856
100, 270, 26, 408807, 413634
100, 280, 26, 404494, 409022
100, 290, 26, 398352, 403985
100, 300, 26, 393835, 397490
100, 310, 26, 390050, 393064
100, 320, 26, 384304, 387444
100, 330, 26, 379757, 384574
100, 340, 26, 375618, 379143
100, 350, 26, 371926, 375744
100, 360, 26, 366423, 370120
100, 370, 26, 363708, 366673
100, 380, 26, 360565, 364305
100, 390, 26, 358251, 361238
100, 400, 26, 354866, 358256
100, 410, 26, 352346, 355673
100, 420, 26, 349792, 353723
100, 430, 26, 346424, 349449
100, 440, 26, 343192, 347240
100, 450, 26, 339260, 344420
100, 460, 26, 335872, 340938
100, 470, 26, 334080, 337250
100, 480, 26, 332014, 335431
100, 490, 26, 328635, 332879
100, 500, 26, 325687, 329060
100, 510, 26, 323129, 327545
100, 520, 26, 321573, 324845
100, 530, 26, 318724, 322127
100, 540, 26, 317359, 320085
100, 550, 26, 314565, 317913
100, 560, 26, 312808, 316766
100, 570, 26, 311158, 314661
100, 580, 26, 308636, 311230
100, 590, 26, 303683, 308671
100, 600, 26, 301815, 305747
100, 610, 26, 300229, 302225
100, 620, 26, 296965, 302222
100, 630, 26, 295081, 299108
100, 640, 26, 293656, 295629
100, 650, 26, 289561, 293486
100, 660, 26, 285926, 289761
100, 670, 26, 282509, 285628
100, 680, 26, 278322, 282425
100, 690, 26, 277032, 279591
100, 700, 26, 274956, 276741
100, 710, 26, 272593, 277618
100, 720, 26, 270916, 274245
100, 730, 26, 266603, 270799
100, 740, 26, 264365, 266953
100, 750, 26, 263299, 265700
100, 760, 26, 258697, 263731
100, 770, 26, 257938, 260220
100, 780, 26, 255593, 258911
100, 790, 26, 253563, 256410
100, 800, 26, 252399, 255119
100, 810, 26, 250859, 253617
100, 820, 26, 248440, 251582
100, 830, 26, 246718, 249645
100, 840, 26, 246085, 249242
100, 850, 26, 244908, 248039
100, 860, 26, 243533, 246827
100, 870, 26, 242341, 245262
100, 880, 26, 241147, 244198
100, 890, 26, 239586, 242031
100, 900, 26, 238105, 241293
100, 910, 26, 237183, 239580
100, 920, 26, 235556, 237542
100, 930, 26, 234394, 237254
100, 940, 26, 233162, 236590
100, 950, 26, 232718, 236266
100, 960, 26, 231211, 233660
100, 970, 26, 230024, 233957
100, 980, 26, 228304, 230868
100, 990, 26, 227551, 230814
100, 1000, 26, 225368, 229343
100, 1010, 26, 224406, 227568
100, 1020, 26, 224211, 227275
100, 1030, 26, 222366, 225855
100, 1040, 26, 221651, 224491
100, 1050, 26, 220348, 224447
100, 1060, 26, 219940, 223156
100, 1070, 26, 219104, 222607
100, 1080, 26, 218274, 221220
100, 1090, 26, 217673, 220711
100, 1100, 26, 216552, 218008
100, 1110, 26, 215673, 218882
100, 1120, 26, 215152, 217512
100, 1130, 26, 213861, 217674
100, 1140, 26, 212322, 216179
100, 1150, 26, 211480, 214335
100, 1160, 26, 210871, 213566
100, 1170, 26, 209698, 213049
100, 1180, 26, 208170, 211727
100, 1190, 26, 207256, 209517
100, 1200, 26, 206075, 208579
100, 1210, 26, 205695, 207803
100, 1220, 26, 204758, 207455
100, 1230, 26, 203749, 206811
100, 1240, 26, 202747, 205798
100, 1250, 26, 201940, 204163
100, 1260, 26, 200564, 204187
100, 1270, 26, 199706, 203024
100, 1280, 26, 199425, 202470
100, 1290, 26, 197890, 201068
100, 1300, 26, 196601, 200544
100, 1310, 26, 195770, 199011
100, 1320, 26, 195202, 198719
100, 1330, 26, 194039, 197279
100, 1340, 26, 193285, 196731
100, 1350, 26, 191985, 196625
100, 1360, 26, 191443, 192865
100, 1370, 26, 190011, 194555
100, 1380, 26, 189811, 192177
100, 1390, 26, 188724, 191818
100, 1400, 26, 188073, 189409
100, 1410, 26, 187336, 188648
100, 1420, 26, 185705, 189413
100, 1430, 26, 184357, 187474
100, 1440, 26, 184123, 186688
100, 1450, 26, 183447, 186180
100, 1460, 26, 181855, 185181
100, 1470, 26, 180827, 184313
100, 1480, 26, 180565, 183055
100, 1490, 26, 179962, 183933
100, 1500, 26, 179376, 182320
100, 1510, 26, 178386, 181787
100, 1520, 26, 177088, 180881
100, 1530, 26, 174924, 179139
100, 1540, 26, 173887, 178733
100, 1550, 26, 173347, 175974
100, 1560, 26, 172221, 175935
100, 1570, 26, 171774, 174118
100, 1580, 26, 171023, 172856
100, 1590, 26, 170356, 173452
100, 1600, 26, 168974, 173671
100, 1610, 26, 168610, 171212
100, 1620, 26, 167391, 170923
100, 1630, 26, 166326, 168764
100, 1640, 26, 165815, 168577
100, 1650, 26, 165198, 168453
100, 1660, 26, 164527, 167071
100, 1670, 26, 164280, 165979
100, 1680, 26, 163667, 165361
100, 1690, 26, 162996, 165533
100, 1700, 26, 162434, 164410
100, 1710, 26, 162009, 165405
100, 1720, 26, 161644, 165026
100, 1730, 26, 161153, 164913
100, 1740, 26, 160364, 161850
100, 1750, 26, 159791, 162793
100, 1760, 26, 159368, 162084
100, 1770, 26, 158842, 161146
100, 1780, 26, 158021, 160394
100, 1790, 26, 157002, 160484
100, 1800, 26, 156947, 160261
100, 1810, 26, 156674, 159535
100, 1820, 26, 156300, 159039
100, 1830, 26, 156031, 159697
100, 1840, 26, 155462, 159319
100, 1850, 26, 155026, 157391
100, 1860, 26, 154767, 157505
100, 1870, 26, 153452, 156140
100, 1880, 26, 153258, 156215
100, 1890, 26, 152842, 154573
100, 1900, 26, 152421, 155814
100, 1910, 26, 151979, 155079
100, 1920, 26, 151685, 154091
100, 1930, 26, 151485, 153459
100, 1940, 26, 150952, 154238
100, 1950, 26, 150173, 153521
100, 1960, 26, 149901, 154000
100, 1970, 26, 149518, 152580
100, 1980, 26, 149221, 152765
100, 1990, 26, 148772, 151047
100, 2000, 26, 148183, 150914
100, 2010, 26, 146646, 149637
100, 2020, 26, 146050, 148829
100, 2030, 26, 145082, 147928
100, 2040, 26, 143529, 146967
100, 2050, 26, 142966, 146510
100, 2060, 26, 142068, 145185
100, 2070, 26, 141730, 144617
100, 2080, 26, 141602, 144354
100, 2090, 26, 140203, 143244
100, 2100, 26, 139845, 142719
100, 2110, 26, 139720, 142292
100, 2120, 26, 138657, 141882
100, 2130, 26, 138368, 141008
100, 2140, 26, 138222, 141707
100, 2150, 26, 137449, 140290
100, 2160, 26, 136854, 139847
100, 2170, 26, 135960, 139205
100, 2180, 26, 135921, 138361
100, 2190, 26, 135784, 137779
100, 2200, 26, 135257, 138438
100, 2210, 26, 135059, 137531
100, 2220, 26, 134037, 136384
100, 2230, 26, 133822, 134890
100, 2240, 26, 132470, 134666
100, 2250, 26, 132142, 135015
100, 2260, 26, 131603, 134539
100, 2270, 26, 131337, 133808
100, 2280, 26, 130679, 133055
100, 2290, 26, 130177, 133501
100, 2300, 26, 129856, 131386
100, 2310, 26, 129013, 131451
100, 2320, 26, 128986, 131068
100, 2330, 26, 128287, 130952
100, 2340, 26, 127806, 130291
100, 2350, 26, 127720, 129923
100, 2360, 26, 127468, 129685
100, 2370, 26, 127416, 129490
100, 2380, 26, 126944, 129876
100, 2390, 26, 126501, 129968
100, 2400, 26, 126044, 129598
100, 2410, 26, 125767, 128181
100, 2420, 26, 125602, 128134
100, 2430, 26, 124722, 128412
100, 2440, 26, 124429, 128098
100, 2450, 26, 124311, 126852
100, 2460, 26, 123976, 126949
100, 2470, 26, 123958, 127053
100, 2480, 26, 123558, 126159
100, 2490, 26, 123310, 124982
100, 2500, 26, 122442, 125262
100, 2510, 26, 121939, 124097
100, 2520, 26, 121431, 122475
100, 2530, 26, 121194, 123120
100, 2540, 26, 120994, 122115
100, 2550, 26, 120780, 123485
100, 2560, 26, 120202, 122861
100, 2570, 26, 119327, 122128
100, 2580, 26, 119327, 122103
100, 2590, 26, 118798, 121491
100, 2600, 26, 118625, 121838
100, 2610, 26, 118351, 122168
100, 2620, 26, 118006, 120197
100, 2630, 26, 116981, 119706
100, 2640, 26, 116701, 119706
100, 2650, 26, 116561, 119480
100, 2660, 26, 115985, 118308
100, 2670, 26, 115506, 118793
100, 2680, 26, 115265, 117295
100, 2690, 26, 115108, 117244
100, 2700, 26, 114811, 116940
100, 2710, 26, 114450, 117625
100, 2720, 26, 114411, 117310
100, 2730, 26, 114124, 117296
100, 2740, 26, 113822, 116536
100, 2750, 26, 113680, 115996
100, 2760, 26, 113473, 115458
100, 2770, 26, 113190, 115017
100, 2780, 26, 113180, 115991
100, 2790, 26, 113074, 114678
100, 2800, 26, 112178, 115217
100, 2810, 26, 112178, 114177
100, 2820, 26, 112158, 114362
100, 2830, 26, 112011, 114662
100, 2840, 26, 111959, 113547
100, 2850, 26, 111749, 114879
100, 2860, 26, 111438, 113173
100, 2870, 26, 111219, 114540
100, 2880, 26, 110865, 113304
100, 2890, 26, 110581, 113526
100, 2900, 26, 110427, 112581
100, 2910, 26, 109872, 112589
100, 2920, 26, 109467, 112571
100, 2930, 26, 109247, 111020
100, 2940, 26, 108840, 111895
100, 2950, 26, 108508, 111548
100, 2960, 26, 108154, 110464
100, 2970, 26, 107920, 110306
100, 2980, 26, 107788, 109212
100, 2990, 26, 107619, 109435
100, 3000, 26, 107332, 109481
100, 3010, 26, 107276, 109400
100, 3020, 26, 107246, 109416
100, 3030, 26, 107187, 107944
100, 3040, 26, 107086, 110007
100, 3050, 26, 106591, 109120
100, 3060, 26, 106215, 108276
100, 3070, 26, 106126, 107971
100, 3080, 26, 106126, 109487
100, 3090, 26, 105988, 108302
100, 3100, 26, 105741, 108206
100, 3110, 26, 105518, 108593
100, 3120, 26, 105147, 108069
100, 3130, 26, 105002, 107688
100, 3140, 26, 105002, 107347
100, 3150, 26, 104693, 107206
100, 3160, 26, 104331, 107021
100, 3170, 26, 104189, 106029
100, 3180, 26, 103684, 105605
100, 3190, 26, 103403, 106043
100, 3200, 26, 103258, 104521
100, 3210, 26, 102884, 105063
100, 3220, 26, 102721, 105108
100, 3230, 26, 102213, 105685
100, 3240, 26, 102012, 104775
100, 3250, 26, 101626, 103889
100, 3260, 26, 101488, 104126
100, 3270, 26, 101372, 103292
100, 3280, 26, 101047, 103533
100, 3290, 26, 100780, 103918
100, 3300, 26, 100780, 104313
100, 3310, 26, 100562, 101035
100, 3320, 26, 100061, 102288
100, 3330, 26, 99598, 103171
100, 3340, 26, 99332, 102443
100, 3350, 26, 99267, 101039
100, 3360, 26, 99245, 100151
100, 3370, 26, 99026, 101115
100, 3380, 26, 99005, 100200
100, 3390, 26, 98777, 101305
100, 3400, 26, 98771, 100940
100, 3410, 26, 98771, 100863
100, 3420, 26, 98679, 101812
100, 3430, 26, 98621, 100776
100, 3440, 26, 98234, 100338
100, 3450, 26, 98187, 100178
100, 3460, 26, 97701, 99240
100, 3470, 26, 97604, 100290
100, 3480, 26, 97604, 99137
100, 3490, 26, 97277, 100076
100, 3500, 26, 97277, 100650
100, 3510, 26, 97007, 97850
100, 3520, 26, 97007, 98428
100, 3530, 26, 96868, 98972
100, 3540, 26, 96693, 98948
100, 3550, 26, 96687, 99279
100, 3560, 26, 96546, 98889
100, 3570, 26, 96422, 98511
100, 3580, 26, 96241, 98554
100, 3590, 26, 96184, 98668
100, 3600, 26, 95433, 98494
100, 3610, 26, 95360, 97496
100, 3620, 26, 94780, 97291
100, 3630, 26, 94638, 96043
100, 3640, 26, 94453, 96916
100, 3650, 26, 94440, 96374
100, 3660, 26, 94347, 96837
100, 3670, 26, 94322, 96813
100, 3680, 26, 94040, 95442
100, 3690, 26, 93881, 96654
100, 3700, 26, 93825, 95483
100, 3710, 26, 93825, 95546
100, 3720, 26, 93817, 95766
100, 3730, 26, 93698, 96275
100, 3740, 26, 93564, 95839
100, 3750, 26, 93356, 95075
100, 3760, 26, 92761, 94289
100, 3770, 26, 92546, 94061
100, 3780, 26, 92240, 92546
100, 3790, 26, 92096, 93939
100, 3800, 26, 92085, 95107
100, 3810, 26, 91877, 93481
100, 3820, 26, 91776, 93938
100, 3830, 26, 91613, 94565
100, 3840, 26, 91282, 92677
100, 3850, 26, 91204, 93949
100, 3860, 26, 90731, 93024
100, 3870, 26, 90518, 92592
100, 3880, 26, 90495, 92472
100, 3890, 26, 90495, 92137
100, 3900, 26, 90495, 92434
100, 3910, 26, 90376, 93548
100, 3920, 26, 89958, 90376
100, 3930, 26, 89839, 92748
100, 3940, 26, 89839, 92289
100, 3950, 26, 89715, 91811
100, 3960, 26, 89366, 91937
100, 3970, 26, 89341, 91943
100, 3980, 26, 89275, 92017
100, 3990, 26, 89151, 92179
100, 4000, 26, 89066, 92536
100, 4010, 26, 88703, 90627
100, 4020, 26, 88703, 90660
100, 4030, 26, 88633, 90443
100, 4040, 26, 88488, 90473
100, 4050, 26, 88077, 90453
100, 4060, 26, 88054, 90632
100, 4070, 26, 87989, 90059
100, 4080, 26, 87989, 89865
100, 4090, 26, 87921, 89678
100, 4100, 26, 87472, 88663
100, 4110, 26, 87039, 88877
100, 4120, 26, 86749, 88455
100, 4130, 26, 86627, 88371
100, 4140, 26, 86220, 87782
100, 4150, 26, 85890, 88197
100, 4160, 26, 85857, 87365
100, 4170, 26, 85798, 86843
100, 4180, 26, 85740, 88073
100, 4190, 26, 85483, 87960
100, 4200, 26, 85483, 87773
100, 4210, 26, 85091, 87931
100, 4220, 26, 85091, 85218
100, 4230, 26, 85057, 86492
100, 4240, 26, 85008, 86460
100, 4250, 26, 84844, 87203
100, 4260, 26, 84837, 85285
100, 4270, 26, 84837, 86224
100, 4280, 26, 84714, 86520
100, 4290, 26, 84655, 86990
100, 4300, 26, 84597, 85711
100, 4310, 26, 84568, 85645
100, 4320, 26, 84346, 87649
100, 4330, 26, 83958, 84395
100, 4340, 26, 83958, 85718
100, 4350, 26, 83869, 85375
100, 4360, 26, 83793, 85501
100, 4370, 26, 83732, 84468
100, 4380, 26, 83732, 85123
100, 4390, 26, 83500, 84626
100, 4400, 26, 83500, 84913
100, 4410, 26, 83433, 84980
100, 4420, 26, 83433, 86019
100, 4430, 26, 83433, 84758
100, 4440, 26, 83433, 85149
100, 4450, 26, 83353, 84891
100, 4460, 26, 83295, 86631
100, 4470, 26, 83166, 84438
100, 4480, 26, 83157, 83972
100, 4490, 26, 83157, 85068
100, 4500, 26, 83157, 83865
100, 4510, 26, 83157, 84326
100, 4520, 26, 83071, 83404
100, 4530, 26, 82892, 85483
100, 4540, 26, 82809, 83843
100, 4550, 26, 82768, 84629
100, 4560, 26, 82768, 84321
100, 4570, 26, 82703, 85698
100, 4580, 26, 82650, 84697
100, 4590, 26, 82510, 84129
100, 4600, 26, 82443, 83345
100, 4610, 26, 82316, 84196
100, 4620, 26, 82291, 83549
100, 4630, 26, 82291, 85097
100, 4640, 26, 82059, 84860
100, 4650, 26, 82059, 83631
100, 4660, 26, 81897, 82927
100, 4670, 26, 81756, 84817
100, 4680, 26, 81725, 83042
100, 4690, 26, 81725, 83551
100, 4700, 26, 81725, 84077
100, 4710, 26, 81725, 83270
100, 4720, 26, 81621, 84952
100, 4730, 26, 81621, 83017
100, 4740, 26, 81621, 81621
100, 4750, 26, 81607, 84447
100, 4760, 26, 81607, 82377
100, 4770, 26, 81583, 83618
100, 4780, 26, 81567, 83352
100, 4790, 26, 81567, 83254
100, 4800, 26, 81565, 83002
100, 4810, 26, 81565, 83168
100, 4820, 26, 81565, 83469
100, 4830, 26, 81507, 83327
100, 4840, 26, 81448, 83707
100, 4850, 26, 81372, 83154
100, 4860, 26, 81305, 83276
100, 4870, 26, 81305, 83913
100, 4880, 26, 81230, 82614
100, 4890, 26, 81190, 82021
100, 4900, 26, 81190, 81445
100, 4910, 26, 81190, 82676
100, 4920, 26, 81073, 81803
100, 4930, 26, 81073, 81753
100, 4940, 26, 81022, 84527
100, 4950, 26, 81014, 82644
100, 4960, 26, 81014, 83199
100, 4970, 26, 81014, 82843
100, 4980, 26, 80874, 83416
100, 4990, 26, 80809, 83061
100, 5000, 26, 80809, 80809
100, 5010, 26, 80768, 82295
100, 5020, 26, 80768, 82582
100, 5030, 26, 80766, 80768
100, 5040, 26, 80766, 83753
100, 5050, 26, 80663, 83160
100, 5060, 26, 80580, 80663
100, 5070, 26, 80580, 82873
100, 5080, 26, 80182, 80580
100, 5090, 26, 80176, 80382
100, 5100, 26, 80176, 80552
100, 5110, 26, 80176, 80905
100, 5120, 26, 80101, 81788
100, 5130, 26, 80101, 80720
100, 5140, 26, 80056, 81933
100, 5150, 26, 80010, 81441
100, 5160, 26, 80010, 82318
100, 5170, 26, 79894, 80010
100, 5180, 26, 79818, 81120
100, 5190, 26, 79587, 79975
100, 5200, 26, 79587, 79944
100, 5210, 26, 79471, 81010
100, 5220, 26, 79401, 80762
100, 5230, 26, 79335, 79401
100, 5240, 26, 79335, 81717
100, 5250, 26, 79269, 80599
100, 5260, 26, 78927, 79593
100, 5270, 26, 78578, 80965
100, 5280, 26, 78325, 79975
100, 5290, 26, 78325, 79176
100, 5300, 26, 78325, 80688
100, 5310, 26, 78267, 79308
100, 5320, 26, 78204, 80630
100, 5330, 26, 78204, 79259
100, 5340, 26, 78145, 79427
100, 5350, 26, 78107, 80010
100, 5360, 26, 78107, 80452
100, 5370, 26, 78003, 79989
100, 5380, 26, 78003, 79420
100, 5390, 26, 78003, 80203
100, 5400, 26, 78003, 78003
100, 5410, 26, 78003, 79380
100, 5420, 26, 78003, 78168
100, 5430, 26, 78003, 78850
100, 5440, 26, 77914, 78950
100, 5450, 26, 77804, 79924
100, 5460, 26, 77720, 79899
100, 5470, 26, 77604, 78003
100, 5480, 26, 77604, 79445
100, 5490, 26, 77488, 79425
100, 5500, 26, 77401, 79657
100, 5510, 26, 77401, 78372
100, 5520, 26, 77289, 77954
100, 5530, 26, 77289, 78712
100, 5540, 26, 77289, 79069
100, 5550, 26, 77289, 79046
100, 5560, 26, 77289, 79111
100, 5570, 26, 77173, 79191
100, 5580, 26, 77094, 78962
100, 5590, 26, 76952, 78743
100, 5600, 26, 76952, 78494
100, 5610, 26, 76952, 79586
100, 5620, 26, 76928, 79002
100, 5630, 26, 76928, 77110
100, 5640, 26, 76712, 78550
100, 5650, 26, 76537, 76712
100, 5660, 26, 76537, 78178
100, 5670, 26, 76537, 78275
100, 5680, 26, 76513, 77338
100, 5690, 26, 76389, 78333
100, 5700, 26, 76339, 76546
100, 5710, 26, 76139, 79073
100, 5720, 26, 76059, 77679
100, 5730, 26, 75904, 77545
100, 5740, 26, 75863, 77219
100, 5750, 26, 75863, 78042
100, 5760, 26, 75704, 75863
100, 5770, 26, 75580, 77792
100, 5780, 26, 75580, 76627
100, 5790, 26, 75548, 78280
100, 5800, 26, 75548, 76995
100, 5810, 26, 75169, 76627
100, 5820, 26, 75169, 76960
100, 5830, 26, 74969, 76325
100, 5840, 26, 74954, 74954
100, 5850, 26, 74954, 76290
100, 5860, 26, 74776, 77602
100, 5870, 26, 74776, 76831
100, 5880, 26, 74758, 76676
100, 5890, 26, 74758, 76129
100, 5900, 26, 74558, 76527
100, 5910, 26, 74558, 75850
100, 5920, 26, 74558, 75650
100, 5930, 26, 74435, 74756
100, 5940, 26, 74435, 76001
100, 5950, 26, 74435, 75395
100, 5960, 26, 74313, 75087
100, 5970, 26, 74313, 74420
100, 5980, 26, 74308, 74484
100, 5990, 26, 74308, 76886
100, 6000, 26, 74308, 76517
100, 6010, 26, 74308, 75090
100, 6020, 26, 74253, 76307
100, 6030, 26, 74253, 75747
100, 6040, 26, 74178, 76581
100, 6050, 26, 74178, 74178
100, 6060, 26, 73906, 75803
100, 6070, 26, 73873, 74760
100, 6080, 26, 73707, 74828
100, 6090, 26, 73707, 74874
100, 6100, 26, 73707, 75507
100, 6110, 26, 73565, 75376
100, 6120, 26, 73565, 75338
100, 6130, 26, 73548, 75568
100, 6140, 26, 73548, 73748
100, 6150, 26, 73431, 76413
100, 6160, 26, 73431, 76484
100, 6170, 26, 73422, 74766
100, 6180, 26, 73381, 75482
100, 6190, 26, 73381, 74006
100, 6200, 26, 73381, 76115
100, 6210, 26, 73381, 73750
100, 6220, 26, 73358, 73381
100, 6230, 26, 73315, 75719
100, 6240, 26, 73315, 74800
100, 6250, 26, 73315, 73315
100, 6260, 26, 73315, 73315
100, 6270, 26, 73315, 73897
100, 6280, 26, 73315, 74272
100, 6290, 26, 73304, 75326
100, 6300, 26, 73304, 75516
100, 6310, 26, 73245, 73304
100, 6320, 26, 73245, 74807
100, 6330, 26, 73240, 74678
100, 6340, 26, 73164, 73245
100, 6350, 26, 73164, 73164
100, 6360, 26, 73164, 74421
100, 6370, 26, 72998, 73546
100, 6380, 26, 72998, 74498
100, 6390, 26, 72980, 74265
100, 6400, 26, 72664, 73670
100, 6410, 26, 72540, 73385
100, 6420, 26, 72517, 74229
100, 6430, 26, 72517, 73768
100, 6440, 26, 72517, 73854
100, 6450, 26, 72517, 72982
100, 6460, 26, 72517, 72517
100, 6470, 26, 72517, 74431
100, 6480, 26, 72517, 72953
100, 6490, 26, 72517, 73715
100, 6500, 26, 72456, 73621
100, 6510, 26, 72286, 73094
100, 6520, 26, 72286, 73269
100, 6530, 26, 72286, 73695
100, 6540, 26, 72286, 72994
100, 6550, 26, 72286, 73371
100, 6560, 26, 72286, 73824
100, 6570, 26, 72145, 74722
100, 6580, 26, 72028, 72145
100, 6590, 26, 72028, 73450
100, 6600, 26, 72028, 73045
100, 6610, 26, 71729, 72656
100, 6620, 26, 71729, 71729
100, 6630, 26, 71729, 72616
100, 6640, 26, 71726, 74146
100, 6650, 26, 71726, 74358
100, 6660, 26, 71726, 72178
100, 6670, 26, 71726, 73327
100, 6680, 26, 71643, 73712
100, 6690, 26, 71643, 71643
100, 6700, 26, 71454, 73430
100, 6710, 26, 71454, 73115
100, 6720, 26, 71454, 72542
100, 6730, 26, 71454, 73148
100, 6740, 26, 71454, 71454
100, 6750, 26, 71454, 71818
100, 6760, 26, 71454, 74205
100, 6770, 26, 71114, 71992
100, 6780, 26, 71078, 72505
100, 6790, 26, 70920, 71520
100, 6800, 26, 70825, 72363
100, 6810, 26, 70766, 72975
100, 6820, 26, 70688, 71587
100, 6830, 26, 70688, 70688
100, 6840, 26, 70565, 70688
100, 6850, 26, 70565, 72026
100, 6860, 26, 70565, 70565
100, 6870, 26, 70500, 72281
100, 6880, 26, 70426, 71418
100, 6890, 26, 70361, 71014
100, 6900, 26, 70161, 70361
100, 6910, 26, 70020, 72691
100, 6920, 26, 69937, 69937
100, 6930, 26, 69800, 70805
100, 6940, 26, 69574, 71258
100, 6950, 26, 69574, 69574
100, 6960, 26, 69574, 69574
100, 6970, 26, 69483, 71377
100, 6980, 26, 69483, 71624
100, 6990, 26, 69483, 71849
100, 7000, 26, 69483, 71094
100, 7010, 26, 69371, 70878
100, 7020, 26, 69281, 69881
100, 7030, 26, 69037, 70557
100, 7040, 26, 69037, 70495
100, 7050, 26, 69037, 69037
100, 7060, 26, 69006, 69350
100, 7070, 26, 68995, 69943
100, 7080, 26, 68831, 70298
100, 7090, 26, 68793, 71429
100, 7100, 26, 68753, 68935
100, 7110, 26, 68753, 68753
100, 7120, 26, 68753, 70079
100, 7130, 26, 68753, 70364
100, 7140, 26, 68753, 70911
100, 7150, 26, 68753, 70145
100, 7160, 26, 68629, 69011
100, 7170, 26, 68629, 68629
100, 7180, 26, 68629, 68829
100, 7190, 26, 68629, 69770
100, 7200, 26, 68615, 69222
100, 7210, 26, 68615, 69845
100, 7220, 26, 68615, 70084
100, 7230, 26, 68603, 69571
100, 7240, 26, 68462, 69740
100, 7250, 26, 68462, 68462
100, 7260, 26, 68399, 69262
100, 7270, 26, 68399, 68783
100, 7280, 26, 68250, 69821
100, 7290, 26, 68106, 70028
100, 7300, 26, 67906, 69992
100, 7310, 26, 67904, 68423
100, 7320, 26, 67904, 67904
100, 7330, 26, 67445, 68455
100, 7340, 26, 67423, 67645
100, 7350, 26, 67423, 69560
100, 7360, 26, 67285, 69171
100, 7370, 26, 67202, 69265
100, 7380, 26, 67202, 68351
100, 7390, 26, 67202, 69776
100, 7400, 26, 67202, 67517
100, 7410, 26, 67202, 68367
100, 7420, 26, 67202, 68026
100, 7430, 26, 66881, 67202
100, 7440, 26, 66881, 67925
100, 7450, 26, 66881, 67687
100, 7460, 26, 66881, 68344
100, 7470, 26, 66881, 66881
100, 7480, 26, 66716, 67070
100, 7490, 26, 66716, 68143
100, 7500, 26, 66484, 66716
100, 7510, 26, 66484, 66550
100, 7520, 26, 66484, 68853
100, 7530, 26, 66484, 68934
100, 7540, 26, 66444, 67145
100, 7550, 26, 66426, 67149
100, 7560, 26, 66408, 66426
100, 7570, 26, 66408, 66408
100, 7580, 26, 66408, 67896
100, 7590, 26, 66408, 67215
100, 7600, 26, 66408, 67678
100, 7610, 26, 66408, 67196
100, 7620, 26, 66408, 66755
100, 7630, 26, 66408, 67878
100, 7640, 26, 66404, 66408
100, 7650, 26, 66404, 66979
100, 7660, 26, 66404, 67950
100, 7670, 26, 66404, 66404
100, 7680, 26, 66321, 66404
100, 7690, 26, 66263, 66321
100, 7700, 26, 66221, 66897
100, 7710, 26, 66221, 66718
100, 7720, 26, 66221, 67603
100, 7730, 26, 66221, 66221
100, 7740, 26, 66221, 66221
100, 7750, 26, 66221, 68991
100, 7760, 26, 66221, 66221
100, 7770, 26, 66122, 67687
100, 7780, 26, 66122, 66697
100, 7790, 26, 66013, 66122
100, 7800, 26, 65809, 66613
100, 7810, 26, 65809, 66901
100, 7820, 26, 65809, 66245
100, 7830, 26, 65809, 65809
100, 7840, 26, 65809, 65916
100, 7850, 26, 65809, 65822
100, 7860, 26, 65809, 67289
100, 7870, 26, 65765, 66708
100, 7880, 26, 65765, 66911
100, 7890, 26, 65685, 66021
100, 7900, 26, 65685, 65685
100, 7910, 26, 65607, 65662
100, 7920, 26, 65542, 65607
100, 7930, 26, 65542, 65607
100, 7940, 26, 65535, 66518
100, 7950, 26, 65441, 67483
100, 7960, 26, 65441, 65841
100, 7970, 26, 65349, 67366
100, 7980, 26, 65349, 66609
100, 7990, 26, 65349, 66230
100, 8000, 26, 65349, 66213
100, 8010, 26, 65321, 65321
100, 8020, 26, 65321, 66358
100, 8030, 26, 65321, 65321
100, 8040, 26, 65262, 65321
100, 8050, 26, 65262, 65262
100, 8060, 26, 65262, 65262
100, 8070, 26, 65262, 66477
100, 8080, 26, 65262, 66939
100, 8090, 26, 65260, 66688
100, 8100, 26, 65260, 65260
100, 8110, 26, 65260, 66654
100, 8120, 26, 65219, 66391
100, 8130, 26, 65155, 65260
100, 8140, 26, 65155, 65955
100, 8150, 26, 65155, 65454
100, 8160, 26, 64949, 65155
100, 8170, 26, 64942, 65702
100, 8180, 26, 64942, 66137
100, 8190, 26, 64939, 64942
100, 8200, 26, 64939, 65459
100, 8210, 26, 64939, 64939
100, 8220, 26, 64939, 64939
100, 8230, 26, 64856, 64939
100, 8240, 26, 64856, 65867
100, 8250, 26, 64722, 65818
100, 8260, 26, 64722, 64722
100, 8270, 26, 64722, 65379
100, 8280, 26, 64613, 64613
100, 8290, 26, 64613, 64613
100, 8300, 26, 64571, 66542
100, 8310, 26, 64571, 64571
100, 8320, 26, 64499, 65468
100, 8330, 26, 64440, 64499
100, 8340, 26, 64358, 64440
100, 8350, 26, 64358, 65569
100, 8360, 26, 64358, 66686
100, 8370, 26, 64358, 64358
100, 8380, 26, 64241, 64874
100, 8390, 26, 64241, 64775
100, 8400, 26, 64241, 64797
100, 8410, 26, 64241, 64241
100, 8420, 26, 64241, 64241
100, 8430, 26, 64241, 65340
100, 8440, 26, 64241, 64241
100, 8450, 26, 63866, 65222
100, 8460, 26, 63866, 63866
100, 8470, 26, 63862, 63862
100, 8480, 26, 63862, 65152
100, 8490, 26, 63862, 64003
100, 8500, 26, 63731, 63862
100, 8510, 26, 63702, 63852
100, 8520, 26, 63578, 63702
100, 8530, 26, 63578, 63578
100, 8540, 26, 63578, 64351
100, 8550, 26, 63578, 63578
100, 8560, 26, 63455, 63578
100, 8570, 26, 63455, 63455
100, 8580, 26, 63455, 63455
100, 8590, 26, 63455, 64696
100, 8600, 26, 63455, 63924
100, 8610, 26, 63455, 63455
100, 8620, 26, 63455, 63455
100, 8630, 26, 63390, 64662
100, 8640, 26, 63390, 63421
100, 8650, 26, 63390, 63390
100, 8660, 26, 63390, 64338
100, 8670, 26, 63390, 64262
100, 8680, 26, 63390, 63841
100, 8690, 26, 63356, 63390
100, 8700, 26, 63322, 63886
100, 8710, 26, 63322, 63637
100, 8720, 26, 63199, 63322
100, 8730, 26, 63199, 63199
100, 8740, 26, 63199, 66030
100, 8750, 26, 63199, 64701
100, 8760, 26, 63199, 63199
100, 8770, 26, 63199, 63599
100, 8780, 26, 63199, 63714
100, 8790, 26, 63199, 64810
100, 8800, 26, 63199, 63199
100, 8810, 26, 63199, 63199
100, 8820, 26, 63199, 63199
100, 8830, 26, 63027, 63326
100, 8840, 26, 63027, 64334
100, 8850, 26, 63027, 63278
100, 8860, 26, 62986, 63027
100, 8870, 26, 62986, 63696
100, 8880, 26, 62986, 62986
100, 8890, 26, 62986, 63570
100, 8900, 26, 62986, 63820
100, 8910, 26, 62986, 62986
100, 8920, 26, 62986, 62986
100, 8930, 26, 62713, 63356
100, 8940, 26, 62713, 62713
100, 8950, 26, 62713, 62713
100, 8960, 26, 62713, 62713
100, 8970, 26, 62713, 62713
100, 8980, 26, 62631, 62713
100, 8990, 26, 62631, 63437
100, 9000, 26, 62620, 62631
100, 9010, 26, 62620, 62620
100, 9020, 26, 62620, 62620
100, 9030, 26, 62620, 62620
100, 9040, 26, 62620, 62620
100, 9050, 26, 62620, 63053
100, 9060, 26, 62620, 62620
100, 9070, 26, 62620, 62620
100, 9080, 26, 62620, 62620
100, 9090, 26, 62579, 63764
100, 9100, 26, 62536, 62579
100, 9110, 26, 62478, 63445
100, 9120, 26, 62457, 63082
100, 9130, 26, 62457, 63681
100, 9140, 26, 62457, 62457
100, 9150, 26, 62457, 64184
100, 9160, 26, 62457, 62457
100, 9170, 26, 62457, 62457
100, 9180, 26, 62457, 63014
100, 9190, 26, 62457, 62457
100, 9200, 26, 62397, 62457
100, 9210, 26, 62397, 63055
100, 9220, 26, 62397, 62397
100, 9230, 26, 62397, 62397
100, 9240, 26, 62397, 62397
100, 9250, 26, 62397, 62397
100, 9260, 26, 62397, 62397
100, 9270, 26, 62397, 62397
100, 9280, 26, 62314, 62397
100, 9290, 26, 62314, 62314
100, 9300, 26, 62314, 62437
100, 9310, 26, 62314, 62314
100, 9320, 26, 62314, 62314
100, 9330, 26, 62284, 62314
100, 9340, 26, 62284, 62284
100, 9350, 26, 62229, 64887
100, 9360, 26, 62229, 64628
100, 9370, 26, 62229, 62229
100, 9380, 26, 62229, 62229
100, 9390, 26, 62229, 62229
100, 9400, 26, 62229, 62229
100, 9410, 26, 62229, 62229
100, 9420, 26, 62229, 62229
100, 9430, 26, 62188, 62188
100, 9440, 26, 62188, 62663
100, 9450, 26, 62188, 62188
100, 9460, 26, 62188, 62188
100, 9470, 26, 62155, 62188
100, 9480, 26, 62155, 63862
100, 9490, 26, 62155, 62155
100, 9500, 26, 62155, 62784
100, 9510, 26, 62130, 62130
100, 9520, 26, 62130, 62130
100, 9530, 26, 62130, 62130
100, 9540, 26, 62130, 62875
100, 9550, 26, 62130, 62130
100, 9560, 26, 62130, 62130
100, 9570, 26, 62130, 62130
100, 9580, 26, 62130, 62130
100, 9590, 26, 62130, 62130
100, 9600, 26, 62130, 62330
100, 9610, 26, 62130, 62130
100, 9620, 26, 62130, 62130
100, 9630, 26, 62039, 62130
100, 9640, 26, 61897, 62039
100, 9650, 26, 61897, 61897
100, 9660, 26, 61350, 61897
100, 9670, 26, 61350, 61350
100, 9680, 26, 61350, 61350
100, 9690, 26, 61217, 61350
100, 9700, 26, 61217, 61217
100, 9710, 26, 61217, 61217
100, 9720, 26, 61199, 61217
100, 9730, 26, 61141, 61141
100, 9740, 26, 61141, 61141
100, 9750, 26, 61141, 62529
100, 9760, 26, 61141, 61141
100, 9770, 26, 61141, 61677
100, 9780, 26, 61141, 61141
100, 9790, 26, 61141, 61141
100, 9800, 26, 61141, 61141
100, 9810, 26, 61141, 61141
100, 9820, 26, 61141, 61141
100, 9830, 26, 61141, 62125
100, 9840, 26, 61141, 61891
100, 9850, 26, 61122, 61141
100, 9860, 26, 61122, 61651
100, 9870, 26, 61122, 61122
100, 9880, 26, 61122, 61122
100, 9890, 26, 61122, 61122
100, 9900, 26, 61122, 61122
100, 9910, 26, 61122, 61122
100, 9920, 26, 61122, 61122
100, 9930, 26, 61051, 61122
100, 9940, 26, 60995, 60995
100, 9950, 26, 60995, 60995
100, 9960, 26, 60995, 60995
100, 9970, 26, 60995, 60995
100, 9980, 26, 60951, 61013
100, 9990, 26, 60805, 60951
100, 10000, 26, 60805, 60805
100, 10010, 26, 60805, 60805
100, 10020, 26, 60805, 61895
100, 10030, 26, 60605, 60605
100, 10040, 26, 60605, 60605
100, 10050, 26, 60605, 60605
100, 10060, 26, 60605, 60605
100, 10070, 26, 60605, 60605
100, 10080, 26, 60605, 60995
100, 10090, 26, 60605, 60605
100, 10100, 26, 60585, 61353
100, 10110, 26, 60585, 60585
100, 10120, 26, 60585, 60585
100, 10130, 26, 60585, 60933
100, 10140, 26, 60585, 60585
100, 10150, 26, 60585, 61785
100, 10160, 26, 60543, 60585
100, 10170, 26, 60543, 60585
100, 10180, 26, 60543, 60973
100, 10190, 26, 60543, 60543
100, 10200, 26, 60525, 60543
100, 10210, 26, 60525, 60525
100, 10220, 26, 60525, 60525
100, 10230, 26, 60525, 60525
100, 10240, 26, 60525, 60525
100, 10250, 26, 60525, 60525
100, 10260, 26, 60525, 60525
100, 10270, 26, 60506, 60525
100, 10280, 26, 60466, 60506
100, 10290, 26, 60466, 60466
100, 10300, 26, 60466, 60466
100, 10310, 26, 60466, 60466
100, 10320, 26, 60460, 60466
100, 10330, 26, 60460, 60460
100, 10340, 26, 60460, 60460
100, 10350, 26, 60460, 60460
100, 10360, 26, 60440, 62607
100, 10370, 26, 60436, 60440
100, 10380, 26, 60436, 62540
100, 10390, 26, 60436, 60436
100, 10400, 26, 60436, 60436
100, 10410, 26, 60436, 60436
100, 10420, 26, 60436, 60436
100, 10430, 26, 60436, 60436
100, 10440, 26, 60436, 60436
100, 10450, 26, 60436, 60436
100, 10460, 26, 60436, 60436
100, 10470, 26, 60436, 60436
100, 10480, 26, 60436, 60436
100, 10490, 26, 60436, 60436
100, 10500, 26, 60436, 60436
100, 10510, 26, 60436, 60436
100, 10520, 26, 60436, 60436
100, 10530, 26, 60436, 60436
100, 10540, 26, 60410, 60410
100, 10550, 26, 60410, 60410
100, 10560, 26, 60410, 60410
100, 10570, 26, 60410, 60410
100, 10580, 26, 60410, 60410
100, 10590, 26, 60410, 60769
100, 10600, 26, 60410, 60410
100, 10610, 26, 60410, 60410
100, 10620, 26, 60410, 60410
100, 10630, 26, 60410, 60410
100, 10640, 26, 60410, 60410
100, 10650, 26, 60410, 60410
100, 10660, 26, 60410, 61137
100, 10670, 26, 60410, 60410
100, 10680, 26, 60335, 60335
100, 10690, 26, 60335, 60335
100, 10700, 26, 60335, 60335
100, 10710, 26, 60335, 60335
100, 10720, 26, 60335, 60335
100, 10730, 26, 60335, 60335
100, 10740, 26, 60335, 60335
100, 10750, 26, 60335, 60335
100, 10760, 26, 60335, 60335
100, 10770, 26, 60335, 60335
100, 10780, 26, 60335, 60335
100, 10790, 26, 60252, 61167
100, 10800, 26, 60252, 60252
100, 10810, 26, 60252, 60252
100, 10820, 26, 60252, 60252
100, 10830, 26, 60252, 60252
100, 10840, 26, 60252, 60252
100, 10850, 26, 60252, 60252
100, 10860, 26, 60252, 60252
100, 10870, 26, 60059, 60252
100, 10880, 26, 60059, 60561
100, 10890, 26, 60059, 60059
100, 10900, 26, 60059, 60059
100, 10910, 26, 60059, 60059
100, 10920, 26, 60059, 60059
100, 10930, 26, 60059, 60059
100, 10940, 26, 60059, 60059
100, 10950, 26, 60059, 60059
100, 10960, 26, 60059, 60059
100, 10970, 26, 60059, 60059
100, 10980, 26, 60059, 60419
100, 10990, 26, 60059, 60059
100, 11000, 26, 60059, 60059
100, 11010, 26, 60059, 60059
100, 11020, 26, 60059, 60059
100, 11030, 26, 60059, 60059
100, 11040, 26, 60059, 60059
100, 11050, 26, 60025, 60025
100, 11060, 26, 60025, 60025
100, 11070, 26, 60025, 60025
100, 11080, 26, 60025, 60025
100, 11090, 26, 60025, 60025
100, 11100, 26, 60025, 60025
100, 11110, 26, 60025, 60025
100, 11120, 26, 60025, 60025
100, 11130, 26, 60025, 60025
100, 11140, 26, 60025, 60025
100, 11150, 26, 60025, 60025
100, 11160, 26, 60025, 60025
100, 11170, 26, 60025, 60025
100, 11180, 26, 60025, 60025
100, 11190, 26, 60025, 60025
100, 11200, 26, 60025, 60025
100, 11210, 26, 59925, 60025
100, 11220, 26, 59925, 59925
100, 11230, 26, 59925, 61352
100, 11240, 26, 59925, 59925
100, 11250, 26, 59925, 59925
100, 11260, 26, 59925, 59925
100, 11270, 26, 59925, 59925
100, 11280, 26, 59925, 59925
100, 11290, 26, 59925, 59925
100, 11300, 26, 59925, 59925
100, 11310, 26, 59925, 59925
100, 11320, 26, 59925, 59925
100, 11330, 26, 59925, 59925
100, 11340, 26, 59925, 59925
100, 11350, 26, 59925, 59925
100, 11360, 26, 59925, 59925
100, 11370, 26, 59925, 59925
100, 11380, 26, 59925, 59925
100, 11390, 26, 59925, 59925
100, 11400, 26, 59925, 59925
100, 11410, 26, 59878, 59925
100, 11420, 26, 59766, 60139
100, 11430, 26, 59766, 59766
100, 11440, 26, 59766, 59766
100, 11450, 26, 59766, 59766
100, 11460, 26, 59766, 61532
100, 11470, 26, 59766, 59766
100, 11480, 26, 59766, 60732
100, 11490, 26, 59766, 59766
100, 11500, 26, 59766, 59766
100, 11510, 26, 59766, 59766
100, 11520, 26, 59766, 59766
100, 11530, 26, 59766, 59766
100, 11540, 26, 59766, 60732
100, 11550, 26, 59766, 59766
100, 11560, 26, 59766, 59766
100, 11570, 26, 59671, 59766
100, 11580, 26, 59671, 59671
100, 11590, 26, 59671, 59671
100, 11600, 26, 59671, 59671
100, 11610, 26, 59671, 59671
100, 11620, 26, 59671, 59671
100, 11630, 26, 59671, 59671
100, 11640, 26, 59671, 59671
100, 11650, 26, 59671, 59671
100, 11660, 26, 59671, 59671
100, 11670, 26, 59671, 59671
100, 11680, 26, 59671, 59671
100, 11690, 26, 59671, 59671
100, 11700, 26, 59671, 59671
100, 11710, 26, 59671, 59671
100, 11720, 26, 59671, 59671
100, 11730, 26, 59671, 59671
100, 11740, 26, 59671, 59671
100, 11750, 26, 59671, 59671
100, 11760, 26, 59671, 59671
100, 11770, 26, 59444, 59471
100, 11780, 26, 59444, 59444
100, 11790, 26, 59444, 59444
100, 11800, 26, 59444, 59444
100, 11810, 26, 59444, 59444
100, 11820, 26, 59444, 59444
100, 11830, 26, 59444, 60835
100, 11840, 26, 59444, 59444
100, 11850, 26, 59444, 59444
100, 11860, 26, 59440, 59444
100, 11870, 26, 59440, 59440
100, 11880, 26, 59440, 59440
100, 11890, 26, 59440, 59440
100, 11900, 26, 59440, 59440
100, 11910, 26, 59440, 59440
100, 11920, 26, 59440, 59440
100, 11930, 26, 59079, 59440
100, 11940, 26, 59079, 59079
100, 11950, 26, 59079, 59079
100, 11960, 26, 59079, 59079
100, 11970, 26, 59079, 59079
100, 11980, 26, 59079, 59079
100, 11990, 26, 59079, 59079
100, 12000, 26, 59079, 59079
100, 12010, 26, 59079, 59079
100, 12020, 26, 59079, 59079
100, 12030, 26, 59079, 59079
100, 12040, 26, 59079, 59079
100, 12050, 26, 59036, 59079
100, 12060, 26, 59003, 59003
100, 12070, 26, 59003, 59003
100, 12080, 26, 59003, 59003
100, 12090, 26, 59003, 59003
100, 12100, 26, 59003, 59003
100, 12110, 26, 59003, 59003
100, 12120, 26, 58903, 58903
100, 12130, 26, 58903, 58903
100, 12140, 26, 58903, 58903
100, 12150, 26, 58903, 58903
100, 12160, 26, 58903, 58903
100, 12170, 26, 58903, 58903
100, 12180, 26, 58903, 58903
100, 12190, 26, 58903, 58903
100, 12200, 26, 58903, 58903
100, 12210, 26, 58903, 58903
100, 12220, 26, 58903, 58903
100, 12230, 26, 58903, 58903
100, 12240, 26, 58903, 58903
100, 12250, 26, 58903, 58903
100, 12260, 26, 58903, 58903
100, 12270, 26, 58903, 58903
100, 12280, 26, 58903, 58903
100, 12290, 26, 58903, 58903
100, 12300, 26, 58903, 58903
100, 12310, 26, 58903, 58903
100, 12320, 26, 58903, 58903
100, 12330, 26, 58903, 58903
100, 12340, 26, 58903, 58903
100, 12350, 26, 58903, 58903
100, 12360, 26, 58903, 58903
100, 12370, 26, 58903, 58903
100, 12380, 26, 58903, 58903
100, 12390, 26, 58903, 58903
100, 12400, 26, 58903, 58903
100, 12410, 26, 58903, 58903
100, 12420, 26, 58903, 58903
100, 12430, 26, 58903, 58903
100, 12440, 26, 58903, 58903
100, 12450, 26, 58903, 58903
100, 12460, 26, 58903, 58903
100, 12470, 26, 58903, 58903
100, 12480, 26, 58903, 58903
100, 12490, 26, 58903, 58903
100, 12500, 26, 58903, 58903
100, 12510, 26, 58903, 58903
100, 12520, 26, 58903, 58903
100, 12530, 26, 58865, 58903
100, 12540, 26, 58860, 58865
100, 12550, 26, 58860, 58860
100, 12560, 26, 58860, 58860
100, 12570, 26, 58860, 58860
100, 12580, 26, 58860, 58860
100, 12590, 26, 58860, 58860
100, 12600, 26, 58860, 58860
100, 12610, 26, 58860, 58860
100, 12620, 26, 58860, 58860
100, 12630, 26, 58860, 58860
100, 12640, 26, 58860, 58860
100, 12650, 26, 58860, 58860
100, 12660, 26, 58860, 58860
100, 12670, 26, 58860, 58860
100, 12680, 26, 58860, 58860
100, 12690, 26, 58860, 58860
100, 12700, 26, 58860, 58860
100, 12710, 26, 58860, 58860
100, 12720, 26, 58860, 58860
100, 12730, 26, 58860, 58860
100, 12740, 26, 58860, 58860
100, 12750, 26, 58660, 58860
100, 12760, 26, 58660, 58660
100, 12770, 26, 58464, 58519
100, 12780, 26, 58464, 58464
100, 12790, 26, 58308, 58308
100, 12800, 26, 58308, 58308
100, 12810, 26, 58308, 58308
100, 12820, 26, 58308, 58308
100, 12830, 26, 58308, 58308
100, 12840, 26, 58308, 58308
100, 12850, 26, 58308, 58308
100, 12860, 26, 58308, 58308
100, 12870, 26, 58308, 58432
100, 12880, 26, 58308, 58308
100, 12890, 26, 58308, 58308
100, 12900, 26, 58308, 58308
100, 12910, 26, 58308, 58308
100, 12920, 26, 58308, 58308
100, 12930, 26, 58308, 58308
100, 12940, 26, 58308, 58308
100, 12950, 26, 58308, 58308
100, 12960, 26, 58308, 58308
100, 12970, 26, 58308, 58308
100, 12980, 26, 58308, 58308
100, 12990, 26, 58308, 58308
100, 13000, 26, 58308, 58308
100, 13010, 26, 58308, 58308
100, 13020, 26, 58308, 58308
100, 13030, 26, 58308, 58308
100, 13040, 26, 58308, 58308
100, 13050, 26, 58308, 58308
100, 13060, 26, 58308, 58308
100, 13070, 26, 58308, 58308
100, 13080, 26, 58308, 58308
100, 13090, 26, 58308, 58308
100, 13100, 26, 58308, 58308
100, 13110, 26, 58308, 58308
100, 13120, 26, 58308, 58308
100, 13130, 26, 58308, 58308
100, 13140, 26, 58308, 58308
100, 13150, 26, 58308, 58308
100, 13160, 26, 58308, 58308
100, 13170, 26, 58308, 58308
100, 13180, 26, 58308, 58308
100, 13190, 26, 58308, 58308
100, 13200, 26, 58308, 58308
100, 13210, 26, 58308, 58308
100, 13220, 26, 58308, 58308
100, 13230, 26, 58308, 58308
100, 13240, 26, 58308, 58308
100, 13250, 26, 58308, 58308
100, 13260, 26, 58308, 58308
100, 13270, 26, 58308, 58308
100, 13280, 26, 58308, 58308
100, 13290, 26, 58308, 58308
100, 13300, 26, 58308, 58308
100, 13310, 26, 58308, 58308
100, 13320, 26, 58308, 58308
100, 13330, 26, 58308, 58308
100, 13340, 26, 58308, 58308
100, 13350, 26, 58308, 58308
100, 13360, 26, 58308, 58308
100, 13370, 26, 58308, 58308
100, 13380, 26, 58308, 58308
100, 13390, 26, 58308, 58308
100, 13400, 26, 58308, 58308
100, 13410, 26, 58308, 58308
100, 13420, 26, 58308, 58308
100, 13430, 26, 58308, 58308
100, 13440, 26, 58308, 58308
100, 13450, 26, 58308, 58308
100, 13460, 26, 58308, 58308
100, 13470, 26, 58308, 58308
100, 13480, 26, 58308, 58308
100, 13490, 26, 58308, 58308
100, 13500, 26, 58308, 58308
100, 13510, 26, 58308, 58308
100, 13520, 26, 58308, 58308
100, 13530, 26, 58308, 58308
100, 13540, 26, 58308, 58308
100, 13550, 26, 58308, 58308
100, 13560, 26, 58308, 58308
100, 13570, 26, 58308, 58308
100, 13580, 26, 58308, 58308
100, 13590, 26, 58308, 58308
100, 13600, 26, 58308, 58308
100, 13610, 26, 58308, 58308
100, 13620, 26, 58308, 58308
100, 13630, 26, 58308, 58308
100, 13640, 26, 58308, 58308
100, 13650, 26, 58308, 58308
100, 13660, 26, 58308, 58308
100, 13670, 26, 58308, 58308
100, 13680, 26, 58308, 58308
100, 13690, 26, 58308, 58308
100, 13700, 26, 58308, 58308
100, 13710, 26, 58308, 58308
100, 13720, 26, 58308, 58308
100, 13730, 26, 58308, 58308
100, 13740, 26, 58308, 58308
100, 13750, 26, 58308, 58308
100, 13760, 26, 58308, 58308
100, 13770, 26, 58308, 58308
100, 13780, 26, 58308, 58308
100, 13790, 26, 58308, 58308
100, 13800, 26, 58308, 58308
100, 13810, 26, 58308, 58308
100, 13820, 26, 58308, 58308
100, 13830, 26, 58308, 58308
100, 13840, 26, 58308, 58308
100, 13850, 26, 58308, 58308
100, 13860, 26, 58308, 58308
100, 13870, 26, 58308, 58308
100, 13880, 26, 58308, 58308
100, 13890, 26, 58308, 58308
100, 13900, 26, 58308, 58308
100, 13910, 26, 58308, 58308
100, 13920, 26, 58308, 58308
100, 13930, 26, 58308, 58308
100, 13940, 26, 58308, 58308
100, 13950, 26, 58308, 58308
100, 13960, 26, 58308, 58308
100, 13970, 26, 58308, 58308
100, 13980, 26, 58308, 58308
100, 13990, 26, 58308, 58308
100, 14000, 26, 58308, 58308
100, 14010, 26, 58308, 58308
100, 14020, 26, 58308, 58308
100, 14030, 26, 58308, 58308
100, 14040, 26, 58287, 58287
100, 14050, 26, 58287, 58287
100, 14060, 26, 58287, 58287
100, 14070, 26, 58287, 58287
100, 14080, 26, 58287, 58287
100, 14090, 26, 58287, 58287
100, 14100, 26, 58287, 58287
100, 14110, 26, 58279, 58279
100, 14120, 26, 58279, 58279
100, 14130, 26, 58279, 58279
100, 14140, 26, 58279, 58279
100, 14150, 26, 58279, 58279
100, 14160, 26, 58279, 58279
100, 14170, 26, 58279, 58279
100, 14180, 26, 58279, 58279
100, 14190, 26, 58277, 58277
100, 14200, 26, 58277, 58277
100, 14210, 26, 58243, 58243
100, 14220, 26, 58243, 58243
100, 14230, 26, 58243, 58243
100, 14240, 26, 58243, 58243
100, 14250, 26, 58243, 58243
100, 14260, 26, 58243, 58243
100, 14270, 26, 58243, 58243
100, 14280, 26, 58243, 58243
100, 14290, 26, 58243, 58243
100, 14300, 26, 57984, 58243
100, 14310, 26, 57956, 57984
100, 14320, 26, 57956, 57956
100, 14330, 26, 57956, 57956
100, 14340, 26, 57956, 57956
100, 14350, 26, 57956, 57956
100, 14360, 26, 57956, 57956
100, 14370, 26, 57956, 57956
100, 14380, 26, 57956, 57956
100, 14390, 26, 57956, 57956
100, 14400, 26, 57954, 57956
100, 14410, 26, 57954, 57954
100, 14420, 26, 57954, 57954
100, 14430, 26, 57954, 57954
100, 14440, 26, 57954, 57954
100, 14450, 26, 57954, 57954
100, 14460, 26, 57954, 57954
100, 14470, 26, 57954, 57954
100, 14480, 26, 57954, 57954
100, 14490, 26, 57954, 57954
100, 14500, 26, 57954, 57954
100, 14510, 26, 57954, 57954
100, 14520, 26, 57954, 57954
100, 14530, 26, 57954, 57954
100, 14540, 26, 57954, 57954
100, 14550, 26, 57954, 57954
100, 14560, 26, 57954, 57954
100, 14570, 26, 57954, 57954
100, 14580, 26, 57954, 57954
100, 14590, 26, 57954, 57954
100, 14600, 26, 57954, 57954
100, 14610, 26, 57954, 57954
100, 14620, 26, 57954, 57954
100, 14630, 26, 57954, 57954
100, 14640, 26, 57954, 57954
100, 14650, 26, 57954, 57954
100, 14660, 26, 57954, 57954
100, 14670, 26, 57954, 57954
100, 14680, 26, 57954, 57954
100, 14690, 26, 57954, 57954
100, 14700, 26, 57954, 57954
100, 14710, 26, 57954, 57954
100, 14720, 26, 57954, 57954
100, 14730, 26, 57874, 57954
100, 14740, 26, 57874, 57874
100, 14750, 26, 57874, 57874
100, 14760, 26, 57874, 57874
100, 14770, 26, 57874, 57874
100, 14780, 26, 57874, 57874
100, 14790, 26, 57874, 57874
100, 14800, 26, 57874, 57874
100, 14810, 26, 57874, 57874
100, 14820, 26, 57874, 57874
100, 14830, 26, 57874, 57874
100, 14840, 26, 57874, 57874
100, 14850, 26, 57874, 57874
100, 14860, 26, 57874, 57874
100, 14870, 26, 57874, 57874
100, 14880, 26, 57874, 57874
100, 14890, 26, 57846, 57846
100, 14900, 26, 57846, 57846
100, 14910, 26, 57846, 57846
100, 14920, 26, 57846, 57846
100, 14930, 26, 57846, 57846
100, 14940, 26, 57846, 57846
100, 14950, 26, 57846, 57846
100, 14960, 26, 57846, 57846
100, 14970, 26, 57846, 57846
100, 14980, 26, 57846, 57846
100, 14990, 26, 57846, 57846
100, 15000, 26, 57846, 57846
100, 15010, 26, 57846, 57846
100, 15020, 26, 57846, 57846
100, 15030, 26, 57846, 57846
100, 15040, 26, 57846, 57846
100, 15050, 26, 57846, 57846
100, 15060, 26, 57846, 57846
100, 15070, 26, 57846, 57846
100, 15080, 26, 57846, 57846
100, 15090, 26, 57846, 57846
100, 15100, 26, 57846, 57846
100, 15110, 26, 57846, 57846
100, 15120, 26, 57846, 57846
100, 15130, 26, 57846, 57846
100, 15140, 26, 57846, 57846
100, 15150, 26, 57846, 57846
100, 15160, 26, 57846, 57846
100, 15170, 26, 57846, 57846
100, 15180, 26, 57846, 57846
100, 15190, 26, 57846, 57846
100, 15200, 26, 57846, 57846
100, 15210, 26, 57846, 57846
100, 15220, 26, 57846, 57846
100, 15230, 26, 57846, 57846
100, 15240, 26, 57846, 57846
100, 15250, 26, 57846, 57846
100, 15260, 26, 57846, 57846
100, 15270, 26, 57751, 57846
100, 15280, 26, 57751, 57751
100, 15290, 26, 57751, 57751
100, 15300, 26, 57751, 57751
100, 15310, 26, 57751, 57751
100, 15320, 26, 57751, 57751
100, 15330, 26, 57751, 57751
100, 15340, 26, 57751, 57751
100, 15350, 26, 57751, 57751
100, 15360, 26, 57751, 57751
100, 15370, 26, 57751, 57751
100, 15380, 26, 57751, 57751
100, 15390, 26, 57751, 57751
100, 15400, 26, 57751, 57751
100, 15410, 26, 57751, 57751
100, 15420, 26, 57751, 57751
100, 15430, 26, 57751, 57751
100, 15440, 26, 57751, 57751
100, 15450, 26, 57751, 57751
100, 15460, 26, 57751, 57751
100, 15470, 26, 57751, 57751
100, 15480, 26, 57751, 57751
100, 15490, 26, 57751, 57751
100, 15500, 26, 57751, 57751
100, 15510, 26, 57751, 57751
100, 15520, 26, 57751, 57751
100, 15530, 26, 57730, 57751
100, 15540, 26, 57730, 57730
100, 15550, 26, 57730, 57730
100, 15560, 26, 57730, 57730
100, 15570, 26, 57730, 57730
100, 15580, 26, 57730, 57730
100, 15590, 26, 57730, 57730
100, 15600, 26, 57665, 57665
100, 15610, 26, 57599, 57665
100, 15620, 26, 57599, 57599
100, 15630, 26, 57599, 57599
100, 15640, 26, 57599, 57599
100, 15650, 26, 57599, 57599
100, 15660, 26, 57599, 57599
100, 15670, 26, 57599, 57599
100, 15680, 26, 57557, 57557
100, 15690, 26, 57557, 57557
100, 15700, 26, 57557, 57557
100, 15710, 26, 57557, 57557
100, 15720, 26, 57479, 57557
100, 15730, 26, 57479, 57479
100, 15740, 26, 57479, 57479
100, 15750, 26, 57479, 57479
100, 15760, 26, 57479, 57479
100, 15770, 26, 57479, 57479
100, 15780, 26, 57479, 57479
100, 15790, 26, 57479, 57479
100, 15800, 26, 57396, 57479
100, 15810, 26, 57396, 57396
100, 15820, 26, 57396, 57396
100, 15830, 26, 57337, 57337
100, 15840, 26, 57337, 57337
100, 15850, 26, 57337, 57337
100, 15860, 26, 57337, 57337
100, 15870, 26, 57337, 57337
100, 15880, 26, 57275, 57337
100, 15890, 26, 57275, 57275
100, 15900, 26, 57275, 57275
100, 15910, 26, 57275, 57275
100, 15920, 26, 57275, 57275
100, 15930, 26, 57275, 57275
100, 15940, 26, 57275, 57275
100, 15950, 26, 57275, 57275
100, 15960, 26, 57275, 57275
100, 15970, 26, 57275, 57275
100, 15980, 26, 57275, 57275
100, 15990, 26, 57275, 57275
100, 16000, 26, 57145, 57145
100, 16010, 26, 57145, 57145
100, 16020, 26, 57145, 57145
100, 16030, 26, 57145, 57145
100, 16040, 26, 57127, 57145
100, 16050, 26, 57127, 57127
100, 16060, 26, 57127, 57127
100, 16070, 26, 57127, 57127
100, 16080, 26, 57127, 57127
100, 16090, 26, 57127, 57127
100, 16100, 26, 57127, 57127
100, 16110, 26, 57127, 57127
100, 16120, 26, 57127, 57127
100, 16130, 26, 57127, 57127
100, 16140, 26, 57127, 57127
100, 16150, 26, 57127, 57127
100, 16160, 26, 57127, 57127
100, 16170, 26, 57127, 57127
100, 16180, 26, 57127, 57127
100, 16190, 26, 57127, 57127
100, 16200, 26, 57127, 57127
100, 16210, 26, 57127, 57127
100, 16220, 26, 57127, 57127
100, 16230, 26, 57127, 57127
100, 16240, 26, 57127, 57127
100, 16250, 26, 57127, 57127
100, 16260, 26, 57127, 57127
100, 16270, 26, 57127, 57127
100, 16280, 26, 57127, 57127
100, 16290, 26, 57127, 57127
100, 16300, 26, 57127, 57127
100, 16310, 26, 57127, 57127
100, 16320, 26, 57127, 57127
100, 16330, 26, 57127, 57127
100, 16340, 26, 57127, 57127
100, 16350, 26, 57127, 57127
100, 16360, 26, 57127, 57127
100, 16370, 26, 57127, 57127
100, 16380, 26, 57127, 57127
100, 16390, 26, 57127, 57127
100, 16400, 26, 57127, 57127
100, 16410, 26, 57127, 57127
100, 16420, 26, 57127, 57127
100, 16430, 26, 57127, 57127
100, 16440, 26, 57127, 57127
100, 16450, 26, 57127, 57127
100, 16460, 26, 57127, 57127
100, 16470, 26, 57127, 57127
100, 16480, 26, 57127, 57127
100, 16490, 26, 57127, 57127
100, 16500, 26, 57127, 57127
100, 16510, 26, 57127, 57127
100, 16520, 26, 57127, 57127
100, 16530, 26, 57127, 57127
100, 16540, 26, 57127, 57127
100, 16550, 26, 57127, 57127
100, 16560, 26, 57127, 57127
100, 16570, 26, 57127, 57127
100, 16580, 26, 57127, 57127
100, 16590, 26, 57127, 57127
100, 16600, 26, 57127, 57127
100, 16610, 26, 57127, 57127
100, 16620, 26, 57127, 57127
100, 16630, 26, 57127, 57127
100, 16640, 26, 57127, 57127
100, 16650, 26, 57127, 57127
100, 16660, 26, 57127, 57127
100, 16670, 26, 57127, 57127
100, 16680, 26, 57127, 57127
100, 16690, 26, 57127, 57127
100, 16700, 26, 57127, 57127
100, 16710, 26, 57127, 57127
100, 16720, 26, 57127, 57127
100, 16730, 26, 57127, 57127
100, 16740, 26, 57127, 57127
100, 16750, 26, 57083, 57083
100, 16760, 26, 57083, 57083
100, 16770, 26, 57083, 57083
100, 16780, 26, 57083, 57083
100, 16790, 26, 57083, 57083
100, 16800, 26, 56925, 57083
100, 16810, 26, 56925, 56925
100, 16820, 26, 56925, 56925
100, 16830, 26, 56925, 56925
100, 16840, 26, 56925, 56925
100, 16850, 26, 56925, 56925
100, 16860, 26, 56925, 56925
100, 16870, 26, 56636, 56925
100, 16880, 26, 56636, 56636
100, 16890, 26, 56636, 56636
100, 16900, 26, 56636, 56636
100, 16910, 26, 56636, 56636
100, 16920, 26, 56626, 56636
100, 16930, 26, 56626, 56626
100, 16940, 26, 56626, 56626
100, 16950, 26, 56626, 56626
100, 16960, 26, 56626, 56626
100, 16970, 26, 56626, 56626
100, 16980, 26, 56626, 56626
100, 16990, 26, 56626, 56626
100, 17000, 26, 56626, 56626
100, 17010, 26, 56626, 56626
100, 17020, 26, 56626, 56626
100, 17030, 26, 56626, 56626
100, 17040, 26, 56626, 56626
100, 17050, 26, 56626, 56626
100, 17060, 26, 56626, 56626
100, 17070, 26, 56626, 56626
100, 17080, 26, 56626, 56626
100, 17090, 26, 56601, 56626
100, 17100, 26, 56601, 56601
100, 17110, 26, 56601, 56601
100, 17120, 26, 56601, 56601
100, 17130, 26, 56601, 56601
100, 17140, 26, 56601, 56601
100, 17150, 26, 56601, 56601
100, 17160, 26, 56601, 56601
100, 17170, 26, 56601, 56601
100, 17180, 26, 56601, 56601
100, 17190, 26, 56601, 56601
100, 17200, 26, 56601, 56601
100, 17210, 26, 56601, 56601
100, 17220, 26, 56601, 56601
100, 17230, 26, 56601, 56601
100, 17240, 26, 56601, 56601
100, 17250, 26, 56601, 56601
100, 17260, 26, 56601, 56601
100, 17270, 26, 56601, 56601
100, 17280, 26, 56513, 56601
100, 17290, 26, 56513, 56513
100, 17300, 26, 56513, 56513
100, 17310, 26, 56513, 56513
100, 17320, 26, 56513, 56513
100, 17330, 26, 56513, 56513
100, 17340, 26, 56513, 56513
100, 17350, 26, 56513, 56513
100, 17360, 26, 56485, 56485
100, 17370, 26, 56485, 56485
100, 17380, 26, 56485, 56485
100, 17390, 26, 56485, 56485
100, 17400, 26, 56485, 56485
100, 17410, 26, 56485, 56485
100, 17420, 26, 56485, 56485
100, 17430, 26, 56485, 56485
100, 17440, 26, 56485, 56485
100, 17450, 26, 56485, 56485
100, 17460, 26, 56485, 56485
100, 17470, 26, 56485, 56485
100, 17480, 26, 56485, 56485
100, 17490, 26, 56485, 56485
100, 17500, 26, 56484, 56485
100, 17510, 26, 56484, 56484
100, 17520, 26, 56484, 56484
100, 17530, 26, 56484, 56484
100, 17540, 26, 56484, 56484
100, 17550, 26, 56484, 56484
100, 17560, 26, 56484, 56484
100, 17570, 26, 56484, 56484
100, 17580, 26, 56484, 56484
100, 17590, 26, 56484, 56484
100, 17600, 26, 56484, 56484
100, 17610, 26, 56484, 56484
100, 17620, 26, 56484, 56484
100, 17630, 26, 56484, 56484
100, 17640, 26, 56484, 56484
100, 17650, 26, 56484, 56484
100, 17660, 26, 56484, 56484
100, 17670, 26, 56484, 56484
100, 17680, 26, 56418, 56418
100, 17690, 26, 56418, 56418
100, 17700, 26, 56418, 56418
100, 17710, 26, 56418, 56418
100, 17720, 26, 56418, 56418
100, 17730, 26, 56418, 56418
100, 17740, 26, 56418, 56418
100, 17750, 26, 56418, 56418
100, 17760, 26, 56418, 56418
100, 17770, 26, 56418, 56418
100, 17780, 26, 56418, 56418
100, 17790, 26, 56418, 56418
100, 17800, 26, 56418, 56418
100, 17810, 26, 56418, 56418
100, 17820, 26, 56418, 56418
100, 17830, 26, 56418, 56418
100, 17840, 26, 56418, 56418
100, 17850, 26, 56418, 56418
100, 17860, 26, 56418, 56418
100, 17870, 26, 56418, 56418
100, 17880, 26, 56418, 56418
100, 17890, 26, 56418, 56418
100, 17900, 26, 56418, 56418
100, 17910, 26, 56418, 56418
100, 17920, 26, 56418, 56418
100, 17930, 26, 56418, 56418
100, 17940, 26, 56418, 56418
100, 17950, 26, 56418, 56418
100, 17960, 26, 56418, 56418
100, 17970, 26, 56418, 56418
100, 17980, 26, 56306, 56418
100, 17990, 26, 56306, 56306
100, 18000, 26, 56306, 56306
100, 18010, 26, 56306, 56306
100, 18020, 26, 56306, 56306
100, 18030, 26, 56306, 56306
100, 18040, 26, 56306, 56306
100, 18050, 26, 56306, 56306
100, 18060, 26, 56306, 56306
100, 18070, 26, 56306, 56306
100, 18080, 26, 56306, 56306
100, 18090, 26, 56306, 56306
100, 18100, 26, 56306, 56306
100, 18110, 26, 56306, 56306
100, 18120, 26, 56306, 56306
100, 18130, 26, 56306, 56306
100, 18140, 26, 56306, 56306
100, 18150, 26, 56284, 56306
100, 18160, 26, 56284, 56284
100, 18170, 26, 56284, 56284
100, 18180, 26, 56284, 56284
100, 18190, 26, 56284, 56284
100, 18200, 26, 56284, 56284
100, 18210, 26, 56284, 56284
100, 18220, 26, 56284, 56284
100, 18230, 26, 56284, 56284
100, 18240, 26, 56284, 56284
100, 18250, 26, 56284, 56284
100, 18260, 26, 56284, 56284
100, 18270, 26, 56284, 56284
100, 18280, 26, 56284, 56284
100, 18290, 26, 56284, 56284
100, 18300, 26, 56284, 56284
100, 18310, 26, 56284, 56284
100, 18320, 26, 56284, 56284
100, 18330, 26, 56260, 56284
100, 18340, 26, 56260, 56260
100, 18350, 26, 56260, 56260
100, 18360, 26, 56191, 56260
100, 18370, 26, 56191, 56191
100, 18380, 26, 56191, 56191
100, 18390, 26, 56191, 56191
100, 18400, 26, 56191, 56191
100, 18410, 26, 56191, 56191
100, 18420, 26, 56191, 56191
100, 18430, 26, 56191, 56191
100, 18440, 26, 56191, 56191
100, 18450, 26, 56191, 56191
100, 18460, 26, 56191, 56191
100, 18470, 26, 56191, 56191
100, 18480, 26, 56191, 56191
100, 18490, 26, 56191, 56191
100, 18500, 26, 56108, 56108
100, 18510, 26, 56108, 56108
100, 18520, 26, 56108, 56108
100, 18530, 26, 56108, 56108
100, 18540, 26, 56108, 56108
100, 18550, 26, 56108, 56108
100, 18560, 26, 56108, 56108
100, 18570, 26, 56108, 56108
100, 18580, 26, 56108, 56108
100, 18590, 26, 56108, 56108
100, 18600, 26, 56108, 56108
100, 18610, 26, 56108, 56108
100, 18620, 26, 56108, 56108
100, 18630, 26, 56108, 56108
100, 18640, 26, 56108, 56108
100, 18650, 26, 56108, 56108
100, 18660, 26, 56108, 56108
100, 18670, 26, 56108, 56108
100, 18680, 26, 56108, 56108
100, 18690, 26, 56108, 56108
100, 18700, 26, 56108, 56108
100, 18710, 26, 56108, 56108
100, 18720, 26, 56108, 56108
100, 18730, 26, 56108, 56108
100, 18740, 26, 56108, 56108
100, 18750, 26, 56108, 56108
100, 18760, 26, 56108, 56108
100, 18770, 26, 56108, 56108
100, 18780, 26, 56108, 56108
100, 18790, 26, 56108, 56108
100, 18800, 26, 56108, 56108
100, 18810, 26, 56108, 56108
100, 18820, 26, 56108, 56108
100, 18830, 26, 56108, 56108
100, 18840, 26, 56108, 56108
100, 18850, 26, 56108, 56108
100, 18860, 26, 56108, 56108
100, 18870, 26, 56108, 56108
100, 18880, 26, 56108, 56108
100, 18890, 26, 56058, 56058
100, 18900, 26, 56058, 56058
100, 18910, 26, 56058, 56058
100, 18920, 26, 56058, 56058
100, 18930, 26, 56058, 56058
100, 18940, 26, 56058, 56058
100, 18950, 26, 56058, 56058
100, 18960, 26, 56058, 56058
100, 18970, 26, 56058, 56058
100, 18980, 26, 56058, 56058
100, 18990, 26, 56058, 56058
100, 19000, 26, 56000, 56058
100, 19010, 26, 56000, 56000
100, 19020, 26, 56000, 56000
100, 19030, 26, 56000, 56000
100, 19040, 26, 56000, 56000
100, 19050, 26, 56000, 56000
100, 19060, 26, 56000, 56000
100, 19070, 26, 56000, 56000
100, 19080, 26, 56000, 56000
100, 19090, 26, 56000, 56000
100, 19100, 26, 56000, 56000
100, 19110, 26, 56000, 56000
100, 19120, 26, 56000, 56000
100, 19130, 26, 56000, 56000
100, 19140, 26, 56000, 56000
100, 19150, 26, 56000, 56000
100, 19160, 26, 56000, 56000
100, 19170, 26, 56000, 56000
100, 19180, 26, 56000, 56000
100, 19190, 26, 56000, 56000
100, 19200, 26, 56000, 56000
100, 19210, 26, 56000, 56000
100, 19220, 26, 56000, 56000
100, 19230, 26, 56000, 56000
100, 19240, 26, 56000, 56000
100, 19250, 26, 56000, 56000
100, 19260, 26, 56000, 56000
100, 19270, 26, 56000, 56000
100, 19280, 26, 56000, 56000
100, 19290, 26, 56000, 56000
100, 19300, 26, 56000, 56000
100, 19310, 26, 56000, 56000
100, 19320, 26, 56000, 56000
100, 19330, 26, 56000, 56000
100, 19340, 26, 56000, 56000
100, 19350, 26, 56000, 56000
100, 19360, 26, 56000, 56000
100, 19370, 26, 56000, 56000
100, 19380, 26, 56000, 56000
100, 19390, 26, 56000, 56000
100, 19400, 26, 56000, 56000
100, 19410, 26, 56000, 56000
100, 19420, 26, 56000, 56000
100, 19430, 26, 56000, 56000
100, 19440, 26, 56000, 56000
100, 19450, 26, 56000, 56000
100, 19460, 26, 56000, 56000
100, 19470, 26, 56000, 56000
100, 19480, 26, 56000, 56000
100, 19490, 26, 56000, 56000
100, 19500, 26, 56000, 56000
100, 19510, 26, 56000, 56000
100, 19520, 26, 56000, 56000
100, 19530, 26, 56000, 56000
100, 19540, 26, 56000, 56000
100, 19550, 26, 56000, 56000
100, 19560, 26, 56000, 56000
100, 19570, 26, 56000, 56000
100, 19580, 26, 56000, 56000
100, 19590, 26, 56000, 56000
100, 19600, 26, 56000, 56000
100, 19610, 26, 56000, 56000
100, 19620, 26, 56000, 56000
100, 19630, 26, 56000, 56000
100, 19640, 26, 56000, 56000
100, 19650, 26, 56000, 56000
100, 19660, 26, 56000, 56000
100, 19670, 26, 56000, 56000
100, 19680, 26, 56000, 56000
100, 19690, 26, 56000, 56000
100, 19700, 26, 56000, 56000
100, 19710, 26, 56000, 56000
100, 19720, 26, 56000, 56000
100, 19730, 26, 56000, 56000
100, 19740, 26, 56000, 56000
100, 19750, 26, 56000, 56000
100, 19760, 26, 56000, 56000
100, 19770, 26, 56000, 56000
100, 19780, 26, 56000, 56000
100, 19790, 26, 56000, 56000
100, 19800, 26, 56000, 56000
100, 19810, 26, 56000, 56000
100, 19820, 26, 56000, 56000
100, 19830, 26, 56000, 56000
100, 19840, 26, 56000, 56000
100, 19850, 26, 56000, 56000
100, 19860, 26, 56000, 56000
100, 19870, 26, 56000, 56000
100, 19880, 26, 56000, 56000
100, 19890, 26, 56000, 56000
100, 19900, 26, 56000, 56000
100, 19910, 26, 56000, 56000
100, 19920, 26, 56000, 56000
100, 19930, 26, 56000, 56000
100, 19940, 26, 56000, 56000
100, 19950, 26, 56000, 56000
100, 19960, 26, 56000, 56000
100, 19970, 26, 56000, 56000
100, 19980, 26, 56000, 56000
100, 19990, 26, 56000, 56000
