Population Size, Generation Count, Repetition, Best Fitness, Median Fitness
50, 0, 6, 729695, 776740
50, 10, 6, 688289, 694975
50, 20, 6, 672285, 679741
50, 30, 6, 652209, 661022
50, 40, 6, 633777, 643585
50, 50, 6, 622683, 626767
50, 60, 6, 608450, 612219
50, 70, 6, 598535, 603363
50, 80, 6, 588253, 593757
50, 90, 6, 579473, 584328
50, 100, 6, 571631, 574370
50, 110, 6, 562442, 565192
50, 120, 6, 546575, 552747
50, 130, 6, 535167, 538683
50, 140, 6, 522434, 527046
50, 150, 6, 510307, 517348
50, 160, 6, 505718, 509134
50, 170, 6, 499976, 503096
50, 180, 6, 493432, 496373
50, 190, 6, 486132, 491473
50, 200, 6, 481308, 484467
50, 210, 6, 475738, 479071
50, 220, 6, 469426, 474265
50, 230, 6, 463283, 468734
50, 240, 6, 457971, 462872
50, 250, 6, 447782, 455772
50, 260, 6, 442918, 445698
50, 270, 6, 438680, 442565
50, 280, 6, 436374, 438148
50, 290, 6, 431922, 436143
50, 300, 6, 428512, 431075
50, 310, 6, 424757, 427990
50, 320, 6, 419561, 424176
50, 330, 6, 414691, 419845
50, 340, 6, 412182, 415172
50, 350, 6, 410659, 413838
50, 360, 6, 404819, 408386
50, 370, 6, 401276, 404140
50, 380, 6, 396627, 400250
50, 390, 6, 393728, 396619
50, 400, 6, 389658, 393730
50, 410, 6, 385651, 389396
50, 420, 6, 381500, 384075
50, 430, 6, 379152, 382184
50, 440, 6, 375964, 378902
50, 450, 6, 371764, 374301
50, 460, 6, 365135, 369248
50, 470, 6, 362521, 365131
50, 480, 6, 359438, 361637
50, 490, 6, 356855, 361907
50, 500, 6, 355300, 358586
50, 510, 6, 352744, 356217
50, 520, 6, 349250, 352758
50, 530, 6, 346379, 350254
50, 540, 6, 344040, 346081
50, 550, 6, 340564, 344539
50, 560, 6, 337768, 341081
50, 570, 6, 335568, 340190
50, 580, 6, 333192, 336309
50, 590, 6, 330713, 334987
50, 600, 6, 329216, 332028
50, 610, 6, 326452, 329166
50, 620, 6, 322799, 327313
50, 630, 6, 319034, 321332
50, 640, 6, 316149, 319477
50, 650, 6, 314656, 317988
50, 660, 6, 313093, 316433
50, 670, 6, 310138, 314384
50, 680, 6, 307496, 310067
50, 690, 6, 305515, 308095
50, 700, 6, 302218, 306356
50, 710, 6, 299793, 301761
50, 720, 6, 299103, 301715
50, 730, 6, 297597, 301056
50, 740, 6, 296465, 297996
50, 750, 6, 294426, 296879
50, 760, 6, 293527, 295337
50, 770, 6, 290403, 294163
50, 780, 6, 287417, 290811
50, 790, 6, 285732, 288868
50, 800, 6, 283078, 285985
50, 810, 6, 281248, 285873
50, 820, 6, 280709, 282904
50, 830, 6, 277951, 281238
50, 840, 6, 277013, 279492
50, 850, 6, 275230, 278287
50, 860, 6, 274058, 278549
50, 870, 6, 273052, 275709
50, 880, 6, 272464, 275696
50, 890, 6, 270611, 274441
50, 900, 6, 268529, 271463
50, 910, 6, 267254, 270946
50, 920, 6, 266395, 269098
50, 930, 6, 264770, 267973
50, 940, 6, 264116, 266904
50, 950, 6, 262418, 266297
50, 960, 6, 261231, 264184
50, 970, 6, 260095, 262409
50, 980, 6, 259109, 260374
50, 990, 6, 258324, 261206
50, 1000, 6, 255540, 258316
50, 1010, 6, 253592, 257492
50, 1020, 6, 252581, 255924
50, 1030, 6, 251044, 253914
50, 1040, 6, 248903, 256189
50, 1050, 6, 247583, 250212
50, 1060, 6, 247021, 249629
50, 1070, 6, 245367, 249091
50, 1080, 6, 244491, 247449
50, 1090, 6, 243126, 246147
50, 1100, 6, 242344, 244069
50, 1110, 6, 239861, 243721
50, 1120, 6, 238207, 242280
50, 1130, 6, 237133, 239064
50, 1140, 6, 236111, 237839
50, 1150, 6, 233930, 237300
50, 1160, 6, 232245, 234307
50, 1170, 6, 230671, 232841
50, 1180, 6, 228727, 232108
50, 1190, 6, 227606, 229470
50, 1200, 6, 227088, 229080
50, 1210, 6, 225545, 228809
50, 1220, 6, 224308, 228342
50, 1230, 6, 223296, 225939
50, 1240, 6, 222589, 225159
50, 1250, 6, 221649, 225433
50, 1260, 6, 220362, 223529
50, 1270, 6, 218884, 223461
50, 1280, 6, 218104, 221445
50, 1290, 6, 216611, 218654
50, 1300, 6, 215965, 219016
50, 1310, 6, 215699, 217356
50, 1320, 6, 214378, 217512
50, 1330, 6, 214239, 217062
50, 1340, 6, 213680, 216366
50, 1350, 6, 211987, 213864
50, 1360, 6, 210852, 213025
50, 1370, 6, 210230, 213297
50, 1380, 6, 209767, 211552
50, 1390, 6, 208267, 213166
50, 1400, 6, 207592, 211304
50, 1410, 6, 205624, 209763
50, 1420, 6, 203871, 207106
50, 1430, 6, 203396, 205338
50, 1440, 6, 202692, 205528
50, 1450, 6, 202032, 205515
50, 1460, 6, 200690, 204667
50, 1470, 6, 200314, 202825
50, 1480, 6, 199747, 202254
50, 1490, 6, 198878, 201128
50, 1500, 6, 198202, 201538
50, 1510, 6, 197749, 199766
50, 1520, 6, 197269, 199699
50, 1530, 6, 196827, 199086
50, 1540, 6, 196069, 199024
50, 1550, 6, 195625, 198061
50, 1560, 6, 195589, 198340
50, 1570, 6, 194611, 198384
50, 1580, 6, 193185, 194542
50, 1590, 6, 192765, 194156
50, 1600, 6, 191497, 192471
50, 1610, 6, 190410, 191763
50, 1620, 6, 190056, 191961
50, 1630, 6, 189618, 192619
50, 1640, 6, 189219, 192201
50, 1650, 6, 188592, 190472
50, 1660, 6, 188592, 190890
50, 1670, 6, 187460, 191073
50, 1680, 6, 186464, 190748
50, 1690, 6, 185694, 187261
50, 1700, 6, 184808, 189738
50, 1710, 6, 184120, 188455
50, 1720, 6, 183903, 185512
50, 1730, 6, 182289, 186581
50, 1740, 6, 182068, 184711
50, 1750, 6, 181638, 184032
50, 1760, 6, 180891, 183309
50, 1770, 6, 180503, 182864
50, 1780, 6, 179497, 181419
50, 1790, 6, 179249, 179678
50, 1800, 6, 178644, 181342
50, 1810, 6, 178014, 181223
50, 1820, 6, 177697, 179853
50, 1830, 6, 177239, 181483
50, 1840, 6, 176507, 178999
50, 1850, 6, 176061, 179286
50, 1860, 6, 175376, 179256
50, 1870, 6, 175255, 176691
50, 1880, 6, 175183, 177445
50, 1890, 6, 175050, 176955
50, 1900, 6, 174526, 176530
50, 1910, 6, 173091, 175434
50, 1920, 6, 172822, 176121
50, 1930, 6, 171921, 174967
50, 1940, 6, 171627, 174975
50, 1950, 6, 171267, 173492
50, 1960, 6, 170269, 173309
50, 1970, 6, 170032, 173239
50, 1980, 6, 169246, 170712
50, 1990, 6, 168879, 173118
50, 2000, 6, 168333, 172012
50, 2010, 6, 168053, 170105
50, 2020, 6, 167514, 169730
50, 2030, 6, 166356, 168862
50, 2040, 6, 165843, 167886
50, 2050, 6, 165372, 167560
50, 2060, 6, 164770, 167434
50, 2070, 6, 164054, 167489
50, 2080, 6, 163905, 165495
50, 2090, 6, 163668, 166336
50, 2100, 6, 163081, 166001
50, 2110, 6, 162331, 164703
50, 2120, 6, 161962, 164742
50, 2130, 6, 161152, 163027
50, 2140, 6, 160031, 162840
50, 2150, 6, 159996, 163245
50, 2160, 6, 159578, 164334
50, 2170, 6, 159478, 161344
50, 2180, 6, 158529, 161001
50, 2190, 6, 157830, 160689
50, 2200, 6, 157131, 159955
50, 2210, 6, 156906, 159672
50, 2220, 6, 156048, 156961
50, 2230, 6, 155221, 158208
50, 2240, 6, 154654, 157487
50, 2250, 6, 153999, 156861
50, 2260, 6, 153361, 156692
50, 2270, 6, 153321, 156902
50, 2280, 6, 152746, 155359
50, 2290, 6, 152261, 154260
50, 2300, 6, 151592, 154099
50, 2310, 6, 151507, 153630
50, 2320, 6, 151221, 154132
50, 2330, 6, 150891, 152502
50, 2340, 6, 150782, 153475
50, 2350, 6, 150782, 152256
50, 2360, 6, 149790, 151025
50, 2370, 6, 149782, 152126
50, 2380, 6, 149445, 152394
50, 2390, 6, 149017, 151765
50, 2400, 6, 148778, 149880
50, 2410, 6, 148031, 150884
50, 2420, 6, 146922, 149343
50, 2430, 6, 146791, 146922
50, 2440, 6, 146791, 150140
50, 2450, 6, 146316, 147733
50, 2460, 6, 145979, 149149
50, 2470, 6, 145943, 147095
50, 2480, 6, 145514, 147654
50, 2490, 6, 144972, 145054
50, 2500, 6, 144407, 147422
50, 2510, 6, 144358, 145296
50, 2520, 6, 144190, 146686
50, 2530, 6, 143932, 145932
50, 2540, 6, 143703, 145708
50, 2550, 6, 143595, 144810
50, 2560, 6, 142976, 145172
50, 2570, 6, 142720, 144668
50, 2580, 6, 142367, 145802
50, 2590, 6, 142309, 144565
50, 2600, 6, 142111, 145023
50, 2610, 6, 141934, 144343
50, 2620, 6, 141679, 143783
50, 2630, 6, 141671, 143054
50, 2640, 6, 141262, 142158
50, 2650, 6, 140721, 143601
50, 2660, 6, 140416, 142156
50, 2670, 6, 140127, 142593
50, 2680, 6, 139845, 142100
50, 2690, 6, 139839, 142802
50, 2700, 6, 139424, 142018
50, 2710, 6, 139424, 142427
50, 2720, 6, 138232, 139258
50, 2730, 6, 137853, 140680
50, 2740, 6, 137516, 140410
50, 2750, 6, 137424, 139545
50, 2760, 6, 137003, 139116
50, 2770, 6, 136951, 138286
50, 2780, 6, 136702, 137826
50, 2790, 6, 136580, 139877
50, 2800, 6, 136316, 139381
50, 2810, 6, 136310, 138112
50, 2820, 6, 136218, 137718
50, 2830, 6, 135245, 137667
50, 2840, 6, 134483, 137569
50, 2850, 6, 134416, 136088
50, 2860, 6, 134230, 136946
50, 2870, 6, 133936, 136307
50, 2880, 6, 133660, 136471
50, 2890, 6, 132591, 136753
50, 2900, 6, 132238, 133813
50, 2910, 6, 132116, 134557
50, 2920, 6, 132030, 135078
50, 2930, 6, 131919, 134500
50, 2940, 6, 131730, 133400
50, 2950, 6, 131337, 135051
50, 2960, 6, 131337, 133847
50, 2970, 6, 131286, 134206
50, 2980, 6, 131123, 134410
50, 2990, 6, 130984, 133718
50, 3000, 6, 130834, 133026
50, 3010, 6, 130745, 134014
50, 3020, 6, 130665, 134607
50, 3030, 6, 129946, 131269
50, 3040, 6, 129434, 132326
50, 3050, 6, 129373, 130735
50, 3060, 6, 128792, 129864
50, 3070, 6, 128377, 129577
50, 3080, 6, 128243, 130201
50, 3090, 6, 128177, 128799
50, 3100, 6, 128160, 131042
50, 3110, 6, 127627, 131693
50, 3120, 6, 127462, 130978
50, 3130, 6, 127360, 128679
50, 3140, 6, 126919, 127851
50, 3150, 6, 126910, 127370
50, 3160, 6, 126879, 128442
50, 3170, 6, 126879, 129012
50, 3180, 6, 126758, 130136
50, 3190, 6, 126708, 130218
50, 3200, 6, 126147, 128857
50, 3210, 6, 125960, 128405
50, 3220, 6, 125924, 130287
50, 3230, 6, 125691, 127247
50, 3240, 6, 125691, 127712
50, 3250, 6, 125376, 127337
50, 3260, 6, 125280, 127208
50, 3270, 6, 125274, 128277
50, 3280, 6, 124845, 127296
50, 3290, 6, 124845, 126617
50, 3300, 6, 124805, 128167
50, 3310, 6, 124418, 124805
50, 3320, 6, 124418, 128194
50, 3330, 6, 124229, 125426
50, 3340, 6, 123815, 126083
50, 3350, 6, 123788, 127560
50, 3360, 6, 123321, 124999
50, 3370, 6, 122932, 124209
50, 3380, 6, 122789, 124881
50, 3390, 6, 122621, 126368
50, 3400, 6, 122621, 125551
50, 3410, 6, 122577, 125181
50, 3420, 6, 122442, 123911
50, 3430, 6, 122218, 125255
50, 3440, 6, 122110, 123430
50, 3450, 6, 121923, 123014
50, 3460, 6, 121923, 124101
50, 3470, 6, 121725, 124606
50, 3480, 6, 120648, 123321
50, 3490, 6, 120574, 120648
50, 3500, 6, 120450, 120702
50, 3510, 6, 120349, 122807
50, 3520, 6, 120297, 122240
50, 3530, 6, 120194, 122958
50, 3540, 6, 119959, 122708
50, 3550, 6, 119549, 120991
50, 3560, 6, 119549, 120911
50, 3570, 6, 119441, 123396
50, 3580, 6, 119348, 121046
50, 3590, 6, 118989, 121113
50, 3600, 6, 118823, 119295
50, 3610, 6, 118645, 119717
50, 3620, 6, 118395, 120113
50, 3630, 6, 117977, 120300
50, 3640, 6, 117628, 119803
50, 3650, 6, 117284, 120350
50, 3660, 6, 117129, 120430
50, 3670, 6, 116912, 120137
50, 3680, 6, 116251, 117862
50, 3690, 6, 116141, 117859
50, 3700, 6, 115655, 118257
50, 3710, 6, 115458, 117831
50, 3720, 6, 115321, 117876
50, 3730, 6, 115195, 117514
50, 3740, 6, 115025, 118450
50, 3750, 6, 115025, 116397
50, 3760, 6, 114924, 116633
50, 3770, 6, 114635, 116453
50, 3780, 6, 114624, 117235
50, 3790, 6, 114356, 115858
50, 3800, 6, 114152, 116716
50, 3810, 6, 113856, 115207
50, 3820, 6, 113821, 116408
50, 3830, 6, 113765, 115642
50, 3840, 6, 113693, 115304
50, 3850, 6, 113536, 114437
50, 3860, 6, 113519, 116480
50, 3870, 6, 113250, 114891
50, 3880, 6, 112991, 113707
50, 3890, 6, 112975, 114369
50, 3900, 6, 112775, 112975
50, 3910, 6, 112707, 115318
50, 3920, 6, 112450, 114309
50, 3930, 6, 112345, 112450
50, 3940, 6, 111866, 113287
50, 3950, 6, 111866, 111866
50, 3960, 6, 111703, 113286
50, 3970, 6, 111604, 113996
50, 3980, 6, 111457, 112975
50, 3990, 6, 111375, 114114
50, 4000, 6, 111293, 113294
50, 4010, 6, 111082, 112743
50, 4020, 6, 110838, 113464
50, 4030, 6, 110838, 113066
50, 4040, 6, 110838, 113581
50, 4050, 6, 110838, 113942
50, 4060, 6, 110605, 111883
50, 4070, 6, 110605, 111242
50, 4080, 6, 110407, 112748
50, 4090, 6, 110407, 114936
50, 4100, 6, 110407, 111606
50, 4110, 6, 110297, 112011
50, 4120, 6, 110235, 112703
50, 4130, 6, 110134, 111241
50, 4140, 6, 109992, 111899
50, 4150, 6, 109992, 112216
50, 4160, 6, 109992, 110764
50, 4170, 6, 109724, 110528
50, 4180, 6, 109449, 110971
50, 4190, 6, 109144, 112306
50, 4200, 6, 109144, 111994
50, 4210, 6, 108662, 111135
50, 4220, 6, 108662, 109447
50, 4230, 6, 108534, 110338
50, 4240, 6, 108388, 109458
50, 4250, 6, 108281, 110341
50, 4260, 6, 107884, 108807
50, 4270, 6, 107838, 109909
50, 4280, 6, 107629, 108604
50, 4290, 6, 107207, 108875
50, 4300, 6, 106838, 108085
50, 4310, 6, 106824, 111468
50, 4320, 6, 106761, 109582
50, 4330, 6, 106723, 107986
50, 4340, 6, 106687, 108046
50, 4350, 6, 106609, 108375
50, 4360, 6, 106364, 108492
50, 4370, 6, 106156, 107394
50, 4380, 6, 106031, 107663
50, 4390, 6, 105909, 108848
50, 4400, 6, 105909, 106776
50, 4410, 6, 105909, 108242
50, 4420, 6, 105909, 107895
50, 4430, 6, 105909, 107155
50, 4440, 6, 105892, 106100
50, 4450, 6, 105793, 108052
50, 4460, 6, 105768, 107540
50, 4470, 6, 105768, 107928
50, 4480, 6, 105624, 106503
50, 4490, 6, 105225, 106203
50, 4500, 6, 105041, 105087
50, 4510, 6, 104970, 106484
50, 4520, 6, 104734, 106803
50, 4530, 6, 104654, 105582
50, 4540, 6, 104398, 106237
50, 4550, 6, 104056, 107330
50, 4560, 6, 104056, 106868
50, 4570, 6, 103984, 106994
50, 4580, 6, 103929, 106885
50, 4590, 6, 103720, 106056
50, 4600, 6, 103720, 106008
50, 4610, 6, 103524, 105064
50, 4620, 6, 103394, 106241
50, 4630, 6, 103271, 105332
50, 4640, 6, 103114, 104873
50, 4650, 6, 102803, 105099
50, 4660, 6, 102522, 104685
50, 4670, 6, 102424, 104181
50, 4680, 6, 101894, 104527
50, 4690, 6, 101894, 103717
50, 4700, 6, 101585, 103020
50, 4710, 6, 101243, 102784
50, 4720, 6, 101127, 102482
50, 4730, 6, 100362, 103441
50, 4740, 6, 100362, 101774
50, 4750, 6, 100228, 102257
50, 4760, 6, 100228, 100228
50, 4770, 6, 99841, 101383
50, 4780, 6, 99747, 101011
50, 4790, 6, 99583, 100998
50, 4800, 6, 99386, 100724
50, 4810, 6, 99211, 101571
50, 4820, 6, 98836, 101945
50, 4830, 6, 98796, 98836
50, 4840, 6, 98766, 98766
50, 4850, 6, 98766, 101064
50, 4860, 6, 98766, 98766
50, 4870, 6, 98646, 100127
50, 4880, 6, 98509, 100853
50, 4890, 6, 98427, 98509
50, 4900, 6, 98321, 101089
50, 4910, 6, 98251, 99977
50, 4920, 6, 98251, 100278
50, 4930, 6, 98239, 98239
50, 4940, 6, 98113, 100352
50, 4950, 6, 97965, 99876
50, 4960, 6, 97823, 98047
50, 4970, 6, 97755, 102313
50, 4980, 6, 97755, 97773
50, 4990, 6, 97505, 97755
50, 5000, 6, 97441, 98813
50, 5010, 6, 97341, 97820
50, 5020, 6, 97339, 98270
50, 5030, 6, 97243, 99469
50, 5040, 6, 97225, 98987
50, 5050, 6, 96960, 100385
50, 5060, 6, 96827, 96960
50, 5070, 6, 96202, 97976
50, 5080, 6, 96202, 97081
50, 5090, 6, 96202, 96755
50, 5100, 6, 96178, 97893
50, 5110, 6, 96110, 96872
50, 5120, 6, 96107, 98421
50, 5130, 6, 96107, 96107
50, 5140, 6, 96023, 96609
50, 5150, 6, 95788, 99493
50, 5160, 6, 95788, 99188
50, 5170, 6, 95664, 97425
50, 5180, 6, 95527, 98284
50, 5190, 6, 95411, 95696
50, 5200, 6, 95411, 96151
50, 5210, 6, 95358, 95778
50, 5220, 6, 95336, 96530
50, 5230, 6, 95336, 96649
50, 5240, 6, 94964, 98483
50, 5250, 6, 94788, 94878
50, 5260, 6, 94678, 96857
50, 5270, 6, 94310, 94678
50, 5280, 6, 94285, 95303
50, 5290, 6, 94227, 96293
50, 5300, 6, 94164, 96205
50, 5310, 6, 94164, 97382
50, 5320, 6, 94164, 95443
50, 5330, 6, 94160, 96848
50, 5340, 6, 94160, 95711
50, 5350, 6, 94160, 94160
50, 5360, 6, 94080, 95935
50, 5370, 6, 93940, 96014
50, 5380, 6, 93940, 93940
50, 5390, 6, 93940, 98057
50, 5400, 6, 93686, 94876
50, 5410, 6, 93686, 95074
50, 5420, 6, 93686, 95236
50, 5430, 6, 93648, 94469
50, 5440, 6, 93496, 93648
50, 5450, 6, 93434, 94774
50, 5460, 6, 93226, 95201
50, 5470, 6, 93226, 94939
50, 5480, 6, 93051, 95393
50, 5490, 6, 93051, 94413
50, 5500, 6, 93024, 96098
50, 5510, 6, 93024, 95680
50, 5520, 6, 93013, 95314
50, 5530, 6, 92983, 93267
50, 5540, 6, 92983, 95377
50, 5550, 6, 92983, 95745
50, 5560, 6, 92983, 94706
50, 5570, 6, 92846, 92983
50, 5580, 6, 92846, 94413
50, 5590, 6, 92846, 94637
50, 5600, 6, 92846, 95852
50, 5610, 6, 92763, 95003
50, 5620, 6, 92530, 95211
50, 5630, 6, 92530, 94345
50, 5640, 6, 92424, 92925
50, 5650, 6, 92424, 95232
50, 5660, 6, 92424, 93304
50, 5670, 6, 92367, 93138
50, 5680, 6, 92367, 93301
50, 5690, 6, 92367, 94645
50, 5700, 6, 92192, 95211
50, 5710, 6, 92192, 96186
50, 5720, 6, 92115, 93887
50, 5730, 6, 91910, 94937
50, 5740, 6, 91812, 93372
50, 5750, 6, 91812, 93336
50, 5760, 6, 91553, 91812
50, 5770, 6, 91469, 94015
50, 5780, 6, 91420, 92749
50, 5790, 6, 91196, 93265
50, 5800, 6, 90846, 94627
50, 5810, 6, 90828, 90846
50, 5820, 6, 90664, 90828
50, 5830, 6, 90664, 92891
50, 5840, 6, 90495, 91417
50, 5850, 6, 90459, 90651
50, 5860, 6, 90382, 91761
50, 5870, 6, 90331, 90382
50, 5880, 6, 90173, 93525
50, 5890, 6, 90173, 91185
50, 5900, 6, 90026, 91684
50, 5910, 6, 90026, 90208
50, 5920, 6, 90026, 90026
50, 5930, 6, 89970, 90026
50, 5940, 6, 89970, 91612
50, 5950, 6, 89970, 90637
50, 5960, 6, 89907, 89907
50, 5970, 6, 89907, 92577
50, 5980, 6, 89907, 91596
50, 5990, 6, 89777, 89907
50, 6000, 6, 89662, 89777
50, 6010, 6, 89662, 92772
50, 6020, 6, 89662, 90357
50, 6030, 6, 89638, 92380
50, 6040, 6, 89638, 90423
50, 6050, 6, 89638, 89638
50, 6060, 6, 89513, 91109
50, 6070, 6, 89513, 90781
50, 6080, 6, 89513, 90413
50, 6090, 6, 89513, 90145
50, 6100, 6, 89513, 89513
50, 6110, 6, 89330, 92246
50, 6120, 6, 89330, 89879
50, 6130, 6, 89330, 91279
50, 6140, 6, 89279, 92999
50, 6150, 6, 89279, 90015
50, 6160, 6, 89168, 91709
50, 6170, 6, 89168, 89745
50, 6180, 6, 89168, 91560
50, 6190, 6, 89168, 89628
50, 6200, 6, 88942, 89482
50, 6210, 6, 88915, 90065
50, 6220, 6, 88677, 90688
50, 6230, 6, 88237, 89270
50, 6240, 6, 87889, 88237
50, 6250, 6, 87714, 89910
50, 6260, 6, 87714, 88089
50, 6270, 6, 87714, 90380
50, 6280, 6, 87714, 87714
50, 6290, 6, 87567, 89319
50, 6300, 6, 87567, 87682
50, 6310, 6, 87567, 87713
50, 6320, 6, 87567, 87567
50, 6330, 6, 87567, 90550
50, 6340, 6, 87567, 88798
50, 6350, 6, 87567, 88283
50, 6360, 6, 87567, 89209
50, 6370, 6, 87430, 87544
50, 6380, 6, 87310, 87397
50, 6390, 6, 87310, 87310
50, 6400, 6, 87157, 88040
50, 6410, 6, 86860, 88602
50, 6420, 6, 86860, 86860
50, 6430, 6, 86860, 86860
50, 6440, 6, 86823, 86860
50, 6450, 6, 86671, 86798
50, 6460, 6, 86671, 89648
50, 6470, 6, 86568, 87551
50, 6480, 6, 86546, 88639
50, 6490, 6, 86546, 86546
50, 6500, 6, 86546, 86546
50, 6510, 6, 86349, 87957
50, 6520, 6, 86349, 87674
50, 6530, 6, 86291, 86349
50, 6540, 6, 86291, 86291
50, 6550, 6, 86291, 88765
50, 6560, 6, 86283, 87233
50, 6570, 6, 86064, 89315
50, 6580, 6, 86012, 86064
50, 6590, 6, 85990, 86012
50, 6600, 6, 85654, 85978
50, 6610, 6, 85654, 87730
50, 6620, 6, 85644, 85654
50, 6630, 6, 85644, 86970
50, 6640, 6, 85644, 85852
50, 6650, 6, 85644, 87443
50, 6660, 6, 85644, 87156
50, 6670, 6, 85641, 88489
50, 6680, 6, 85641, 85641
50, 6690, 6, 85531, 85641
50, 6700, 6, 85466, 88180
50, 6710, 6, 85466, 86467
50, 6720, 6, 85401, 86060
50, 6730, 6, 85401, 87604
50, 6740, 6, 85401, 85401
50, 6750, 6, 85201, 85401
50, 6760, 6, 85139, 85985
50, 6770, 6, 85096, 87615
50, 6780, 6, 85090, 87936
50, 6790, 6, 85054, 85671
50, 6800, 6, 85054, 85054
50, 6810, 6, 85008, 86338
50, 6820, 6, 85008, 85230
50, 6830, 6, 84871, 85691
50, 6840, 6, 84871, 84871
50, 6850, 6, 84871, 84871
50, 6860, 6, 84871, 86422
50, 6870, 6, 84871, 86264
50, 6880, 6, 84748, 87543
50, 6890, 6, 84710, 84748
50, 6900, 6, 84710, 86726
50, 6910, 6, 84664, 84710
50, 6920, 6, 84664, 84664
50, 6930, 6, 84664, 85540
50, 6940, 6, 84664, 84664
50, 6950, 6, 84264, 85230
50, 6960, 6, 84264, 84893
50, 6970, 6, 84264, 85458
50, 6980, 6, 84264, 84264
50, 6990, 6, 84264, 86806
50, 7000, 6, 84264, 84264
50, 7010, 6, 84264, 86578
50, 7020, 6, 84028, 86501
50, 7030, 6, 84028, 87304
50, 7040, 6, 84028, 84028
50, 7050, 6, 83853, 84028
50, 7060, 6, 83853, 86293
50, 7070, 6, 83837, 83853
50, 7080, 6, 83837, 84360
50, 7090, 6, 83837, 84169
50, 7100, 6, 83826, 84412
50, 7110, 6, 83826, 83826
50, 7120, 6, 83826, 83885
50, 7130, 6, 83703, 86857
50, 7140, 6, 83703, 83703
50, 7150, 6, 83629, 85710
50, 7160, 6, 83629, 85614
50, 7170, 6, 83397, 83629
50, 7180, 6, 83358, 84312
50, 7190, 6, 83358, 83983
50, 7200, 6, 83158, 84523
50, 7210, 6, 83012, 85944
50, 7220, 6, 82963, 82963
50, 7230, 6, 82880, 85631
50, 7240, 6, 82824, 82880
50, 7250, 6, 82824, 83229
50, 7260, 6, 82824, 82824
50, 7270, 6, 82824, 84458
50, 7280, 6, 82824, 84872
50, 7290, 6, 82724, 84942
50, 7300, 6, 82637, 83203
50, 7310, 6, 82637, 82637
50, 7320, 6, 82432, 82455
50, 7330, 6, 82432, 83804
50, 7340, 6, 82432, 83476
50, 7350, 6, 82345, 82345
50, 7360, 6, 81992, 82478
50, 7370, 6, 81958, 84552
50, 7380, 6, 81958, 83802
50, 7390, 6, 81926, 81958
50, 7400, 6, 81921, 83057
50, 7410, 6, 81921, 83618
50, 7420, 6, 81767, 83076
50, 7430, 6, 81516, 81767
50, 7440, 6, 81516, 81516
50, 7450, 6, 81516, 81516
50, 7460, 6, 81498, 82986
50, 7470, 6, 81498, 82755
50, 7480, 6, 81458, 81498
50, 7490, 6, 81458, 84051
50, 7500, 6, 81458, 81458
50, 7510, 6, 81204, 83477
50, 7520, 6, 81182, 81889
50, 7530, 6, 81174, 81582
50, 7540, 6, 81174, 81174
50, 7550, 6, 81174, 82463
50, 7560, 6, 81114, 81174
50, 7570, 6, 81114, 81114
50, 7580, 6, 80982, 82624
50, 7590, 6, 80982, 82993
50, 7600, 6, 80717, 80982
50, 7610, 6, 80717, 80858
50, 7620, 6, 80634, 80634
50, 7630, 6, 80634, 81246
50, 7640, 6, 80537, 83259
50, 7650, 6, 80398, 82101
50, 7660, 6, 80398, 82054
50, 7670, 6, 80035, 81391
50, 7680, 6, 80035, 80763
50, 7690, 6, 79951, 80035
50, 7700, 6, 79951, 79951
50, 7710, 6, 79951, 79951
50, 7720, 6, 79912, 82526
50, 7730, 6, 79912, 80860
50, 7740, 6, 79912, 81575
50, 7750, 6, 79912, 82591
50, 7760, 6, 79890, 80090
50, 7770, 6, 79890, 80297
50, 7780, 6, 79890, 80792
50, 7790, 6, 79890, 79890
50, 7800, 6, 79890, 79890
50, 7810, 6, 79890, 79890
50, 7820, 6, 79890, 79890
50, 7830, 6, 79890, 81101
50, 7840, 6, 79890, 81290
50, 7850, 6, 79890, 80510
50, 7860, 6, 79890, 83531
50, 7870, 6, 79566, 79890
50, 7880, 6, 79566, 79566
50, 7890, 6, 79521, 80459
50, 7900, 6, 79384, 80413
50, 7910, 6, 79384, 79384
50, 7920, 6, 79366, 79366
50, 7930, 6, 79366, 79966
50, 7940, 6, 79366, 82128
50, 7950, 6, 79366, 79492
50, 7960, 6, 79366, 80076
50, 7970, 6, 79366, 79916
50, 7980, 6, 79366, 80473
50, 7990, 6, 79366, 79366
50, 8000, 6, 79311, 79366
50, 8010, 6, 79311, 79311
50, 8020, 6, 79311, 79574
50, 8030, 6, 79166, 80464
50, 8040, 6, 79166, 79408
50, 8050, 6, 79166, 79166
50, 8060, 6, 79166, 80944
50, 8070, 6, 79153, 79166
50, 8080, 6, 79153, 79500
50, 8090, 6, 79018, 80498
50, 8100, 6, 79018, 79018
50, 8110, 6, 79018, 79018
50, 8120, 6, 79009, 81373
50, 8130, 6, 78972, 82261
50, 8140, 6, 78865, 81088
50, 8150, 6, 78457, 78553
50, 8160, 6, 78093, 78585
50, 8170, 6, 78093, 80793
50, 8180, 6, 77644, 77694
50, 8190, 6, 77644, 78836
50, 8200, 6, 77644, 77644
50, 8210, 6, 77603, 78584
50, 8220, 6, 77603, 78735
50, 8230, 6, 77479, 79385
50, 8240, 6, 77479, 79040
50, 8250, 6, 77479, 77479
50, 8260, 6, 77479, 79062
50, 8270, 6, 77479, 77587
50, 8280, 6, 77379, 77479
50, 8290, 6, 77367, 79033
50, 8300, 6, 77367, 78360
50, 8310, 6, 77367, 77367
50, 8320, 6, 77013, 78743
50, 8330, 6, 76901, 79588
50, 8340, 6, 76901, 76901
50, 8350, 6, 76901, 77085
50, 8360, 6, 76901, 76901
50, 8370, 6, 76901, 78722
50, 8380, 6, 76794, 77211
50, 8390, 6, 76794, 76794
50, 8400, 6, 76794, 80143
50, 8410, 6, 76770, 76770
50, 8420, 6, 76633, 76770
50, 8430, 6, 76633, 76633
50, 8440, 6, 76451, 76944
50, 8450, 6, 76451, 78774
50, 8460, 6, 76418, 78544
50, 8470, 6, 76418, 76418
50, 8480, 6, 76346, 76418
50, 8490, 6, 76346, 77912
50, 8500, 6, 76346, 76574
50, 8510, 6, 76249, 76651
50, 8520, 6, 76249, 76249
50, 8530, 6, 76249, 76249
50, 8540, 6, 76191, 76249
50, 8550, 6, 76056, 77490
50, 8560, 6, 75838, 76172
50, 8570, 6, 75755, 77080
50, 8580, 6, 75755, 78292
50, 8590, 6, 75755, 77360
50, 8600, 6, 75755, 77745
50, 8610, 6, 75755, 77559
50, 8620, 6, 75750, 75755
50, 8630, 6, 75748, 75750
50, 8640, 6, 75748, 75748
50, 8650, 6, 75748, 77613
50, 8660, 6, 75748, 75748
50, 8670, 6, 75748, 76964
50, 8680, 6, 75748, 75748
50, 8690, 6, 75565, 75748
50, 8700, 6, 75565, 76700
50, 8710, 6, 75400, 75785
50, 8720, 6, 75400, 75400
50, 8730, 6, 75400, 76914
50, 8740, 6, 75400, 75400
50, 8750, 6, 75400, 76667
50, 8760, 6, 75400, 75400
50, 8770, 6, 75400, 75400
50, 8780, 6, 75400, 77264
50, 8790, 6, 75400, 75550
50, 8800, 6, 75298, 76433
50, 8810, 6, 75298, 75298
50, 8820, 6, 75207, 75207
50, 8830, 6, 75207, 75207
50, 8840, 6, 75201, 76291
50, 8850, 6, 75201, 75380
50, 8860, 6, 75201, 75201
50, 8870, 6, 75157, 75157
50, 8880, 6, 75157, 75157
50, 8890, 6, 75157, 76841
50, 8900, 6, 75157, 75157
50, 8910, 6, 75157, 77281
50, 8920, 6, 75157, 75157
50, 8930, 6, 75151, 77353
50, 8940, 6, 75151, 75151
50, 8950, 6, 75131, 75151
50, 8960, 6, 75056, 78032
50, 8970, 6, 75056, 76235
50, 8980, 6, 75056, 75056
50, 8990, 6, 75056, 75958
50, 9000, 6, 74997, 75856
50, 9010, 6, 74997, 74997
50, 9020, 6, 74997, 76675
50, 9030, 6, 74997, 74997
50, 9040, 6, 74997, 75313
50, 9050, 6, 74997, 74997
50, 9060, 6, 74997, 74997
50, 9070, 6, 74855, 74855
50, 9080, 6, 74742, 74855
50, 9090, 6, 74677, 74742
50, 9100, 6, 74677, 74677
50, 9110, 6, 74677, 74677
50, 9120, 6, 74677, 74677
50, 9130, 6, 74677, 76419
50, 9140, 6, 74677, 74942
50, 9150, 6, 74677, 74677
50, 9160, 6, 74677, 74677
50, 9170, 6, 74677, 74877
50, 9180, 6, 74677, 75570
50, 9190, 6, 74677, 74677
50, 9200, 6, 74579, 75077
50, 9210, 6, 74579, 75835
50, 9220, 6, 74579, 75993
50, 9230, 6, 74579, 74579
50, 9240, 6, 74579, 76351
50, 9250, 6, 74541, 75362
50, 9260, 6, 74541, 74541
50, 9270, 6, 74541, 74541
50, 9280, 6, 74291, 74541
50, 9290, 6, 74291, 74291
50, 9300, 6, 74215, 74291
50, 9310, 6, 74128, 74215
50, 9320, 6, 74128, 74128
50, 9330, 6, 74069, 76002
50, 9340, 6, 74069, 74069
50, 9350, 6, 74069, 75112
50, 9360, 6, 74016, 74051
50, 9370, 6, 74016, 74016
50, 9380, 6, 74016, 75750
50, 9390, 6, 74016, 75727
50, 9400, 6, 74016, 74016
50, 9410, 6, 73999, 73999
50, 9420, 6, 73999, 75136
50, 9430, 6, 73999, 73999
50, 9440, 6, 73983, 75109
50, 9450, 6, 73983, 73983
50, 9460, 6, 73983, 73983
50, 9470, 6, 73983, 73983
50, 9480, 6, 73976, 74572
50, 9490, 6, 73965, 73976
50, 9500, 6, 73965, 73965
50, 9510, 6, 73965, 75751
50, 9520, 6, 73842, 73965
50, 9530, 6, 73842, 73842
50, 9540, 6, 73842, 73842
50, 9550, 6, 73842, 75426
50, 9560, 6, 73715, 73715
50, 9570, 6, 73715, 74148
50, 9580, 6, 73715, 73715
50, 9590, 6, 73715, 73715
50, 9600, 6, 73715, 73715
50, 9610, 6, 73638, 75416
50, 9620, 6, 73638, 75445
50, 9630, 6, 73638, 73638
50, 9640, 6, 73638, 74945
50, 9650, 6, 73594, 73594
50, 9660, 6, 73594, 74947
50, 9670, 6, 73594, 73594
50, 9680, 6, 73594, 74242
50, 9690, 6, 73594, 73594
50, 9700, 6, 73576, 73576
50, 9710, 6, 73576, 73576
50, 9720, 6, 73500, 73699
50, 9730, 6, 73500, 73500
50, 9740, 6, 73500, 73500
50, 9750, 6, 73500, 74896
50, 9760, 6, 73500, 73500
50, 9770, 6, 73500, 75023
50, 9780, 6, 73448, 75254
50, 9790, 6, 73448, 73448
50, 9800, 6, 73448, 73448
50, 9810, 6, 73448, 73448
50, 9820, 6, 73357, 73357
50, 9830, 6, 73357, 73357
50, 9840, 6, 73357, 76843
50, 9850, 6, 73296, 75238
50, 9860, 6, 73296, 73296
50, 9870, 6, 73296, 73296
50, 9880, 6, 73296, 73296
50, 9890, 6, 73144, 75227
50, 9900, 6, 73144, 73144
50, 9910, 6, 73144, 74769
50, 9920, 6, 73144, 73144
50, 9930, 6, 73144, 73144
50, 9940, 6, 73058, 73144
50, 9950, 6, 73058, 73058
50, 9960, 6, 73058, 73426
50, 9970, 6, 73058, 73058
50, 9980, 6, 73030, 73058
50, 9990, 6, 73030, 73030
50, 10000, 6, 73030, 73030
50, 10010, 6, 73030, 73030
50, 10020, 6, 73030, 73030
50, 10030, 6, 72877, 72877
50, 10040, 6, 72877, 72877
50, 10050, 6, 72877, 72877
50, 10060, 6, 72877, 72877
50, 10070, 6, 72877, 74606
50, 10080, 6, 72736, 72877
50, 10090, 6, 72736, 73768
50, 10100, 6, 72736, 72736
50, 10110, 6, 72736, 72736
50, 10120, 6, 72736, 73171
50, 10130, 6, 72736, 72736
50, 10140, 6, 72710, 72710
50, 10150, 6, 72525, 73764
50, 10160, 6, 72525, 72525
50, 10170, 6, 72525, 73930
50, 10180, 6, 72525, 74234
50, 10190, 6, 72525, 72525
50, 10200, 6, 72338, 72525
50, 10210, 6, 72338, 72338
50, 10220, 6, 72338, 72761
50, 10230, 6, 72338, 73926
50, 10240, 6, 72320, 72320
50, 10250, 6, 72320, 72320
50, 10260, 6, 72320, 72320
50, 10270, 6, 72320, 72320
50, 10280, 6, 72320, 72320
50, 10290, 6, 72320, 72320
50, 10300, 6, 72320, 72320
50, 10310, 6, 72320, 72320
50, 10320, 6, 72305, 72320
50, 10330, 6, 72305, 73479
50, 10340, 6, 72305, 72305
50, 10350, 6, 72305, 73770
50, 10360, 6, 72305, 73270
50, 10370, 6, 72305, 72305
50, 10380, 6, 72305, 72305
50, 10390, 6, 72305, 72305
50, 10400, 6, 72305, 73131
50, 10410, 6, 72305, 72428
50, 10420, 6, 72305, 72305
50, 10430, 6, 72305, 72305
50, 10440, 6, 72305, 72305
50, 10450, 6, 72305, 74474
50, 10460, 6, 72305, 72305
50, 10470, 6, 72305, 73611
50, 10480, 6, 72305, 72305
50, 10490, 6, 72305, 72305
50, 10500, 6, 72305, 72305
50, 10510, 6, 72305, 72305
50, 10520, 6, 72300, 72300
50, 10530, 6, 72300, 72300
50, 10540, 6, 72298, 72298
50, 10550, 6, 72298, 72298
50, 10560, 6, 72298, 72298
50, 10570, 6, 72298, 72298
50, 10580, 6, 72298, 72298
50, 10590, 6, 72298, 72298
50, 10600, 6, 72298, 73298
50, 10610, 6, 72298, 72406
50, 10620, 6, 72298, 72821
50, 10630, 6, 72298, 72678
50, 10640, 6, 72298, 72298
50, 10650, 6, 72210, 72298
50, 10660, 6, 72210, 72210
50, 10670, 6, 72210, 72210
50, 10680, 6, 72087, 72210
50, 10690, 6, 72087, 72087
50, 10700, 6, 72087, 72087
50, 10710, 6, 72087, 72087
50, 10720, 6, 72087, 72087
50, 10730, 6, 72067, 72067
50, 10740, 6, 72067, 72067
50, 10750, 6, 71977, 72067
50, 10760, 6, 71977, 71977
50, 10770, 6, 71977, 71977
50, 10780, 6, 71977, 71977
50, 10790, 6, 71977, 71977
50, 10800, 6, 71977, 71977
50, 10810, 6, 71977, 71977
50, 10820, 6, 71977, 71977
50, 10830, 6, 71977, 71977
50, 10840, 6, 71977, 71977
50, 10850, 6, 71977, 72060
50, 10860, 6, 71896, 71977
50, 10870, 6, 71896, 71896
50, 10880, 6, 71896, 71896
50, 10890, 6, 71896, 71896
50, 10900, 6, 71896, 72398
50, 10910, 6, 71896, 71896
50, 10920, 6, 71896, 71896
50, 10930, 6, 71896, 71896
50, 10940, 6, 71848, 71896
50, 10950, 6, 71848, 71848
50, 10960, 6, 71848, 71848
50, 10970, 6, 71848, 71848
50, 10980, 6, 71848, 71848
50, 10990, 6, 71838, 71838
50, 11000, 6, 71838, 71838
50, 11010, 6, 71838, 71838
50, 11020, 6, 71838, 71838
50, 11030, 6, 71753, 71838
50, 11040, 6, 71753, 71753
50, 11050, 6, 71753, 71753
50, 11060, 6, 71753, 73517
50, 11070, 6, 71753, 72371
50, 11080, 6, 71753, 71753
50, 11090, 6, 71753, 71753
50, 11100, 6, 71669, 72187
50, 11110, 6, 71669, 71669
50, 11120, 6, 71669, 73717
50, 11130, 6, 71669, 71669
50, 11140, 6, 71669, 71669
50, 11150, 6, 71664, 71669
50, 11160, 6, 71664, 71664
50, 11170, 6, 71664, 71664
50, 11180, 6, 71664, 71664
50, 11190, 6, 71664, 71664
50, 11200, 6, 71664, 72146
50, 11210, 6, 71646, 71664
50, 11220, 6, 71646, 71646
50, 11230, 6, 71646, 71646
50, 11240, 6, 71646, 72594
50, 11250, 6, 71646, 71646
50, 11260, 6, 71646, 71646
50, 11270, 6, 71554, 71646
50, 11280, 6, 71487, 71554
50, 11290, 6, 71487, 71487
50, 11300, 6, 71487, 71487
50, 11310, 6, 71487, 71487
50, 11320, 6, 71487, 72369
50, 11330, 6, 71487, 71969
50, 11340, 6, 71487, 71487
50, 11350, 6, 71438, 72013
50, 11360, 6, 71264, 73681
50, 11370, 6, 71264, 71264
50, 11380, 6, 71264, 71264
50, 11390, 6, 71264, 71264
50, 11400, 6, 71264, 71687
50, 11410, 6, 71264, 71264
50, 11420, 6, 71264, 71264
50, 11430, 6, 71264, 71264
50, 11440, 6, 71264, 72634
50, 11450, 6, 71264, 71264
50, 11460, 6, 71264, 71264
50, 11470, 6, 71264, 71264
50, 11480, 6, 71264, 71264
50, 11490, 6, 71239, 71264
50, 11500, 6, 71239, 71239
50, 11510, 6, 71239, 71239
50, 11520, 6, 71239, 71239
50, 11530, 6, 71239, 71239
50, 11540, 6, 71239, 71239
50, 11550, 6, 71239, 71239
50, 11560, 6, 71181, 71239
50, 11570, 6, 71181, 71181
50, 11580, 6, 70903, 70903
50, 11590, 6, 70903, 70903
50, 11600, 6, 70647, 70647
50, 11610, 6, 70647, 71912
50, 11620, 6, 70570, 71944
50, 11630, 6, 70470, 70570
50, 11640, 6, 70470, 70470
50, 11650, 6, 70411, 70470
50, 11660, 6, 70411, 70918
50, 11670, 6, 70411, 70411
50, 11680, 6, 70411, 70411
50, 11690, 6, 70411, 70411
50, 11700, 6, 70370, 70411
50, 11710, 6, 70370, 70370
50, 11720, 6, 70370, 70370
50, 11730, 6, 70370, 70370
50, 11740, 6, 70370, 70370
50, 11750, 6, 70370, 71398
50, 11760, 6, 70370, 72287
50, 11770, 6, 70254, 70254
50, 11780, 6, 70254, 71259
50, 11790, 6, 70254, 70254
50, 11800, 6, 70161, 70254
50, 11810, 6, 70161, 70248
50, 11820, 6, 69911, 69911
50, 11830, 6, 69911, 69911
50, 11840, 6, 69911, 69911
50, 11850, 6, 69911, 69911
50, 11860, 6, 69911, 69911
50, 11870, 6, 69895, 69911
50, 11880, 6, 69895, 69895
50, 11890, 6, 69895, 72074
50, 11900, 6, 69895, 71455
50, 11910, 6, 69895, 69895
50, 11920, 6, 69818, 69895
50, 11930, 6, 69818, 69818
50, 11940, 6, 69818, 69818
50, 11950, 6, 69818, 70193
50, 11960, 6, 69818, 69818
50, 11970, 6, 69818, 69818
50, 11980, 6, 69818, 69818
50, 11990, 6, 69777, 69777
50, 12000, 6, 69777, 69777
50, 12010, 6, 69777, 69777
50, 12020, 6, 69777, 69777
50, 12030, 6, 69777, 69777
50, 12040, 6, 69777, 69777
50, 12050, 6, 69777, 69777
50, 12060, 6, 69777, 70744
50, 12070, 6, 69777, 69777
50, 12080, 6, 69660, 69660
50, 12090, 6, 69660, 69660
50, 12100, 6, 69660, 69660
50, 12110, 6, 69628, 69660
50, 12120, 6, 69628, 69628
50, 12130, 6, 69628, 69628
50, 12140, 6, 69628, 69628
50, 12150, 6, 69628, 69628
50, 12160, 6, 69628, 69628
50, 12170, 6, 69628, 69628
50, 12180, 6, 69624, 69624
50, 12190, 6, 69624, 69624
50, 12200, 6, 69624, 69624
50, 12210, 6, 69624, 70605
50, 12220, 6, 69624, 69624
50, 12230, 6, 69624, 69624
50, 12240, 6, 69624, 69624
50, 12250, 6, 69624, 69624
50, 12260, 6, 69624, 69624
50, 12270, 6, 69624, 69624
50, 12280, 6, 69624, 69624
50, 12290, 6, 69624, 69624
50, 12300, 6, 69624, 69624
50, 12310, 6, 69624, 69624
50, 12320, 6, 69624, 69624
50, 12330, 6, 69624, 69624
50, 12340, 6, 69624, 69624
50, 12350, 6, 69624, 69624
50, 12360, 6, 69624, 69624
50, 12370, 6, 69624, 69624
50, 12380, 6, 69624, 71239
50, 12390, 6, 69624, 69624
50, 12400, 6, 69624, 69624
50, 12410, 6, 69624, 69624
50, 12420, 6, 69624, 69624
50, 12430, 6, 69624, 69624
50, 12440, 6, 69624, 69624
50, 12450, 6, 69624, 69624
50, 12460, 6, 69624, 69624
50, 12470, 6, 69624, 69624
50, 12480, 6, 69624, 69624
50, 12490, 6, 69624, 69624
50, 12500, 6, 69624, 69624
50, 12510, 6, 69624, 69624
50, 12520, 6, 69565, 69624
50, 12530, 6, 69565, 69565
50, 12540, 6, 69565, 69565
50, 12550, 6, 69565, 69565
50, 12560, 6, 69565, 70516
50, 12570, 6, 69565, 69565
50, 12580, 6, 69545, 69545
50, 12590, 6, 69545, 69545
50, 12600, 6, 69545, 71074
50, 12610, 6, 69545, 69545
50, 12620, 6, 69545, 69545
50, 12630, 6, 69545, 69545
50, 12640, 6, 69545, 69545
50, 12650, 6, 69545, 69545
50, 12660, 6, 69545, 69545
50, 12670, 6, 69545, 69545
50, 12680, 6, 69545, 69916
50, 12690, 6, 69545, 69545
50, 12700, 6, 69545, 69545
50, 12710, 6, 69545, 69545
50, 12720, 6, 69445, 69445
50, 12730, 6, 69445, 69445
50, 12740, 6, 69445, 69445
50, 12750, 6, 69445, 69445
50, 12760, 6, 69445, 69445
50, 12770, 6, 69445, 69445
50, 12780, 6, 69445, 69445
50, 12790, 6, 69445, 69445
50, 12800, 6, 69445, 69445
50, 12810, 6, 69224, 69224
50, 12820, 6, 69224, 69224
50, 12830, 6, 69224, 69224
50, 12840, 6, 69224, 69224
50, 12850, 6, 69224, 69224
50, 12860, 6, 69224, 69224
50, 12870, 6, 69100, 69100
50, 12880, 6, 69100, 69100
50, 12890, 6, 69100, 69100
50, 12900, 6, 69100, 69100
50, 12910, 6, 69100, 69100
50, 12920, 6, 69100, 69100
50, 12930, 6, 69100, 69100
50, 12940, 6, 69100, 69100
50, 12950, 6, 68975, 68975
50, 12960, 6, 68975, 68975
50, 12970, 6, 68975, 68975
50, 12980, 6, 68975, 68975
50, 12990, 6, 68975, 68975
50, 13000, 6, 68975, 68975
50, 13010, 6, 68917, 68917
50, 13020, 6, 68917, 68917
50, 13030, 6, 68917, 68917
50, 13040, 6, 68917, 68917
50, 13050, 6, 68917, 68917
50, 13060, 6, 68917, 68917
50, 13070, 6, 68917, 68917
50, 13080, 6, 68652, 68652
50, 13090, 6, 68652, 68652
50, 13100, 6, 68652, 69183
50, 13110, 6, 68652, 68652
50, 13120, 6, 68646, 68652
50, 13130, 6, 68646, 68646
50, 13140, 6, 68646, 68646
50, 13150, 6, 68646, 68646
50, 13160, 6, 68646, 68646
50, 13170, 6, 68646, 68646
50, 13180, 6, 68646, 69988
50, 13190, 6, 68646, 68646
50, 13200, 6, 68646, 68646
50, 13210, 6, 68518, 68518
50, 13220, 6, 68518, 68518
50, 13230, 6, 68518, 68518
50, 13240, 6, 68518, 68518
50, 13250, 6, 68518, 68518
50, 13260, 6, 68518, 68518
50, 13270, 6, 68518, 68518
50, 13280, 6, 68518, 68518
50, 13290, 6, 68518, 68518
50, 13300, 6, 68518, 68518
50, 13310, 6, 68518, 68518
50, 13320, 6, 68485, 68518
50, 13330, 6, 68485, 68485
50, 13340, 6, 68485, 68485
50, 13350, 6, 68485, 68485
50, 13360, 6, 68360, 68485
50, 13370, 6, 68360, 68360
50, 13380, 6, 68360, 68360
50, 13390, 6, 68277, 68360
50, 13400, 6, 68277, 68277
50, 13410, 6, 68277, 68277
50, 13420, 6, 68232, 68232
50, 13430, 6, 68151, 68232
50, 13440, 6, 68151, 68151
50, 13450, 6, 68051, 68151
50, 13460, 6, 68051, 68051
50, 13470, 6, 68051, 68051
50, 13480, 6, 68051, 68051
50, 13490, 6, 68051, 68051
50, 13500, 6, 68051, 68051
50, 13510, 6, 68051, 68051
50, 13520, 6, 67967, 67967
50, 13530, 6, 67967, 67967
50, 13540, 6, 67967, 67967
50, 13550, 6, 67967, 67967
50, 13560, 6, 67967, 67967
50, 13570, 6, 67967, 67967
50, 13580, 6, 67967, 67967
50, 13590, 6, 67967, 67967
50, 13600, 6, 67967, 67967
50, 13610, 6, 67967, 67967
50, 13620, 6, 67967, 67967
50, 13630, 6, 67967, 67967
50, 13640, 6, 67967, 70395
50, 13650, 6, 67967, 67967
50, 13660, 6, 67950, 67950
50, 13670, 6, 67950, 67950
50, 13680, 6, 67950, 68486
50, 13690, 6, 67947, 67947
50, 13700, 6, 67947, 67947
50, 13710, 6, 67924, 67947
50, 13720, 6, 67883, 67924
50, 13730, 6, 67883, 67883
50, 13740, 6, 67883, 67883
50, 13750, 6, 67883, 67883
50, 13760, 6, 67825, 67883
50, 13770, 6, 67825, 67825
50, 13780, 6, 67825, 67825
50, 13790, 6, 67766, 67825
50, 13800, 6, 67766, 67766
50, 13810, 6, 67654, 67654
50, 13820, 6, 67645, 67645
50, 13830, 6, 67645, 67645
50, 13840, 6, 67645, 67645
50, 13850, 6, 67645, 67645
50, 13860, 6, 67645, 67645
50, 13870, 6, 67645, 67645
50, 13880, 6, 67627, 67627
50, 13890, 6, 67627, 67627
50, 13900, 6, 67627, 70403
50, 13910, 6, 67619, 67619
50, 13920, 6, 67619, 67619
50, 13930, 6, 67619, 67619
50, 13940, 6, 67537, 67537
50, 13950, 6, 67526, 67526
50, 13960, 6, 67526, 67526
50, 13970, 6, 67526, 67526
50, 13980, 6, 67526, 67526
50, 13990, 6, 67526, 67526
50, 14000, 6, 67526, 67526
50, 14010, 6, 67526, 67526
50, 14020, 6, 67526, 67526
50, 14030, 6, 67526, 67526
50, 14040, 6, 67526, 67526
50, 14050, 6, 67526, 67526
50, 14060, 6, 67526, 67526
50, 14070, 6, 67526, 67526
50, 14080, 6, 67526, 67526
50, 14090, 6, 67526, 67526
50, 14100, 6, 67526, 67526
50, 14110, 6, 67526, 67526
50, 14120, 6, 67526, 67526
50, 14130, 6, 67472, 67526
50, 14140, 6, 67472, 67472
50, 14150, 6, 67472, 67472
50, 14160, 6, 67472, 67472
50, 14170, 6, 67421, 67472
50, 14180, 6, 67421, 67421
50, 14190, 6, 67421, 67421
50, 14200, 6, 67421, 67421
50, 14210, 6, 67245, 67421
50, 14220, 6, 67245, 67245
50, 14230, 6, 67245, 67245
50, 14240, 6, 67245, 67245
50, 14250, 6, 67245, 68453
50, 14260, 6, 67245, 67245
50, 14270, 6, 67245, 67245
50, 14280, 6, 67245, 67245
50, 14290, 6, 67245, 67245
50, 14300, 6, 67245, 67245
50, 14310, 6, 67245, 67245
50, 14320, 6, 67245, 67245
50, 14330, 6, 67245, 67245
50, 14340, 6, 67245, 67245
50, 14350, 6, 67065, 67065
50, 14360, 6, 66878, 66878
50, 14370, 6, 66878, 66878
50, 14380, 6, 66878, 66878
50, 14390, 6, 66878, 66878
50, 14400, 6, 66878, 66878
50, 14410, 6, 66878, 66878
50, 14420, 6, 66878, 66878
50, 14430, 6, 66878, 66878
50, 14440, 6, 66878, 66878
50, 14450, 6, 66878, 66878
50, 14460, 6, 66878, 66878
50, 14470, 6, 66878, 66878
50, 14480, 6, 66878, 66878
50, 14490, 6, 66878, 66878
50, 14500, 6, 66878, 66878
50, 14510, 6, 66878, 66878
50, 14520, 6, 66878, 66878
50, 14530, 6, 66878, 66878
50, 14540, 6, 66878, 66878
50, 14550, 6, 66878, 67478
50, 14560, 6, 66878, 66878
50, 14570, 6, 66878, 66878
50, 14580, 6, 66878, 66878
50, 14590, 6, 66878, 66878
50, 14600, 6, 66878, 67464
50, 14610, 6, 66878, 66878
50, 14620, 6, 66878, 66878
50, 14630, 6, 66878, 66878
50, 14640, 6, 66878, 66878
50, 14650, 6, 66878, 66878
50, 14660, 6, 66878, 66878
50, 14670, 6, 66878, 66878
50, 14680, 6, 66878, 66878
50, 14690, 6, 66878, 66878
50, 14700, 6, 66878, 66878
50, 14710, 6, 66863, 66878
50, 14720, 6, 66863, 66863
50, 14730, 6, 66863, 66863
50, 14740, 6, 66808, 66808
50, 14750, 6, 66808, 66808
50, 14760, 6, 66808, 66808
50, 14770, 6, 66808, 66808
50, 14780, 6, 66808, 66808
50, 14790, 6, 66808, 66808
50, 14800, 6, 66445, 66653
50, 14810, 6, 66445, 66445
50, 14820, 6, 66445, 66445
50, 14830, 6, 66445, 66445
50, 14840, 6, 66445, 66445
50, 14850, 6, 66445, 66445
50, 14860, 6, 66445, 66445
50, 14870, 6, 66445, 66445
50, 14880, 6, 66445, 66445
50, 14890, 6, 66445, 66445
50, 14900, 6, 66445, 66445
50, 14910, 6, 66445, 66445
50, 14920, 6, 66445, 66445
50, 14930, 6, 66445, 66445
50, 14940, 6, 66445, 66445
50, 14950, 6, 66445, 66445
50, 14960, 6, 66445, 66445
50, 14970, 6, 66387, 66445
50, 14980, 6, 66387, 66387
50, 14990, 6, 66387, 66387
50, 15000, 6, 66387, 66387
50, 15010, 6, 66387, 66387
50, 15020, 6, 66387, 66387
50, 15030, 6, 66304, 66387
50, 15040, 6, 66304, 66304
50, 15050, 6, 66304, 66304
50, 15060, 6, 66304, 66304
50, 15070, 6, 66304, 66304
50, 15080, 6, 66304, 66304
50, 15090, 6, 66304, 66304
50, 15100, 6, 66304, 66304
50, 15110, 6, 66304, 66304
50, 15120, 6, 66304, 66304
50, 15130, 6, 66304, 66304
50, 15140, 6, 66304, 66304
50, 15150, 6, 66304, 66304
50, 15160, 6, 66304, 66304
50, 15170, 6, 66304, 66304
50, 15180, 6, 66304, 66304
50, 15190, 6, 66304, 66304
50, 15200, 6, 66115, 66304
50, 15210, 6, 66115, 66115
50, 15220, 6, 66115, 66115
50, 15230, 6, 66016, 66016
50, 15240, 6, 66016, 66016
50, 15250, 6, 66016, 66016
50, 15260, 6, 66016, 66016
50, 15270, 6, 66016, 66016
50, 15280, 6, 66016, 66016
50, 15290, 6, 66016, 66016
50, 15300, 6, 66016, 66016
50, 15310, 6, 66016, 66016
50, 15320, 6, 66016, 66016
50, 15330, 6, 66016, 66016
50, 15340, 6, 66016, 66016
50, 15350, 6, 66016, 66016
50, 15360, 6, 66016, 66016
50, 15370, 6, 66016, 66016
50, 15380, 6, 66016, 66016
50, 15390, 6, 66016, 66016
50, 15400, 6, 66016, 66016
50, 15410, 6, 66016, 66016
50, 15420, 6, 65929, 65929
50, 15430, 6, 65841, 65841
50, 15440, 6, 65841, 65841
50, 15450, 6, 65841, 65841
50, 15460, 6, 65841, 65841
50, 15470, 6, 65841, 65841
50, 15480, 6, 65841, 65841
50, 15490, 6, 65841, 65841
50, 15500, 6, 65841, 65841
50, 15510, 6, 65841, 65841
50, 15520, 6, 65841, 65841
50, 15530, 6, 65841, 65841
50, 15540, 6, 65841, 65841
50, 15550, 6, 65841, 65841
50, 15560, 6, 65841, 65841
50, 15570, 6, 65841, 65841
50, 15580, 6, 65841, 65841
50, 15590, 6, 65841, 65841
50, 15600, 6, 65841, 65841
50, 15610, 6, 65841, 65841
50, 15620, 6, 65704, 65704
50, 15630, 6, 65704, 65704
50, 15640, 6, 65704, 65704
50, 15650, 6, 65704, 65704
50, 15660, 6, 65704, 65704
50, 15670, 6, 65704, 65704
50, 15680, 6, 65704, 65704
50, 15690, 6, 65704, 65704
50, 15700, 6, 65704, 65704
50, 15710, 6, 65704, 65704
50, 15720, 6, 65704, 65704
50, 15730, 6, 65704, 65704
50, 15740, 6, 65704, 65704
50, 15750, 6, 65704, 65704
50, 15760, 6, 65678, 65678
50, 15770, 6, 65678, 65678
50, 15780, 6, 65678, 65678
50, 15790, 6, 65678, 65678
50, 15800, 6, 65678, 65678
50, 15810, 6, 65678, 65678
50, 15820, 6, 65678, 65678
50, 15830, 6, 65678, 65678
50, 15840, 6, 65678, 65678
50, 15850, 6, 65678, 65678
50, 15860, 6, 65678, 65678
50, 15870, 6, 65678, 65678
50, 15880, 6, 65678, 65678
50, 15890, 6, 65678, 65678
50, 15900, 6, 65678, 65678
50, 15910, 6, 65678, 65678
50, 15920, 6, 65678, 65678
50, 15930, 6, 65671, 65678
50, 15940, 6, 65671, 65671
50, 15950, 6, 65671, 65671
50, 15960, 6, 65671, 65671
50, 15970, 6, 65671, 65671
50, 15980, 6, 65671, 65671
50, 15990, 6, 65671, 65671
50, 16000, 6, 65671, 65671
50, 16010, 6, 65671, 65671
50, 16020, 6, 65671, 65671
50, 16030, 6, 65671, 65671
50, 16040, 6, 65671, 65671
50, 16050, 6, 65671, 65671
50, 16060, 6, 65671, 65671
50, 16070, 6, 65671, 65671
50, 16080, 6, 65671, 65671
50, 16090, 6, 65671, 65671
50, 16100, 6, 65671, 65671
50, 16110, 6, 65671, 65671
50, 16120, 6, 65671, 65671
50, 16130, 6, 65671, 65671
50, 16140, 6, 65671, 65671
50, 16150, 6, 65671, 65671
50, 16160, 6, 65671, 65671
50, 16170, 6, 65671, 65671
50, 16180, 6, 65671, 65671
50, 16190, 6, 65671, 65671
50, 16200, 6, 65671, 65671
50, 16210, 6, 65671, 65671
50, 16220, 6, 65671, 65671
50, 16230, 6, 65671, 65671
50, 16240, 6, 65671, 65671
50, 16250, 6, 65525, 65525
50, 16260, 6, 65525, 65525
50, 16270, 6, 65525, 65525
50, 16280, 6, 65525, 65525
50, 16290, 6, 65525, 65525
50, 16300, 6, 65525, 65525
50, 16310, 6, 65525, 65525
50, 16320, 6, 65525, 65525
50, 16330, 6, 65516, 65525
50, 16340, 6, 65516, 65516
50, 16350, 6, 65516, 65516
50, 16360, 6, 65516, 65516
50, 16370, 6, 65516, 65516
50, 16380, 6, 65516, 65516
50, 16390, 6, 65516, 65516
50, 16400, 6, 65516, 65516
50, 16410, 6, 65392, 65516
50, 16420, 6, 65308, 65392
50, 16430, 6, 65308, 65308
50, 16440, 6, 65308, 65308
50, 16450, 6, 65308, 65308
50, 16460, 6, 65308, 65308
50, 16470, 6, 65308, 65308
50, 16480, 6, 65308, 65308
50, 16490, 6, 65308, 65308
50, 16500, 6, 65308, 65308
50, 16510, 6, 65308, 65308
50, 16520, 6, 65308, 65308
50, 16530, 6, 65308, 65308
50, 16540, 6, 65308, 65308
50, 16550, 6, 65308, 65308
50, 16560, 6, 65308, 65308
50, 16570, 6, 65308, 65308
50, 16580, 6, 65308, 65308
50, 16590, 6, 65308, 65308
50, 16600, 6, 65237, 65308
50, 16610, 6, 65237, 65237
50, 16620, 6, 65179, 65179
50, 16630, 6, 65179, 65179
50, 16640, 6, 65179, 65179
50, 16650, 6, 65179, 65179
50, 16660, 6, 65179, 65179
50, 16670, 6, 65179, 65179
50, 16680, 6, 65179, 65179
50, 16690, 6, 65179, 65179
50, 16700, 6, 65179, 65179
50, 16710, 6, 65179, 65179
50, 16720, 6, 65179, 65179
50, 16730, 6, 65179, 65179
50, 16740, 6, 65179, 65179
50, 16750, 6, 65179, 65179
50, 16760, 6, 65179, 65179
50, 16770, 6, 65179, 65179
50, 16780, 6, 65179, 65179
50, 16790, 6, 65179, 65179
50, 16800, 6, 65179, 65179
50, 16810, 6, 65179, 65179
50, 16820, 6, 65179, 65179
50, 16830, 6, 65179, 65179
50, 16840, 6, 65179, 65179
50, 16850, 6, 65179, 65179
50, 16860, 6, 65179, 65179
50, 16870, 6, 65179, 65179
50, 16880, 6, 65179, 65179
50, 16890, 6, 65179, 65179
50, 16900, 6, 65179, 65179
50, 16910, 6, 65179, 65179
50, 16920, 6, 65179, 65179
50, 16930, 6, 65179, 65179
50, 16940, 6, 65179, 65179
50, 16950, 6, 65179, 65179
50, 16960, 6, 65179, 65179
50, 16970, 6, 65179, 65179
50, 16980, 6, 65179, 65179
50, 16990, 6, 65179, 65179
50, 17000, 6, 65179, 65179
50, 17010, 6, 64996, 64996
50, 17020, 6, 64996, 64996
50, 17030, 6, 64996, 64996
50, 17040, 6, 64996, 64996
50, 17050, 6, 64996, 64996
50, 17060, 6, 64996, 64996
50, 17070, 6, 64996, 64996
50, 17080, 6, 64996, 64996
50, 17090, 6, 64996, 64996
50, 17100, 6, 64996, 64996
50, 17110, 6, 64996, 64996
50, 17120, 6, 64996, 64996
50, 17130, 6, 64996, 64996
50, 17140, 6, 64996, 64996
50, 17150, 6, 64996, 64996
50, 17160, 6, 64996, 64996
50, 17170, 6, 64901, 64901
50, 17180, 6, 64901, 64901
50, 17190, 6, 64901, 64901
50, 17200, 6, 64901, 64901
50, 17210, 6, 64901, 64901
50, 17220, 6, 64901, 64901
50, 17230, 6, 64901, 64901
50, 17240, 6, 64901, 64901
50, 17250, 6, 64901, 64901
50, 17260, 6, 64901, 64901
50, 17270, 6, 64901, 64901
50, 17280, 6, 64901, 64901
50, 17290, 6, 64901, 64901
50, 17300, 6, 64901, 64901
50, 17310, 6, 64901, 64901
50, 17320, 6, 64836, 64901
50, 17330, 6, 64836, 64836
50, 17340, 6, 64836, 64836
50, 17350, 6, 64836, 64836
50, 17360, 6, 64836, 64836
50, 17370, 6, 64836, 64836
50, 17380, 6, 64836, 64836
50, 17390, 6, 64836, 64836
50, 17400, 6, 64823, 64823
50, 17410, 6, 64823, 64823
50, 17420, 6, 64823, 64823
50, 17430, 6, 64740, 64823
50, 17440, 6, 64722, 64722
50, 17450, 6, 64722, 64722
50, 17460, 6, 64722, 64722
50, 17470, 6, 64722, 64722
50, 17480, 6, 64722, 64722
50, 17490, 6, 64722, 64722
50, 17500, 6, 64722, 64722
50, 17510, 6, 64722, 64722
50, 17520, 6, 64722, 64722
50, 17530, 6, 64722, 64722
50, 17540, 6, 64722, 64722
50, 17550, 6, 64722, 64722
50, 17560, 6, 64722, 64722
50, 17570, 6, 64722, 64722
50, 17580, 6, 64722, 64722
50, 17590, 6, 64722, 64722
50, 17600, 6, 64722, 64722
50, 17610, 6, 64722, 64722
50, 17620, 6, 64722, 64722
50, 17630, 6, 64722, 64722
50, 17640, 6, 64722, 64722
50, 17650, 6, 64722, 64722
50, 17660, 6, 64722, 64722
50, 17670, 6, 64722, 64722
50, 17680, 6, 64722, 64722
50, 17690, 6, 64722, 64722
50, 17700, 6, 64722, 64722
50, 17710, 6, 64722, 64722
50, 17720, 6, 64722, 64722
50, 17730, 6, 64722, 64722
50, 17740, 6, 64722, 64722
50, 17750, 6, 64722, 64722
50, 17760, 6, 64722, 64722
50, 17770, 6, 64722, 64722
50, 17780, 6, 64722, 64722
50, 17790, 6, 64722, 64722
50, 17800, 6, 64722, 64722
50, 17810, 6, 64722, 64722
50, 17820, 6, 64722, 64722
50, 17830, 6, 64722, 64722
50, 17840, 6, 64722, 64722
50, 17850, 6, 64722, 64722
50, 17860, 6, 64688, 64688
50, 17870, 6, 64688, 64688
50, 17880, 6, 64688, 64688
50, 17890, 6, 64688, 64688
50, 17900, 6, 64688, 64688
50, 17910, 6, 64688, 64688
50, 17920, 6, 64657, 64657
50, 17930, 6, 64657, 64657
50, 17940, 6, 64657, 64657
50, 17950, 6, 64657, 64657
50, 17960, 6, 64657, 64657
50, 17970, 6, 64657, 64657
50, 17980, 6, 64657, 64657
50, 17990, 6, 64657, 64657
50, 18000, 6, 64657, 64657
50, 18010, 6, 64657, 64657
50, 18020, 6, 64657, 64657
50, 18030, 6, 64657, 64657
50, 18040, 6, 64657, 64657
50, 18050, 6, 64657, 64657
50, 18060, 6, 64657, 64657
50, 18070, 6, 64657, 64657
50, 18080, 6, 64657, 64657
50, 18090, 6, 64657, 64657
50, 18100, 6, 64657, 64657
50, 18110, 6, 64657, 64657
50, 18120, 6, 64657, 64657
50, 18130, 6, 64657, 64657
50, 18140, 6, 64657, 64657
50, 18150, 6, 64657, 64657
50, 18160, 6, 64657, 64657
50, 18170, 6, 64657, 64657
50, 18180, 6, 64657, 64657
50, 18190, 6, 64657, 64657
50, 18200, 6, 64657, 64657
50, 18210, 6, 64657, 64657
50, 18220, 6, 64657, 64657
50, 18230, 6, 64657, 64657
50, 18240, 6, 64657, 64657
50, 18250, 6, 64657, 64657
50, 18260, 6, 64657, 64657
50, 18270, 6, 64657, 64657
50, 18280, 6, 64657, 64657
50, 18290, 6, 64657, 64657
50, 18300, 6, 64657, 64657
50, 18310, 6, 64657, 64657
50, 18320, 6, 64657, 64657
50, 18330, 6, 64657, 64657
50, 18340, 6, 64657, 64657
50, 18350, 6, 64657, 64657
50, 18360, 6, 64657, 64657
50, 18370, 6, 64657, 64657
50, 18380, 6, 64656, 64657
50, 18390, 6, 64656, 64656
50, 18400, 6, 64656, 64656
50, 18410, 6, 64656, 64656
50, 18420, 6, 64656, 64656
50, 18430, 6, 64656, 64656
50, 18440, 6, 64656, 64656
50, 18450, 6, 64656, 64656
50, 18460, 6, 64656, 64656
50, 18470, 6, 64656, 64656
50, 18480, 6, 64656, 64656
50, 18490, 6, 64656, 64656
50, 18500, 6, 64656, 64656
50, 18510, 6, 64656, 64656
50, 18520, 6, 64656, 64656
50, 18530, 6, 64656, 64656
50, 18540, 6, 64656, 64656
50, 18550, 6, 64656, 64656
50, 18560, 6, 64656, 64656
50, 18570, 6, 64656, 64656
50, 18580, 6, 64656, 64656
50, 18590, 6, 64656, 64656
50, 18600, 6, 64656, 64656
50, 18610, 6, 64656, 64656
50, 18620, 6, 64656, 64656
50, 18630, 6, 64656, 64656
50, 18640, 6, 64656, 64656
50, 18650, 6, 64656, 64656
50, 18660, 6, 64656, 64656
50, 18670, 6, 64656, 64656
50, 18680, 6, 64656, 64656
50, 18690, 6, 64656, 64656
50, 18700, 6, 64656, 64656
50, 18710, 6, 64656, 64656
50, 18720, 6, 64656, 64656
50, 18730, 6, 64656, 64656
50, 18740, 6, 64656, 64656
50, 18750, 6, 64656, 64656
50, 18760, 6, 64656, 64656
50, 18770, 6, 64656, 64656
50, 18780, 6, 64656, 64656
50, 18790, 6, 64539, 64539
50, 18800, 6, 64539, 64539
50, 18810, 6, 64481, 64481
50, 18820, 6, 64481, 64481
50, 18830, 6, 64481, 64481
50, 18840, 6, 64481, 64481
50, 18850, 6, 64481, 64481
50, 18860, 6, 64481, 64481
50, 18870, 6, 64481, 64481
50, 18880, 6, 64481, 64481
50, 18890, 6, 64481, 64481
50, 18900, 6, 64481, 64481
50, 18910, 6, 64481, 64481
50, 18920, 6, 64481, 64481
50, 18930, 6, 64481, 64481
50, 18940, 6, 64481, 64481
50, 18950, 6, 64481, 64481
50, 18960, 6, 64481, 64481
50, 18970, 6, 64398, 64481
50, 18980, 6, 64398, 64398
50, 18990, 6, 64398, 64398
50, 19000, 6, 64398, 64398
50, 19010, 6, 64398, 64398
50, 19020, 6, 64398, 64398
50, 19030, 6, 64398, 64398
50, 19040, 6, 64398, 64398
50, 19050, 6, 64398, 64398
50, 19060, 6, 64398, 64398
50, 19070, 6, 64398, 64398
50, 19080, 6, 64398, 64398
50, 19090, 6, 64398, 64398
50, 19100, 6, 64398, 64398
50, 19110, 6, 64398, 64398
50, 19120, 6, 64398, 64398
50, 19130, 6, 64397, 64397
50, 19140, 6, 64397, 64397
50, 19150, 6, 64397, 64397
50, 19160, 6, 64397, 64397
50, 19170, 6, 64397, 64397
50, 19180, 6, 64397, 64397
50, 19190, 6, 64397, 64397
50, 19200, 6, 64397, 64397
50, 19210, 6, 64397, 64397
50, 19220, 6, 64397, 64397
50, 19230, 6, 64397, 64397
50, 19240, 6, 64397, 64397
50, 19250, 6, 64397, 64397
50, 19260, 6, 64397, 64397
50, 19270, 6, 64397, 64397
50, 19280, 6, 64397, 64397
50, 19290, 6, 64397, 64397
50, 19300, 6, 64397, 64397
50, 19310, 6, 64397, 64397
50, 19320, 6, 64397, 64397
50, 19330, 6, 64397, 64397
50, 19340, 6, 64366, 64397
50, 19350, 6, 64366, 64366
50, 19360, 6, 64366, 64366
50, 19370, 6, 64366, 64366
50, 19380, 6, 64366, 64366
50, 19390, 6, 64350, 64350
50, 19400, 6, 64350, 64350
50, 19410, 6, 64350, 64350
50, 19420, 6, 64350, 64350
50, 19430, 6, 64350, 64350
50, 19440, 6, 64350, 64350
50, 19450, 6, 64350, 64350
50, 19460, 6, 64350, 64350
50, 19470, 6, 64350, 64350
50, 19480, 6, 64350, 64350
50, 19490, 6, 64223, 64223
50, 19500, 6, 64223, 64223
50, 19510, 6, 64223, 64223
50, 19520, 6, 64223, 64223
50, 19530, 6, 64223, 64223
50, 19540, 6, 64223, 64223
50, 19550, 6, 64223, 64223
50, 19560, 6, 64223, 64223
50, 19570, 6, 64223, 64223
50, 19580, 6, 64223, 64223
50, 19590, 6, 64223, 64223
50, 19600, 6, 64223, 64223
50, 19610, 6, 64223, 64223
50, 19620, 6, 64223, 64223
50, 19630, 6, 64223, 64223
50, 19640, 6, 64223, 64223
50, 19650, 6, 64223, 64223
50, 19660, 6, 64223, 64223
50, 19670, 6, 64223, 64223
50, 19680, 6, 64223, 64223
50, 19690, 6, 64223, 64223
50, 19700, 6, 64223, 64223
50, 19710, 6, 64223, 64223
50, 19720, 6, 64223, 64223
50, 19730, 6, 64223, 64223
50, 19740, 6, 64223, 64223
50, 19750, 6, 64223, 64223
50, 19760, 6, 64223, 64223
50, 19770, 6, 64223, 64223
50, 19780, 6, 64223, 64223
50, 19790, 6, 64223, 64223
50, 19800, 6, 64223, 64223
50, 19810, 6, 64223, 64223
50, 19820, 6, 64223, 64223
50, 19830, 6, 64223, 64223
50, 19840, 6, 64223, 64223
50, 19850, 6, 64223, 64223
50, 19860, 6, 64223, 64223
50, 19870, 6, 64223, 64223
50, 19880, 6, 64223, 64223
50, 19890, 6, 64223, 64223
50, 19900, 6, 64223, 64223
50, 19910, 6, 64223, 64223
50, 19920, 6, 64223, 64223
50, 19930, 6, 64223, 64223
50, 19940, 6, 64223, 64223
50, 19950, 6, 64223, 64223
50, 19960, 6, 64223, 64223
50, 19970, 6, 64223, 64223
50, 19980, 6, 64201, 64201
50, 19990, 6, 64201, 64201
