Population Size, Generation Count, Repetition, Best Fitness, Median Fitness
20, 0, 24, 745604, 767705
20, 10, 24, 722160, 725819
20, 20, 24, 700385, 707212
20, 30, 24, 683485, 688712
20, 40, 24, 666903, 673719
20, 50, 24, 643248, 651299
20, 60, 24, 627768, 634509
20, 70, 24, 615101, 620077
20, 80, 24, 606459, 613112
20, 90, 24, 597712, 599468
20, 100, 24, 589805, 593168
20, 110, 24, 579283, 582330
20, 120, 24, 567046, 570196
20, 130, 24, 558842, 560679
20, 140, 24, 549771, 552921
20, 150, 24, 542754, 546139
20, 160, 24, 537199, 539897
20, 170, 24, 532929, 535252
20, 180, 24, 524235, 529004
20, 190, 24, 518065, 522782
20, 200, 24, 511009, 515719
20, 210, 24, 503707, 507307
20, 220, 24, 494196, 499952
20, 230, 24, 487705, 489212
20, 240, 24, 482934, 484522
20, 250, 24, 478472, 479575
20, 260, 24, 474061, 476349
20, 270, 24, 468542, 470449
20, 280, 24, 460997, 464530
20, 290, 24, 453534, 454548
20, 300, 24, 449379, 451089
20, 310, 24, 445496, 450048
20, 320, 24, 442704, 445180
20, 330, 24, 435122, 440102
20, 340, 24, 433530, 436303
20, 350, 24, 429021, 431092
20, 360, 24, 425381, 428997
20, 370, 24, 420643, 427257
20, 380, 24, 418068, 422031
20, 390, 24, 415003, 418340
20, 400, 24, 409236, 413770
20, 410, 24, 406295, 408615
20, 420, 24, 402755, 407290
20, 430, 24, 398595, 400170
20, 440, 24, 391819, 398259
20, 450, 24, 387918, 389281
20, 460, 24, 385770, 387538
20, 470, 24, 381986, 384318
20, 480, 24, 380934, 382347
20, 490, 24, 377300, 379859
20, 500, 24, 375582, 377869
20, 510, 24, 372101, 375049
20, 520, 24, 367236, 374146
20, 530, 24, 364187, 367040
20, 540, 24, 362294, 365568
20, 550, 24, 358610, 362735
20, 560, 24, 356708, 358085
20, 570, 24, 353630, 355723
20, 580, 24, 351423, 353079
20, 590, 24, 349846, 352896
20, 600, 24, 348270, 350087
20, 610, 24, 345896, 348876
20, 620, 24, 344450, 345102
20, 630, 24, 343944, 347199
20, 640, 24, 341093, 347332
20, 650, 24, 339655, 343031
20, 660, 24, 338250, 339768
20, 670, 24, 336173, 343309
20, 680, 24, 333389, 336319
20, 690, 24, 331457, 334824
20, 700, 24, 330127, 335517
20, 710, 24, 329121, 333380
20, 720, 24, 327941, 331572
20, 730, 24, 325176, 327197
20, 740, 24, 322042, 324713
20, 750, 24, 321694, 323653
20, 760, 24, 321453, 325324
20, 770, 24, 319499, 322850
20, 780, 24, 318334, 321724
20, 790, 24, 316430, 317468
20, 800, 24, 315752, 318208
20, 810, 24, 314705, 315973
20, 820, 24, 313392, 316269
20, 830, 24, 311962, 313611
20, 840, 24, 311390, 315817
20, 850, 24, 306311, 309957
20, 860, 24, 305801, 309268
20, 870, 24, 305795, 307702
20, 880, 24, 303958, 306640
20, 890, 24, 302888, 306027
20, 900, 24, 302067, 302888
20, 910, 24, 299908, 301315
20, 920, 24, 299230, 300892
20, 930, 24, 298304, 300942
20, 940, 24, 297440, 300106
20, 950, 24, 296931, 298909
20, 960, 24, 295726, 299250
20, 970, 24, 294637, 296809
20, 980, 24, 292711, 294966
20, 990, 24, 291062, 293936
20, 1000, 24, 289581, 291035
20, 1010, 24, 288632, 288841
20, 1020, 24, 286519, 291370
20, 1030, 24, 285710, 288114
20, 1040, 24, 284508, 286439
20, 1050, 24, 284036, 287402
20, 1060, 24, 281163, 285274
20, 1070, 24, 281163, 284477
20, 1080, 24, 278606, 281163
20, 1090, 24, 276630, 278705
20, 1100, 24, 275462, 278207
20, 1110, 24, 274715, 276968
20, 1120, 24, 274318, 276483
20, 1130, 24, 273246, 276422
20, 1140, 24, 272618, 274244
20, 1150, 24, 271611, 275832
20, 1160, 24, 270868, 273243
20, 1170, 24, 269854, 270936
20, 1180, 24, 269206, 271033
20, 1190, 24, 268659, 270829
20, 1200, 24, 266502, 269261
20, 1210, 24, 265126, 266792
20, 1220, 24, 263660, 265942
20, 1230, 24, 262235, 265919
20, 1240, 24, 259783, 265335
20, 1250, 24, 258863, 259596
20, 1260, 24, 256958, 260226
20, 1270, 24, 256380, 257010
20, 1280, 24, 256380, 259098
20, 1290, 24, 256380, 256416
20, 1300, 24, 256121, 258431
20, 1310, 24, 255501, 259446
20, 1320, 24, 253707, 256199
20, 1330, 24, 253331, 254700
20, 1340, 24, 251910, 254778
20, 1350, 24, 250459, 253809
20, 1360, 24, 249919, 251916
20, 1370, 24, 248206, 251412
20, 1380, 24, 245588, 249678
20, 1390, 24, 245380, 250072
20, 1400, 24, 244499, 246877
20, 1410, 24, 242526, 246979
20, 1420, 24, 240667, 242774
20, 1430, 24, 239135, 242392
20, 1440, 24, 238947, 241953
20, 1450, 24, 238266, 238713
20, 1460, 24, 237189, 240343
20, 1470, 24, 237189, 238696
20, 1480, 24, 237094, 239587
20, 1490, 24, 235665, 239334
20, 1500, 24, 235281, 237699
20, 1510, 24, 234805, 237602
20, 1520, 24, 234674, 239339
20, 1530, 24, 234442, 234566
20, 1540, 24, 233814, 236478
20, 1550, 24, 233098, 235629
20, 1560, 24, 232283, 235250
20, 1570, 24, 231917, 232675
20, 1580, 24, 231752, 234668
20, 1590, 24, 230169, 236261
20, 1600, 24, 229726, 230169
20, 1610, 24, 229163, 232145
20, 1620, 24, 228433, 231760
20, 1630, 24, 228433, 230335
20, 1640, 24, 227597, 230320
20, 1650, 24, 226253, 231058
20, 1660, 24, 225817, 227887
20, 1670, 24, 225689, 227589
20, 1680, 24, 225439, 226350
20, 1690, 24, 224963, 226152
20, 1700, 24, 224665, 229344
20, 1710, 24, 223757, 226152
20, 1720, 24, 223468, 224351
20, 1730, 24, 222858, 224341
20, 1740, 24, 221700, 223195
20, 1750, 24, 221408, 224980
20, 1760, 24, 221149, 224883
20, 1770, 24, 221025, 223511
20, 1780, 24, 220110, 222252
20, 1790, 24, 218966, 221969
20, 1800, 24, 217501, 219936
20, 1810, 24, 217413, 220096
20, 1820, 24, 217107, 220053
20, 1830, 24, 217001, 219364
20, 1840, 24, 216775, 220415
20, 1850, 24, 216690, 219961
20, 1860, 24, 216213, 220384
20, 1870, 24, 215953, 218777
20, 1880, 24, 214997, 216584
20, 1890, 24, 214613, 215583
20, 1900, 24, 214589, 214589
20, 1910, 24, 213619, 216725
20, 1920, 24, 213040, 213799
20, 1930, 24, 212473, 221292
20, 1940, 24, 212286, 214490
20, 1950, 24, 211246, 213396
20, 1960, 24, 210660, 215817
20, 1970, 24, 208501, 211506
20, 1980, 24, 208501, 209442
20, 1990, 24, 208164, 211717
20, 2000, 24, 207359, 212092
20, 2010, 24, 207151, 207306
20, 2020, 24, 207144, 208225
20, 2030, 24, 206447, 207144
20, 2040, 24, 206107, 208215
20, 2050, 24, 205717, 205893
20, 2060, 24, 205183, 207295
20, 2070, 24, 203665, 206240
20, 2080, 24, 203606, 206363
20, 2090, 24, 203513, 207440
20, 2100, 24, 203339, 207660
20, 2110, 24, 202799, 204422
20, 2120, 24, 202024, 207233
20, 2130, 24, 200991, 205116
20, 2140, 24, 200749, 200991
20, 2150, 24, 200558, 202950
20, 2160, 24, 200179, 202532
20, 2170, 24, 198948, 199311
20, 2180, 24, 198832, 201273
20, 2190, 24, 198202, 201857
20, 2200, 24, 198121, 201019
20, 2210, 24, 196664, 197486
20, 2220, 24, 195382, 197132
20, 2230, 24, 193392, 197119
20, 2240, 24, 193143, 193648
20, 2250, 24, 192440, 193936
20, 2260, 24, 192343, 195267
20, 2270, 24, 192343, 194066
20, 2280, 24, 191852, 194658
20, 2290, 24, 191852, 194736
20, 2300, 24, 190452, 193662
20, 2310, 24, 190336, 193771
20, 2320, 24, 190226, 194681
20, 2330, 24, 190226, 193864
20, 2340, 24, 190226, 191088
20, 2350, 24, 190175, 192435
20, 2360, 24, 189894, 195448
20, 2370, 24, 189894, 193375
20, 2380, 24, 189894, 192106
20, 2390, 24, 189394, 192426
20, 2400, 24, 188832, 188908
20, 2410, 24, 188299, 193085
20, 2420, 24, 188078, 196021
20, 2430, 24, 187669, 190764
20, 2440, 24, 187476, 189416
20, 2450, 24, 186717, 189576
20, 2460, 24, 186215, 189888
20, 2470, 24, 185555, 187551
20, 2480, 24, 184264, 186129
20, 2490, 24, 182958, 185434
20, 2500, 24, 182610, 185366
20, 2510, 24, 182475, 182803
20, 2520, 24, 181241, 185925
20, 2530, 24, 180838, 183670
20, 2540, 24, 180555, 185418
20, 2550, 24, 180324, 181335
20, 2560, 24, 180240, 182238
20, 2570, 24, 180036, 182396
20, 2580, 24, 178645, 180278
20, 2590, 24, 178068, 180903
20, 2600, 24, 178068, 178068
20, 2610, 24, 177521, 180026
20, 2620, 24, 177370, 178664
20, 2630, 24, 176852, 178283
20, 2640, 24, 176795, 178204
20, 2650, 24, 175955, 177421
20, 2660, 24, 175449, 177950
20, 2670, 24, 175205, 175205
20, 2680, 24, 175205, 175719
20, 2690, 24, 174895, 179640
20, 2700, 24, 174895, 179851
20, 2710, 24, 174346, 176976
20, 2720, 24, 173755, 176597
20, 2730, 24, 173751, 175304
20, 2740, 24, 173358, 176691
20, 2750, 24, 172850, 176735
20, 2760, 24, 172850, 174261
20, 2770, 24, 172837, 174137
20, 2780, 24, 172837, 172837
20, 2790, 24, 172157, 174162
20, 2800, 24, 171559, 174041
20, 2810, 24, 171198, 174422
20, 2820, 24, 171090, 175427
20, 2830, 24, 170995, 173695
20, 2840, 24, 170179, 171968
20, 2850, 24, 170179, 174421
20, 2860, 24, 169697, 172004
20, 2870, 24, 169645, 170582
20, 2880, 24, 169008, 170335
20, 2890, 24, 168672, 169938
20, 2900, 24, 167432, 169651
20, 2910, 24, 167432, 170295
20, 2920, 24, 167213, 167278
20, 2930, 24, 166701, 168710
20, 2940, 24, 166701, 172375
20, 2950, 24, 166701, 173383
20, 2960, 24, 166701, 168006
20, 2970, 24, 166315, 169128
20, 2980, 24, 166315, 169489
20, 2990, 24, 166315, 166315
20, 3000, 24, 165929, 166660
20, 3010, 24, 164981, 166212
20, 3020, 24, 164611, 164669
20, 3030, 24, 164428, 166326
20, 3040, 24, 164184, 166068
20, 3050, 24, 163820, 164253
20, 3060, 24, 163376, 165160
20, 3070, 24, 163035, 164569
20, 3080, 24, 162335, 163601
20, 3090, 24, 162262, 163842
20, 3100, 24, 161924, 165127
20, 3110, 24, 161923, 161924
20, 3120, 24, 161787, 162548
20, 3130, 24, 161070, 162080
20, 3140, 24, 160776, 164350
20, 3150, 24, 160767, 162761
20, 3160, 24, 160089, 164169
20, 3170, 24, 160089, 167333
20, 3180, 24, 159856, 163431
20, 3190, 24, 159856, 159856
20, 3200, 24, 159856, 159856
20, 3210, 24, 159588, 162367
20, 3220, 24, 159548, 160646
20, 3230, 24, 159377, 159392
20, 3240, 24, 159262, 161350
20, 3250, 24, 158915, 160067
20, 3260, 24, 158915, 161744
20, 3270, 24, 158560, 160160
20, 3280, 24, 158503, 160973
20, 3290, 24, 158426, 158503
20, 3300, 24, 157541, 160673
20, 3310, 24, 157541, 160286
20, 3320, 24, 157541, 159365
20, 3330, 24, 157534, 157541
20, 3340, 24, 157464, 160323
20, 3350, 24, 157464, 157464
20, 3360, 24, 156928, 159555
20, 3370, 24, 156928, 159061
20, 3380, 24, 156928, 159293
20, 3390, 24, 156746, 159984
20, 3400, 24, 156746, 160122
20, 3410, 24, 156635, 159109
20, 3420, 24, 156495, 156495
20, 3430, 24, 156410, 156495
20, 3440, 24, 156347, 158867
20, 3450, 24, 156038, 159456
20, 3460, 24, 156027, 158890
20, 3470, 24, 155199, 157891
20, 3480, 24, 154896, 156883
20, 3490, 24, 154816, 155610
20, 3500, 24, 154816, 158282
20, 3510, 24, 154357, 155141
20, 3520, 24, 153630, 156424
20, 3530, 24, 152775, 154305
20, 3540, 24, 152353, 152353
20, 3550, 24, 150622, 158916
20, 3560, 24, 150601, 152452
20, 3570, 24, 150566, 153304
20, 3580, 24, 150566, 153113
20, 3590, 24, 150012, 151889
20, 3600, 24, 149741, 152036
20, 3610, 24, 149716, 151809
20, 3620, 24, 149716, 152517
20, 3630, 24, 149185, 150215
20, 3640, 24, 148577, 151050
20, 3650, 24, 148577, 150348
20, 3660, 24, 148577, 152865
20, 3670, 24, 148220, 150974
20, 3680, 24, 148148, 149253
20, 3690, 24, 148052, 150633
20, 3700, 24, 147658, 149268
20, 3710, 24, 147603, 147658
20, 3720, 24, 147581, 149057
20, 3730, 24, 147282, 151436
20, 3740, 24, 146803, 148170
20, 3750, 24, 146363, 149188
20, 3760, 24, 146315, 148132
20, 3770, 24, 146133, 151201
20, 3780, 24, 146133, 149805
20, 3790, 24, 146019, 150175
20, 3800, 24, 145971, 148459
20, 3810, 24, 145872, 148270
20, 3820, 24, 145739, 145872
20, 3830, 24, 145654, 149125
20, 3840, 24, 145654, 149041
20, 3850, 24, 145654, 148961
20, 3860, 24, 145287, 146649
20, 3870, 24, 145287, 148279
20, 3880, 24, 145250, 147403
20, 3890, 24, 145134, 147273
20, 3900, 24, 145134, 147626
20, 3910, 24, 144729, 146554
20, 3920, 24, 144670, 149042
20, 3930, 24, 144669, 144879
20, 3940, 24, 144669, 151942
20, 3950, 24, 144669, 149267
20, 3960, 24, 144589, 148226
20, 3970, 24, 143762, 146244
20, 3980, 24, 143436, 146798
20, 3990, 24, 142957, 144925
20, 4000, 24, 142957, 146101
20, 4010, 24, 142957, 146092
20, 4020, 24, 142957, 145449
20, 4030, 24, 142957, 146435
20, 4040, 24, 142957, 145914
20, 4050, 24, 142672, 146401
20, 4060, 24, 142409, 143228
20, 4070, 24, 142374, 146779
20, 4080, 24, 142374, 145310
20, 4090, 24, 142360, 145843
20, 4100, 24, 142088, 143340
20, 4110, 24, 142088, 144043
20, 4120, 24, 142070, 146604
20, 4130, 24, 141810, 142833
20, 4140, 24, 141631, 145493
20, 4150, 24, 141631, 143109
20, 4160, 24, 141306, 145657
20, 4170, 24, 141306, 141368
20, 4180, 24, 141164, 143065
20, 4190, 24, 141164, 141164
20, 4200, 24, 140275, 141020
20, 4210, 24, 140191, 141394
20, 4220, 24, 139192, 142346
20, 4230, 24, 139176, 139176
20, 4240, 24, 139176, 143085
20, 4250, 24, 138906, 139176
20, 4260, 24, 138851, 141425
20, 4270, 24, 138851, 141276
20, 4280, 24, 138698, 142912
20, 4290, 24, 138253, 139822
20, 4300, 24, 138253, 140828
20, 4310, 24, 138225, 140937
20, 4320, 24, 137578, 139034
20, 4330, 24, 137578, 139313
20, 4340, 24, 137578, 140524
20, 4350, 24, 137176, 139221
20, 4360, 24, 137170, 138244
20, 4370, 24, 137170, 137818
20, 4380, 24, 137170, 139867
20, 4390, 24, 137092, 137650
20, 4400, 24, 136982, 138845
20, 4410, 24, 136982, 136982
20, 4420, 24, 136982, 140131
20, 4430, 24, 136938, 139624
20, 4440, 24, 136938, 139397
20, 4450, 24, 136938, 138867
20, 4460, 24, 136854, 137987
20, 4470, 24, 136803, 139787
20, 4480, 24, 136803, 139601
20, 4490, 24, 136803, 139093
20, 4500, 24, 136803, 136803
20, 4510, 24, 136803, 137217
20, 4520, 24, 136803, 138732
20, 4530, 24, 136803, 138885
20, 4540, 24, 136714, 138205
20, 4550, 24, 136714, 137417
20, 4560, 24, 135997, 140249
20, 4570, 24, 135939, 140313
20, 4580, 24, 135774, 141751
20, 4590, 24, 135530, 137538
20, 4600, 24, 135495, 137538
20, 4610, 24, 135455, 136459
20, 4620, 24, 135455, 136769
20, 4630, 24, 135455, 139192
20, 4640, 24, 135200, 135455
20, 4650, 24, 135084, 136146
20, 4660, 24, 135084, 136078
20, 4670, 24, 135084, 137294
20, 4680, 24, 134992, 136209
20, 4690, 24, 134992, 138875
20, 4700, 24, 134088, 139545
20, 4710, 24, 133798, 135669
20, 4720, 24, 133756, 135899
20, 4730, 24, 133131, 134991
20, 4740, 24, 133131, 142312
20, 4750, 24, 132480, 135839
20, 4760, 24, 132480, 134962
20, 4770, 24, 132338, 133649
20, 4780, 24, 132226, 134429
20, 4790, 24, 132221, 133008
20, 4800, 24, 132027, 134500
20, 4810, 24, 131966, 134199
20, 4820, 24, 131966, 133544
20, 4830, 24, 131845, 132443
20, 4840, 24, 131392, 134128
20, 4850, 24, 131392, 131500
20, 4860, 24, 130954, 133579
20, 4870, 24, 130763, 130763
20, 4880, 24, 130558, 130745
20, 4890, 24, 130558, 134066
20, 4900, 24, 130558, 136898
20, 4910, 24, 130558, 134440
20, 4920, 24, 130558, 130558
20, 4930, 24, 129314, 129314
20, 4940, 24, 129314, 131747
20, 4950, 24, 129314, 131540
20, 4960, 24, 129056, 131158
20, 4970, 24, 129056, 129056
20, 4980, 24, 128902, 131465
20, 4990, 24, 128526, 130628
20, 5000, 24, 128526, 131242
20, 5010, 24, 128526, 131696
20, 5020, 24, 128190, 128403
20, 5030, 24, 127884, 130521
20, 5040, 24, 126712, 130485
20, 5050, 24, 126712, 131062
20, 5060, 24, 126712, 128835
20, 5070, 24, 126456, 126456
20, 5080, 24, 126323, 126352
20, 5090, 24, 126219, 126994
20, 5100, 24, 126211, 127821
20, 5110, 24, 126033, 128308
20, 5120, 24, 126033, 128344
20, 5130, 24, 126033, 127864
20, 5140, 24, 125840, 129999
20, 5150, 24, 125678, 127805
20, 5160, 24, 125410, 126522
20, 5170, 24, 125369, 127801
20, 5180, 24, 125369, 125369
20, 5190, 24, 125186, 125186
20, 5200, 24, 125161, 126724
20, 5210, 24, 125145, 127839
20, 5220, 24, 125117, 126271
20, 5230, 24, 124858, 126065
20, 5240, 24, 124839, 125031
20, 5250, 24, 124839, 124839
20, 5260, 24, 124661, 124723
20, 5270, 24, 124661, 126544
20, 5280, 24, 124661, 124661
20, 5290, 24, 124661, 124661
20, 5300, 24, 124502, 124561
20, 5310, 24, 124502, 124502
20, 5320, 24, 124460, 126578
20, 5330, 24, 124460, 125647
20, 5340, 24, 124460, 125495
20, 5350, 24, 124460, 126685
20, 5360, 24, 124460, 126091
20, 5370, 24, 124417, 124460
20, 5380, 24, 124370, 126122
20, 5390, 24, 123549, 124267
20, 5400, 24, 123549, 125484
20, 5410, 24, 123549, 123549
20, 5420, 24, 123549, 123762
20, 5430, 24, 123549, 123549
20, 5440, 24, 123349, 124717
20, 5450, 24, 123349, 124457
20, 5460, 24, 123215, 127636
20, 5470, 24, 123084, 124972
20, 5480, 24, 122718, 125982
20, 5490, 24, 122718, 124245
20, 5500, 24, 122718, 126161
20, 5510, 24, 122718, 123973
20, 5520, 24, 122005, 122718
20, 5530, 24, 121983, 124343
20, 5540, 24, 121983, 121983
20, 5550, 24, 121888, 125908
20, 5560, 24, 121888, 122804
20, 5570, 24, 121888, 125525
20, 5580, 24, 121569, 121569
20, 5590, 24, 121509, 124770
20, 5600, 24, 121509, 124088
20, 5610, 24, 121509, 123322
20, 5620, 24, 121265, 121509
20, 5630, 24, 120863, 123769
20, 5640, 24, 120860, 120863
20, 5650, 24, 120733, 120860
20, 5660, 24, 120687, 123380
20, 5670, 24, 120366, 122097
20, 5680, 24, 120366, 122453
20, 5690, 24, 120366, 120366
20, 5700, 24, 120365, 123171
20, 5710, 24, 120090, 122415
20, 5720, 24, 119909, 121730
20, 5730, 24, 119909, 121934
20, 5740, 24, 119332, 122039
20, 5750, 24, 119234, 121937
20, 5760, 24, 119234, 119395
20, 5770, 24, 119034, 121646
20, 5780, 24, 118380, 118381
20, 5790, 24, 118254, 119798
20, 5800, 24, 118254, 120567
20, 5810, 24, 117904, 122928
20, 5820, 24, 117904, 118620
20, 5830, 24, 117817, 117817
20, 5840, 24, 117579, 120371
20, 5850, 24, 117565, 117579
20, 5860, 24, 117565, 120107
20, 5870, 24, 117565, 118927
20, 5880, 24, 117525, 120903
20, 5890, 24, 117366, 117525
20, 5900, 24, 117276, 119535
20, 5910, 24, 117276, 117276
20, 5920, 24, 117271, 117324
20, 5930, 24, 116905, 116905
20, 5940, 24, 116503, 123372
20, 5950, 24, 116072, 117568
20, 5960, 24, 115922, 118663
20, 5970, 24, 115922, 116939
20, 5980, 24, 115922, 118244
20, 5990, 24, 115359, 118531
20, 6000, 24, 115359, 115372
20, 6010, 24, 115359, 118350
20, 6020, 24, 115359, 117393
20, 6030, 24, 115344, 116460
20, 6040, 24, 115344, 117054
20, 6050, 24, 115344, 117069
20, 6060, 24, 115344, 117716
20, 6070, 24, 115344, 116766
20, 6080, 24, 115344, 120910
20, 6090, 24, 115344, 116696
20, 6100, 24, 115344, 115344
20, 6110, 24, 115342, 116986
20, 6120, 24, 115342, 117442
20, 6130, 24, 115342, 115342
20, 6140, 24, 115235, 116566
20, 6150, 24, 115235, 117813
20, 6160, 24, 115235, 118036
20, 6170, 24, 115109, 115695
20, 6180, 24, 114061, 114797
20, 6190, 24, 114034, 114878
20, 6200, 24, 113900, 114647
20, 6210, 24, 113766, 113900
20, 6220, 24, 113629, 115067
20, 6230, 24, 113494, 116806
20, 6240, 24, 113223, 115375
20, 6250, 24, 113223, 113223
20, 6260, 24, 113220, 114289
20, 6270, 24, 113168, 113168
20, 6280, 24, 113036, 113458
20, 6290, 24, 113036, 113636
20, 6300, 24, 113036, 113036
20, 6310, 24, 113036, 113238
20, 6320, 24, 113036, 114772
20, 6330, 24, 113036, 115533
20, 6340, 24, 112992, 117128
20, 6350, 24, 112872, 113895
20, 6360, 24, 112872, 112872
20, 6370, 24, 112872, 112872
20, 6380, 24, 112839, 112872
20, 6390, 24, 112698, 114545
20, 6400, 24, 112698, 112928
20, 6410, 24, 112561, 112698
20, 6420, 24, 112528, 114826
20, 6430, 24, 112528, 112528
20, 6440, 24, 112331, 113070
20, 6450, 24, 112331, 112331
20, 6460, 24, 112331, 115261
20, 6470, 24, 112331, 113285
20, 6480, 24, 112124, 113193
20, 6490, 24, 112124, 116366
20, 6500, 24, 112124, 115220
20, 6510, 24, 112124, 113794
20, 6520, 24, 112124, 113483
20, 6530, 24, 112124, 115130
20, 6540, 24, 112124, 113247
20, 6550, 24, 112072, 112497
20, 6560, 24, 111914, 113947
20, 6570, 24, 111914, 111914
20, 6580, 24, 111914, 115969
20, 6590, 24, 111914, 112162
20, 6600, 24, 111358, 111358
20, 6610, 24, 111358, 111424
20, 6620, 24, 111358, 113186
20, 6630, 24, 111282, 111295
20, 6640, 24, 111282, 111282
20, 6650, 24, 111068, 111566
20, 6660, 24, 111028, 112389
20, 6670, 24, 110425, 111028
20, 6680, 24, 110425, 110806
20, 6690, 24, 110204, 111946
20, 6700, 24, 109844, 111035
20, 6710, 24, 109835, 110730
20, 6720, 24, 109835, 111264
20, 6730, 24, 109835, 111812
20, 6740, 24, 109244, 111985
20, 6750, 24, 109244, 110220
20, 6760, 24, 109076, 112153
20, 6770, 24, 109076, 109513
20, 6780, 24, 109076, 112318
20, 6790, 24, 109076, 110013
20, 6800, 24, 109076, 114616
20, 6810, 24, 109076, 112119
20, 6820, 24, 109076, 115143
20, 6830, 24, 109076, 109591
20, 6840, 24, 109067, 109067
20, 6850, 24, 109067, 109417
20, 6860, 24, 109067, 111512
20, 6870, 24, 109067, 109067
20, 6880, 24, 109067, 110629
20, 6890, 24, 109067, 111994
20, 6900, 24, 109067, 110128
20, 6910, 24, 109067, 111209
20, 6920, 24, 108943, 109067
20, 6930, 24, 108943, 111451
20, 6940, 24, 108943, 109752
20, 6950, 24, 108780, 113534
20, 6960, 24, 108604, 110194
20, 6970, 24, 108604, 111207
20, 6980, 24, 108604, 108604
20, 6990, 24, 108445, 108604
20, 7000, 24, 108376, 109094
20, 7010, 24, 108260, 108376
20, 7020, 24, 108260, 108260
20, 7030, 24, 107848, 109873
20, 7040, 24, 107848, 107848
20, 7050, 24, 107724, 108725
20, 7060, 24, 107625, 108955
20, 7070, 24, 107625, 109314
20, 7080, 24, 107625, 107625
20, 7090, 24, 107423, 109902
20, 7100, 24, 107423, 107423
20, 7110, 24, 107423, 107423
20, 7120, 24, 107374, 107423
20, 7130, 24, 107374, 109982
20, 7140, 24, 107374, 107374
20, 7150, 24, 107271, 110212
20, 7160, 24, 107271, 107615
20, 7170, 24, 107271, 107727
20, 7180, 24, 107213, 107271
20, 7190, 24, 107213, 107213
20, 7200, 24, 107213, 107213
20, 7210, 24, 106805, 107654
20, 7220, 24, 106805, 107627
20, 7230, 24, 106805, 109409
20, 7240, 24, 106805, 106993
20, 7250, 24, 106805, 108156
20, 7260, 24, 106720, 108034
20, 7270, 24, 106719, 110389
20, 7280, 24, 106719, 109726
20, 7290, 24, 106719, 106719
20, 7300, 24, 106719, 106719
20, 7310, 24, 106719, 107806
20, 7320, 24, 106528, 106528
20, 7330, 24, 106526, 106526
20, 7340, 24, 106526, 106526
20, 7350, 24, 106526, 106899
20, 7360, 24, 106508, 108231
20, 7370, 24, 106508, 106508
20, 7380, 24, 106508, 106508
20, 7390, 24, 106501, 109856
20, 7400, 24, 106501, 110219
20, 7410, 24, 106501, 106501
20, 7420, 24, 106501, 106513
20, 7430, 24, 106501, 107330
20, 7440, 24, 106501, 109987
20, 7450, 24, 106465, 106501
20, 7460, 24, 106350, 106465
20, 7470, 24, 106081, 110234
20, 7480, 24, 105989, 105989
20, 7490, 24, 105989, 108127
20, 7500, 24, 105989, 108282
20, 7510, 24, 105989, 108339
20, 7520, 24, 105989, 110032
20, 7530, 24, 105989, 109287
20, 7540, 24, 105989, 106186
20, 7550, 24, 105989, 106964
20, 7560, 24, 105989, 108302
20, 7570, 24, 105953, 105953
20, 7580, 24, 105953, 105953
20, 7590, 24, 105953, 106327
20, 7600, 24, 105953, 108670
20, 7610, 24, 105953, 108240
20, 7620, 24, 105786, 108235
20, 7630, 24, 105786, 105786
20, 7640, 24, 105557, 105786
20, 7650, 24, 105557, 107864
20, 7660, 24, 105503, 108393
20, 7670, 24, 105503, 105503
20, 7680, 24, 105503, 105503
20, 7690, 24, 105503, 108873
20, 7700, 24, 105503, 107839
20, 7710, 24, 105503, 105630
20, 7720, 24, 105503, 105503
20, 7730, 24, 105381, 107061
20, 7740, 24, 105290, 106856
20, 7750, 24, 105090, 109844
20, 7760, 24, 105090, 107852
20, 7770, 24, 105090, 106843
20, 7780, 24, 105090, 106047
20, 7790, 24, 105090, 109816
20, 7800, 24, 105090, 106182
20, 7810, 24, 104910, 107102
20, 7820, 24, 104910, 108149
20, 7830, 24, 104910, 104910
20, 7840, 24, 104910, 104910
20, 7850, 24, 104910, 107117
20, 7860, 24, 104910, 104910
20, 7870, 24, 104910, 104910
20, 7880, 24, 104910, 105737
20, 7890, 24, 104910, 106357
20, 7900, 24, 104910, 104910
20, 7910, 24, 104899, 104910
20, 7920, 24, 104899, 104899
20, 7930, 24, 104899, 104899
20, 7940, 24, 104875, 108217
20, 7950, 24, 104875, 104875
20, 7960, 24, 104875, 104875
20, 7970, 24, 104431, 106538
20, 7980, 24, 104431, 104863
20, 7990, 24, 104431, 106717
20, 8000, 24, 104348, 106559
20, 8010, 24, 104167, 104348
20, 8020, 24, 104143, 105604
20, 8030, 24, 104014, 105253
20, 8040, 24, 104014, 106400
20, 8050, 24, 104014, 105505
20, 8060, 24, 103949, 103949
20, 8070, 24, 103865, 103957
20, 8080, 24, 103865, 108100
20, 8090, 24, 103865, 103865
20, 8100, 24, 103865, 103865
20, 8110, 24, 103782, 103782
20, 8120, 24, 103724, 105334
20, 8130, 24, 103724, 103724
20, 8140, 24, 103724, 107313
20, 8150, 24, 103724, 104964
20, 8160, 24, 103724, 104389
20, 8170, 24, 103724, 103724
20, 8180, 24, 103724, 106879
20, 8190, 24, 103349, 106013
20, 8200, 24, 103343, 103349
20, 8210, 24, 103343, 106521
20, 8220, 24, 103343, 103343
20, 8230, 24, 103343, 103343
20, 8240, 24, 103343, 104964
20, 8250, 24, 103343, 103702
20, 8260, 24, 103321, 104479
20, 8270, 24, 103321, 103321
20, 8280, 24, 103259, 103259
20, 8290, 24, 103000, 103623
20, 8300, 24, 102980, 103897
20, 8310, 24, 102980, 105139
20, 8320, 24, 102980, 102980
20, 8330, 24, 102980, 102980
20, 8340, 24, 102980, 102980
20, 8350, 24, 102973, 105859
20, 8360, 24, 102973, 105024
20, 8370, 24, 102973, 102973
20, 8380, 24, 102661, 105461
20, 8390, 24, 102661, 107263
20, 8400, 24, 102661, 102661
20, 8410, 24, 102661, 105367
20, 8420, 24, 102661, 104246
20, 8430, 24, 102661, 106016
20, 8440, 24, 102661, 104909
20, 8450, 24, 102661, 102661
20, 8460, 24, 102661, 102661
20, 8470, 24, 102661, 104590
20, 8480, 24, 102661, 103485
20, 8490, 24, 102661, 104008
20, 8500, 24, 102661, 107033
20, 8510, 24, 102661, 102661
20, 8520, 24, 102615, 105359
20, 8530, 24, 102615, 104032
20, 8540, 24, 102615, 103907
20, 8550, 24, 102453, 104363
20, 8560, 24, 102453, 102799
20, 8570, 24, 102453, 102453
20, 8580, 24, 102453, 102453
20, 8590, 24, 102370, 105132
20, 8600, 24, 102370, 103988
20, 8610, 24, 102165, 107193
20, 8620, 24, 102165, 102165
20, 8630, 24, 102165, 102165
20, 8640, 24, 102165, 102165
20, 8650, 24, 102147, 104694
20, 8660, 24, 102147, 103343
20, 8670, 24, 102140, 103056
20, 8680, 24, 102140, 102140
20, 8690, 24, 102140, 102140
20, 8700, 24, 101970, 102140
20, 8710, 24, 101714, 101966
20, 8720, 24, 101714, 101714
20, 8730, 24, 101714, 102862
20, 8740, 24, 101714, 101714
20, 8750, 24, 101714, 105481
20, 8760, 24, 101714, 101714
20, 8770, 24, 101714, 101714
20, 8780, 24, 101714, 101714
20, 8790, 24, 101714, 104797
20, 8800, 24, 101714, 105094
20, 8810, 24, 101656, 103956
20, 8820, 24, 101653, 101653
20, 8830, 24, 101653, 104999
20, 8840, 24, 101653, 106064
20, 8850, 24, 101635, 101635
20, 8860, 24, 101456, 101617
20, 8870, 24, 101456, 103127
20, 8880, 24, 101456, 103672
20, 8890, 24, 101456, 103541
20, 8900, 24, 101456, 101456
20, 8910, 24, 101456, 108083
20, 8920, 24, 101456, 101456
20, 8930, 24, 101456, 101456
20, 8940, 24, 101456, 101456
20, 8950, 24, 101390, 101390
20, 8960, 24, 101390, 101390
20, 8970, 24, 101311, 102644
20, 8980, 24, 101290, 101311
20, 8990, 24, 101290, 102183
20, 9000, 24, 101290, 101290
20, 9010, 24, 101290, 103503
20, 9020, 24, 101290, 101290
20, 9030, 24, 101290, 101290
20, 9040, 24, 101290, 104987
20, 9050, 24, 101290, 101290
20, 9060, 24, 101090, 101290
20, 9070, 24, 101090, 101090
20, 9080, 24, 101090, 101090
20, 9090, 24, 101090, 101090
20, 9100, 24, 101066, 101066
20, 9110, 24, 101066, 105713
20, 9120, 24, 100861, 100861
20, 9130, 24, 100521, 100861
20, 9140, 24, 100404, 100521
20, 9150, 24, 100088, 101756
20, 9160, 24, 100088, 101286
20, 9170, 24, 99379, 100088
20, 9180, 24, 99379, 99379
20, 9190, 24, 99379, 99379
20, 9200, 24, 99379, 99379
20, 9210, 24, 99263, 100851
20, 9220, 24, 99216, 99950
20, 9230, 24, 99216, 99216
20, 9240, 24, 99216, 99216
20, 9250, 24, 99216, 100966
20, 9260, 24, 99216, 99216
20, 9270, 24, 99216, 99763
20, 9280, 24, 99216, 99844
20, 9290, 24, 99027, 101094
20, 9300, 24, 98998, 100622
20, 9310, 24, 98998, 98998
20, 9320, 24, 98937, 98937
20, 9330, 24, 98896, 98896
20, 9340, 24, 98651, 99275
20, 9350, 24, 98476, 100397
20, 9360, 24, 98476, 98476
20, 9370, 24, 98476, 98476
20, 9380, 24, 98476, 98476
20, 9390, 24, 98476, 100797
20, 9400, 24, 98476, 98476
20, 9410, 24, 98476, 100982
20, 9420, 24, 98476, 99911
20, 9430, 24, 98310, 99402
20, 9440, 24, 98302, 100402
20, 9450, 24, 98302, 98302
20, 9460, 24, 98302, 98302
20, 9470, 24, 98302, 103827
20, 9480, 24, 98302, 98302
20, 9490, 24, 98302, 99893
20, 9500, 24, 98302, 100399
20, 9510, 24, 98302, 98302
20, 9520, 24, 98224, 98224
20, 9530, 24, 98224, 98224
20, 9540, 24, 98158, 98224
20, 9550, 24, 98158, 99855
20, 9560, 24, 98158, 98158
20, 9570, 24, 97864, 97958
20, 9580, 24, 97784, 97864
20, 9590, 24, 97784, 97805
20, 9600, 24, 97371, 99772
20, 9610, 24, 97371, 97371
20, 9620, 24, 97143, 97343
20, 9630, 24, 97143, 97143
20, 9640, 24, 97128, 97538
20, 9650, 24, 97128, 97128
20, 9660, 24, 96968, 97128
20, 9670, 24, 96968, 96968
20, 9680, 24, 96685, 99430
20, 9690, 24, 96685, 98396
20, 9700, 24, 96685, 96685
20, 9710, 24, 96685, 99629
20, 9720, 24, 96685, 96685
20, 9730, 24, 96685, 96685
20, 9740, 24, 96685, 98090
20, 9750, 24, 96186, 96186
20, 9760, 24, 96186, 99248
20, 9770, 24, 96161, 96186
20, 9780, 24, 96041, 96041
20, 9790, 24, 96041, 97916
20, 9800, 24, 96041, 96041
20, 9810, 24, 96041, 96041
20, 9820, 24, 96041, 97431
20, 9830, 24, 96041, 96525
20, 9840, 24, 96041, 96620
20, 9850, 24, 96041, 96041
20, 9860, 24, 96041, 96041
20, 9870, 24, 96041, 96263
20, 9880, 24, 95959, 97940
20, 9890, 24, 95959, 95959
20, 9900, 24, 95959, 96788
20, 9910, 24, 95959, 95959
20, 9920, 24, 95959, 96343
20, 9930, 24, 95959, 96770
20, 9940, 24, 95959, 95959
20, 9950, 24, 95959, 98343
20, 9960, 24, 95959, 95959
20, 9970, 24, 95959, 95959
20, 9980, 24, 95959, 95959
20, 9990, 24, 95959, 95959
20, 10000, 24, 95959, 95959
20, 10010, 24, 95959, 96396
20, 10020, 24, 95959, 96685
20, 10030, 24, 95959, 95959
20, 10040, 24, 95799, 99229
20, 10050, 24, 95798, 97512
20, 10060, 24, 95798, 95798
20, 10070, 24, 95722, 95722
20, 10080, 24, 95722, 95722
20, 10090, 24, 95722, 95722
20, 10100, 24, 95722, 98165
20, 10110, 24, 95722, 99374
20, 10120, 24, 95552, 95722
20, 10130, 24, 95552, 97994
20, 10140, 24, 95552, 98799
20, 10150, 24, 95426, 97861
20, 10160, 24, 95426, 98058
20, 10170, 24, 95426, 95426
20, 10180, 24, 95426, 96446
20, 10190, 24, 95327, 95426
20, 10200, 24, 95327, 97992
20, 10210, 24, 95327, 95327
20, 10220, 24, 95327, 95327
20, 10230, 24, 95270, 96763
20, 10240, 24, 95222, 95270
20, 10250, 24, 95222, 97235
20, 10260, 24, 95222, 98783
20, 10270, 24, 95222, 95222
20, 10280, 24, 95222, 97180
20, 10290, 24, 95222, 96861
20, 10300, 24, 95222, 96797
20, 10310, 24, 95157, 95157
20, 10320, 24, 95150, 95157
20, 10330, 24, 95150, 95150
20, 10340, 24, 95150, 95150
20, 10350, 24, 95150, 95150
20, 10360, 24, 95150, 95150
20, 10370, 24, 95150, 95150
20, 10380, 24, 95026, 95150
20, 10390, 24, 95026, 95026
20, 10400, 24, 95026, 95026
20, 10410, 24, 95026, 95026
20, 10420, 24, 95026, 97335
20, 10430, 24, 95026, 95026
20, 10440, 24, 95026, 95413
20, 10450, 24, 95026, 95026
20, 10460, 24, 95026, 95026
20, 10470, 24, 94956, 96143
20, 10480, 24, 94956, 94956
20, 10490, 24, 94956, 94956
20, 10500, 24, 94956, 94956
20, 10510, 24, 94521, 94521
20, 10520, 24, 94521, 94521
20, 10530, 24, 94521, 96530
20, 10540, 24, 94521, 96273
20, 10550, 24, 94521, 96116
20, 10560, 24, 94521, 94521
20, 10570, 24, 94521, 95145
20, 10580, 24, 94521, 94521
20, 10590, 24, 94521, 94521
20, 10600, 24, 94242, 94442
20, 10610, 24, 94242, 94242
20, 10620, 24, 94186, 96948
20, 10630, 24, 94186, 94799
20, 10640, 24, 94039, 94163
20, 10650, 24, 94039, 97484
20, 10660, 24, 94039, 94039
20, 10670, 24, 93941, 95198
20, 10680, 24, 93840, 95742
20, 10690, 24, 93812, 93812
20, 10700, 24, 93812, 93812
20, 10710, 24, 93754, 97194
20, 10720, 24, 93754, 93754
20, 10730, 24, 93754, 93754
20, 10740, 24, 93469, 93754
20, 10750, 24, 93469, 93469
20, 10760, 24, 93469, 98521
20, 10770, 24, 93170, 96021
20, 10780, 24, 92968, 93168
20, 10790, 24, 92968, 92968
20, 10800, 24, 92968, 92968
20, 10810, 24, 92968, 92968
20, 10820, 24, 92968, 92968
20, 10830, 24, 92968, 92968
20, 10840, 24, 92968, 92968
20, 10850, 24, 92968, 95728
20, 10860, 24, 92968, 95101
20, 10870, 24, 92968, 94739
20, 10880, 24, 92688, 95385
20, 10890, 24, 92688, 92688
20, 10900, 24, 92688, 92688
20, 10910, 24, 92688, 94449
20, 10920, 24, 92688, 93790
20, 10930, 24, 92688, 92688
20, 10940, 24, 92686, 92686
20, 10950, 24, 92686, 92686
20, 10960, 24, 92686, 92686
20, 10970, 24, 92403, 92403
20, 10980, 24, 92403, 93088
20, 10990, 24, 92303, 92403
20, 11000, 24, 92146, 92146
20, 11010, 24, 92146, 95029
20, 11020, 24, 92128, 92146
20, 11030, 24, 92128, 92128
20, 11040, 24, 92128, 92128
20, 11050, 24, 92128, 92128
20, 11060, 24, 91940, 92084
20, 11070, 24, 91940, 95653
20, 11080, 24, 91922, 93684
20, 11090, 24, 91922, 91922
20, 11100, 24, 91922, 91922
20, 11110, 24, 91799, 91922
20, 11120, 24, 91799, 92747
20, 11130, 24, 91785, 91799
20, 11140, 24, 91761, 91785
20, 11150, 24, 91761, 91761
20, 11160, 24, 91761, 92794
20, 11170, 24, 91761, 91761
20, 11180, 24, 91761, 93279
20, 11190, 24, 91761, 91761
20, 11200, 24, 91761, 92657
20, 11210, 24, 91761, 91761
20, 11220, 24, 91761, 91761
20, 11230, 24, 91761, 91761
20, 11240, 24, 91756, 91756
20, 11250, 24, 91756, 93166
20, 11260, 24, 91756, 94296
20, 11270, 24, 91756, 91756
20, 11280, 24, 91756, 91756
20, 11290, 24, 91756, 91756
20, 11300, 24, 91510, 91592
20, 11310, 24, 91510, 91510
20, 11320, 24, 91510, 91510
20, 11330, 24, 91433, 91510
20, 11340, 24, 91096, 91433
20, 11350, 24, 91096, 91096
20, 11360, 24, 91096, 91096
20, 11370, 24, 91096, 95140
20, 11380, 24, 91096, 92538
20, 11390, 24, 91096, 92273
20, 11400, 24, 91096, 92324
20, 11410, 24, 91096, 91096
20, 11420, 24, 91096, 91096
20, 11430, 24, 91017, 92741
20, 11440, 24, 91017, 91449
20, 11450, 24, 91017, 91017
20, 11460, 24, 91017, 91017
20, 11470, 24, 91017, 91017
20, 11480, 24, 91017, 96178
20, 11490, 24, 91017, 91017
20, 11500, 24, 91017, 93329
20, 11510, 24, 91017, 91017
20, 11520, 24, 91017, 91017
20, 11530, 24, 91017, 91017
20, 11540, 24, 90890, 91017
20, 11550, 24, 90890, 90890
20, 11560, 24, 90890, 90890
20, 11570, 24, 90890, 90890
20, 11580, 24, 90890, 90890
20, 11590, 24, 90619, 92512
20, 11600, 24, 90166, 90166
20, 11610, 24, 89936, 90166
20, 11620, 24, 89936, 92884
20, 11630, 24, 89881, 92653
20, 11640, 24, 89881, 89881
20, 11650, 24, 89821, 89821
20, 11660, 24, 89821, 91360
20, 11670, 24, 89751, 91623
20, 11680, 24, 89751, 89751
20, 11690, 24, 89751, 89751
20, 11700, 24, 89751, 91294
20, 11710, 24, 89751, 89751
20, 11720, 24, 89751, 91209
20, 11730, 24, 89592, 89751
20, 11740, 24, 89592, 91505
20, 11750, 24, 89592, 89592
20, 11760, 24, 89592, 89592
20, 11770, 24, 89592, 89592
20, 11780, 24, 89592, 89592
20, 11790, 24, 89592, 89592
20, 11800, 24, 89592, 89592
20, 11810, 24, 89583, 89583
20, 11820, 24, 89472, 93049
20, 11830, 24, 89472, 89472
20, 11840, 24, 89472, 89472
20, 11850, 24, 89472, 89472
20, 11860, 24, 89082, 92875
20, 11870, 24, 89082, 89082
20, 11880, 24, 89082, 89082
20, 11890, 24, 89082, 89082
20, 11900, 24, 89082, 93754
20, 11910, 24, 89082, 90420
20, 11920, 24, 89082, 89082
20, 11930, 24, 89082, 92122
20, 11940, 24, 89082, 89082
20, 11950, 24, 89082, 89082
20, 11960, 24, 89082, 89412
20, 11970, 24, 89077, 89077
20, 11980, 24, 88954, 91780
20, 11990, 24, 88954, 88954
20, 12000, 24, 88954, 88954
20, 12010, 24, 88954, 88954
20, 12020, 24, 88954, 88954
20, 12030, 24, 88954, 90154
20, 12040, 24, 88813, 88954
20, 12050, 24, 88813, 88813
20, 12060, 24, 88813, 88813
20, 12070, 24, 88813, 89197
20, 12080, 24, 88813, 88813
20, 12090, 24, 88813, 91828
20, 12100, 24, 88796, 92489
20, 12110, 24, 88796, 88796
20, 12120, 24, 88796, 88796
20, 12130, 24, 88796, 88796
20, 12140, 24, 88796, 88796
20, 12150, 24, 88796, 88796
20, 12160, 24, 88796, 88796
20, 12170, 24, 88796, 90130
20, 12180, 24, 88796, 88796
20, 12190, 24, 88796, 88796
20, 12200, 24, 88796, 88796
20, 12210, 24, 88796, 88796
20, 12220, 24, 88796, 89969
20, 12230, 24, 88796, 89311
20, 12240, 24, 88796, 88796
20, 12250, 24, 88796, 88796
20, 12260, 24, 88620, 88677
20, 12270, 24, 88620, 88620
20, 12280, 24, 88620, 88620
20, 12290, 24, 88620, 88620
20, 12300, 24, 88620, 88620
20, 12310, 24, 88620, 91401
20, 12320, 24, 88620, 88620
20, 12330, 24, 88620, 88620
20, 12340, 24, 88620, 88620
20, 12350, 24, 88620, 88620
20, 12360, 24, 88620, 88620
20, 12370, 24, 88434, 88620
20, 12380, 24, 88434, 88434
20, 12390, 24, 88378, 88378
20, 12400, 24, 88378, 88378
20, 12410, 24, 88378, 93283
20, 12420, 24, 88378, 88378
20, 12430, 24, 88378, 88378
20, 12440, 24, 88378, 88378
20, 12450, 24, 88378, 88378
20, 12460, 24, 88378, 88378
20, 12470, 24, 88378, 88378
20, 12480, 24, 88378, 90496
20, 12490, 24, 88378, 88378
20, 12500, 24, 88311, 88378
20, 12510, 24, 88311, 92791
20, 12520, 24, 88311, 88311
20, 12530, 24, 88311, 88311
20, 12540, 24, 88311, 88311
20, 12550, 24, 88311, 88311
20, 12560, 24, 88311, 88311
20, 12570, 24, 88311, 88311
20, 12580, 24, 88027, 88311
20, 12590, 24, 88027, 88027
20, 12600, 24, 88027, 88027
20, 12610, 24, 88027, 88027
20, 12620, 24, 88027, 88027
20, 12630, 24, 88027, 88027
20, 12640, 24, 88027, 88027
20, 12650, 24, 88027, 88027
20, 12660, 24, 88027, 88027
20, 12670, 24, 88027, 90229
20, 12680, 24, 88027, 88027
20, 12690, 24, 88027, 89094
20, 12700, 24, 88027, 91936
20, 12710, 24, 87827, 87827
20, 12720, 24, 87827, 87827
20, 12730, 24, 87827, 87827
20, 12740, 24, 87827, 88698
20, 12750, 24, 87827, 87827
20, 12760, 24, 87827, 87827
20, 12770, 24, 87627, 89052
20, 12780, 24, 87627, 87627
20, 12790, 24, 87627, 87627
20, 12800, 24, 87627, 87627
20, 12810, 24, 87627, 91233
20, 12820, 24, 87627, 87627
20, 12830, 24, 87627, 89818
20, 12840, 24, 87627, 87627
20, 12850, 24, 87627, 87627
20, 12860, 24, 87627, 87627
20, 12870, 24, 87627, 87627
20, 12880, 24, 87627, 87627
20, 12890, 24, 87627, 87627
20, 12900, 24, 87627, 87627
20, 12910, 24, 87572, 87572
20, 12920, 24, 87572, 87572
20, 12930, 24, 87572, 88890
20, 12940, 24, 87572, 87572
20, 12950, 24, 87518, 87518
20, 12960, 24, 87518, 91663
20, 12970, 24, 87518, 87518
20, 12980, 24, 87518, 88789
20, 12990, 24, 87500, 87518
20, 13000, 24, 87500, 87500
20, 13010, 24, 87479, 87479
20, 13020, 24, 87479, 87479
20, 13030, 24, 87479, 87479
20, 13040, 24, 87479, 87479
20, 13050, 24, 87479, 87479
20, 13060, 24, 87433, 89281
20, 13070, 24, 87433, 87433
20, 13080, 24, 87433, 87433
20, 13090, 24, 87433, 87433
20, 13100, 24, 87433, 87433
20, 13110, 24, 87433, 87433
20, 13120, 24, 87433, 87433
20, 13130, 24, 87415, 87433
20, 13140, 24, 87415, 90102
20, 13150, 24, 87415, 87415
20, 13160, 24, 87415, 87415
20, 13170, 24, 87415, 87415
20, 13180, 24, 87415, 87415
20, 13190, 24, 87415, 87415
20, 13200, 24, 87415, 87415
20, 13210, 24, 87415, 87415
20, 13220, 24, 87415, 87415
20, 13230, 24, 87415, 87415
20, 13240, 24, 87415, 87415
20, 13250, 24, 87415, 88493
20, 13260, 24, 87415, 87415
20, 13270, 24, 87415, 89548
20, 13280, 24, 87415, 87415
20, 13290, 24, 87389, 87389
20, 13300, 24, 87389, 87389
20, 13310, 24, 87389, 87389
20, 13320, 24, 87389, 87389
20, 13330, 24, 87389, 87389
20, 13340, 24, 87389, 88281
20, 13350, 24, 87389, 87389
20, 13360, 24, 87371, 87371
20, 13370, 24, 87371, 87599
20, 13380, 24, 87371, 87371
20, 13390, 24, 87371, 89971
20, 13400, 24, 87371, 87371
20, 13410, 24, 87371, 87371
20, 13420, 24, 87371, 87371
20, 13430, 24, 87371, 87371
20, 13440, 24, 87371, 87371
20, 13450, 24, 87371, 87371
20, 13460, 24, 87371, 87371
20, 13470, 24, 87371, 87371
20, 13480, 24, 87371, 87371
20, 13490, 24, 87371, 87371
20, 13500, 24, 87371, 87371
20, 13510, 24, 87371, 89866
20, 13520, 24, 87371, 87371
20, 13530, 24, 87371, 87371
20, 13540, 24, 87371, 87371
20, 13550, 24, 87371, 87371
20, 13560, 24, 87191, 87191
20, 13570, 24, 87191, 87191
20, 13580, 24, 87191, 87191
20, 13590, 24, 87191, 87191
20, 13600, 24, 87191, 88785
20, 13610, 24, 87191, 87191
20, 13620, 24, 87191, 87191
20, 13630, 24, 87191, 87191
20, 13640, 24, 87191, 87191
20, 13650, 24, 86984, 87991
20, 13660, 24, 86984, 86984
20, 13670, 24, 86984, 86984
20, 13680, 24, 86906, 86984
20, 13690, 24, 86906, 86906
20, 13700, 24, 86906, 86906
20, 13710, 24, 86906, 86906
20, 13720, 24, 86906, 86906
20, 13730, 24, 86906, 86906
20, 13740, 24, 86906, 86906
20, 13750, 24, 86906, 86906
20, 13760, 24, 86835, 86906
20, 13770, 24, 86835, 90352
20, 13780, 24, 86835, 86835
20, 13790, 24, 86835, 86835
20, 13800, 24, 86835, 86835
20, 13810, 24, 86835, 86835
20, 13820, 24, 86835, 86835
20, 13830, 24, 86835, 86835
20, 13840, 24, 86835, 86835
20, 13850, 24, 86835, 86976
20, 13860, 24, 86835, 89978
20, 13870, 24, 86835, 86835
20, 13880, 24, 86835, 86835
20, 13890, 24, 86835, 88751
20, 13900, 24, 86835, 86835
20, 13910, 24, 86835, 86835
20, 13920, 24, 86835, 86835
20, 13930, 24, 86835, 86835
20, 13940, 24, 86835, 89604
20, 13950, 24, 86835, 86835
20, 13960, 24, 86680, 86748
20, 13970, 24, 86680, 87366
20, 13980, 24, 86680, 86680
20, 13990, 24, 86680, 89315
20, 14000, 24, 86680, 86680
20, 14010, 24, 86680, 86680
20, 14020, 24, 86680, 86680
20, 14030, 24, 86480, 86480
20, 14040, 24, 86480, 86480
20, 14050, 24, 86480, 86480
20, 14060, 24, 86480, 86480
20, 14070, 24, 86480, 87174
20, 14080, 24, 86480, 86480
20, 14090, 24, 86480, 86480
20, 14100, 24, 86480, 88069
20, 14110, 24, 86461, 86461
20, 14120, 24, 86461, 86661
20, 14130, 24, 86414, 86414
20, 14140, 24, 86414, 86414
20, 14150, 24, 86414, 86414
20, 14160, 24, 86414, 86414
20, 14170, 24, 86414, 86414
20, 14180, 24, 86414, 86414
20, 14190, 24, 86342, 86400
20, 14200, 24, 86342, 86400
20, 14210, 24, 86342, 87124
20, 14220, 24, 86342, 86342
20, 14230, 24, 86342, 86342
20, 14240, 24, 86263, 86342
20, 14250, 24, 86263, 86263
20, 14260, 24, 86263, 86263
20, 14270, 24, 86251, 87530
20, 14280, 24, 86251, 87020
20, 14290, 24, 86167, 86444
20, 14300, 24, 86167, 86167
20, 14310, 24, 86167, 86167
20, 14320, 24, 86167, 86167
20, 14330, 24, 86167, 86167
20, 14340, 24, 86167, 86167
20, 14350, 24, 86167, 86167
20, 14360, 24, 86167, 86167
20, 14370, 24, 86167, 86167
20, 14380, 24, 86167, 86167
20, 14390, 24, 86167, 86167
20, 14400, 24, 86167, 86167
20, 14410, 24, 86167, 86167
20, 14420, 24, 86167, 86167
20, 14430, 24, 86167, 88934
20, 14440, 24, 85966, 86167
20, 14450, 24, 85966, 85966
20, 14460, 24, 85966, 85966
20, 14470, 24, 85966, 85966
20, 14480, 24, 85831, 85831
20, 14490, 24, 85831, 85831
20, 14500, 24, 85831, 85831
20, 14510, 24, 85831, 86707
20, 14520, 24, 85831, 85831
20, 14530, 24, 85822, 85831
20, 14540, 24, 85822, 85822
20, 14550, 24, 85822, 85822
20, 14560, 24, 85822, 85822
20, 14570, 24, 85822, 85822
20, 14580, 24, 85822, 85822
20, 14590, 24, 85822, 85822
20, 14600, 24, 85822, 85822
20, 14610, 24, 85818, 85822
20, 14620, 24, 85818, 85818
20, 14630, 24, 85818, 86581
20, 14640, 24, 85818, 85818
20, 14650, 24, 85818, 85818
20, 14660, 24, 85818, 85818
20, 14670, 24, 85765, 88540
20, 14680, 24, 85765, 85765
20, 14690, 24, 85765, 87595
20, 14700, 24, 85765, 85765
20, 14710, 24, 85765, 85765
20, 14720, 24, 85765, 85765
20, 14730, 24, 85765, 85765
20, 14740, 24, 85500, 85682
20, 14750, 24, 85367, 85500
20, 14760, 24, 85367, 85367
20, 14770, 24, 85367, 85367
20, 14780, 24, 85367, 85367
20, 14790, 24, 85367, 85367
20, 14800, 24, 85367, 85367
20, 14810, 24, 85367, 85567
20, 14820, 24, 85367, 87348
20, 14830, 24, 85367, 85367
20, 14840, 24, 85367, 85367
20, 14850, 24, 85367, 85367
20, 14860, 24, 85367, 86382
20, 14870, 24, 85367, 88191
20, 14880, 24, 85367, 85367
20, 14890, 24, 85245, 85245
20, 14900, 24, 85245, 85245
20, 14910, 24, 85245, 85245
20, 14920, 24, 85245, 85245
20, 14930, 24, 85245, 85245
20, 14940, 24, 85245, 85245
20, 14950, 24, 85126, 85245
20, 14960, 24, 85048, 85126
20, 14970, 24, 85048, 85048
20, 14980, 24, 85048, 85048
20, 14990, 24, 85048, 85048
20, 15000, 24, 85048, 85048
20, 15010, 24, 85048, 85048
20, 15020, 24, 85048, 85048
20, 15030, 24, 85048, 85048
20, 15040, 24, 85048, 85048
20, 15050, 24, 85048, 85048
20, 15060, 24, 84997, 85397
20, 15070, 24, 84902, 84993
20, 15080, 24, 84902, 84902
20, 15090, 24, 84843, 84843
20, 15100, 24, 84843, 84843
20, 15110, 24, 84843, 84843
20, 15120, 24, 84843, 84843
20, 15130, 24, 84843, 88335
20, 15140, 24, 84843, 84843
20, 15150, 24, 84843, 85642
20, 15160, 24, 84843, 84843
20, 15170, 24, 84843, 84843
20, 15180, 24, 84699, 84699
20, 15190, 24, 84699, 84699
20, 15200, 24, 84699, 87840
20, 15210, 24, 84699, 84699
20, 15220, 24, 84699, 84699
20, 15230, 24, 84668, 84668
20, 15240, 24, 84668, 84668
20, 15250, 24, 84668, 84668
20, 15260, 24, 84668, 84668
20, 15270, 24, 84668, 84668
20, 15280, 24, 84668, 84668
20, 15290, 24, 84668, 84668
20, 15300, 24, 84586, 84586
20, 15310, 24, 84586, 84586
20, 15320, 24, 84586, 84586
20, 15330, 24, 84444, 84444
20, 15340, 24, 84383, 84444
20, 15350, 24, 84383, 84383
20, 15360, 24, 84383, 84383
20, 15370, 24, 84296, 84296
20, 15380, 24, 84296, 84296
20, 15390, 24, 84296, 84296
20, 15400, 24, 84296, 84296
20, 15410, 24, 84296, 84296
20, 15420, 24, 84256, 84256
20, 15430, 24, 84140, 84256
20, 15440, 24, 84063, 84140
20, 15450, 24, 84063, 84063
20, 15460, 24, 84063, 84063
20, 15470, 24, 84063, 84063
20, 15480, 24, 84063, 84063
20, 15490, 24, 84063, 84063
20, 15500, 24, 84063, 84063
20, 15510, 24, 84063, 87028
20, 15520, 24, 84063, 84063
20, 15530, 24, 84063, 84063
20, 15540, 24, 84063, 84063
20, 15550, 24, 84063, 84063
20, 15560, 24, 84063, 84063
20, 15570, 24, 84063, 84857
20, 15580, 24, 84063, 84063
20, 15590, 24, 84063, 84063
20, 15600, 24, 84060, 84063
20, 15610, 24, 84060, 84060
20, 15620, 24, 83862, 83862
20, 15630, 24, 83862, 83862
20, 15640, 24, 83862, 83862
20, 15650, 24, 83862, 83862
20, 15660, 24, 83862, 83862
20, 15670, 24, 83862, 83862
20, 15680, 24, 83862, 83862
20, 15690, 24, 83862, 83862
20, 15700, 24, 83862, 83862
20, 15710, 24, 83770, 84517
20, 15720, 24, 83770, 83770
20, 15730, 24, 83770, 83770
20, 15740, 24, 83770, 83770
20, 15750, 24, 83770, 83770
20, 15760, 24, 83770, 83770
20, 15770, 24, 83770, 83770
20, 15780, 24, 83451, 83451
20, 15790, 24, 83451, 83451
20, 15800, 24, 83451, 83451
20, 15810, 24, 83451, 83451
20, 15820, 24, 83451, 83451
20, 15830, 24, 83451, 83451
20, 15840, 24, 83451, 83451
20, 15850, 24, 83451, 83451
20, 15860, 24, 83451, 83451
20, 15870, 24, 83451, 83451
20, 15880, 24, 83451, 83451
20, 15890, 24, 83451, 83451
20, 15900, 24, 83442, 83442
20, 15910, 24, 83442, 83442
20, 15920, 24, 83442, 83442
20, 15930, 24, 83442, 83442
20, 15940, 24, 83442, 83442
20, 15950, 24, 83442, 83442
20, 15960, 24, 83442, 83442
20, 15970, 24, 83442, 83442
20, 15980, 24, 83330, 83330
20, 15990, 24, 83330, 83330
20, 16000, 24, 83330, 83330
20, 16010, 24, 83330, 83330
20, 16020, 24, 83330, 83330
20, 16030, 24, 83330, 83330
20, 16040, 24, 83330, 83330
20, 16050, 24, 83330, 83330
20, 16060, 24, 83330, 83330
20, 16070, 24, 83330, 83330
20, 16080, 24, 83330, 83330
20, 16090, 24, 83326, 83326
20, 16100, 24, 83326, 83326
20, 16110, 24, 83326, 83326
20, 16120, 24, 83326, 83326
20, 16130, 24, 83326, 83326
20, 16140, 24, 83326, 83326
20, 16150, 24, 83326, 83326
20, 16160, 24, 83326, 83326
20, 16170, 24, 83326, 83326
20, 16180, 24, 83326, 83326
20, 16190, 24, 83326, 83326
20, 16200, 24, 83326, 83326
20, 16210, 24, 83326, 83326
20, 16220, 24, 83326, 83326
20, 16230, 24, 83267, 83267
20, 16240, 24, 83267, 83267
20, 16250, 24, 83267, 83267
20, 16260, 24, 83267, 84075
20, 16270, 24, 83267, 83267
20, 16280, 24, 83267, 83267
20, 16290, 24, 83267, 83267
20, 16300, 24, 83267, 83267
20, 16310, 24, 83267, 84392
20, 16320, 24, 83267, 83267
20, 16330, 24, 83267, 83267
20, 16340, 24, 83267, 83267
20, 16350, 24, 83267, 83267
20, 16360, 24, 83267, 83267
20, 16370, 24, 83267, 83267
20, 16380, 24, 83267, 83267
20, 16390, 24, 83067, 85965
20, 16400, 24, 83067, 83067
20, 16410, 24, 83067, 83067
20, 16420, 24, 83067, 83067
20, 16430, 24, 83067, 83067
20, 16440, 24, 83067, 83067
20, 16450, 24, 83067, 83067
20, 16460, 24, 83067, 83423
20, 16470, 24, 83067, 83067
20, 16480, 24, 83067, 83067
20, 16490, 24, 83067, 83067
20, 16500, 24, 83067, 83067
20, 16510, 24, 83067, 83067
20, 16520, 24, 83067, 83067
20, 16530, 24, 83067, 86007
20, 16540, 24, 82962, 82962
20, 16550, 24, 82962, 82962
20, 16560, 24, 82962, 82962
20, 16570, 24, 82883, 82883
20, 16580, 24, 82883, 82883
20, 16590, 24, 82883, 82883
20, 16600, 24, 82883, 82883
20, 16610, 24, 82883, 82883
20, 16620, 24, 82883, 82883
20, 16630, 24, 82883, 82883
20, 16640, 24, 82883, 82883
20, 16650, 24, 82883, 82883
20, 16660, 24, 82883, 82883
20, 16670, 24, 82883, 82883
20, 16680, 24, 82883, 82883
20, 16690, 24, 82883, 82883
20, 16700, 24, 82883, 82883
20, 16710, 24, 82883, 82883
20, 16720, 24, 82883, 82883
20, 16730, 24, 82883, 82883
20, 16740, 24, 82883, 82883
20, 16750, 24, 82883, 82883
20, 16760, 24, 82883, 82883
20, 16770, 24, 82883, 82883
20, 16780, 24, 82883, 82883
20, 16790, 24, 82883, 82883
20, 16800, 24, 82883, 82883
20, 16810, 24, 82883, 82883
20, 16820, 24, 82883, 82883
20, 16830, 24, 82883, 82883
20, 16840, 24, 82883, 82883
20, 16850, 24, 82883, 82883
20, 16860, 24, 82883, 82883
20, 16870, 24, 82883, 82883
20, 16880, 24, 82883, 82883
20, 16890, 24, 82883, 82883
20, 16900, 24, 82883, 82883
20, 16910, 24, 82883, 82883
20, 16920, 24, 82883, 82883
20, 16930, 24, 82883, 82883
20, 16940, 24, 82878, 82883
20, 16950, 24, 82813, 82813
20, 16960, 24, 82813, 82813
20, 16970, 24, 82813, 82813
20, 16980, 24, 82813, 82813
20, 16990, 24, 82813, 82813
20, 17000, 24, 82813, 82813
20, 17010, 24, 82813, 82813
20, 17020, 24, 82813, 82813
20, 17030, 24, 82813, 82813
20, 17040, 24, 82813, 82813
20, 17050, 24, 82813, 82813
20, 17060, 24, 82813, 82813
20, 17070, 24, 82813, 82813
20, 17080, 24, 82813, 82813
20, 17090, 24, 82813, 82813
20, 17100, 24, 82813, 82813
20, 17110, 24, 82813, 82813
20, 17120, 24, 82813, 82813
20, 17130, 24, 82813, 82813
20, 17140, 24, 82813, 82813
20, 17150, 24, 82813, 82813
20, 17160, 24, 82813, 82813
20, 17170, 24, 82801, 85236
20, 17180, 24, 82801, 82801
20, 17190, 24, 82801, 82801
20, 17200, 24, 82801, 82801
20, 17210, 24, 82801, 82801
20, 17220, 24, 82801, 82801
20, 17230, 24, 82801, 83954
20, 17240, 24, 82801, 82801
20, 17250, 24, 82801, 82801
20, 17260, 24, 82801, 82801
20, 17270, 24, 82801, 82801
20, 17280, 24, 82801, 82801
20, 17290, 24, 82801, 84639
20, 17300, 24, 82801, 82801
20, 17310, 24, 82801, 82801
20, 17320, 24, 82801, 82801
20, 17330, 24, 82801, 82801
20, 17340, 24, 82701, 82701
20, 17350, 24, 82701, 82701
20, 17360, 24, 82701, 82701
20, 17370, 24, 82701, 83134
20, 17380, 24, 82701, 82701
20, 17390, 24, 82701, 82701
20, 17400, 24, 82214, 82701
20, 17410, 24, 82214, 82214
20, 17420, 24, 82214, 82214
20, 17430, 24, 82214, 82214
20, 17440, 24, 82214, 82214
20, 17450, 24, 82214, 82214
20, 17460, 24, 82214, 82214
20, 17470, 24, 82214, 82214
20, 17480, 24, 82214, 83729
20, 17490, 24, 82214, 82214
20, 17500, 24, 82214, 82214
20, 17510, 24, 82214, 82214
20, 17520, 24, 82129, 82129
20, 17530, 24, 82129, 82129
20, 17540, 24, 82129, 82129
20, 17550, 24, 82129, 82129
20, 17560, 24, 82129, 82129
20, 17570, 24, 81861, 82129
20, 17580, 24, 81861, 81861
20, 17590, 24, 81861, 81861
20, 17600, 24, 81861, 81861
20, 17610, 24, 81861, 83546
20, 17620, 24, 81861, 81861
20, 17630, 24, 81861, 81861
20, 17640, 24, 81861, 81861
20, 17650, 24, 81861, 81861
20, 17660, 24, 81861, 81861
20, 17670, 24, 81861, 81861
20, 17680, 24, 81861, 81861
20, 17690, 24, 81861, 81861
20, 17700, 24, 81861, 81861
20, 17710, 24, 81861, 81861
20, 17720, 24, 81861, 81861
20, 17730, 24, 81768, 81768
20, 17740, 24, 81768, 81768
20, 17750, 24, 81768, 81768
20, 17760, 24, 81751, 81751
20, 17770, 24, 81751, 81751
20, 17780, 24, 81751, 81751
20, 17790, 24, 81751, 81751
20, 17800, 24, 81751, 81751
20, 17810, 24, 81751, 81751
20, 17820, 24, 81751, 81751
20, 17830, 24, 81751, 81751
20, 17840, 24, 81751, 81751
20, 17850, 24, 81751, 81751
20, 17860, 24, 81751, 81751
20, 17870, 24, 81751, 81751
20, 17880, 24, 81751, 81751
20, 17890, 24, 81751, 81751
20, 17900, 24, 81751, 81751
20, 17910, 24, 81751, 81751
20, 17920, 24, 81751, 81751
20, 17930, 24, 81662, 81751
20, 17940, 24, 81662, 81662
20, 17950, 24, 81646, 81662
20, 17960, 24, 81607, 81646
20, 17970, 24, 81607, 81607
20, 17980, 24, 81607, 81607
20, 17990, 24, 81607, 81607
20, 18000, 24, 81607, 81607
20, 18010, 24, 81607, 81607
20, 18020, 24, 81607, 81607
20, 18030, 24, 81607, 81607
20, 18040, 24, 81607, 81607
20, 18050, 24, 81599, 81607
20, 18060, 24, 81599, 81599
20, 18070, 24, 81599, 81599
20, 18080, 24, 81599, 81599
20, 18090, 24, 81599, 81599
20, 18100, 24, 81599, 81599
20, 18110, 24, 81599, 81599
20, 18120, 24, 81599, 81599
20, 18130, 24, 81583, 81583
20, 18140, 24, 81583, 81583
20, 18150, 24, 81583, 81583
20, 18160, 24, 81583, 81583
20, 18170, 24, 81355, 81355
20, 18180, 24, 81355, 81355
20, 18190, 24, 81355, 81355
20, 18200, 24, 81355, 81355
20, 18210, 24, 81355, 81355
20, 18220, 24, 81355, 81355
20, 18230, 24, 81355, 81355
20, 18240, 24, 81355, 81355
20, 18250, 24, 81355, 81355
20, 18260, 24, 81355, 81355
20, 18270, 24, 81355, 81355
20, 18280, 24, 81354, 81355
20, 18290, 24, 81354, 81354
20, 18300, 24, 81354, 81354
20, 18310, 24, 81354, 81354
20, 18320, 24, 81213, 81213
20, 18330, 24, 81213, 81213
20, 18340, 24, 81213, 81213
20, 18350, 24, 81213, 81213
20, 18360, 24, 81213, 81213
20, 18370, 24, 81213, 81213
20, 18380, 24, 81213, 81213
20, 18390, 24, 81213, 81213
20, 18400, 24, 81213, 81213
20, 18410, 24, 81213, 81213
20, 18420, 24, 81213, 81213
20, 18430, 24, 81213, 81213
20, 18440, 24, 81213, 81213
20, 18450, 24, 81213, 81213
20, 18460, 24, 81213, 81213
20, 18470, 24, 81213, 81213
20, 18480, 24, 81213, 81213
20, 18490, 24, 81213, 81213
20, 18500, 24, 81213, 81213
20, 18510, 24, 81213, 81213
20, 18520, 24, 81213, 81213
20, 18530, 24, 81163, 81163
20, 18540, 24, 81163, 81163
20, 18550, 24, 81163, 81163
20, 18560, 24, 81163, 81163
20, 18570, 24, 81163, 81163
20, 18580, 24, 81163, 81163
20, 18590, 24, 81163, 81163
20, 18600, 24, 81163, 81163
20, 18610, 24, 81163, 81163
20, 18620, 24, 81163, 81163
20, 18630, 24, 81163, 81163
20, 18640, 24, 81029, 81163
20, 18650, 24, 81029, 81029
20, 18660, 24, 81029, 81029
20, 18670, 24, 80848, 80848
20, 18680, 24, 80725, 80725
20, 18690, 24, 80725, 80725
20, 18700, 24, 80725, 80725
20, 18710, 24, 80725, 80725
20, 18720, 24, 80725, 80725
20, 18730, 24, 80725, 80725
20, 18740, 24, 80725, 80725
20, 18750, 24, 80725, 80725
20, 18760, 24, 80725, 80725
20, 18770, 24, 80725, 80725
20, 18780, 24, 80525, 80725
20, 18790, 24, 80525, 80525
20, 18800, 24, 80525, 80525
20, 18810, 24, 80525, 80525
20, 18820, 24, 80525, 80525
20, 18830, 24, 80525, 82229
20, 18840, 24, 80525, 80525
20, 18850, 24, 80525, 81441
20, 18860, 24, 80372, 80372
20, 18870, 24, 80372, 80372
20, 18880, 24, 80372, 80372
20, 18890, 24, 80372, 80372
20, 18900, 24, 80372, 80372
20, 18910, 24, 80372, 80372
20, 18920, 24, 80372, 80372
20, 18930, 24, 80372, 80372
20, 18940, 24, 80372, 80372
20, 18950, 24, 80372, 80372
20, 18960, 24, 80372, 80372
20, 18970, 24, 80372, 80372
20, 18980, 24, 80372, 80372
20, 18990, 24, 80372, 80372
20, 19000, 24, 80372, 80372
20, 19010, 24, 80372, 80372
20, 19020, 24, 80372, 80372
20, 19030, 24, 80372, 80372
20, 19040, 24, 80372, 80372
20, 19050, 24, 80372, 80372
20, 19060, 24, 80372, 80372
20, 19070, 24, 80372, 80372
20, 19080, 24, 80372, 80372
20, 19090, 24, 80372, 80372
20, 19100, 24, 80265, 80265
20, 19110, 24, 80265, 80265
20, 19120, 24, 80265, 80265
20, 19130, 24, 80265, 80265
20, 19140, 24, 80265, 80265
20, 19150, 24, 80265, 80265
20, 19160, 24, 80265, 80265
20, 19170, 24, 80265, 80265
20, 19180, 24, 80265, 80265
20, 19190, 24, 80265, 80265
20, 19200, 24, 80265, 80265
20, 19210, 24, 80265, 80265
20, 19220, 24, 80265, 80265
20, 19230, 24, 80265, 80265
20, 19240, 24, 80265, 80265
20, 19250, 24, 80265, 80265
20, 19260, 24, 80265, 80265
20, 19270, 24, 80265, 80265
20, 19280, 24, 80189, 80189
20, 19290, 24, 80189, 80189
20, 19300, 24, 80189, 80189
20, 19310, 24, 80189, 80189
20, 19320, 24, 80189, 80189
20, 19330, 24, 80112, 80112
20, 19340, 24, 80112, 80112
20, 19350, 24, 79912, 80112
20, 19360, 24, 79912, 79912
20, 19370, 24, 79912, 79912
20, 19380, 24, 79912, 79912
20, 19390, 24, 79912, 79912
20, 19400, 24, 79912, 79912
20, 19410, 24, 79912, 79912
20, 19420, 24, 79912, 79912
20, 19430, 24, 79912, 79912
20, 19440, 24, 79912, 79912
20, 19450, 24, 79912, 79912
20, 19460, 24, 79912, 79912
20, 19470, 24, 79912, 79912
20, 19480, 24, 79912, 79912
20, 19490, 24, 79912, 79912
20, 19500, 24, 79912, 79912
20, 19510, 24, 79912, 79912
20, 19520, 24, 79912, 79912
20, 19530, 24, 79912, 79912
20, 19540, 24, 79912, 79912
20, 19550, 24, 79912, 79912
20, 19560, 24, 79912, 79912
20, 19570, 24, 79912, 79912
20, 19580, 24, 79912, 79912
20, 19590, 24, 79912, 79912
20, 19600, 24, 79912, 79912
20, 19610, 24, 79912, 79912
20, 19620, 24, 79912, 79912
20, 19630, 24, 79912, 79912
20, 19640, 24, 79912, 79912
20, 19650, 24, 79912, 79912
20, 19660, 24, 79912, 79912
20, 19670, 24, 79912, 79912
20, 19680, 24, 79912, 79912
20, 19690, 24, 79887, 79887
20, 19700, 24, 79887, 79887
20, 19710, 24, 79887, 79887
20, 19720, 24, 79887, 79887
20, 19730, 24, 79887, 79887
20, 19740, 24, 79887, 79887
20, 19750, 24, 79887, 79887
20, 19760, 24, 79887, 79887
20, 19770, 24, 79887, 79887
20, 19780, 24, 79887, 79887
20, 19790, 24, 79887, 79887
20, 19800, 24, 79887, 79887
20, 19810, 24, 79887, 79887
20, 19820, 24, 79887, 79887
20, 19830, 24, 79887, 79887
20, 19840, 24, 79887, 79887
20, 19850, 24, 79887, 79887
20, 19860, 24, 79887, 79887
20, 19870, 24, 79887, 79887
20, 19880, 24, 79887, 79887
20, 19890, 24, 79887, 79887
20, 19900, 24, 79790, 79790
20, 19910, 24, 79790, 79790
20, 19920, 24, 79790, 79790
20, 19930, 24, 79790, 79790
20, 19940, 24, 79790, 79790
20, 19950, 24, 79790, 79790
20, 19960, 24, 79790, 79790
20, 19970, 24, 79790, 79790
20, 19980, 24, 79790, 79790
20, 19990, 24, 79790, 79790
