Population Size, Generation Count, Repetition, Best Fitness, Median Fitness
20, 0, 8, 746627, 775020
20, 10, 8, 719113, 723113
20, 20, 8, 687356, 693662
20, 30, 8, 668443, 673528
20, 40, 8, 661180, 663609
20, 50, 8, 651060, 653212
20, 60, 8, 640124, 643634
20, 70, 8, 628724, 635362
20, 80, 8, 615313, 619145
20, 90, 8, 605258, 608169
20, 100, 8, 594859, 599622
20, 110, 8, 589583, 591307
20, 120, 8, 582276, 584884
20, 130, 8, 575323, 578750
20, 140, 8, 562996, 571934
20, 150, 8, 549491, 557003
20, 160, 8, 542533, 545971
20, 170, 8, 534969, 536787
20, 180, 8, 528568, 532473
20, 190, 8, 520398, 524332
20, 200, 8, 514557, 518368
20, 210, 8, 510995, 512187
20, 220, 8, 504730, 507679
20, 230, 8, 499083, 500786
20, 240, 8, 489691, 492885
20, 250, 8, 486502, 487757
20, 260, 8, 482740, 486392
20, 270, 8, 475193, 479590
20, 280, 8, 472632, 474020
20, 290, 8, 468532, 470466
20, 300, 8, 462854, 467253
20, 310, 8, 457278, 462347
20, 320, 8, 449695, 456473
20, 330, 8, 444466, 447471
20, 340, 8, 439847, 442835
20, 350, 8, 437615, 438675
20, 360, 8, 434124, 435360
20, 370, 8, 428396, 430410
20, 380, 8, 426908, 429941
20, 390, 8, 424740, 427299
20, 400, 8, 420459, 421485
20, 410, 8, 415612, 418577
20, 420, 8, 411946, 415063
20, 430, 8, 409476, 411656
20, 440, 8, 407313, 409728
20, 450, 8, 404752, 408251
20, 460, 8, 401274, 405219
20, 470, 8, 399714, 401432
20, 480, 8, 396428, 398432
20, 490, 8, 393429, 397624
20, 500, 8, 391939, 393826
20, 510, 8, 388730, 394070
20, 520, 8, 385783, 388495
20, 530, 8, 381118, 384361
20, 540, 8, 378982, 381402
20, 550, 8, 377507, 378643
20, 560, 8, 373871, 377757
20, 570, 8, 370938, 374665
20, 580, 8, 367340, 370207
20, 590, 8, 363846, 365897
20, 600, 8, 361795, 364649
20, 610, 8, 353746, 356408
20, 620, 8, 350125, 353642
20, 630, 8, 348432, 351521
20, 640, 8, 346486, 348608
20, 650, 8, 345683, 345801
20, 660, 8, 342208, 344400
20, 670, 8, 340782, 343130
20, 680, 8, 339831, 342332
20, 690, 8, 336327, 340367
20, 700, 8, 335216, 339262
20, 710, 8, 334635, 335558
20, 720, 8, 330723, 333414
20, 730, 8, 329896, 332765
20, 740, 8, 329032, 331479
20, 750, 8, 326422, 330777
20, 760, 8, 325957, 329809
20, 770, 8, 324078, 328340
20, 780, 8, 323784, 326141
20, 790, 8, 322240, 324738
20, 800, 8, 320157, 322861
20, 810, 8, 319123, 320208
20, 820, 8, 317584, 319868
20, 830, 8, 316471, 319257
20, 840, 8, 313550, 316015
20, 850, 8, 312286, 315616
20, 860, 8, 310528, 312325
20, 870, 8, 309837, 311179
20, 880, 8, 307923, 310022
20, 890, 8, 307314, 308843
20, 900, 8, 305590, 307051
20, 910, 8, 305082, 308422
20, 920, 8, 303616, 306002
20, 930, 8, 301232, 302838
20, 940, 8, 300809, 304983
20, 950, 8, 296980, 300370
20, 960, 8, 295811, 300072
20, 970, 8, 293662, 297119
20, 980, 8, 292355, 293686
20, 990, 8, 290721, 292355
20, 1000, 8, 289084, 292158
20, 1010, 8, 287579, 291012
20, 1020, 8, 286358, 287998
20, 1030, 8, 286030, 288454
20, 1040, 8, 283943, 289091
20, 1050, 8, 283504, 285527
20, 1060, 8, 281068, 285162
20, 1070, 8, 280789, 281068
20, 1080, 8, 278899, 281717
20, 1090, 8, 276987, 280257
20, 1100, 8, 276790, 278600
20, 1110, 8, 274507, 278474
20, 1120, 8, 273010, 276605
20, 1130, 8, 272109, 274447
20, 1140, 8, 271288, 274377
20, 1150, 8, 270460, 272937
20, 1160, 8, 270086, 271286
20, 1170, 8, 269439, 274688
20, 1180, 8, 268901, 271248
20, 1190, 8, 268482, 270127
20, 1200, 8, 267678, 270868
20, 1210, 8, 267028, 269944
20, 1220, 8, 266243, 268002
20, 1230, 8, 264403, 266330
20, 1240, 8, 262519, 266466
20, 1250, 8, 260375, 264069
20, 1260, 8, 260032, 263665
20, 1270, 8, 259365, 262045
20, 1280, 8, 258620, 260507
20, 1290, 8, 257777, 260049
20, 1300, 8, 255539, 259302
20, 1310, 8, 253336, 257925
20, 1320, 8, 251899, 258497
20, 1330, 8, 251200, 251881
20, 1340, 8, 250806, 253799
20, 1350, 8, 249427, 251790
20, 1360, 8, 246518, 247843
20, 1370, 8, 246236, 248581
20, 1380, 8, 245905, 245923
20, 1390, 8, 244490, 246471
20, 1400, 8, 243761, 246141
20, 1410, 8, 243024, 243173
20, 1420, 8, 242638, 246701
20, 1430, 8, 240928, 245515
20, 1440, 8, 240280, 240928
20, 1450, 8, 239788, 243947
20, 1460, 8, 238731, 240155
20, 1470, 8, 237204, 239397
20, 1480, 8, 237145, 237204
20, 1490, 8, 235948, 238618
20, 1500, 8, 234669, 236930
20, 1510, 8, 234114, 236955
20, 1520, 8, 233609, 235406
20, 1530, 8, 232961, 236017
20, 1540, 8, 232961, 233247
20, 1550, 8, 230622, 233683
20, 1560, 8, 230422, 234072
20, 1570, 8, 229155, 231944
20, 1580, 8, 226896, 231885
20, 1590, 8, 226262, 226262
20, 1600, 8, 226092, 230215
20, 1610, 8, 225895, 227713
20, 1620, 8, 225625, 228429
20, 1630, 8, 225239, 227311
20, 1640, 8, 224750, 228015
20, 1650, 8, 223565, 226371
20, 1660, 8, 223178, 226545
20, 1670, 8, 222986, 226975
20, 1680, 8, 221051, 223125
20, 1690, 8, 220158, 220163
20, 1700, 8, 219994, 222827
20, 1710, 8, 219142, 220210
20, 1720, 8, 218865, 222159
20, 1730, 8, 217830, 218865
20, 1740, 8, 217480, 222516
20, 1750, 8, 216897, 219122
20, 1760, 8, 216732, 219144
20, 1770, 8, 215811, 217285
20, 1780, 8, 214561, 216173
20, 1790, 8, 213507, 214161
20, 1800, 8, 213032, 215089
20, 1810, 8, 212243, 213191
20, 1820, 8, 211049, 214637
20, 1830, 8, 210636, 212563
20, 1840, 8, 209868, 210606
20, 1850, 8, 208872, 209868
20, 1860, 8, 208217, 209465
20, 1870, 8, 208217, 210338
20, 1880, 8, 208007, 210387
20, 1890, 8, 207670, 210412
20, 1900, 8, 207054, 210739
20, 1910, 8, 205693, 208734
20, 1920, 8, 205334, 207798
20, 1930, 8, 204589, 206206
20, 1940, 8, 204237, 207351
20, 1950, 8, 203687, 210230
20, 1960, 8, 203266, 204953
20, 1970, 8, 203266, 204386
20, 1980, 8, 202584, 205907
20, 1990, 8, 202116, 204395
20, 2000, 8, 201397, 204528
20, 2010, 8, 200335, 204496
20, 2020, 8, 200182, 203331
20, 2030, 8, 199307, 203113
20, 2040, 8, 199012, 202747
20, 2050, 8, 198545, 200764
20, 2060, 8, 198403, 201707
20, 2070, 8, 198403, 200580
20, 2080, 8, 198258, 198935
20, 2090, 8, 198148, 202748
20, 2100, 8, 197712, 201870
20, 2110, 8, 197608, 201766
20, 2120, 8, 197291, 200329
20, 2130, 8, 196872, 199689
20, 2140, 8, 195714, 200651
20, 2150, 8, 195714, 198280
20, 2160, 8, 195245, 198659
20, 2170, 8, 194614, 198021
20, 2180, 8, 194202, 197406
20, 2190, 8, 193625, 195544
20, 2200, 8, 193213, 196456
20, 2210, 8, 192218, 195908
20, 2220, 8, 192004, 195306
20, 2230, 8, 191863, 197857
20, 2240, 8, 191304, 194970
20, 2250, 8, 190174, 193561
20, 2260, 8, 190041, 193252
20, 2270, 8, 190041, 192527
20, 2280, 8, 189112, 191551
20, 2290, 8, 188717, 192032
20, 2300, 8, 188444, 189140
20, 2310, 8, 187713, 188969
20, 2320, 8, 187258, 189293
20, 2330, 8, 187163, 190447
20, 2340, 8, 187066, 188335
20, 2350, 8, 186363, 187255
20, 2360, 8, 185743, 188216
20, 2370, 8, 185362, 190279
20, 2380, 8, 184607, 187344
20, 2390, 8, 184607, 187300
20, 2400, 8, 184044, 188057
20, 2410, 8, 183176, 190769
20, 2420, 8, 183138, 185297
20, 2430, 8, 182944, 185552
20, 2440, 8, 182944, 184432
20, 2450, 8, 182636, 183259
20, 2460, 8, 181996, 182737
20, 2470, 8, 181899, 184189
20, 2480, 8, 180767, 183643
20, 2490, 8, 180747, 180818
20, 2500, 8, 180747, 184410
20, 2510, 8, 180273, 182409
20, 2520, 8, 180273, 182300
20, 2530, 8, 180058, 182712
20, 2540, 8, 178926, 183070
20, 2550, 8, 177575, 179726
20, 2560, 8, 177517, 178548
20, 2570, 8, 176990, 180144
20, 2580, 8, 176397, 178015
20, 2590, 8, 175695, 176740
20, 2600, 8, 175695, 180761
20, 2610, 8, 175129, 177650
20, 2620, 8, 174904, 177473
20, 2630, 8, 174637, 177279
20, 2640, 8, 174417, 175235
20, 2650, 8, 174321, 178307
20, 2660, 8, 173768, 176312
20, 2670, 8, 173682, 174457
20, 2680, 8, 172834, 174984
20, 2690, 8, 172508, 173137
20, 2700, 8, 172508, 175119
20, 2710, 8, 172488, 172958
20, 2720, 8, 172044, 174401
20, 2730, 8, 171569, 174296
20, 2740, 8, 171447, 175577
20, 2750, 8, 171446, 173423
20, 2760, 8, 171149, 175056
20, 2770, 8, 170633, 172708
20, 2780, 8, 170176, 172628
20, 2790, 8, 170132, 172263
20, 2800, 8, 169588, 174673
20, 2810, 8, 169588, 174180
20, 2820, 8, 169556, 171384
20, 2830, 8, 169556, 170497
20, 2840, 8, 169389, 172894
20, 2850, 8, 169050, 173026
20, 2860, 8, 169050, 171581
20, 2870, 8, 168866, 169617
20, 2880, 8, 168684, 169827
20, 2890, 8, 168415, 169686
20, 2900, 8, 167443, 169143
20, 2910, 8, 167415, 170217
20, 2920, 8, 167175, 168360
20, 2930, 8, 166136, 169669
20, 2940, 8, 166136, 167444
20, 2950, 8, 166071, 169984
20, 2960, 8, 166071, 168239
20, 2970, 8, 165823, 169391
20, 2980, 8, 165554, 167256
20, 2990, 8, 165554, 168018
20, 3000, 8, 165554, 168373
20, 3010, 8, 165454, 169051
20, 3020, 8, 164902, 167698
20, 3030, 8, 164505, 167784
20, 3040, 8, 164505, 167614
20, 3050, 8, 164505, 167374
20, 3060, 8, 164505, 167617
20, 3070, 8, 164023, 167304
20, 3080, 8, 163055, 165372
20, 3090, 8, 162563, 164635
20, 3100, 8, 162563, 163679
20, 3110, 8, 162499, 167023
20, 3120, 8, 162303, 167096
20, 3130, 8, 161400, 164795
20, 3140, 8, 161400, 162856
20, 3150, 8, 161304, 162424
20, 3160, 8, 161044, 161523
20, 3170, 8, 160925, 164542
20, 3180, 8, 160925, 161404
20, 3190, 8, 160925, 162968
20, 3200, 8, 160473, 162894
20, 3210, 8, 160248, 160473
20, 3220, 8, 160132, 163504
20, 3230, 8, 160132, 161637
20, 3240, 8, 159706, 161919
20, 3250, 8, 159348, 161081
20, 3260, 8, 159348, 161441
20, 3270, 8, 159348, 163020
20, 3280, 8, 159348, 159348
20, 3290, 8, 158777, 159855
20, 3300, 8, 157909, 161244
20, 3310, 8, 157120, 160983
20, 3320, 8, 157120, 157526
20, 3330, 8, 157120, 160332
20, 3340, 8, 157109, 159495
20, 3350, 8, 157080, 160721
20, 3360, 8, 156603, 158007
20, 3370, 8, 156603, 156603
20, 3380, 8, 156603, 157607
20, 3390, 8, 156439, 159344
20, 3400, 8, 156439, 160807
20, 3410, 8, 156439, 156592
20, 3420, 8, 156361, 157867
20, 3430, 8, 156361, 159964
20, 3440, 8, 156047, 156361
20, 3450, 8, 156047, 158900
20, 3460, 8, 156047, 156047
20, 3470, 8, 156047, 161200
20, 3480, 8, 156047, 156130
20, 3490, 8, 155390, 156776
20, 3500, 8, 154875, 155890
20, 3510, 8, 154841, 157439
20, 3520, 8, 154841, 156635
20, 3530, 8, 154623, 157517
20, 3540, 8, 154588, 155775
20, 3550, 8, 154541, 155645
20, 3560, 8, 154515, 158808
20, 3570, 8, 154515, 156232
20, 3580, 8, 154264, 155877
20, 3590, 8, 154137, 158530
20, 3600, 8, 153744, 153802
20, 3610, 8, 153744, 154734
20, 3620, 8, 153200, 153744
20, 3630, 8, 153185, 155289
20, 3640, 8, 153185, 156273
20, 3650, 8, 153114, 155297
20, 3660, 8, 153061, 153114
20, 3670, 8, 152903, 155768
20, 3680, 8, 152903, 154217
20, 3690, 8, 152802, 154009
20, 3700, 8, 152638, 157046
20, 3710, 8, 152438, 154708
20, 3720, 8, 152381, 156692
20, 3730, 8, 152184, 155772
20, 3740, 8, 151874, 152305
20, 3750, 8, 151831, 151874
20, 3760, 8, 151366, 154678
20, 3770, 8, 151366, 152335
20, 3780, 8, 151350, 153601
20, 3790, 8, 151254, 153015
20, 3800, 8, 151254, 153955
20, 3810, 8, 150711, 150780
20, 3820, 8, 149770, 153419
20, 3830, 8, 149565, 151603
20, 3840, 8, 149493, 151123
20, 3850, 8, 149076, 151323
20, 3860, 8, 149076, 149076
20, 3870, 8, 149010, 152976
20, 3880, 8, 148856, 151405
20, 3890, 8, 148801, 148856
20, 3900, 8, 148541, 148663
20, 3910, 8, 148093, 148541
20, 3920, 8, 148093, 148093
20, 3930, 8, 148017, 149835
20, 3940, 8, 147905, 151895
20, 3950, 8, 147771, 151992
20, 3960, 8, 147470, 147768
20, 3970, 8, 147121, 149831
20, 3980, 8, 147035, 148160
20, 3990, 8, 147033, 148445
20, 4000, 8, 147033, 149751
20, 4010, 8, 147033, 151263
20, 4020, 8, 146878, 150217
20, 4030, 8, 146809, 149598
20, 4040, 8, 146741, 148379
20, 4050, 8, 146662, 149569
20, 4060, 8, 146597, 149672
20, 4070, 8, 146415, 146678
20, 4080, 8, 146409, 146415
20, 4090, 8, 146051, 150085
20, 4100, 8, 145762, 149936
20, 4110, 8, 145713, 147379
20, 4120, 8, 145713, 145722
20, 4130, 8, 145456, 145587
20, 4140, 8, 145272, 147248
20, 4150, 8, 145136, 147278
20, 4160, 8, 145136, 148873
20, 4170, 8, 144707, 149047
20, 4180, 8, 144645, 148022
20, 4190, 8, 144645, 146262
20, 4200, 8, 144645, 147744
20, 4210, 8, 144645, 148620
20, 4220, 8, 144413, 144645
20, 4230, 8, 144164, 144437
20, 4240, 8, 144164, 144164
20, 4250, 8, 143826, 145989
20, 4260, 8, 143826, 149580
20, 4270, 8, 143740, 149377
20, 4280, 8, 143599, 147571
20, 4290, 8, 143562, 147238
20, 4300, 8, 143516, 145286
20, 4310, 8, 143516, 146074
20, 4320, 8, 143516, 145940
20, 4330, 8, 143116, 145436
20, 4340, 8, 143099, 143099
20, 4350, 8, 142744, 143356
20, 4360, 8, 142603, 145776
20, 4370, 8, 142603, 144457
20, 4380, 8, 142603, 142603
20, 4390, 8, 142490, 142945
20, 4400, 8, 142421, 146207
20, 4410, 8, 142334, 143789
20, 4420, 8, 142334, 145926
20, 4430, 8, 142174, 144817
20, 4440, 8, 141811, 142992
20, 4450, 8, 141811, 142916
20, 4460, 8, 141330, 143515
20, 4470, 8, 141305, 146146
20, 4480, 8, 140849, 142006
20, 4490, 8, 140763, 148200
20, 4500, 8, 140763, 142115
20, 4510, 8, 140474, 140763
20, 4520, 8, 140474, 140474
20, 4530, 8, 140090, 143081
20, 4540, 8, 140090, 141566
20, 4550, 8, 139865, 145581
20, 4560, 8, 139865, 143780
20, 4570, 8, 139373, 142848
20, 4580, 8, 139017, 141997
20, 4590, 8, 139017, 141109
20, 4600, 8, 139017, 141026
20, 4610, 8, 138822, 141024
20, 4620, 8, 138698, 142003
20, 4630, 8, 138561, 141310
20, 4640, 8, 138513, 138561
20, 4650, 8, 138513, 139102
20, 4660, 8, 138513, 138513
20, 4670, 8, 138466, 140848
20, 4680, 8, 138466, 140852
20, 4690, 8, 138466, 141026
20, 4700, 8, 138387, 139666
20, 4710, 8, 138256, 140168
20, 4720, 8, 137832, 140745
20, 4730, 8, 137563, 140423
20, 4740, 8, 136920, 137232
20, 4750, 8, 136920, 141227
20, 4760, 8, 136818, 141954
20, 4770, 8, 136818, 139381
20, 4780, 8, 136769, 136895
20, 4790, 8, 136290, 139115
20, 4800, 8, 135867, 135867
20, 4810, 8, 135583, 136699
20, 4820, 8, 135565, 136288
20, 4830, 8, 135427, 136072
20, 4840, 8, 135354, 135784
20, 4850, 8, 135354, 135354
20, 4860, 8, 135316, 135345
20, 4870, 8, 135152, 135156
20, 4880, 8, 135152, 137748
20, 4890, 8, 135028, 135873
20, 4900, 8, 135028, 137357
20, 4910, 8, 134463, 137914
20, 4920, 8, 134445, 134463
20, 4930, 8, 134067, 136727
20, 4940, 8, 134067, 135088
20, 4950, 8, 134042, 134067
20, 4960, 8, 133906, 133906
20, 4970, 8, 133906, 135411
20, 4980, 8, 133710, 135735
20, 4990, 8, 133646, 134547
20, 5000, 8, 133646, 133646
20, 5010, 8, 133315, 133565
20, 5020, 8, 132861, 135745
20, 5030, 8, 132861, 132861
20, 5040, 8, 132861, 136008
20, 5050, 8, 132352, 132861
20, 5060, 8, 132352, 134619
20, 5070, 8, 132289, 134781
20, 5080, 8, 131918, 135455
20, 5090, 8, 131890, 133400
20, 5100, 8, 131834, 134815
20, 5110, 8, 131834, 133801
20, 5120, 8, 131404, 132944
20, 5130, 8, 131164, 134121
20, 5140, 8, 131164, 133956
20, 5150, 8, 131062, 132630
20, 5160, 8, 131062, 131816
20, 5170, 8, 130544, 134440
20, 5180, 8, 130292, 132494
20, 5190, 8, 130116, 130617
20, 5200, 8, 130116, 130403
20, 5210, 8, 129863, 130493
20, 5220, 8, 129375, 129747
20, 5230, 8, 129375, 129375
20, 5240, 8, 129323, 133273
20, 5250, 8, 129125, 129786
20, 5260, 8, 129125, 129125
20, 5270, 8, 128982, 131204
20, 5280, 8, 128982, 131306
20, 5290, 8, 128873, 131122
20, 5300, 8, 128872, 130167
20, 5310, 8, 128817, 130263
20, 5320, 8, 128817, 131061
20, 5330, 8, 128795, 131763
20, 5340, 8, 128795, 130196
20, 5350, 8, 128795, 132906
20, 5360, 8, 128795, 128869
20, 5370, 8, 128649, 132813
20, 5380, 8, 128626, 131290
20, 5390, 8, 128529, 131278
20, 5400, 8, 128529, 129918
20, 5410, 8, 128529, 128908
20, 5420, 8, 128046, 130947
20, 5430, 8, 128028, 132338
20, 5440, 8, 127679, 129626
20, 5450, 8, 127156, 128579
20, 5460, 8, 127024, 128663
20, 5470, 8, 127024, 129281
20, 5480, 8, 126406, 128705
20, 5490, 8, 126406, 130229
20, 5500, 8, 126406, 126406
20, 5510, 8, 126406, 129206
20, 5520, 8, 125968, 129475
20, 5530, 8, 125283, 127819
20, 5540, 8, 125283, 125345
20, 5550, 8, 125283, 127370
20, 5560, 8, 125283, 126868
20, 5570, 8, 125283, 125283
20, 5580, 8, 125238, 128892
20, 5590, 8, 125238, 125238
20, 5600, 8, 125049, 128088
20, 5610, 8, 124972, 129513
20, 5620, 8, 124647, 125557
20, 5630, 8, 124191, 124215
20, 5640, 8, 123856, 123860
20, 5650, 8, 122893, 126881
20, 5660, 8, 122893, 125170
20, 5670, 8, 122689, 126400
20, 5680, 8, 122630, 125816
20, 5690, 8, 122085, 122630
20, 5700, 8, 122010, 122085
20, 5710, 8, 121662, 123538
20, 5720, 8, 121662, 125720
20, 5730, 8, 121662, 126942
20, 5740, 8, 121292, 122219
20, 5750, 8, 121128, 121292
20, 5760, 8, 121128, 124340
20, 5770, 8, 120727, 123381
20, 5780, 8, 120727, 121062
20, 5790, 8, 120659, 120727
20, 5800, 8, 120608, 123202
20, 5810, 8, 120608, 123389
20, 5820, 8, 120338, 122156
20, 5830, 8, 120109, 121192
20, 5840, 8, 120079, 120109
20, 5850, 8, 119829, 121209
20, 5860, 8, 119829, 122186
20, 5870, 8, 119753, 120678
20, 5880, 8, 119753, 119753
20, 5890, 8, 119753, 123784
20, 5900, 8, 119753, 120268
20, 5910, 8, 119492, 119753
20, 5920, 8, 119492, 120979
20, 5930, 8, 119492, 122387
20, 5940, 8, 119468, 121490
20, 5950, 8, 119374, 123222
20, 5960, 8, 119334, 121864
20, 5970, 8, 119195, 122218
20, 5980, 8, 119195, 120861
20, 5990, 8, 119195, 121552
20, 6000, 8, 119195, 120418
20, 6010, 8, 119050, 119195
20, 6020, 8, 119050, 119050
20, 6030, 8, 118692, 118692
20, 6040, 8, 118161, 121293
20, 6050, 8, 118152, 121589
20, 6060, 8, 117537, 122830
20, 6070, 8, 117511, 117511
20, 6080, 8, 117511, 119583
20, 6090, 8, 117335, 118719
20, 6100, 8, 117265, 119712
20, 6110, 8, 116953, 118124
20, 6120, 8, 116953, 118696
20, 6130, 8, 116682, 116953
20, 6140, 8, 116435, 116677
20, 6150, 8, 116418, 116418
20, 6160, 8, 116418, 116418
20, 6170, 8, 116418, 118977
20, 6180, 8, 116004, 119280
20, 6190, 8, 115859, 118087
20, 6200, 8, 115859, 119045
20, 6210, 8, 115859, 118866
20, 6220, 8, 115583, 116015
20, 6230, 8, 115578, 115583
20, 6240, 8, 115578, 119066
20, 6250, 8, 115578, 115578
20, 6260, 8, 115578, 116808
20, 6270, 8, 115479, 115479
20, 6280, 8, 115256, 118192
20, 6290, 8, 115256, 115256
20, 6300, 8, 115256, 115256
20, 6310, 8, 115214, 116455
20, 6320, 8, 115174, 115174
20, 6330, 8, 115170, 116964
20, 6340, 8, 114779, 115656
20, 6350, 8, 114696, 114696
20, 6360, 8, 114696, 114696
20, 6370, 8, 114614, 114696
20, 6380, 8, 114525, 115151
20, 6390, 8, 114525, 116053
20, 6400, 8, 114525, 116888
20, 6410, 8, 114525, 116994
20, 6420, 8, 114525, 119226
20, 6430, 8, 114525, 118089
20, 6440, 8, 114525, 114525
20, 6450, 8, 114525, 114525
20, 6460, 8, 114370, 115231
20, 6470, 8, 114253, 117393
20, 6480, 8, 114253, 114625
20, 6490, 8, 113942, 114197
20, 6500, 8, 113942, 114054
20, 6510, 8, 113940, 113940
20, 6520, 8, 113914, 115504
20, 6530, 8, 113914, 114926
20, 6540, 8, 113914, 118202
20, 6550, 8, 113914, 117058
20, 6560, 8, 113798, 115375
20, 6570, 8, 113798, 113798
20, 6580, 8, 113750, 115537
20, 6590, 8, 113673, 116081
20, 6600, 8, 113169, 113673
20, 6610, 8, 113169, 115280
20, 6620, 8, 113166, 113166
20, 6630, 8, 112877, 113194
20, 6640, 8, 112877, 112877
20, 6650, 8, 112846, 112877
20, 6660, 8, 112846, 114389
20, 6670, 8, 112846, 115650
20, 6680, 8, 112815, 116270
20, 6690, 8, 112815, 112897
20, 6700, 8, 112716, 116830
20, 6710, 8, 112716, 112716
20, 6720, 8, 112716, 112716
20, 6730, 8, 112716, 112716
20, 6740, 8, 112716, 112716
20, 6750, 8, 112716, 115647
20, 6760, 8, 112716, 113962
20, 6770, 8, 112716, 115207
20, 6780, 8, 112716, 115265
20, 6790, 8, 112716, 114203
20, 6800, 8, 112682, 114815
20, 6810, 8, 112682, 114630
20, 6820, 8, 112682, 114016
20, 6830, 8, 112682, 112682
20, 6840, 8, 112682, 114347
20, 6850, 8, 112682, 113447
20, 6860, 8, 112668, 114807
20, 6870, 8, 112647, 115324
20, 6880, 8, 112565, 112647
20, 6890, 8, 112398, 113382
20, 6900, 8, 112348, 114151
20, 6910, 8, 111694, 113802
20, 6920, 8, 111540, 111694
20, 6930, 8, 111264, 114546
20, 6940, 8, 111254, 112758
20, 6950, 8, 111254, 112049
20, 6960, 8, 111254, 111367
20, 6970, 8, 111189, 111707
20, 6980, 8, 111189, 112376
20, 6990, 8, 111189, 113314
20, 7000, 8, 111189, 111189
20, 7010, 8, 111189, 114003
20, 7020, 8, 111092, 112529
20, 7030, 8, 111091, 111092
20, 7040, 8, 111091, 113259
20, 7050, 8, 111091, 112768
20, 7060, 8, 110938, 111091
20, 7070, 8, 110369, 113025
20, 7080, 8, 110353, 111881
20, 7090, 8, 110353, 111704
20, 7100, 8, 110173, 110353
20, 7110, 8, 110173, 110173
20, 7120, 8, 110173, 111997
20, 7130, 8, 110173, 110173
20, 7140, 8, 110173, 110173
20, 7150, 8, 110173, 111334
20, 7160, 8, 110057, 112894
20, 7170, 8, 110057, 114159
20, 7180, 8, 110033, 112124
20, 7190, 8, 109916, 111817
20, 7200, 8, 109916, 112762
20, 7210, 8, 109916, 111834
20, 7220, 8, 109916, 111915
20, 7230, 8, 109916, 109916
20, 7240, 8, 109877, 109877
20, 7250, 8, 109823, 109877
20, 7260, 8, 109823, 109823
20, 7270, 8, 109823, 110931
20, 7280, 8, 109823, 109823
20, 7290, 8, 109789, 109823
20, 7300, 8, 109789, 113088
20, 7310, 8, 109465, 109989
20, 7320, 8, 109465, 109465
20, 7330, 8, 109465, 109465
20, 7340, 8, 109323, 109465
20, 7350, 8, 109323, 111227
20, 7360, 8, 109232, 112075
20, 7370, 8, 108865, 109232
20, 7380, 8, 108865, 113173
20, 7390, 8, 108865, 110552
20, 7400, 8, 108754, 110916
20, 7410, 8, 108754, 108790
20, 7420, 8, 108754, 110952
20, 7430, 8, 108754, 112665
20, 7440, 8, 108682, 110252
20, 7450, 8, 108682, 110857
20, 7460, 8, 108682, 111685
20, 7470, 8, 108533, 108533
20, 7480, 8, 108533, 108533
20, 7490, 8, 108144, 109142
20, 7500, 8, 108144, 110849
20, 7510, 8, 108144, 108144
20, 7520, 8, 108144, 110592
20, 7530, 8, 108144, 110574
20, 7540, 8, 108111, 108666
20, 7550, 8, 108111, 108449
20, 7560, 8, 108111, 110069
20, 7570, 8, 107795, 108498
20, 7580, 8, 107795, 109447
20, 7590, 8, 107686, 108413
20, 7600, 8, 107686, 108094
20, 7610, 8, 107686, 108994
20, 7620, 8, 107542, 110286
20, 7630, 8, 107542, 107542
20, 7640, 8, 107542, 110415
20, 7650, 8, 107542, 108342
20, 7660, 8, 107400, 108200
20, 7670, 8, 107400, 110200
20, 7680, 8, 107276, 109183
20, 7690, 8, 107276, 107276
20, 7700, 8, 107276, 108811
20, 7710, 8, 107276, 107276
20, 7720, 8, 107276, 107276
20, 7730, 8, 107276, 109455
20, 7740, 8, 107139, 109015
20, 7750, 8, 107139, 107139
20, 7760, 8, 107139, 107139
20, 7770, 8, 107139, 108675
20, 7780, 8, 106953, 109664
20, 7790, 8, 106953, 106953
20, 7800, 8, 106953, 106953
20, 7810, 8, 106953, 108604
20, 7820, 8, 106953, 106953
20, 7830, 8, 106953, 106953
20, 7840, 8, 106374, 107666
20, 7850, 8, 106257, 106257
20, 7860, 8, 106054, 106257
20, 7870, 8, 105822, 105906
20, 7880, 8, 105822, 107915
20, 7890, 8, 105822, 109006
20, 7900, 8, 105822, 108775
20, 7910, 8, 105822, 105822
20, 7920, 8, 105727, 105727
20, 7930, 8, 105727, 105727
20, 7940, 8, 105401, 105401
20, 7950, 8, 105401, 107065
20, 7960, 8, 105401, 105501
20, 7970, 8, 105213, 106623
20, 7980, 8, 105213, 105213
20, 7990, 8, 105213, 105772
20, 8000, 8, 105213, 105213
20, 8010, 8, 105103, 107567
20, 8020, 8, 105085, 105085
20, 8030, 8, 105009, 106938
20, 8040, 8, 104934, 105308
20, 8050, 8, 104811, 104811
20, 8060, 8, 104811, 106736
20, 8070, 8, 104811, 105850
20, 8080, 8, 104729, 106825
20, 8090, 8, 104729, 107251
20, 8100, 8, 104182, 104182
20, 8110, 8, 104182, 108634
20, 8120, 8, 104182, 104182
20, 8130, 8, 103973, 107310
20, 8140, 8, 103973, 103973
20, 8150, 8, 103931, 103973
20, 8160, 8, 103931, 104636
20, 8170, 8, 103796, 109632
20, 8180, 8, 103796, 103796
20, 8190, 8, 103796, 105838
20, 8200, 8, 103730, 105831
20, 8210, 8, 103571, 103937
20, 8220, 8, 103571, 105085
20, 8230, 8, 103434, 103434
20, 8240, 8, 103105, 105627
20, 8250, 8, 103105, 105890
20, 8260, 8, 102656, 102656
20, 8270, 8, 102656, 102656
20, 8280, 8, 102141, 106157
20, 8290, 8, 102141, 102141
20, 8300, 8, 102141, 102141
20, 8310, 8, 101989, 102226
20, 8320, 8, 101989, 104689
20, 8330, 8, 101989, 105125
20, 8340, 8, 101989, 101989
20, 8350, 8, 101989, 101989
20, 8360, 8, 101924, 102747
20, 8370, 8, 101924, 102061
20, 8380, 8, 101924, 103735
20, 8390, 8, 101924, 101924
20, 8400, 8, 101924, 104343
20, 8410, 8, 101742, 101742
20, 8420, 8, 101535, 101742
20, 8430, 8, 101535, 101535
20, 8440, 8, 101535, 102723
20, 8450, 8, 101535, 101535
20, 8460, 8, 101535, 101535
20, 8470, 8, 101535, 103481
20, 8480, 8, 101535, 101995
20, 8490, 8, 101327, 101535
20, 8500, 8, 101327, 101327
20, 8510, 8, 101194, 101194
20, 8520, 8, 101194, 102589
20, 8530, 8, 101194, 101194
20, 8540, 8, 100998, 101194
20, 8550, 8, 100998, 103246
20, 8560, 8, 100447, 102655
20, 8570, 8, 100350, 103297
20, 8580, 8, 100350, 100350
20, 8590, 8, 100301, 100301
20, 8600, 8, 100301, 101855
20, 8610, 8, 100174, 102477
20, 8620, 8, 100174, 100555
20, 8630, 8, 100114, 100114
20, 8640, 8, 99760, 102239
20, 8650, 8, 99647, 101635
20, 8660, 8, 99647, 101269
20, 8670, 8, 99647, 99647
20, 8680, 8, 99647, 101672
20, 8690, 8, 99647, 99647
20, 8700, 8, 99647, 101865
20, 8710, 8, 99311, 100941
20, 8720, 8, 99172, 100839
20, 8730, 8, 99172, 99172
20, 8740, 8, 99172, 99172
20, 8750, 8, 99169, 100787
20, 8760, 8, 99169, 102775
20, 8770, 8, 99169, 99169
20, 8780, 8, 99169, 102021
20, 8790, 8, 99169, 99169
20, 8800, 8, 99169, 99169
20, 8810, 8, 99169, 102572
20, 8820, 8, 99169, 101659
20, 8830, 8, 98973, 99345
20, 8840, 8, 98908, 98973
20, 8850, 8, 98908, 98908
20, 8860, 8, 98908, 98908
20, 8870, 8, 98774, 100901
20, 8880, 8, 98774, 99837
20, 8890, 8, 98599, 98599
20, 8900, 8, 98599, 98599
20, 8910, 8, 98562, 100467
20, 8920, 8, 98555, 98562
20, 8930, 8, 98555, 98687
20, 8940, 8, 98463, 98555
20, 8950, 8, 98463, 98463
20, 8960, 8, 98463, 98573
20, 8970, 8, 98463, 101126
20, 8980, 8, 98463, 98463
20, 8990, 8, 98463, 98463
20, 9000, 8, 98389, 98463
20, 9010, 8, 98364, 101305
20, 9020, 8, 98326, 100514
20, 9030, 8, 98326, 98385
20, 9040, 8, 98326, 100143
20, 9050, 8, 98151, 98326
20, 9060, 8, 98151, 99601
20, 9070, 8, 98105, 99380
20, 9080, 8, 98105, 100471
20, 9090, 8, 97483, 99749
20, 9100, 8, 97483, 101496
20, 9110, 8, 97483, 97483
20, 9120, 8, 97483, 97483
20, 9130, 8, 97483, 99663
20, 9140, 8, 97368, 97368
20, 9150, 8, 97368, 97368
20, 9160, 8, 97168, 97168
20, 9170, 8, 97168, 97168
20, 9180, 8, 97168, 99164
20, 9190, 8, 97168, 97168
20, 9200, 8, 97168, 98350
20, 9210, 8, 97168, 97860
20, 9220, 8, 96901, 97419
20, 9230, 8, 96901, 98694
20, 9240, 8, 96901, 99863
20, 9250, 8, 96901, 96901
20, 9260, 8, 96901, 98836
20, 9270, 8, 96901, 99297
20, 9280, 8, 96716, 96901
20, 9290, 8, 96716, 96716
20, 9300, 8, 96661, 100802
20, 9310, 8, 96661, 96661
20, 9320, 8, 96411, 96560
20, 9330, 8, 96411, 98988
20, 9340, 8, 96411, 96411
20, 9350, 8, 96211, 96636
20, 9360, 8, 96211, 96211
20, 9370, 8, 96211, 96211
20, 9380, 8, 96211, 99086
20, 9390, 8, 96019, 99360
20, 9400, 8, 96019, 97760
20, 9410, 8, 96019, 99468
20, 9420, 8, 96019, 96019
20, 9430, 8, 95847, 96019
20, 9440, 8, 95847, 96692
20, 9450, 8, 95847, 95847
20, 9460, 8, 95847, 95847
20, 9470, 8, 95847, 97698
20, 9480, 8, 95839, 98302
20, 9490, 8, 95839, 100515
20, 9500, 8, 95749, 98222
20, 9510, 8, 95749, 95749
20, 9520, 8, 95749, 97481
20, 9530, 8, 95485, 96856
20, 9540, 8, 95485, 97587
20, 9550, 8, 95477, 95485
20, 9560, 8, 95477, 97255
20, 9570, 8, 95477, 96132
20, 9580, 8, 94953, 95111
20, 9590, 8, 94885, 96248
20, 9600, 8, 94885, 94885
20, 9610, 8, 94885, 94885
20, 9620, 8, 94885, 94885
20, 9630, 8, 94885, 94885
20, 9640, 8, 94885, 94885
20, 9650, 8, 94873, 97211
20, 9660, 8, 94873, 96232
20, 9670, 8, 94873, 96212
20, 9680, 8, 94873, 96572
20, 9690, 8, 94873, 94873
20, 9700, 8, 94873, 96426
20, 9710, 8, 94855, 97575
20, 9720, 8, 94715, 94873
20, 9730, 8, 94715, 97296
20, 9740, 8, 94591, 97594
20, 9750, 8, 94591, 94591
20, 9760, 8, 94591, 96176
20, 9770, 8, 94508, 94591
20, 9780, 8, 94508, 94508
20, 9790, 8, 94408, 95148
20, 9800, 8, 94408, 94408
20, 9810, 8, 94408, 96062
20, 9820, 8, 94408, 95778
20, 9830, 8, 94408, 96135
20, 9840, 8, 94400, 96743
20, 9850, 8, 94400, 94400
20, 9860, 8, 94400, 94400
20, 9870, 8, 94400, 94400
20, 9880, 8, 94400, 94400
20, 9890, 8, 94252, 95996
20, 9900, 8, 94099, 94913
20, 9910, 8, 93987, 94099
20, 9920, 8, 93987, 93987
20, 9930, 8, 93987, 93987
20, 9940, 8, 93604, 93987
20, 9950, 8, 93540, 96251
20, 9960, 8, 93540, 94914
20, 9970, 8, 93540, 93540
20, 9980, 8, 93312, 93540
20, 9990, 8, 93312, 94737
20, 10000, 8, 93312, 93312
20, 10010, 8, 93312, 93312
20, 10020, 8, 93232, 96679
20, 10030, 8, 93232, 93232
20, 10040, 8, 93232, 95368
20, 10050, 8, 93232, 93232
20, 10060, 8, 93232, 95501
20, 10070, 8, 93232, 93232
20, 10080, 8, 93232, 95843
20, 10090, 8, 93232, 93232
20, 10100, 8, 93232, 93232
20, 10110, 8, 93232, 93232
20, 10120, 8, 93232, 93232
20, 10130, 8, 93232, 93232
20, 10140, 8, 93036, 95365
20, 10150, 8, 93036, 95308
20, 10160, 8, 93036, 93036
20, 10170, 8, 93036, 93036
20, 10180, 8, 93036, 93036
20, 10190, 8, 93036, 93546
20, 10200, 8, 93036, 94836
20, 10210, 8, 92808, 93036
20, 10220, 8, 92733, 92733
20, 10230, 8, 92733, 95889
20, 10240, 8, 92733, 92733
20, 10250, 8, 92733, 95923
20, 10260, 8, 92733, 94214
20, 10270, 8, 92733, 92992
20, 10280, 8, 92708, 92708
20, 10290, 8, 92708, 92708
20, 10300, 8, 92708, 92708
20, 10310, 8, 92708, 92708
20, 10320, 8, 92708, 92708
20, 10330, 8, 92258, 92854
20, 10340, 8, 92258, 92258
20, 10350, 8, 92258, 93290
20, 10360, 8, 92258, 92839
20, 10370, 8, 92258, 92258
20, 10380, 8, 92164, 92258
20, 10390, 8, 92164, 92164
20, 10400, 8, 92164, 93471
20, 10410, 8, 92164, 92164
20, 10420, 8, 92164, 92164
20, 10430, 8, 92164, 92376
20, 10440, 8, 92164, 94853
20, 10450, 8, 92164, 92164
20, 10460, 8, 92164, 92164
20, 10470, 8, 92164, 92164
20, 10480, 8, 92164, 94908
20, 10490, 8, 92056, 93887
20, 10500, 8, 92056, 92056
20, 10510, 8, 92056, 92896
20, 10520, 8, 92056, 92586
20, 10530, 8, 92056, 92056
20, 10540, 8, 92056, 92056
20, 10550, 8, 92056, 92056
20, 10560, 8, 92056, 92056
20, 10570, 8, 91784, 92733
20, 10580, 8, 91784, 92445
20, 10590, 8, 91784, 91784
20, 10600, 8, 91784, 91784
20, 10610, 8, 91642, 91784
20, 10620, 8, 91642, 91642
20, 10630, 8, 91642, 92909
20, 10640, 8, 91642, 93847
20, 10650, 8, 91642, 91642
20, 10660, 8, 91642, 91642
20, 10670, 8, 91518, 91518
20, 10680, 8, 91518, 91518
20, 10690, 8, 91411, 91464
20, 10700, 8, 91411, 94221
20, 10710, 8, 91367, 94211
20, 10720, 8, 91367, 93870
20, 10730, 8, 91367, 91367
20, 10740, 8, 91367, 93239
20, 10750, 8, 91300, 91300
20, 10760, 8, 91300, 91300
20, 10770, 8, 91031, 91826
20, 10780, 8, 91005, 91031
20, 10790, 8, 91005, 91979
20, 10800, 8, 91005, 93877
20, 10810, 8, 91005, 91005
20, 10820, 8, 91005, 91005
20, 10830, 8, 91005, 91005
20, 10840, 8, 91005, 93356
20, 10850, 8, 90990, 91005
20, 10860, 8, 90990, 92528
20, 10870, 8, 90990, 90990
20, 10880, 8, 90990, 93073
20, 10890, 8, 90919, 93335
20, 10900, 8, 90919, 92880
20, 10910, 8, 90908, 92218
20, 10920, 8, 90908, 90908
20, 10930, 8, 90908, 90908
20, 10940, 8, 90908, 90908
20, 10950, 8, 90908, 91277
20, 10960, 8, 90589, 91207
20, 10970, 8, 90589, 90589
20, 10980, 8, 90589, 90589
20, 10990, 8, 90589, 90589
20, 11000, 8, 90522, 91581
20, 11010, 8, 90522, 91607
20, 11020, 8, 90522, 91865
20, 11030, 8, 90522, 90522
20, 11040, 8, 90522, 90522
20, 11050, 8, 90522, 90522
20, 11060, 8, 90522, 90522
20, 11070, 8, 90522, 92579
20, 11080, 8, 90522, 90522
20, 11090, 8, 90522, 90522
20, 11100, 8, 90462, 90462
20, 11110, 8, 90462, 90462
20, 11120, 8, 90462, 90462
20, 11130, 8, 90462, 90462
20, 11140, 8, 90462, 90462
20, 11150, 8, 90462, 92137
20, 11160, 8, 90462, 91410
20, 11170, 8, 90462, 94854
20, 11180, 8, 90462, 90462
20, 11190, 8, 90462, 90462
20, 11200, 8, 90462, 92812
20, 11210, 8, 90462, 90462
20, 11220, 8, 90433, 90462
20, 11230, 8, 90433, 90433
20, 11240, 8, 90433, 90433
20, 11250, 8, 90433, 90433
20, 11260, 8, 90433, 90433
20, 11270, 8, 90433, 90810
20, 11280, 8, 90433, 91725
20, 11290, 8, 90410, 92782
20, 11300, 8, 90410, 93164
20, 11310, 8, 90410, 91384
20, 11320, 8, 90392, 90392
20, 11330, 8, 90336, 90336
20, 11340, 8, 90336, 90336
20, 11350, 8, 90336, 90336
20, 11360, 8, 90336, 90336
20, 11370, 8, 90336, 90336
20, 11380, 8, 90207, 90336
20, 11390, 8, 90207, 90913
20, 11400, 8, 90207, 90207
20, 11410, 8, 90207, 90207
20, 11420, 8, 90021, 91217
20, 11430, 8, 90021, 90021
20, 11440, 8, 90021, 90021
20, 11450, 8, 90021, 91406
20, 11460, 8, 90021, 90021
20, 11470, 8, 89924, 92308
20, 11480, 8, 89924, 89924
20, 11490, 8, 89924, 89924
20, 11500, 8, 89924, 89965
20, 11510, 8, 89924, 90768
20, 11520, 8, 89924, 91625
20, 11530, 8, 89924, 89924
20, 11540, 8, 89855, 89924
20, 11550, 8, 89855, 89855
20, 11560, 8, 89798, 89855
20, 11570, 8, 89798, 89798
20, 11580, 8, 89798, 89798
20, 11590, 8, 89798, 92597
20, 11600, 8, 89775, 89775
20, 11610, 8, 89775, 89775
20, 11620, 8, 89775, 89775
20, 11630, 8, 89775, 89775
20, 11640, 8, 89775, 89775
20, 11650, 8, 89775, 91188
20, 11660, 8, 89775, 89775
20, 11670, 8, 89775, 89775
20, 11680, 8, 89775, 89775
20, 11690, 8, 89775, 89775
20, 11700, 8, 89775, 90788
20, 11710, 8, 89775, 90897
20, 11720, 8, 89775, 92692
20, 11730, 8, 89775, 91589
20, 11740, 8, 89775, 89775
20, 11750, 8, 89775, 89775
20, 11760, 8, 89775, 89775
20, 11770, 8, 89775, 91585
20, 11780, 8, 89775, 89775
20, 11790, 8, 89775, 89775
20, 11800, 8, 89775, 89775
20, 11810, 8, 89775, 89775
20, 11820, 8, 89752, 90190
20, 11830, 8, 89752, 89752
20, 11840, 8, 89752, 89752
20, 11850, 8, 89752, 89752
20, 11860, 8, 89606, 89607
20, 11870, 8, 89606, 89606
20, 11880, 8, 89560, 89560
20, 11890, 8, 89560, 89560
20, 11900, 8, 89560, 89560
20, 11910, 8, 89560, 89560
20, 11920, 8, 89560, 91396
20, 11930, 8, 89560, 89560
20, 11940, 8, 89560, 89560
20, 11950, 8, 89560, 89560
20, 11960, 8, 89560, 91651
20, 11970, 8, 89560, 89560
20, 11980, 8, 89560, 89560
20, 11990, 8, 89473, 89473
20, 12000, 8, 89244, 89244
20, 12010, 8, 89244, 91296
20, 12020, 8, 89179, 89179
20, 12030, 8, 89179, 89179
20, 12040, 8, 89179, 89179
20, 12050, 8, 88997, 89179
20, 12060, 8, 88833, 88857
20, 12070, 8, 88825, 88825
20, 12080, 8, 88818, 88825
20, 12090, 8, 88818, 90549
20, 12100, 8, 88781, 88818
20, 12110, 8, 88664, 88781
20, 12120, 8, 88664, 88664
20, 12130, 8, 88664, 90428
20, 12140, 8, 88664, 88664
20, 12150, 8, 88657, 88664
20, 12160, 8, 88657, 88657
20, 12170, 8, 88657, 88657
20, 12180, 8, 88657, 88657
20, 12190, 8, 88657, 88657
20, 12200, 8, 88657, 90976
20, 12210, 8, 88657, 90529
20, 12220, 8, 88657, 88657
20, 12230, 8, 88657, 88657
20, 12240, 8, 88657, 88657
20, 12250, 8, 88625, 88625
20, 12260, 8, 88625, 88625
20, 12270, 8, 88625, 88625
20, 12280, 8, 88625, 90763
20, 12290, 8, 88625, 88625
20, 12300, 8, 88625, 88625
20, 12310, 8, 88594, 88625
20, 12320, 8, 88594, 88594
20, 12330, 8, 88518, 88518
20, 12340, 8, 88518, 89516
20, 12350, 8, 88518, 90108
20, 12360, 8, 88518, 88518
20, 12370, 8, 88466, 88518
20, 12380, 8, 88407, 88466
20, 12390, 8, 88407, 88407
20, 12400, 8, 88295, 88295
20, 12410, 8, 88295, 88295
20, 12420, 8, 88295, 88295
20, 12430, 8, 88295, 88879
20, 12440, 8, 87992, 88295
20, 12450, 8, 87992, 87992
20, 12460, 8, 87992, 87992
20, 12470, 8, 87992, 87992
20, 12480, 8, 87862, 87992
20, 12490, 8, 87862, 87862
20, 12500, 8, 87862, 87862
20, 12510, 8, 87862, 87862
20, 12520, 8, 87862, 87862
20, 12530, 8, 87862, 87862
20, 12540, 8, 87862, 87862
20, 12550, 8, 87862, 87862
20, 12560, 8, 87862, 88619
20, 12570, 8, 87862, 89376
20, 12580, 8, 87862, 88302
20, 12590, 8, 87862, 87862
20, 12600, 8, 87190, 90335
20, 12610, 8, 87190, 87190
20, 12620, 8, 87190, 87190
20, 12630, 8, 87190, 87190
20, 12640, 8, 87190, 87190
20, 12650, 8, 87174, 87190
20, 12660, 8, 87174, 87174
20, 12670, 8, 87174, 87174
20, 12680, 8, 87157, 87157
20, 12690, 8, 87157, 87157
20, 12700, 8, 87157, 87157
20, 12710, 8, 87157, 87157
20, 12720, 8, 87157, 87157
20, 12730, 8, 87157, 87157
20, 12740, 8, 87157, 87157
20, 12750, 8, 87157, 87157
20, 12760, 8, 87157, 87861
20, 12770, 8, 87157, 87157
20, 12780, 8, 87157, 89398
20, 12790, 8, 87157, 87157
20, 12800, 8, 87157, 87157
20, 12810, 8, 87157, 87157
20, 12820, 8, 87157, 87157
20, 12830, 8, 86986, 87157
20, 12840, 8, 86986, 86986
20, 12850, 8, 86986, 86986
20, 12860, 8, 86986, 86986
20, 12870, 8, 86986, 86986
20, 12880, 8, 86986, 86986
20, 12890, 8, 86986, 86986
20, 12900, 8, 86986, 87847
20, 12910, 8, 86986, 86986
20, 12920, 8, 86986, 86986
20, 12930, 8, 86986, 86986
20, 12940, 8, 86986, 86986
20, 12950, 8, 86986, 88095
20, 12960, 8, 86986, 86986
20, 12970, 8, 86986, 86986
20, 12980, 8, 86986, 86986
20, 12990, 8, 86986, 86986
20, 13000, 8, 86986, 86986
20, 13010, 8, 86986, 86986
20, 13020, 8, 86986, 88919
20, 13030, 8, 86986, 88519
20, 13040, 8, 86986, 91507
20, 13050, 8, 86986, 86986
20, 13060, 8, 86986, 86986
20, 13070, 8, 86986, 86986
20, 13080, 8, 86934, 86986
20, 13090, 8, 86934, 89118
20, 13100, 8, 86893, 90054
20, 13110, 8, 86685, 86893
20, 13120, 8, 86520, 86520
20, 13130, 8, 86520, 86520
20, 13140, 8, 86520, 86520
20, 13150, 8, 86520, 86520
20, 13160, 8, 86485, 86485
20, 13170, 8, 86485, 86485
20, 13180, 8, 86485, 86485
20, 13190, 8, 86397, 86397
20, 13200, 8, 86397, 86397
20, 13210, 8, 86397, 90558
20, 13220, 8, 86397, 86397
20, 13230, 8, 86397, 86397
20, 13240, 8, 86397, 86397
20, 13250, 8, 86397, 86397
20, 13260, 8, 86397, 86397
20, 13270, 8, 86197, 86197
20, 13280, 8, 86197, 88199
20, 13290, 8, 86197, 86197
20, 13300, 8, 86197, 86197
20, 13310, 8, 86197, 86197
20, 13320, 8, 86197, 86197
20, 13330, 8, 85843, 85843
20, 13340, 8, 85843, 85843
20, 13350, 8, 85843, 85843
20, 13360, 8, 85820, 85820
20, 13370, 8, 85620, 85620
20, 13380, 8, 85620, 86412
20, 13390, 8, 85620, 88540
20, 13400, 8, 85620, 85620
20, 13410, 8, 85564, 85564
20, 13420, 8, 85564, 85564
20, 13430, 8, 85564, 85564
20, 13440, 8, 85564, 85564
20, 13450, 8, 85555, 85888
20, 13460, 8, 85555, 85697
20, 13470, 8, 85555, 85555
20, 13480, 8, 85555, 85555
20, 13490, 8, 85515, 85515
20, 13500, 8, 85515, 89360
20, 13510, 8, 85515, 85515
20, 13520, 8, 85515, 85515
20, 13530, 8, 85515, 85515
20, 13540, 8, 85515, 85515
20, 13550, 8, 85515, 85515
20, 13560, 8, 85515, 88474
20, 13570, 8, 85515, 85515
20, 13580, 8, 85515, 85515
20, 13590, 8, 85515, 85515
20, 13600, 8, 85397, 86071
20, 13610, 8, 85397, 85397
20, 13620, 8, 85397, 85397
20, 13630, 8, 85397, 86087
20, 13640, 8, 85164, 85397
20, 13650, 8, 85164, 85164
20, 13660, 8, 85164, 85164
20, 13670, 8, 85164, 85535
20, 13680, 8, 85164, 85164
20, 13690, 8, 85164, 85164
20, 13700, 8, 85164, 85357
20, 13710, 8, 85143, 85143
20, 13720, 8, 84831, 85716
20, 13730, 8, 84831, 84831
20, 13740, 8, 84831, 84831
20, 13750, 8, 84831, 84831
20, 13760, 8, 84831, 84831
20, 13770, 8, 84831, 87039
20, 13780, 8, 84831, 84831
20, 13790, 8, 84831, 84831
20, 13800, 8, 84831, 84831
20, 13810, 8, 84831, 84915
20, 13820, 8, 84831, 84831
20, 13830, 8, 84831, 88559
20, 13840, 8, 84831, 84831
20, 13850, 8, 84831, 84831
20, 13860, 8, 84831, 87223
20, 13870, 8, 84831, 85400
20, 13880, 8, 84598, 85196
20, 13890, 8, 84598, 84598
20, 13900, 8, 84598, 84598
20, 13910, 8, 84598, 86212
20, 13920, 8, 84598, 87828
20, 13930, 8, 84598, 84598
20, 13940, 8, 84598, 84598
20, 13950, 8, 84538, 84598
20, 13960, 8, 84538, 84538
20, 13970, 8, 84538, 84538
20, 13980, 8, 84512, 84512
20, 13990, 8, 84512, 84512
20, 14000, 8, 84512, 84512
20, 14010, 8, 84512, 84512
20, 14020, 8, 84512, 84512
20, 14030, 8, 84502, 84512
20, 14040, 8, 84502, 84502
20, 14050, 8, 84502, 86970
20, 14060, 8, 84502, 84502
20, 14070, 8, 84502, 84502
20, 14080, 8, 84502, 85440
20, 14090, 8, 84502, 87477
20, 14100, 8, 84502, 84502
20, 14110, 8, 84502, 84502
20, 14120, 8, 84502, 84502
20, 14130, 8, 84502, 84502
20, 14140, 8, 84502, 84502
20, 14150, 8, 84502, 84502
20, 14160, 8, 84502, 84502
20, 14170, 8, 84502, 84502
20, 14180, 8, 84502, 84502
20, 14190, 8, 84456, 84456
20, 14200, 8, 84456, 84456
20, 14210, 8, 84456, 84456
20, 14220, 8, 84456, 84456
20, 14230, 8, 84456, 86418
20, 14240, 8, 84456, 84456
20, 14250, 8, 84456, 84456
20, 14260, 8, 84456, 84456
20, 14270, 8, 84456, 84456
20, 14280, 8, 84376, 84376
20, 14290, 8, 84376, 85185
20, 14300, 8, 84376, 84376
20, 14310, 8, 84376, 84376
20, 14320, 8, 84241, 84376
20, 14330, 8, 84241, 84435
20, 14340, 8, 84241, 84241
20, 14350, 8, 84241, 84241
20, 14360, 8, 84241, 86855
20, 14370, 8, 84241, 84241
20, 14380, 8, 84224, 84224
20, 14390, 8, 84224, 84224
20, 14400, 8, 84186, 84186
20, 14410, 8, 84186, 84186
20, 14420, 8, 84148, 84186
20, 14430, 8, 84038, 84038
20, 14440, 8, 84038, 86600
20, 14450, 8, 84038, 84038
20, 14460, 8, 84038, 84038
20, 14470, 8, 84038, 84038
20, 14480, 8, 84038, 84038
20, 14490, 8, 84038, 84038
20, 14500, 8, 84038, 84038
20, 14510, 8, 84038, 84515
20, 14520, 8, 84038, 84454
20, 14530, 8, 84038, 84038
20, 14540, 8, 84038, 84038
20, 14550, 8, 84038, 84038
20, 14560, 8, 84038, 84038
20, 14570, 8, 84038, 84038
20, 14580, 8, 84038, 84038
20, 14590, 8, 84038, 84319
20, 14600, 8, 83973, 85974
20, 14610, 8, 83973, 86718
20, 14620, 8, 83973, 83973
20, 14630, 8, 83973, 83973
20, 14640, 8, 83973, 83973
20, 14650, 8, 83973, 83973
20, 14660, 8, 83830, 83830
20, 14670, 8, 83830, 83830
20, 14680, 8, 83830, 83830
20, 14690, 8, 83830, 83830
20, 14700, 8, 83756, 83756
20, 14710, 8, 83756, 83756
20, 14720, 8, 83756, 83756
20, 14730, 8, 83656, 83756
20, 14740, 8, 83592, 83592
20, 14750, 8, 83592, 83592
20, 14760, 8, 83592, 85392
20, 14770, 8, 83592, 83592
20, 14780, 8, 83592, 83592
20, 14790, 8, 83510, 83592
20, 14800, 8, 83510, 83510
20, 14810, 8, 83510, 83510
20, 14820, 8, 83510, 83510
20, 14830, 8, 83510, 83510
20, 14840, 8, 83510, 83510
20, 14850, 8, 83510, 83510
20, 14860, 8, 83510, 83510
20, 14870, 8, 83510, 83510
20, 14880, 8, 83510, 83510
20, 14890, 8, 83510, 84334
20, 14900, 8, 83433, 83433
20, 14910, 8, 83433, 83433
20, 14920, 8, 83433, 83433
20, 14930, 8, 83433, 83433
20, 14940, 8, 83433, 83433
20, 14950, 8, 83433, 83433
20, 14960, 8, 83433, 83433
20, 14970, 8, 83433, 83433
20, 14980, 8, 83433, 83433
20, 14990, 8, 83433, 83433
20, 15000, 8, 83198, 83433
20, 15010, 8, 83198, 83198
20, 15020, 8, 83198, 83198
20, 15030, 8, 83198, 83198
20, 15040, 8, 83198, 83198
20, 15050, 8, 83198, 83198
20, 15060, 8, 83198, 83198
20, 15070, 8, 83198, 83198
20, 15080, 8, 82961, 83592
20, 15090, 8, 82961, 84574
20, 15100, 8, 82961, 82961
20, 15110, 8, 82907, 82907
20, 15120, 8, 82907, 82907
20, 15130, 8, 82907, 82907
20, 15140, 8, 82907, 82907
20, 15150, 8, 82907, 84990
20, 15160, 8, 82907, 82907
20, 15170, 8, 82872, 82872
20, 15180, 8, 82872, 82872
20, 15190, 8, 82872, 82872
20, 15200, 8, 82872, 82872
20, 15210, 8, 82872, 82872
20, 15220, 8, 82872, 83663
20, 15230, 8, 82872, 82872
20, 15240, 8, 82872, 82872
20, 15250, 8, 82872, 82872
20, 15260, 8, 82872, 82872
20, 15270, 8, 82872, 85162
20, 15280, 8, 82872, 82872
20, 15290, 8, 82872, 82872
20, 15300, 8, 82872, 82872
20, 15310, 8, 82872, 82872
20, 15320, 8, 82872, 82872
20, 15330, 8, 82872, 82872
20, 15340, 8, 82774, 82774
20, 15350, 8, 82774, 82774
20, 15360, 8, 82774, 82774
20, 15370, 8, 82774, 82774
20, 15380, 8, 82774, 82774
20, 15390, 8, 82774, 82774
20, 15400, 8, 82774, 82774
20, 15410, 8, 82774, 82774
20, 15420, 8, 82766, 82766
20, 15430, 8, 82766, 82766
20, 15440, 8, 82766, 86245
20, 15450, 8, 82751, 83881
20, 15460, 8, 82751, 82751
20, 15470, 8, 82751, 82751
20, 15480, 8, 82751, 82751
20, 15490, 8, 82751, 82751
20, 15500, 8, 82751, 82751
20, 15510, 8, 82751, 82751
20, 15520, 8, 82751, 82751
20, 15530, 8, 82701, 82751
20, 15540, 8, 82701, 82701
20, 15550, 8, 82670, 82670
20, 15560, 8, 82670, 82670
20, 15570, 8, 82670, 82670
20, 15580, 8, 82670, 82670
20, 15590, 8, 82670, 82670
20, 15600, 8, 82592, 83403
20, 15610, 8, 82592, 82592
20, 15620, 8, 82566, 82592
20, 15630, 8, 82551, 82551
20, 15640, 8, 82551, 82551
20, 15650, 8, 82551, 82551
20, 15660, 8, 82428, 82551
20, 15670, 8, 82428, 82428
20, 15680, 8, 82428, 82428
20, 15690, 8, 82428, 82428
20, 15700, 8, 82428, 82428
20, 15710, 8, 82228, 82228
20, 15720, 8, 82228, 82228
20, 15730, 8, 82155, 82155
20, 15740, 8, 82155, 82155
20, 15750, 8, 82155, 82155
20, 15760, 8, 82155, 82155
20, 15770, 8, 82155, 82155
20, 15780, 8, 82155, 82155
20, 15790, 8, 82155, 82155
20, 15800, 8, 82155, 82155
20, 15810, 8, 82155, 82155
20, 15820, 8, 82155, 82155
20, 15830, 8, 82155, 82155
20, 15840, 8, 82155, 82155
20, 15850, 8, 82155, 82155
20, 15860, 8, 82155, 82155
20, 15870, 8, 82155, 82155
20, 15880, 8, 82155, 82155
20, 15890, 8, 82155, 82155
20, 15900, 8, 82155, 82155
20, 15910, 8, 82155, 82155
20, 15920, 8, 82155, 82155
20, 15930, 8, 82155, 82155
20, 15940, 8, 82155, 82155
20, 15950, 8, 82067, 82155
20, 15960, 8, 82067, 83238
20, 15970, 8, 82067, 82067
20, 15980, 8, 82067, 82067
20, 15990, 8, 82067, 82067
20, 16000, 8, 82067, 82067
20, 16010, 8, 82067, 82067
20, 16020, 8, 82067, 82067
20, 16030, 8, 82067, 82067
20, 16040, 8, 82067, 82067
20, 16050, 8, 82067, 83687
20, 16060, 8, 81926, 82067
20, 16070, 8, 81926, 81926
20, 16080, 8, 81926, 81926
20, 16090, 8, 81926, 81926
20, 16100, 8, 81926, 81926
20, 16110, 8, 81926, 81926
20, 16120, 8, 81926, 81926
20, 16130, 8, 81771, 81926
20, 16140, 8, 81771, 81771
20, 16150, 8, 81771, 81771
20, 16160, 8, 81771, 81771
20, 16170, 8, 81771, 81771
20, 16180, 8, 81771, 81771
20, 16190, 8, 81771, 81771
20, 16200, 8, 81771, 81771
20, 16210, 8, 81771, 81771
20, 16220, 8, 81771, 81771
20, 16230, 8, 81771, 81771
20, 16240, 8, 81741, 81741
20, 16250, 8, 81741, 81741
20, 16260, 8, 81741, 81741
20, 16270, 8, 81736, 81736
20, 16280, 8, 81736, 81736
20, 16290, 8, 81736, 81736
20, 16300, 8, 81736, 81736
20, 16310, 8, 81736, 81736
20, 16320, 8, 81736, 81736
20, 16330, 8, 81736, 81736
20, 16340, 8, 81736, 81736
20, 16350, 8, 81736, 81736
20, 16360, 8, 81736, 81736
20, 16370, 8, 81736, 83611
20, 16380, 8, 81736, 81736
20, 16390, 8, 81736, 81736
20, 16400, 8, 81736, 81736
20, 16410, 8, 81736, 81736
20, 16420, 8, 81736, 81736
20, 16430, 8, 81736, 81736
20, 16440, 8, 81736, 81736
20, 16450, 8, 81736, 81736
20, 16460, 8, 81736, 81736
20, 16470, 8, 81736, 81736
20, 16480, 8, 81736, 81736
20, 16490, 8, 81736, 81736
20, 16500, 8, 81736, 81736
20, 16510, 8, 81736, 81736
20, 16520, 8, 81695, 81736
20, 16530, 8, 81695, 81695
20, 16540, 8, 81695, 81695
20, 16550, 8, 81695, 81695
20, 16560, 8, 81695, 81695
20, 16570, 8, 81695, 81695
20, 16580, 8, 81695, 81695
20, 16590, 8, 81695, 81695
20, 16600, 8, 81695, 81695
20, 16610, 8, 81695, 81695
20, 16620, 8, 81695, 81695
20, 16630, 8, 81695, 81695
20, 16640, 8, 81695, 81695
20, 16650, 8, 81695, 81695
20, 16660, 8, 81695, 81695
20, 16670, 8, 81695, 81695
20, 16680, 8, 81614, 81614
20, 16690, 8, 81614, 81614
20, 16700, 8, 81614, 81614
20, 16710, 8, 81614, 81614
20, 16720, 8, 81574, 81574
20, 16730, 8, 81574, 81574
20, 16740, 8, 81574, 81574
20, 16750, 8, 81574, 81574
20, 16760, 8, 81374, 81374
20, 16770, 8, 81374, 81374
20, 16780, 8, 81374, 81374
20, 16790, 8, 81374, 81374
20, 16800, 8, 81374, 81374
20, 16810, 8, 81374, 81374
20, 16820, 8, 81374, 81374
20, 16830, 8, 81374, 81374
20, 16840, 8, 81374, 81374
20, 16850, 8, 81316, 81316
20, 16860, 8, 81316, 81316
20, 16870, 8, 81316, 81316
20, 16880, 8, 81316, 81316
20, 16890, 8, 81316, 81316
20, 16900, 8, 81316, 81316
20, 16910, 8, 81316, 81316
20, 16920, 8, 81230, 81230
20, 16930, 8, 81230, 81230
20, 16940, 8, 81230, 81230
20, 16950, 8, 81230, 83350
20, 16960, 8, 81230, 81230
20, 16970, 8, 81230, 81230
20, 16980, 8, 81230, 81230
20, 16990, 8, 81230, 81230
20, 17000, 8, 81230, 81230
20, 17010, 8, 81230, 81230
20, 17020, 8, 81230, 81230
20, 17030, 8, 81027, 81219
20, 17040, 8, 81027, 81027
20, 17050, 8, 81027, 81027
20, 17060, 8, 80977, 81027
20, 17070, 8, 80977, 81211
20, 17080, 8, 80977, 80977
20, 17090, 8, 80977, 80977
20, 17100, 8, 80977, 80977
20, 17110, 8, 80977, 80977
20, 17120, 8, 80977, 80977
20, 17130, 8, 80977, 80977
20, 17140, 8, 80977, 80977
20, 17150, 8, 80977, 80977
20, 17160, 8, 80977, 80977
20, 17170, 8, 80977, 80977
20, 17180, 8, 80977, 80977
20, 17190, 8, 80977, 80977
20, 17200, 8, 80977, 80977
20, 17210, 8, 80977, 80977
20, 17220, 8, 80977, 80977
20, 17230, 8, 80977, 80977
20, 17240, 8, 80977, 80977
20, 17250, 8, 80975, 80977
20, 17260, 8, 80957, 80975
20, 17270, 8, 80957, 82268
20, 17280, 8, 80957, 80957
20, 17290, 8, 80957, 80957
20, 17300, 8, 80957, 80957
20, 17310, 8, 80957, 80957
20, 17320, 8, 80957, 80957
20, 17330, 8, 80951, 80957
20, 17340, 8, 80951, 80951
20, 17350, 8, 80951, 80951
20, 17360, 8, 80951, 82351
20, 17370, 8, 80951, 80951
20, 17380, 8, 80951, 80951
20, 17390, 8, 80951, 80951
20, 17400, 8, 80951, 80951
20, 17410, 8, 80951, 80951
20, 17420, 8, 80951, 80951
20, 17430, 8, 80951, 80951
20, 17440, 8, 80951, 80951
20, 17450, 8, 80951, 80951
20, 17460, 8, 80951, 80951
20, 17470, 8, 80951, 80951
20, 17480, 8, 80951, 80951
20, 17490, 8, 80910, 80910
20, 17500, 8, 80910, 80910
20, 17510, 8, 80770, 80910
20, 17520, 8, 80770, 80770
20, 17530, 8, 80687, 80770
20, 17540, 8, 80492, 80492
20, 17550, 8, 80492, 80492
20, 17560, 8, 80492, 80492
20, 17570, 8, 80492, 80492
20, 17580, 8, 80492, 80492
20, 17590, 8, 80492, 80492
20, 17600, 8, 80492, 80492
20, 17610, 8, 80492, 80492
20, 17620, 8, 80492, 80492
20, 17630, 8, 80492, 80492
20, 17640, 8, 80492, 80492
20, 17650, 8, 80492, 80492
20, 17660, 8, 80492, 80492
20, 17670, 8, 80492, 80492
20, 17680, 8, 80220, 80220
20, 17690, 8, 80220, 80220
20, 17700, 8, 80220, 80220
20, 17710, 8, 80220, 80220
20, 17720, 8, 80220, 80220
20, 17730, 8, 80220, 80220
20, 17740, 8, 80220, 80220
20, 17750, 8, 80220, 80220
20, 17760, 8, 80220, 80220
20, 17770, 8, 80220, 80220
20, 17780, 8, 80220, 80220
20, 17790, 8, 80155, 80155
20, 17800, 8, 80155, 80155
20, 17810, 8, 80155, 80155
20, 17820, 8, 79999, 80155
20, 17830, 8, 79999, 79999
20, 17840, 8, 79999, 79999
20, 17850, 8, 79999, 79999
20, 17860, 8, 79999, 79999
20, 17870, 8, 79999, 79999
20, 17880, 8, 79821, 79999
20, 17890, 8, 79821, 79821
20, 17900, 8, 79821, 79821
20, 17910, 8, 79821, 79821
20, 17920, 8, 79821, 79821
20, 17930, 8, 79814, 79814
20, 17940, 8, 79814, 79814
20, 17950, 8, 79814, 79814
20, 17960, 8, 79814, 79814
20, 17970, 8, 79814, 79814
20, 17980, 8, 79814, 79814
20, 17990, 8, 79814, 79814
20, 18000, 8, 79756, 79756
20, 18010, 8, 79756, 79756
20, 18020, 8, 79435, 79495
20, 18030, 8, 79435, 79435
20, 18040, 8, 79435, 79435
20, 18050, 8, 79435, 79435
20, 18060, 8, 79435, 79435
20, 18070, 8, 79435, 79435
20, 18080, 8, 79435, 79435
20, 18090, 8, 79435, 79435
20, 18100, 8, 79226, 79435
20, 18110, 8, 79226, 79226
20, 18120, 8, 79226, 79226
20, 18130, 8, 79226, 79226
20, 18140, 8, 79226, 79226
20, 18150, 8, 79226, 79226
20, 18160, 8, 79226, 79226
20, 18170, 8, 79226, 79226
20, 18180, 8, 79226, 79226
20, 18190, 8, 78937, 78937
20, 18200, 8, 78937, 78937
20, 18210, 8, 78937, 78937
20, 18220, 8, 78937, 78937
20, 18230, 8, 78937, 78937
20, 18240, 8, 78937, 78937
20, 18250, 8, 78937, 78937
20, 18260, 8, 78937, 78937
20, 18270, 8, 78937, 78937
20, 18280, 8, 78937, 78937
20, 18290, 8, 78937, 78937
20, 18300, 8, 78937, 78937
20, 18310, 8, 78937, 78937
20, 18320, 8, 78937, 78937
20, 18330, 8, 78937, 78937
20, 18340, 8, 78937, 78937
20, 18350, 8, 78937, 78937
20, 18360, 8, 78937, 78937
20, 18370, 8, 78937, 78937
20, 18380, 8, 78937, 78937
20, 18390, 8, 78937, 78937
20, 18400, 8, 78937, 78937
20, 18410, 8, 78937, 78937
20, 18420, 8, 78937, 78937
20, 18430, 8, 78937, 78937
20, 18440, 8, 78937, 78937
20, 18450, 8, 78937, 78937
20, 18460, 8, 78937, 78937
20, 18470, 8, 78937, 78937
20, 18480, 8, 78937, 78937
20, 18490, 8, 78937, 78937
20, 18500, 8, 78937, 78937
20, 18510, 8, 78937, 78937
20, 18520, 8, 78937, 78937
20, 18530, 8, 78937, 78937
20, 18540, 8, 78937, 78937
20, 18550, 8, 78937, 78937
20, 18560, 8, 78937, 78937
20, 18570, 8, 78937, 78937
20, 18580, 8, 78937, 78937
20, 18590, 8, 78937, 78937
20, 18600, 8, 78937, 78937
20, 18610, 8, 78937, 78937
20, 18620, 8, 78937, 78937
20, 18630, 8, 78937, 78937
20, 18640, 8, 78937, 78937
20, 18650, 8, 78937, 78937
20, 18660, 8, 78896, 78896
20, 18670, 8, 78896, 78896
20, 18680, 8, 78896, 78896
20, 18690, 8, 78896, 78896
20, 18700, 8, 78896, 78896
20, 18710, 8, 78896, 78896
20, 18720, 8, 78896, 78896
20, 18730, 8, 78896, 78896
20, 18740, 8, 78896, 78896
20, 18750, 8, 78896, 78896
20, 18760, 8, 78896, 78896
20, 18770, 8, 78896, 78896
20, 18780, 8, 78896, 78896
20, 18790, 8, 78896, 78896
20, 18800, 8, 78896, 78896
20, 18810, 8, 78896, 78896
20, 18820, 8, 78896, 78896
20, 18830, 8, 78896, 78896
20, 18840, 8, 78896, 78896
20, 18850, 8, 78896, 78896
20, 18860, 8, 78896, 78896
20, 18870, 8, 78896, 78896
20, 18880, 8, 78896, 78896
20, 18890, 8, 78896, 78896
20, 18900, 8, 78896, 78896
20, 18910, 8, 78896, 78978
20, 18920, 8, 78896, 78896
20, 18930, 8, 78896, 78896
20, 18940, 8, 78834, 78896
20, 18950, 8, 78834, 78834
20, 18960, 8, 78834, 78834
20, 18970, 8, 78834, 78834
20, 18980, 8, 78834, 78834
20, 18990, 8, 78834, 78834
20, 19000, 8, 78660, 78660
20, 19010, 8, 78660, 78660
20, 19020, 8, 78660, 78660
20, 19030, 8, 78660, 78660
20, 19040, 8, 78660, 78660
20, 19050, 8, 78660, 78660
20, 19060, 8, 78660, 78660
20, 19070, 8, 78660, 78660
20, 19080, 8, 78660, 78660
20, 19090, 8, 78660, 78660
20, 19100, 8, 78660, 78660
20, 19110, 8, 78556, 78556
20, 19120, 8, 78556, 78556
20, 19130, 8, 78556, 78556
20, 19140, 8, 78556, 78556
20, 19150, 8, 78556, 78556
20, 19160, 8, 78556, 78556
20, 19170, 8, 78556, 78556
20, 19180, 8, 78556, 78556
20, 19190, 8, 78556, 78556
20, 19200, 8, 78556, 78556
20, 19210, 8, 78556, 78556
20, 19220, 8, 78556, 78556
20, 19230, 8, 78511, 78511
20, 19240, 8, 78499, 78499
20, 19250, 8, 78499, 78499
20, 19260, 8, 78499, 78499
20, 19270, 8, 78499, 78499
20, 19280, 8, 78499, 78499
20, 19290, 8, 78499, 78499
20, 19300, 8, 78499, 78499
20, 19310, 8, 78499, 78499
20, 19320, 8, 78499, 78499
20, 19330, 8, 78499, 78499
20, 19340, 8, 78499, 78499
20, 19350, 8, 78499, 78499
20, 19360, 8, 78307, 78307
20, 19370, 8, 78266, 78307
20, 19380, 8, 78266, 78266
20, 19390, 8, 78266, 78266
20, 19400, 8, 78266, 78266
20, 19410, 8, 78266, 78266
20, 19420, 8, 78266, 78266
20, 19430, 8, 78147, 78266
20, 19440, 8, 78147, 78147
20, 19450, 8, 78147, 78147
20, 19460, 8, 78147, 78147
20, 19470, 8, 78055, 78055
20, 19480, 8, 78055, 78055
20, 19490, 8, 78055, 78237
20, 19500, 8, 78055, 78055
20, 19510, 8, 78055, 78055
20, 19520, 8, 78055, 78055
20, 19530, 8, 78055, 78055
20, 19540, 8, 77996, 77996
20, 19550, 8, 77996, 77996
20, 19560, 8, 77996, 77996
20, 19570, 8, 77996, 77996
20, 19580, 8, 77996, 79198
20, 19590, 8, 77996, 77996
20, 19600, 8, 77996, 77996
20, 19610, 8, 77996, 77996
20, 19620, 8, 77996, 77996
20, 19630, 8, 77996, 77996
20, 19640, 8, 77996, 77996
20, 19650, 8, 77996, 77996
20, 19660, 8, 77996, 77996
20, 19670, 8, 77996, 77996
20, 19680, 8, 77996, 77996
20, 19690, 8, 77996, 77996
20, 19700, 8, 77996, 77996
20, 19710, 8, 77996, 77996
20, 19720, 8, 77996, 77996
20, 19730, 8, 77996, 77996
20, 19740, 8, 77996, 77996
20, 19750, 8, 77996, 77996
20, 19760, 8, 77996, 77996
20, 19770, 8, 77996, 77996
20, 19780, 8, 77996, 77996
20, 19790, 8, 77996, 77996
20, 19800, 8, 77996, 77996
20, 19810, 8, 77996, 77996
20, 19820, 8, 77996, 77996
20, 19830, 8, 77996, 77996
20, 19840, 8, 77996, 77996
20, 19850, 8, 77996, 77996
20, 19860, 8, 77996, 77996
20, 19870, 8, 77996, 77996
20, 19880, 8, 77996, 77996
20, 19890, 8, 77996, 77996
20, 19900, 8, 77996, 77996
20, 19910, 8, 77996, 77996
20, 19920, 8, 77996, 77996
20, 19930, 8, 77996, 77996
20, 19940, 8, 77996, 77996
20, 19950, 8, 77996, 77996
20, 19960, 8, 77996, 77996
20, 19970, 8, 77996, 77996
20, 19980, 8, 77996, 77996
20, 19990, 8, 77996, 77996
