Population Size, Generation Count, Repetition, Best Fitness, Median Fitness
20, 0, 2, 734955, 767745
20, 10, 2, 710387, 714975
20, 20, 2, 688304, 694879
20, 30, 2, 668101, 675467
20, 40, 2, 654911, 657567
20, 50, 2, 645482, 649113
20, 60, 2, 635511, 637143
20, 70, 2, 623959, 628716
20, 80, 2, 615143, 618770
20, 90, 2, 606693, 610586
20, 100, 2, 598408, 603070
20, 110, 2, 590284, 594673
20, 120, 2, 580774, 584393
20, 130, 2, 575793, 578142
20, 140, 2, 568114, 572224
20, 150, 2, 560391, 562004
20, 160, 2, 551023, 555758
20, 170, 2, 543949, 546038
20, 180, 2, 535702, 539528
20, 190, 2, 531108, 534027
20, 200, 2, 524918, 529535
20, 210, 2, 518431, 520399
20, 220, 2, 512610, 515516
20, 230, 2, 503708, 506144
20, 240, 2, 497656, 501532
20, 250, 2, 485464, 489555
20, 260, 2, 480815, 484991
20, 270, 2, 476523, 478344
20, 280, 2, 471489, 473353
20, 290, 2, 469125, 470695
20, 300, 2, 463557, 467012
20, 310, 2, 455688, 459431
20, 320, 2, 450784, 455740
20, 330, 2, 443702, 446862
20, 340, 2, 438218, 443218
20, 350, 2, 430828, 435600
20, 360, 2, 425974, 430260
20, 370, 2, 424437, 425927
20, 380, 2, 419990, 421245
20, 390, 2, 417694, 420231
20, 400, 2, 414898, 417694
20, 410, 2, 410185, 415220
20, 420, 2, 405412, 409100
20, 430, 2, 403662, 406168
20, 440, 2, 401171, 404224
20, 450, 2, 398667, 401494
20, 460, 2, 394471, 396901
20, 470, 2, 392445, 393056
20, 480, 2, 391542, 392510
20, 490, 2, 387921, 390166
20, 500, 2, 386076, 388332
20, 510, 2, 384596, 387349
20, 520, 2, 381044, 384898
20, 530, 2, 380003, 381925
20, 540, 2, 372918, 377897
20, 550, 2, 371154, 374554
20, 560, 2, 365165, 369496
20, 570, 2, 361679, 363758
20, 580, 2, 358553, 360690
20, 590, 2, 354354, 359210
20, 600, 2, 352783, 357064
20, 610, 2, 350353, 353965
20, 620, 2, 347747, 350500
20, 630, 2, 345639, 346867
20, 640, 2, 344093, 348803
20, 650, 2, 341323, 343605
20, 660, 2, 340204, 341899
20, 670, 2, 336395, 339065
20, 680, 2, 335096, 336395
20, 690, 2, 333795, 335548
20, 700, 2, 331518, 333173
20, 710, 2, 329081, 333676
20, 720, 2, 325644, 329687
20, 730, 2, 324542, 328095
20, 740, 2, 322224, 325840
20, 750, 2, 321863, 323264
20, 760, 2, 320458, 323289
20, 770, 2, 320056, 322090
20, 780, 2, 318054, 319985
20, 790, 2, 316225, 318054
20, 800, 2, 314350, 320386
20, 810, 2, 312463, 313516
20, 820, 2, 310606, 312793
20, 830, 2, 308671, 310195
20, 840, 2, 307951, 309792
20, 850, 2, 306074, 311455
20, 860, 2, 305808, 308768
20, 870, 2, 304516, 307407
20, 880, 2, 303372, 306279
20, 890, 2, 302365, 304282
20, 900, 2, 301010, 302546
20, 910, 2, 298589, 302107
20, 920, 2, 296429, 299660
20, 930, 2, 294222, 296909
20, 940, 2, 292001, 297720
20, 950, 2, 290736, 293927
20, 960, 2, 289614, 292064
20, 970, 2, 289468, 291241
20, 980, 2, 287894, 289300
20, 990, 2, 287200, 289585
20, 1000, 2, 286644, 287692
20, 1010, 2, 286058, 288214
20, 1020, 2, 285529, 288406
20, 1030, 2, 284779, 287531
20, 1040, 2, 282382, 286516
20, 1050, 2, 282324, 284898
20, 1060, 2, 281976, 285195
20, 1070, 2, 280932, 281647
20, 1080, 2, 278319, 282832
20, 1090, 2, 277777, 279177
20, 1100, 2, 275716, 276642
20, 1110, 2, 274591, 277715
20, 1120, 2, 272425, 275341
20, 1130, 2, 270923, 272318
20, 1140, 2, 270889, 271851
20, 1150, 2, 269709, 271815
20, 1160, 2, 269394, 272058
20, 1170, 2, 269151, 272917
20, 1180, 2, 267584, 269521
20, 1190, 2, 266853, 268472
20, 1200, 2, 264942, 268448
20, 1210, 2, 264347, 265262
20, 1220, 2, 263961, 266543
20, 1230, 2, 262116, 264798
20, 1240, 2, 261695, 263580
20, 1250, 2, 261084, 262250
20, 1260, 2, 260604, 264357
20, 1270, 2, 259723, 262112
20, 1280, 2, 259023, 264221
20, 1290, 2, 258490, 260955
20, 1300, 2, 256555, 260966
20, 1310, 2, 255283, 259446
20, 1320, 2, 253181, 255614
20, 1330, 2, 253059, 253059
20, 1340, 2, 252726, 255187
20, 1350, 2, 251048, 252726
20, 1360, 2, 250969, 254666
20, 1370, 2, 250668, 253985
20, 1380, 2, 249739, 253544
20, 1390, 2, 249514, 253346
20, 1400, 2, 247615, 249809
20, 1410, 2, 247099, 247615
20, 1420, 2, 246582, 247049
20, 1430, 2, 246517, 249870
20, 1440, 2, 245785, 248723
20, 1450, 2, 244489, 247303
20, 1460, 2, 244330, 246685
20, 1470, 2, 244122, 246511
20, 1480, 2, 242798, 243734
20, 1490, 2, 242260, 245192
20, 1500, 2, 240819, 245144
20, 1510, 2, 240026, 241768
20, 1520, 2, 239063, 241210
20, 1530, 2, 238230, 240697
20, 1540, 2, 237009, 238230
20, 1550, 2, 236896, 238543
20, 1560, 2, 235644, 236322
20, 1570, 2, 235200, 235904
20, 1580, 2, 234449, 238886
20, 1590, 2, 233788, 235064
20, 1600, 2, 232708, 236130
20, 1610, 2, 232012, 234184
20, 1620, 2, 230896, 232499
20, 1630, 2, 229306, 231990
20, 1640, 2, 229119, 232956
20, 1650, 2, 228736, 233043
20, 1660, 2, 228025, 231219
20, 1670, 2, 225192, 229740
20, 1680, 2, 224961, 229235
20, 1690, 2, 224220, 227243
20, 1700, 2, 224220, 225627
20, 1710, 2, 223608, 226024
20, 1720, 2, 223372, 226061
20, 1730, 2, 221874, 228220
20, 1740, 2, 221604, 223455
20, 1750, 2, 221309, 222154
20, 1760, 2, 221247, 224716
20, 1770, 2, 220767, 221247
20, 1780, 2, 220394, 223509
20, 1790, 2, 219734, 225891
20, 1800, 2, 218899, 220797
20, 1810, 2, 218894, 221949
20, 1820, 2, 218247, 219452
20, 1830, 2, 218197, 221792
20, 1840, 2, 218009, 221967
20, 1850, 2, 215558, 217920
20, 1860, 2, 213635, 218867
20, 1870, 2, 213518, 216109
20, 1880, 2, 212280, 212940
20, 1890, 2, 211248, 214832
20, 1900, 2, 210812, 211168
20, 1910, 2, 209592, 211731
20, 1920, 2, 209328, 210253
20, 1930, 2, 208805, 211114
20, 1940, 2, 207491, 212225
20, 1950, 2, 206342, 207751
20, 1960, 2, 205996, 206812
20, 1970, 2, 205605, 208398
20, 1980, 2, 203698, 206049
20, 1990, 2, 203221, 205380
20, 2000, 2, 203032, 203961
20, 2010, 2, 202596, 204311
20, 2020, 2, 202596, 205061
20, 2030, 2, 202120, 203680
20, 2040, 2, 200872, 201165
20, 2050, 2, 200493, 201314
20, 2060, 2, 200277, 200474
20, 2070, 2, 200032, 202676
20, 2080, 2, 199912, 205877
20, 2090, 2, 199163, 204182
20, 2100, 2, 198355, 199163
20, 2110, 2, 196896, 202026
20, 2120, 2, 196036, 198906
20, 2130, 2, 195764, 197399
20, 2140, 2, 195748, 199041
20, 2150, 2, 195734, 197548
20, 2160, 2, 195357, 196852
20, 2170, 2, 195119, 199404
20, 2180, 2, 195037, 198132
20, 2190, 2, 194328, 197144
20, 2200, 2, 193893, 198240
20, 2210, 2, 193485, 194925
20, 2220, 2, 192787, 196847
20, 2230, 2, 192543, 197359
20, 2240, 2, 192543, 193111
20, 2250, 2, 191411, 192962
20, 2260, 2, 191400, 193161
20, 2270, 2, 191326, 192636
20, 2280, 2, 191326, 195374
20, 2290, 2, 191158, 196182
20, 2300, 2, 190814, 193519
20, 2310, 2, 190037, 190630
20, 2320, 2, 189857, 194431
20, 2330, 2, 189541, 191414
20, 2340, 2, 188630, 191605
20, 2350, 2, 188142, 191809
20, 2360, 2, 187778, 188983
20, 2370, 2, 187578, 190667
20, 2380, 2, 186560, 190255
20, 2390, 2, 186560, 188687
20, 2400, 2, 186359, 186359
20, 2410, 2, 186026, 189361
20, 2420, 2, 185794, 188724
20, 2430, 2, 185511, 187513
20, 2440, 2, 185511, 188123
20, 2450, 2, 184825, 185337
20, 2460, 2, 184029, 186316
20, 2470, 2, 183951, 186727
20, 2480, 2, 183945, 185703
20, 2490, 2, 183742, 186009
20, 2500, 2, 183492, 185376
20, 2510, 2, 182804, 188947
20, 2520, 2, 182746, 184809
20, 2530, 2, 182536, 184736
20, 2540, 2, 182481, 184867
20, 2550, 2, 182481, 184183
20, 2560, 2, 182189, 186773
20, 2570, 2, 182189, 183756
20, 2580, 2, 181858, 184513
20, 2590, 2, 181403, 182641
20, 2600, 2, 181201, 185862
20, 2610, 2, 181167, 184086
20, 2620, 2, 181065, 185716
20, 2630, 2, 181048, 184520
20, 2640, 2, 181048, 184536
20, 2650, 2, 180812, 181048
20, 2660, 2, 180466, 181926
20, 2670, 2, 180316, 180690
20, 2680, 2, 179689, 182319
20, 2690, 2, 178515, 182028
20, 2700, 2, 178311, 180863
20, 2710, 2, 178056, 178311
20, 2720, 2, 177663, 177787
20, 2730, 2, 177564, 178473
20, 2740, 2, 177288, 178650
20, 2750, 2, 176848, 178561
20, 2760, 2, 176611, 178016
20, 2770, 2, 175887, 179226
20, 2780, 2, 174832, 178158
20, 2790, 2, 174644, 177624
20, 2800, 2, 174263, 179023
20, 2810, 2, 173543, 175791
20, 2820, 2, 173543, 174965
20, 2830, 2, 173427, 176851
20, 2840, 2, 173201, 176007
20, 2850, 2, 173201, 176217
20, 2860, 2, 172817, 173869
20, 2870, 2, 172336, 175435
20, 2880, 2, 172127, 175727
20, 2890, 2, 172127, 175642
20, 2900, 2, 171927, 175478
20, 2910, 2, 171869, 173752
20, 2920, 2, 170381, 175202
20, 2930, 2, 170381, 171458
20, 2940, 2, 170254, 171979
20, 2950, 2, 170144, 170612
20, 2960, 2, 169802, 173168
20, 2970, 2, 168935, 169373
20, 2980, 2, 168225, 171363
20, 2990, 2, 167386, 169730
20, 3000, 2, 167126, 168572
20, 3010, 2, 166862, 168331
20, 3020, 2, 166708, 168036
20, 3030, 2, 166292, 168097
20, 3040, 2, 164999, 167914
20, 3050, 2, 164830, 168739
20, 3060, 2, 164433, 166892
20, 3070, 2, 164410, 168578
20, 3080, 2, 164171, 164841
20, 3090, 2, 163379, 165486
20, 3100, 2, 162467, 164109
20, 3110, 2, 162464, 166245
20, 3120, 2, 161765, 164511
20, 3130, 2, 161410, 162779
20, 3140, 2, 161215, 162710
20, 3150, 2, 161194, 163089
20, 3160, 2, 160623, 163535
20, 3170, 2, 160197, 162385
20, 3180, 2, 159613, 163819
20, 3190, 2, 159613, 163661
20, 3200, 2, 159613, 161852
20, 3210, 2, 159427, 164290
20, 3220, 2, 159187, 160983
20, 3230, 2, 158925, 162136
20, 3240, 2, 158612, 161983
20, 3250, 2, 158612, 161849
20, 3260, 2, 158124, 158612
20, 3270, 2, 158124, 159933
20, 3280, 2, 158022, 159480
20, 3290, 2, 157971, 158438
20, 3300, 2, 157498, 158631
20, 3310, 2, 157372, 159959
20, 3320, 2, 157265, 159371
20, 3330, 2, 156264, 160661
20, 3340, 2, 156150, 157654
20, 3350, 2, 155784, 157704
20, 3360, 2, 155168, 160126
20, 3370, 2, 155087, 156752
20, 3380, 2, 154557, 157399
20, 3390, 2, 154409, 158343
20, 3400, 2, 154341, 156126
20, 3410, 2, 154023, 155762
20, 3420, 2, 153394, 154140
20, 3430, 2, 153394, 154648
20, 3440, 2, 153159, 153321
20, 3450, 2, 153110, 156539
20, 3460, 2, 153110, 155481
20, 3470, 2, 153110, 155237
20, 3480, 2, 152379, 155446
20, 3490, 2, 152379, 154380
20, 3500, 2, 152379, 154779
20, 3510, 2, 152379, 156030
20, 3520, 2, 151937, 154127
20, 3530, 2, 151903, 153981
20, 3540, 2, 151801, 155896
20, 3550, 2, 151736, 153763
20, 3560, 2, 151736, 154681
20, 3570, 2, 151672, 154824
20, 3580, 2, 151672, 155560
20, 3590, 2, 151672, 152430
20, 3600, 2, 151672, 155167
20, 3610, 2, 151526, 152871
20, 3620, 2, 151516, 154899
20, 3630, 2, 151417, 153961
20, 3640, 2, 151249, 153992
20, 3650, 2, 149901, 153192
20, 3660, 2, 149746, 152820
20, 3670, 2, 149746, 153446
20, 3680, 2, 147885, 150559
20, 3690, 2, 147762, 151006
20, 3700, 2, 147342, 150398
20, 3710, 2, 147342, 148654
20, 3720, 2, 147175, 149075
20, 3730, 2, 147145, 151471
20, 3740, 2, 146802, 150326
20, 3750, 2, 146686, 148845
20, 3760, 2, 146686, 148726
20, 3770, 2, 146580, 146816
20, 3780, 2, 146344, 146964
20, 3790, 2, 146002, 149483
20, 3800, 2, 145607, 146592
20, 3810, 2, 145266, 148990
20, 3820, 2, 144929, 148698
20, 3830, 2, 144785, 148819
20, 3840, 2, 144578, 148635
20, 3850, 2, 144524, 147030
20, 3860, 2, 144192, 145103
20, 3870, 2, 143802, 146412
20, 3880, 2, 143445, 144784
20, 3890, 2, 143445, 145264
20, 3900, 2, 143263, 146423
20, 3910, 2, 142877, 147883
20, 3920, 2, 142818, 144058
20, 3930, 2, 142818, 144836
20, 3940, 2, 142756, 142756
20, 3950, 2, 142756, 143896
20, 3960, 2, 142467, 142756
20, 3970, 2, 142465, 144545
20, 3980, 2, 142465, 142467
20, 3990, 2, 142465, 143474
20, 4000, 2, 142465, 142932
20, 4010, 2, 142465, 144443
20, 4020, 2, 142465, 153717
20, 4030, 2, 142465, 144121
20, 4040, 2, 142328, 142328
20, 4050, 2, 142292, 143030
20, 4060, 2, 142163, 146350
20, 4070, 2, 141990, 144808
20, 4080, 2, 141954, 144058
20, 4090, 2, 141830, 145589
20, 4100, 2, 141830, 143285
20, 4110, 2, 141830, 146609
20, 4120, 2, 141564, 143465
20, 4130, 2, 141478, 145162
20, 4140, 2, 141167, 142371
20, 4150, 2, 141023, 141707
20, 4160, 2, 141023, 142512
20, 4170, 2, 141023, 141023
20, 4180, 2, 141023, 145021
20, 4190, 2, 141023, 141023
20, 4200, 2, 140747, 143091
20, 4210, 2, 140662, 140747
20, 4220, 2, 140487, 140560
20, 4230, 2, 140431, 140487
20, 4240, 2, 140058, 143077
20, 4250, 2, 140058, 144063
20, 4260, 2, 139773, 143248
20, 4270, 2, 139665, 141810
20, 4280, 2, 139541, 143672
20, 4290, 2, 139541, 141432
20, 4300, 2, 139541, 141413
20, 4310, 2, 139052, 140678
20, 4320, 2, 138536, 141423
20, 4330, 2, 138419, 139647
20, 4340, 2, 138419, 139268
20, 4350, 2, 137955, 139140
20, 4360, 2, 137955, 140333
20, 4370, 2, 137294, 138922
20, 4380, 2, 136577, 137067
20, 4390, 2, 136465, 139595
20, 4400, 2, 136465, 136694
20, 4410, 2, 136397, 137895
20, 4420, 2, 136336, 136336
20, 4430, 2, 136157, 140439
20, 4440, 2, 135588, 138441
20, 4450, 2, 135476, 137669
20, 4460, 2, 135385, 138569
20, 4470, 2, 135058, 135382
20, 4480, 2, 135058, 135318
20, 4490, 2, 134820, 137702
20, 4500, 2, 134282, 136978
20, 4510, 2, 134282, 135784
20, 4520, 2, 134052, 136666
20, 4530, 2, 133855, 136611
20, 4540, 2, 133817, 136073
20, 4550, 2, 133722, 134883
20, 4560, 2, 133722, 135865
20, 4570, 2, 133605, 134592
20, 4580, 2, 133591, 137163
20, 4590, 2, 133591, 136455
20, 4600, 2, 133533, 133591
20, 4610, 2, 133533, 138725
20, 4620, 2, 133493, 134461
20, 4630, 2, 133493, 135118
20, 4640, 2, 133493, 136061
20, 4650, 2, 133485, 134926
20, 4660, 2, 133485, 133485
20, 4670, 2, 133485, 137160
20, 4680, 2, 133474, 133485
20, 4690, 2, 133467, 136443
20, 4700, 2, 133386, 134460
20, 4710, 2, 133386, 136369
20, 4720, 2, 133364, 134397
20, 4730, 2, 132534, 133873
20, 4740, 2, 132534, 132534
20, 4750, 2, 132534, 135355
20, 4760, 2, 132037, 133010
20, 4770, 2, 131985, 133016
20, 4780, 2, 131912, 132484
20, 4790, 2, 131912, 131912
20, 4800, 2, 131912, 134790
20, 4810, 2, 131671, 131890
20, 4820, 2, 131671, 135260
20, 4830, 2, 131671, 133934
20, 4840, 2, 131671, 132401
20, 4850, 2, 131464, 131671
20, 4860, 2, 131165, 132236
20, 4870, 2, 130893, 131892
20, 4880, 2, 130893, 130893
20, 4890, 2, 130793, 131983
20, 4900, 2, 130603, 132747
20, 4910, 2, 130603, 131431
20, 4920, 2, 129856, 129856
20, 4930, 2, 129426, 131285
20, 4940, 2, 129287, 131131
20, 4950, 2, 129271, 131441
20, 4960, 2, 129271, 130826
20, 4970, 2, 129271, 131387
20, 4980, 2, 129271, 129271
20, 4990, 2, 129271, 133334
20, 5000, 2, 129233, 130196
20, 5010, 2, 129041, 132981
20, 5020, 2, 129041, 129041
20, 5030, 2, 128850, 129041
20, 5040, 2, 128850, 131902
20, 5050, 2, 128850, 131557
20, 5060, 2, 128806, 132114
20, 5070, 2, 128806, 130397
20, 5080, 2, 128806, 130755
20, 5090, 2, 128806, 131101
20, 5100, 2, 128806, 130104
20, 5110, 2, 128806, 128806
20, 5120, 2, 128806, 128806
20, 5130, 2, 128776, 132575
20, 5140, 2, 128776, 128776
20, 5150, 2, 128776, 130311
20, 5160, 2, 128701, 132817
20, 5170, 2, 128483, 129150
20, 5180, 2, 128323, 128323
20, 5190, 2, 128323, 128654
20, 5200, 2, 128323, 131482
20, 5210, 2, 128273, 129606
20, 5220, 2, 128217, 130663
20, 5230, 2, 127910, 129541
20, 5240, 2, 127910, 131099
20, 5250, 2, 127910, 127910
20, 5260, 2, 127910, 130102
20, 5270, 2, 127761, 131151
20, 5280, 2, 127570, 129074
20, 5290, 2, 127234, 128400
20, 5300, 2, 127234, 127234
20, 5310, 2, 127234, 127234
20, 5320, 2, 126749, 128146
20, 5330, 2, 126749, 126986
20, 5340, 2, 126749, 126749
20, 5350, 2, 126749, 126749
20, 5360, 2, 126749, 130216
20, 5370, 2, 126018, 127740
20, 5380, 2, 125905, 127018
20, 5390, 2, 125806, 125905
20, 5400, 2, 125806, 128509
20, 5410, 2, 124938, 129325
20, 5420, 2, 124938, 128077
20, 5430, 2, 124655, 124938
20, 5440, 2, 124522, 127538
20, 5450, 2, 124489, 126525
20, 5460, 2, 124372, 125932
20, 5470, 2, 124023, 125646
20, 5480, 2, 124023, 127095
20, 5490, 2, 123785, 127181
20, 5500, 2, 123565, 123785
20, 5510, 2, 123550, 127120
20, 5520, 2, 123534, 123534
20, 5530, 2, 123418, 126211
20, 5540, 2, 123213, 124731
20, 5550, 2, 123087, 124593
20, 5560, 2, 123070, 125664
20, 5570, 2, 123070, 123070
20, 5580, 2, 122841, 124659
20, 5590, 2, 122485, 123779
20, 5600, 2, 122309, 122485
20, 5610, 2, 122241, 124961
20, 5620, 2, 122241, 122241
20, 5630, 2, 122135, 122241
20, 5640, 2, 121955, 122135
20, 5650, 2, 121955, 124889
20, 5660, 2, 121955, 123180
20, 5670, 2, 121645, 126187
20, 5680, 2, 121645, 125170
20, 5690, 2, 121645, 122714
20, 5700, 2, 121645, 122643
20, 5710, 2, 121493, 122971
20, 5720, 2, 121091, 121493
20, 5730, 2, 120981, 121091
20, 5740, 2, 120859, 122979
20, 5750, 2, 120859, 122184
20, 5760, 2, 120859, 123750
20, 5770, 2, 120859, 124964
20, 5780, 2, 120859, 123001
20, 5790, 2, 120859, 123739
20, 5800, 2, 120859, 122640
20, 5810, 2, 120859, 120859
20, 5820, 2, 120859, 122862
20, 5830, 2, 120691, 122865
20, 5840, 2, 120691, 122601
20, 5850, 2, 120691, 121459
20, 5860, 2, 120691, 123515
20, 5870, 2, 120691, 122381
20, 5880, 2, 120676, 121595
20, 5890, 2, 120676, 121276
20, 5900, 2, 120676, 121681
20, 5910, 2, 120676, 124853
20, 5920, 2, 120655, 120676
20, 5930, 2, 120655, 122155
20, 5940, 2, 120655, 122925
20, 5950, 2, 120600, 120655
20, 5960, 2, 120503, 123010
20, 5970, 2, 120464, 122622
20, 5980, 2, 120464, 122677
20, 5990, 2, 120464, 120464
20, 6000, 2, 120323, 122732
20, 6010, 2, 120137, 122091
20, 6020, 2, 120137, 120137
20, 6030, 2, 120137, 125041
20, 6040, 2, 120137, 120182
20, 6050, 2, 119993, 122212
20, 6060, 2, 119495, 123377
20, 6070, 2, 119371, 121341
20, 6080, 2, 119371, 121311
20, 6090, 2, 119154, 119354
20, 6100, 2, 119154, 122668
20, 6110, 2, 119154, 121162
20, 6120, 2, 119154, 119154
20, 6130, 2, 119135, 121571
20, 6140, 2, 119135, 122093
20, 6150, 2, 119135, 121517
20, 6160, 2, 119135, 120894
20, 6170, 2, 119135, 119135
20, 6180, 2, 119135, 120554
20, 6190, 2, 119027, 119135
20, 6200, 2, 119027, 120771
20, 6210, 2, 118827, 119027
20, 6220, 2, 118827, 122812
20, 6230, 2, 118827, 118827
20, 6240, 2, 118793, 119079
20, 6250, 2, 118736, 123551
20, 6260, 2, 118596, 119653
20, 6270, 2, 118596, 118596
20, 6280, 2, 118596, 118596
20, 6290, 2, 118596, 119904
20, 6300, 2, 118421, 121031
20, 6310, 2, 118421, 120828
20, 6320, 2, 118421, 119916
20, 6330, 2, 118421, 119323
20, 6340, 2, 118328, 118421
20, 6350, 2, 118328, 118328
20, 6360, 2, 117997, 118703
20, 6370, 2, 117997, 121814
20, 6380, 2, 117997, 119306
20, 6390, 2, 117997, 119973
20, 6400, 2, 117997, 121485
20, 6410, 2, 117997, 120701
20, 6420, 2, 117997, 120017
20, 6430, 2, 117979, 117979
20, 6440, 2, 117979, 117979
20, 6450, 2, 117979, 121621
20, 6460, 2, 117979, 118725
20, 6470, 2, 117979, 117979
20, 6480, 2, 117979, 122172
20, 6490, 2, 117979, 118447
20, 6500, 2, 117979, 117979
20, 6510, 2, 117827, 120555
20, 6520, 2, 117827, 117827
20, 6530, 2, 117683, 117827
20, 6540, 2, 117518, 119563
20, 6550, 2, 117518, 119940
20, 6560, 2, 117456, 117518
20, 6570, 2, 117430, 117595
20, 6580, 2, 117430, 119395
20, 6590, 2, 117398, 117430
20, 6600, 2, 117283, 117698
20, 6610, 2, 117283, 120860
20, 6620, 2, 117283, 119466
20, 6630, 2, 117283, 119460
20, 6640, 2, 117225, 117283
20, 6650, 2, 117225, 117225
20, 6660, 2, 116977, 118498
20, 6670, 2, 116916, 117845
20, 6680, 2, 116916, 116916
20, 6690, 2, 116797, 118627
20, 6700, 2, 116671, 116797
20, 6710, 2, 116671, 121396
20, 6720, 2, 116351, 116671
20, 6730, 2, 116351, 118171
20, 6740, 2, 116351, 117792
20, 6750, 2, 116351, 118761
20, 6760, 2, 116112, 116351
20, 6770, 2, 116052, 116052
20, 6780, 2, 116052, 118918
20, 6790, 2, 115793, 116052
20, 6800, 2, 115793, 117387
20, 6810, 2, 115629, 117125
20, 6820, 2, 115629, 115629
20, 6830, 2, 115462, 115773
20, 6840, 2, 115462, 115462
20, 6850, 2, 114932, 117719
20, 6860, 2, 114932, 115892
20, 6870, 2, 114460, 117903
20, 6880, 2, 114460, 114460
20, 6890, 2, 114089, 114460
20, 6900, 2, 113948, 115022
20, 6910, 2, 113948, 113948
20, 6920, 2, 113948, 117179
20, 6930, 2, 113948, 113948
20, 6940, 2, 113948, 113948
20, 6950, 2, 113948, 114633
20, 6960, 2, 113413, 113413
20, 6970, 2, 113352, 113352
20, 6980, 2, 113352, 114834
20, 6990, 2, 113352, 113352
20, 7000, 2, 113347, 113352
20, 7010, 2, 113347, 115407
20, 7020, 2, 113284, 113424
20, 7030, 2, 113065, 116266
20, 7040, 2, 113009, 113065
20, 7050, 2, 112991, 112991
20, 7060, 2, 112991, 114596
20, 7070, 2, 112957, 112991
20, 7080, 2, 112942, 112957
20, 7090, 2, 112942, 112942
20, 7100, 2, 112858, 113354
20, 7110, 2, 112647, 114209
20, 7120, 2, 112647, 116021
20, 7130, 2, 112647, 112647
20, 7140, 2, 112647, 113890
20, 7150, 2, 112647, 116531
20, 7160, 2, 112413, 116028
20, 7170, 2, 112363, 114757
20, 7180, 2, 112363, 115663
20, 7190, 2, 112071, 115162
20, 7200, 2, 112071, 112071
20, 7210, 2, 112025, 112204
20, 7220, 2, 112025, 112128
20, 7230, 2, 111545, 111826
20, 7240, 2, 111242, 111272
20, 7250, 2, 111242, 114240
20, 7260, 2, 111155, 112676
20, 7270, 2, 110983, 115027
20, 7280, 2, 110983, 110983
20, 7290, 2, 110983, 114449
20, 7300, 2, 110983, 113177
20, 7310, 2, 110983, 110983
20, 7320, 2, 110981, 110983
20, 7330, 2, 110981, 113202
20, 7340, 2, 110981, 111781
20, 7350, 2, 110981, 111667
20, 7360, 2, 110879, 113924
20, 7370, 2, 110612, 112480
20, 7380, 2, 110612, 111321
20, 7390, 2, 110612, 110612
20, 7400, 2, 110430, 110856
20, 7410, 2, 110430, 110430
20, 7420, 2, 110430, 111369
20, 7430, 2, 110430, 111816
20, 7440, 2, 110429, 112307
20, 7450, 2, 110429, 113951
20, 7460, 2, 110429, 110429
20, 7470, 2, 110072, 111012
20, 7480, 2, 110051, 110072
20, 7490, 2, 110051, 110139
20, 7500, 2, 110004, 110051
20, 7510, 2, 110004, 110004
20, 7520, 2, 110004, 112012
20, 7530, 2, 110004, 112107
20, 7540, 2, 110004, 111802
20, 7550, 2, 110004, 111692
20, 7560, 2, 109751, 109886
20, 7570, 2, 109751, 109751
20, 7580, 2, 109750, 109751
20, 7590, 2, 109750, 113453
20, 7600, 2, 109696, 109750
20, 7610, 2, 109696, 111398
20, 7620, 2, 109696, 110641
20, 7630, 2, 109696, 109696
20, 7640, 2, 109655, 111326
20, 7650, 2, 109655, 111840
20, 7660, 2, 109655, 111682
20, 7670, 2, 109655, 109655
20, 7680, 2, 109489, 109655
20, 7690, 2, 109489, 109489
20, 7700, 2, 109335, 109365
20, 7710, 2, 109335, 110539
20, 7720, 2, 109335, 110256
20, 7730, 2, 109335, 109746
20, 7740, 2, 108884, 110645
20, 7750, 2, 108884, 108884
20, 7760, 2, 108831, 111676
20, 7770, 2, 108831, 110462
20, 7780, 2, 108816, 110384
20, 7790, 2, 108816, 114299
20, 7800, 2, 108816, 110443
20, 7810, 2, 108815, 110816
20, 7820, 2, 108815, 108815
20, 7830, 2, 108815, 108815
20, 7840, 2, 108815, 112130
20, 7850, 2, 108788, 108788
20, 7860, 2, 108731, 108788
20, 7870, 2, 108604, 111135
20, 7880, 2, 108562, 108562
20, 7890, 2, 108562, 108562
20, 7900, 2, 108562, 108562
20, 7910, 2, 108562, 110809
20, 7920, 2, 108562, 110351
20, 7930, 2, 108562, 109049
20, 7940, 2, 108562, 108562
20, 7950, 2, 108251, 108562
20, 7960, 2, 108170, 108251
20, 7970, 2, 108170, 108591
20, 7980, 2, 108170, 108170
20, 7990, 2, 108109, 110519
20, 8000, 2, 108109, 112430
20, 8010, 2, 108109, 108109
20, 8020, 2, 108073, 108109
20, 8030, 2, 107848, 108073
20, 8040, 2, 107848, 107848
20, 8050, 2, 107848, 109048
20, 8060, 2, 107733, 109852
20, 8070, 2, 107581, 109776
20, 8080, 2, 107581, 110876
20, 8090, 2, 107581, 108251
20, 8100, 2, 107581, 109070
20, 8110, 2, 107411, 109480
20, 8120, 2, 107411, 110617
20, 8130, 2, 107411, 108949
20, 8140, 2, 107288, 111281
20, 8150, 2, 107288, 109731
20, 8160, 2, 107004, 107004
20, 8170, 2, 107004, 107004
20, 8180, 2, 107004, 108922
20, 8190, 2, 107004, 107004
20, 8200, 2, 107004, 109562
20, 8210, 2, 107004, 108537
20, 8220, 2, 106993, 109876
20, 8230, 2, 106993, 108061
20, 8240, 2, 106419, 106827
20, 8250, 2, 106360, 106360
20, 8260, 2, 106360, 106360
20, 8270, 2, 106360, 107883
20, 8280, 2, 106360, 107541
20, 8290, 2, 106336, 107735
20, 8300, 2, 106237, 108449
20, 8310, 2, 106237, 106237
20, 8320, 2, 106237, 110850
20, 8330, 2, 106237, 106237
20, 8340, 2, 106237, 108686
20, 8350, 2, 106237, 106237
20, 8360, 2, 106237, 106559
20, 8370, 2, 106237, 108152
20, 8380, 2, 106065, 106065
20, 8390, 2, 105942, 108086
20, 8400, 2, 105807, 107605
20, 8410, 2, 105758, 105807
20, 8420, 2, 105733, 108337
20, 8430, 2, 105705, 105758
20, 8440, 2, 105660, 105705
20, 8450, 2, 105660, 108000
20, 8460, 2, 105660, 108276
20, 8470, 2, 105613, 109097
20, 8480, 2, 105418, 105726
20, 8490, 2, 105418, 105418
20, 8500, 2, 105134, 107055
20, 8510, 2, 105134, 105134
20, 8520, 2, 105134, 106636
20, 8530, 2, 105134, 107790
20, 8540, 2, 105010, 105521
20, 8550, 2, 105010, 107955
20, 8560, 2, 105010, 105010
20, 8570, 2, 105010, 107451
20, 8580, 2, 105010, 105010
20, 8590, 2, 104273, 104331
20, 8600, 2, 104273, 106578
20, 8610, 2, 104273, 105325
20, 8620, 2, 104273, 104933
20, 8630, 2, 104273, 104637
20, 8640, 2, 104239, 104239
20, 8650, 2, 104198, 104239
20, 8660, 2, 104198, 106451
20, 8670, 2, 104115, 106492
20, 8680, 2, 103980, 103980
20, 8690, 2, 103946, 105078
20, 8700, 2, 103946, 103946
20, 8710, 2, 103946, 103946
20, 8720, 2, 103946, 105471
20, 8730, 2, 103783, 106555
20, 8740, 2, 103699, 103700
20, 8750, 2, 103699, 103699
20, 8760, 2, 103699, 104907
20, 8770, 2, 103699, 103699
20, 8780, 2, 103699, 106061
20, 8790, 2, 103699, 103699
20, 8800, 2, 103543, 103555
20, 8810, 2, 103373, 103373
20, 8820, 2, 103373, 103373
20, 8830, 2, 103373, 105855
20, 8840, 2, 103373, 103513
20, 8850, 2, 103373, 105844
20, 8860, 2, 103373, 103413
20, 8870, 2, 103293, 103293
20, 8880, 2, 103293, 104515
20, 8890, 2, 103249, 104260
20, 8900, 2, 103249, 103249
20, 8910, 2, 102942, 103547
20, 8920, 2, 102761, 106550
20, 8930, 2, 102390, 106630
20, 8940, 2, 102390, 103288
20, 8950, 2, 102042, 102390
20, 8960, 2, 101983, 102042
20, 8970, 2, 101983, 101983
20, 8980, 2, 101891, 101891
20, 8990, 2, 101891, 102194
20, 9000, 2, 101891, 102334
20, 9010, 2, 101891, 102228
20, 9020, 2, 101661, 102416
20, 9030, 2, 101661, 101661
20, 9040, 2, 101661, 102043
20, 9050, 2, 101629, 101629
20, 9060, 2, 101629, 102700
20, 9070, 2, 101554, 101629
20, 9080, 2, 101442, 101554
20, 9090, 2, 101442, 101442
20, 9100, 2, 101265, 105257
20, 9110, 2, 100994, 102661
20, 9120, 2, 100994, 100994
20, 9130, 2, 100991, 100994
20, 9140, 2, 100887, 101532
20, 9150, 2, 100887, 100887
20, 9160, 2, 100846, 100846
20, 9170, 2, 100846, 100846
20, 9180, 2, 100741, 101775
20, 9190, 2, 100728, 102127
20, 9200, 2, 100219, 102163
20, 9210, 2, 100219, 100219
20, 9220, 2, 100219, 100219
20, 9230, 2, 100219, 100219
20, 9240, 2, 100219, 101081
20, 9250, 2, 100219, 105043
20, 9260, 2, 100219, 100219
20, 9270, 2, 100219, 100219
20, 9280, 2, 100219, 100219
20, 9290, 2, 100143, 100219
20, 9300, 2, 100143, 101804
20, 9310, 2, 100143, 103351
20, 9320, 2, 100020, 100143
20, 9330, 2, 100020, 100020
20, 9340, 2, 100020, 100020
20, 9350, 2, 99961, 100950
20, 9360, 2, 99961, 99961
20, 9370, 2, 99961, 99961
20, 9380, 2, 99961, 99961
20, 9390, 2, 99961, 103317
20, 9400, 2, 99820, 101433
20, 9410, 2, 99820, 99820
20, 9420, 2, 99464, 99764
20, 9430, 2, 99464, 103108
20, 9440, 2, 99423, 101946
20, 9450, 2, 99423, 101423
20, 9460, 2, 99423, 99423
20, 9470, 2, 99423, 99979
20, 9480, 2, 99423, 101073
20, 9490, 2, 99423, 99423
20, 9500, 2, 99391, 99423
20, 9510, 2, 99391, 101790
20, 9520, 2, 99391, 99894
20, 9530, 2, 99391, 100780
20, 9540, 2, 98927, 102964
20, 9550, 2, 98927, 98927
20, 9560, 2, 98757, 98927
20, 9570, 2, 98202, 101773
20, 9580, 2, 98118, 98521
20, 9590, 2, 98118, 98118
20, 9600, 2, 97978, 98118
20, 9610, 2, 97978, 97978
20, 9620, 2, 97978, 97978
20, 9630, 2, 97978, 97978
20, 9640, 2, 97910, 97910
20, 9650, 2, 97910, 97910
20, 9660, 2, 97910, 97910
20, 9670, 2, 97904, 99399
20, 9680, 2, 97904, 97904
20, 9690, 2, 97904, 102754
20, 9700, 2, 97904, 98519
20, 9710, 2, 97754, 99348
20, 9720, 2, 97754, 97754
20, 9730, 2, 97754, 97754
20, 9740, 2, 97636, 100536
20, 9750, 2, 97594, 97594
20, 9760, 2, 97594, 97594
20, 9770, 2, 97594, 97594
20, 9780, 2, 97486, 99352
20, 9790, 2, 97451, 97486
20, 9800, 2, 97051, 97051
20, 9810, 2, 97051, 97055
20, 9820, 2, 96953, 99012
20, 9830, 2, 96953, 99009
20, 9840, 2, 96897, 96953
20, 9850, 2, 96617, 99542
20, 9860, 2, 96617, 96897
20, 9870, 2, 96617, 99650
20, 9880, 2, 96617, 96617
20, 9890, 2, 96617, 96617
20, 9900, 2, 96525, 96617
20, 9910, 2, 96173, 98231
20, 9920, 2, 96173, 96173
20, 9930, 2, 95946, 95946
20, 9940, 2, 95946, 95946
20, 9950, 2, 95878, 97791
20, 9960, 2, 95878, 97973
20, 9970, 2, 95878, 97832
20, 9980, 2, 95878, 95878
20, 9990, 2, 95867, 95878
20, 10000, 2, 95867, 95867
20, 10010, 2, 95867, 95867
20, 10020, 2, 95867, 95867
20, 10030, 2, 95867, 96919
20, 10040, 2, 95593, 95593
20, 10050, 2, 95497, 95593
20, 10060, 2, 95413, 95413
20, 10070, 2, 95326, 95528
20, 10080, 2, 95326, 95326
20, 10090, 2, 95326, 95987
20, 10100, 2, 95326, 95326
20, 10110, 2, 95322, 95326
20, 10120, 2, 95322, 95322
20, 10130, 2, 95322, 95724
20, 10140, 2, 95322, 96738
20, 10150, 2, 95130, 95130
20, 10160, 2, 95053, 96219
20, 10170, 2, 95035, 95035
20, 10180, 2, 95027, 95035
20, 10190, 2, 95027, 95027
20, 10200, 2, 95027, 95027
20, 10210, 2, 95027, 95027
20, 10220, 2, 95027, 95027
20, 10230, 2, 95015, 95015
20, 10240, 2, 95008, 95008
20, 10250, 2, 94877, 95008
20, 10260, 2, 94708, 95530
20, 10270, 2, 94708, 95185
20, 10280, 2, 94708, 94708
20, 10290, 2, 94708, 96365
20, 10300, 2, 94708, 97375
20, 10310, 2, 94708, 94708
20, 10320, 2, 94708, 96005
20, 10330, 2, 94708, 94708
20, 10340, 2, 94567, 97397
20, 10350, 2, 94567, 94567
20, 10360, 2, 94567, 94567
20, 10370, 2, 94567, 94567
20, 10380, 2, 94365, 97632
20, 10390, 2, 94340, 94340
20, 10400, 2, 94340, 94340
20, 10410, 2, 94340, 96209
20, 10420, 2, 94340, 94340
20, 10430, 2, 94139, 96288
20, 10440, 2, 94139, 94156
20, 10450, 2, 94139, 94139
20, 10460, 2, 94080, 96731
20, 10470, 2, 94080, 96589
20, 10480, 2, 94072, 94072
20, 10490, 2, 94072, 94072
20, 10500, 2, 93957, 93957
20, 10510, 2, 93957, 93957
20, 10520, 2, 93751, 93751
20, 10530, 2, 93751, 94634
20, 10540, 2, 93703, 93762
20, 10550, 2, 93703, 93703
20, 10560, 2, 93703, 95879
20, 10570, 2, 93703, 95438
20, 10580, 2, 93596, 95292
20, 10590, 2, 93596, 93596
20, 10600, 2, 93484, 95391
20, 10610, 2, 93228, 93228
20, 10620, 2, 93228, 93228
20, 10630, 2, 93228, 93228
20, 10640, 2, 93133, 93141
20, 10650, 2, 93133, 95014
20, 10660, 2, 93031, 94262
20, 10670, 2, 93031, 94168
20, 10680, 2, 93031, 93031
20, 10690, 2, 93031, 93845
20, 10700, 2, 93024, 94383
20, 10710, 2, 92986, 95788
20, 10720, 2, 92986, 94035
20, 10730, 2, 92969, 93811
20, 10740, 2, 92969, 92969
20, 10750, 2, 92956, 92956
20, 10760, 2, 92956, 92956
20, 10770, 2, 92956, 94360
20, 10780, 2, 92956, 92956
20, 10790, 2, 92920, 92920
20, 10800, 2, 92920, 93345
20, 10810, 2, 92920, 92920
20, 10820, 2, 92920, 95553
20, 10830, 2, 92524, 92524
20, 10840, 2, 92488, 94596
20, 10850, 2, 92488, 93534
20, 10860, 2, 92488, 92488
20, 10870, 2, 92488, 92488
20, 10880, 2, 92306, 92488
20, 10890, 2, 92306, 92306
20, 10900, 2, 92306, 92306
20, 10910, 2, 92306, 92306
20, 10920, 2, 92306, 93453
20, 10930, 2, 92306, 92306
20, 10940, 2, 92306, 92306
20, 10950, 2, 92306, 92306
20, 10960, 2, 92306, 93293
20, 10970, 2, 92272, 92306
20, 10980, 2, 92272, 92272
20, 10990, 2, 92150, 92150
20, 11000, 2, 92150, 92150
20, 11010, 2, 92150, 92150
20, 11020, 2, 92150, 92347
20, 11030, 2, 92150, 92150
20, 11040, 2, 92150, 92150
20, 11050, 2, 92150, 92150
20, 11060, 2, 92094, 92150
20, 11070, 2, 92094, 92094
20, 11080, 2, 92094, 92094
20, 11090, 2, 92079, 93629
20, 11100, 2, 92079, 92079
20, 11110, 2, 92079, 92079
20, 11120, 2, 92000, 94275
20, 11130, 2, 92000, 92413
20, 11140, 2, 92000, 94038
20, 11150, 2, 92000, 94379
20, 11160, 2, 92000, 92000
20, 11170, 2, 92000, 92000
20, 11180, 2, 92000, 92000
20, 11190, 2, 92000, 92000
20, 11200, 2, 92000, 94320
20, 11210, 2, 92000, 92000
20, 11220, 2, 92000, 92000
20, 11230, 2, 92000, 92000
20, 11240, 2, 92000, 92000
20, 11250, 2, 92000, 92000
20, 11260, 2, 92000, 92000
20, 11270, 2, 92000, 92000
20, 11280, 2, 92000, 92827
20, 11290, 2, 92000, 94198
20, 11300, 2, 92000, 92000
20, 11310, 2, 92000, 93768
20, 11320, 2, 92000, 92000
20, 11330, 2, 92000, 92000
20, 11340, 2, 92000, 93622
20, 11350, 2, 91983, 92000
20, 11360, 2, 91983, 92523
20, 11370, 2, 91983, 91983
20, 11380, 2, 91983, 91983
20, 11390, 2, 91983, 91983
20, 11400, 2, 91983, 91983
20, 11410, 2, 91983, 91983
20, 11420, 2, 91934, 91983
20, 11430, 2, 91934, 91934
20, 11440, 2, 91934, 91934
20, 11450, 2, 91926, 93193
20, 11460, 2, 91926, 93431
20, 11470, 2, 91903, 91926
20, 11480, 2, 91903, 91903
20, 11490, 2, 91903, 91903
20, 11500, 2, 91903, 92610
20, 11510, 2, 91903, 91903
20, 11520, 2, 91885, 93606
20, 11530, 2, 91885, 93016
20, 11540, 2, 91885, 91885
20, 11550, 2, 91885, 91885
20, 11560, 2, 91885, 91885
20, 11570, 2, 91885, 93255
20, 11580, 2, 91885, 91885
20, 11590, 2, 91885, 91885
20, 11600, 2, 91885, 91885
20, 11610, 2, 91885, 92993
20, 11620, 2, 91885, 92215
20, 11630, 2, 91885, 94465
20, 11640, 2, 91827, 91827
20, 11650, 2, 91827, 91827
20, 11660, 2, 91476, 93589
20, 11670, 2, 91476, 94141
20, 11680, 2, 91473, 91473
20, 11690, 2, 91432, 94071
20, 11700, 2, 91432, 91432
20, 11710, 2, 91367, 92150
20, 11720, 2, 91367, 91742
20, 11730, 2, 91367, 93353
20, 11740, 2, 91367, 91367
20, 11750, 2, 91367, 93744
20, 11760, 2, 91367, 91367
20, 11770, 2, 91367, 91367
20, 11780, 2, 91286, 91286
20, 11790, 2, 91286, 91286
20, 11800, 2, 91286, 91286
20, 11810, 2, 91227, 92802
20, 11820, 2, 91227, 91227
20, 11830, 2, 91227, 91227
20, 11840, 2, 91212, 91227
20, 11850, 2, 91200, 91212
20, 11860, 2, 91011, 91011
20, 11870, 2, 91011, 91011
20, 11880, 2, 90939, 91011
20, 11890, 2, 90939, 92521
20, 11900, 2, 90939, 90939
20, 11910, 2, 90939, 90939
20, 11920, 2, 90939, 90939
20, 11930, 2, 90939, 92292
20, 11940, 2, 90939, 90939
20, 11950, 2, 90939, 90939
20, 11960, 2, 90915, 90915
20, 11970, 2, 90915, 90915
20, 11980, 2, 90915, 90915
20, 11990, 2, 90849, 95069
20, 12000, 2, 90754, 90754
20, 12010, 2, 90754, 90754
20, 12020, 2, 90754, 90754
20, 12030, 2, 90731, 90754
20, 12040, 2, 90731, 92683
20, 12050, 2, 90703, 90731
20, 12060, 2, 90703, 90703
20, 12070, 2, 90660, 90660
20, 12080, 2, 90660, 90660
20, 12090, 2, 90660, 90660
20, 12100, 2, 90566, 90566
20, 12110, 2, 90566, 90566
20, 12120, 2, 90566, 90566
20, 12130, 2, 90566, 90566
20, 12140, 2, 90566, 90566
20, 12150, 2, 90566, 90566
20, 12160, 2, 90566, 90566
20, 12170, 2, 90566, 90566
20, 12180, 2, 90566, 90566
20, 12190, 2, 90436, 93308
20, 12200, 2, 90436, 90436
20, 12210, 2, 90436, 93423
20, 12220, 2, 90436, 90436
20, 12230, 2, 90436, 90436
20, 12240, 2, 90436, 90436
20, 12250, 2, 90436, 90436
20, 12260, 2, 90436, 90436
20, 12270, 2, 90436, 90436
20, 12280, 2, 90436, 90436
20, 12290, 2, 90436, 90436
20, 12300, 2, 90312, 90436
20, 12310, 2, 90312, 90312
20, 12320, 2, 90312, 90312
20, 12330, 2, 90312, 90312
20, 12340, 2, 90312, 90312
20, 12350, 2, 90312, 90312
20, 12360, 2, 90312, 90312
20, 12370, 2, 90312, 90312
20, 12380, 2, 89971, 89971
20, 12390, 2, 89875, 89971
20, 12400, 2, 89875, 89875
20, 12410, 2, 89875, 89875
20, 12420, 2, 89705, 89875
20, 12430, 2, 89705, 89705
20, 12440, 2, 89705, 89705
20, 12450, 2, 89605, 89605
20, 12460, 2, 89605, 89605
20, 12470, 2, 89605, 92208
20, 12480, 2, 89605, 90248
20, 12490, 2, 89280, 89605
20, 12500, 2, 89280, 91094
20, 12510, 2, 89280, 89280
20, 12520, 2, 89280, 89280
20, 12530, 2, 89280, 89280
20, 12540, 2, 89280, 89280
20, 12550, 2, 89261, 89261
20, 12560, 2, 89261, 91984
20, 12570, 2, 89261, 92526
20, 12580, 2, 89261, 90758
20, 12590, 2, 89243, 89243
20, 12600, 2, 89243, 92161
20, 12610, 2, 89243, 89243
20, 12620, 2, 89243, 89243
20, 12630, 2, 89243, 89243
20, 12640, 2, 89243, 89243
20, 12650, 2, 89243, 89243
20, 12660, 2, 89243, 89243
20, 12670, 2, 89243, 89243
20, 12680, 2, 89243, 89243
20, 12690, 2, 89243, 89243
20, 12700, 2, 88882, 89043
20, 12710, 2, 88882, 88882
20, 12720, 2, 88882, 89450
20, 12730, 2, 88799, 88882
20, 12740, 2, 88799, 88799
20, 12750, 2, 88799, 88799
20, 12760, 2, 88740, 88799
20, 12770, 2, 88740, 88740
20, 12780, 2, 88740, 88740
20, 12790, 2, 88740, 88740
20, 12800, 2, 88664, 88740
20, 12810, 2, 88664, 88664
20, 12820, 2, 88664, 88664
20, 12830, 2, 88664, 88664
20, 12840, 2, 88664, 90180
20, 12850, 2, 88664, 90396
20, 12860, 2, 88664, 88664
20, 12870, 2, 88620, 92017
20, 12880, 2, 88620, 88620
20, 12890, 2, 88620, 88620
20, 12900, 2, 88620, 92210
20, 12910, 2, 88620, 90041
20, 12920, 2, 88620, 88620
20, 12930, 2, 88620, 88620
20, 12940, 2, 88516, 88620
20, 12950, 2, 88480, 88516
20, 12960, 2, 88356, 88356
20, 12970, 2, 88356, 88356
20, 12980, 2, 88356, 88356
20, 12990, 2, 88356, 91301
20, 13000, 2, 88356, 88356
20, 13010, 2, 88356, 90533
20, 13020, 2, 88356, 88356
20, 13030, 2, 88356, 88356
20, 13040, 2, 88356, 88356
20, 13050, 2, 88356, 90090
20, 13060, 2, 88356, 88356
20, 13070, 2, 88304, 88356
20, 13080, 2, 88124, 88270
20, 13090, 2, 88124, 90918
20, 13100, 2, 88124, 88124
20, 13110, 2, 88124, 88124
20, 13120, 2, 88124, 88124
20, 13130, 2, 87980, 87980
20, 13140, 2, 87980, 87980
20, 13150, 2, 87980, 90279
20, 13160, 2, 87980, 87980
20, 13170, 2, 87980, 87980
20, 13180, 2, 87980, 87980
20, 13190, 2, 87980, 87980
20, 13200, 2, 87980, 87980
20, 13210, 2, 87793, 87980
20, 13220, 2, 87793, 90339
20, 13230, 2, 87793, 87793
20, 13240, 2, 87793, 87793
20, 13250, 2, 87793, 87793
20, 13260, 2, 87793, 87793
20, 13270, 2, 87793, 87793
20, 13280, 2, 87793, 87793
20, 13290, 2, 87793, 87793
20, 13300, 2, 87789, 87789
20, 13310, 2, 87789, 87789
20, 13320, 2, 87789, 87789
20, 13330, 2, 87789, 87789
20, 13340, 2, 87666, 87789
20, 13350, 2, 87666, 87666
20, 13360, 2, 87666, 87666
20, 13370, 2, 87601, 87601
20, 13380, 2, 87601, 87601
20, 13390, 2, 87601, 87601
20, 13400, 2, 87601, 87601
20, 13410, 2, 87601, 87601
20, 13420, 2, 87601, 87601
20, 13430, 2, 87601, 87601
20, 13440, 2, 87598, 87601
20, 13450, 2, 87598, 88227
20, 13460, 2, 87598, 87598
20, 13470, 2, 87598, 88093
20, 13480, 2, 87598, 87598
20, 13490, 2, 87598, 87598
20, 13500, 2, 87598, 87598
20, 13510, 2, 87598, 88895
20, 13520, 2, 87598, 90514
20, 13530, 2, 87598, 87598
20, 13540, 2, 87598, 87598
20, 13550, 2, 87598, 87598
20, 13560, 2, 87598, 87598
20, 13570, 2, 87485, 87485
20, 13580, 2, 87485, 87485
20, 13590, 2, 87485, 87485
20, 13600, 2, 87485, 87485
20, 13610, 2, 87446, 87446
20, 13620, 2, 87434, 87434
20, 13630, 2, 87293, 87334
20, 13640, 2, 87293, 87293
20, 13650, 2, 87289, 87289
20, 13660, 2, 87289, 87289
20, 13670, 2, 87289, 87289
20, 13680, 2, 87289, 87485
20, 13690, 2, 87289, 87289
20, 13700, 2, 87289, 87289
20, 13710, 2, 87248, 87289
20, 13720, 2, 87248, 87248
20, 13730, 2, 87248, 87248
20, 13740, 2, 87248, 87248
20, 13750, 2, 87216, 87248
20, 13760, 2, 87216, 87216
20, 13770, 2, 87198, 87216
20, 13780, 2, 87018, 87628
20, 13790, 2, 87018, 87018
20, 13800, 2, 86637, 87018
20, 13810, 2, 86637, 86637
20, 13820, 2, 86513, 87339
20, 13830, 2, 86513, 86513
20, 13840, 2, 86513, 86513
20, 13850, 2, 86513, 86970
20, 13860, 2, 86513, 86513
20, 13870, 2, 86513, 86513
20, 13880, 2, 86199, 86513
20, 13890, 2, 86199, 86199
20, 13900, 2, 86199, 86389
20, 13910, 2, 86199, 86199
20, 13920, 2, 86199, 86199
20, 13930, 2, 86199, 86199
20, 13940, 2, 86199, 86311
20, 13950, 2, 85983, 86199
20, 13960, 2, 85983, 85983
20, 13970, 2, 85836, 85836
20, 13980, 2, 85819, 85819
20, 13990, 2, 85819, 88273
20, 14000, 2, 85819, 85819
20, 14010, 2, 85819, 85819
20, 14020, 2, 85819, 85819
20, 14030, 2, 85819, 85819
20, 14040, 2, 85819, 85819
20, 14050, 2, 85819, 85819
20, 14060, 2, 85819, 85819
20, 14070, 2, 85819, 85819
20, 14080, 2, 85819, 85819
20, 14090, 2, 85819, 85819
20, 14100, 2, 85819, 85819
20, 14110, 2, 85819, 85819
20, 14120, 2, 85819, 85819
20, 14130, 2, 85819, 85819
20, 14140, 2, 85819, 85819
20, 14150, 2, 85819, 85819
20, 14160, 2, 85801, 85801
20, 14170, 2, 85801, 85801
20, 14180, 2, 85801, 85801
20, 14190, 2, 85801, 85801
20, 14200, 2, 85801, 85801
20, 14210, 2, 85801, 85801
20, 14220, 2, 85801, 85801
20, 14230, 2, 85801, 85801
20, 14240, 2, 85801, 85801
20, 14250, 2, 85801, 86398
20, 14260, 2, 85801, 85801
20, 14270, 2, 85801, 85801
20, 14280, 2, 85801, 85801
20, 14290, 2, 85658, 85801
20, 14300, 2, 85658, 87507
20, 14310, 2, 85658, 85658
20, 14320, 2, 85658, 85658
20, 14330, 2, 85658, 85658
20, 14340, 2, 85658, 85658
20, 14350, 2, 85658, 85658
20, 14360, 2, 85658, 85658
20, 14370, 2, 85568, 85658
20, 14380, 2, 85568, 85568
20, 14390, 2, 85568, 85568
20, 14400, 2, 85568, 85568
20, 14410, 2, 85568, 85568
20, 14420, 2, 85269, 85568
20, 14430, 2, 85083, 85269
20, 14440, 2, 85083, 85083
20, 14450, 2, 85083, 85083
20, 14460, 2, 85083, 85083
20, 14470, 2, 85083, 85083
20, 14480, 2, 85083, 85083
20, 14490, 2, 85083, 86762
20, 14500, 2, 85083, 85083
20, 14510, 2, 85083, 86726
20, 14520, 2, 85083, 86833
20, 14530, 2, 85083, 85083
20, 14540, 2, 85083, 85083
20, 14550, 2, 85083, 85083
20, 14560, 2, 85083, 85083
20, 14570, 2, 84910, 84910
20, 14580, 2, 84910, 84910
20, 14590, 2, 84910, 84910
20, 14600, 2, 84910, 84910
20, 14610, 2, 84910, 84910
20, 14620, 2, 84910, 84910
20, 14630, 2, 84910, 87963
20, 14640, 2, 84910, 84910
20, 14650, 2, 84752, 84752
20, 14660, 2, 84752, 84752
20, 14670, 2, 84752, 84752
20, 14680, 2, 84752, 84752
20, 14690, 2, 84589, 84752
20, 14700, 2, 84492, 84492
20, 14710, 2, 84492, 84492
20, 14720, 2, 84492, 84492
20, 14730, 2, 84492, 84492
20, 14740, 2, 84492, 84492
20, 14750, 2, 84492, 84492
20, 14760, 2, 84492, 84492
20, 14770, 2, 84492, 84492
20, 14780, 2, 84492, 86458
20, 14790, 2, 84492, 84492
20, 14800, 2, 84492, 84492
20, 14810, 2, 84492, 84492
20, 14820, 2, 84492, 84492
20, 14830, 2, 84492, 84492
20, 14840, 2, 84492, 87607
20, 14850, 2, 84492, 84492
20, 14860, 2, 84492, 84492
20, 14870, 2, 84492, 84492
20, 14880, 2, 84492, 84492
20, 14890, 2, 84457, 84492
20, 14900, 2, 84457, 84457
20, 14910, 2, 84457, 84457
20, 14920, 2, 84457, 84457
20, 14930, 2, 84457, 84457
20, 14940, 2, 84278, 87387
20, 14950, 2, 84278, 85411
20, 14960, 2, 84278, 84278
20, 14970, 2, 84278, 84278
20, 14980, 2, 84278, 84278
20, 14990, 2, 84278, 84278
20, 15000, 2, 84278, 84278
20, 15010, 2, 84278, 84278
20, 15020, 2, 84278, 84278
20, 15030, 2, 84278, 84278
20, 15040, 2, 84278, 84278
20, 15050, 2, 84278, 84278
20, 15060, 2, 84278, 84278
20, 15070, 2, 84278, 84278
20, 15080, 2, 84278, 84278
20, 15090, 2, 84278, 86265
20, 15100, 2, 84278, 85994
20, 15110, 2, 84278, 84278
20, 15120, 2, 84278, 84278
20, 15130, 2, 84021, 84868
20, 15140, 2, 83815, 84021
20, 15150, 2, 83815, 83815
20, 15160, 2, 83815, 83815
20, 15170, 2, 83815, 83815
20, 15180, 2, 83815, 83815
20, 15190, 2, 83815, 83815
20, 15200, 2, 83815, 83815
20, 15210, 2, 83394, 83394
20, 15220, 2, 83394, 83394
20, 15230, 2, 83394, 83394
20, 15240, 2, 83394, 83394
20, 15250, 2, 83199, 83394
20, 15260, 2, 83199, 86073
20, 15270, 2, 83199, 83199
20, 15280, 2, 83199, 83199
20, 15290, 2, 83191, 85322
20, 15300, 2, 83191, 83191
20, 15310, 2, 83191, 83191
20, 15320, 2, 83191, 83191
20, 15330, 2, 83191, 83191
20, 15340, 2, 83191, 83191
20, 15350, 2, 83114, 83114
20, 15360, 2, 83114, 83114
20, 15370, 2, 83114, 83114
20, 15380, 2, 83114, 83114
20, 15390, 2, 83114, 83114
20, 15400, 2, 83114, 83114
20, 15410, 2, 83107, 83107
20, 15420, 2, 83107, 83107
20, 15430, 2, 83107, 83107
20, 15440, 2, 83107, 83107
20, 15450, 2, 83107, 83107
20, 15460, 2, 83107, 83107
20, 15470, 2, 83107, 83107
20, 15480, 2, 83107, 83107
20, 15490, 2, 83107, 83107
20, 15500, 2, 83107, 83107
20, 15510, 2, 83107, 83107
20, 15520, 2, 83107, 83107
20, 15530, 2, 83107, 83107
20, 15540, 2, 83107, 83107
20, 15550, 2, 83107, 85398
20, 15560, 2, 83107, 83107
20, 15570, 2, 83107, 83107
20, 15580, 2, 83107, 83107
20, 15590, 2, 83107, 83107
20, 15600, 2, 83107, 83107
20, 15610, 2, 83107, 83107
20, 15620, 2, 82953, 82953
20, 15630, 2, 82953, 82953
20, 15640, 2, 82953, 82953
20, 15650, 2, 82953, 82953
20, 15660, 2, 82953, 82953
20, 15670, 2, 82953, 84987
20, 15680, 2, 82953, 82953
20, 15690, 2, 82953, 82953
20, 15700, 2, 82894, 82894
20, 15710, 2, 82894, 82894
20, 15720, 2, 82894, 82894
20, 15730, 2, 82894, 82894
20, 15740, 2, 82894, 82894
20, 15750, 2, 82894, 82894
20, 15760, 2, 82894, 82894
20, 15770, 2, 82894, 85375
20, 15780, 2, 82813, 82894
20, 15790, 2, 82813, 82813
20, 15800, 2, 82515, 82515
20, 15810, 2, 82404, 82515
20, 15820, 2, 82404, 82404
20, 15830, 2, 82404, 82404
20, 15840, 2, 82404, 82404
20, 15850, 2, 82404, 83525
20, 15860, 2, 82404, 82404
20, 15870, 2, 82363, 82363
20, 15880, 2, 82363, 82363
20, 15890, 2, 82307, 84396
20, 15900, 2, 82252, 82307
20, 15910, 2, 82176, 82176
20, 15920, 2, 82176, 82176
20, 15930, 2, 82176, 82176
20, 15940, 2, 82034, 82176
20, 15950, 2, 81911, 81911
20, 15960, 2, 81911, 84240
20, 15970, 2, 81911, 81911
20, 15980, 2, 81911, 81911
20, 15990, 2, 81911, 81911
20, 16000, 2, 81911, 81911
20, 16010, 2, 81911, 81911
20, 16020, 2, 81911, 81911
20, 16030, 2, 81911, 81911
20, 16040, 2, 81911, 81911
20, 16050, 2, 81911, 81911
20, 16060, 2, 81911, 81911
20, 16070, 2, 81911, 81911
20, 16080, 2, 81911, 81911
20, 16090, 2, 81911, 81911
20, 16100, 2, 81911, 81911
20, 16110, 2, 81911, 81911
20, 16120, 2, 81911, 81911
20, 16130, 2, 81911, 81911
20, 16140, 2, 81911, 81911
20, 16150, 2, 81911, 81911
20, 16160, 2, 81911, 81911
20, 16170, 2, 81911, 81911
20, 16180, 2, 81911, 81911
20, 16190, 2, 81911, 81911
20, 16200, 2, 81911, 81911
20, 16210, 2, 81911, 81911
20, 16220, 2, 81911, 82933
20, 16230, 2, 81787, 81787
20, 16240, 2, 81787, 81787
20, 16250, 2, 81787, 81787
20, 16260, 2, 81787, 81787
20, 16270, 2, 81787, 81787
20, 16280, 2, 81787, 85051
20, 16290, 2, 81787, 81787
20, 16300, 2, 81787, 81787
20, 16310, 2, 81787, 81787
20, 16320, 2, 81787, 81787
20, 16330, 2, 81730, 81787
20, 16340, 2, 81730, 81730
20, 16350, 2, 81730, 81730
20, 16360, 2, 81730, 81730
20, 16370, 2, 81730, 81730
20, 16380, 2, 81672, 81672
20, 16390, 2, 81672, 81672
20, 16400, 2, 81672, 81672
20, 16410, 2, 81672, 81672
20, 16420, 2, 81672, 81672
20, 16430, 2, 81672, 81672
20, 16440, 2, 81672, 81672
20, 16450, 2, 81672, 81672
20, 16460, 2, 81672, 81672
20, 16470, 2, 81672, 81672
20, 16480, 2, 81672, 82384
20, 16490, 2, 81672, 81672
20, 16500, 2, 81672, 81672
20, 16510, 2, 81672, 81672
20, 16520, 2, 81408, 81408
20, 16530, 2, 81408, 81408
20, 16540, 2, 81408, 81408
20, 16550, 2, 81208, 81208
20, 16560, 2, 81154, 81208
20, 16570, 2, 81154, 81154
20, 16580, 2, 81154, 81154
20, 16590, 2, 81154, 81154
20, 16600, 2, 81154, 81154
20, 16610, 2, 81154, 81154
20, 16620, 2, 81154, 81154
20, 16630, 2, 81154, 81154
20, 16640, 2, 81154, 81154
20, 16650, 2, 81154, 81154
20, 16660, 2, 81154, 81154
20, 16670, 2, 81154, 81154
20, 16680, 2, 81154, 81154
20, 16690, 2, 81154, 81154
20, 16700, 2, 81154, 81154
20, 16710, 2, 81154, 81154
20, 16720, 2, 81154, 81154
20, 16730, 2, 81154, 81154
20, 16740, 2, 81154, 81154
20, 16750, 2, 81154, 81154
20, 16760, 2, 81154, 81154
20, 16770, 2, 81154, 81154
20, 16780, 2, 81154, 81154
20, 16790, 2, 81154, 81154
20, 16800, 2, 81154, 81154
20, 16810, 2, 81154, 81154
20, 16820, 2, 80896, 81154
20, 16830, 2, 80896, 80896
20, 16840, 2, 80896, 80896
20, 16850, 2, 80896, 80896
20, 16860, 2, 80896, 80896
20, 16870, 2, 80896, 80896
20, 16880, 2, 80896, 80896
20, 16890, 2, 80896, 80896
20, 16900, 2, 80896, 80896
20, 16910, 2, 80896, 80896
20, 16920, 2, 80896, 82550
20, 16930, 2, 80896, 80896
20, 16940, 2, 80896, 80896
20, 16950, 2, 80896, 80896
20, 16960, 2, 80896, 80896
20, 16970, 2, 80896, 80896
20, 16980, 2, 80896, 80896
20, 16990, 2, 80896, 80896
20, 17000, 2, 80734, 80896
20, 17010, 2, 80734, 80734
20, 17020, 2, 80734, 80734
20, 17030, 2, 80734, 80734
20, 17040, 2, 80734, 80734
20, 17050, 2, 80641, 80734
20, 17060, 2, 80641, 80641
20, 17070, 2, 80641, 80641
20, 17080, 2, 80641, 80641
20, 17090, 2, 80641, 80641
20, 17100, 2, 80641, 80641
20, 17110, 2, 80541, 80541
20, 17120, 2, 80541, 80541
20, 17130, 2, 80541, 80541
20, 17140, 2, 80541, 80541
20, 17150, 2, 80541, 80541
20, 17160, 2, 80541, 80541
20, 17170, 2, 80541, 80541
20, 17180, 2, 80541, 80541
20, 17190, 2, 80541, 80541
20, 17200, 2, 80541, 80541
20, 17210, 2, 80508, 80508
20, 17220, 2, 80508, 80508
20, 17230, 2, 80451, 80451
20, 17240, 2, 80451, 80451
20, 17250, 2, 80451, 80451
20, 17260, 2, 80451, 80451
20, 17270, 2, 80451, 80451
20, 17280, 2, 80451, 80451
20, 17290, 2, 80451, 80451
20, 17300, 2, 80451, 80451
20, 17310, 2, 80451, 80451
20, 17320, 2, 80053, 80053
20, 17330, 2, 80053, 80053
20, 17340, 2, 80053, 80053
20, 17350, 2, 80053, 80053
20, 17360, 2, 80053, 80053
20, 17370, 2, 80053, 80053
20, 17380, 2, 80053, 80053
20, 17390, 2, 80053, 80053
20, 17400, 2, 80053, 80053
20, 17410, 2, 80053, 80053
20, 17420, 2, 80053, 80053
20, 17430, 2, 79794, 80053
20, 17440, 2, 79794, 79982
20, 17450, 2, 79794, 79794
20, 17460, 2, 79794, 81506
20, 17470, 2, 79794, 79794
20, 17480, 2, 79700, 81715
20, 17490, 2, 79700, 79700
20, 17500, 2, 79700, 79700
20, 17510, 2, 79700, 79700
20, 17520, 2, 79700, 79700
20, 17530, 2, 79700, 79700
20, 17540, 2, 79700, 79700
20, 17550, 2, 79700, 79700
20, 17560, 2, 79700, 79700
20, 17570, 2, 79659, 79659
20, 17580, 2, 79659, 79659
20, 17590, 2, 79659, 79659
20, 17600, 2, 79659, 79659
20, 17610, 2, 79659, 79659
20, 17620, 2, 79659, 79659
20, 17630, 2, 79659, 79659
20, 17640, 2, 79614, 79659
20, 17650, 2, 79614, 79614
20, 17660, 2, 79614, 79614
20, 17670, 2, 79614, 79614
20, 17680, 2, 79614, 79614
20, 17690, 2, 79614, 79614
20, 17700, 2, 79614, 79614
20, 17710, 2, 79614, 79614
20, 17720, 2, 79614, 79614
20, 17730, 2, 79614, 79614
20, 17740, 2, 79614, 79614
20, 17750, 2, 79614, 79614
20, 17760, 2, 79614, 79614
20, 17770, 2, 79488, 79614
20, 17780, 2, 79488, 79488
20, 17790, 2, 79488, 79488
20, 17800, 2, 79488, 79488
20, 17810, 2, 79488, 79488
20, 17820, 2, 79488, 79488
20, 17830, 2, 79488, 79488
20, 17840, 2, 79488, 79488
20, 17850, 2, 79389, 79389
20, 17860, 2, 79389, 81219
20, 17870, 2, 79378, 79378
20, 17880, 2, 79378, 79378
20, 17890, 2, 79378, 79378
20, 17900, 2, 79378, 79378
20, 17910, 2, 79378, 79378
20, 17920, 2, 79378, 79378
20, 17930, 2, 79378, 79378
20, 17940, 2, 79378, 79378
20, 17950, 2, 79378, 79378
20, 17960, 2, 79378, 79378
20, 17970, 2, 79378, 79378
20, 17980, 2, 79378, 79378
20, 17990, 2, 79256, 79256
20, 18000, 2, 79256, 79256
20, 18010, 2, 79256, 79256
20, 18020, 2, 79256, 82260
20, 18030, 2, 79256, 79256
20, 18040, 2, 79256, 79256
20, 18050, 2, 79256, 79256
20, 18060, 2, 79256, 79256
20, 18070, 2, 79256, 79256
20, 18080, 2, 79256, 79256
20, 18090, 2, 79256, 79256
20, 18100, 2, 79256, 79256
20, 18110, 2, 79256, 79256
20, 18120, 2, 79256, 79256
20, 18130, 2, 79256, 79256
20, 18140, 2, 79256, 79256
20, 18150, 2, 79256, 79256
20, 18160, 2, 79256, 79256
20, 18170, 2, 79256, 79256
20, 18180, 2, 79256, 79256
20, 18190, 2, 79256, 79256
20, 18200, 2, 79256, 79256
20, 18210, 2, 79256, 79256
20, 18220, 2, 79252, 79252
20, 18230, 2, 79252, 79252
20, 18240, 2, 79252, 79252
20, 18250, 2, 79252, 79252
20, 18260, 2, 79184, 79252
20, 18270, 2, 79184, 80993
20, 18280, 2, 79184, 79184
20, 18290, 2, 79184, 79184
20, 18300, 2, 79184, 79184
20, 18310, 2, 79173, 79173
20, 18320, 2, 79173, 79173
20, 18330, 2, 79173, 79173
20, 18340, 2, 79146, 79173
20, 18350, 2, 79146, 79146
20, 18360, 2, 79146, 79146
20, 18370, 2, 79146, 79146
20, 18380, 2, 79146, 79146
20, 18390, 2, 79146, 79146
20, 18400, 2, 78992, 79146
20, 18410, 2, 78992, 78992
20, 18420, 2, 78992, 78992
20, 18430, 2, 78992, 78992
20, 18440, 2, 78992, 78992
20, 18450, 2, 78992, 78992
20, 18460, 2, 78992, 78992
20, 18470, 2, 78992, 78992
20, 18480, 2, 78992, 78992
20, 18490, 2, 78933, 78933
20, 18500, 2, 78933, 78933
20, 18510, 2, 78933, 78933
20, 18520, 2, 78933, 78933
20, 18530, 2, 78933, 78933
20, 18540, 2, 78933, 78933
20, 18550, 2, 78933, 78933
20, 18560, 2, 78933, 78933
20, 18570, 2, 78933, 78933
20, 18580, 2, 78933, 78933
20, 18590, 2, 78933, 78933
20, 18600, 2, 78933, 78933
20, 18610, 2, 78933, 78933
20, 18620, 2, 78933, 78933
20, 18630, 2, 78933, 78933
20, 18640, 2, 78933, 78933
20, 18650, 2, 78933, 78933
20, 18660, 2, 78933, 79850
20, 18670, 2, 78933, 78933
20, 18680, 2, 78933, 78933
20, 18690, 2, 78933, 78933
20, 18700, 2, 78933, 78933
20, 18710, 2, 78933, 78933
20, 18720, 2, 78933, 78933
20, 18730, 2, 78733, 78733
20, 18740, 2, 78688, 78688
20, 18750, 2, 78688, 78688
20, 18760, 2, 78688, 78688
20, 18770, 2, 78688, 78688
20, 18780, 2, 78688, 78688
20, 18790, 2, 78688, 78688
20, 18800, 2, 78688, 78688
20, 18810, 2, 78599, 78599
20, 18820, 2, 78599, 78599
20, 18830, 2, 78599, 78599
20, 18840, 2, 78599, 78599
20, 18850, 2, 78323, 78599
20, 18860, 2, 78323, 78323
20, 18870, 2, 78323, 78323
20, 18880, 2, 78323, 78323
20, 18890, 2, 77966, 78323
20, 18900, 2, 77966, 77966
20, 18910, 2, 77966, 77966
20, 18920, 2, 77966, 77966
20, 18930, 2, 77966, 77966
20, 18940, 2, 77966, 77966
20, 18950, 2, 77966, 77966
20, 18960, 2, 77966, 77966
20, 18970, 2, 77783, 77783
20, 18980, 2, 77783, 77783
20, 18990, 2, 77783, 77783
20, 19000, 2, 77783, 78101
20, 19010, 2, 77783, 77783
20, 19020, 2, 77675, 77783
20, 19030, 2, 77675, 77675
20, 19040, 2, 77675, 77675
20, 19050, 2, 77675, 77675
20, 19060, 2, 77675, 77675
20, 19070, 2, 77675, 77675
20, 19080, 2, 77675, 77675
20, 19090, 2, 77608, 78044
20, 19100, 2, 77608, 77608
20, 19110, 2, 77608, 77608
20, 19120, 2, 77608, 77608
20, 19130, 2, 77608, 77608
20, 19140, 2, 77608, 77608
20, 19150, 2, 77608, 77608
20, 19160, 2, 77608, 79563
20, 19170, 2, 77608, 77608
20, 19180, 2, 77608, 77608
20, 19190, 2, 77608, 77608
20, 19200, 2, 77608, 77608
20, 19210, 2, 77608, 77608
20, 19220, 2, 77608, 77608
20, 19230, 2, 77608, 77608
20, 19240, 2, 77608, 77608
20, 19250, 2, 77608, 77608
20, 19260, 2, 77608, 77608
20, 19270, 2, 77608, 77608
20, 19280, 2, 77608, 77608
20, 19290, 2, 77608, 77608
20, 19300, 2, 77608, 77608
20, 19310, 2, 77608, 77608
20, 19320, 2, 77608, 77608
20, 19330, 2, 77608, 77608
20, 19340, 2, 77585, 77585
20, 19350, 2, 77585, 77585
20, 19360, 2, 77585, 77585
20, 19370, 2, 77585, 77585
20, 19380, 2, 77585, 77585
20, 19390, 2, 77585, 77585
20, 19400, 2, 77585, 77585
20, 19410, 2, 77585, 77585
20, 19420, 2, 77585, 77585
20, 19430, 2, 77585, 77585
20, 19440, 2, 77468, 77468
20, 19450, 2, 77468, 77468
20, 19460, 2, 77468, 77468
20, 19470, 2, 77468, 77468
20, 19480, 2, 77468, 77468
20, 19490, 2, 77468, 77468
20, 19500, 2, 77468, 77468
20, 19510, 2, 77468, 80300
20, 19520, 2, 77468, 77468
20, 19530, 2, 77468, 77468
20, 19540, 2, 77468, 77468
20, 19550, 2, 77468, 77468
20, 19560, 2, 77468, 77468
20, 19570, 2, 77468, 77468
20, 19580, 2, 77468, 77468
20, 19590, 2, 77468, 77468
20, 19600, 2, 77468, 77468
20, 19610, 2, 77468, 77468
20, 19620, 2, 77468, 77468
20, 19630, 2, 77468, 77468
20, 19640, 2, 77468, 77468
20, 19650, 2, 77468, 77468
20, 19660, 2, 77468, 77468
20, 19670, 2, 77468, 77468
20, 19680, 2, 77468, 77468
20, 19690, 2, 77468, 77468
20, 19700, 2, 77468, 77468
20, 19710, 2, 77468, 77468
20, 19720, 2, 77468, 77468
20, 19730, 2, 77468, 77468
20, 19740, 2, 77468, 77468
20, 19750, 2, 77468, 77468
20, 19760, 2, 77468, 77468
20, 19770, 2, 77468, 77468
20, 19780, 2, 77468, 77468
20, 19790, 2, 77468, 77468
20, 19800, 2, 77468, 77468
20, 19810, 2, 77468, 77468
20, 19820, 2, 77468, 77468
20, 19830, 2, 77468, 77468
20, 19840, 2, 77468, 77468
20, 19850, 2, 77468, 77468
20, 19860, 2, 77468, 77468
20, 19870, 2, 77468, 77468
20, 19880, 2, 77468, 77468
20, 19890, 2, 77468, 77468
20, 19900, 2, 77468, 77468
20, 19910, 2, 77468, 77468
20, 19920, 2, 77468, 77468
20, 19930, 2, 77468, 77468
20, 19940, 2, 77468, 77468
20, 19950, 2, 77468, 77468
20, 19960, 2, 77468, 77468
20, 19970, 2, 77468, 77468
20, 19980, 2, 77468, 77468
20, 19990, 2, 77468, 77468
