Population Size, Generation Count, Repetition, Best Fitness, Median Fitness
50, 0, 10, 739627, 772956
50, 10, 10, 681928, 708032
50, 20, 10, 657273, 667433
50, 30, 10, 642073, 649151
50, 40, 10, 625662, 631330
50, 50, 10, 607787, 614314
50, 60, 10, 589003, 596716
50, 70, 10, 579283, 583790
50, 80, 10, 568018, 573725
50, 90, 10, 554815, 559929
50, 100, 10, 544015, 545950
50, 110, 10, 534200, 538503
50, 120, 10, 524866, 531403
50, 130, 10, 515650, 518490
50, 140, 10, 506851, 512003
50, 150, 10, 497156, 501951
50, 160, 10, 489376, 495846
50, 170, 10, 480804, 485415
50, 180, 10, 475214, 479001
50, 190, 10, 467284, 470702
50, 200, 10, 463204, 467457
50, 210, 10, 460356, 463684
50, 220, 10, 455899, 459284
50, 230, 10, 449104, 453130
50, 240, 10, 445239, 448277
50, 250, 10, 441350, 443407
50, 260, 10, 436149, 440733
50, 270, 10, 426660, 432358
50, 280, 10, 423683, 426716
50, 290, 10, 420227, 422978
50, 300, 10, 413441, 417550
50, 310, 10, 410825, 414017
50, 320, 10, 407277, 410135
50, 330, 10, 402913, 405634
50, 340, 10, 397459, 403302
50, 350, 10, 394248, 397645
50, 360, 10, 390383, 394186
50, 370, 10, 385986, 389461
50, 380, 10, 383798, 385443
50, 390, 10, 379730, 383103
50, 400, 10, 375677, 380036
50, 410, 10, 372118, 376357
50, 420, 10, 369788, 372320
50, 430, 10, 364938, 368549
50, 440, 10, 361230, 364683
50, 450, 10, 358735, 361468
50, 460, 10, 355654, 359764
50, 470, 10, 354549, 357512
50, 480, 10, 350327, 353860
50, 490, 10, 347025, 348555
50, 500, 10, 344812, 347818
50, 510, 10, 343441, 347365
50, 520, 10, 341575, 342799
50, 530, 10, 338848, 341606
50, 540, 10, 337670, 341461
50, 550, 10, 334114, 338856
50, 560, 10, 330936, 335338
50, 570, 10, 328815, 333148
50, 580, 10, 328063, 330944
50, 590, 10, 326067, 329133
50, 600, 10, 323439, 325613
50, 610, 10, 321281, 324336
50, 620, 10, 318384, 321612
50, 630, 10, 314661, 317633
50, 640, 10, 311294, 315723
50, 650, 10, 309270, 312611
50, 660, 10, 308893, 309828
50, 670, 10, 306679, 309014
50, 680, 10, 302774, 306037
50, 690, 10, 300421, 305002
50, 700, 10, 299689, 301562
50, 710, 10, 298483, 302252
50, 720, 10, 296145, 299480
50, 730, 10, 295548, 297855
50, 740, 10, 293655, 295896
50, 750, 10, 293112, 295722
50, 760, 10, 289898, 294447
50, 770, 10, 289219, 292847
50, 780, 10, 285845, 290209
50, 790, 10, 284397, 287601
50, 800, 10, 282673, 285158
50, 810, 10, 280972, 282582
50, 820, 10, 279932, 282778
50, 830, 10, 278852, 280209
50, 840, 10, 277732, 280458
50, 850, 10, 275890, 279409
50, 860, 10, 273510, 277321
50, 870, 10, 273510, 276338
50, 880, 10, 271566, 274857
50, 890, 10, 269060, 272502
50, 900, 10, 267403, 271349
50, 910, 10, 266383, 268374
50, 920, 10, 263772, 266933
50, 930, 10, 261698, 266712
50, 940, 10, 260592, 264157
50, 950, 10, 258754, 261261
50, 960, 10, 257293, 258919
50, 970, 10, 255893, 258647
50, 980, 10, 254076, 255778
50, 990, 10, 253075, 256269
50, 1000, 10, 250710, 254407
50, 1010, 10, 249346, 252754
50, 1020, 10, 248095, 250558
50, 1030, 10, 247481, 249252
50, 1040, 10, 246246, 249361
50, 1050, 10, 245360, 247480
50, 1060, 10, 244223, 247899
50, 1070, 10, 243020, 245744
50, 1080, 10, 242519, 244882
50, 1090, 10, 240791, 243117
50, 1100, 10, 239080, 242887
50, 1110, 10, 238115, 240049
50, 1120, 10, 236540, 239385
50, 1130, 10, 234910, 237896
50, 1140, 10, 233946, 236074
50, 1150, 10, 233227, 234216
50, 1160, 10, 231777, 234311
50, 1170, 10, 231606, 234993
50, 1180, 10, 230266, 232793
50, 1190, 10, 229182, 233895
50, 1200, 10, 229182, 231790
50, 1210, 10, 228256, 231021
50, 1220, 10, 227165, 229705
50, 1230, 10, 226763, 228909
50, 1240, 10, 225174, 228826
50, 1250, 10, 224909, 227392
50, 1260, 10, 223719, 226197
50, 1270, 10, 223550, 225541
50, 1280, 10, 222508, 224063
50, 1290, 10, 221999, 224632
50, 1300, 10, 220777, 222512
50, 1310, 10, 220596, 224550
50, 1320, 10, 219981, 223659
50, 1330, 10, 219300, 221442
50, 1340, 10, 218302, 221810
50, 1350, 10, 217620, 219522
50, 1360, 10, 216935, 218663
50, 1370, 10, 216482, 218427
50, 1380, 10, 216115, 219006
50, 1390, 10, 214097, 216111
50, 1400, 10, 213565, 216111
50, 1410, 10, 212795, 215241
50, 1420, 10, 212078, 214676
50, 1430, 10, 210981, 216203
50, 1440, 10, 210317, 212915
50, 1450, 10, 209920, 211706
50, 1460, 10, 209526, 211470
50, 1470, 10, 208762, 212557
50, 1480, 10, 207426, 208141
50, 1490, 10, 206623, 209482
50, 1500, 10, 206531, 210081
50, 1510, 10, 205350, 208342
50, 1520, 10, 204571, 206368
50, 1530, 10, 203612, 206206
50, 1540, 10, 202702, 204282
50, 1550, 10, 202191, 204354
50, 1560, 10, 201411, 204151
50, 1570, 10, 198695, 202784
50, 1580, 10, 197595, 200524
50, 1590, 10, 196831, 199802
50, 1600, 10, 195930, 198056
50, 1610, 10, 195369, 198250
50, 1620, 10, 194950, 197044
50, 1630, 10, 194746, 197427
50, 1640, 10, 193636, 195931
50, 1650, 10, 192962, 195881
50, 1660, 10, 192299, 195369
50, 1670, 10, 190927, 193453
50, 1680, 10, 190927, 194425
50, 1690, 10, 190270, 192418
50, 1700, 10, 190131, 192178
50, 1710, 10, 189539, 192071
50, 1720, 10, 189374, 192519
50, 1730, 10, 188553, 193231
50, 1740, 10, 187757, 190741
50, 1750, 10, 187257, 189907
50, 1760, 10, 187227, 188938
50, 1770, 10, 186438, 189287
50, 1780, 10, 185885, 189007
50, 1790, 10, 185524, 188769
50, 1800, 10, 185424, 187646
50, 1810, 10, 184081, 186990
50, 1820, 10, 183152, 186428
50, 1830, 10, 181517, 184856
50, 1840, 10, 181173, 182969
50, 1850, 10, 180406, 183292
50, 1860, 10, 179883, 183911
50, 1870, 10, 178499, 180840
50, 1880, 10, 177518, 180702
50, 1890, 10, 177328, 179424
50, 1900, 10, 174875, 180237
50, 1910, 10, 174873, 178384
50, 1920, 10, 174424, 174875
50, 1930, 10, 174009, 177402
50, 1940, 10, 173507, 176990
50, 1950, 10, 173044, 175102
50, 1960, 10, 171982, 174498
50, 1970, 10, 171651, 173390
50, 1980, 10, 171651, 175730
50, 1990, 10, 171044, 173935
50, 2000, 10, 170862, 174263
50, 2010, 10, 170162, 172910
50, 2020, 10, 169760, 173425
50, 2030, 10, 169384, 172197
50, 2040, 10, 169231, 171792
50, 2050, 10, 169034, 172389
50, 2060, 10, 168853, 171417
50, 2070, 10, 168543, 170686
50, 2080, 10, 168291, 171869
50, 2090, 10, 167358, 169425
50, 2100, 10, 166690, 169051
50, 2110, 10, 165937, 168144
50, 2120, 10, 165213, 167774
50, 2130, 10, 165037, 168625
50, 2140, 10, 164646, 166773
50, 2150, 10, 164433, 167891
50, 2160, 10, 163080, 165602
50, 2170, 10, 162932, 163769
50, 2180, 10, 162533, 164052
50, 2190, 10, 162266, 165105
50, 2200, 10, 162027, 164561
50, 2210, 10, 161460, 164172
50, 2220, 10, 160830, 163360
50, 2230, 10, 160785, 163168
50, 2240, 10, 160311, 162837
50, 2250, 10, 160120, 162515
50, 2260, 10, 159899, 160873
50, 2270, 10, 158760, 160148
50, 2280, 10, 158700, 160594
50, 2290, 10, 158532, 160972
50, 2300, 10, 158443, 160115
50, 2310, 10, 158188, 160884
50, 2320, 10, 157863, 162136
50, 2330, 10, 157540, 159730
50, 2340, 10, 157017, 159021
50, 2350, 10, 156622, 160570
50, 2360, 10, 156063, 158765
50, 2370, 10, 155467, 157217
50, 2380, 10, 155445, 157349
50, 2390, 10, 155361, 158685
50, 2400, 10, 155039, 157152
50, 2410, 10, 153942, 156673
50, 2420, 10, 153821, 156108
50, 2430, 10, 153234, 155447
50, 2440, 10, 153234, 155595
50, 2450, 10, 152927, 153234
50, 2460, 10, 152679, 155404
50, 2470, 10, 152034, 154432
50, 2480, 10, 150872, 154506
50, 2490, 10, 150687, 151908
50, 2500, 10, 149848, 152228
50, 2510, 10, 149720, 151896
50, 2520, 10, 148856, 151546
50, 2530, 10, 148559, 152945
50, 2540, 10, 148389, 151026
50, 2550, 10, 147977, 150016
50, 2560, 10, 147766, 152101
50, 2570, 10, 147388, 150774
50, 2580, 10, 146979, 149453
50, 2590, 10, 146501, 149745
50, 2600, 10, 146352, 148287
50, 2610, 10, 146264, 149270
50, 2620, 10, 145493, 146882
50, 2630, 10, 145493, 148667
50, 2640, 10, 145348, 147131
50, 2650, 10, 144838, 146513
50, 2660, 10, 144311, 146118
50, 2670, 10, 144182, 147812
50, 2680, 10, 143187, 145450
50, 2690, 10, 143000, 146391
50, 2700, 10, 142823, 145526
50, 2710, 10, 142237, 144061
50, 2720, 10, 141988, 144893
50, 2730, 10, 141355, 143698
50, 2740, 10, 141040, 142620
50, 2750, 10, 140906, 142061
50, 2760, 10, 140732, 143031
50, 2770, 10, 140685, 143380
50, 2780, 10, 140685, 143559
50, 2790, 10, 140567, 142317
50, 2800, 10, 140267, 143622
50, 2810, 10, 139861, 142354
50, 2820, 10, 138997, 142419
50, 2830, 10, 138546, 138857
50, 2840, 10, 138299, 140448
50, 2850, 10, 138075, 140840
50, 2860, 10, 137654, 139884
50, 2870, 10, 137654, 138366
50, 2880, 10, 137125, 139318
50, 2890, 10, 137072, 137141
50, 2900, 10, 136765, 139086
50, 2910, 10, 136694, 139266
50, 2920, 10, 136694, 139259
50, 2930, 10, 135781, 138003
50, 2940, 10, 135747, 138153
50, 2950, 10, 135284, 138199
50, 2960, 10, 134671, 137985
50, 2970, 10, 134348, 136803
50, 2980, 10, 134005, 136017
50, 2990, 10, 133914, 136055
50, 3000, 10, 133777, 134733
50, 3010, 10, 133333, 135600
50, 3020, 10, 132906, 135628
50, 3030, 10, 132747, 135769
50, 3040, 10, 132652, 135108
50, 3050, 10, 132086, 132384
50, 3060, 10, 131696, 134015
50, 3070, 10, 131533, 133758
50, 3080, 10, 130376, 134078
50, 3090, 10, 130176, 131558
50, 3100, 10, 129667, 131075
50, 3110, 10, 129352, 131016
50, 3120, 10, 129279, 131337
50, 3130, 10, 129279, 129279
50, 3140, 10, 129230, 132238
50, 3150, 10, 129090, 130900
50, 3160, 10, 128701, 129969
50, 3170, 10, 128336, 131493
50, 3180, 10, 128336, 128446
50, 3190, 10, 128067, 130417
50, 3200, 10, 127787, 129921
50, 3210, 10, 127455, 129044
50, 3220, 10, 127455, 130171
50, 3230, 10, 127361, 129255
50, 3240, 10, 127191, 129353
50, 3250, 10, 127191, 128343
50, 3260, 10, 126333, 129539
50, 3270, 10, 125810, 129375
50, 3280, 10, 125600, 126442
50, 3290, 10, 124901, 128139
50, 3300, 10, 124901, 126050
50, 3310, 10, 124171, 130365
50, 3320, 10, 124171, 128538
50, 3330, 10, 124094, 127333
50, 3340, 10, 124047, 127253
50, 3350, 10, 123303, 126011
50, 3360, 10, 123164, 124933
50, 3370, 10, 123024, 126950
50, 3380, 10, 122716, 125335
50, 3390, 10, 122638, 123447
50, 3400, 10, 122553, 125301
50, 3410, 10, 122183, 125864
50, 3420, 10, 122171, 123340
50, 3430, 10, 122032, 124376
50, 3440, 10, 121874, 125612
50, 3450, 10, 121845, 123758
50, 3460, 10, 121723, 123841
50, 3470, 10, 121723, 122898
50, 3480, 10, 121284, 122519
50, 3490, 10, 121280, 123520
50, 3500, 10, 120823, 121280
50, 3510, 10, 120475, 121498
50, 3520, 10, 120391, 122699
50, 3530, 10, 120159, 122359
50, 3540, 10, 120036, 123342
50, 3550, 10, 119330, 122389
50, 3560, 10, 118838, 119904
50, 3570, 10, 118838, 121940
50, 3580, 10, 118726, 119969
50, 3590, 10, 118582, 121349
50, 3600, 10, 118255, 122129
50, 3610, 10, 118132, 119750
50, 3620, 10, 117831, 122366
50, 3630, 10, 117648, 118088
50, 3640, 10, 117648, 122052
50, 3650, 10, 117541, 117648
50, 3660, 10, 116976, 117998
50, 3670, 10, 116915, 119031
50, 3680, 10, 116543, 119463
50, 3690, 10, 116543, 119681
50, 3700, 10, 116466, 118761
50, 3710, 10, 116257, 118203
50, 3720, 10, 116199, 118663
50, 3730, 10, 116199, 119976
50, 3740, 10, 116090, 117997
50, 3750, 10, 116090, 116521
50, 3760, 10, 116090, 118174
50, 3770, 10, 115950, 116908
50, 3780, 10, 115752, 120479
50, 3790, 10, 115728, 116855
50, 3800, 10, 115474, 118125
50, 3810, 10, 115262, 117377
50, 3820, 10, 115262, 116971
50, 3830, 10, 115140, 116723
50, 3840, 10, 115001, 118048
50, 3850, 10, 114950, 117093
50, 3860, 10, 114700, 118284
50, 3870, 10, 114682, 117563
50, 3880, 10, 113981, 116640
50, 3890, 10, 113590, 115149
50, 3900, 10, 113590, 113590
50, 3910, 10, 113369, 113806
50, 3920, 10, 113036, 113820
50, 3930, 10, 112886, 114015
50, 3940, 10, 112652, 114818
50, 3950, 10, 112581, 114148
50, 3960, 10, 112528, 113855
50, 3970, 10, 112526, 113844
50, 3980, 10, 112526, 113971
50, 3990, 10, 112343, 113561
50, 4000, 10, 112260, 114348
50, 4010, 10, 111892, 114270
50, 4020, 10, 111892, 114200
50, 4030, 10, 111800, 111892
50, 4040, 10, 111800, 112430
50, 4050, 10, 111800, 114401
50, 4060, 10, 111566, 111781
50, 4070, 10, 111351, 115590
50, 4080, 10, 111226, 114103
50, 4090, 10, 111072, 112054
50, 4100, 10, 111049, 112201
50, 4110, 10, 110909, 113215
50, 4120, 10, 110909, 112733
50, 4130, 10, 110510, 111250
50, 4140, 10, 110218, 111923
50, 4150, 10, 110155, 112253
50, 4160, 10, 110155, 112281
50, 4170, 10, 109874, 112518
50, 4180, 10, 109706, 111651
50, 4190, 10, 108832, 111611
50, 4200, 10, 108715, 112255
50, 4210, 10, 108263, 111158
50, 4220, 10, 107808, 111803
50, 4230, 10, 107668, 107939
50, 4240, 10, 107668, 108753
50, 4250, 10, 107668, 109284
50, 4260, 10, 107551, 109475
50, 4270, 10, 107276, 109799
50, 4280, 10, 107235, 107981
50, 4290, 10, 106993, 107053
50, 4300, 10, 106993, 107351
50, 4310, 10, 106984, 108760
50, 4320, 10, 106868, 109083
50, 4330, 10, 106868, 109786
50, 4340, 10, 106802, 107128
50, 4350, 10, 106798, 108912
50, 4360, 10, 106798, 108440
50, 4370, 10, 106271, 107366
50, 4380, 10, 106122, 109064
50, 4390, 10, 105968, 107454
50, 4400, 10, 105901, 107996
50, 4410, 10, 105161, 106372
50, 4420, 10, 105095, 107435
50, 4430, 10, 104895, 106775
50, 4440, 10, 104783, 106767
50, 4450, 10, 104619, 108413
50, 4460, 10, 104419, 106089
50, 4470, 10, 104219, 106096
50, 4480, 10, 104219, 106872
50, 4490, 10, 104219, 105545
50, 4500, 10, 104219, 105985
50, 4510, 10, 104177, 105971
50, 4520, 10, 104177, 107285
50, 4530, 10, 104152, 106814
50, 4540, 10, 103842, 104243
50, 4550, 10, 103842, 105727
50, 4560, 10, 103842, 106321
50, 4570, 10, 103799, 106024
50, 4580, 10, 103612, 106962
50, 4590, 10, 103612, 103612
50, 4600, 10, 103474, 106034
50, 4610, 10, 103376, 105351
50, 4620, 10, 103370, 105643
50, 4630, 10, 103161, 103370
50, 4640, 10, 103144, 106160
50, 4650, 10, 103144, 104827
50, 4660, 10, 102563, 106198
50, 4670, 10, 102563, 104785
50, 4680, 10, 102563, 105479
50, 4690, 10, 102563, 103848
50, 4700, 10, 102297, 104214
50, 4710, 10, 101969, 103655
50, 4720, 10, 101737, 101937
50, 4730, 10, 101653, 104860
50, 4740, 10, 101520, 103790
50, 4750, 10, 101520, 102906
50, 4760, 10, 101520, 103731
50, 4770, 10, 101118, 102397
50, 4780, 10, 100861, 101118
50, 4790, 10, 100861, 102320
50, 4800, 10, 100533, 100861
50, 4810, 10, 100283, 102441
50, 4820, 10, 99632, 100283
50, 4830, 10, 99532, 101465
50, 4840, 10, 99532, 102697
50, 4850, 10, 99436, 101985
50, 4860, 10, 99174, 102359
50, 4870, 10, 99174, 100758
50, 4880, 10, 99174, 101505
50, 4890, 10, 99116, 101005
50, 4900, 10, 98969, 100526
50, 4910, 10, 98815, 100971
50, 4920, 10, 98598, 100641
50, 4930, 10, 98535, 99746
50, 4940, 10, 98535, 101052
50, 4950, 10, 98529, 101197
50, 4960, 10, 98347, 101878
50, 4970, 10, 98296, 100043
50, 4980, 10, 98215, 100247
50, 4990, 10, 97972, 100040
50, 5000, 10, 97873, 97972
50, 5010, 10, 97797, 100296
50, 5020, 10, 97663, 97663
50, 5030, 10, 97663, 101270
50, 5040, 10, 97587, 99454
50, 5050, 10, 97587, 99748
50, 5060, 10, 97410, 98187
50, 5070, 10, 97410, 98519
50, 5080, 10, 97410, 101290
50, 5090, 10, 97410, 97522
50, 5100, 10, 97346, 97847
50, 5110, 10, 97228, 98353
50, 5120, 10, 97200, 99039
50, 5130, 10, 97149, 98428
50, 5140, 10, 96933, 97411
50, 5150, 10, 96336, 96904
50, 5160, 10, 96336, 98459
50, 5170, 10, 96336, 98176
50, 5180, 10, 96207, 99015
50, 5190, 10, 96200, 98491
50, 5200, 10, 96200, 99232
50, 5210, 10, 95892, 98294
50, 5220, 10, 95876, 96748
50, 5230, 10, 95874, 98205
50, 5240, 10, 95733, 96338
50, 5250, 10, 95733, 96775
50, 5260, 10, 95525, 98725
50, 5270, 10, 95525, 98544
50, 5280, 10, 95525, 96579
50, 5290, 10, 95525, 97109
50, 5300, 10, 95520, 97662
50, 5310, 10, 95462, 98250
50, 5320, 10, 95320, 96536
50, 5330, 10, 95140, 98609
50, 5340, 10, 94906, 96859
50, 5350, 10, 94862, 96833
50, 5360, 10, 94755, 97641
50, 5370, 10, 94489, 94755
50, 5380, 10, 94489, 96767
50, 5390, 10, 94489, 95380
50, 5400, 10, 94489, 97667
50, 5410, 10, 94489, 95803
50, 5420, 10, 94409, 95576
50, 5430, 10, 94409, 94409
50, 5440, 10, 94409, 94409
50, 5450, 10, 94379, 96149
50, 5460, 10, 94353, 96374
50, 5470, 10, 94353, 95023
50, 5480, 10, 93853, 95813
50, 5490, 10, 93712, 95063
50, 5500, 10, 93712, 94293
50, 5510, 10, 93712, 93712
50, 5520, 10, 93712, 95554
50, 5530, 10, 93712, 95544
50, 5540, 10, 93523, 96168
50, 5550, 10, 93185, 94810
50, 5560, 10, 93098, 94803
50, 5570, 10, 93098, 94745
50, 5580, 10, 93098, 94921
50, 5590, 10, 92920, 95637
50, 5600, 10, 92920, 92920
50, 5610, 10, 92920, 93150
50, 5620, 10, 92772, 93558
50, 5630, 10, 92772, 94685
50, 5640, 10, 92772, 94479
50, 5650, 10, 92565, 95336
50, 5660, 10, 92417, 95157
50, 5670, 10, 92417, 94122
50, 5680, 10, 92334, 92417
50, 5690, 10, 92257, 93045
50, 5700, 10, 92144, 94740
50, 5710, 10, 91804, 92970
50, 5720, 10, 91583, 93474
50, 5730, 10, 91583, 91583
50, 5740, 10, 91484, 93360
50, 5750, 10, 91421, 93907
50, 5760, 10, 91176, 92658
50, 5770, 10, 91176, 92531
50, 5780, 10, 91176, 91318
50, 5790, 10, 91176, 92930
50, 5800, 10, 91107, 92321
50, 5810, 10, 91107, 93714
50, 5820, 10, 91068, 91898
50, 5830, 10, 90565, 91957
50, 5840, 10, 90382, 90565
50, 5850, 10, 90324, 90715
50, 5860, 10, 90324, 91784
50, 5870, 10, 90324, 91151
50, 5880, 10, 90299, 90388
50, 5890, 10, 90235, 91971
50, 5900, 10, 90235, 91704
50, 5910, 10, 90235, 92436
50, 5920, 10, 90235, 90874
50, 5930, 10, 90235, 91342
50, 5940, 10, 90205, 90235
50, 5950, 10, 90130, 90292
50, 5960, 10, 89698, 91462
50, 5970, 10, 89698, 89965
50, 5980, 10, 89632, 91728
50, 5990, 10, 89576, 91824
50, 6000, 10, 89355, 91481
50, 6010, 10, 89270, 89276
50, 6020, 10, 89253, 89270
50, 6030, 10, 89253, 89688
50, 6040, 10, 89253, 89253
50, 6050, 10, 89253, 89253
50, 6060, 10, 89253, 89868
50, 6070, 10, 89253, 90253
50, 6080, 10, 88711, 91388
50, 6090, 10, 88711, 89856
50, 6100, 10, 88695, 90795
50, 6110, 10, 88495, 90010
50, 6120, 10, 88292, 89469
50, 6130, 10, 88192, 89524
50, 6140, 10, 88076, 89622
50, 6150, 10, 88076, 89751
50, 6160, 10, 88076, 90336
50, 6170, 10, 87880, 88076
50, 6180, 10, 87844, 89518
50, 6190, 10, 87724, 89396
50, 6200, 10, 87724, 89287
50, 6210, 10, 87716, 90365
50, 6220, 10, 87716, 90841
50, 6230, 10, 87653, 89264
50, 6240, 10, 87514, 90389
50, 6250, 10, 87514, 88503
50, 6260, 10, 87362, 87920
50, 6270, 10, 87346, 88888
50, 6280, 10, 87260, 89293
50, 6290, 10, 87260, 88679
50, 6300, 10, 87260, 89555
50, 6310, 10, 87260, 88615
50, 6320, 10, 87260, 88146
50, 6330, 10, 87260, 89744
50, 6340, 10, 87098, 89041
50, 6350, 10, 87098, 87098
50, 6360, 10, 86830, 89064
50, 6370, 10, 86830, 88634
50, 6380, 10, 86774, 87890
50, 6390, 10, 86774, 86774
50, 6400, 10, 86774, 89602
50, 6410, 10, 86734, 88704
50, 6420, 10, 86734, 89028
50, 6430, 10, 86734, 88791
50, 6440, 10, 86611, 88855
50, 6450, 10, 86567, 86611
50, 6460, 10, 86436, 87998
50, 6470, 10, 86038, 87608
50, 6480, 10, 86038, 86669
50, 6490, 10, 86005, 87274
50, 6500, 10, 86005, 86555
50, 6510, 10, 86005, 86434
50, 6520, 10, 85974, 86005
50, 6530, 10, 85926, 87311
50, 6540, 10, 85926, 87884
50, 6550, 10, 85726, 85926
50, 6560, 10, 85726, 86108
50, 6570, 10, 85572, 87603
50, 6580, 10, 85469, 86939
50, 6590, 10, 85469, 86922
50, 6600, 10, 85193, 86695
50, 6610, 10, 85193, 86963
50, 6620, 10, 85193, 85291
50, 6630, 10, 85157, 86270
50, 6640, 10, 85100, 86194
50, 6650, 10, 85100, 85618
50, 6660, 10, 84992, 87879
50, 6670, 10, 84934, 85852
50, 6680, 10, 84934, 86544
50, 6690, 10, 84904, 87138
50, 6700, 10, 84881, 86081
50, 6710, 10, 84864, 85293
50, 6720, 10, 84864, 86478
50, 6730, 10, 84856, 86426
50, 6740, 10, 84351, 84722
50, 6750, 10, 84351, 85674
50, 6760, 10, 84351, 86515
50, 6770, 10, 84192, 85772
50, 6780, 10, 84192, 84787
50, 6790, 10, 84136, 85457
50, 6800, 10, 83862, 85489
50, 6810, 10, 83862, 85264
50, 6820, 10, 83802, 86391
50, 6830, 10, 83802, 84202
50, 6840, 10, 83682, 84337
50, 6850, 10, 83442, 85330
50, 6860, 10, 83442, 83841
50, 6870, 10, 83442, 83442
50, 6880, 10, 83442, 83969
50, 6890, 10, 83442, 84543
50, 6900, 10, 83218, 83253
50, 6910, 10, 83069, 84148
50, 6920, 10, 82584, 86502
50, 6930, 10, 82584, 84893
50, 6940, 10, 82584, 82907
50, 6950, 10, 82479, 83917
50, 6960, 10, 82344, 82421
50, 6970, 10, 82236, 83535
50, 6980, 10, 82234, 83344
50, 6990, 10, 82148, 82234
50, 7000, 10, 82148, 83289
50, 7010, 10, 82148, 84979
50, 7020, 10, 82124, 82148
50, 7030, 10, 82051, 83462
50, 7040, 10, 81954, 82589
50, 7050, 10, 81954, 83055
50, 7060, 10, 81954, 81954
50, 7070, 10, 81954, 81954
50, 7080, 10, 81823, 82205
50, 7090, 10, 81823, 82759
50, 7100, 10, 81823, 81823
50, 7110, 10, 81751, 81823
50, 7120, 10, 81751, 82725
50, 7130, 10, 81751, 81751
50, 7140, 10, 81737, 82043
50, 7150, 10, 81479, 83350
50, 7160, 10, 81479, 81479
50, 7170, 10, 81479, 81479
50, 7180, 10, 81434, 83443
50, 7190, 10, 81434, 81434
50, 7200, 10, 81434, 81434
50, 7210, 10, 81268, 81434
50, 7220, 10, 81268, 81585
50, 7230, 10, 81268, 81668
50, 7240, 10, 81192, 82234
50, 7250, 10, 81192, 82653
50, 7260, 10, 81175, 81175
50, 7270, 10, 81149, 83626
50, 7280, 10, 81149, 81958
50, 7290, 10, 81103, 81149
50, 7300, 10, 81103, 84283
50, 7310, 10, 80924, 83798
50, 7320, 10, 80924, 82448
50, 7330, 10, 80924, 81924
50, 7340, 10, 80916, 82167
50, 7350, 10, 80916, 83520
50, 7360, 10, 80916, 80916
50, 7370, 10, 80916, 84171
50, 7380, 10, 80839, 81364
50, 7390, 10, 80839, 82982
50, 7400, 10, 80839, 83718
50, 7410, 10, 80839, 81555
50, 7420, 10, 80839, 81639
50, 7430, 10, 80839, 81901
50, 7440, 10, 80839, 83670
50, 7450, 10, 80839, 80839
50, 7460, 10, 80839, 80839
50, 7470, 10, 80839, 80839
50, 7480, 10, 80780, 82100
50, 7490, 10, 80780, 81821
50, 7500, 10, 80780, 81711
50, 7510, 10, 80688, 81962
50, 7520, 10, 80688, 82011
50, 7530, 10, 80568, 81792
50, 7540, 10, 80464, 81637
50, 7550, 10, 80423, 82087
50, 7560, 10, 80423, 81920
50, 7570, 10, 80281, 80281
50, 7580, 10, 80273, 82186
50, 7590, 10, 80221, 80898
50, 7600, 10, 79874, 82253
50, 7610, 10, 79874, 80874
50, 7620, 10, 79874, 79874
50, 7630, 10, 79784, 81847
50, 7640, 10, 79584, 81864
50, 7650, 10, 79369, 79383
50, 7660, 10, 79369, 80242
50, 7670, 10, 79369, 80781
50, 7680, 10, 79369, 81772
50, 7690, 10, 79369, 80692
50, 7700, 10, 79369, 80330
50, 7710, 10, 79369, 81083
50, 7720, 10, 79369, 79369
50, 7730, 10, 79369, 80060
50, 7740, 10, 79293, 80531
50, 7750, 10, 79293, 81145
50, 7760, 10, 79293, 79293
50, 7770, 10, 78984, 79293
50, 7780, 10, 78984, 80917
50, 7790, 10, 78984, 79220
50, 7800, 10, 78906, 78924
50, 7810, 10, 78906, 80358
50, 7820, 10, 78898, 82064
50, 7830, 10, 78898, 78898
50, 7840, 10, 78771, 80983
50, 7850, 10, 78771, 78771
50, 7860, 10, 78771, 78771
50, 7870, 10, 78771, 78771
50, 7880, 10, 78771, 79788
50, 7890, 10, 78746, 78746
50, 7900, 10, 78654, 79909
50, 7910, 10, 78654, 78853
50, 7920, 10, 78530, 80100
50, 7930, 10, 78316, 78960
50, 7940, 10, 78316, 78316
50, 7950, 10, 78316, 79424
50, 7960, 10, 78316, 80242
50, 7970, 10, 78233, 78399
50, 7980, 10, 78233, 80049
50, 7990, 10, 78233, 81059
50, 8000, 10, 78233, 78233
50, 8010, 10, 78233, 78233
50, 8020, 10, 78084, 80933
50, 8030, 10, 78084, 78708
50, 8040, 10, 78084, 78084
50, 8050, 10, 77986, 79554
50, 8060, 10, 77986, 80180
50, 8070, 10, 77917, 77917
50, 8080, 10, 77899, 77917
50, 8090, 10, 77899, 77899
50, 8100, 10, 77772, 77899
50, 8110, 10, 77772, 77772
50, 8120, 10, 77772, 77772
50, 8130, 10, 77772, 80153
50, 8140, 10, 77772, 79505
50, 8150, 10, 77772, 77772
50, 8160, 10, 77772, 78402
50, 8170, 10, 77605, 77772
50, 8180, 10, 77467, 77663
50, 8190, 10, 77344, 77344
50, 8200, 10, 76944, 77148
50, 8210, 10, 76944, 76944
50, 8220, 10, 76944, 78808
50, 8230, 10, 76944, 78432
50, 8240, 10, 76944, 76944
50, 8250, 10, 76944, 76944
50, 8260, 10, 76944, 79083
50, 8270, 10, 76933, 79674
50, 8280, 10, 76933, 76933
50, 8290, 10, 76933, 76933
50, 8300, 10, 76933, 76933
50, 8310, 10, 76933, 76933
50, 8320, 10, 76933, 76933
50, 8330, 10, 76933, 76933
50, 8340, 10, 76933, 76933
50, 8350, 10, 76933, 76933
50, 8360, 10, 76879, 76933
50, 8370, 10, 76879, 78882
50, 8380, 10, 76879, 78069
50, 8390, 10, 76879, 76879
50, 8400, 10, 76879, 79385
50, 8410, 10, 76879, 76879
50, 8420, 10, 76564, 79055
50, 8430, 10, 76564, 77272
50, 8440, 10, 76564, 77432
50, 8450, 10, 76402, 78025
50, 8460, 10, 76402, 76402
50, 8470, 10, 76402, 76402
50, 8480, 10, 76305, 78076
50, 8490, 10, 76305, 78918
50, 8500, 10, 76305, 76305
50, 8510, 10, 76305, 76305
50, 8520, 10, 76082, 76305
50, 8530, 10, 75929, 78801
50, 8540, 10, 75929, 75929
50, 8550, 10, 75836, 75929
50, 8560, 10, 75794, 75794
50, 8570, 10, 75747, 76322
50, 8580, 10, 75747, 76498
50, 8590, 10, 75689, 79217
50, 8600, 10, 75566, 77223
50, 8610, 10, 75480, 77131
50, 8620, 10, 75480, 79146
50, 8630, 10, 75480, 75480
50, 8640, 10, 75446, 76242
50, 8650, 10, 75446, 75446
50, 8660, 10, 75438, 75446
50, 8670, 10, 75314, 75438
50, 8680, 10, 75314, 75314
50, 8690, 10, 75291, 75314
50, 8700, 10, 75291, 75291
50, 8710, 10, 75215, 75291
50, 8720, 10, 75215, 75215
50, 8730, 10, 75132, 75215
50, 8740, 10, 75132, 76637
50, 8750, 10, 75132, 75132
50, 8760, 10, 75132, 75132
50, 8770, 10, 75132, 77812
50, 8780, 10, 75004, 75463
50, 8790, 10, 75004, 75004
50, 8800, 10, 75004, 75004
50, 8810, 10, 75004, 75004
50, 8820, 10, 75004, 76877
50, 8830, 10, 75004, 75004
50, 8840, 10, 75004, 75004
50, 8850, 10, 75004, 75678
50, 8860, 10, 75004, 76386
50, 8870, 10, 75004, 75446
50, 8880, 10, 75004, 76744
50, 8890, 10, 74881, 75004
50, 8900, 10, 74754, 76659
50, 8910, 10, 74754, 74754
50, 8920, 10, 74754, 74754
50, 8930, 10, 74754, 74754
50, 8940, 10, 74754, 76748
50, 8950, 10, 74754, 75301
50, 8960, 10, 74754, 75654
50, 8970, 10, 74722, 74754
50, 8980, 10, 74714, 74722
50, 8990, 10, 74714, 74871
50, 9000, 10, 74714, 74714
50, 9010, 10, 74714, 74714
50, 9020, 10, 74714, 74714
50, 9030, 10, 74714, 74714
50, 9040, 10, 74714, 75679
50, 9050, 10, 74714, 74714
50, 9060, 10, 74714, 76148
50, 9070, 10, 74714, 74962
50, 9080, 10, 74714, 75068
50, 9090, 10, 74714, 74714
50, 9100, 10, 74714, 74714
50, 9110, 10, 74714, 76302
50, 9120, 10, 74572, 77258
50, 9130, 10, 74291, 74572
50, 9140, 10, 74291, 75037
50, 9150, 10, 74269, 74312
50, 9160, 10, 74269, 75374
50, 9170, 10, 74269, 74502
50, 9180, 10, 74269, 74269
50, 9190, 10, 74080, 75439
50, 9200, 10, 73987, 75752
50, 9210, 10, 73987, 75328
50, 9220, 10, 73987, 75090
50, 9230, 10, 73987, 74817
50, 9240, 10, 73987, 74334
50, 9250, 10, 73987, 73987
50, 9260, 10, 73946, 74399
50, 9270, 10, 73946, 73946
50, 9280, 10, 73869, 73946
50, 9290, 10, 73869, 73869
50, 9300, 10, 73837, 73837
50, 9310, 10, 73637, 73837
50, 9320, 10, 73637, 74512
50, 9330, 10, 73376, 74386
50, 9340, 10, 73376, 73376
50, 9350, 10, 73376, 73376
50, 9360, 10, 73376, 76046
50, 9370, 10, 73376, 73376
50, 9380, 10, 73376, 73376
50, 9390, 10, 73376, 73376
50, 9400, 10, 73376, 73376
50, 9410, 10, 73353, 73376
50, 9420, 10, 73353, 73353
50, 9430, 10, 73353, 74502
50, 9440, 10, 73353, 75407
50, 9450, 10, 73346, 75561
50, 9460, 10, 73346, 73346
50, 9470, 10, 73346, 73481
50, 9480, 10, 73346, 73591
50, 9490, 10, 73346, 73346
50, 9500, 10, 73346, 73346
50, 9510, 10, 73346, 75002
50, 9520, 10, 73346, 73863
50, 9530, 10, 73254, 74974
50, 9540, 10, 73254, 73254
50, 9550, 10, 73254, 76039
50, 9560, 10, 73254, 73254
50, 9570, 10, 73254, 73254
50, 9580, 10, 73254, 73827
50, 9590, 10, 73254, 73254
50, 9600, 10, 73254, 73254
50, 9610, 10, 73146, 75064
50, 9620, 10, 73119, 73122
50, 9630, 10, 73119, 73119
50, 9640, 10, 73119, 73119
50, 9650, 10, 73119, 75988
50, 9660, 10, 73119, 73119
50, 9670, 10, 73119, 73119
50, 9680, 10, 73119, 73119
50, 9690, 10, 73119, 73488
50, 9700, 10, 73119, 73503
50, 9710, 10, 73119, 73119
50, 9720, 10, 73119, 74984
50, 9730, 10, 73078, 73119
50, 9740, 10, 73078, 74096
50, 9750, 10, 73078, 73078
50, 9760, 10, 73078, 76566
50, 9770, 10, 73026, 74195
50, 9780, 10, 72802, 73782
50, 9790, 10, 72802, 72802
50, 9800, 10, 72802, 74413
50, 9810, 10, 72802, 73484
50, 9820, 10, 72792, 72802
50, 9830, 10, 72792, 72792
50, 9840, 10, 72792, 72792
50, 9850, 10, 72792, 72792
50, 9860, 10, 72792, 74015
50, 9870, 10, 72792, 72792
50, 9880, 10, 72792, 72792
50, 9890, 10, 72764, 72764
50, 9900, 10, 72629, 74595
50, 9910, 10, 72603, 72629
50, 9920, 10, 72603, 74264
50, 9930, 10, 72603, 72988
50, 9940, 10, 72603, 73232
50, 9950, 10, 72484, 72603
50, 9960, 10, 72253, 73568
50, 9970, 10, 72253, 72253
50, 9980, 10, 72253, 72253
50, 9990, 10, 72253, 72253
50, 10000, 10, 72212, 75338
50, 10010, 10, 72212, 72212
50, 10020, 10, 72212, 72212
50, 10030, 10, 72212, 72212
50, 10040, 10, 72212, 72212
50, 10050, 10, 72212, 72212
50, 10060, 10, 72212, 74033
50, 10070, 10, 72212, 72212
50, 10080, 10, 72186, 72212
50, 10090, 10, 72186, 72186
50, 10100, 10, 72070, 72186
50, 10110, 10, 72070, 72070
50, 10120, 10, 71962, 72070
50, 10130, 10, 71962, 71962
50, 10140, 10, 71962, 74769
50, 10150, 10, 71962, 72079
50, 10160, 10, 71896, 71962
50, 10170, 10, 71896, 71896
50, 10180, 10, 71896, 71896
50, 10190, 10, 71896, 71896
50, 10200, 10, 71834, 71896
50, 10210, 10, 71834, 71834
50, 10220, 10, 71834, 73947
50, 10230, 10, 71834, 71834
50, 10240, 10, 71834, 71834
50, 10250, 10, 71834, 71834
50, 10260, 10, 71816, 72081
50, 10270, 10, 71533, 71616
50, 10280, 10, 71533, 72429
50, 10290, 10, 71533, 73487
50, 10300, 10, 71533, 71728
50, 10310, 10, 71533, 71533
50, 10320, 10, 71533, 71533
50, 10330, 10, 71533, 71533
50, 10340, 10, 71533, 71533
50, 10350, 10, 71533, 73738
50, 10360, 10, 71533, 71533
50, 10370, 10, 71533, 71533
50, 10380, 10, 71533, 71715
50, 10390, 10, 71533, 71533
50, 10400, 10, 71533, 71533
50, 10410, 10, 71533, 71533
50, 10420, 10, 71533, 71533
50, 10430, 10, 71533, 71533
50, 10440, 10, 71533, 71533
50, 10450, 10, 71426, 72990
50, 10460, 10, 71426, 71426
50, 10470, 10, 71366, 71426
50, 10480, 10, 71366, 71366
50, 10490, 10, 71366, 71366
50, 10500, 10, 71366, 71366
50, 10510, 10, 71366, 72354
50, 10520, 10, 71366, 71366
50, 10530, 10, 71366, 73052
50, 10540, 10, 71340, 71449
50, 10550, 10, 71185, 71340
50, 10560, 10, 71185, 72706
50, 10570, 10, 71185, 73483
50, 10580, 10, 71185, 71749
50, 10590, 10, 71185, 71185
50, 10600, 10, 71185, 71185
50, 10610, 10, 71185, 71185
50, 10620, 10, 71185, 71185
50, 10630, 10, 71185, 72955
50, 10640, 10, 71145, 71185
50, 10650, 10, 71145, 71145
50, 10660, 10, 71145, 71145
50, 10670, 10, 71145, 71145
50, 10680, 10, 71145, 71145
50, 10690, 10, 71145, 71145
50, 10700, 10, 71145, 71145
50, 10710, 10, 71145, 71145
50, 10720, 10, 71145, 71145
50, 10730, 10, 71074, 71145
50, 10740, 10, 71074, 71074
50, 10750, 10, 70888, 71006
50, 10760, 10, 70888, 70888
50, 10770, 10, 70888, 70888
50, 10780, 10, 70888, 70949
50, 10790, 10, 70888, 71978
50, 10800, 10, 70888, 70888
50, 10810, 10, 70747, 73460
50, 10820, 10, 70747, 70747
50, 10830, 10, 70747, 73123
50, 10840, 10, 70747, 70747
50, 10850, 10, 70747, 70805
50, 10860, 10, 70747, 70747
50, 10870, 10, 70703, 73032
50, 10880, 10, 70677, 70703
50, 10890, 10, 70677, 70677
50, 10900, 10, 70677, 70677
50, 10910, 10, 70677, 70677
50, 10920, 10, 70677, 70677
50, 10930, 10, 70677, 71652
50, 10940, 10, 70574, 70677
50, 10950, 10, 70574, 70574
50, 10960, 10, 70574, 70574
50, 10970, 10, 70574, 73231
50, 10980, 10, 70574, 70574
50, 10990, 10, 70574, 70574
50, 11000, 10, 70574, 70574
50, 11010, 10, 70574, 72144
50, 11020, 10, 70539, 70574
50, 11030, 10, 70509, 70939
50, 11040, 10, 70327, 73487
50, 11050, 10, 70327, 71191
50, 11060, 10, 70293, 70326
50, 11070, 10, 70293, 70293
50, 11080, 10, 70093, 70093
50, 11090, 10, 70093, 70580
50, 11100, 10, 70093, 70093
50, 11110, 10, 70093, 70093
50, 11120, 10, 70093, 70093
50, 11130, 10, 70093, 70093
50, 11140, 10, 70093, 70093
50, 11150, 10, 70093, 70093
50, 11160, 10, 69951, 69951
50, 11170, 10, 69903, 69903
50, 11180, 10, 69903, 69903
50, 11190, 10, 69903, 69903
50, 11200, 10, 69903, 69903
50, 11210, 10, 69903, 69903
50, 11220, 10, 69903, 69903
50, 11230, 10, 69903, 73380
50, 11240, 10, 69893, 71474
50, 11250, 10, 69893, 69893
50, 11260, 10, 69893, 69893
50, 11270, 10, 69893, 69893
50, 11280, 10, 69893, 71216
50, 11290, 10, 69893, 69893
50, 11300, 10, 69855, 69893
50, 11310, 10, 69754, 69855
50, 11320, 10, 69754, 69754
50, 11330, 10, 69716, 69754
50, 11340, 10, 69716, 69716
50, 11350, 10, 69669, 69716
50, 11360, 10, 69669, 69669
50, 11370, 10, 69669, 69669
50, 11380, 10, 69669, 69669
50, 11390, 10, 69669, 70016
50, 11400, 10, 69586, 69586
50, 11410, 10, 69586, 69586
50, 11420, 10, 69586, 69586
50, 11430, 10, 69586, 69586
50, 11440, 10, 69586, 71017
50, 11450, 10, 69586, 69586
50, 11460, 10, 69586, 69586
50, 11470, 10, 69503, 69586
50, 11480, 10, 69503, 69503
50, 11490, 10, 69503, 69503
50, 11500, 10, 69503, 69503
50, 11510, 10, 69503, 69503
50, 11520, 10, 69503, 69503
50, 11530, 10, 69503, 69503
50, 11540, 10, 69503, 69503
50, 11550, 10, 69503, 69503
50, 11560, 10, 69423, 69423
50, 11570, 10, 69423, 69423
50, 11580, 10, 69330, 69423
50, 11590, 10, 69330, 69381
50, 11600, 10, 69330, 69330
50, 11610, 10, 69330, 69330
50, 11620, 10, 69330, 69330
50, 11630, 10, 69330, 69330
50, 11640, 10, 69330, 70860
50, 11650, 10, 69330, 69330
50, 11660, 10, 69330, 69330
50, 11670, 10, 69330, 69330
50, 11680, 10, 69003, 69003
50, 11690, 10, 68986, 68986
50, 11700, 10, 68986, 68986
50, 11710, 10, 68686, 68868
50, 11720, 10, 68686, 70838
50, 11730, 10, 68686, 68686
50, 11740, 10, 68686, 68686
50, 11750, 10, 68686, 69367
50, 11760, 10, 68686, 70977
50, 11770, 10, 68686, 70992
50, 11780, 10, 68686, 68686
50, 11790, 10, 68686, 68686
50, 11800, 10, 68686, 68686
50, 11810, 10, 68686, 68686
50, 11820, 10, 68686, 68686
50, 11830, 10, 68686, 68686
50, 11840, 10, 68686, 68686
50, 11850, 10, 68686, 68686
50, 11860, 10, 68686, 68686
50, 11870, 10, 68686, 68686
50, 11880, 10, 68671, 68686
50, 11890, 10, 68608, 68633
50, 11900, 10, 68608, 68608
50, 11910, 10, 68608, 68608
50, 11920, 10, 68608, 68608
50, 11930, 10, 68608, 68608
50, 11940, 10, 68608, 69430
50, 11950, 10, 68608, 68608
50, 11960, 10, 68608, 68608
50, 11970, 10, 68608, 68608
50, 11980, 10, 68608, 69720
50, 11990, 10, 68608, 68608
50, 12000, 10, 68418, 68562
50, 12010, 10, 68418, 68418
50, 12020, 10, 68418, 68418
50, 12030, 10, 68418, 68418
50, 12040, 10, 68418, 68418
50, 12050, 10, 68368, 68418
50, 12060, 10, 68368, 68368
50, 12070, 10, 68368, 68368
50, 12080, 10, 68368, 69495
50, 12090, 10, 68368, 68368
50, 12100, 10, 68368, 68368
50, 12110, 10, 68368, 68368
50, 12120, 10, 68368, 68368
50, 12130, 10, 68344, 68368
50, 12140, 10, 68181, 68847
50, 12150, 10, 68148, 69072
50, 12160, 10, 68024, 68148
50, 12170, 10, 68024, 68024
50, 12180, 10, 68024, 68024
50, 12190, 10, 68024, 69641
50, 12200, 10, 68024, 68024
50, 12210, 10, 68024, 68024
50, 12220, 10, 67859, 67859
50, 12230, 10, 67859, 67859
50, 12240, 10, 67859, 67859
50, 12250, 10, 67659, 67859
50, 12260, 10, 67659, 67659
50, 12270, 10, 67659, 67659
50, 12280, 10, 67659, 67834
50, 12290, 10, 67659, 67659
50, 12300, 10, 67650, 68375
50, 12310, 10, 67650, 67650
50, 12320, 10, 67626, 67650
50, 12330, 10, 67565, 67626
50, 12340, 10, 67565, 67565
50, 12350, 10, 67565, 67565
50, 12360, 10, 67565, 67565
50, 12370, 10, 67565, 67565
50, 12380, 10, 67565, 67565
50, 12390, 10, 67565, 67565
50, 12400, 10, 67565, 67565
50, 12410, 10, 67565, 67565
50, 12420, 10, 67565, 67565
50, 12430, 10, 67559, 67565
50, 12440, 10, 67559, 67559
50, 12450, 10, 67470, 67559
50, 12460, 10, 67470, 67470
50, 12470, 10, 67470, 67470
50, 12480, 10, 67470, 67470
50, 12490, 10, 67470, 67470
50, 12500, 10, 67470, 67470
50, 12510, 10, 67470, 67470
50, 12520, 10, 67470, 67470
50, 12530, 10, 67470, 67470
50, 12540, 10, 67470, 67470
50, 12550, 10, 67470, 67470
50, 12560, 10, 67370, 67470
50, 12570, 10, 67370, 67370
50, 12580, 10, 67370, 67370
50, 12590, 10, 67370, 67370
50, 12600, 10, 67287, 67287
50, 12610, 10, 67287, 67287
50, 12620, 10, 67287, 67287
50, 12630, 10, 67287, 67287
50, 12640, 10, 67287, 67287
50, 12650, 10, 67287, 67287
50, 12660, 10, 67287, 67287
50, 12670, 10, 67287, 67287
50, 12680, 10, 67287, 67287
50, 12690, 10, 67287, 67287
50, 12700, 10, 67287, 67287
50, 12710, 10, 67287, 67287
50, 12720, 10, 67087, 67287
50, 12730, 10, 67087, 67087
50, 12740, 10, 67087, 67087
50, 12750, 10, 67087, 67087
50, 12760, 10, 67087, 67087
50, 12770, 10, 67087, 67087
50, 12780, 10, 67087, 67087
50, 12790, 10, 67087, 67385
50, 12800, 10, 67087, 67087
50, 12810, 10, 67030, 67087
50, 12820, 10, 67030, 67030
50, 12830, 10, 67030, 67030
50, 12840, 10, 67030, 67030
50, 12850, 10, 67030, 67030
50, 12860, 10, 67030, 67030
50, 12870, 10, 67002, 67002
50, 12880, 10, 67002, 67002
50, 12890, 10, 67002, 67002
50, 12900, 10, 67002, 68307
50, 12910, 10, 67002, 67002
50, 12920, 10, 67002, 67002
50, 12930, 10, 67002, 67002
50, 12940, 10, 67002, 67002
50, 12950, 10, 67002, 67002
50, 12960, 10, 66842, 67002
50, 12970, 10, 66797, 66842
50, 12980, 10, 66795, 66795
50, 12990, 10, 66795, 66795
50, 13000, 10, 66795, 66795
50, 13010, 10, 66795, 66795
50, 13020, 10, 66795, 66795
50, 13030, 10, 66795, 66795
50, 13040, 10, 66795, 66795
50, 13050, 10, 66795, 66795
50, 13060, 10, 66795, 66795
50, 13070, 10, 66795, 66795
50, 13080, 10, 66795, 66795
50, 13090, 10, 66795, 66795
50, 13100, 10, 66795, 66795
50, 13110, 10, 66777, 66795
50, 13120, 10, 66777, 66777
50, 13130, 10, 66777, 66777
50, 13140, 10, 66777, 66777
50, 13150, 10, 66777, 66777
50, 13160, 10, 66737, 66777
50, 13170, 10, 66737, 66737
50, 13180, 10, 66737, 66737
50, 13190, 10, 66737, 66737
50, 13200, 10, 66737, 66737
50, 13210, 10, 66737, 66737
50, 13220, 10, 66737, 66737
50, 13230, 10, 66737, 66737
50, 13240, 10, 66737, 66737
50, 13250, 10, 66737, 66737
50, 13260, 10, 66737, 66737
50, 13270, 10, 66737, 66737
50, 13280, 10, 66737, 66737
50, 13290, 10, 66737, 66737
50, 13300, 10, 66737, 66737
50, 13310, 10, 66737, 66737
50, 13320, 10, 66737, 66737
50, 13330, 10, 66737, 66737
50, 13340, 10, 66737, 66737
50, 13350, 10, 66737, 66737
50, 13360, 10, 66737, 66737
50, 13370, 10, 66675, 67423
50, 13380, 10, 66675, 66675
50, 13390, 10, 66675, 66675
50, 13400, 10, 66675, 66675
50, 13410, 10, 66605, 67160
50, 13420, 10, 66605, 66605
50, 13430, 10, 66605, 66605
50, 13440, 10, 66605, 66605
50, 13450, 10, 66605, 66605
50, 13460, 10, 66573, 66605
50, 13470, 10, 66573, 66573
50, 13480, 10, 66535, 66573
50, 13490, 10, 66535, 66535
50, 13500, 10, 66535, 66535
50, 13510, 10, 66535, 66535
50, 13520, 10, 66535, 66535
50, 13530, 10, 66535, 66535
50, 13540, 10, 66535, 66535
50, 13550, 10, 66244, 66535
50, 13560, 10, 66244, 66244
50, 13570, 10, 66244, 66244
50, 13580, 10, 66244, 66244
50, 13590, 10, 66244, 66244
50, 13600, 10, 66244, 66244
50, 13610, 10, 66226, 66244
50, 13620, 10, 66226, 66226
50, 13630, 10, 66226, 66226
50, 13640, 10, 66226, 66226
50, 13650, 10, 66186, 66226
50, 13660, 10, 66186, 66186
50, 13670, 10, 66186, 66186
50, 13680, 10, 66186, 66431
50, 13690, 10, 66186, 66186
50, 13700, 10, 66186, 66186
50, 13710, 10, 66186, 66186
50, 13720, 10, 66186, 66186
50, 13730, 10, 66186, 66186
50, 13740, 10, 66186, 66186
50, 13750, 10, 66186, 66186
50, 13760, 10, 66186, 66186
50, 13770, 10, 66186, 66186
50, 13780, 10, 66186, 66186
50, 13790, 10, 66186, 66186
50, 13800, 10, 66186, 66186
50, 13810, 10, 66186, 66186
50, 13820, 10, 66186, 66186
50, 13830, 10, 66186, 66186
50, 13840, 10, 66186, 66186
50, 13850, 10, 66186, 66186
50, 13860, 10, 66186, 66186
50, 13870, 10, 65994, 66117
50, 13880, 10, 65994, 65994
50, 13890, 10, 65994, 65994
50, 13900, 10, 65994, 65994
50, 13910, 10, 65994, 65994
50, 13920, 10, 65994, 65994
50, 13930, 10, 65994, 65994
50, 13940, 10, 65853, 65853
50, 13950, 10, 65853, 65853
50, 13960, 10, 65853, 67100
50, 13970, 10, 65853, 65853
50, 13980, 10, 65853, 65853
50, 13990, 10, 65853, 65853
50, 14000, 10, 65853, 65853
50, 14010, 10, 65797, 65853
50, 14020, 10, 65797, 65797
50, 14030, 10, 65759, 65797
50, 14040, 10, 65759, 65759
50, 14050, 10, 65759, 65759
50, 14060, 10, 65759, 65759
50, 14070, 10, 65729, 65759
50, 14080, 10, 65711, 65711
50, 14090, 10, 65711, 65711
50, 14100, 10, 65689, 65711
50, 14110, 10, 65689, 65689
50, 14120, 10, 65689, 65689
50, 14130, 10, 65689, 65689
50, 14140, 10, 65565, 65565
50, 14150, 10, 65525, 65525
50, 14160, 10, 65525, 65525
50, 14170, 10, 65525, 65525
50, 14180, 10, 65525, 65525
50, 14190, 10, 65525, 65525
50, 14200, 10, 65525, 65525
50, 14210, 10, 65525, 65525
50, 14220, 10, 65525, 65525
50, 14230, 10, 65525, 65525
50, 14240, 10, 65525, 65525
50, 14250, 10, 65525, 65525
50, 14260, 10, 65525, 65525
50, 14270, 10, 65485, 65525
50, 14280, 10, 65485, 65485
50, 14290, 10, 65485, 65485
50, 14300, 10, 65485, 65485
50, 14310, 10, 65485, 65485
50, 14320, 10, 65485, 65485
50, 14330, 10, 65485, 65485
50, 14340, 10, 65485, 65485
50, 14350, 10, 65485, 65485
50, 14360, 10, 65485, 65485
50, 14370, 10, 65485, 65485
50, 14380, 10, 65485, 65485
50, 14390, 10, 65485, 65485
50, 14400, 10, 65485, 65485
50, 14410, 10, 65485, 65485
50, 14420, 10, 65485, 65485
50, 14430, 10, 65485, 65485
50, 14440, 10, 65485, 65485
50, 14450, 10, 65450, 65485
50, 14460, 10, 65450, 65450
50, 14470, 10, 65450, 65450
50, 14480, 10, 65450, 65450
50, 14490, 10, 65450, 65450
50, 14500, 10, 65450, 65450
50, 14510, 10, 65450, 65450
50, 14520, 10, 65450, 65450
50, 14530, 10, 65450, 65450
50, 14540, 10, 65450, 65450
50, 14550, 10, 65450, 65450
50, 14560, 10, 65450, 65450
50, 14570, 10, 65405, 65405
50, 14580, 10, 65405, 65405
50, 14590, 10, 65405, 65405
50, 14600, 10, 65405, 65405
50, 14610, 10, 65405, 65405
50, 14620, 10, 65405, 65405
50, 14630, 10, 65346, 65405
50, 14640, 10, 65346, 65346
50, 14650, 10, 65342, 65342
50, 14660, 10, 65342, 65342
50, 14670, 10, 65342, 65342
50, 14680, 10, 65342, 65342
50, 14690, 10, 65342, 65342
50, 14700, 10, 65342, 65342
50, 14710, 10, 65342, 65342
50, 14720, 10, 65235, 65342
50, 14730, 10, 65235, 65235
50, 14740, 10, 65235, 65235
50, 14750, 10, 65235, 65235
50, 14760, 10, 65235, 65235
50, 14770, 10, 65235, 65235
50, 14780, 10, 65235, 65235
50, 14790, 10, 65235, 65235
50, 14800, 10, 65235, 65235
50, 14810, 10, 65235, 65235
50, 14820, 10, 65235, 65235
50, 14830, 10, 65035, 65235
50, 14840, 10, 65035, 65035
50, 14850, 10, 65035, 65035
50, 14860, 10, 64915, 64915
50, 14870, 10, 64915, 64915
50, 14880, 10, 64915, 64915
50, 14890, 10, 64912, 64915
50, 14900, 10, 64912, 64912
50, 14910, 10, 64912, 64912
50, 14920, 10, 64912, 64912
50, 14930, 10, 64912, 64912
50, 14940, 10, 64912, 64912
50, 14950, 10, 64912, 64912
50, 14960, 10, 64912, 64912
50, 14970, 10, 64912, 64912
50, 14980, 10, 64912, 64912
50, 14990, 10, 64912, 64912
50, 15000, 10, 64912, 64912
50, 15010, 10, 64912, 64912
50, 15020, 10, 64912, 64912
50, 15030, 10, 64912, 64912
50, 15040, 10, 64912, 64912
50, 15050, 10, 64912, 64912
50, 15060, 10, 64912, 64912
50, 15070, 10, 64866, 64866
50, 15080, 10, 64866, 64866
50, 15090, 10, 64866, 64866
50, 15100, 10, 64854, 64866
50, 15110, 10, 64854, 64854
50, 15120, 10, 64854, 64854
50, 15130, 10, 64854, 64854
50, 15140, 10, 64854, 65764
50, 15150, 10, 64854, 64854
50, 15160, 10, 64854, 64854
50, 15170, 10, 64854, 64854
50, 15180, 10, 64854, 64854
50, 15190, 10, 64812, 64854
50, 15200, 10, 64812, 64812
50, 15210, 10, 64812, 64812
50, 15220, 10, 64812, 64812
50, 15230, 10, 64812, 64812
50, 15240, 10, 64812, 64812
50, 15250, 10, 64812, 64812
50, 15260, 10, 64812, 64812
50, 15270, 10, 64812, 64812
50, 15280, 10, 64812, 64812
50, 15290, 10, 64812, 64812
50, 15300, 10, 64753, 64812
50, 15310, 10, 64753, 64753
50, 15320, 10, 64753, 64753
50, 15330, 10, 64753, 64753
50, 15340, 10, 64753, 64753
50, 15350, 10, 64694, 64753
50, 15360, 10, 64694, 64694
50, 15370, 10, 64687, 64694
50, 15380, 10, 64687, 64687
50, 15390, 10, 64687, 64687
50, 15400, 10, 64651, 64687
50, 15410, 10, 64651, 64651
50, 15420, 10, 64651, 64651
50, 15430, 10, 64651, 64651
50, 15440, 10, 64651, 64651
50, 15450, 10, 64651, 64651
50, 15460, 10, 64600, 64600
50, 15470, 10, 64600, 64600
50, 15480, 10, 64600, 64600
50, 15490, 10, 64498, 64498
50, 15500, 10, 64498, 64498
50, 15510, 10, 64498, 64498
50, 15520, 10, 64498, 64498
50, 15530, 10, 64498, 64498
50, 15540, 10, 64498, 64498
50, 15550, 10, 64498, 64498
50, 15560, 10, 64498, 64498
50, 15570, 10, 64498, 64498
50, 15580, 10, 64498, 64498
50, 15590, 10, 64498, 64498
50, 15600, 10, 64498, 64498
50, 15610, 10, 64498, 64498
50, 15620, 10, 64498, 64498
50, 15630, 10, 64498, 64498
50, 15640, 10, 64498, 64498
50, 15650, 10, 64498, 64498
50, 15660, 10, 64498, 64498
50, 15670, 10, 64498, 64498
50, 15680, 10, 64498, 64498
50, 15690, 10, 64498, 64498
50, 15700, 10, 64498, 64498
50, 15710, 10, 64498, 64498
50, 15720, 10, 64498, 64498
50, 15730, 10, 64498, 64498
50, 15740, 10, 64498, 64498
50, 15750, 10, 64498, 64498
50, 15760, 10, 64498, 64498
50, 15770, 10, 64498, 64498
50, 15780, 10, 64498, 64498
50, 15790, 10, 64498, 64498
50, 15800, 10, 64498, 64498
50, 15810, 10, 64498, 64498
50, 15820, 10, 64498, 64498
50, 15830, 10, 64498, 64498
50, 15840, 10, 64498, 64498
50, 15850, 10, 64498, 64498
50, 15860, 10, 64498, 64498
50, 15870, 10, 64498, 64498
50, 15880, 10, 64498, 64498
50, 15890, 10, 64498, 64498
50, 15900, 10, 64498, 64498
50, 15910, 10, 64498, 64498
50, 15920, 10, 64498, 64498
50, 15930, 10, 64498, 64498
50, 15940, 10, 64381, 64498
50, 15950, 10, 64381, 64381
50, 15960, 10, 64381, 64381
50, 15970, 10, 64381, 64381
50, 15980, 10, 64381, 64381
50, 15990, 10, 64381, 64381
50, 16000, 10, 64381, 64381
50, 16010, 10, 64381, 64381
50, 16020, 10, 64381, 64381
50, 16030, 10, 64381, 64381
50, 16040, 10, 64381, 64381
50, 16050, 10, 64381, 64381
50, 16060, 10, 64381, 64381
50, 16070, 10, 64381, 64381
50, 16080, 10, 64298, 64381
50, 16090, 10, 64298, 64298
50, 16100, 10, 64298, 64298
50, 16110, 10, 64298, 64298
50, 16120, 10, 64298, 64298
50, 16130, 10, 64144, 64298
50, 16140, 10, 64144, 64144
50, 16150, 10, 64061, 64061
50, 16160, 10, 64061, 64061
50, 16170, 10, 64061, 64061
50, 16180, 10, 64061, 64061
50, 16190, 10, 64061, 64061
50, 16200, 10, 64061, 64061
50, 16210, 10, 63860, 63861
50, 16220, 10, 63860, 63860
50, 16230, 10, 63860, 63860
50, 16240, 10, 63860, 63860
50, 16250, 10, 63860, 63860
50, 16260, 10, 63860, 63860
50, 16270, 10, 63860, 63860
50, 16280, 10, 63860, 63860
50, 16290, 10, 63749, 63749
50, 16300, 10, 63749, 63749
50, 16310, 10, 63749, 63749
50, 16320, 10, 63749, 63749
50, 16330, 10, 63749, 63749
50, 16340, 10, 63749, 63749
50, 16350, 10, 63749, 63749
50, 16360, 10, 63749, 63749
50, 16370, 10, 63749, 63749
50, 16380, 10, 63749, 63749
50, 16390, 10, 63749, 63749
50, 16400, 10, 63749, 63749
50, 16410, 10, 63749, 63749
50, 16420, 10, 63708, 63708
50, 16430, 10, 63708, 63708
50, 16440, 10, 63708, 63708
50, 16450, 10, 63708, 63708
50, 16460, 10, 63708, 63708
50, 16470, 10, 63708, 63708
50, 16480, 10, 63708, 63708
50, 16490, 10, 63708, 63708
50, 16500, 10, 63708, 63708
50, 16510, 10, 63708, 63708
50, 16520, 10, 63708, 63708
50, 16530, 10, 63708, 63708
50, 16540, 10, 63592, 63708
50, 16550, 10, 63592, 63592
50, 16560, 10, 63592, 63592
50, 16570, 10, 63592, 63592
50, 16580, 10, 63592, 63592
50, 16590, 10, 63592, 63592
50, 16600, 10, 63592, 63592
50, 16610, 10, 63592, 63592
50, 16620, 10, 63592, 63592
50, 16630, 10, 63592, 63592
50, 16640, 10, 63535, 63535
50, 16650, 10, 63535, 63535
50, 16660, 10, 63535, 63535
50, 16670, 10, 63535, 63535
50, 16680, 10, 63535, 63535
50, 16690, 10, 63535, 63535
50, 16700, 10, 63535, 63535
50, 16710, 10, 63535, 63535
50, 16720, 10, 63535, 63535
50, 16730, 10, 63535, 63535
50, 16740, 10, 63535, 63535
50, 16750, 10, 63535, 63535
50, 16760, 10, 63535, 63535
50, 16770, 10, 63535, 63535
50, 16780, 10, 63535, 63535
50, 16790, 10, 63535, 63535
50, 16800, 10, 63535, 63535
50, 16810, 10, 63535, 63535
50, 16820, 10, 63535, 63535
50, 16830, 10, 63535, 63535
50, 16840, 10, 63535, 63963
50, 16850, 10, 63535, 63535
50, 16860, 10, 63535, 63535
50, 16870, 10, 63535, 63535
50, 16880, 10, 63335, 63335
50, 16890, 10, 63252, 63335
50, 16900, 10, 63252, 63252
50, 16910, 10, 63252, 63252
50, 16920, 10, 63252, 63252
50, 16930, 10, 63182, 63182
50, 16940, 10, 63182, 63182
50, 16950, 10, 63182, 63182
50, 16960, 10, 63182, 63182
50, 16970, 10, 63182, 63182
50, 16980, 10, 63182, 63182
50, 16990, 10, 63182, 63182
50, 17000, 10, 63180, 63182
50, 17010, 10, 63180, 63180
50, 17020, 10, 63180, 63180
50, 17030, 10, 63180, 63180
50, 17040, 10, 63158, 63158
50, 17050, 10, 63158, 63158
50, 17060, 10, 63158, 63158
50, 17070, 10, 63158, 63158
50, 17080, 10, 63158, 63158
50, 17090, 10, 63158, 63158
50, 17100, 10, 63158, 63158
50, 17110, 10, 63158, 63158
50, 17120, 10, 63158, 63158
50, 17130, 10, 63158, 63158
50, 17140, 10, 63158, 63158
50, 17150, 10, 63158, 63158
50, 17160, 10, 63158, 63158
50, 17170, 10, 63158, 63158
50, 17180, 10, 63158, 63158
50, 17190, 10, 63083, 63158
50, 17200, 10, 63083, 63083
50, 17210, 10, 63083, 63083
50, 17220, 10, 63083, 63083
50, 17230, 10, 63083, 63083
50, 17240, 10, 63083, 63083
50, 17250, 10, 63083, 63083
50, 17260, 10, 63083, 63083
50, 17270, 10, 63083, 63083
50, 17280, 10, 63083, 63083
50, 17290, 10, 63083, 63083
50, 17300, 10, 63083, 63083
50, 17310, 10, 63083, 63083
50, 17320, 10, 63083, 63083
50, 17330, 10, 63083, 63083
50, 17340, 10, 63083, 63083
50, 17350, 10, 63083, 63083
50, 17360, 10, 63083, 63083
50, 17370, 10, 63083, 63083
50, 17380, 10, 63083, 63083
50, 17390, 10, 63083, 63083
50, 17400, 10, 63083, 63083
50, 17410, 10, 63083, 63083
50, 17420, 10, 63083, 63083
50, 17430, 10, 63083, 63083
50, 17440, 10, 63083, 63083
50, 17450, 10, 63083, 63083
50, 17460, 10, 63083, 63083
50, 17470, 10, 63083, 63083
50, 17480, 10, 63083, 63083
50, 17490, 10, 63083, 63083
50, 17500, 10, 63083, 63083
50, 17510, 10, 63083, 63083
50, 17520, 10, 63083, 63083
50, 17530, 10, 62977, 63083
50, 17540, 10, 62977, 62977
50, 17550, 10, 62977, 62977
50, 17560, 10, 62977, 62977
50, 17570, 10, 62956, 62956
50, 17580, 10, 62956, 62956
50, 17590, 10, 62956, 62956
50, 17600, 10, 62956, 62956
50, 17610, 10, 62956, 62956
50, 17620, 10, 62956, 62956
50, 17630, 10, 62956, 62956
50, 17640, 10, 62956, 62956
50, 17650, 10, 62956, 62956
50, 17660, 10, 62956, 62956
50, 17670, 10, 62956, 62956
50, 17680, 10, 62956, 62956
50, 17690, 10, 62956, 62956
50, 17700, 10, 62956, 62956
50, 17710, 10, 62956, 62956
50, 17720, 10, 62956, 62956
50, 17730, 10, 62956, 62956
50, 17740, 10, 62956, 62956
50, 17750, 10, 62956, 62956
50, 17760, 10, 62956, 62956
50, 17770, 10, 62956, 62956
50, 17780, 10, 62956, 62956
50, 17790, 10, 62956, 62956
50, 17800, 10, 62956, 62956
50, 17810, 10, 62865, 62865
50, 17820, 10, 62865, 62865
50, 17830, 10, 62848, 62848
50, 17840, 10, 62848, 62848
50, 17850, 10, 62848, 62848
50, 17860, 10, 62848, 62848
50, 17870, 10, 62848, 62848
50, 17880, 10, 62848, 62848
50, 17890, 10, 62848, 62848
50, 17900, 10, 62848, 62848
50, 17910, 10, 62848, 62848
50, 17920, 10, 62848, 62848
50, 17930, 10, 62848, 62848
50, 17940, 10, 62848, 62848
50, 17950, 10, 62848, 62848
50, 17960, 10, 62848, 62848
50, 17970, 10, 62848, 62848
50, 17980, 10, 62848, 62848
50, 17990, 10, 62848, 62848
50, 18000, 10, 62836, 62836
50, 18010, 10, 62836, 62836
50, 18020, 10, 62836, 62836
50, 18030, 10, 62836, 62836
50, 18040, 10, 62836, 62836
50, 18050, 10, 62836, 62836
50, 18060, 10, 62836, 62836
50, 18070, 10, 62836, 62836
50, 18080, 10, 62753, 62836
50, 18090, 10, 62753, 62753
50, 18100, 10, 62753, 62753
50, 18110, 10, 62753, 62753
50, 18120, 10, 62753, 62753
50, 18130, 10, 62753, 62753
50, 18140, 10, 62753, 62753
50, 18150, 10, 62753, 62753
50, 18160, 10, 62753, 62753
50, 18170, 10, 62753, 62753
50, 18180, 10, 62753, 62753
50, 18190, 10, 62753, 62753
50, 18200, 10, 62753, 62753
50, 18210, 10, 62753, 62753
50, 18220, 10, 62753, 62753
50, 18230, 10, 62753, 62753
50, 18240, 10, 62753, 62753
50, 18250, 10, 62753, 62753
50, 18260, 10, 62753, 62753
50, 18270, 10, 62753, 62753
50, 18280, 10, 62670, 62670
50, 18290, 10, 62670, 62670
50, 18300, 10, 62670, 62670
50, 18310, 10, 62670, 62670
50, 18320, 10, 62670, 62670
50, 18330, 10, 62670, 62670
50, 18340, 10, 62670, 62670
50, 18350, 10, 62670, 62670
50, 18360, 10, 62670, 62670
50, 18370, 10, 62670, 62670
50, 18380, 10, 62670, 62670
50, 18390, 10, 62670, 62670
50, 18400, 10, 62670, 62670
50, 18410, 10, 62670, 62670
50, 18420, 10, 62670, 62670
50, 18430, 10, 62654, 62670
50, 18440, 10, 62654, 62654
50, 18450, 10, 62654, 62654
50, 18460, 10, 62654, 62654
50, 18470, 10, 62654, 62654
50, 18480, 10, 62654, 62654
50, 18490, 10, 62654, 62654
50, 18500, 10, 62654, 62654
50, 18510, 10, 62654, 62654
50, 18520, 10, 62654, 62654
50, 18530, 10, 62654, 62654
50, 18540, 10, 62654, 62654
50, 18550, 10, 62654, 62654
50, 18560, 10, 62654, 62654
50, 18570, 10, 62654, 62654
50, 18580, 10, 62654, 62654
50, 18590, 10, 62654, 62654
50, 18600, 10, 62654, 62654
50, 18610, 10, 62654, 62654
50, 18620, 10, 62654, 62654
50, 18630, 10, 62654, 62654
50, 18640, 10, 62654, 62654
50, 18650, 10, 62654, 62654
50, 18660, 10, 62654, 62654
50, 18670, 10, 62654, 62654
50, 18680, 10, 62654, 62654
50, 18690, 10, 62654, 62654
50, 18700, 10, 62654, 62654
50, 18710, 10, 62654, 62654
50, 18720, 10, 62654, 62654
50, 18730, 10, 62654, 62654
50, 18740, 10, 62654, 62654
50, 18750, 10, 62654, 62654
50, 18760, 10, 62654, 62654
50, 18770, 10, 62654, 62654
50, 18780, 10, 62654, 62654
50, 18790, 10, 62654, 62654
50, 18800, 10, 62654, 62654
50, 18810, 10, 62654, 62654
50, 18820, 10, 62654, 62654
50, 18830, 10, 62654, 62654
50, 18840, 10, 62654, 62654
50, 18850, 10, 62654, 62654
50, 18860, 10, 62654, 62654
50, 18870, 10, 62654, 62654
50, 18880, 10, 62654, 62654
50, 18890, 10, 62654, 62654
50, 18900, 10, 62654, 62654
50, 18910, 10, 62654, 62654
50, 18920, 10, 62654, 62654
50, 18930, 10, 62654, 62654
50, 18940, 10, 62654, 62654
50, 18950, 10, 62654, 62654
50, 18960, 10, 62654, 62654
50, 18970, 10, 62654, 62654
50, 18980, 10, 62654, 62654
50, 18990, 10, 62654, 62654
50, 19000, 10, 62654, 62654
50, 19010, 10, 62654, 62654
50, 19020, 10, 62654, 62654
50, 19030, 10, 62654, 62654
50, 19040, 10, 62654, 62654
50, 19050, 10, 62654, 62654
50, 19060, 10, 62654, 62654
50, 19070, 10, 62654, 62654
50, 19080, 10, 62654, 62654
50, 19090, 10, 62654, 62654
50, 19100, 10, 62654, 62654
50, 19110, 10, 62654, 62654
50, 19120, 10, 62654, 62654
50, 19130, 10, 62654, 62654
50, 19140, 10, 62654, 62654
50, 19150, 10, 62654, 62654
50, 19160, 10, 62654, 62654
50, 19170, 10, 62654, 62654
50, 19180, 10, 62654, 62654
50, 19190, 10, 62654, 62654
50, 19200, 10, 62654, 62654
50, 19210, 10, 62654, 62654
50, 19220, 10, 62654, 62654
50, 19230, 10, 62654, 62654
50, 19240, 10, 62563, 62654
50, 19250, 10, 62563, 62563
50, 19260, 10, 62563, 62563
50, 19270, 10, 62563, 62563
50, 19280, 10, 62563, 62563
50, 19290, 10, 62563, 62563
50, 19300, 10, 62563, 62563
50, 19310, 10, 62563, 62563
50, 19320, 10, 62563, 62563
50, 19330, 10, 62563, 62563
50, 19340, 10, 62563, 62563
50, 19350, 10, 62563, 62563
50, 19360, 10, 62563, 62563
50, 19370, 10, 62563, 62563
50, 19380, 10, 62563, 62563
50, 19390, 10, 62563, 62563
50, 19400, 10, 62563, 62563
50, 19410, 10, 62563, 62563
50, 19420, 10, 62563, 62563
50, 19430, 10, 62563, 62563
50, 19440, 10, 62563, 62563
50, 19450, 10, 62563, 62563
50, 19460, 10, 62563, 62563
50, 19470, 10, 62563, 62563
50, 19480, 10, 62563, 62563
50, 19490, 10, 62563, 62563
50, 19500, 10, 62563, 62563
50, 19510, 10, 62563, 62563
50, 19520, 10, 62563, 62563
50, 19530, 10, 62563, 62563
50, 19540, 10, 62563, 62563
50, 19550, 10, 62563, 62563
50, 19560, 10, 62563, 62563
50, 19570, 10, 62563, 62563
50, 19580, 10, 62563, 62563
50, 19590, 10, 62563, 62563
50, 19600, 10, 62478, 62478
50, 19610, 10, 62478, 62478
50, 19620, 10, 62478, 62478
50, 19630, 10, 62478, 62478
50, 19640, 10, 62478, 62478
50, 19650, 10, 62478, 62478
50, 19660, 10, 62478, 62478
50, 19670, 10, 62478, 62478
50, 19680, 10, 62478, 62478
50, 19690, 10, 62478, 62478
50, 19700, 10, 62478, 62478
50, 19710, 10, 62478, 62478
50, 19720, 10, 62478, 62478
50, 19730, 10, 62478, 62478
50, 19740, 10, 62478, 62478
50, 19750, 10, 62478, 62478
50, 19760, 10, 62478, 62478
50, 19770, 10, 62478, 62478
50, 19780, 10, 62478, 62478
50, 19790, 10, 62478, 62478
50, 19800, 10, 62478, 62478
50, 19810, 10, 62478, 62478
50, 19820, 10, 62478, 62478
50, 19830, 10, 62376, 62478
50, 19840, 10, 62376, 62376
50, 19850, 10, 62376, 62376
50, 19860, 10, 62376, 62376
50, 19870, 10, 62376, 62376
50, 19880, 10, 62376, 62376
50, 19890, 10, 62376, 62376
50, 19900, 10, 62376, 62376
50, 19910, 10, 62376, 62376
50, 19920, 10, 62376, 62376
50, 19930, 10, 62376, 62376
50, 19940, 10, 62376, 62376
50, 19950, 10, 62376, 62376
50, 19960, 10, 62376, 62376
50, 19970, 10, 62376, 62376
50, 19980, 10, 62376, 62376
50, 19990, 10, 62376, 62376
