Population Size, Generation Count, Repetition, Best Fitness, Median Fitness
20, 0, 21, 734903, 771745
20, 10, 21, 704880, 714200
20, 20, 21, 690398, 693854
20, 30, 21, 672417, 680009
20, 40, 21, 656798, 660641
20, 50, 21, 646833, 650955
20, 60, 21, 638408, 642209
20, 70, 21, 626070, 630343
20, 80, 21, 616757, 619386
20, 90, 21, 605682, 610347
20, 100, 21, 594659, 601241
20, 110, 21, 588564, 591859
20, 120, 21, 574801, 580356
20, 130, 21, 561686, 568178
20, 140, 21, 557390, 559423
20, 150, 21, 548417, 554590
20, 160, 21, 544729, 547103
20, 170, 21, 539024, 542436
20, 180, 21, 531802, 537332
20, 190, 21, 526435, 528959
20, 200, 21, 517594, 522222
20, 210, 21, 512504, 514870
20, 220, 21, 506747, 509478
20, 230, 21, 500396, 504630
20, 240, 21, 495176, 497730
20, 250, 21, 487371, 492816
20, 260, 21, 481406, 485916
20, 270, 21, 479805, 481417
20, 280, 21, 476637, 480050
20, 290, 21, 473431, 476349
20, 300, 21, 468580, 472950
20, 310, 21, 463362, 466930
20, 320, 21, 458212, 462780
20, 330, 21, 451684, 454541
20, 340, 21, 444971, 448339
20, 350, 21, 441860, 446116
20, 360, 21, 435786, 440365
20, 370, 21, 433077, 434167
20, 380, 21, 429539, 431616
20, 390, 21, 423229, 426175
20, 400, 21, 421494, 423412
20, 410, 21, 418875, 421211
20, 420, 21, 416487, 418499
20, 430, 21, 410525, 416168
20, 440, 21, 408146, 409897
20, 450, 21, 405409, 409886
20, 460, 21, 402724, 405594
20, 470, 21, 398223, 401789
20, 480, 21, 392262, 397450
20, 490, 21, 388794, 391326
20, 500, 21, 384468, 388528
20, 510, 21, 381077, 384121
20, 520, 21, 379396, 381941
20, 530, 21, 377243, 378681
20, 540, 21, 372181, 378908
20, 550, 21, 368942, 373045
20, 560, 21, 367140, 369276
20, 570, 21, 365414, 365861
20, 580, 21, 363571, 366082
20, 590, 21, 356402, 360367
20, 600, 21, 354988, 356306
20, 610, 21, 352334, 354941
20, 620, 21, 350112, 353525
20, 630, 21, 345634, 349768
20, 640, 21, 345008, 347658
20, 650, 21, 343653, 345008
20, 660, 21, 341393, 342692
20, 670, 21, 340486, 342584
20, 680, 21, 338721, 341458
20, 690, 21, 336828, 339919
20, 700, 21, 334653, 337109
20, 710, 21, 332409, 335642
20, 720, 21, 331469, 333108
20, 730, 21, 328625, 331056
20, 740, 21, 326355, 328236
20, 750, 21, 323743, 326420
20, 760, 21, 322018, 325182
20, 770, 21, 320398, 324387
20, 780, 21, 316840, 320128
20, 790, 21, 316254, 319607
20, 800, 21, 315530, 317711
20, 810, 21, 314730, 316310
20, 820, 21, 313819, 315648
20, 830, 21, 312658, 316350
20, 840, 21, 311039, 312504
20, 850, 21, 309744, 311469
20, 860, 21, 306383, 310312
20, 870, 21, 305795, 308254
20, 880, 21, 304884, 305795
20, 890, 21, 304007, 306816
20, 900, 21, 302296, 306215
20, 910, 21, 301014, 304347
20, 920, 21, 298039, 301289
20, 930, 21, 296383, 298114
20, 940, 21, 295138, 297462
20, 950, 21, 293739, 296045
20, 960, 21, 291798, 296404
20, 970, 21, 290993, 292562
20, 980, 21, 289761, 293510
20, 990, 21, 288521, 291673
20, 1000, 21, 287586, 291099
20, 1010, 21, 286687, 289996
20, 1020, 21, 285572, 287496
20, 1030, 21, 282658, 284259
20, 1040, 21, 281143, 283252
20, 1050, 21, 278177, 281143
20, 1060, 21, 275841, 278565
20, 1070, 21, 275321, 277882
20, 1080, 21, 273373, 275321
20, 1090, 21, 270751, 273326
20, 1100, 21, 270339, 272338
20, 1110, 21, 268415, 271053
20, 1120, 21, 268217, 269772
20, 1130, 21, 268097, 271744
20, 1140, 21, 267455, 269519
20, 1150, 21, 266028, 269710
20, 1160, 21, 264658, 266343
20, 1170, 21, 262212, 264363
20, 1180, 21, 261574, 264588
20, 1190, 21, 259167, 261022
20, 1200, 21, 258227, 260522
20, 1210, 21, 257703, 259712
20, 1220, 21, 256063, 258570
20, 1230, 21, 255092, 258545
20, 1240, 21, 254990, 256079
20, 1250, 21, 253777, 256295
20, 1260, 21, 252934, 256529
20, 1270, 21, 252119, 253782
20, 1280, 21, 251137, 254180
20, 1290, 21, 251137, 254509
20, 1300, 21, 248896, 250446
20, 1310, 21, 248729, 248896
20, 1320, 21, 246273, 251331
20, 1330, 21, 245489, 247956
20, 1340, 21, 245452, 247719
20, 1350, 21, 244375, 246210
20, 1360, 21, 243672, 247098
20, 1370, 21, 241087, 245874
20, 1380, 21, 240796, 242890
20, 1390, 21, 239371, 242211
20, 1400, 21, 238955, 240147
20, 1410, 21, 238897, 241949
20, 1420, 21, 238156, 239620
20, 1430, 21, 236932, 240551
20, 1440, 21, 236062, 238337
20, 1450, 21, 235471, 238492
20, 1460, 21, 235131, 240220
20, 1470, 21, 235073, 236936
20, 1480, 21, 234145, 234980
20, 1490, 21, 233309, 237389
20, 1500, 21, 233037, 237355
20, 1510, 21, 232262, 232718
20, 1520, 21, 231761, 232056
20, 1530, 21, 230593, 231460
20, 1540, 21, 229466, 232643
20, 1550, 21, 229049, 231806
20, 1560, 21, 227414, 229541
20, 1570, 21, 226241, 230277
20, 1580, 21, 224961, 227140
20, 1590, 21, 224848, 226500
20, 1600, 21, 224470, 228629
20, 1610, 21, 224272, 224865
20, 1620, 21, 223797, 223797
20, 1630, 21, 223504, 225065
20, 1640, 21, 223198, 223504
20, 1650, 21, 223100, 225487
20, 1660, 21, 222535, 225886
20, 1670, 21, 221670, 225930
20, 1680, 21, 221127, 224051
20, 1690, 21, 220645, 222654
20, 1700, 21, 219915, 223490
20, 1710, 21, 219198, 221647
20, 1720, 21, 218861, 219993
20, 1730, 21, 217977, 223321
20, 1740, 21, 217163, 219275
20, 1750, 21, 216577, 218039
20, 1760, 21, 216283, 222092
20, 1770, 21, 215894, 217676
20, 1780, 21, 215894, 216190
20, 1790, 21, 215435, 218104
20, 1800, 21, 214551, 215428
20, 1810, 21, 214255, 218391
20, 1820, 21, 214014, 214248
20, 1830, 21, 213533, 215079
20, 1840, 21, 213340, 215111
20, 1850, 21, 212885, 215334
20, 1860, 21, 212854, 213476
20, 1870, 21, 212147, 215320
20, 1880, 21, 210170, 212973
20, 1890, 21, 209815, 211048
20, 1900, 21, 209333, 211012
20, 1910, 21, 209167, 211666
20, 1920, 21, 209158, 214193
20, 1930, 21, 209116, 212573
20, 1940, 21, 209080, 211711
20, 1950, 21, 208406, 210074
20, 1960, 21, 208218, 211271
20, 1970, 21, 206557, 207832
20, 1980, 21, 205696, 211632
20, 1990, 21, 204545, 208484
20, 2000, 21, 202908, 205199
20, 2010, 21, 202459, 206431
20, 2020, 21, 202459, 205182
20, 2030, 21, 201664, 204965
20, 2040, 21, 201428, 202781
20, 2050, 21, 200664, 201682
20, 2060, 21, 199870, 199996
20, 2070, 21, 198751, 200447
20, 2080, 21, 198751, 200100
20, 2090, 21, 198431, 202137
20, 2100, 21, 198307, 200799
20, 2110, 21, 197794, 200134
20, 2120, 21, 197096, 197794
20, 2130, 21, 196242, 197608
20, 2140, 21, 196131, 199377
20, 2150, 21, 195866, 198139
20, 2160, 21, 195283, 197250
20, 2170, 21, 194733, 196382
20, 2180, 21, 194189, 197445
20, 2190, 21, 193932, 198512
20, 2200, 21, 193794, 196618
20, 2210, 21, 193744, 197029
20, 2220, 21, 192836, 195743
20, 2230, 21, 192695, 197162
20, 2240, 21, 192169, 192606
20, 2250, 21, 192045, 193463
20, 2260, 21, 191950, 195977
20, 2270, 21, 191490, 193835
20, 2280, 21, 191490, 195736
20, 2290, 21, 190874, 192781
20, 2300, 21, 190332, 193090
20, 2310, 21, 189412, 191966
20, 2320, 21, 188963, 193311
20, 2330, 21, 188608, 191065
20, 2340, 21, 188117, 191782
20, 2350, 21, 187694, 188922
20, 2360, 21, 187246, 190865
20, 2370, 21, 186991, 189706
20, 2380, 21, 186991, 189542
20, 2390, 21, 186683, 188893
20, 2400, 21, 186372, 188395
20, 2410, 21, 186372, 190394
20, 2420, 21, 185979, 187934
20, 2430, 21, 185450, 189604
20, 2440, 21, 185450, 187652
20, 2450, 21, 184813, 187002
20, 2460, 21, 184800, 187209
20, 2470, 21, 184474, 184515
20, 2480, 21, 184391, 186794
20, 2490, 21, 184177, 187008
20, 2500, 21, 183400, 190396
20, 2510, 21, 182736, 185052
20, 2520, 21, 182671, 184284
20, 2530, 21, 182378, 184506
20, 2540, 21, 181799, 183330
20, 2550, 21, 181523, 183830
20, 2560, 21, 181141, 183880
20, 2570, 21, 180835, 184744
20, 2580, 21, 180568, 191624
20, 2590, 21, 180160, 181925
20, 2600, 21, 179712, 180041
20, 2610, 21, 179686, 181040
20, 2620, 21, 179127, 182404
20, 2630, 21, 179044, 179670
20, 2640, 21, 178630, 179021
20, 2650, 21, 178521, 182530
20, 2660, 21, 178462, 180942
20, 2670, 21, 177914, 179368
20, 2680, 21, 177680, 178462
20, 2690, 21, 177680, 179679
20, 2700, 21, 177139, 179111
20, 2710, 21, 177122, 178932
20, 2720, 21, 177122, 177122
20, 2730, 21, 176472, 178521
20, 2740, 21, 176373, 180910
20, 2750, 21, 175813, 180080
20, 2760, 21, 175048, 177444
20, 2770, 21, 175048, 178504
20, 2780, 21, 174973, 177764
20, 2790, 21, 174790, 174964
20, 2800, 21, 174221, 175975
20, 2810, 21, 174221, 176476
20, 2820, 21, 174064, 174639
20, 2830, 21, 173890, 175995
20, 2840, 21, 173574, 175740
20, 2850, 21, 173501, 175801
20, 2860, 21, 173146, 175956
20, 2870, 21, 172651, 176124
20, 2880, 21, 171660, 176042
20, 2890, 21, 171558, 171660
20, 2900, 21, 170627, 174595
20, 2910, 21, 170455, 171408
20, 2920, 21, 170397, 174064
20, 2930, 21, 170197, 170962
20, 2940, 21, 170052, 171140
20, 2950, 21, 169705, 171473
20, 2960, 21, 169257, 172062
20, 2970, 21, 168783, 172798
20, 2980, 21, 168783, 171741
20, 2990, 21, 168783, 171352
20, 3000, 21, 168686, 172150
20, 3010, 21, 168618, 170158
20, 3020, 21, 168618, 173538
20, 3030, 21, 168146, 171221
20, 3040, 21, 167996, 170103
20, 3050, 21, 167581, 168939
20, 3060, 21, 166566, 167803
20, 3070, 21, 166566, 168379
20, 3080, 21, 166195, 166839
20, 3090, 21, 165591, 167824
20, 3100, 21, 165332, 167384
20, 3110, 21, 164459, 169938
20, 3120, 21, 164451, 166308
20, 3130, 21, 163810, 167982
20, 3140, 21, 163733, 166349
20, 3150, 21, 163529, 164971
20, 3160, 21, 163454, 167188
20, 3170, 21, 162940, 165973
20, 3180, 21, 162940, 165768
20, 3190, 21, 162176, 162176
20, 3200, 21, 161241, 163715
20, 3210, 21, 161122, 162899
20, 3220, 21, 161122, 162714
20, 3230, 21, 161069, 162383
20, 3240, 21, 160508, 161442
20, 3250, 21, 160233, 162909
20, 3260, 21, 160161, 161078
20, 3270, 21, 159881, 163452
20, 3280, 21, 159803, 161309
20, 3290, 21, 159538, 162724
20, 3300, 21, 158897, 160864
20, 3310, 21, 158886, 163423
20, 3320, 21, 158238, 161808
20, 3330, 21, 158046, 163497
20, 3340, 21, 158046, 161543
20, 3350, 21, 157456, 160456
20, 3360, 21, 157456, 160680
20, 3370, 21, 157103, 157656
20, 3380, 21, 157103, 157103
20, 3390, 21, 157095, 158347
20, 3400, 21, 157095, 159483
20, 3410, 21, 157036, 161329
20, 3420, 21, 156745, 161196
20, 3430, 21, 156745, 158365
20, 3440, 21, 156180, 157506
20, 3450, 21, 154876, 157423
20, 3460, 21, 154237, 158744
20, 3470, 21, 153805, 155310
20, 3480, 21, 153801, 155968
20, 3490, 21, 153389, 155067
20, 3500, 21, 152750, 157906
20, 3510, 21, 152577, 156884
20, 3520, 21, 152577, 155035
20, 3530, 21, 152577, 152577
20, 3540, 21, 152290, 155052
20, 3550, 21, 151937, 152075
20, 3560, 21, 151285, 151997
20, 3570, 21, 150923, 153694
20, 3580, 21, 150885, 151527
20, 3590, 21, 150798, 150885
20, 3600, 21, 150724, 153216
20, 3610, 21, 150026, 150724
20, 3620, 21, 149864, 154415
20, 3630, 21, 149355, 152686
20, 3640, 21, 148624, 149936
20, 3650, 21, 148624, 150537
20, 3660, 21, 148624, 148624
20, 3670, 21, 148368, 149158
20, 3680, 21, 148368, 148368
20, 3690, 21, 148238, 150547
20, 3700, 21, 147944, 151150
20, 3710, 21, 147854, 149675
20, 3720, 21, 147148, 148943
20, 3730, 21, 147148, 149030
20, 3740, 21, 146822, 150324
20, 3750, 21, 146059, 148626
20, 3760, 21, 145985, 149668
20, 3770, 21, 145895, 149145
20, 3780, 21, 145799, 148094
20, 3790, 21, 145484, 146962
20, 3800, 21, 145304, 148237
20, 3810, 21, 145304, 149244
20, 3820, 21, 145304, 148728
20, 3830, 21, 145286, 147259
20, 3840, 21, 145165, 148178
20, 3850, 21, 145165, 145165
20, 3860, 21, 144923, 145273
20, 3870, 21, 144840, 147274
20, 3880, 21, 144676, 146911
20, 3890, 21, 144597, 145450
20, 3900, 21, 144186, 145977
20, 3910, 21, 144065, 147495
20, 3920, 21, 144065, 144065
20, 3930, 21, 143662, 144200
20, 3940, 21, 143605, 143888
20, 3950, 21, 143605, 147591
20, 3960, 21, 143507, 145908
20, 3970, 21, 143211, 146340
20, 3980, 21, 142840, 145546
20, 3990, 21, 142660, 144588
20, 4000, 21, 142537, 144588
20, 4010, 21, 142537, 146341
20, 4020, 21, 142537, 145881
20, 4030, 21, 142537, 142537
20, 4040, 21, 142537, 143864
20, 4050, 21, 142537, 142943
20, 4060, 21, 142535, 144207
20, 4070, 21, 142535, 147954
20, 4080, 21, 142535, 145859
20, 4090, 21, 142535, 144638
20, 4100, 21, 142535, 144662
20, 4110, 21, 142419, 144621
20, 4120, 21, 142143, 143438
20, 4130, 21, 141864, 142143
20, 4140, 21, 141824, 144308
20, 4150, 21, 141540, 143193
20, 4160, 21, 141457, 145270
20, 4170, 21, 141214, 141457
20, 4180, 21, 141214, 141800
20, 4190, 21, 139653, 144163
20, 4200, 21, 139653, 140412
20, 4210, 21, 139653, 143012
20, 4220, 21, 139463, 143419
20, 4230, 21, 139393, 141939
20, 4240, 21, 139393, 140952
20, 4250, 21, 139329, 144026
20, 4260, 21, 138107, 139108
20, 4270, 21, 137865, 141391
20, 4280, 21, 137754, 140545
20, 4290, 21, 137338, 141000
20, 4300, 21, 137338, 138895
20, 4310, 21, 137338, 140191
20, 4320, 21, 137338, 140754
20, 4330, 21, 137338, 139942
20, 4340, 21, 137338, 138883
20, 4350, 21, 137263, 137263
20, 4360, 21, 137114, 138918
20, 4370, 21, 137114, 141716
20, 4380, 21, 136687, 142118
20, 4390, 21, 135826, 136891
20, 4400, 21, 135826, 139662
20, 4410, 21, 135770, 136776
20, 4420, 21, 135396, 138176
20, 4430, 21, 135396, 140324
20, 4440, 21, 135341, 137458
20, 4450, 21, 135317, 135317
20, 4460, 21, 135091, 138431
20, 4470, 21, 134988, 136802
20, 4480, 21, 134852, 137925
20, 4490, 21, 134592, 138059
20, 4500, 21, 134592, 134592
20, 4510, 21, 134211, 134991
20, 4520, 21, 134122, 134124
20, 4530, 21, 134060, 137526
20, 4540, 21, 134060, 134214
20, 4550, 21, 132560, 133562
20, 4560, 21, 132560, 133262
20, 4570, 21, 132560, 134546
20, 4580, 21, 132258, 134494
20, 4590, 21, 132243, 134106
20, 4600, 21, 131598, 131709
20, 4610, 21, 131491, 132671
20, 4620, 21, 131408, 131491
20, 4630, 21, 131408, 132995
20, 4640, 21, 131157, 136255
20, 4650, 21, 131157, 131549
20, 4660, 21, 130880, 134632
20, 4670, 21, 130815, 132842
20, 4680, 21, 130600, 134517
20, 4690, 21, 130600, 132706
20, 4700, 21, 130600, 131280
20, 4710, 21, 130600, 134927
20, 4720, 21, 130600, 134381
20, 4730, 21, 130394, 131412
20, 4740, 21, 130394, 134142
20, 4750, 21, 130229, 132126
20, 4760, 21, 130229, 132095
20, 4770, 21, 130127, 130229
20, 4780, 21, 129806, 131566
20, 4790, 21, 129766, 129766
20, 4800, 21, 129514, 133787
20, 4810, 21, 129514, 132507
20, 4820, 21, 129471, 132739
20, 4830, 21, 129467, 129471
20, 4840, 21, 129329, 131509
20, 4850, 21, 129123, 130510
20, 4860, 21, 129123, 132882
20, 4870, 21, 129123, 130077
20, 4880, 21, 128758, 132331
20, 4890, 21, 128470, 130806
20, 4900, 21, 128254, 130092
20, 4910, 21, 128249, 128254
20, 4920, 21, 127248, 130565
20, 4930, 21, 127248, 130086
20, 4940, 21, 127188, 127248
20, 4950, 21, 126961, 129158
20, 4960, 21, 126961, 130052
20, 4970, 21, 126961, 127554
20, 4980, 21, 126781, 128743
20, 4990, 21, 126513, 126754
20, 5000, 21, 126513, 129679
20, 5010, 21, 126513, 130122
20, 5020, 21, 126513, 128120
20, 5030, 21, 126513, 130707
20, 5040, 21, 126513, 127784
20, 5050, 21, 126513, 127422
20, 5060, 21, 126513, 128393
20, 5070, 21, 126337, 132052
20, 5080, 21, 126337, 129038
20, 5090, 21, 126162, 127419
20, 5100, 21, 125541, 125541
20, 5110, 21, 125248, 125541
20, 5120, 21, 124540, 125707
20, 5130, 21, 124507, 127696
20, 5140, 21, 124437, 124507
20, 5150, 21, 124155, 124739
20, 5160, 21, 124155, 126359
20, 5170, 21, 124155, 124155
20, 5180, 21, 124104, 124139
20, 5190, 21, 123973, 126439
20, 5200, 21, 123973, 126166
20, 5210, 21, 123860, 126809
20, 5220, 21, 123571, 123860
20, 5230, 21, 123251, 123251
20, 5240, 21, 123004, 128317
20, 5250, 21, 123004, 123055
20, 5260, 21, 122618, 124994
20, 5270, 21, 122568, 124535
20, 5280, 21, 122351, 124443
20, 5290, 21, 122351, 124764
20, 5300, 21, 122291, 123637
20, 5310, 21, 122103, 125994
20, 5320, 21, 122103, 122300
20, 5330, 21, 122103, 122103
20, 5340, 21, 121928, 125601
20, 5350, 21, 121928, 124992
20, 5360, 21, 121928, 123323
20, 5370, 21, 121928, 125185
20, 5380, 21, 121928, 121981
20, 5390, 21, 121928, 123913
20, 5400, 21, 121508, 122236
20, 5410, 21, 121501, 122191
20, 5420, 21, 121501, 124300
20, 5430, 21, 120794, 121501
20, 5440, 21, 120794, 123091
20, 5450, 21, 120659, 124470
20, 5460, 21, 120659, 121034
20, 5470, 21, 120659, 120659
20, 5480, 21, 120659, 120659
20, 5490, 21, 120659, 122470
20, 5500, 21, 120659, 124124
20, 5510, 21, 120284, 121701
20, 5520, 21, 120143, 121786
20, 5530, 21, 120136, 121911
20, 5540, 21, 119992, 119992
20, 5550, 21, 119785, 123680
20, 5560, 21, 119785, 122856
20, 5570, 21, 119611, 123340
20, 5580, 21, 119581, 121735
20, 5590, 21, 119381, 121577
20, 5600, 21, 119381, 121928
20, 5610, 21, 119381, 121056
20, 5620, 21, 119381, 122238
20, 5630, 21, 118560, 121139
20, 5640, 21, 118560, 121206
20, 5650, 21, 118089, 119838
20, 5660, 21, 117163, 120137
20, 5670, 21, 117098, 120321
20, 5680, 21, 116976, 119746
20, 5690, 21, 116940, 119181
20, 5700, 21, 116854, 116940
20, 5710, 21, 116854, 117962
20, 5720, 21, 116707, 116725
20, 5730, 21, 116660, 120765
20, 5740, 21, 116660, 116660
20, 5750, 21, 116660, 117872
20, 5760, 21, 116652, 116660
20, 5770, 21, 116584, 119184
20, 5780, 21, 116054, 118728
20, 5790, 21, 115510, 117581
20, 5800, 21, 115510, 118214
20, 5810, 21, 115510, 116323
20, 5820, 21, 115025, 115713
20, 5830, 21, 114953, 119120
20, 5840, 21, 114535, 116986
20, 5850, 21, 114535, 115557
20, 5860, 21, 114410, 122136
20, 5870, 21, 114410, 114754
20, 5880, 21, 114195, 118232
20, 5890, 21, 113986, 118320
20, 5900, 21, 113986, 115200
20, 5910, 21, 113954, 115028
20, 5920, 21, 113954, 113954
20, 5930, 21, 113954, 113954
20, 5940, 21, 113954, 115744
20, 5950, 21, 113925, 116787
20, 5960, 21, 113925, 114276
20, 5970, 21, 113925, 113925
20, 5980, 21, 113793, 113852
20, 5990, 21, 113793, 113793
20, 6000, 21, 113515, 114256
20, 6010, 21, 113515, 113515
20, 6020, 21, 113282, 119262
20, 6030, 21, 113074, 115211
20, 6040, 21, 113074, 113074
20, 6050, 21, 113058, 113074
20, 6060, 21, 112780, 116472
20, 6070, 21, 112780, 113686
20, 6080, 21, 112600, 116571
20, 6090, 21, 112353, 112927
20, 6100, 21, 112353, 112353
20, 6110, 21, 112353, 114892
20, 6120, 21, 112293, 112353
20, 6130, 21, 112293, 117682
20, 6140, 21, 112265, 113940
20, 6150, 21, 112149, 112149
20, 6160, 21, 111897, 115583
20, 6170, 21, 111839, 114243
20, 6180, 21, 111839, 114183
20, 6190, 21, 111700, 114151
20, 6200, 21, 111700, 115204
20, 6210, 21, 111679, 112897
20, 6220, 21, 111652, 114604
20, 6230, 21, 111652, 111652
20, 6240, 21, 111652, 112052
20, 6250, 21, 111652, 112940
20, 6260, 21, 111652, 113892
20, 6270, 21, 111652, 112017
20, 6280, 21, 111579, 112413
20, 6290, 21, 111456, 112716
20, 6300, 21, 111278, 113562
20, 6310, 21, 111278, 114104
20, 6320, 21, 111278, 111354
20, 6330, 21, 111278, 114968
20, 6340, 21, 111278, 113148
20, 6350, 21, 111278, 114436
20, 6360, 21, 111178, 115636
20, 6370, 21, 110908, 111232
20, 6380, 21, 110882, 113881
20, 6390, 21, 110882, 112444
20, 6400, 21, 110600, 110640
20, 6410, 21, 110600, 113765
20, 6420, 21, 110600, 113110
20, 6430, 21, 110600, 111657
20, 6440, 21, 110522, 113990
20, 6450, 21, 110522, 111094
20, 6460, 21, 110508, 110522
20, 6470, 21, 110508, 110508
20, 6480, 21, 110508, 110508
20, 6490, 21, 110508, 113091
20, 6500, 21, 110462, 111843
20, 6510, 21, 110007, 110091
20, 6520, 21, 109690, 110687
20, 6530, 21, 109684, 110978
20, 6540, 21, 109684, 111002
20, 6550, 21, 109684, 111093
20, 6560, 21, 109648, 113286
20, 6570, 21, 109648, 111931
20, 6580, 21, 109648, 113188
20, 6590, 21, 109300, 109300
20, 6600, 21, 109250, 109300
20, 6610, 21, 109250, 111454
20, 6620, 21, 109250, 109250
20, 6630, 21, 109250, 109635
20, 6640, 21, 109051, 109835
20, 6650, 21, 109051, 109051
20, 6660, 21, 109051, 111852
20, 6670, 21, 109051, 112731
20, 6680, 21, 109035, 109051
20, 6690, 21, 108982, 109766
20, 6700, 21, 108982, 108982
20, 6710, 21, 108982, 110753
20, 6720, 21, 108982, 111151
20, 6730, 21, 108982, 108982
20, 6740, 21, 108958, 111032
20, 6750, 21, 108807, 110417
20, 6760, 21, 108807, 110207
20, 6770, 21, 108732, 109961
20, 6780, 21, 108732, 109286
20, 6790, 21, 108409, 108409
20, 6800, 21, 108409, 108409
20, 6810, 21, 108409, 108409
20, 6820, 21, 108409, 109492
20, 6830, 21, 108409, 108409
20, 6840, 21, 108264, 111319
20, 6850, 21, 108264, 109111
20, 6860, 21, 108264, 111415
20, 6870, 21, 107904, 107904
20, 6880, 21, 107904, 110047
20, 6890, 21, 107826, 110633
20, 6900, 21, 107626, 110516
20, 6910, 21, 107626, 109282
20, 6920, 21, 107626, 108961
20, 6930, 21, 107626, 108806
20, 6940, 21, 107477, 110133
20, 6950, 21, 107477, 107477
20, 6960, 21, 107477, 107477
20, 6970, 21, 107436, 107477
20, 6980, 21, 107436, 107719
20, 6990, 21, 107436, 110820
20, 7000, 21, 107360, 112506
20, 7010, 21, 107360, 107360
20, 7020, 21, 107360, 109292
20, 7030, 21, 107360, 109246
20, 7040, 21, 107304, 107530
20, 7050, 21, 106962, 106962
20, 7060, 21, 106922, 106962
20, 7070, 21, 106922, 107568
20, 7080, 21, 106922, 106922
20, 7090, 21, 106922, 106922
20, 7100, 21, 106922, 108571
20, 7110, 21, 106922, 108492
20, 7120, 21, 106745, 111045
20, 7130, 21, 106659, 108717
20, 7140, 21, 106659, 106659
20, 7150, 21, 106518, 108916
20, 7160, 21, 106412, 109144
20, 7170, 21, 106129, 106129
20, 7180, 21, 106129, 113853
20, 7190, 21, 105969, 105969
20, 7200, 21, 105794, 106841
20, 7210, 21, 105794, 107467
20, 7220, 21, 105794, 105794
20, 7230, 21, 105794, 105794
20, 7240, 21, 105794, 107434
20, 7250, 21, 105794, 109380
20, 7260, 21, 105570, 106277
20, 7270, 21, 105570, 106786
20, 7280, 21, 104914, 105835
20, 7290, 21, 104914, 107158
20, 7300, 21, 104814, 104814
20, 7310, 21, 104814, 107326
20, 7320, 21, 104666, 104666
20, 7330, 21, 104666, 104666
20, 7340, 21, 104666, 106826
20, 7350, 21, 104666, 105693
20, 7360, 21, 104666, 106169
20, 7370, 21, 104528, 105484
20, 7380, 21, 104328, 107068
20, 7390, 21, 104304, 107103
20, 7400, 21, 104301, 104304
20, 7410, 21, 104301, 104301
20, 7420, 21, 104241, 106884
20, 7430, 21, 104241, 104303
20, 7440, 21, 104155, 107362
20, 7450, 21, 104155, 104155
20, 7460, 21, 104155, 104155
20, 7470, 21, 104155, 105626
20, 7480, 21, 103999, 104155
20, 7490, 21, 103717, 105730
20, 7500, 21, 103677, 104984
20, 7510, 21, 103677, 104957
20, 7520, 21, 103677, 104736
20, 7530, 21, 103619, 105550
20, 7540, 21, 103580, 103580
20, 7550, 21, 103580, 103580
20, 7560, 21, 103532, 105950
20, 7570, 21, 103532, 106491
20, 7580, 21, 103532, 103532
20, 7590, 21, 103532, 103532
20, 7600, 21, 103532, 105267
20, 7610, 21, 103532, 103532
20, 7620, 21, 103448, 103532
20, 7630, 21, 103332, 103405
20, 7640, 21, 103065, 103326
20, 7650, 21, 103065, 103065
20, 7660, 21, 103065, 103185
20, 7670, 21, 103065, 103065
20, 7680, 21, 103065, 104627
20, 7690, 21, 103065, 103065
20, 7700, 21, 103065, 105161
20, 7710, 21, 103065, 105206
20, 7720, 21, 103065, 105082
20, 7730, 21, 103065, 108352
20, 7740, 21, 103007, 104112
20, 7750, 21, 103007, 105187
20, 7760, 21, 102705, 104805
20, 7770, 21, 102705, 102847
20, 7780, 21, 102705, 105181
20, 7790, 21, 102705, 102705
20, 7800, 21, 102687, 108208
20, 7810, 21, 102687, 102687
20, 7820, 21, 102687, 102687
20, 7830, 21, 102687, 102687
20, 7840, 21, 102687, 102687
20, 7850, 21, 102647, 104864
20, 7860, 21, 102647, 106547
20, 7870, 21, 102647, 104059
20, 7880, 21, 102647, 102647
20, 7890, 21, 102647, 102647
20, 7900, 21, 102427, 104272
20, 7910, 21, 102427, 102427
20, 7920, 21, 102424, 102424
20, 7930, 21, 102309, 103620
20, 7940, 21, 102309, 106459
20, 7950, 21, 102197, 102580
20, 7960, 21, 102197, 105306
20, 7970, 21, 102144, 102454
20, 7980, 21, 101748, 101748
20, 7990, 21, 101566, 102704
20, 8000, 21, 101370, 101413
20, 8010, 21, 101370, 101370
20, 8020, 21, 101370, 101370
20, 8030, 21, 101347, 103632
20, 8040, 21, 101047, 101347
20, 8050, 21, 101047, 101047
20, 8060, 21, 101047, 101817
20, 8070, 21, 100925, 102628
20, 8080, 21, 100883, 100925
20, 8090, 21, 100815, 100815
20, 8100, 21, 100680, 100815
20, 8110, 21, 100622, 100680
20, 8120, 21, 100622, 103689
20, 8130, 21, 100622, 104427
20, 8140, 21, 100622, 102948
20, 8150, 21, 100316, 101516
20, 8160, 21, 100316, 100316
20, 8170, 21, 100316, 100316
20, 8180, 21, 100316, 101129
20, 8190, 21, 100316, 100316
20, 8200, 21, 100316, 101324
20, 8210, 21, 100310, 102318
20, 8220, 21, 100310, 101932
20, 8230, 21, 100228, 100228
20, 8240, 21, 100204, 100204
20, 8250, 21, 100204, 100204
20, 8260, 21, 100204, 101037
20, 8270, 21, 100204, 103076
20, 8280, 21, 100126, 100126
20, 8290, 21, 100109, 100109
20, 8300, 21, 100109, 100109
20, 8310, 21, 100097, 100097
20, 8320, 21, 100097, 102697
20, 8330, 21, 99961, 99961
20, 8340, 21, 99961, 100353
20, 8350, 21, 99961, 99961
20, 8360, 21, 99961, 99961
20, 8370, 21, 99961, 100361
20, 8380, 21, 99961, 99961
20, 8390, 21, 99961, 99961
20, 8400, 21, 99731, 103225
20, 8410, 21, 99731, 99731
20, 8420, 21, 99607, 99607
20, 8430, 21, 99607, 99607
20, 8440, 21, 99607, 100585
20, 8450, 21, 99466, 99607
20, 8460, 21, 99466, 102121
20, 8470, 21, 99448, 99466
20, 8480, 21, 99448, 100817
20, 8490, 21, 99448, 100983
20, 8500, 21, 99448, 99448
20, 8510, 21, 99448, 99448
20, 8520, 21, 99283, 99547
20, 8530, 21, 99217, 99283
20, 8540, 21, 99217, 100227
20, 8550, 21, 99217, 101003
20, 8560, 21, 99217, 100242
20, 8570, 21, 99217, 99217
20, 8580, 21, 99217, 100402
20, 8590, 21, 99217, 99217
20, 8600, 21, 99217, 102045
20, 8610, 21, 99217, 100313
20, 8620, 21, 99217, 99327
20, 8630, 21, 98933, 102048
20, 8640, 21, 98933, 101072
20, 8650, 21, 98933, 98933
20, 8660, 21, 98933, 99618
20, 8670, 21, 98933, 98933
20, 8680, 21, 98690, 100520
20, 8690, 21, 98690, 99716
20, 8700, 21, 98149, 98149
20, 8710, 21, 98149, 100923
20, 8720, 21, 98149, 100707
20, 8730, 21, 98149, 100715
20, 8740, 21, 98149, 98149
20, 8750, 21, 97816, 98149
20, 8760, 21, 97816, 100424
20, 8770, 21, 97816, 97816
20, 8780, 21, 97816, 99460
20, 8790, 21, 97642, 97739
20, 8800, 21, 97592, 100573
20, 8810, 21, 97592, 97592
20, 8820, 21, 97495, 97528
20, 8830, 21, 97495, 97495
20, 8840, 21, 97400, 101729
20, 8850, 21, 97310, 97310
20, 8860, 21, 97310, 97310
20, 8870, 21, 97310, 99075
20, 8880, 21, 97310, 97310
20, 8890, 21, 97310, 99924
20, 8900, 21, 97289, 97310
20, 8910, 21, 97289, 97289
20, 8920, 21, 97289, 100188
20, 8930, 21, 97237, 99968
20, 8940, 21, 97237, 97237
20, 8950, 21, 97237, 101037
20, 8960, 21, 97210, 98478
20, 8970, 21, 97210, 97210
20, 8980, 21, 97168, 101158
20, 8990, 21, 97081, 97562
20, 9000, 21, 97070, 98732
20, 9010, 21, 97021, 97021
20, 9020, 21, 97021, 97021
20, 9030, 21, 97021, 97021
20, 9040, 21, 96819, 96819
20, 9050, 21, 96819, 97268
20, 9060, 21, 96819, 98773
20, 9070, 21, 96819, 97881
20, 9080, 21, 96407, 96984
20, 9090, 21, 96280, 97081
20, 9100, 21, 96280, 96280
20, 9110, 21, 96280, 97677
20, 9120, 21, 96280, 97638
20, 9130, 21, 96280, 98690
20, 9140, 21, 96208, 96208
20, 9150, 21, 96208, 98286
20, 9160, 21, 96134, 97394
20, 9170, 21, 96070, 96134
20, 9180, 21, 96070, 98069
20, 9190, 21, 96070, 97854
20, 9200, 21, 95947, 96070
20, 9210, 21, 95947, 95947
20, 9220, 21, 95947, 95947
20, 9230, 21, 95940, 95947
20, 9240, 21, 95839, 95839
20, 9250, 21, 95698, 95698
20, 9260, 21, 95698, 95698
20, 9270, 21, 95698, 96893
20, 9280, 21, 95621, 96910
20, 9290, 21, 95545, 97796
20, 9300, 21, 95545, 95545
20, 9310, 21, 95545, 95545
20, 9320, 21, 95486, 95486
20, 9330, 21, 95486, 95486
20, 9340, 21, 95486, 95486
20, 9350, 21, 95486, 95486
20, 9360, 21, 95486, 95486
20, 9370, 21, 95486, 96405
20, 9380, 21, 95349, 95486
20, 9390, 21, 95349, 97048
20, 9400, 21, 95349, 96100
20, 9410, 21, 95349, 95349
20, 9420, 21, 95187, 95349
20, 9430, 21, 95033, 95090
20, 9440, 21, 95033, 97809
20, 9450, 21, 94964, 95943
20, 9460, 21, 94964, 94964
20, 9470, 21, 94810, 96513
20, 9480, 21, 94810, 97026
20, 9490, 21, 94734, 94810
20, 9500, 21, 94666, 94977
20, 9510, 21, 94666, 94666
20, 9520, 21, 94666, 94666
20, 9530, 21, 94655, 94666
20, 9540, 21, 94547, 94959
20, 9550, 21, 94547, 95800
20, 9560, 21, 94547, 94547
20, 9570, 21, 94547, 94547
20, 9580, 21, 94547, 94547
20, 9590, 21, 94547, 96323
20, 9600, 21, 94547, 97073
20, 9610, 21, 94547, 94547
20, 9620, 21, 94547, 94547
20, 9630, 21, 94547, 95553
20, 9640, 21, 94547, 95470
20, 9650, 21, 94236, 94749
20, 9660, 21, 94236, 94236
20, 9670, 21, 93861, 94236
20, 9680, 21, 93861, 93861
20, 9690, 21, 93861, 95617
20, 9700, 21, 93861, 93861
20, 9710, 21, 93861, 94930
20, 9720, 21, 93791, 93791
20, 9730, 21, 93791, 93791
20, 9740, 21, 93791, 93791
20, 9750, 21, 93791, 93791
20, 9760, 21, 93791, 93791
20, 9770, 21, 93791, 93791
20, 9780, 21, 93791, 96610
20, 9790, 21, 93791, 95381
20, 9800, 21, 93791, 93791
20, 9810, 21, 93791, 93791
20, 9820, 21, 93791, 93791
20, 9830, 21, 93791, 93791
20, 9840, 21, 93791, 93791
20, 9850, 21, 93732, 94651
20, 9860, 21, 93732, 96752
20, 9870, 21, 93593, 93732
20, 9880, 21, 93593, 93593
20, 9890, 21, 93593, 93593
20, 9900, 21, 93593, 93593
20, 9910, 21, 93593, 94272
20, 9920, 21, 93561, 93593
20, 9930, 21, 93561, 93593
20, 9940, 21, 93561, 94045
20, 9950, 21, 93561, 93561
20, 9960, 21, 93561, 96114
20, 9970, 21, 93561, 93561
20, 9980, 21, 93561, 95811
20, 9990, 21, 93561, 93561
20, 10000, 21, 93561, 93561
20, 10010, 21, 93561, 93561
20, 10020, 21, 93561, 93561
20, 10030, 21, 93361, 96347
20, 10040, 21, 93361, 93361
20, 10050, 21, 93361, 93361
20, 10060, 21, 93361, 93361
20, 10070, 21, 93361, 94586
20, 10080, 21, 93361, 93361
20, 10090, 21, 93361, 93843
20, 10100, 21, 93361, 93756
20, 10110, 21, 93361, 94399
20, 10120, 21, 93361, 93761
20, 10130, 21, 93361, 93361
20, 10140, 21, 93361, 93361
20, 10150, 21, 93361, 93361
20, 10160, 21, 93361, 94800
20, 10170, 21, 93361, 93361
20, 10180, 21, 93361, 93361
20, 10190, 21, 93361, 94822
20, 10200, 21, 93223, 93361
20, 10210, 21, 93139, 94840
20, 10220, 21, 93087, 93087
20, 10230, 21, 93087, 94365
20, 10240, 21, 93087, 93087
20, 10250, 21, 93087, 95087
20, 10260, 21, 93008, 95848
20, 10270, 21, 92916, 94184
20, 10280, 21, 92916, 92916
20, 10290, 21, 92916, 92916
20, 10300, 21, 92633, 92916
20, 10310, 21, 92234, 92633
20, 10320, 21, 92234, 92234
20, 10330, 21, 92234, 92234
20, 10340, 21, 92217, 93812
20, 10350, 21, 92217, 93697
20, 10360, 21, 92217, 92217
20, 10370, 21, 92202, 92202
20, 10380, 21, 92202, 92757
20, 10390, 21, 92202, 92202
20, 10400, 21, 92202, 94025
20, 10410, 21, 92202, 92202
20, 10420, 21, 92179, 92202
20, 10430, 21, 92179, 92179
20, 10440, 21, 92041, 94761
20, 10450, 21, 92024, 92024
20, 10460, 21, 92024, 92024
20, 10470, 21, 92024, 94015
20, 10480, 21, 91844, 91945
20, 10490, 21, 91844, 91844
20, 10500, 21, 91844, 95255
20, 10510, 21, 91844, 93124
20, 10520, 21, 91844, 92974
20, 10530, 21, 91844, 91844
20, 10540, 21, 91844, 93201
20, 10550, 21, 91844, 92678
20, 10560, 21, 91844, 91844
20, 10570, 21, 91844, 91844
20, 10580, 21, 91844, 91844
20, 10590, 21, 91844, 92444
20, 10600, 21, 91844, 91844
20, 10610, 21, 91844, 91844
20, 10620, 21, 91791, 94295
20, 10630, 21, 91791, 91791
20, 10640, 21, 91642, 93359
20, 10650, 21, 91642, 92096
20, 10660, 21, 91537, 93101
20, 10670, 21, 91396, 91537
20, 10680, 21, 91396, 91396
20, 10690, 21, 91396, 92588
20, 10700, 21, 91396, 91396
20, 10710, 21, 91396, 91396
20, 10720, 21, 91396, 91396
20, 10730, 21, 91390, 93218
20, 10740, 21, 91390, 91390
20, 10750, 21, 91390, 91390
20, 10760, 21, 91390, 91390
20, 10770, 21, 91390, 91390
20, 10780, 21, 91390, 91390
20, 10790, 21, 91390, 91390
20, 10800, 21, 91362, 91362
20, 10810, 21, 91362, 92603
20, 10820, 21, 91362, 91362
20, 10830, 21, 91304, 91304
20, 10840, 21, 91304, 95951
20, 10850, 21, 91304, 91304
20, 10860, 21, 91304, 91304
20, 10870, 21, 91304, 93516
20, 10880, 21, 91304, 94512
20, 10890, 21, 91304, 92212
20, 10900, 21, 91243, 91304
20, 10910, 21, 91243, 91243
20, 10920, 21, 91243, 91243
20, 10930, 21, 91160, 93424
20, 10940, 21, 91160, 93117
20, 10950, 21, 91160, 91160
20, 10960, 21, 91160, 91160
20, 10970, 21, 91160, 95980
20, 10980, 21, 91143, 93064
20, 10990, 21, 91143, 91751
20, 11000, 21, 91143, 91993
20, 11010, 21, 91143, 91143
20, 11020, 21, 90754, 91292
20, 11030, 21, 90754, 91321
20, 11040, 21, 90754, 90754
20, 11050, 21, 90754, 94786
20, 11060, 21, 90754, 90754
20, 11070, 21, 90754, 92358
20, 11080, 21, 90754, 90754
20, 11090, 21, 90696, 94530
20, 11100, 21, 90696, 93242
20, 11110, 21, 90696, 90696
20, 11120, 21, 90696, 90696
20, 11130, 21, 90621, 90621
20, 11140, 21, 90621, 90621
20, 11150, 21, 90570, 91535
20, 11160, 21, 90570, 90570
20, 11170, 21, 90570, 90570
20, 11180, 21, 90570, 92380
20, 11190, 21, 90570, 90570
20, 11200, 21, 90570, 90570
20, 11210, 21, 90570, 90570
20, 11220, 21, 90570, 90570
20, 11230, 21, 90433, 90433
20, 11240, 21, 90350, 90350
20, 11250, 21, 90350, 91966
20, 11260, 21, 90350, 90350
20, 11270, 21, 90350, 90350
20, 11280, 21, 90343, 90343
20, 11290, 21, 90343, 90343
20, 11300, 21, 90343, 91148
20, 11310, 21, 90343, 90343
20, 11320, 21, 90343, 90935
20, 11330, 21, 90343, 90343
20, 11340, 21, 90343, 90343
20, 11350, 21, 90343, 90343
20, 11360, 21, 90343, 90343
20, 11370, 21, 90343, 90343
20, 11380, 21, 90292, 90292
20, 11390, 21, 90292, 92101
20, 11400, 21, 90292, 90292
20, 11410, 21, 90292, 90292
20, 11420, 21, 90249, 90249
20, 11430, 21, 90249, 92904
20, 11440, 21, 90249, 92557
20, 11450, 21, 90149, 90149
20, 11460, 21, 90149, 90149
20, 11470, 21, 90149, 90149
20, 11480, 21, 90149, 90149
20, 11490, 21, 90149, 93336
20, 11500, 21, 90149, 90149
20, 11510, 21, 90149, 90149
20, 11520, 21, 90149, 90149
20, 11530, 21, 90149, 91183
20, 11540, 21, 90149, 90149
20, 11550, 21, 90149, 92345
20, 11560, 21, 89618, 91267
20, 11570, 21, 89618, 92576
20, 11580, 21, 89618, 89618
20, 11590, 21, 89618, 89618
20, 11600, 21, 89592, 89592
20, 11610, 21, 89592, 89592
20, 11620, 21, 89592, 91188
20, 11630, 21, 89592, 89592
20, 11640, 21, 89592, 89592
20, 11650, 21, 89592, 89592
20, 11660, 21, 89592, 89592
20, 11670, 21, 89592, 89592
20, 11680, 21, 89592, 89592
20, 11690, 21, 89592, 89592
20, 11700, 21, 89592, 89592
20, 11710, 21, 89592, 89592
20, 11720, 21, 89592, 89592
20, 11730, 21, 89592, 89592
20, 11740, 21, 89592, 89592
20, 11750, 21, 89592, 89592
20, 11760, 21, 89592, 93870
20, 11770, 21, 89567, 89575
20, 11780, 21, 89316, 93161
20, 11790, 21, 89316, 89316
20, 11800, 21, 89316, 89316
20, 11810, 21, 89316, 89316
20, 11820, 21, 89316, 89316
20, 11830, 21, 89316, 89316
20, 11840, 21, 88952, 88952
20, 11850, 21, 88952, 88952
20, 11860, 21, 88952, 91201
20, 11870, 21, 88952, 88952
20, 11880, 21, 88952, 88952
20, 11890, 21, 88952, 88952
20, 11900, 21, 88952, 89217
20, 11910, 21, 88952, 90992
20, 11920, 21, 88952, 88952
20, 11930, 21, 88952, 88952
20, 11940, 21, 88952, 89958
20, 11950, 21, 88952, 88952
20, 11960, 21, 88952, 90592
20, 11970, 21, 88952, 89705
20, 11980, 21, 88945, 88952
20, 11990, 21, 88945, 88945
20, 12000, 21, 88945, 88945
20, 12010, 21, 88945, 88945
20, 12020, 21, 88859, 91065
20, 12030, 21, 88859, 91310
20, 12040, 21, 88781, 88859
20, 12050, 21, 88716, 88781
20, 12060, 21, 88716, 88716
20, 12070, 21, 88716, 90351
20, 12080, 21, 88686, 88686
20, 12090, 21, 88686, 88686
20, 12100, 21, 88652, 88652
20, 12110, 21, 88652, 88652
20, 12120, 21, 88652, 88652
20, 12130, 21, 88569, 88652
20, 12140, 21, 88569, 88569
20, 12150, 21, 88527, 91587
20, 12160, 21, 88527, 89007
20, 12170, 21, 88527, 90479
20, 12180, 21, 88527, 88527
20, 12190, 21, 88527, 88527
20, 12200, 21, 88527, 88527
20, 12210, 21, 88527, 88527
20, 12220, 21, 88527, 88527
20, 12230, 21, 88527, 88527
20, 12240, 21, 88527, 88527
20, 12250, 21, 88527, 88527
20, 12260, 21, 88527, 88527
20, 12270, 21, 88527, 88527
20, 12280, 21, 88458, 89150
20, 12290, 21, 88428, 88458
20, 12300, 21, 88428, 88428
20, 12310, 21, 88427, 88428
20, 12320, 21, 88427, 88427
20, 12330, 21, 88427, 88427
20, 12340, 21, 88427, 89731
20, 12350, 21, 88427, 88427
20, 12360, 21, 88427, 90013
20, 12370, 21, 88427, 88427
20, 12380, 21, 88427, 88427
20, 12390, 21, 88427, 88647
20, 12400, 21, 88427, 88427
20, 12410, 21, 88427, 88427
20, 12420, 21, 88427, 92056
20, 12430, 21, 88358, 88358
20, 12440, 21, 88132, 88132
20, 12450, 21, 88132, 88132
20, 12460, 21, 88132, 88132
20, 12470, 21, 88132, 88132
20, 12480, 21, 88132, 88132
20, 12490, 21, 88132, 88132
20, 12500, 21, 88132, 88132
20, 12510, 21, 88008, 90945
20, 12520, 21, 88008, 88008
20, 12530, 21, 88008, 88008
20, 12540, 21, 88008, 88008
20, 12550, 21, 88008, 88008
20, 12560, 21, 88008, 88008
20, 12570, 21, 88008, 88008
20, 12580, 21, 87966, 87966
20, 12590, 21, 87966, 87966
20, 12600, 21, 87787, 87966
20, 12610, 21, 87787, 89733
20, 12620, 21, 87759, 89491
20, 12630, 21, 87759, 90436
20, 12640, 21, 87711, 87759
20, 12650, 21, 87711, 87711
20, 12660, 21, 87711, 87711
20, 12670, 21, 87711, 87711
20, 12680, 21, 87711, 87711
20, 12690, 21, 87711, 87711
20, 12700, 21, 87711, 87711
20, 12710, 21, 87711, 90111
20, 12720, 21, 87711, 87711
20, 12730, 21, 87711, 87711
20, 12740, 21, 87711, 88310
20, 12750, 21, 87711, 87711
20, 12760, 21, 87711, 87711
20, 12770, 21, 87711, 87711
20, 12780, 21, 87711, 88275
20, 12790, 21, 87711, 87711
20, 12800, 21, 87711, 87711
20, 12810, 21, 87711, 88950
20, 12820, 21, 87711, 87711
20, 12830, 21, 87534, 87534
20, 12840, 21, 87502, 87534
20, 12850, 21, 87433, 87502
20, 12860, 21, 87433, 87433
20, 12870, 21, 87433, 87433
20, 12880, 21, 87433, 89300
20, 12890, 21, 87297, 87995
20, 12900, 21, 87297, 87297
20, 12910, 21, 87297, 87297
20, 12920, 21, 87297, 87297
20, 12930, 21, 87268, 87651
20, 12940, 21, 87268, 87268
20, 12950, 21, 87268, 87268
20, 12960, 21, 87268, 87268
20, 12970, 21, 87268, 87268
20, 12980, 21, 87268, 87268
20, 12990, 21, 87268, 87268
20, 13000, 21, 87268, 87268
20, 13010, 21, 87268, 87268
20, 13020, 21, 87268, 87268
20, 13030, 21, 87268, 89099
20, 13040, 21, 87268, 87268
20, 13050, 21, 87268, 87268
20, 13060, 21, 87268, 87268
20, 13070, 21, 87268, 87268
20, 13080, 21, 87268, 87268
20, 13090, 21, 87268, 87268
20, 13100, 21, 87268, 87268
20, 13110, 21, 87268, 87268
20, 13120, 21, 87268, 87268
20, 13130, 21, 87268, 87268
20, 13140, 21, 87268, 87268
20, 13150, 21, 87268, 87268
20, 13160, 21, 87268, 87268
20, 13170, 21, 87268, 87268
20, 13180, 21, 87268, 88366
20, 13190, 21, 87268, 87268
20, 13200, 21, 87268, 87268
20, 13210, 21, 87092, 88384
20, 13220, 21, 87092, 88524
20, 13230, 21, 87082, 87082
20, 13240, 21, 86862, 87082
20, 13250, 21, 86664, 86862
20, 13260, 21, 86618, 86618
20, 13270, 21, 86618, 88862
20, 13280, 21, 86618, 86618
20, 13290, 21, 86618, 86618
20, 13300, 21, 86483, 86483
20, 13310, 21, 86321, 89578
20, 13320, 21, 86321, 86321
20, 13330, 21, 86321, 88380
20, 13340, 21, 86265, 88655
20, 13350, 21, 86148, 88288
20, 13360, 21, 86148, 86148
20, 13370, 21, 86148, 86148
20, 13380, 21, 86148, 86148
20, 13390, 21, 86148, 86148
20, 13400, 21, 86068, 86068
20, 13410, 21, 86068, 86068
20, 13420, 21, 86068, 86068
20, 13430, 21, 85934, 85934
20, 13440, 21, 85934, 85934
20, 13450, 21, 85875, 85875
20, 13460, 21, 85875, 85875
20, 13470, 21, 85875, 85875
20, 13480, 21, 85875, 85875
20, 13490, 21, 85875, 85875
20, 13500, 21, 85875, 85875
20, 13510, 21, 85875, 85875
20, 13520, 21, 85875, 86747
20, 13530, 21, 85875, 85875
20, 13540, 21, 85875, 85875
20, 13550, 21, 85875, 85875
20, 13560, 21, 85875, 85875
20, 13570, 21, 85875, 85875
20, 13580, 21, 85875, 85875
20, 13590, 21, 85875, 85875
20, 13600, 21, 85875, 86017
20, 13610, 21, 85875, 85875
20, 13620, 21, 85875, 85875
20, 13630, 21, 85775, 85775
20, 13640, 21, 85775, 85775
20, 13650, 21, 85503, 85503
20, 13660, 21, 85303, 85303
20, 13670, 21, 85303, 85303
20, 13680, 21, 85303, 85303
20, 13690, 21, 85303, 85303
20, 13700, 21, 85116, 85116
20, 13710, 21, 85116, 85116
20, 13720, 21, 85100, 85100
20, 13730, 21, 85100, 85100
20, 13740, 21, 85100, 85100
20, 13750, 21, 85100, 85100
20, 13760, 21, 85100, 85100
20, 13770, 21, 85100, 85100
20, 13780, 21, 85100, 85100
20, 13790, 21, 85100, 85100
20, 13800, 21, 85017, 85017
20, 13810, 21, 85017, 85017
20, 13820, 21, 85017, 85017
20, 13830, 21, 85017, 85017
20, 13840, 21, 85017, 85017
20, 13850, 21, 84910, 84910
20, 13860, 21, 84886, 84910
20, 13870, 21, 84886, 84886
20, 13880, 21, 84886, 84886
20, 13890, 21, 84886, 85209
20, 13900, 21, 84886, 84886
20, 13910, 21, 84886, 84886
20, 13920, 21, 84886, 86836
20, 13930, 21, 84868, 85468
20, 13940, 21, 84868, 85158
20, 13950, 21, 84868, 84868
20, 13960, 21, 84868, 84868
20, 13970, 21, 84868, 84868
20, 13980, 21, 84868, 84868
20, 13990, 21, 84868, 84868
20, 14000, 21, 84817, 84817
20, 14010, 21, 84817, 84817
20, 14020, 21, 84817, 84817
20, 14030, 21, 84817, 84817
20, 14040, 21, 84744, 84744
20, 14050, 21, 84725, 84744
20, 14060, 21, 84725, 84725
20, 14070, 21, 84725, 84725
20, 14080, 21, 84725, 84725
20, 14090, 21, 84725, 84725
20, 14100, 21, 84725, 86669
20, 14110, 21, 84725, 84725
20, 14120, 21, 84725, 84725
20, 14130, 21, 84725, 84725
20, 14140, 21, 84725, 84725
20, 14150, 21, 84725, 84725
20, 14160, 21, 84725, 84725
20, 14170, 21, 84718, 85964
20, 14180, 21, 84718, 84718
20, 14190, 21, 84718, 84718
20, 14200, 21, 84586, 84586
20, 14210, 21, 84586, 84586
20, 14220, 21, 84528, 84528
20, 14230, 21, 84528, 84528
20, 14240, 21, 84528, 84528
20, 14250, 21, 84528, 84528
20, 14260, 21, 84528, 84528
20, 14270, 21, 84528, 88177
20, 14280, 21, 84528, 84528
20, 14290, 21, 84528, 84528
20, 14300, 21, 84526, 84526
20, 14310, 21, 84520, 84520
20, 14320, 21, 84520, 84520
20, 14330, 21, 84520, 84520
20, 14340, 21, 84520, 84520
20, 14350, 21, 84520, 84520
20, 14360, 21, 84520, 84520
20, 14370, 21, 84520, 84520
20, 14380, 21, 84520, 84520
20, 14390, 21, 84520, 84520
20, 14400, 21, 84520, 84520
20, 14410, 21, 84520, 84520
20, 14420, 21, 84520, 84520
20, 14430, 21, 84520, 84520
20, 14440, 21, 84520, 84520
20, 14450, 21, 84520, 84520
20, 14460, 21, 84520, 84520
20, 14470, 21, 84520, 84520
20, 14480, 21, 84520, 84520
20, 14490, 21, 84520, 85149
20, 14500, 21, 84520, 84520
20, 14510, 21, 84520, 84520
20, 14520, 21, 84520, 84520
20, 14530, 21, 84520, 84520
20, 14540, 21, 84520, 84520
20, 14550, 21, 84506, 84520
20, 14560, 21, 84506, 84506
20, 14570, 21, 84282, 84282
20, 14580, 21, 84282, 84282
20, 14590, 21, 84282, 84282
20, 14600, 21, 84282, 84282
20, 14610, 21, 84282, 84282
20, 14620, 21, 84282, 84282
20, 14630, 21, 84282, 84282
20, 14640, 21, 84282, 84282
20, 14650, 21, 84282, 84282
20, 14660, 21, 84282, 84282
20, 14670, 21, 84282, 85513
20, 14680, 21, 84282, 84282
20, 14690, 21, 84282, 84282
20, 14700, 21, 84282, 84282
20, 14710, 21, 84282, 84282
20, 14720, 21, 84282, 84282
20, 14730, 21, 84282, 84282
20, 14740, 21, 84282, 84282
20, 14750, 21, 84282, 84282
20, 14760, 21, 84100, 84282
20, 14770, 21, 84100, 84100
20, 14780, 21, 84100, 84100
20, 14790, 21, 84100, 84100
20, 14800, 21, 84100, 84100
20, 14810, 21, 84100, 84100
20, 14820, 21, 84100, 84100
20, 14830, 21, 84001, 84100
20, 14840, 21, 83820, 85247
20, 14850, 21, 83820, 83820
20, 14860, 21, 83820, 83820
20, 14870, 21, 83820, 83820
20, 14880, 21, 83820, 83820
20, 14890, 21, 83820, 85150
20, 14900, 21, 83820, 86493
20, 14910, 21, 83820, 83820
20, 14920, 21, 83820, 83820
20, 14930, 21, 83820, 83820
20, 14940, 21, 83820, 83820
20, 14950, 21, 83820, 83820
20, 14960, 21, 83820, 83820
20, 14970, 21, 83820, 84721
20, 14980, 21, 83820, 83820
20, 14990, 21, 83820, 83820
20, 15000, 21, 83658, 83820
20, 15010, 21, 83658, 83658
20, 15020, 21, 83658, 83658
20, 15030, 21, 83658, 83658
20, 15040, 21, 83658, 83658
20, 15050, 21, 83658, 83658
20, 15060, 21, 83658, 83658
20, 15070, 21, 83641, 83641
20, 15080, 21, 83641, 83641
20, 15090, 21, 83641, 83641
20, 15100, 21, 83641, 83641
20, 15110, 21, 83641, 83641
20, 15120, 21, 83641, 83641
20, 15130, 21, 83641, 83641
20, 15140, 21, 83641, 83641
20, 15150, 21, 83599, 83599
20, 15160, 21, 83599, 83599
20, 15170, 21, 83599, 83599
20, 15180, 21, 83599, 83599
20, 15190, 21, 83599, 83599
20, 15200, 21, 83478, 83599
20, 15210, 21, 83478, 83478
20, 15220, 21, 83478, 83478
20, 15230, 21, 83478, 83478
20, 15240, 21, 83478, 83478
20, 15250, 21, 83443, 83478
20, 15260, 21, 83443, 83443
20, 15270, 21, 83443, 83443
20, 15280, 21, 83443, 83443
20, 15290, 21, 83443, 83443
20, 15300, 21, 83443, 83443
20, 15310, 21, 83392, 83392
20, 15320, 21, 83392, 83392
20, 15330, 21, 83286, 83286
20, 15340, 21, 83286, 83286
20, 15350, 21, 83286, 83286
20, 15360, 21, 83286, 84225
20, 15370, 21, 83286, 83286
20, 15380, 21, 83286, 83286
20, 15390, 21, 83286, 83286
20, 15400, 21, 83232, 83232
20, 15410, 21, 83232, 83232
20, 15420, 21, 83232, 83232
20, 15430, 21, 83109, 83109
20, 15440, 21, 83098, 83109
20, 15450, 21, 83098, 83098
20, 15460, 21, 83098, 83098
20, 15470, 21, 83098, 83098
20, 15480, 21, 83098, 83098
20, 15490, 21, 83098, 83098
20, 15500, 21, 83098, 83098
20, 15510, 21, 83098, 83098
20, 15520, 21, 83098, 83098
20, 15530, 21, 83098, 83098
20, 15540, 21, 83098, 83098
20, 15550, 21, 83098, 83098
20, 15560, 21, 83098, 83098
20, 15570, 21, 83098, 83098
20, 15580, 21, 82691, 83098
20, 15590, 21, 82691, 82691
20, 15600, 21, 82691, 82691
20, 15610, 21, 82691, 82691
20, 15620, 21, 82691, 82691
20, 15630, 21, 82691, 82691
20, 15640, 21, 82691, 82691
20, 15650, 21, 82691, 82691
20, 15660, 21, 82691, 82691
20, 15670, 21, 82691, 83322
20, 15680, 21, 82673, 82691
20, 15690, 21, 82606, 82673
20, 15700, 21, 82606, 86532
20, 15710, 21, 82606, 82606
20, 15720, 21, 82606, 82606
20, 15730, 21, 82606, 82606
20, 15740, 21, 82606, 82606
20, 15750, 21, 82606, 85842
20, 15760, 21, 82606, 82606
20, 15770, 21, 82606, 82606
20, 15780, 21, 82606, 82606
20, 15790, 21, 82606, 82606
20, 15800, 21, 82568, 82568
20, 15810, 21, 82568, 82568
20, 15820, 21, 82568, 82568
20, 15830, 21, 82568, 82568
20, 15840, 21, 82568, 82568
20, 15850, 21, 82485, 82485
20, 15860, 21, 82485, 82485
20, 15870, 21, 82485, 83922
20, 15880, 21, 82485, 82485
20, 15890, 21, 82485, 82485
20, 15900, 21, 82485, 82485
20, 15910, 21, 82485, 82485
20, 15920, 21, 82485, 82485
20, 15930, 21, 82294, 82294
20, 15940, 21, 82294, 82822
20, 15950, 21, 82294, 82294
20, 15960, 21, 82294, 82294
20, 15970, 21, 82294, 82294
20, 15980, 21, 82294, 82294
20, 15990, 21, 82235, 82294
20, 16000, 21, 82235, 82235
20, 16010, 21, 82235, 82235
20, 16020, 21, 82235, 82235
20, 16030, 21, 82063, 82063
20, 16040, 21, 82063, 82063
20, 16050, 21, 82063, 82063
20, 16060, 21, 82063, 82063
20, 16070, 21, 82063, 82063
20, 16080, 21, 82063, 82063
20, 16090, 21, 82063, 82063
20, 16100, 21, 82063, 82063
20, 16110, 21, 82063, 82063
20, 16120, 21, 82063, 82063
20, 16130, 21, 82063, 82063
20, 16140, 21, 82063, 82063
20, 16150, 21, 82063, 82063
20, 16160, 21, 82063, 82063
20, 16170, 21, 82063, 82063
20, 16180, 21, 82063, 82063
20, 16190, 21, 82063, 82063
20, 16200, 21, 82063, 82063
20, 16210, 21, 82063, 82063
20, 16220, 21, 82063, 82063
20, 16230, 21, 82063, 82063
20, 16240, 21, 82063, 82063
20, 16250, 21, 82063, 82063
20, 16260, 21, 82063, 82063
20, 16270, 21, 82063, 82063
20, 16280, 21, 82063, 82063
20, 16290, 21, 82063, 84377
20, 16300, 21, 82063, 82063
20, 16310, 21, 82063, 82063
20, 16320, 21, 82063, 82063
20, 16330, 21, 82063, 82063
20, 16340, 21, 82063, 82063
20, 16350, 21, 82063, 82063
20, 16360, 21, 82063, 82063
20, 16370, 21, 82063, 82063
20, 16380, 21, 82045, 82045
20, 16390, 21, 82045, 82045
20, 16400, 21, 82045, 82045
20, 16410, 21, 81750, 81786
20, 16420, 21, 81750, 84009
20, 16430, 21, 81750, 81750
20, 16440, 21, 81626, 81626
20, 16450, 21, 81626, 81626
20, 16460, 21, 81626, 81626
20, 16470, 21, 81626, 81626
20, 16480, 21, 81626, 81626
20, 16490, 21, 81626, 82311
20, 16500, 21, 81626, 81626
20, 16510, 21, 81626, 81626
20, 16520, 21, 81626, 81626
20, 16530, 21, 81626, 81626
20, 16540, 21, 81626, 81626
20, 16550, 21, 81626, 81626
20, 16560, 21, 81626, 81626
20, 16570, 21, 81626, 81626
20, 16580, 21, 81626, 81626
20, 16590, 21, 81626, 82553
20, 16600, 21, 81626, 81626
20, 16610, 21, 81626, 81626
20, 16620, 21, 81626, 81626
20, 16630, 21, 81387, 84648
20, 16640, 21, 81387, 81387
20, 16650, 21, 81387, 81387
20, 16660, 21, 81387, 81387
20, 16670, 21, 81387, 81387
20, 16680, 21, 81387, 81387
20, 16690, 21, 81387, 81387
20, 16700, 21, 81387, 81387
20, 16710, 21, 81379, 81387
20, 16720, 21, 81379, 81379
20, 16730, 21, 81379, 81379
20, 16740, 21, 81328, 81328
20, 16750, 21, 81328, 81328
20, 16760, 21, 81328, 81328
20, 16770, 21, 81328, 81328
20, 16780, 21, 81324, 81328
20, 16790, 21, 81324, 81324
20, 16800, 21, 81324, 81324
20, 16810, 21, 81265, 81324
20, 16820, 21, 81265, 81265
20, 16830, 21, 81265, 81265
20, 16840, 21, 81265, 81265
20, 16850, 21, 81265, 81265
20, 16860, 21, 81265, 81265
20, 16870, 21, 81265, 81265
20, 16880, 21, 81265, 81265
20, 16890, 21, 81265, 82425
20, 16900, 21, 81265, 81265
20, 16910, 21, 81265, 81265
20, 16920, 21, 81265, 81265
20, 16930, 21, 81265, 81265
20, 16940, 21, 81265, 83228
20, 16950, 21, 81265, 81265
20, 16960, 21, 81147, 81147
20, 16970, 21, 81147, 81147
20, 16980, 21, 81147, 82645
20, 16990, 21, 81147, 81147
20, 17000, 21, 81088, 81147
20, 17010, 21, 81063, 81063
20, 17020, 21, 81063, 81063
20, 17030, 21, 81063, 81063
20, 17040, 21, 80998, 80998
20, 17050, 21, 80998, 80998
20, 17060, 21, 80959, 80998
20, 17070, 21, 80959, 80959
20, 17080, 21, 80959, 80959
20, 17090, 21, 80959, 80959
20, 17100, 21, 80959, 80959
20, 17110, 21, 80959, 80959
20, 17120, 21, 80959, 81359
20, 17130, 21, 80959, 80959
20, 17140, 21, 80959, 80959
20, 17150, 21, 80930, 80959
20, 17160, 21, 80834, 80834
20, 17170, 21, 80834, 80834
20, 17180, 21, 80834, 80834
20, 17190, 21, 80834, 80834
20, 17200, 21, 80834, 80834
20, 17210, 21, 80834, 80834
20, 17220, 21, 80834, 80834
20, 17230, 21, 80834, 80834
20, 17240, 21, 80834, 80834
20, 17250, 21, 80834, 80834
20, 17260, 21, 80834, 80834
20, 17270, 21, 80757, 80757
20, 17280, 21, 80757, 80757
20, 17290, 21, 80757, 80757
20, 17300, 21, 80641, 80757
20, 17310, 21, 80641, 80641
20, 17320, 21, 80641, 80641
20, 17330, 21, 80621, 80621
20, 17340, 21, 80621, 80621
20, 17350, 21, 80621, 80621
20, 17360, 21, 80621, 80621
20, 17370, 21, 80621, 80621
20, 17380, 21, 80621, 80621
20, 17390, 21, 80621, 80621
20, 17400, 21, 80621, 80621
20, 17410, 21, 80621, 80621
20, 17420, 21, 80621, 80621
20, 17430, 21, 80621, 80621
20, 17440, 21, 80621, 80621
20, 17450, 21, 80621, 80621
20, 17460, 21, 80621, 80621
20, 17470, 21, 80468, 80468
20, 17480, 21, 80468, 80468
20, 17490, 21, 80468, 80468
20, 17500, 21, 80468, 80468
20, 17510, 21, 80468, 80468
20, 17520, 21, 80468, 80468
20, 17530, 21, 80468, 80468
20, 17540, 21, 80344, 80468
20, 17550, 21, 80344, 80344
20, 17560, 21, 80344, 80344
20, 17570, 21, 80344, 80344
20, 17580, 21, 80344, 80344
20, 17590, 21, 80344, 80344
20, 17600, 21, 80344, 80344
20, 17610, 21, 80344, 80344
20, 17620, 21, 80344, 80344
20, 17630, 21, 80344, 82701
20, 17640, 21, 80344, 80344
20, 17650, 21, 80344, 80344
20, 17660, 21, 80344, 80344
20, 17670, 21, 80344, 80344
20, 17680, 21, 80344, 80344
20, 17690, 21, 80344, 80344
20, 17700, 21, 80344, 80344
20, 17710, 21, 80344, 80344
20, 17720, 21, 80344, 80344
20, 17730, 21, 80344, 80344
20, 17740, 21, 80221, 80221
20, 17750, 21, 80221, 80221
20, 17760, 21, 80221, 80221
20, 17770, 21, 80119, 80119
20, 17780, 21, 80119, 80119
20, 17790, 21, 80119, 80119
20, 17800, 21, 80119, 80119
20, 17810, 21, 80119, 83070
20, 17820, 21, 80119, 80119
20, 17830, 21, 79995, 79995
20, 17840, 21, 79995, 79995
20, 17850, 21, 79995, 79995
20, 17860, 21, 79995, 79995
20, 17870, 21, 79995, 79995
20, 17880, 21, 79995, 79995
20, 17890, 21, 79995, 79995
20, 17900, 21, 79954, 79954
20, 17910, 21, 79954, 79954
20, 17920, 21, 79915, 79954
20, 17930, 21, 79915, 79915
20, 17940, 21, 79915, 79915
20, 17950, 21, 79915, 79915
20, 17960, 21, 79915, 81470
20, 17970, 21, 79915, 79915
20, 17980, 21, 79915, 79915
20, 17990, 21, 79915, 79915
20, 18000, 21, 79915, 79915
20, 18010, 21, 79915, 79915
20, 18020, 21, 79915, 79915
20, 18030, 21, 79915, 79915
20, 18040, 21, 79915, 79915
20, 18050, 21, 79915, 79915
20, 18060, 21, 79915, 79915
20, 18070, 21, 79915, 79915
20, 18080, 21, 79915, 79915
20, 18090, 21, 79915, 79915
20, 18100, 21, 79913, 79913
20, 18110, 21, 79913, 79913
20, 18120, 21, 79855, 79855
20, 18130, 21, 79847, 79847
20, 18140, 21, 79847, 79847
20, 18150, 21, 79535, 79535
20, 18160, 21, 79535, 79535
20, 18170, 21, 79535, 79535
20, 18180, 21, 79535, 79535
20, 18190, 21, 79535, 79535
20, 18200, 21, 79535, 79535
20, 18210, 21, 79535, 79535
20, 18220, 21, 79535, 79535
20, 18230, 21, 79535, 79535
20, 18240, 21, 79535, 79535
20, 18250, 21, 79535, 79535
20, 18260, 21, 79535, 79535
20, 18270, 21, 79510, 79535
20, 18280, 21, 79510, 79510
20, 18290, 21, 79510, 79510
20, 18300, 21, 79510, 79510
20, 18310, 21, 79510, 79510
20, 18320, 21, 79510, 79510
20, 18330, 21, 79510, 79510
20, 18340, 21, 79510, 79510
20, 18350, 21, 79428, 79428
20, 18360, 21, 79428, 79428
20, 18370, 21, 79428, 79817
20, 18380, 21, 79428, 79428
20, 18390, 21, 79428, 79428
20, 18400, 21, 79428, 79428
20, 18410, 21, 79428, 79428
20, 18420, 21, 79428, 79428
20, 18430, 21, 79428, 79428
20, 18440, 21, 79414, 79414
20, 18450, 21, 79414, 79414
20, 18460, 21, 79414, 79414
20, 18470, 21, 79414, 79414
20, 18480, 21, 79414, 79414
20, 18490, 21, 79414, 79414
20, 18500, 21, 79414, 79414
20, 18510, 21, 79414, 79414
20, 18520, 21, 79255, 79255
20, 18530, 21, 79255, 79255
20, 18540, 21, 79255, 79255
20, 18550, 21, 79255, 79255
20, 18560, 21, 79255, 79255
20, 18570, 21, 79255, 79255
20, 18580, 21, 79255, 79255
20, 18590, 21, 79255, 79255
20, 18600, 21, 79255, 79255
20, 18610, 21, 79255, 79255
20, 18620, 21, 79255, 79255
20, 18630, 21, 79255, 79255
20, 18640, 21, 79255, 79255
20, 18650, 21, 79255, 79255
20, 18660, 21, 79255, 79255
20, 18670, 21, 79190, 79255
20, 18680, 21, 79190, 79190
20, 18690, 21, 79190, 79190
20, 18700, 21, 79190, 79190
20, 18710, 21, 79190, 79190
20, 18720, 21, 79190, 79190
20, 18730, 21, 79190, 79190
20, 18740, 21, 79190, 79190
20, 18750, 21, 79190, 79190
20, 18760, 21, 79190, 79190
20, 18770, 21, 79166, 79166
20, 18780, 21, 79166, 79166
20, 18790, 21, 79142, 79153
20, 18800, 21, 79142, 79142
20, 18810, 21, 79142, 79142
20, 18820, 21, 79142, 79142
20, 18830, 21, 79142, 79142
20, 18840, 21, 79142, 79142
20, 18850, 21, 79142, 79142
20, 18860, 21, 79142, 79142
20, 18870, 21, 79142, 79142
20, 18880, 21, 79142, 79142
20, 18890, 21, 79142, 79342
20, 18900, 21, 79142, 79142
20, 18910, 21, 79142, 79142
20, 18920, 21, 79142, 79142
20, 18930, 21, 79142, 79142
20, 18940, 21, 79142, 79142
20, 18950, 21, 79142, 79142
20, 18960, 21, 79142, 79142
20, 18970, 21, 79030, 80262
20, 18980, 21, 79024, 79024
20, 18990, 21, 79024, 79024
20, 19000, 21, 79024, 79024
20, 19010, 21, 79024, 79024
20, 19020, 21, 79024, 79024
20, 19030, 21, 79024, 79024
20, 19040, 21, 79024, 79024
20, 19050, 21, 79024, 79024
20, 19060, 21, 79024, 80557
20, 19070, 21, 79024, 79024
20, 19080, 21, 78964, 79024
20, 19090, 21, 78964, 78964
20, 19100, 21, 78964, 78964
20, 19110, 21, 78771, 78964
20, 19120, 21, 78771, 78771
20, 19130, 21, 78771, 78771
20, 19140, 21, 78771, 78771
20, 19150, 21, 78771, 78771
20, 19160, 21, 78771, 78771
20, 19170, 21, 78771, 78771
20, 19180, 21, 78771, 78771
20, 19190, 21, 78771, 78771
20, 19200, 21, 78771, 78771
20, 19210, 21, 78771, 78771
20, 19220, 21, 78771, 78771
20, 19230, 21, 78771, 78771
20, 19240, 21, 78771, 78771
20, 19250, 21, 78771, 78771
20, 19260, 21, 78771, 78771
20, 19270, 21, 78695, 78695
20, 19280, 21, 78695, 78695
20, 19290, 21, 78695, 78695
20, 19300, 21, 78695, 78695
20, 19310, 21, 78636, 78636
20, 19320, 21, 78636, 78636
20, 19330, 21, 78636, 78636
20, 19340, 21, 78636, 78636
20, 19350, 21, 78528, 78636
20, 19360, 21, 78528, 78528
20, 19370, 21, 78528, 79043
20, 19380, 21, 78528, 78528
20, 19390, 21, 78528, 78528
20, 19400, 21, 78517, 78517
20, 19410, 21, 78517, 78517
20, 19420, 21, 78461, 78461
20, 19430, 21, 78461, 78461
20, 19440, 21, 78461, 78461
20, 19450, 21, 78461, 78461
20, 19460, 21, 78461, 78461
20, 19470, 21, 78461, 78461
20, 19480, 21, 78461, 78461
20, 19490, 21, 78461, 78461
20, 19500, 21, 78461, 78461
20, 19510, 21, 78461, 78461
20, 19520, 21, 78461, 78461
20, 19530, 21, 78461, 78461
20, 19540, 21, 78461, 78461
20, 19550, 21, 78461, 78461
20, 19560, 21, 78461, 78461
20, 19570, 21, 78461, 78461
20, 19580, 21, 78461, 78461
20, 19590, 21, 78459, 78461
20, 19600, 21, 78459, 78459
20, 19610, 21, 78459, 81303
20, 19620, 21, 78459, 78459
20, 19630, 21, 78459, 78459
20, 19640, 21, 78459, 78459
20, 19650, 21, 78459, 78459
20, 19660, 21, 78459, 78459
20, 19670, 21, 78459, 78459
20, 19680, 21, 78459, 78459
20, 19690, 21, 78459, 78459
20, 19700, 21, 78459, 78459
20, 19710, 21, 78459, 78459
20, 19720, 21, 78459, 78459
20, 19730, 21, 78459, 78459
20, 19740, 21, 78459, 78459
20, 19750, 21, 78459, 78459
20, 19760, 21, 78459, 78459
20, 19770, 21, 78459, 78459
20, 19780, 21, 78459, 78459
20, 19790, 21, 78459, 78459
20, 19800, 21, 78459, 78459
20, 19810, 21, 78441, 78441
20, 19820, 21, 78441, 78441
20, 19830, 21, 78349, 78349
20, 19840, 21, 78349, 78349
20, 19850, 21, 78349, 78349
20, 19860, 21, 78322, 78322
20, 19870, 21, 78322, 78322
20, 19880, 21, 78322, 78322
20, 19890, 21, 78290, 78290
20, 19900, 21, 78290, 78290
20, 19910, 21, 78290, 78290
20, 19920, 21, 78290, 78290
20, 19930, 21, 78290, 78290
20, 19940, 21, 78290, 78290
20, 19950, 21, 78290, 78290
20, 19960, 21, 78290, 78290
20, 19970, 21, 78290, 78290
20, 19980, 21, 78225, 78225
20, 19990, 21, 78225, 78225
