Population Size, Generation Count, Repetition, Best Fitness, Median Fitness
100, 0, 22, 716798, 773666
100, 10, 22, 681087, 696733
100, 20, 22, 650445, 668503
100, 30, 22, 630827, 638005
100, 40, 22, 610962, 618866
100, 50, 22, 592944, 603017
100, 60, 22, 580382, 586839
100, 70, 22, 564060, 570126
100, 80, 22, 554915, 560505
100, 90, 22, 545848, 550193
100, 100, 22, 533757, 540998
100, 110, 22, 522939, 529255
100, 120, 22, 512125, 519150
100, 130, 22, 505606, 509997
100, 140, 22, 498599, 503041
100, 150, 22, 486488, 493972
100, 160, 22, 481149, 485085
100, 170, 22, 472394, 478020
100, 180, 22, 467299, 471676
100, 190, 22, 458809, 463280
100, 200, 22, 450878, 454706
100, 210, 22, 444388, 448274
100, 220, 22, 440114, 443508
100, 230, 22, 434837, 438751
100, 240, 22, 429155, 433421
100, 250, 22, 425179, 428390
100, 260, 22, 420021, 423519
100, 270, 22, 413991, 420505
100, 280, 22, 409316, 413561
100, 290, 22, 405200, 408788
100, 300, 22, 396317, 402748
100, 310, 22, 391913, 394333
100, 320, 22, 386959, 391611
100, 330, 22, 382822, 386937
100, 340, 22, 377007, 382376
100, 350, 22, 371945, 376127
100, 360, 22, 366152, 371169
100, 370, 22, 363437, 366229
100, 380, 22, 360172, 364176
100, 390, 22, 355745, 360664
100, 400, 22, 352544, 355356
100, 410, 22, 348785, 352504
100, 420, 22, 343969, 347589
100, 430, 22, 335877, 340400
100, 440, 22, 330893, 336450
100, 450, 22, 329202, 333697
100, 460, 22, 324444, 329505
100, 470, 22, 322801, 325276
100, 480, 22, 319205, 322715
100, 490, 22, 315950, 319853
100, 500, 22, 311879, 316212
100, 510, 22, 309055, 312931
100, 520, 22, 306075, 310122
100, 530, 22, 303211, 307580
100, 540, 22, 301698, 304959
100, 550, 22, 297229, 300855
100, 560, 22, 296022, 298261
100, 570, 22, 293719, 296725
100, 580, 22, 290780, 294734
100, 590, 22, 287517, 291426
100, 600, 22, 284859, 288530
100, 610, 22, 283475, 286293
100, 620, 22, 282193, 284249
100, 630, 22, 279597, 284057
100, 640, 22, 277448, 280757
100, 650, 22, 274683, 278596
100, 660, 22, 273863, 276900
100, 670, 22, 271855, 274898
100, 680, 22, 268762, 272531
100, 690, 22, 267220, 270512
100, 700, 22, 265402, 268398
100, 710, 22, 264162, 266543
100, 720, 22, 262474, 266429
100, 730, 22, 260855, 264079
100, 740, 22, 259608, 263383
100, 750, 22, 257061, 259504
100, 760, 22, 254836, 257628
100, 770, 22, 251873, 255147
100, 780, 22, 250464, 254165
100, 790, 22, 248499, 252010
100, 800, 22, 247372, 250653
100, 810, 22, 245998, 249481
100, 820, 22, 244455, 247725
100, 830, 22, 242867, 246671
100, 840, 22, 241147, 244779
100, 850, 22, 239100, 241141
100, 860, 22, 237232, 240412
100, 870, 22, 236959, 239757
100, 880, 22, 233589, 238041
100, 890, 22, 230377, 233320
100, 900, 22, 229169, 232966
100, 910, 22, 228374, 231581
100, 920, 22, 227060, 229706
100, 930, 22, 226319, 228946
100, 940, 22, 224826, 226838
100, 950, 22, 222125, 226630
100, 960, 22, 221450, 225351
100, 970, 22, 220251, 223823
100, 980, 22, 217852, 221341
100, 990, 22, 217082, 219911
100, 1000, 22, 215500, 218708
100, 1010, 22, 214740, 219059
100, 1020, 22, 214078, 217688
100, 1030, 22, 213409, 215848
100, 1040, 22, 212652, 216281
100, 1050, 22, 211022, 214879
100, 1060, 22, 210014, 213317
100, 1070, 22, 209463, 211964
100, 1080, 22, 207049, 211245
100, 1090, 22, 206044, 208829
100, 1100, 22, 204014, 206000
100, 1110, 22, 203251, 206609
100, 1120, 22, 201851, 206119
100, 1130, 22, 201479, 204087
100, 1140, 22, 200745, 204048
100, 1150, 22, 199496, 202635
100, 1160, 22, 198792, 200532
100, 1170, 22, 197013, 199992
100, 1180, 22, 196448, 198367
100, 1190, 22, 195443, 199454
100, 1200, 22, 193597, 197595
100, 1210, 22, 192873, 196300
100, 1220, 22, 191642, 195545
100, 1230, 22, 191133, 194734
100, 1240, 22, 189829, 193556
100, 1250, 22, 189687, 192521
100, 1260, 22, 189023, 193313
100, 1270, 22, 188349, 191430
100, 1280, 22, 188131, 190636
100, 1290, 22, 187759, 190177
100, 1300, 22, 186514, 190480
100, 1310, 22, 185830, 188547
100, 1320, 22, 184876, 188424
100, 1330, 22, 184013, 187391
100, 1340, 22, 183008, 185850
100, 1350, 22, 182226, 185954
100, 1360, 22, 181139, 183389
100, 1370, 22, 180678, 183802
100, 1380, 22, 180358, 182662
100, 1390, 22, 179492, 182583
100, 1400, 22, 178472, 181504
100, 1410, 22, 178007, 181253
100, 1420, 22, 177630, 181027
100, 1430, 22, 176749, 179788
100, 1440, 22, 176298, 179500
100, 1450, 22, 175989, 178603
100, 1460, 22, 174846, 177989
100, 1470, 22, 174218, 177339
100, 1480, 22, 173317, 176909
100, 1490, 22, 172150, 175465
100, 1500, 22, 171458, 174485
100, 1510, 22, 171137, 173316
100, 1520, 22, 170756, 173637
100, 1530, 22, 169985, 172938
100, 1540, 22, 169017, 171946
100, 1550, 22, 167804, 171253
100, 1560, 22, 167320, 169905
100, 1570, 22, 166624, 169881
100, 1580, 22, 165259, 167679
100, 1590, 22, 165053, 167777
100, 1600, 22, 164449, 166578
100, 1610, 22, 163410, 165630
100, 1620, 22, 162450, 164244
100, 1630, 22, 161951, 164523
100, 1640, 22, 161249, 163785
100, 1650, 22, 160929, 163478
100, 1660, 22, 159961, 163411
100, 1670, 22, 159554, 161437
100, 1680, 22, 158532, 161814
100, 1690, 22, 157983, 160756
100, 1700, 22, 157188, 159698
100, 1710, 22, 156593, 159129
100, 1720, 22, 156253, 158371
100, 1730, 22, 155932, 159438
100, 1740, 22, 155593, 158549
100, 1750, 22, 154888, 157655
100, 1760, 22, 153968, 156756
100, 1770, 22, 153818, 157069
100, 1780, 22, 153653, 155843
100, 1790, 22, 153653, 155687
100, 1800, 22, 152836, 156294
100, 1810, 22, 152007, 155962
100, 1820, 22, 151379, 153770
100, 1830, 22, 150969, 152686
100, 1840, 22, 150499, 153960
100, 1850, 22, 150034, 151921
100, 1860, 22, 149574, 153130
100, 1870, 22, 149046, 152524
100, 1880, 22, 148751, 151656
100, 1890, 22, 147921, 150878
100, 1900, 22, 147824, 150811
100, 1910, 22, 147625, 148972
100, 1920, 22, 147231, 150365
100, 1930, 22, 146261, 147678
100, 1940, 22, 146044, 148703
100, 1950, 22, 145163, 147999
100, 1960, 22, 144754, 147758
100, 1970, 22, 143784, 148410
100, 1980, 22, 143220, 145519
100, 1990, 22, 142849, 145042
100, 2000, 22, 142237, 145363
100, 2010, 22, 142166, 144437
100, 2020, 22, 141730, 144070
100, 2030, 22, 141187, 144017
100, 2040, 22, 140131, 141799
100, 2050, 22, 139602, 142827
100, 2060, 22, 138348, 140901
100, 2070, 22, 137832, 140314
100, 2080, 22, 137459, 140132
100, 2090, 22, 136933, 140377
100, 2100, 22, 136663, 139485
100, 2110, 22, 136515, 138684
100, 2120, 22, 136315, 138342
100, 2130, 22, 136002, 138355
100, 2140, 22, 135732, 139123
100, 2150, 22, 135477, 137812
100, 2160, 22, 134957, 137246
100, 2170, 22, 134957, 136396
100, 2180, 22, 134269, 136838
100, 2190, 22, 133578, 136962
100, 2200, 22, 132860, 135914
100, 2210, 22, 132522, 135779
100, 2220, 22, 132189, 134413
100, 2230, 22, 132156, 134949
100, 2240, 22, 131771, 134436
100, 2250, 22, 131433, 134007
100, 2260, 22, 131091, 132821
100, 2270, 22, 130642, 133036
100, 2280, 22, 130288, 134617
100, 2290, 22, 130100, 132489
100, 2300, 22, 129531, 132041
100, 2310, 22, 128886, 132371
100, 2320, 22, 128333, 131269
100, 2330, 22, 128077, 131206
100, 2340, 22, 127471, 131078
100, 2350, 22, 127154, 129602
100, 2360, 22, 127015, 129700
100, 2370, 22, 126123, 129022
100, 2380, 22, 125573, 128923
100, 2390, 22, 125333, 128383
100, 2400, 22, 125060, 128451
100, 2410, 22, 124576, 127676
100, 2420, 22, 124460, 126101
100, 2430, 22, 124460, 127125
100, 2440, 22, 124232, 127460
100, 2450, 22, 123795, 126527
100, 2460, 22, 123278, 125804
100, 2470, 22, 122912, 125401
100, 2480, 22, 122522, 123695
100, 2490, 22, 122258, 125532
100, 2500, 22, 121779, 124046
100, 2510, 22, 121766, 123648
100, 2520, 22, 121439, 124910
100, 2530, 22, 121250, 123618
100, 2540, 22, 121115, 123061
100, 2550, 22, 120751, 122957
100, 2560, 22, 120455, 122288
100, 2570, 22, 120034, 123040
100, 2580, 22, 119711, 122062
100, 2590, 22, 119527, 122687
100, 2600, 22, 119260, 121891
100, 2610, 22, 118959, 122495
100, 2620, 22, 118662, 120551
100, 2630, 22, 118397, 120773
100, 2640, 22, 118226, 120799
100, 2650, 22, 117270, 120201
100, 2660, 22, 117193, 119032
100, 2670, 22, 116822, 119011
100, 2680, 22, 116188, 119260
100, 2690, 22, 116029, 117309
100, 2700, 22, 115660, 117933
100, 2710, 22, 115437, 118636
100, 2720, 22, 115223, 118285
100, 2730, 22, 115041, 116406
100, 2740, 22, 114825, 117037
100, 2750, 22, 114574, 117348
100, 2760, 22, 114289, 115554
100, 2770, 22, 114104, 116293
100, 2780, 22, 113919, 116053
100, 2790, 22, 113446, 116081
100, 2800, 22, 113010, 116661
100, 2810, 22, 112187, 116245
100, 2820, 22, 111963, 115187
100, 2830, 22, 111963, 114474
100, 2840, 22, 111763, 113539
100, 2850, 22, 111508, 113598
100, 2860, 22, 111177, 114240
100, 2870, 22, 111053, 113314
100, 2880, 22, 110753, 113948
100, 2890, 22, 110753, 114376
100, 2900, 22, 109966, 112134
100, 2910, 22, 109353, 112177
100, 2920, 22, 109118, 111452
100, 2930, 22, 108790, 111326
100, 2940, 22, 108729, 110429
100, 2950, 22, 108699, 110878
100, 2960, 22, 108367, 111200
100, 2970, 22, 108367, 111100
100, 2980, 22, 108167, 110483
100, 2990, 22, 107750, 109778
100, 3000, 22, 106993, 108581
100, 3010, 22, 106978, 108666
100, 3020, 22, 106807, 110842
100, 3030, 22, 106564, 109376
100, 3040, 22, 106339, 108953
100, 3050, 22, 106251, 108068
100, 3060, 22, 105570, 107991
100, 3070, 22, 105429, 108941
100, 3080, 22, 105319, 107556
100, 3090, 22, 105100, 107532
100, 3100, 22, 104532, 107477
100, 3110, 22, 104319, 106741
100, 3120, 22, 104168, 106163
100, 3130, 22, 104005, 106689
100, 3140, 22, 103798, 106320
100, 3150, 22, 103798, 105552
100, 3160, 22, 103757, 105050
100, 3170, 22, 103512, 106812
100, 3180, 22, 102933, 105858
100, 3190, 22, 102885, 104816
100, 3200, 22, 102718, 105663
100, 3210, 22, 102268, 104618
100, 3220, 22, 101892, 104069
100, 3230, 22, 101685, 103685
100, 3240, 22, 101552, 102998
100, 3250, 22, 100966, 103590
100, 3260, 22, 100796, 102564
100, 3270, 22, 100547, 103492
100, 3280, 22, 100348, 102053
100, 3290, 22, 100084, 102430
100, 3300, 22, 99929, 102846
100, 3310, 22, 99727, 102728
100, 3320, 22, 99567, 100663
100, 3330, 22, 99567, 102240
100, 3340, 22, 99551, 101699
100, 3350, 22, 99372, 102513
100, 3360, 22, 99351, 101965
100, 3370, 22, 98937, 100896
100, 3380, 22, 98887, 100648
100, 3390, 22, 98887, 100784
100, 3400, 22, 98566, 100779
100, 3410, 22, 98518, 100498
100, 3420, 22, 98471, 101334
100, 3430, 22, 98173, 100756
100, 3440, 22, 98103, 100232
100, 3450, 22, 98055, 101483
100, 3460, 22, 98035, 100052
100, 3470, 22, 97704, 100477
100, 3480, 22, 97338, 98951
100, 3490, 22, 96967, 100244
100, 3500, 22, 96884, 99032
100, 3510, 22, 96768, 99198
100, 3520, 22, 96653, 99305
100, 3530, 22, 96354, 99559
100, 3540, 22, 96194, 98126
100, 3550, 22, 95859, 98219
100, 3560, 22, 95757, 98283
100, 3570, 22, 95622, 95967
100, 3580, 22, 95604, 97615
100, 3590, 22, 95509, 97264
100, 3600, 22, 95490, 96063
100, 3610, 22, 95287, 97072
100, 3620, 22, 95204, 96934
100, 3630, 22, 94998, 97524
100, 3640, 22, 94998, 95671
100, 3650, 22, 94944, 97832
100, 3660, 22, 94560, 96236
100, 3670, 22, 94219, 96571
100, 3680, 22, 94219, 96396
100, 3690, 22, 94024, 96251
100, 3700, 22, 93790, 96102
100, 3710, 22, 93667, 95667
100, 3720, 22, 93592, 95639
100, 3730, 22, 93272, 96394
100, 3740, 22, 93100, 94865
100, 3750, 22, 92780, 94592
100, 3760, 22, 92228, 94767
100, 3770, 22, 92228, 94457
100, 3780, 22, 92037, 93348
100, 3790, 22, 91914, 94361
100, 3800, 22, 91493, 94128
100, 3810, 22, 91353, 92510
100, 3820, 22, 91082, 94360
100, 3830, 22, 91082, 92444
100, 3840, 22, 91044, 92569
100, 3850, 22, 90991, 92040
100, 3860, 22, 90991, 92180
100, 3870, 22, 90971, 93148
100, 3880, 22, 90771, 91760
100, 3890, 22, 90620, 92752
100, 3900, 22, 90520, 92104
100, 3910, 22, 90395, 91931
100, 3920, 22, 90179, 92719
100, 3930, 22, 90037, 92058
100, 3940, 22, 89925, 91819
100, 3950, 22, 89658, 92594
100, 3960, 22, 89451, 90777
100, 3970, 22, 89410, 91664
100, 3980, 22, 89380, 92503
100, 3990, 22, 89380, 92304
100, 4000, 22, 89356, 92258
100, 4010, 22, 89181, 89525
100, 4020, 22, 89095, 90853
100, 4030, 22, 89095, 91006
100, 4040, 22, 89075, 91957
100, 4050, 22, 88944, 90076
100, 4060, 22, 88944, 90341
100, 4070, 22, 88911, 91045
100, 4080, 22, 88704, 91826
100, 4090, 22, 88492, 92084
100, 4100, 22, 88492, 89032
100, 4110, 22, 88080, 88881
100, 4120, 22, 87965, 90166
100, 4130, 22, 87789, 90294
100, 4140, 22, 87571, 89192
100, 4150, 22, 87571, 89369
100, 4160, 22, 87546, 89163
100, 4170, 22, 87546, 88546
100, 4180, 22, 87546, 89347
100, 4190, 22, 87546, 88643
100, 4200, 22, 87426, 88793
100, 4210, 22, 87426, 88927
100, 4220, 22, 87274, 90699
100, 4230, 22, 87249, 87275
100, 4240, 22, 87249, 89652
100, 4250, 22, 86881, 87685
100, 4260, 22, 86674, 88898
100, 4270, 22, 86498, 86674
100, 4280, 22, 86275, 87815
100, 4290, 22, 86136, 89290
100, 4300, 22, 85682, 88070
100, 4310, 22, 85580, 86969
100, 4320, 22, 85464, 88027
100, 4330, 22, 85305, 86857
100, 4340, 22, 85259, 88069
100, 4350, 22, 84972, 88169
100, 4360, 22, 84946, 87523
100, 4370, 22, 84889, 87031
100, 4380, 22, 84770, 86791
100, 4390, 22, 84539, 85583
100, 4400, 22, 84483, 86308
100, 4410, 22, 84401, 85927
100, 4420, 22, 84401, 85578
100, 4430, 22, 84373, 85729
100, 4440, 22, 84373, 86503
100, 4450, 22, 84042, 84567
100, 4460, 22, 83990, 85770
100, 4470, 22, 83990, 85998
100, 4480, 22, 83990, 84262
100, 4490, 22, 83920, 85781
100, 4500, 22, 83920, 86199
100, 4510, 22, 83882, 85806
100, 4520, 22, 83771, 85954
100, 4530, 22, 83601, 86077
100, 4540, 22, 83522, 84941
100, 4550, 22, 83522, 85398
100, 4560, 22, 83483, 85121
100, 4570, 22, 83483, 85667
100, 4580, 22, 83377, 84792
100, 4590, 22, 83137, 84712
100, 4600, 22, 82995, 84879
100, 4610, 22, 82972, 83686
100, 4620, 22, 82772, 85534
100, 4630, 22, 82752, 84555
100, 4640, 22, 82752, 84674
100, 4650, 22, 82752, 84499
100, 4660, 22, 82752, 84481
100, 4670, 22, 82589, 82752
100, 4680, 22, 82589, 83858
100, 4690, 22, 82589, 85143
100, 4700, 22, 82477, 84592
100, 4710, 22, 82416, 83900
100, 4720, 22, 82416, 84421
100, 4730, 22, 82416, 84150
100, 4740, 22, 82041, 83542
100, 4750, 22, 82014, 83902
100, 4760, 22, 81384, 83231
100, 4770, 22, 81251, 82712
100, 4780, 22, 81251, 82152
100, 4790, 22, 81251, 83148
100, 4800, 22, 81171, 81251
100, 4810, 22, 81150, 82988
100, 4820, 22, 81105, 82166
100, 4830, 22, 81105, 83880
100, 4840, 22, 81105, 83242
100, 4850, 22, 81105, 81621
100, 4860, 22, 81018, 82708
100, 4870, 22, 81002, 82949
100, 4880, 22, 81002, 83618
100, 4890, 22, 80721, 82909
100, 4900, 22, 80546, 82557
100, 4910, 22, 80198, 83457
100, 4920, 22, 80067, 82031
100, 4930, 22, 79919, 81613
100, 4940, 22, 79865, 82402
100, 4950, 22, 79865, 82113
100, 4960, 22, 79838, 82028
100, 4970, 22, 79675, 82129
100, 4980, 22, 79675, 80857
100, 4990, 22, 79575, 81388
100, 5000, 22, 79530, 81172
100, 5010, 22, 79384, 80055
100, 5020, 22, 78904, 79913
100, 5030, 22, 78458, 79853
100, 5040, 22, 78364, 81342
100, 5050, 22, 78364, 80485
100, 5060, 22, 78364, 79011
100, 5070, 22, 78364, 79814
100, 5080, 22, 78354, 80400
100, 5090, 22, 78354, 80732
100, 5100, 22, 78231, 79606
100, 5110, 22, 78231, 80252
100, 5120, 22, 78163, 80036
100, 5130, 22, 78163, 80709
100, 5140, 22, 77734, 81344
100, 5150, 22, 77693, 80125
100, 5160, 22, 77693, 80284
100, 5170, 22, 77693, 79929
100, 5180, 22, 77635, 78722
100, 5190, 22, 77551, 78959
100, 5200, 22, 77496, 77551
100, 5210, 22, 77417, 78523
100, 5220, 22, 77266, 79906
100, 5230, 22, 77121, 78856
100, 5240, 22, 77121, 77879
100, 5250, 22, 76993, 77121
100, 5260, 22, 76926, 78064
100, 5270, 22, 76926, 79288
100, 5280, 22, 76830, 78879
100, 5290, 22, 76830, 78971
100, 5300, 22, 76738, 78878
100, 5310, 22, 76738, 78539
100, 5320, 22, 76738, 76738
100, 5330, 22, 76738, 77747
100, 5340, 22, 76719, 79638
100, 5350, 22, 76719, 79823
100, 5360, 22, 76633, 79544
100, 5370, 22, 76532, 77933
100, 5380, 22, 76281, 77284
100, 5390, 22, 76099, 78566
100, 5400, 22, 75933, 78389
100, 5410, 22, 75641, 78049
100, 5420, 22, 75641, 77623
100, 5430, 22, 75491, 77629
100, 5440, 22, 75491, 75491
100, 5450, 22, 75320, 76433
100, 5460, 22, 75320, 76701
100, 5470, 22, 75239, 75899
100, 5480, 22, 75239, 75872
100, 5490, 22, 75155, 76458
100, 5500, 22, 75155, 75616
100, 5510, 22, 75155, 77048
100, 5520, 22, 75155, 76335
100, 5530, 22, 75122, 76325
100, 5540, 22, 75122, 76419
100, 5550, 22, 75113, 76526
100, 5560, 22, 74861, 75706
100, 5570, 22, 74861, 77098
100, 5580, 22, 74861, 77087
100, 5590, 22, 74668, 76123
100, 5600, 22, 74167, 76631
100, 5610, 22, 74167, 75735
100, 5620, 22, 74167, 75155
100, 5630, 22, 74018, 75178
100, 5640, 22, 74014, 74018
100, 5650, 22, 73884, 76271
100, 5660, 22, 73884, 76665
100, 5670, 22, 73884, 73884
100, 5680, 22, 73884, 76823
100, 5690, 22, 73884, 74712
100, 5700, 22, 73884, 76237
100, 5710, 22, 73750, 76381
100, 5720, 22, 73750, 76467
100, 5730, 22, 73750, 75408
100, 5740, 22, 73692, 76313
100, 5750, 22, 73633, 74812
100, 5760, 22, 73633, 74686
100, 5770, 22, 73594, 73633
100, 5780, 22, 73460, 73594
100, 5790, 22, 73460, 75764
100, 5800, 22, 73362, 75334
100, 5810, 22, 73362, 76222
100, 5820, 22, 73281, 74954
100, 5830, 22, 73272, 73435
100, 5840, 22, 73182, 73643
100, 5850, 22, 73103, 74655
100, 5860, 22, 73033, 73103
100, 5870, 22, 72818, 75196
100, 5880, 22, 72818, 74001
100, 5890, 22, 72694, 72818
100, 5900, 22, 72694, 72694
100, 5910, 22, 72533, 74461
100, 5920, 22, 72333, 73742
100, 5930, 22, 72333, 73489
100, 5940, 22, 72333, 72333
100, 5950, 22, 72333, 72333
100, 5960, 22, 72278, 72866
100, 5970, 22, 72277, 72278
100, 5980, 22, 72209, 72277
100, 5990, 22, 72209, 73824
100, 6000, 22, 72195, 74070
100, 6010, 22, 72019, 72195
100, 6020, 22, 71730, 72952
100, 6030, 22, 71530, 72937
100, 6040, 22, 71530, 73732
100, 6050, 22, 71530, 73212
100, 6060, 22, 71530, 72722
100, 6070, 22, 71447, 72794
100, 6080, 22, 71293, 72325
100, 6090, 22, 71240, 71293
100, 6100, 22, 71240, 72315
100, 6110, 22, 71240, 73003
100, 6120, 22, 71240, 72563
100, 6130, 22, 71116, 71984
100, 6140, 22, 71116, 71116
100, 6150, 22, 71116, 72586
100, 6160, 22, 71116, 71116
100, 6170, 22, 71116, 73323
100, 6180, 22, 71099, 71816
100, 6190, 22, 71099, 72738
100, 6200, 22, 70910, 72623
100, 6210, 22, 70476, 73481
100, 6220, 22, 70476, 70476
100, 6230, 22, 70476, 72225
100, 6240, 22, 70476, 72486
100, 6250, 22, 70406, 71902
100, 6260, 22, 70340, 72475
100, 6270, 22, 70340, 72485
100, 6280, 22, 70286, 71064
100, 6290, 22, 70286, 70286
100, 6300, 22, 70286, 70468
100, 6310, 22, 70203, 70286
100, 6320, 22, 70203, 70370
100, 6330, 22, 70203, 70626
100, 6340, 22, 70203, 70203
100, 6350, 22, 70145, 72552
100, 6360, 22, 70145, 72008
100, 6370, 22, 70070, 72610
100, 6380, 22, 70070, 71659
100, 6390, 22, 70070, 72013
100, 6400, 22, 70070, 71670
100, 6410, 22, 69974, 72000
100, 6420, 22, 69974, 71677
100, 6430, 22, 69974, 71910
100, 6440, 22, 69949, 69974
100, 6450, 22, 69923, 70443
100, 6460, 22, 69923, 71088
100, 6470, 22, 69923, 71116
100, 6480, 22, 69818, 72053
100, 6490, 22, 69750, 72235
100, 6500, 22, 69750, 69750
100, 6510, 22, 69750, 71951
100, 6520, 22, 69750, 69750
100, 6530, 22, 69748, 70634
100, 6540, 22, 69625, 69718
100, 6550, 22, 69425, 71193
100, 6560, 22, 69425, 71580
100, 6570, 22, 69364, 71923
100, 6580, 22, 69364, 69364
100, 6590, 22, 69364, 70817
100, 6600, 22, 69364, 70146
100, 6610, 22, 69257, 69724
100, 6620, 22, 69257, 70643
100, 6630, 22, 69257, 70214
100, 6640, 22, 69220, 72063
100, 6650, 22, 69192, 69220
100, 6660, 22, 69192, 69664
100, 6670, 22, 69192, 70630
100, 6680, 22, 69192, 69961
100, 6690, 22, 69109, 71397
100, 6700, 22, 69109, 69109
100, 6710, 22, 69109, 69109
100, 6720, 22, 69109, 71505
100, 6730, 22, 69004, 70651
100, 6740, 22, 68791, 70465
100, 6750, 22, 68791, 69241
100, 6760, 22, 68642, 69531
100, 6770, 22, 68642, 69624
100, 6780, 22, 68542, 69711
100, 6790, 22, 68401, 70991
100, 6800, 22, 68401, 69269
100, 6810, 22, 68401, 70427
100, 6820, 22, 68401, 70429
100, 6830, 22, 68401, 70122
100, 6840, 22, 68401, 70266
100, 6850, 22, 68318, 69086
100, 6860, 22, 68068, 70033
100, 6870, 22, 67968, 69396
100, 6880, 22, 67907, 67907
100, 6890, 22, 67855, 68143
100, 6900, 22, 67855, 69320
100, 6910, 22, 67801, 67855
100, 6920, 22, 67801, 71026
100, 6930, 22, 67736, 69116
100, 6940, 22, 67668, 67918
100, 6950, 22, 67668, 68793
100, 6960, 22, 67668, 67668
100, 6970, 22, 67668, 67668
100, 6980, 22, 67668, 69338
100, 6990, 22, 67531, 67668
100, 7000, 22, 67319, 68319
100, 7010, 22, 67319, 69109
100, 7020, 22, 67319, 69538
100, 7030, 22, 67319, 68265
100, 7040, 22, 67319, 67945
100, 7050, 22, 67144, 68327
100, 7060, 22, 67060, 68007
100, 7070, 22, 67060, 68163
100, 7080, 22, 67004, 67060
100, 7090, 22, 67004, 68505
100, 7100, 22, 67004, 67219
100, 7110, 22, 67004, 67581
100, 7120, 22, 66804, 66804
100, 7130, 22, 66681, 66804
100, 7140, 22, 66681, 66681
100, 7150, 22, 66597, 67681
100, 7160, 22, 66564, 67363
100, 7170, 22, 66481, 66564
100, 7180, 22, 66481, 68222
100, 7190, 22, 66481, 66576
100, 7200, 22, 66481, 66481
100, 7210, 22, 66481, 66481
100, 7220, 22, 66481, 66481
100, 7230, 22, 66481, 66481
100, 7240, 22, 66412, 66481
100, 7250, 22, 66351, 67206
100, 7260, 22, 66351, 67187
100, 7270, 22, 66351, 66351
100, 7280, 22, 65932, 66994
100, 7290, 22, 65932, 66451
100, 7300, 22, 65925, 65932
100, 7310, 22, 65925, 66634
100, 7320, 22, 65925, 67832
100, 7330, 22, 65867, 67458
100, 7340, 22, 65867, 67006
100, 7350, 22, 65867, 67346
100, 7360, 22, 65806, 65867
100, 7370, 22, 65759, 67067
100, 7380, 22, 65721, 68121
100, 7390, 22, 65663, 66889
100, 7400, 22, 65663, 65782
100, 7410, 22, 65663, 67202
100, 7420, 22, 65663, 65663
100, 7430, 22, 65663, 66942
100, 7440, 22, 65663, 66913
100, 7450, 22, 65641, 65663
100, 7460, 22, 65641, 66272
100, 7470, 22, 65641, 65641
100, 7480, 22, 65641, 66615
100, 7490, 22, 65641, 65641
100, 7500, 22, 65641, 65641
100, 7510, 22, 65641, 66351
100, 7520, 22, 65641, 66732
100, 7530, 22, 65641, 68547
100, 7540, 22, 65533, 67012
100, 7550, 22, 65533, 68299
100, 7560, 22, 65533, 66760
100, 7570, 22, 65533, 67088
100, 7580, 22, 65533, 66971
100, 7590, 22, 65533, 65533
100, 7600, 22, 65533, 66550
100, 7610, 22, 65533, 67812
100, 7620, 22, 65533, 65675
100, 7630, 22, 65533, 65533
100, 7640, 22, 65533, 65794
100, 7650, 22, 65533, 65533
100, 7660, 22, 65533, 66022
100, 7670, 22, 65533, 65744
100, 7680, 22, 65533, 66640
100, 7690, 22, 65533, 65850
100, 7700, 22, 65533, 65533
100, 7710, 22, 65475, 65533
100, 7720, 22, 65475, 67101
100, 7730, 22, 65475, 65756
100, 7740, 22, 65401, 66407
100, 7750, 22, 65401, 65401
100, 7760, 22, 65257, 65401
100, 7770, 22, 65257, 65257
100, 7780, 22, 65257, 65735
100, 7790, 22, 65257, 67268
100, 7800, 22, 65204, 65257
100, 7810, 22, 65150, 66419
100, 7820, 22, 65150, 65318
100, 7830, 22, 65150, 65150
100, 7840, 22, 65075, 65150
100, 7850, 22, 65075, 65075
100, 7860, 22, 65075, 66055
100, 7870, 22, 65019, 65075
100, 7880, 22, 64919, 65019
100, 7890, 22, 64919, 66062
100, 7900, 22, 64919, 65385
100, 7910, 22, 64919, 64919
100, 7920, 22, 64919, 64919
100, 7930, 22, 64919, 65101
100, 7940, 22, 64843, 64919
100, 7950, 22, 64842, 64842
100, 7960, 22, 64842, 64842
100, 7970, 22, 64842, 64842
100, 7980, 22, 64793, 67293
100, 7990, 22, 64793, 64793
100, 8000, 22, 64762, 64793
100, 8010, 22, 64629, 64762
100, 8020, 22, 64629, 64629
100, 8030, 22, 64629, 64629
100, 8040, 22, 64588, 64629
100, 8050, 22, 64588, 64588
100, 8060, 22, 64588, 65305
100, 8070, 22, 64584, 65076
100, 8080, 22, 64584, 64584
100, 8090, 22, 64584, 65784
100, 8100, 22, 64584, 66184
100, 8110, 22, 64543, 66211
100, 8120, 22, 64543, 64543
100, 8130, 22, 64543, 65343
100, 8140, 22, 64543, 64725
100, 8150, 22, 64367, 64367
100, 8160, 22, 64367, 64367
100, 8170, 22, 64354, 65336
100, 8180, 22, 64354, 64354
100, 8190, 22, 64354, 66641
100, 8200, 22, 64354, 65094
100, 8210, 22, 64354, 65728
100, 8220, 22, 64354, 65452
100, 8230, 22, 64354, 65457
100, 8240, 22, 64354, 66428
100, 8250, 22, 64336, 65222
100, 8260, 22, 64336, 64336
100, 8270, 22, 64336, 65481
100, 8280, 22, 64237, 64336
100, 8290, 22, 64237, 64336
100, 8300, 22, 64179, 64237
100, 8310, 22, 64179, 64179
100, 8320, 22, 64179, 64480
100, 8330, 22, 64179, 64179
100, 8340, 22, 64179, 65022
100, 8350, 22, 64179, 64923
100, 8360, 22, 64179, 64179
100, 8370, 22, 64179, 66316
100, 8380, 22, 64179, 64179
100, 8390, 22, 64160, 66260
100, 8400, 22, 64074, 64160
100, 8410, 22, 63956, 64074
100, 8420, 22, 63956, 63956
100, 8430, 22, 63956, 66919
100, 8440, 22, 63956, 63956
100, 8450, 22, 63615, 64510
100, 8460, 22, 63615, 63615
100, 8470, 22, 63615, 63615
100, 8480, 22, 63615, 63615
100, 8490, 22, 63615, 63615
100, 8500, 22, 63615, 64556
100, 8510, 22, 63615, 64805
100, 8520, 22, 63615, 63615
100, 8530, 22, 63615, 64990
100, 8540, 22, 63615, 63615
100, 8550, 22, 63415, 63615
100, 8560, 22, 63363, 63415
100, 8570, 22, 63363, 63491
100, 8580, 22, 63363, 64692
100, 8590, 22, 63363, 63363
100, 8600, 22, 63363, 64441
100, 8610, 22, 63325, 63761
100, 8620, 22, 63325, 63325
100, 8630, 22, 63325, 63325
100, 8640, 22, 63325, 63325
100, 8650, 22, 63325, 63325
100, 8660, 22, 63325, 63859
100, 8670, 22, 63325, 63599
100, 8680, 22, 63325, 63325
100, 8690, 22, 63325, 64095
100, 8700, 22, 63325, 63325
100, 8710, 22, 63325, 63325
100, 8720, 22, 63325, 63841
100, 8730, 22, 63325, 63325
100, 8740, 22, 63325, 63466
100, 8750, 22, 63325, 63325
100, 8760, 22, 63316, 63325
100, 8770, 22, 63316, 63316
100, 8780, 22, 63316, 63316
100, 8790, 22, 63309, 63813
100, 8800, 22, 63257, 63257
100, 8810, 22, 63257, 63257
100, 8820, 22, 63207, 63207
100, 8830, 22, 63114, 65019
100, 8840, 22, 63114, 64255
100, 8850, 22, 63114, 63114
100, 8860, 22, 63114, 63296
100, 8870, 22, 63057, 63057
100, 8880, 22, 63057, 63057
100, 8890, 22, 63057, 63057
100, 8900, 22, 63057, 63057
100, 8910, 22, 63057, 63057
100, 8920, 22, 63057, 65407
100, 8930, 22, 63025, 63057
100, 8940, 22, 63023, 65064
100, 8950, 22, 62910, 63023
100, 8960, 22, 62910, 62910
100, 8970, 22, 62892, 64795
100, 8980, 22, 62833, 62833
100, 8990, 22, 62833, 62833
100, 9000, 22, 62777, 62833
100, 9010, 22, 62777, 63285
100, 9020, 22, 62777, 62777
100, 9030, 22, 62777, 62777
100, 9040, 22, 62777, 64436
100, 9050, 22, 62777, 62777
100, 9060, 22, 62777, 62777
100, 9070, 22, 62777, 62777
100, 9080, 22, 62777, 62777
100, 9090, 22, 62777, 62777
100, 9100, 22, 62777, 63916
100, 9110, 22, 62777, 63629
100, 9120, 22, 62694, 62777
100, 9130, 22, 62694, 62777
100, 9140, 22, 62694, 63708
100, 9150, 22, 62694, 62694
100, 9160, 22, 62559, 62694
100, 9170, 22, 62559, 64009
100, 9180, 22, 62559, 62591
100, 9190, 22, 62559, 62759
100, 9200, 22, 62559, 62559
100, 9210, 22, 62559, 62559
100, 9220, 22, 62559, 62559
100, 9230, 22, 62559, 62559
100, 9240, 22, 62552, 62559
100, 9250, 22, 62552, 62552
100, 9260, 22, 62552, 62552
100, 9270, 22, 62552, 62552
100, 9280, 22, 62469, 63251
100, 9290, 22, 62469, 62469
100, 9300, 22, 62469, 62469
100, 9310, 22, 62469, 62469
100, 9320, 22, 62469, 62713
100, 9330, 22, 62469, 62469
100, 9340, 22, 62469, 63693
100, 9350, 22, 62469, 62469
100, 9360, 22, 62469, 62469
100, 9370, 22, 62469, 62469
100, 9380, 22, 62469, 62469
100, 9390, 22, 62469, 63270
100, 9400, 22, 62469, 62469
100, 9410, 22, 62396, 62469
100, 9420, 22, 62396, 62396
100, 9430, 22, 62396, 63406
100, 9440, 22, 62396, 62396
100, 9450, 22, 62396, 62396
100, 9460, 22, 62296, 62296
100, 9470, 22, 62296, 63116
100, 9480, 22, 62296, 62296
100, 9490, 22, 62296, 62296
100, 9500, 22, 62296, 62296
100, 9510, 22, 62259, 62259
100, 9520, 22, 62259, 62259
100, 9530, 22, 62259, 62259
100, 9540, 22, 62259, 62259
100, 9550, 22, 62259, 63154
100, 9560, 22, 62259, 62259
100, 9570, 22, 62245, 62259
100, 9580, 22, 62102, 62778
100, 9590, 22, 62102, 62102
100, 9600, 22, 62102, 62102
100, 9610, 22, 62102, 63766
100, 9620, 22, 62102, 63039
100, 9630, 22, 62102, 63913
100, 9640, 22, 62102, 62102
100, 9650, 22, 62102, 62102
100, 9660, 22, 62082, 62082
100, 9670, 22, 62082, 62082
100, 9680, 22, 62082, 62082
100, 9690, 22, 62082, 62082
100, 9700, 22, 61999, 62082
100, 9710, 22, 61999, 61999
100, 9720, 22, 61999, 63090
100, 9730, 22, 61999, 61999
100, 9740, 22, 61999, 61999
100, 9750, 22, 61999, 61999
100, 9760, 22, 61999, 61999
100, 9770, 22, 61999, 61999
100, 9780, 22, 61999, 61999
100, 9790, 22, 61999, 61999
100, 9800, 22, 61999, 61999
100, 9810, 22, 61999, 61999
100, 9820, 22, 61999, 61999
100, 9830, 22, 61684, 61945
100, 9840, 22, 61684, 61684
100, 9850, 22, 61684, 63065
100, 9860, 22, 61684, 61684
100, 9870, 22, 61684, 61684
100, 9880, 22, 61684, 62187
100, 9890, 22, 61684, 62925
100, 9900, 22, 61684, 61684
100, 9910, 22, 61684, 62010
100, 9920, 22, 61684, 61684
100, 9930, 22, 61684, 61684
100, 9940, 22, 61684, 62976
100, 9950, 22, 61684, 61684
100, 9960, 22, 61684, 61684
100, 9970, 22, 61684, 61684
100, 9980, 22, 61684, 63027
100, 9990, 22, 61684, 61684
100, 10000, 22, 61684, 61684
100, 10010, 22, 61684, 62527
100, 10020, 22, 61684, 62472
100, 10030, 22, 61684, 61684
100, 10040, 22, 61684, 61684
100, 10050, 22, 61684, 61684
100, 10060, 22, 61684, 62208
100, 10070, 22, 61684, 61684
100, 10080, 22, 61584, 61684
100, 10090, 22, 61584, 61584
100, 10100, 22, 61584, 61584
100, 10110, 22, 61584, 61584
100, 10120, 22, 61584, 61584
100, 10130, 22, 61376, 61584
100, 10140, 22, 61335, 61376
100, 10150, 22, 61335, 62837
100, 10160, 22, 61335, 62776
100, 10170, 22, 61335, 61335
100, 10180, 22, 61219, 61335
100, 10190, 22, 61219, 61535
100, 10200, 22, 61219, 61219
100, 10210, 22, 61219, 61219
100, 10220, 22, 61219, 61793
100, 10230, 22, 61219, 61219
100, 10240, 22, 61219, 61759
100, 10250, 22, 61219, 61376
100, 10260, 22, 61219, 61219
100, 10270, 22, 61219, 61219
100, 10280, 22, 61178, 61178
100, 10290, 22, 61178, 61178
100, 10300, 22, 61178, 61178
100, 10310, 22, 61178, 61178
100, 10320, 22, 61178, 61178
100, 10330, 22, 61178, 61178
100, 10340, 22, 61178, 61178
100, 10350, 22, 61178, 61495
100, 10360, 22, 61178, 61178
100, 10370, 22, 61178, 61178
100, 10380, 22, 61178, 61178
100, 10390, 22, 61178, 61178
100, 10400, 22, 61178, 61178
100, 10410, 22, 61178, 61178
100, 10420, 22, 61178, 61178
100, 10430, 22, 61178, 61178
100, 10440, 22, 61178, 61178
100, 10450, 22, 61178, 61520
100, 10460, 22, 60913, 61178
100, 10470, 22, 60913, 60913
100, 10480, 22, 60885, 60885
100, 10490, 22, 60885, 60885
100, 10500, 22, 60852, 60885
100, 10510, 22, 60852, 60852
100, 10520, 22, 60852, 60852
100, 10530, 22, 60852, 60852
100, 10540, 22, 60852, 60852
100, 10550, 22, 60852, 60852
100, 10560, 22, 60852, 60852
100, 10570, 22, 60769, 60852
100, 10580, 22, 60769, 61983
100, 10590, 22, 60769, 60769
100, 10600, 22, 60769, 60769
100, 10610, 22, 60769, 60769
100, 10620, 22, 60769, 60769
100, 10630, 22, 60769, 60769
100, 10640, 22, 60769, 60769
100, 10650, 22, 60689, 60689
100, 10660, 22, 60689, 60689
100, 10670, 22, 60689, 60689
100, 10680, 22, 60665, 60689
100, 10690, 22, 60665, 60665
100, 10700, 22, 60665, 60665
100, 10710, 22, 60665, 60665
100, 10720, 22, 60665, 60665
100, 10730, 22, 60665, 60665
100, 10740, 22, 60665, 60665
100, 10750, 22, 60665, 63016
100, 10760, 22, 60665, 60665
100, 10770, 22, 60665, 61573
100, 10780, 22, 60665, 60665
100, 10790, 22, 60665, 60665
100, 10800, 22, 60665, 61239
100, 10810, 22, 60665, 62812
100, 10820, 22, 60665, 60665
100, 10830, 22, 60623, 60623
100, 10840, 22, 60623, 62011
100, 10850, 22, 60623, 60623
100, 10860, 22, 60623, 60623
100, 10870, 22, 60606, 60623
100, 10880, 22, 60545, 60606
100, 10890, 22, 60545, 60545
100, 10900, 22, 60545, 60545
100, 10910, 22, 60545, 60545
100, 10920, 22, 60545, 62169
100, 10930, 22, 60545, 60545
100, 10940, 22, 60545, 61053
100, 10950, 22, 60463, 60545
100, 10960, 22, 60463, 60463
100, 10970, 22, 60463, 60463
100, 10980, 22, 60463, 60463
100, 10990, 22, 60463, 61206
100, 11000, 22, 60463, 60463
100, 11010, 22, 60463, 60463
100, 11020, 22, 60463, 60463
100, 11030, 22, 60463, 60463
100, 11040, 22, 60463, 60463
100, 11050, 22, 60463, 60463
100, 11060, 22, 60463, 60463
100, 11070, 22, 60463, 60463
100, 11080, 22, 60463, 60463
100, 11090, 22, 60463, 60463
100, 11100, 22, 60463, 60463
100, 11110, 22, 60463, 60463
100, 11120, 22, 60463, 60463
100, 11130, 22, 60463, 60463
100, 11140, 22, 60463, 61844
100, 11150, 22, 60463, 60463
100, 11160, 22, 60463, 60463
100, 11170, 22, 60463, 60463
100, 11180, 22, 60463, 60463
100, 11190, 22, 60463, 60463
100, 11200, 22, 60463, 61472
100, 11210, 22, 60383, 60463
100, 11220, 22, 60383, 60383
100, 11230, 22, 60383, 60383
100, 11240, 22, 60383, 61021
100, 11250, 22, 60383, 60383
100, 11260, 22, 60338, 60383
100, 11270, 22, 60338, 60338
100, 11280, 22, 60338, 60338
100, 11290, 22, 60338, 60338
100, 11300, 22, 60338, 60338
100, 11310, 22, 60307, 60338
100, 11320, 22, 60142, 60307
100, 11330, 22, 60142, 60142
100, 11340, 22, 60142, 60142
100, 11350, 22, 60142, 60142
100, 11360, 22, 60142, 60142
100, 11370, 22, 60142, 60142
100, 11380, 22, 60142, 60142
100, 11390, 22, 60142, 60142
100, 11400, 22, 60097, 60720
100, 11410, 22, 60097, 60097
100, 11420, 22, 60097, 60097
100, 11430, 22, 60097, 60097
100, 11440, 22, 60097, 60097
100, 11450, 22, 60097, 60097
100, 11460, 22, 60097, 60097
100, 11470, 22, 60097, 60097
100, 11480, 22, 60097, 60097
100, 11490, 22, 60097, 60097
100, 11500, 22, 60058, 60097
100, 11510, 22, 60058, 60058
100, 11520, 22, 60058, 60058
100, 11530, 22, 60058, 60058
100, 11540, 22, 60058, 60058
100, 11550, 22, 60058, 60058
100, 11560, 22, 60058, 60058
100, 11570, 22, 59947, 59947
100, 11580, 22, 59947, 59947
100, 11590, 22, 59947, 59947
100, 11600, 22, 59947, 59947
100, 11610, 22, 59947, 59947
100, 11620, 22, 59947, 59947
100, 11630, 22, 59947, 59947
100, 11640, 22, 59947, 59947
100, 11650, 22, 59888, 59947
100, 11660, 22, 59888, 59888
100, 11670, 22, 59888, 60212
100, 11680, 22, 59888, 59888
100, 11690, 22, 59808, 59888
100, 11700, 22, 59808, 59888
100, 11710, 22, 59808, 59808
100, 11720, 22, 59808, 59808
100, 11730, 22, 59808, 59808
100, 11740, 22, 59808, 59808
100, 11750, 22, 59808, 59808
100, 11760, 22, 59808, 59808
100, 11770, 22, 59808, 59808
100, 11780, 22, 59808, 59808
100, 11790, 22, 59808, 59808
100, 11800, 22, 59808, 59808
100, 11810, 22, 59808, 59808
100, 11820, 22, 59808, 59808
100, 11830, 22, 59808, 59808
100, 11840, 22, 59808, 59808
100, 11850, 22, 59808, 59808
100, 11860, 22, 59808, 59808
100, 11870, 22, 59788, 59808
100, 11880, 22, 59788, 59788
100, 11890, 22, 59788, 59788
100, 11900, 22, 59788, 59788
100, 11910, 22, 59788, 60430
100, 11920, 22, 59788, 59788
100, 11930, 22, 59788, 60013
100, 11940, 22, 59788, 59788
100, 11950, 22, 59788, 59788
100, 11960, 22, 59788, 59788
100, 11970, 22, 59729, 59788
100, 11980, 22, 59729, 59729
100, 11990, 22, 59729, 59729
100, 12000, 22, 59729, 59729
100, 12010, 22, 59729, 59729
100, 12020, 22, 59729, 59729
100, 12030, 22, 59729, 59729
100, 12040, 22, 59729, 59729
100, 12050, 22, 59729, 59729
100, 12060, 22, 59729, 59729
100, 12070, 22, 59729, 59729
100, 12080, 22, 59712, 59729
100, 12090, 22, 59712, 59712
100, 12100, 22, 59712, 59712
100, 12110, 22, 59712, 59712
100, 12120, 22, 59712, 59712
100, 12130, 22, 59712, 59712
100, 12140, 22, 59712, 59712
100, 12150, 22, 59712, 59712
100, 12160, 22, 59712, 59712
100, 12170, 22, 59712, 59796
100, 12180, 22, 59712, 59712
100, 12190, 22, 59712, 60086
100, 12200, 22, 59712, 59712
100, 12210, 22, 59712, 59712
100, 12220, 22, 59712, 59712
100, 12230, 22, 59712, 59712
100, 12240, 22, 59712, 59712
100, 12250, 22, 59712, 59712
100, 12260, 22, 59712, 59712
100, 12270, 22, 59712, 59712
100, 12280, 22, 59712, 59712
100, 12290, 22, 59712, 59712
100, 12300, 22, 59612, 59612
100, 12310, 22, 59612, 59612
100, 12320, 22, 59525, 59612
100, 12330, 22, 59525, 59525
100, 12340, 22, 59525, 59525
100, 12350, 22, 59525, 59525
100, 12360, 22, 59525, 59525
100, 12370, 22, 59525, 59525
100, 12380, 22, 59525, 59525
100, 12390, 22, 59525, 59525
100, 12400, 22, 59419, 59525
100, 12410, 22, 59419, 59419
100, 12420, 22, 59419, 59419
100, 12430, 22, 59419, 59419
100, 12440, 22, 59419, 59419
100, 12450, 22, 59419, 59419
100, 12460, 22, 59419, 59419
100, 12470, 22, 59419, 59419
100, 12480, 22, 59419, 59419
100, 12490, 22, 59419, 59419
100, 12500, 22, 59290, 59419
100, 12510, 22, 59290, 59290
100, 12520, 22, 59290, 59290
100, 12530, 22, 59290, 59290
100, 12540, 22, 59067, 59290
100, 12550, 22, 59067, 59067
100, 12560, 22, 59067, 59067
100, 12570, 22, 59067, 59067
100, 12580, 22, 59067, 59067
100, 12590, 22, 59067, 59067
100, 12600, 22, 59067, 59067
100, 12610, 22, 59067, 59067
100, 12620, 22, 59067, 59067
100, 12630, 22, 59067, 59067
100, 12640, 22, 59022, 59067
100, 12650, 22, 59022, 59022
100, 12660, 22, 59022, 59022
100, 12670, 22, 59022, 59022
100, 12680, 22, 59022, 59022
100, 12690, 22, 59022, 59022
100, 12700, 22, 59022, 59022
100, 12710, 22, 59022, 59022
100, 12720, 22, 59022, 59022
100, 12730, 22, 59022, 59022
100, 12740, 22, 59022, 59022
100, 12750, 22, 58891, 58891
100, 12760, 22, 58891, 58891
100, 12770, 22, 58891, 58891
100, 12780, 22, 58891, 58891
100, 12790, 22, 58891, 58891
100, 12800, 22, 58891, 58891
100, 12810, 22, 58891, 58891
100, 12820, 22, 58891, 58891
100, 12830, 22, 58791, 58891
100, 12840, 22, 58791, 58791
100, 12850, 22, 58791, 58791
100, 12860, 22, 58791, 58791
100, 12870, 22, 58791, 58791
100, 12880, 22, 58791, 58791
100, 12890, 22, 58791, 58791
100, 12900, 22, 58791, 58791
100, 12910, 22, 58791, 58791
100, 12920, 22, 58791, 58791
100, 12930, 22, 58791, 58791
100, 12940, 22, 58791, 58791
100, 12950, 22, 58791, 58791
100, 12960, 22, 58791, 58791
100, 12970, 22, 58791, 58791
100, 12980, 22, 58791, 58791
100, 12990, 22, 58791, 58791
100, 13000, 22, 58791, 58791
100, 13010, 22, 58670, 58670
100, 13020, 22, 58670, 58670
100, 13030, 22, 58670, 58670
100, 13040, 22, 58670, 58670
100, 13050, 22, 58670, 58670
100, 13060, 22, 58670, 58670
100, 13070, 22, 58670, 58670
100, 13080, 22, 58670, 58670
100, 13090, 22, 58670, 58670
100, 13100, 22, 58670, 58670
100, 13110, 22, 58670, 58670
100, 13120, 22, 58670, 58670
100, 13130, 22, 58670, 58670
100, 13140, 22, 58670, 58670
100, 13150, 22, 58587, 58670
100, 13160, 22, 58587, 58587
100, 13170, 22, 58587, 58587
100, 13180, 22, 58587, 58587
100, 13190, 22, 58587, 58587
100, 13200, 22, 58587, 58587
100, 13210, 22, 58587, 58587
100, 13220, 22, 58587, 58587
100, 13230, 22, 58587, 58587
100, 13240, 22, 58587, 58587
100, 13250, 22, 58587, 58587
100, 13260, 22, 58587, 58587
100, 13270, 22, 58587, 58587
100, 13280, 22, 58587, 58587
100, 13290, 22, 58587, 58587
100, 13300, 22, 58587, 58587
100, 13310, 22, 58587, 58587
100, 13320, 22, 58587, 58587
100, 13330, 22, 58587, 58587
100, 13340, 22, 58587, 58587
100, 13350, 22, 58587, 58587
100, 13360, 22, 58587, 58587
100, 13370, 22, 58587, 58587
100, 13380, 22, 58587, 58587
100, 13390, 22, 58587, 58587
100, 13400, 22, 58587, 58587
100, 13410, 22, 58587, 58587
100, 13420, 22, 58587, 58587
100, 13430, 22, 58587, 58587
100, 13440, 22, 58586, 58587
100, 13450, 22, 58586, 58586
100, 13460, 22, 58586, 58586
100, 13470, 22, 58586, 58586
100, 13480, 22, 58586, 58586
100, 13490, 22, 58586, 58586
100, 13500, 22, 58586, 58586
100, 13510, 22, 58586, 58586
100, 13520, 22, 58586, 58586
100, 13530, 22, 58586, 58586
100, 13540, 22, 58586, 58586
100, 13550, 22, 58586, 58586
100, 13560, 22, 58546, 58586
100, 13570, 22, 58546, 58546
100, 13580, 22, 58546, 58546
100, 13590, 22, 58546, 58546
100, 13600, 22, 58546, 58546
100, 13610, 22, 58546, 58546
100, 13620, 22, 58546, 58546
100, 13630, 22, 58496, 58546
100, 13640, 22, 58496, 58496
100, 13650, 22, 58496, 58496
100, 13660, 22, 58496, 58496
100, 13670, 22, 58496, 58496
100, 13680, 22, 58496, 58496
100, 13690, 22, 58496, 58496
100, 13700, 22, 58496, 58496
100, 13710, 22, 58496, 58496
100, 13720, 22, 58496, 58496
100, 13730, 22, 58496, 58496
100, 13740, 22, 58496, 58496
100, 13750, 22, 58496, 58496
100, 13760, 22, 58496, 58496
100, 13770, 22, 58496, 58496
100, 13780, 22, 58496, 58496
100, 13790, 22, 58454, 58496
100, 13800, 22, 58454, 58454
100, 13810, 22, 58454, 58454
100, 13820, 22, 58454, 58454
100, 13830, 22, 58454, 58454
100, 13840, 22, 58454, 58454
100, 13850, 22, 58454, 58454
100, 13860, 22, 58454, 58454
100, 13870, 22, 58454, 58454
100, 13880, 22, 58454, 58454
100, 13890, 22, 58454, 58454
100, 13900, 22, 58454, 58454
100, 13910, 22, 58454, 58454
100, 13920, 22, 58454, 58454
100, 13930, 22, 58454, 58454
100, 13940, 22, 58454, 58454
100, 13950, 22, 58454, 58454
100, 13960, 22, 58454, 58454
100, 13970, 22, 58454, 58454
100, 13980, 22, 58454, 58454
100, 13990, 22, 58454, 58454
100, 14000, 22, 58454, 58454
100, 14010, 22, 58454, 58454
100, 14020, 22, 58454, 58454
100, 14030, 22, 58454, 58454
100, 14040, 22, 58454, 58454
100, 14050, 22, 58454, 58454
100, 14060, 22, 58454, 58454
100, 14070, 22, 58454, 58454
100, 14080, 22, 58454, 58454
100, 14090, 22, 58454, 58454
100, 14100, 22, 58454, 58454
100, 14110, 22, 58454, 58454
100, 14120, 22, 58454, 58454
100, 14130, 22, 58454, 58454
100, 14140, 22, 58454, 58454
100, 14150, 22, 58454, 58454
100, 14160, 22, 58454, 58454
100, 14170, 22, 58454, 58454
100, 14180, 22, 58454, 58454
100, 14190, 22, 58454, 58454
100, 14200, 22, 58454, 58454
100, 14210, 22, 58454, 58454
100, 14220, 22, 58454, 58454
100, 14230, 22, 58454, 58454
100, 14240, 22, 58454, 58454
100, 14250, 22, 58454, 58454
100, 14260, 22, 58454, 58454
100, 14270, 22, 58370, 58370
100, 14280, 22, 58370, 58370
100, 14290, 22, 58370, 58370
100, 14300, 22, 58370, 58370
100, 14310, 22, 58370, 58370
100, 14320, 22, 58370, 58370
100, 14330, 22, 58370, 58370
100, 14340, 22, 58370, 58370
100, 14350, 22, 58370, 58370
100, 14360, 22, 58353, 58370
100, 14370, 22, 58353, 58353
100, 14380, 22, 58353, 58353
100, 14390, 22, 58353, 58353
100, 14400, 22, 58353, 58353
100, 14410, 22, 58353, 58353
100, 14420, 22, 58353, 58353
100, 14430, 22, 58353, 58353
100, 14440, 22, 58353, 58353
100, 14450, 22, 58353, 58353
100, 14460, 22, 58353, 58353
100, 14470, 22, 58353, 58353
100, 14480, 22, 58353, 58353
100, 14490, 22, 58353, 58353
100, 14500, 22, 58353, 58353
100, 14510, 22, 58353, 58353
100, 14520, 22, 58353, 58353
100, 14530, 22, 58353, 58353
100, 14540, 22, 58353, 58353
100, 14550, 22, 58353, 58353
100, 14560, 22, 58353, 58353
100, 14570, 22, 58353, 58353
100, 14580, 22, 58353, 58353
100, 14590, 22, 58353, 58353
100, 14600, 22, 58353, 58353
100, 14610, 22, 58353, 58353
100, 14620, 22, 58353, 58353
100, 14630, 22, 58353, 58353
100, 14640, 22, 58353, 58353
100, 14650, 22, 58353, 58353
100, 14660, 22, 58353, 58353
100, 14670, 22, 58353, 58353
100, 14680, 22, 58345, 58353
100, 14690, 22, 58345, 58345
100, 14700, 22, 58345, 58345
100, 14710, 22, 58345, 58345
100, 14720, 22, 58345, 58345
100, 14730, 22, 58345, 58345
100, 14740, 22, 58329, 58329
100, 14750, 22, 58329, 58329
100, 14760, 22, 58329, 58329
100, 14770, 22, 58329, 58329
100, 14780, 22, 58329, 58329
100, 14790, 22, 58192, 58192
100, 14800, 22, 58192, 58192
100, 14810, 22, 58192, 58192
100, 14820, 22, 58192, 58192
100, 14830, 22, 58192, 58192
100, 14840, 22, 58192, 58192
100, 14850, 22, 58192, 58192
100, 14860, 22, 58192, 58192
100, 14870, 22, 58192, 58192
100, 14880, 22, 58192, 58192
100, 14890, 22, 58192, 58192
100, 14900, 22, 58192, 58192
100, 14910, 22, 58192, 58192
100, 14920, 22, 58192, 58192
100, 14930, 22, 58192, 58192
100, 14940, 22, 58192, 58192
100, 14950, 22, 58100, 58192
100, 14960, 22, 58100, 58100
100, 14970, 22, 58100, 58100
100, 14980, 22, 58100, 58100
100, 14990, 22, 58100, 58100
100, 15000, 22, 58100, 58100
100, 15010, 22, 58100, 58100
100, 15020, 22, 58100, 58100
100, 15030, 22, 58100, 58100
100, 15040, 22, 58100, 58100
100, 15050, 22, 58076, 58100
100, 15060, 22, 58076, 58076
100, 15070, 22, 58069, 58076
100, 15080, 22, 58069, 58069
100, 15090, 22, 58069, 58069
100, 15100, 22, 58069, 58069
100, 15110, 22, 58069, 58069
100, 15120, 22, 58069, 58069
100, 15130, 22, 58069, 58069
100, 15140, 22, 58069, 58069
100, 15150, 22, 58069, 58069
100, 15160, 22, 58069, 58069
100, 15170, 22, 58069, 58069
100, 15180, 22, 58069, 58069
100, 15190, 22, 58069, 58069
100, 15200, 22, 58069, 58069
100, 15210, 22, 58069, 58069
100, 15220, 22, 58069, 58069
100, 15230, 22, 58069, 58069
100, 15240, 22, 58069, 58069
100, 15250, 22, 58069, 58069
100, 15260, 22, 58069, 58069
100, 15270, 22, 58069, 58069
100, 15280, 22, 58069, 58069
100, 15290, 22, 58069, 58069
100, 15300, 22, 58069, 58069
100, 15310, 22, 58069, 58069
100, 15320, 22, 58069, 58069
100, 15330, 22, 58069, 58069
100, 15340, 22, 58069, 58069
100, 15350, 22, 58069, 58069
100, 15360, 22, 58069, 58069
100, 15370, 22, 58069, 58069
100, 15380, 22, 58069, 58069
100, 15390, 22, 58069, 58069
100, 15400, 22, 58069, 58069
100, 15410, 22, 58069, 58069
100, 15420, 22, 58069, 58069
100, 15430, 22, 58069, 58069
100, 15440, 22, 58069, 58069
100, 15450, 22, 58069, 58069
100, 15460, 22, 58069, 58069
100, 15470, 22, 58069, 58069
100, 15480, 22, 58069, 58069
100, 15490, 22, 58069, 58069
100, 15500, 22, 58069, 58069
100, 15510, 22, 58069, 58069
100, 15520, 22, 58069, 58069
100, 15530, 22, 58069, 58069
100, 15540, 22, 58069, 58069
100, 15550, 22, 58069, 58069
100, 15560, 22, 58069, 58069
100, 15570, 22, 58069, 58069
100, 15580, 22, 58069, 58069
100, 15590, 22, 58069, 58069
100, 15600, 22, 58069, 58069
100, 15610, 22, 58069, 58069
100, 15620, 22, 58069, 58069
100, 15630, 22, 58069, 58069
100, 15640, 22, 58069, 58069
100, 15650, 22, 58069, 58069
100, 15660, 22, 58069, 58069
100, 15670, 22, 58069, 58069
100, 15680, 22, 58069, 58069
100, 15690, 22, 58069, 58069
100, 15700, 22, 58069, 58069
100, 15710, 22, 58069, 58069
100, 15720, 22, 57976, 58069
100, 15730, 22, 57976, 57976
100, 15740, 22, 57976, 57976
100, 15750, 22, 57976, 57976
100, 15760, 22, 57976, 57976
100, 15770, 22, 57976, 57976
100, 15780, 22, 57976, 57976
100, 15790, 22, 57976, 57976
100, 15800, 22, 57976, 57976
100, 15810, 22, 57976, 57976
100, 15820, 22, 57976, 57976
100, 15830, 22, 57976, 57976
100, 15840, 22, 57976, 57976
100, 15850, 22, 57976, 57976
100, 15860, 22, 57976, 57976
100, 15870, 22, 57976, 57976
100, 15880, 22, 57976, 57976
100, 15890, 22, 57976, 57976
100, 15900, 22, 57976, 57976
100, 15910, 22, 57976, 57976
100, 15920, 22, 57976, 57976
100, 15930, 22, 57976, 57976
100, 15940, 22, 57976, 57976
100, 15950, 22, 57976, 57976
100, 15960, 22, 57976, 57976
100, 15970, 22, 57976, 57976
100, 15980, 22, 57976, 57976
100, 15990, 22, 57976, 57976
100, 16000, 22, 57976, 57976
100, 16010, 22, 57976, 57976
100, 16020, 22, 57976, 57976
100, 16030, 22, 57976, 57976
100, 16040, 22, 57976, 57976
100, 16050, 22, 57976, 57976
100, 16060, 22, 57976, 57976
100, 16070, 22, 57976, 57976
100, 16080, 22, 57976, 57976
100, 16090, 22, 57976, 57976
100, 16100, 22, 57976, 57976
100, 16110, 22, 57976, 57976
100, 16120, 22, 57976, 57976
100, 16130, 22, 57976, 57976
100, 16140, 22, 57896, 57976
100, 16150, 22, 57896, 57896
100, 16160, 22, 57896, 57896
100, 16170, 22, 57896, 57896
100, 16180, 22, 57896, 57896
100, 16190, 22, 57896, 57896
100, 16200, 22, 57896, 57896
100, 16210, 22, 57896, 57896
100, 16220, 22, 57896, 57896
100, 16230, 22, 57896, 57896
100, 16240, 22, 57896, 57896
100, 16250, 22, 57896, 57896
100, 16260, 22, 57896, 57896
100, 16270, 22, 57896, 57896
100, 16280, 22, 57896, 57896
100, 16290, 22, 57896, 57896
100, 16300, 22, 57896, 57896
100, 16310, 22, 57887, 57887
100, 16320, 22, 57887, 57887
100, 16330, 22, 57887, 57887
100, 16340, 22, 57887, 57887
100, 16350, 22, 57887, 57887
100, 16360, 22, 57887, 57887
100, 16370, 22, 57887, 57887
100, 16380, 22, 57887, 57887
100, 16390, 22, 57887, 57887
100, 16400, 22, 57887, 57887
100, 16410, 22, 57887, 57887
100, 16420, 22, 57887, 57887
100, 16430, 22, 57887, 57887
100, 16440, 22, 57887, 57887
100, 16450, 22, 57887, 57887
100, 16460, 22, 57887, 57887
100, 16470, 22, 57670, 57670
100, 16480, 22, 57670, 57670
100, 16490, 22, 57670, 57670
100, 16500, 22, 57670, 57670
100, 16510, 22, 57670, 57670
100, 16520, 22, 57670, 57670
100, 16530, 22, 57670, 57670
100, 16540, 22, 57670, 57670
100, 16550, 22, 57670, 57670
100, 16560, 22, 57670, 57670
100, 16570, 22, 57670, 57670
100, 16580, 22, 57670, 57670
100, 16590, 22, 57670, 57670
100, 16600, 22, 57670, 57670
100, 16610, 22, 57670, 57670
100, 16620, 22, 57670, 57670
100, 16630, 22, 57670, 57670
100, 16640, 22, 57670, 57670
100, 16650, 22, 57670, 57670
100, 16660, 22, 57515, 57670
100, 16670, 22, 57515, 57515
100, 16680, 22, 57515, 57515
100, 16690, 22, 57515, 57515
100, 16700, 22, 57515, 57515
100, 16710, 22, 57515, 57515
100, 16720, 22, 57515, 57515
100, 16730, 22, 57515, 57515
100, 16740, 22, 57515, 57515
100, 16750, 22, 57515, 57515
100, 16760, 22, 57515, 57515
100, 16770, 22, 57515, 57515
100, 16780, 22, 57515, 57515
100, 16790, 22, 57515, 57515
100, 16800, 22, 57515, 57515
100, 16810, 22, 57515, 57515
100, 16820, 22, 57515, 57515
100, 16830, 22, 57515, 57515
100, 16840, 22, 57515, 57515
100, 16850, 22, 57515, 57515
100, 16860, 22, 57515, 57515
100, 16870, 22, 57515, 57515
100, 16880, 22, 57515, 57515
100, 16890, 22, 57515, 57515
100, 16900, 22, 57515, 57515
100, 16910, 22, 57426, 57426
100, 16920, 22, 57426, 57426
100, 16930, 22, 57426, 57426
100, 16940, 22, 57426, 57426
100, 16950, 22, 57426, 57426
100, 16960, 22, 57426, 57426
100, 16970, 22, 57426, 57426
100, 16980, 22, 57426, 57426
100, 16990, 22, 57426, 57426
100, 17000, 22, 57426, 57426
100, 17010, 22, 57426, 57426
100, 17020, 22, 57426, 57426
100, 17030, 22, 57426, 57426
100, 17040, 22, 57426, 57426
100, 17050, 22, 57426, 57426
100, 17060, 22, 57426, 57426
100, 17070, 22, 57426, 57426
100, 17080, 22, 57426, 57426
100, 17090, 22, 57426, 57426
100, 17100, 22, 57426, 57426
100, 17110, 22, 57426, 57426
100, 17120, 22, 57426, 57426
100, 17130, 22, 57426, 57426
100, 17140, 22, 57426, 57426
100, 17150, 22, 57426, 57426
100, 17160, 22, 57426, 57426
100, 17170, 22, 57426, 57426
100, 17180, 22, 57426, 57426
100, 17190, 22, 57387, 57387
100, 17200, 22, 57387, 57387
100, 17210, 22, 57387, 57387
100, 17220, 22, 57387, 57387
100, 17230, 22, 57387, 57387
100, 17240, 22, 57387, 57387
100, 17250, 22, 57387, 57387
100, 17260, 22, 57387, 57387
100, 17270, 22, 57387, 57387
100, 17280, 22, 57387, 57387
100, 17290, 22, 57387, 57387
100, 17300, 22, 57387, 57387
100, 17310, 22, 57387, 57387
100, 17320, 22, 57387, 57387
100, 17330, 22, 57387, 57387
100, 17340, 22, 57387, 57387
100, 17350, 22, 57387, 57387
100, 17360, 22, 57387, 57387
100, 17370, 22, 57387, 57387
100, 17380, 22, 57387, 57387
100, 17390, 22, 57387, 57387
100, 17400, 22, 57387, 57387
100, 17410, 22, 57387, 57387
100, 17420, 22, 57387, 57387
100, 17430, 22, 57387, 57387
100, 17440, 22, 57387, 57387
100, 17450, 22, 57387, 57387
100, 17460, 22, 57387, 57387
100, 17470, 22, 57387, 57387
100, 17480, 22, 57387, 57387
100, 17490, 22, 57387, 57387
100, 17500, 22, 57387, 57387
100, 17510, 22, 57387, 57387
100, 17520, 22, 57387, 57387
100, 17530, 22, 57387, 57387
100, 17540, 22, 57387, 57387
100, 17550, 22, 57384, 57384
100, 17560, 22, 57384, 57384
100, 17570, 22, 57384, 57384
100, 17580, 22, 57384, 57384
100, 17590, 22, 57384, 57384
100, 17600, 22, 57384, 57384
100, 17610, 22, 57384, 57384
100, 17620, 22, 57384, 57384
100, 17630, 22, 57384, 57384
100, 17640, 22, 57384, 57384
100, 17650, 22, 57384, 57384
100, 17660, 22, 57384, 57384
100, 17670, 22, 57384, 57384
100, 17680, 22, 57384, 57384
100, 17690, 22, 57384, 57384
100, 17700, 22, 57384, 57384
100, 17710, 22, 57384, 57384
100, 17720, 22, 57384, 57384
100, 17730, 22, 57384, 57384
100, 17740, 22, 57384, 57384
100, 17750, 22, 57384, 57384
100, 17760, 22, 57384, 57384
100, 17770, 22, 57384, 57384
100, 17780, 22, 57384, 57384
100, 17790, 22, 57384, 57384
100, 17800, 22, 57384, 57384
100, 17810, 22, 57384, 57384
100, 17820, 22, 57384, 57384
100, 17830, 22, 57384, 57384
100, 17840, 22, 57384, 57384
100, 17850, 22, 57384, 57384
100, 17860, 22, 57384, 57384
100, 17870, 22, 57384, 57384
100, 17880, 22, 57384, 57384
100, 17890, 22, 57384, 57384
100, 17900, 22, 57384, 57384
100, 17910, 22, 57384, 57384
100, 17920, 22, 57384, 57384
100, 17930, 22, 57384, 57384
100, 17940, 22, 57384, 57384
100, 17950, 22, 57384, 57384
100, 17960, 22, 57384, 57384
100, 17970, 22, 57384, 57384
100, 17980, 22, 57384, 57384
100, 17990, 22, 57384, 57384
100, 18000, 22, 57384, 57384
100, 18010, 22, 57384, 57384
100, 18020, 22, 57384, 57384
100, 18030, 22, 57384, 57384
100, 18040, 22, 57384, 57384
100, 18050, 22, 57384, 57384
100, 18060, 22, 57384, 57384
100, 18070, 22, 57384, 57384
100, 18080, 22, 57384, 57384
100, 18090, 22, 57384, 57384
100, 18100, 22, 57384, 57384
100, 18110, 22, 57384, 57384
100, 18120, 22, 57384, 57384
100, 18130, 22, 57363, 57363
100, 18140, 22, 57363, 57363
100, 18150, 22, 57363, 57363
100, 18160, 22, 57363, 57363
100, 18170, 22, 57363, 57363
100, 18180, 22, 57363, 57363
100, 18190, 22, 57363, 57363
100, 18200, 22, 57363, 57363
100, 18210, 22, 57339, 57363
100, 18220, 22, 57339, 57339
100, 18230, 22, 57339, 57339
100, 18240, 22, 57339, 57339
100, 18250, 22, 57339, 57339
100, 18260, 22, 57339, 57339
100, 18270, 22, 57339, 57339
100, 18280, 22, 57339, 57339
100, 18290, 22, 57339, 57339
100, 18300, 22, 57339, 57339
100, 18310, 22, 57339, 57339
100, 18320, 22, 57339, 57339
100, 18330, 22, 57339, 57339
100, 18340, 22, 57339, 57339
100, 18350, 22, 57339, 57339
100, 18360, 22, 57339, 57339
100, 18370, 22, 57339, 57339
100, 18380, 22, 57339, 57339
100, 18390, 22, 57339, 57339
100, 18400, 22, 57339, 57339
100, 18410, 22, 57339, 57339
100, 18420, 22, 57339, 57339
100, 18430, 22, 57339, 57339
100, 18440, 22, 57339, 57339
100, 18450, 22, 57339, 57339
100, 18460, 22, 57339, 57339
100, 18470, 22, 57270, 57270
100, 18480, 22, 57270, 57270
100, 18490, 22, 57270, 57270
100, 18500, 22, 57270, 57270
100, 18510, 22, 57270, 57270
100, 18520, 22, 57270, 57270
100, 18530, 22, 57270, 57270
100, 18540, 22, 57270, 57270
100, 18550, 22, 57270, 57270
100, 18560, 22, 57270, 57270
100, 18570, 22, 57270, 57270
100, 18580, 22, 57270, 57270
100, 18590, 22, 57270, 57270
100, 18600, 22, 57270, 57270
100, 18610, 22, 57270, 57270
100, 18620, 22, 57270, 57270
100, 18630, 22, 57270, 57270
100, 18640, 22, 57270, 57270
100, 18650, 22, 57270, 57270
100, 18660, 22, 57270, 57270
100, 18670, 22, 57270, 57270
100, 18680, 22, 57270, 57270
100, 18690, 22, 57270, 57270
100, 18700, 22, 57270, 57270
100, 18710, 22, 57270, 57270
100, 18720, 22, 57270, 57270
100, 18730, 22, 57270, 57270
100, 18740, 22, 57270, 57270
100, 18750, 22, 57270, 57270
100, 18760, 22, 57270, 57270
100, 18770, 22, 57154, 57154
100, 18780, 22, 57154, 57154
100, 18790, 22, 57154, 57154
100, 18800, 22, 57154, 57154
100, 18810, 22, 57154, 57154
100, 18820, 22, 57154, 57154
100, 18830, 22, 57154, 57154
100, 18840, 22, 57154, 57154
100, 18850, 22, 57154, 57154
100, 18860, 22, 57154, 57154
100, 18870, 22, 57154, 57154
100, 18880, 22, 57154, 57154
100, 18890, 22, 57154, 57154
100, 18900, 22, 57154, 57154
100, 18910, 22, 57154, 57154
100, 18920, 22, 57154, 57154
100, 18930, 22, 57154, 57154
100, 18940, 22, 57154, 57154
100, 18950, 22, 57154, 57154
100, 18960, 22, 57154, 57154
100, 18970, 22, 57154, 57154
100, 18980, 22, 57154, 57154
100, 18990, 22, 57154, 57154
100, 19000, 22, 57154, 57154
100, 19010, 22, 57154, 57154
100, 19020, 22, 57154, 57154
100, 19030, 22, 57154, 57154
100, 19040, 22, 57154, 57154
100, 19050, 22, 57154, 57154
100, 19060, 22, 57077, 57077
100, 19070, 22, 57077, 57077
100, 19080, 22, 57077, 57077
100, 19090, 22, 57077, 57077
100, 19100, 22, 57077, 57077
100, 19110, 22, 57077, 57077
100, 19120, 22, 57077, 57077
100, 19130, 22, 56954, 57077
100, 19140, 22, 56954, 56954
100, 19150, 22, 56954, 56954
100, 19160, 22, 56954, 56954
100, 19170, 22, 56954, 56954
100, 19180, 22, 56954, 56954
100, 19190, 22, 56954, 56954
100, 19200, 22, 56954, 56954
100, 19210, 22, 56954, 56954
100, 19220, 22, 56954, 56954
100, 19230, 22, 56954, 56954
100, 19240, 22, 56954, 56954
100, 19250, 22, 56954, 56954
100, 19260, 22, 56954, 56954
100, 19270, 22, 56954, 56954
100, 19280, 22, 56954, 56954
100, 19290, 22, 56954, 56954
100, 19300, 22, 56954, 56954
100, 19310, 22, 56954, 56954
100, 19320, 22, 56954, 56954
100, 19330, 22, 56954, 56954
100, 19340, 22, 56954, 56954
100, 19350, 22, 56954, 56954
100, 19360, 22, 56954, 56954
100, 19370, 22, 56954, 56954
100, 19380, 22, 56954, 56954
100, 19390, 22, 56954, 56954
100, 19400, 22, 56954, 56954
100, 19410, 22, 56954, 56954
100, 19420, 22, 56954, 56954
100, 19430, 22, 56954, 56954
100, 19440, 22, 56954, 56954
100, 19450, 22, 56954, 56954
100, 19460, 22, 56954, 56954
100, 19470, 22, 56954, 56954
100, 19480, 22, 56954, 56954
100, 19490, 22, 56954, 56954
100, 19500, 22, 56954, 56954
100, 19510, 22, 56954, 56954
100, 19520, 22, 56954, 56954
100, 19530, 22, 56954, 56954
100, 19540, 22, 56954, 56954
100, 19550, 22, 56954, 56954
100, 19560, 22, 56954, 56954
100, 19570, 22, 56954, 56954
100, 19580, 22, 56954, 56954
100, 19590, 22, 56954, 56954
100, 19600, 22, 56954, 56954
100, 19610, 22, 56954, 56954
100, 19620, 22, 56954, 56954
100, 19630, 22, 56954, 56954
100, 19640, 22, 56954, 56954
100, 19650, 22, 56954, 56954
100, 19660, 22, 56954, 56954
100, 19670, 22, 56954, 56954
100, 19680, 22, 56954, 56954
100, 19690, 22, 56922, 56924
100, 19700, 22, 56922, 56922
100, 19710, 22, 56922, 56922
100, 19720, 22, 56922, 56922
100, 19730, 22, 56922, 56922
100, 19740, 22, 56922, 56922
100, 19750, 22, 56922, 56922
100, 19760, 22, 56922, 56922
100, 19770, 22, 56922, 56922
100, 19780, 22, 56922, 56922
100, 19790, 22, 56922, 56922
100, 19800, 22, 56922, 56922
100, 19810, 22, 56922, 56922
100, 19820, 22, 56922, 56922
100, 19830, 22, 56922, 56922
100, 19840, 22, 56922, 56922
100, 19850, 22, 56922, 56922
100, 19860, 22, 56922, 56922
100, 19870, 22, 56922, 56922
100, 19880, 22, 56922, 56922
100, 19890, 22, 56922, 56922
100, 19900, 22, 56922, 56922
100, 19910, 22, 56922, 56922
100, 19920, 22, 56922, 56922
100, 19930, 22, 56922, 56922
100, 19940, 22, 56922, 56922
100, 19950, 22, 56922, 56922
100, 19960, 22, 56922, 56922
100, 19970, 22, 56922, 56922
100, 19980, 22, 56922, 56922
100, 19990, 22, 56922, 56922
