Population Size, Generation Count, Repetition, Best Fitness, Median Fitness
50, 0, 13, 745800, 771441
50, 10, 13, 711862, 721587
50, 20, 13, 683672, 690633
50, 30, 13, 667321, 673183
50, 40, 13, 646665, 654628
50, 50, 13, 623574, 634196
50, 60, 13, 610901, 616320
50, 70, 13, 600829, 604665
50, 80, 13, 588858, 592660
50, 90, 13, 570836, 580459
50, 100, 13, 558472, 565424
50, 110, 13, 550199, 554642
50, 120, 13, 539793, 542586
50, 130, 13, 529488, 536605
50, 140, 13, 522480, 527974
50, 150, 13, 517542, 520334
50, 160, 13, 509088, 513370
50, 170, 13, 501416, 506118
50, 180, 13, 492850, 498246
50, 190, 13, 486290, 490472
50, 200, 13, 481296, 485969
50, 210, 13, 473899, 479708
50, 220, 13, 465943, 470533
50, 230, 13, 461514, 465164
50, 240, 13, 455111, 459774
50, 250, 13, 449093, 454120
50, 260, 13, 443986, 447055
50, 270, 13, 437397, 441994
50, 280, 13, 430295, 434534
50, 290, 13, 424025, 427391
50, 300, 13, 417978, 422589
50, 310, 13, 415375, 418122
50, 320, 13, 408960, 414180
50, 330, 13, 405314, 407950
50, 340, 13, 402025, 405195
50, 350, 13, 396252, 400186
50, 360, 13, 392507, 396417
50, 370, 13, 387442, 392037
50, 380, 13, 385148, 387719
50, 390, 13, 381184, 384361
50, 400, 13, 377646, 379625
50, 410, 13, 373664, 378033
50, 420, 13, 370598, 374864
50, 430, 13, 367013, 369468
50, 440, 13, 364584, 366328
50, 450, 13, 358626, 362038
50, 460, 13, 355749, 359158
50, 470, 13, 353091, 357235
50, 480, 13, 349640, 352906
50, 490, 13, 346042, 351837
50, 500, 13, 342126, 344960
50, 510, 13, 338993, 342874
50, 520, 13, 336322, 339276
50, 530, 13, 333808, 336503
50, 540, 13, 329937, 333722
50, 550, 13, 326682, 329863
50, 560, 13, 324606, 327763
50, 570, 13, 322112, 325872
50, 580, 13, 320232, 323563
50, 590, 13, 317572, 321055
50, 600, 13, 316526, 318560
50, 610, 13, 314355, 317817
50, 620, 13, 311938, 315825
50, 630, 13, 311052, 312210
50, 640, 13, 309498, 312325
50, 650, 13, 307349, 311097
50, 660, 13, 305484, 307349
50, 670, 13, 303577, 306147
50, 680, 13, 301235, 304428
50, 690, 13, 298259, 302857
50, 700, 13, 296172, 299525
50, 710, 13, 295514, 297494
50, 720, 13, 291578, 295660
50, 730, 13, 288697, 293331
50, 740, 13, 288242, 290992
50, 750, 13, 285428, 287733
50, 760, 13, 283894, 288413
50, 770, 13, 282214, 284176
50, 780, 13, 279444, 283681
50, 790, 13, 277514, 279769
50, 800, 13, 275802, 278699
50, 810, 13, 273267, 274758
50, 820, 13, 271972, 274041
50, 830, 13, 269754, 274285
50, 840, 13, 268593, 271478
50, 850, 13, 268010, 270620
50, 860, 13, 265947, 270736
50, 870, 13, 263999, 267214
50, 880, 13, 261782, 265958
50, 890, 13, 260763, 263065
50, 900, 13, 260012, 263624
50, 910, 13, 259250, 261840
50, 920, 13, 258949, 262397
50, 930, 13, 257163, 260085
50, 940, 13, 255421, 258360
50, 950, 13, 254005, 257906
50, 960, 13, 252445, 255371
50, 970, 13, 251600, 253383
50, 980, 13, 249140, 254416
50, 990, 13, 248559, 249954
50, 1000, 13, 246724, 250078
50, 1010, 13, 246115, 247714
50, 1020, 13, 245581, 247667
50, 1030, 13, 244912, 247428
50, 1040, 13, 242736, 245252
50, 1050, 13, 242260, 244077
50, 1060, 13, 241678, 243074
50, 1070, 13, 240304, 243026
50, 1080, 13, 239144, 244250
50, 1090, 13, 238253, 240731
50, 1100, 13, 236324, 239806
50, 1110, 13, 235447, 236736
50, 1120, 13, 233103, 235984
50, 1130, 13, 232044, 235205
50, 1140, 13, 231029, 234175
50, 1150, 13, 230064, 231225
50, 1160, 13, 228772, 231340
50, 1170, 13, 228320, 231781
50, 1180, 13, 227513, 230094
50, 1190, 13, 227377, 229047
50, 1200, 13, 226868, 229449
50, 1210, 13, 225562, 227647
50, 1220, 13, 224848, 227672
50, 1230, 13, 224564, 226755
50, 1240, 13, 224111, 226792
50, 1250, 13, 222277, 224959
50, 1260, 13, 220596, 222334
50, 1270, 13, 219416, 222945
50, 1280, 13, 218694, 222050
50, 1290, 13, 218365, 221312
50, 1300, 13, 217710, 218475
50, 1310, 13, 216627, 219967
50, 1320, 13, 215529, 217626
50, 1330, 13, 214245, 216933
50, 1340, 13, 213512, 216099
50, 1350, 13, 213420, 216205
50, 1360, 13, 212684, 216216
50, 1370, 13, 212438, 215003
50, 1380, 13, 211832, 215014
50, 1390, 13, 210894, 213508
50, 1400, 13, 210203, 211344
50, 1410, 13, 209285, 213026
50, 1420, 13, 208654, 211095
50, 1430, 13, 207820, 209998
50, 1440, 13, 207380, 211960
50, 1450, 13, 206906, 209613
50, 1460, 13, 206459, 209463
50, 1470, 13, 204522, 207675
50, 1480, 13, 203498, 205215
50, 1490, 13, 203232, 203295
50, 1500, 13, 201535, 204231
50, 1510, 13, 201098, 204097
50, 1520, 13, 199367, 202574
50, 1530, 13, 199101, 201527
50, 1540, 13, 197744, 201312
50, 1550, 13, 197261, 199600
50, 1560, 13, 197110, 199200
50, 1570, 13, 196865, 200625
50, 1580, 13, 196061, 197138
50, 1590, 13, 195821, 198298
50, 1600, 13, 195234, 197069
50, 1610, 13, 194922, 197625
50, 1620, 13, 193063, 195323
50, 1630, 13, 192463, 195366
50, 1640, 13, 192261, 193830
50, 1650, 13, 191903, 194997
50, 1660, 13, 191849, 192851
50, 1670, 13, 190697, 194748
50, 1680, 13, 190349, 192123
50, 1690, 13, 189939, 193300
50, 1700, 13, 189595, 190412
50, 1710, 13, 188084, 191614
50, 1720, 13, 187753, 190261
50, 1730, 13, 186284, 188380
50, 1740, 13, 185843, 188049
50, 1750, 13, 184941, 187959
50, 1760, 13, 184077, 185611
50, 1770, 13, 183671, 187699
50, 1780, 13, 182198, 187467
50, 1790, 13, 181956, 185104
50, 1800, 13, 181725, 183499
50, 1810, 13, 180622, 182706
50, 1820, 13, 180391, 184834
50, 1830, 13, 179382, 183334
50, 1840, 13, 178499, 181266
50, 1850, 13, 178385, 181029
50, 1860, 13, 178291, 179670
50, 1870, 13, 177413, 179684
50, 1880, 13, 176890, 177863
50, 1890, 13, 176890, 178404
50, 1900, 13, 176184, 179715
50, 1910, 13, 176107, 177251
50, 1920, 13, 174963, 177909
50, 1930, 13, 174456, 175881
50, 1940, 13, 173326, 177476
50, 1950, 13, 172713, 175213
50, 1960, 13, 171858, 174617
50, 1970, 13, 170946, 175083
50, 1980, 13, 170727, 173486
50, 1990, 13, 170308, 172766
50, 2000, 13, 169025, 173015
50, 2010, 13, 167988, 171761
50, 2020, 13, 166386, 168698
50, 2030, 13, 165590, 167694
50, 2040, 13, 164547, 167274
50, 2050, 13, 164051, 167122
50, 2060, 13, 163374, 166369
50, 2070, 13, 163116, 165419
50, 2080, 13, 162983, 164923
50, 2090, 13, 162588, 165682
50, 2100, 13, 162086, 164113
50, 2110, 13, 161755, 164392
50, 2120, 13, 161679, 164017
50, 2130, 13, 160862, 163687
50, 2140, 13, 160653, 163066
50, 2150, 13, 160566, 162354
50, 2160, 13, 159798, 161379
50, 2170, 13, 159614, 162214
50, 2180, 13, 159027, 163125
50, 2190, 13, 159027, 162617
50, 2200, 13, 158779, 161117
50, 2210, 13, 158634, 161730
50, 2220, 13, 157825, 158910
50, 2230, 13, 157447, 160532
50, 2240, 13, 157267, 159815
50, 2250, 13, 156864, 159685
50, 2260, 13, 155990, 156864
50, 2270, 13, 155802, 157373
50, 2280, 13, 155554, 158295
50, 2290, 13, 155511, 158475
50, 2300, 13, 155101, 157884
50, 2310, 13, 155101, 157123
50, 2320, 13, 154966, 157895
50, 2330, 13, 154453, 155890
50, 2340, 13, 153965, 156421
50, 2350, 13, 153670, 156902
50, 2360, 13, 153294, 154441
50, 2370, 13, 152803, 154320
50, 2380, 13, 152292, 154712
50, 2390, 13, 151838, 154844
50, 2400, 13, 151760, 154586
50, 2410, 13, 151549, 155569
50, 2420, 13, 151326, 153801
50, 2430, 13, 150955, 154054
50, 2440, 13, 149824, 152800
50, 2450, 13, 149586, 152288
50, 2460, 13, 149331, 152365
50, 2470, 13, 148919, 151096
50, 2480, 13, 148855, 148919
50, 2490, 13, 148331, 152429
50, 2500, 13, 147749, 150153
50, 2510, 13, 147685, 150453
50, 2520, 13, 147017, 149719
50, 2530, 13, 146679, 149882
50, 2540, 13, 146518, 148783
50, 2550, 13, 146065, 149452
50, 2560, 13, 145623, 147835
50, 2570, 13, 145206, 147290
50, 2580, 13, 145156, 146958
50, 2590, 13, 144552, 148723
50, 2600, 13, 144117, 146315
50, 2610, 13, 143794, 143882
50, 2620, 13, 142722, 145055
50, 2630, 13, 142601, 144451
50, 2640, 13, 141820, 145652
50, 2650, 13, 141757, 141820
50, 2660, 13, 141728, 143115
50, 2670, 13, 140062, 144239
50, 2680, 13, 140062, 143351
50, 2690, 13, 139680, 140273
50, 2700, 13, 139245, 140056
50, 2710, 13, 138973, 141248
50, 2720, 13, 138373, 141602
50, 2730, 13, 138069, 140166
50, 2740, 13, 138069, 139952
50, 2750, 13, 138069, 138069
50, 2760, 13, 137798, 139389
50, 2770, 13, 137565, 139491
50, 2780, 13, 136837, 138085
50, 2790, 13, 136554, 139343
50, 2800, 13, 136349, 138660
50, 2810, 13, 135621, 138370
50, 2820, 13, 135621, 137460
50, 2830, 13, 135550, 137744
50, 2840, 13, 134968, 138029
50, 2850, 13, 134750, 137037
50, 2860, 13, 134361, 136510
50, 2870, 13, 134361, 136008
50, 2880, 13, 134145, 135877
50, 2890, 13, 134101, 136596
50, 2900, 13, 134101, 134587
50, 2910, 13, 133989, 137625
50, 2920, 13, 133989, 136168
50, 2930, 13, 133881, 136262
50, 2940, 13, 133767, 135399
50, 2950, 13, 133423, 134304
50, 2960, 13, 133356, 135467
50, 2970, 13, 133270, 134484
50, 2980, 13, 132879, 135636
50, 2990, 13, 132879, 134483
50, 3000, 13, 132684, 135236
50, 3010, 13, 132601, 135928
50, 3020, 13, 132351, 136386
50, 3030, 13, 131947, 133898
50, 3040, 13, 131930, 133644
50, 3050, 13, 131810, 133890
50, 3060, 13, 131567, 133027
50, 3070, 13, 130782, 133799
50, 3080, 13, 130357, 131972
50, 3090, 13, 130153, 133031
50, 3100, 13, 129854, 130054
50, 3110, 13, 129706, 132604
50, 3120, 13, 129259, 131953
50, 3130, 13, 128880, 129941
50, 3140, 13, 128880, 131476
50, 3150, 13, 128150, 129770
50, 3160, 13, 128150, 129958
50, 3170, 13, 127804, 128150
50, 3180, 13, 127250, 127853
50, 3190, 13, 126931, 129803
50, 3200, 13, 126922, 128583
50, 3210, 13, 126922, 128256
50, 3220, 13, 126486, 129002
50, 3230, 13, 126255, 128875
50, 3240, 13, 125609, 127612
50, 3250, 13, 125195, 126609
50, 3260, 13, 124973, 127529
50, 3270, 13, 124843, 127280
50, 3280, 13, 124404, 126611
50, 3290, 13, 124232, 124943
50, 3300, 13, 123809, 127524
50, 3310, 13, 123809, 125256
50, 3320, 13, 123535, 126095
50, 3330, 13, 123137, 125215
50, 3340, 13, 122935, 125252
50, 3350, 13, 122935, 126445
50, 3360, 13, 122842, 125001
50, 3370, 13, 122605, 126078
50, 3380, 13, 122567, 125741
50, 3390, 13, 122434, 124522
50, 3400, 13, 122069, 123971
50, 3410, 13, 121508, 123944
50, 3420, 13, 121388, 123971
50, 3430, 13, 120940, 122857
50, 3440, 13, 120694, 122703
50, 3450, 13, 120549, 122371
50, 3460, 13, 120516, 120784
50, 3470, 13, 120516, 122220
50, 3480, 13, 120475, 122241
50, 3490, 13, 120375, 122858
50, 3500, 13, 119890, 121678
50, 3510, 13, 119890, 120739
50, 3520, 13, 119867, 122360
50, 3530, 13, 119818, 121511
50, 3540, 13, 119695, 122152
50, 3550, 13, 119677, 120936
50, 3560, 13, 119262, 121768
50, 3570, 13, 119204, 121503
50, 3580, 13, 119095, 123078
50, 3590, 13, 118565, 120850
50, 3600, 13, 118121, 118565
50, 3610, 13, 117887, 118221
50, 3620, 13, 117481, 119316
50, 3630, 13, 117424, 119411
50, 3640, 13, 117336, 120445
50, 3650, 13, 117336, 117765
50, 3660, 13, 116878, 118665
50, 3670, 13, 116819, 118276
50, 3680, 13, 116793, 118802
50, 3690, 13, 116329, 118238
50, 3700, 13, 116249, 119115
50, 3710, 13, 116129, 116249
50, 3720, 13, 115637, 117645
50, 3730, 13, 115479, 115637
50, 3740, 13, 115479, 118221
50, 3750, 13, 115310, 118852
50, 3760, 13, 114623, 115976
50, 3770, 13, 114506, 116604
50, 3780, 13, 114506, 116417
50, 3790, 13, 114392, 117754
50, 3800, 13, 114348, 117337
50, 3810, 13, 114225, 117188
50, 3820, 13, 114225, 116715
50, 3830, 13, 114217, 118811
50, 3840, 13, 113652, 115893
50, 3850, 13, 113057, 115026
50, 3860, 13, 113033, 114945
50, 3870, 13, 112698, 115591
50, 3880, 13, 112408, 115239
50, 3890, 13, 112249, 114855
50, 3900, 13, 112249, 114578
50, 3910, 13, 112189, 114134
50, 3920, 13, 111818, 114094
50, 3930, 13, 111818, 114342
50, 3940, 13, 111818, 114468
50, 3950, 13, 111766, 114072
50, 3960, 13, 111715, 113389
50, 3970, 13, 111715, 114185
50, 3980, 13, 111698, 113836
50, 3990, 13, 111698, 113063
50, 4000, 13, 111193, 112565
50, 4010, 13, 110408, 114068
50, 4020, 13, 110264, 112249
50, 4030, 13, 110217, 111494
50, 4040, 13, 110217, 111823
50, 4050, 13, 110056, 110898
50, 4060, 13, 110003, 111713
50, 4070, 13, 109880, 111892
50, 4080, 13, 109880, 112075
50, 4090, 13, 109680, 111824
50, 4100, 13, 109536, 111500
50, 4110, 13, 109536, 111414
50, 4120, 13, 109533, 111064
50, 4130, 13, 109374, 112190
50, 4140, 13, 109232, 111790
50, 4150, 13, 109070, 110958
50, 4160, 13, 108787, 111130
50, 4170, 13, 108619, 112268
50, 4180, 13, 108339, 109270
50, 4190, 13, 108253, 110119
50, 4200, 13, 108253, 110060
50, 4210, 13, 108198, 108253
50, 4220, 13, 107826, 111082
50, 4230, 13, 107826, 111623
50, 4240, 13, 107826, 109895
50, 4250, 13, 107826, 110066
50, 4260, 13, 107787, 109791
50, 4270, 13, 107563, 109025
50, 4280, 13, 107417, 109975
50, 4290, 13, 107259, 109249
50, 4300, 13, 107259, 108745
50, 4310, 13, 106944, 106952
50, 4320, 13, 106944, 108160
50, 4330, 13, 106899, 109263
50, 4340, 13, 106506, 109138
50, 4350, 13, 106506, 110074
50, 4360, 13, 106300, 106506
50, 4370, 13, 106300, 106300
50, 4380, 13, 106300, 108999
50, 4390, 13, 106142, 108634
50, 4400, 13, 106142, 107672
50, 4410, 13, 106142, 106913
50, 4420, 13, 105375, 106288
50, 4430, 13, 105359, 106939
50, 4440, 13, 105359, 105359
50, 4450, 13, 105262, 106741
50, 4460, 13, 105079, 107894
50, 4470, 13, 104858, 106656
50, 4480, 13, 104676, 108532
50, 4490, 13, 104616, 104755
50, 4500, 13, 104615, 106817
50, 4510, 13, 104615, 106040
50, 4520, 13, 104605, 106036
50, 4530, 13, 103732, 105800
50, 4540, 13, 103535, 105827
50, 4550, 13, 103412, 103535
50, 4560, 13, 103335, 104767
50, 4570, 13, 103335, 105737
50, 4580, 13, 103335, 103756
50, 4590, 13, 103263, 103536
50, 4600, 13, 103093, 103263
50, 4610, 13, 102956, 103034
50, 4620, 13, 102928, 105248
50, 4630, 13, 102636, 103828
50, 4640, 13, 102362, 105717
50, 4650, 13, 102362, 102659
50, 4660, 13, 102274, 104635
50, 4670, 13, 102274, 104611
50, 4680, 13, 102112, 103844
50, 4690, 13, 102089, 105287
50, 4700, 13, 102088, 105066
50, 4710, 13, 102038, 103541
50, 4720, 13, 101756, 102567
50, 4730, 13, 101501, 101756
50, 4740, 13, 101501, 103035
50, 4750, 13, 101501, 102992
50, 4760, 13, 101124, 102063
50, 4770, 13, 101124, 103282
50, 4780, 13, 101065, 104360
50, 4790, 13, 101046, 102802
50, 4800, 13, 101046, 102917
50, 4810, 13, 101045, 103268
50, 4820, 13, 100821, 101045
50, 4830, 13, 100821, 102961
50, 4840, 13, 100779, 103604
50, 4850, 13, 100779, 103131
50, 4860, 13, 100579, 102246
50, 4870, 13, 99694, 103160
50, 4880, 13, 99694, 102424
50, 4890, 13, 99366, 99588
50, 4900, 13, 99366, 101361
50, 4910, 13, 99325, 101555
50, 4920, 13, 99325, 102316
50, 4930, 13, 99325, 103002
50, 4940, 13, 99280, 100053
50, 4950, 13, 99239, 101144
50, 4960, 13, 98943, 102977
50, 4970, 13, 98743, 100695
50, 4980, 13, 98427, 100714
50, 4990, 13, 98179, 101118
50, 5000, 13, 98019, 99725
50, 5010, 13, 98019, 99565
50, 5020, 13, 97987, 98905
50, 5030, 13, 97844, 97844
50, 5040, 13, 97296, 97844
50, 5050, 13, 97296, 97839
50, 5060, 13, 97161, 98790
50, 5070, 13, 97161, 99469
50, 5080, 13, 97096, 98765
50, 5090, 13, 97077, 99109
50, 5100, 13, 96702, 98018
50, 5110, 13, 96702, 98430
50, 5120, 13, 96618, 97882
50, 5130, 13, 96469, 96618
50, 5140, 13, 95979, 97954
50, 5150, 13, 95821, 98459
50, 5160, 13, 95821, 95821
50, 5170, 13, 95612, 97248
50, 5180, 13, 95612, 96309
50, 5190, 13, 95612, 96626
50, 5200, 13, 95596, 96012
50, 5210, 13, 95479, 96596
50, 5220, 13, 95088, 95596
50, 5230, 13, 95003, 96923
50, 5240, 13, 94971, 97450
50, 5250, 13, 94971, 94971
50, 5260, 13, 94882, 97411
50, 5270, 13, 94882, 95863
50, 5280, 13, 94882, 95402
50, 5290, 13, 94882, 97460
50, 5300, 13, 94674, 96677
50, 5310, 13, 94648, 95211
50, 5320, 13, 94448, 97227
50, 5330, 13, 93879, 95789
50, 5340, 13, 93879, 96380
50, 5350, 13, 93879, 96205
50, 5360, 13, 93696, 93696
50, 5370, 13, 93598, 94402
50, 5380, 13, 93456, 94676
50, 5390, 13, 93456, 96334
50, 5400, 13, 93456, 95295
50, 5410, 13, 93456, 96356
50, 5420, 13, 93456, 93456
50, 5430, 13, 93456, 95220
50, 5440, 13, 93341, 96604
50, 5450, 13, 93301, 96117
50, 5460, 13, 93301, 95299
50, 5470, 13, 93137, 96857
50, 5480, 13, 93137, 94344
50, 5490, 13, 93137, 95338
50, 5500, 13, 92886, 96690
50, 5510, 13, 92886, 95449
50, 5520, 13, 92537, 93301
50, 5530, 13, 92338, 92338
50, 5540, 13, 92338, 93761
50, 5550, 13, 92338, 94767
50, 5560, 13, 92338, 93559
50, 5570, 13, 92338, 92338
50, 5580, 13, 92338, 94413
50, 5590, 13, 92298, 92338
50, 5600, 13, 92298, 94688
50, 5610, 13, 92285, 92822
50, 5620, 13, 92285, 94920
50, 5630, 13, 92285, 92285
50, 5640, 13, 92285, 93170
50, 5650, 13, 92267, 92285
50, 5660, 13, 92267, 95019
50, 5670, 13, 92267, 92628
50, 5680, 13, 92267, 93654
50, 5690, 13, 92171, 92248
50, 5700, 13, 92171, 92171
50, 5710, 13, 92171, 94115
50, 5720, 13, 92001, 94011
50, 5730, 13, 92001, 92318
50, 5740, 13, 91517, 91833
50, 5750, 13, 91517, 94520
50, 5760, 13, 91489, 93581
50, 5770, 13, 91471, 92891
50, 5780, 13, 91364, 92825
50, 5790, 13, 91280, 91364
50, 5800, 13, 91158, 91280
50, 5810, 13, 90970, 91158
50, 5820, 13, 90970, 93006
50, 5830, 13, 90970, 91943
50, 5840, 13, 90942, 92296
50, 5850, 13, 90942, 91967
50, 5860, 13, 90913, 92827
50, 5870, 13, 90796, 90913
50, 5880, 13, 90669, 94697
50, 5890, 13, 90669, 92873
50, 5900, 13, 90669, 93474
50, 5910, 13, 90669, 92001
50, 5920, 13, 90669, 92375
50, 5930, 13, 90669, 92499
50, 5940, 13, 90669, 92381
50, 5950, 13, 90669, 92538
50, 5960, 13, 90669, 92231
50, 5970, 13, 90496, 92827
50, 5980, 13, 90496, 90496
50, 5990, 13, 90321, 90496
50, 6000, 13, 90321, 91230
50, 6010, 13, 90321, 92529
50, 6020, 13, 90154, 92232
50, 6030, 13, 89762, 92258
50, 6040, 13, 89762, 91477
50, 6050, 13, 89762, 91916
50, 6060, 13, 89598, 91934
50, 6070, 13, 89517, 89598
50, 6080, 13, 89517, 90947
50, 6090, 13, 89517, 91122
50, 6100, 13, 89401, 91010
50, 6110, 13, 89401, 91547
50, 6120, 13, 89401, 92009
50, 6130, 13, 89255, 91008
50, 6140, 13, 88907, 91359
50, 6150, 13, 88907, 90509
50, 6160, 13, 88907, 91885
50, 6170, 13, 88907, 90305
50, 6180, 13, 88753, 90531
50, 6190, 13, 88753, 89000
50, 6200, 13, 88753, 89440
50, 6210, 13, 88753, 90428
50, 6220, 13, 88702, 90802
50, 6230, 13, 88702, 88702
50, 6240, 13, 88621, 88702
50, 6250, 13, 88621, 90322
50, 6260, 13, 88621, 91210
50, 6270, 13, 88621, 88621
50, 6280, 13, 88596, 89220
50, 6290, 13, 88578, 89257
50, 6300, 13, 88379, 89527
50, 6310, 13, 88239, 90708
50, 6320, 13, 88227, 88610
50, 6330, 13, 88227, 89348
50, 6340, 13, 88227, 89004
50, 6350, 13, 88227, 89284
50, 6360, 13, 88171, 88945
50, 6370, 13, 88171, 91019
50, 6380, 13, 88171, 88171
50, 6390, 13, 88171, 90397
50, 6400, 13, 88171, 88171
50, 6410, 13, 88171, 89962
50, 6420, 13, 88129, 90924
50, 6430, 13, 87831, 88129
50, 6440, 13, 87831, 87831
50, 6450, 13, 87831, 89142
50, 6460, 13, 87733, 87733
50, 6470, 13, 87733, 88722
50, 6480, 13, 87502, 88895
50, 6490, 13, 87190, 87502
50, 6500, 13, 87075, 89917
50, 6510, 13, 86898, 87517
50, 6520, 13, 86841, 90318
50, 6530, 13, 86841, 89278
50, 6540, 13, 86691, 86691
50, 6550, 13, 86650, 88998
50, 6560, 13, 86650, 88785
50, 6570, 13, 86650, 88924
50, 6580, 13, 86617, 88437
50, 6590, 13, 86617, 86911
50, 6600, 13, 86597, 87596
50, 6610, 13, 86472, 88357
50, 6620, 13, 86472, 86472
50, 6630, 13, 86459, 86472
50, 6640, 13, 85590, 87149
50, 6650, 13, 85590, 87482
50, 6660, 13, 85590, 86891
50, 6670, 13, 85590, 87652
50, 6680, 13, 85550, 87694
50, 6690, 13, 85241, 85252
50, 6700, 13, 85235, 87861
50, 6710, 13, 85235, 86643
50, 6720, 13, 85235, 87743
50, 6730, 13, 85028, 86546
50, 6740, 13, 84981, 86837
50, 6750, 13, 84981, 85226
50, 6760, 13, 84981, 86547
50, 6770, 13, 84981, 84981
50, 6780, 13, 84962, 84962
50, 6790, 13, 84839, 84839
50, 6800, 13, 84839, 86528
50, 6810, 13, 84839, 86655
50, 6820, 13, 84839, 85908
50, 6830, 13, 84839, 86526
50, 6840, 13, 84695, 87412
50, 6850, 13, 84695, 84695
50, 6860, 13, 84695, 84695
50, 6870, 13, 84695, 86591
50, 6880, 13, 84695, 84695
50, 6890, 13, 84695, 85449
50, 6900, 13, 84695, 84695
50, 6910, 13, 84695, 86809
50, 6920, 13, 84636, 84695
50, 6930, 13, 84478, 85738
50, 6940, 13, 84419, 84419
50, 6950, 13, 84419, 84743
50, 6960, 13, 84419, 85543
50, 6970, 13, 84363, 84912
50, 6980, 13, 84363, 86910
50, 6990, 13, 84363, 86077
50, 7000, 13, 84363, 84363
50, 7010, 13, 84280, 86773
50, 7020, 13, 84280, 85705
50, 7030, 13, 84280, 84280
50, 7040, 13, 84280, 85532
50, 7050, 13, 84280, 84280
50, 7060, 13, 84280, 84759
50, 7070, 13, 84280, 84986
50, 7080, 13, 84280, 84872
50, 7090, 13, 84280, 85116
50, 7100, 13, 84280, 85616
50, 7110, 13, 84280, 85115
50, 7120, 13, 84280, 86717
50, 7130, 13, 84262, 86830
50, 7140, 13, 84021, 84192
50, 7150, 13, 83995, 84021
50, 7160, 13, 83995, 85450
50, 7170, 13, 83965, 84132
50, 7180, 13, 83965, 83965
50, 7190, 13, 83965, 87194
50, 7200, 13, 83965, 86430
50, 7210, 13, 83820, 83965
50, 7220, 13, 83720, 83820
50, 7230, 13, 83619, 83820
50, 7240, 13, 83619, 84934
50, 7250, 13, 83524, 84704
50, 7260, 13, 83429, 83524
50, 7270, 13, 83429, 84331
50, 7280, 13, 83429, 85670
50, 7290, 13, 83429, 83429
50, 7300, 13, 83358, 87419
50, 7310, 13, 83358, 84007
50, 7320, 13, 83358, 85458
50, 7330, 13, 83282, 84545
50, 7340, 13, 83118, 83787
50, 7350, 13, 83097, 83118
50, 7360, 13, 82832, 82852
50, 7370, 13, 82720, 84228
50, 7380, 13, 82720, 82720
50, 7390, 13, 82720, 82732
50, 7400, 13, 82600, 84544
50, 7410, 13, 82600, 82600
50, 7420, 13, 82600, 84534
50, 7430, 13, 82469, 82600
50, 7440, 13, 82469, 83643
50, 7450, 13, 82469, 85625
50, 7460, 13, 82412, 82412
50, 7470, 13, 82332, 82332
50, 7480, 13, 82001, 82083
50, 7490, 13, 82001, 85090
50, 7500, 13, 81859, 82001
50, 7510, 13, 81859, 83011
50, 7520, 13, 81859, 81859
50, 7530, 13, 81610, 83736
50, 7540, 13, 81610, 82492
50, 7550, 13, 81610, 83783
50, 7560, 13, 81610, 81610
50, 7570, 13, 81610, 83003
50, 7580, 13, 81610, 84132
50, 7590, 13, 81584, 81610
50, 7600, 13, 81460, 83865
50, 7610, 13, 81460, 81460
50, 7620, 13, 81460, 81460
50, 7630, 13, 80996, 81460
50, 7640, 13, 80978, 81696
50, 7650, 13, 80978, 80978
50, 7660, 13, 80844, 82118
50, 7670, 13, 80844, 81323
50, 7680, 13, 80715, 82218
50, 7690, 13, 80696, 80696
50, 7700, 13, 80696, 82027
50, 7710, 13, 80696, 81273
50, 7720, 13, 80696, 82742
50, 7730, 13, 80696, 80696
50, 7740, 13, 80663, 80696
50, 7750, 13, 80663, 80663
50, 7760, 13, 80663, 82018
50, 7770, 13, 80663, 80663
50, 7780, 13, 80540, 80663
50, 7790, 13, 80456, 80540
50, 7800, 13, 80456, 81888
50, 7810, 13, 80456, 83139
50, 7820, 13, 80315, 80888
50, 7830, 13, 80315, 80315
50, 7840, 13, 80102, 81700
50, 7850, 13, 79639, 79639
50, 7860, 13, 79639, 79639
50, 7870, 13, 79639, 79639
50, 7880, 13, 79522, 79639
50, 7890, 13, 79489, 79522
50, 7900, 13, 79406, 79406
50, 7910, 13, 79395, 79395
50, 7920, 13, 79390, 79390
50, 7930, 13, 79390, 81143
50, 7940, 13, 79302, 79302
50, 7950, 13, 79302, 79302
50, 7960, 13, 79302, 79302
50, 7970, 13, 79206, 79302
50, 7980, 13, 79206, 79206
50, 7990, 13, 78669, 79329
50, 8000, 13, 78669, 78669
50, 8010, 13, 78526, 78719
50, 8020, 13, 78526, 80953
50, 8030, 13, 78526, 80436
50, 8040, 13, 78385, 78526
50, 8050, 13, 78221, 78385
50, 8060, 13, 78131, 79619
50, 8070, 13, 77996, 79200
50, 8080, 13, 77996, 80660
50, 8090, 13, 77996, 77996
50, 8100, 13, 77957, 77957
50, 8110, 13, 77957, 77957
50, 8120, 13, 77957, 80719
50, 8130, 13, 77957, 77957
50, 8140, 13, 77779, 79581
50, 8150, 13, 77779, 77779
50, 8160, 13, 77779, 79055
50, 8170, 13, 77579, 79505
50, 8180, 13, 77463, 77463
50, 8190, 13, 77291, 79423
50, 8200, 13, 77291, 77775
50, 8210, 13, 77291, 79454
50, 8220, 13, 77291, 77291
50, 8230, 13, 77167, 79189
50, 8240, 13, 77167, 78647
50, 8250, 13, 77166, 79251
50, 8260, 13, 77151, 77166
50, 8270, 13, 77151, 78135
50, 8280, 13, 77087, 78138
50, 8290, 13, 77087, 77087
50, 8300, 13, 77087, 79408
50, 8310, 13, 77087, 77087
50, 8320, 13, 77087, 77087
50, 8330, 13, 77087, 78041
50, 8340, 13, 77087, 77087
50, 8350, 13, 77083, 77087
50, 8360, 13, 77083, 77511
50, 8370, 13, 76932, 77083
50, 8380, 13, 76801, 76932
50, 8390, 13, 76801, 78428
50, 8400, 13, 76550, 76550
50, 8410, 13, 76550, 76550
50, 8420, 13, 76550, 77521
50, 8430, 13, 76550, 78557
50, 8440, 13, 76509, 76550
50, 8450, 13, 76509, 76509
50, 8460, 13, 76509, 78565
50, 8470, 13, 76509, 76879
50, 8480, 13, 76393, 77915
50, 8490, 13, 76393, 76393
50, 8500, 13, 76393, 78427
50, 8510, 13, 76393, 77222
50, 8520, 13, 76357, 79196
50, 8530, 13, 76233, 76357
50, 8540, 13, 76233, 78341
50, 8550, 13, 76233, 76233
50, 8560, 13, 76233, 77898
50, 8570, 13, 75912, 76233
50, 8580, 13, 75912, 78201
50, 8590, 13, 75821, 77198
50, 8600, 13, 75736, 75789
50, 8610, 13, 75661, 75736
50, 8620, 13, 75573, 76586
50, 8630, 13, 75457, 76565
50, 8640, 13, 75457, 75657
50, 8650, 13, 75457, 75457
50, 8660, 13, 75457, 75457
50, 8670, 13, 75457, 75457
50, 8680, 13, 75457, 76426
50, 8690, 13, 75321, 75405
50, 8700, 13, 75321, 76080
50, 8710, 13, 75321, 75321
50, 8720, 13, 75321, 75321
50, 8730, 13, 75025, 77401
50, 8740, 13, 74933, 78562
50, 8750, 13, 74776, 75025
50, 8760, 13, 74695, 74870
50, 8770, 13, 74553, 76297
50, 8780, 13, 74423, 74553
50, 8790, 13, 74423, 75589
50, 8800, 13, 74346, 75328
50, 8810, 13, 74318, 74346
50, 8820, 13, 74220, 77161
50, 8830, 13, 74220, 74278
50, 8840, 13, 74220, 74220
50, 8850, 13, 74220, 74220
50, 8860, 13, 74220, 74220
50, 8870, 13, 74220, 74220
50, 8880, 13, 74137, 75558
50, 8890, 13, 74021, 76909
50, 8900, 13, 74021, 74021
50, 8910, 13, 74021, 74021
50, 8920, 13, 74021, 74749
50, 8930, 13, 74021, 74021
50, 8940, 13, 74021, 74021
50, 8950, 13, 73925, 76161
50, 8960, 13, 73925, 73925
50, 8970, 13, 73860, 73925
50, 8980, 13, 73811, 74272
50, 8990, 13, 73811, 75984
50, 9000, 13, 73811, 73811
50, 9010, 13, 73811, 73811
50, 9020, 13, 73811, 73811
50, 9030, 13, 73811, 73811
50, 9040, 13, 73811, 74494
50, 9050, 13, 73811, 73811
50, 9060, 13, 73746, 75492
50, 9070, 13, 73746, 73746
50, 9080, 13, 73702, 76195
50, 9090, 13, 73702, 74326
50, 9100, 13, 73686, 75867
50, 9110, 13, 73686, 73704
50, 9120, 13, 73686, 73686
50, 9130, 13, 73686, 73686
50, 9140, 13, 73686, 73686
50, 9150, 13, 73686, 73686
50, 9160, 13, 73603, 73603
50, 9170, 13, 73603, 73603
50, 9180, 13, 73603, 76107
50, 9190, 13, 73603, 73603
50, 9200, 13, 73488, 73603
50, 9210, 13, 73488, 75748
50, 9220, 13, 73488, 73604
50, 9230, 13, 73398, 74689
50, 9240, 13, 73398, 73398
50, 9250, 13, 73339, 73856
50, 9260, 13, 73339, 74052
50, 9270, 13, 73339, 73339
50, 9280, 13, 73339, 73339
50, 9290, 13, 73339, 73521
50, 9300, 13, 73339, 73339
50, 9310, 13, 73339, 75245
50, 9320, 13, 73256, 73339
50, 9330, 13, 73238, 75205
50, 9340, 13, 73043, 73043
50, 9350, 13, 73043, 73095
50, 9360, 13, 73043, 73043
50, 9370, 13, 73040, 73974
50, 9380, 13, 73040, 73040
50, 9390, 13, 73040, 73040
50, 9400, 13, 73040, 74762
50, 9410, 13, 73040, 74176
50, 9420, 13, 72924, 75496
50, 9430, 13, 72924, 72924
50, 9440, 13, 72924, 73733
50, 9450, 13, 72865, 72924
50, 9460, 13, 72671, 74405
50, 9470, 13, 72640, 74243
50, 9480, 13, 72640, 72640
50, 9490, 13, 72640, 73036
50, 9500, 13, 72640, 74883
50, 9510, 13, 72640, 73859
50, 9520, 13, 72640, 72640
50, 9530, 13, 72640, 73115
50, 9540, 13, 72640, 73854
50, 9550, 13, 72640, 72640
50, 9560, 13, 72620, 72640
50, 9570, 13, 72620, 72620
50, 9580, 13, 72620, 72620
50, 9590, 13, 72620, 75445
50, 9600, 13, 72620, 72620
50, 9610, 13, 72521, 73099
50, 9620, 13, 72521, 72521
50, 9630, 13, 72481, 73825
50, 9640, 13, 72481, 72481
50, 9650, 13, 72328, 72481
50, 9660, 13, 72258, 72328
50, 9670, 13, 72258, 73285
50, 9680, 13, 72258, 73304
50, 9690, 13, 72258, 73540
50, 9700, 13, 72258, 72258
50, 9710, 13, 72258, 72258
50, 9720, 13, 72258, 72258
50, 9730, 13, 72232, 74496
50, 9740, 13, 72232, 73015
50, 9750, 13, 72222, 72232
50, 9760, 13, 72222, 74171
50, 9770, 13, 72222, 73080
50, 9780, 13, 72222, 72222
50, 9790, 13, 72072, 72222
50, 9800, 13, 72072, 72072
50, 9810, 13, 72072, 72072
50, 9820, 13, 72072, 72072
50, 9830, 13, 72072, 72072
50, 9840, 13, 72039, 72039
50, 9850, 13, 72039, 72039
50, 9860, 13, 72039, 72039
50, 9870, 13, 72039, 74106
50, 9880, 13, 72039, 74011
50, 9890, 13, 71962, 72039
50, 9900, 13, 71962, 71962
50, 9910, 13, 71962, 71962
50, 9920, 13, 71962, 71962
50, 9930, 13, 71962, 71962
50, 9940, 13, 71962, 71962
50, 9950, 13, 71939, 71962
50, 9960, 13, 71939, 71939
50, 9970, 13, 71939, 71939
50, 9980, 13, 71939, 71939
50, 9990, 13, 71900, 73878
50, 10000, 13, 71900, 71900
50, 10010, 13, 71900, 71900
50, 10020, 13, 71900, 71900
50, 10030, 13, 71836, 73041
50, 10040, 13, 71836, 71836
50, 10050, 13, 71836, 71836
50, 10060, 13, 71836, 71836
50, 10070, 13, 71836, 71836
50, 10080, 13, 71716, 71734
50, 10090, 13, 71458, 71716
50, 10100, 13, 71458, 73502
50, 10110, 13, 71458, 71458
50, 10120, 13, 71376, 71376
50, 10130, 13, 71376, 71376
50, 10140, 13, 71336, 73103
50, 10150, 13, 71336, 71596
50, 10160, 13, 71267, 71336
50, 10170, 13, 71267, 71267
50, 10180, 13, 71267, 72035
50, 10190, 13, 71267, 71267
50, 10200, 13, 71267, 71267
50, 10210, 13, 71267, 71267
50, 10220, 13, 71267, 71267
50, 10230, 13, 71267, 72470
50, 10240, 13, 71222, 71267
50, 10250, 13, 71222, 71222
50, 10260, 13, 71222, 71222
50, 10270, 13, 71222, 71525
50, 10280, 13, 71222, 72927
50, 10290, 13, 71222, 71222
50, 10300, 13, 71222, 71222
50, 10310, 13, 71222, 71222
50, 10320, 13, 71222, 71222
50, 10330, 13, 71222, 71222
50, 10340, 13, 71182, 72500
50, 10350, 13, 71066, 71182
50, 10360, 13, 71066, 71066
50, 10370, 13, 71066, 71826
50, 10380, 13, 71066, 71066
50, 10390, 13, 71048, 71048
50, 10400, 13, 71048, 71048
50, 10410, 13, 71048, 71048
50, 10420, 13, 71015, 71048
50, 10430, 13, 71005, 71432
50, 10440, 13, 71005, 71005
50, 10450, 13, 71005, 71005
50, 10460, 13, 71005, 71005
50, 10470, 13, 71005, 71005
50, 10480, 13, 71005, 71005
50, 10490, 13, 71005, 71005
50, 10500, 13, 71005, 71005
50, 10510, 13, 71005, 71005
50, 10520, 13, 70745, 71005
50, 10530, 13, 70745, 70745
50, 10540, 13, 70745, 70745
50, 10550, 13, 70745, 71615
50, 10560, 13, 70421, 70621
50, 10570, 13, 70421, 70421
50, 10580, 13, 70421, 70421
50, 10590, 13, 70421, 70421
50, 10600, 13, 70421, 70421
50, 10610, 13, 70421, 70421
50, 10620, 13, 70421, 71052
50, 10630, 13, 70421, 70421
50, 10640, 13, 70421, 70421
50, 10650, 13, 70421, 71949
50, 10660, 13, 70421, 71684
50, 10670, 13, 70421, 70421
50, 10680, 13, 70421, 70621
50, 10690, 13, 70421, 70421
50, 10700, 13, 70421, 71502
50, 10710, 13, 70380, 73480
50, 10720, 13, 70380, 70380
50, 10730, 13, 70380, 70380
50, 10740, 13, 70380, 70380
50, 10750, 13, 70380, 70380
50, 10760, 13, 70380, 70380
50, 10770, 13, 70380, 70380
50, 10780, 13, 70320, 70380
50, 10790, 13, 70305, 70578
50, 10800, 13, 70287, 70305
50, 10810, 13, 70212, 70895
50, 10820, 13, 70212, 70212
50, 10830, 13, 70212, 70212
50, 10840, 13, 70151, 70151
50, 10850, 13, 70151, 70510
50, 10860, 13, 70151, 70151
50, 10870, 13, 70151, 70151
50, 10880, 13, 70151, 70151
50, 10890, 13, 70151, 70151
50, 10900, 13, 70011, 70151
50, 10910, 13, 70011, 71610
50, 10920, 13, 70011, 70011
50, 10930, 13, 70011, 70011
50, 10940, 13, 70011, 70011
50, 10950, 13, 70011, 70011
50, 10960, 13, 70011, 70011
50, 10970, 13, 70011, 70164
50, 10980, 13, 70011, 70011
50, 10990, 13, 70011, 70011
50, 11000, 13, 70011, 70011
50, 11010, 13, 69992, 69992
50, 11020, 13, 69992, 69992
50, 11030, 13, 69979, 69992
50, 11040, 13, 69979, 69979
50, 11050, 13, 69979, 69979
50, 11060, 13, 69973, 69979
50, 11070, 13, 69973, 69973
50, 11080, 13, 69973, 69973
50, 11090, 13, 69973, 71081
50, 11100, 13, 69973, 69973
50, 11110, 13, 69908, 69973
50, 11120, 13, 69908, 72184
50, 11130, 13, 69908, 69908
50, 11140, 13, 69908, 69908
50, 11150, 13, 69908, 69908
50, 11160, 13, 69908, 71387
50, 11170, 13, 69817, 71094
50, 11180, 13, 69817, 69817
50, 11190, 13, 69786, 71711
50, 11200, 13, 69786, 69786
50, 11210, 13, 69786, 69786
50, 11220, 13, 69786, 69786
50, 11230, 13, 69786, 71113
50, 11240, 13, 69786, 69786
50, 11250, 13, 69786, 69786
50, 11260, 13, 69786, 69786
50, 11270, 13, 69786, 69786
50, 11280, 13, 69786, 71710
50, 11290, 13, 69786, 69786
50, 11300, 13, 69786, 70827
50, 11310, 13, 69786, 69786
50, 11320, 13, 69786, 69786
50, 11330, 13, 69786, 70957
50, 11340, 13, 69786, 70570
50, 11350, 13, 69739, 69739
50, 11360, 13, 69739, 69739
50, 11370, 13, 69615, 69739
50, 11380, 13, 69615, 69615
50, 11390, 13, 69615, 70362
50, 11400, 13, 69494, 69591
50, 11410, 13, 69494, 69494
50, 11420, 13, 69494, 70857
50, 11430, 13, 69494, 69494
50, 11440, 13, 69494, 69494
50, 11450, 13, 69494, 69494
50, 11460, 13, 69449, 69449
50, 11470, 13, 69449, 69449
50, 11480, 13, 69195, 69449
50, 11490, 13, 69195, 69195
50, 11500, 13, 69195, 69195
50, 11510, 13, 69051, 69195
50, 11520, 13, 69051, 69051
50, 11530, 13, 69051, 69051
50, 11540, 13, 69051, 69051
50, 11550, 13, 69051, 69345
50, 11560, 13, 69051, 69051
50, 11570, 13, 69051, 69051
50, 11580, 13, 69051, 70507
50, 11590, 13, 69051, 69051
50, 11600, 13, 69051, 69051
50, 11610, 13, 69051, 69051
50, 11620, 13, 69051, 69051
50, 11630, 13, 69051, 69051
50, 11640, 13, 69051, 69051
50, 11650, 13, 68932, 69051
50, 11660, 13, 68932, 68932
50, 11670, 13, 68928, 68928
50, 11680, 13, 68928, 68928
50, 11690, 13, 68928, 68928
50, 11700, 13, 68928, 68928
50, 11710, 13, 68928, 68928
50, 11720, 13, 68928, 68928
50, 11730, 13, 68928, 68928
50, 11740, 13, 68795, 68928
50, 11750, 13, 68772, 68795
50, 11760, 13, 68772, 68772
50, 11770, 13, 68772, 68772
50, 11780, 13, 68772, 68772
50, 11790, 13, 68772, 68772
50, 11800, 13, 68772, 68772
50, 11810, 13, 68772, 68772
50, 11820, 13, 68772, 68772
50, 11830, 13, 68772, 68772
50, 11840, 13, 68772, 68772
50, 11850, 13, 68649, 69626
50, 11860, 13, 68649, 68649
50, 11870, 13, 68649, 68649
50, 11880, 13, 68649, 68649
50, 11890, 13, 68649, 68649
50, 11900, 13, 68649, 68649
50, 11910, 13, 68649, 68649
50, 11920, 13, 68649, 68649
50, 11930, 13, 68649, 68649
50, 11940, 13, 68649, 68649
50, 11950, 13, 68649, 68649
50, 11960, 13, 68649, 69296
50, 11970, 13, 68649, 68649
50, 11980, 13, 68649, 70957
50, 11990, 13, 68649, 68649
50, 12000, 13, 68525, 68649
50, 12010, 13, 68525, 68525
50, 12020, 13, 68355, 68525
50, 12030, 13, 68227, 68355
50, 12040, 13, 68227, 68227
50, 12050, 13, 68227, 68227
50, 12060, 13, 68227, 70729
50, 12070, 13, 68227, 68227
50, 12080, 13, 68162, 68162
50, 12090, 13, 68162, 68162
50, 12100, 13, 68162, 68162
50, 12110, 13, 68162, 68162
50, 12120, 13, 68089, 68162
50, 12130, 13, 68089, 68089
50, 12140, 13, 68089, 68089
50, 12150, 13, 68089, 68089
50, 12160, 13, 68089, 68089
50, 12170, 13, 68089, 68089
50, 12180, 13, 68089, 68089
50, 12190, 13, 68089, 68089
50, 12200, 13, 68089, 68089
50, 12210, 13, 68089, 68089
50, 12220, 13, 68039, 68089
50, 12230, 13, 68039, 68039
50, 12240, 13, 68039, 68039
50, 12250, 13, 68039, 68039
50, 12260, 13, 68039, 68039
50, 12270, 13, 68039, 68039
50, 12280, 13, 68039, 68039
50, 12290, 13, 68039, 68039
50, 12300, 13, 68039, 68039
50, 12310, 13, 68039, 68039
50, 12320, 13, 68037, 68037
50, 12330, 13, 68037, 68037
50, 12340, 13, 67906, 67906
50, 12350, 13, 67906, 67906
50, 12360, 13, 67906, 67906
50, 12370, 13, 67906, 67906
50, 12380, 13, 67906, 67906
50, 12390, 13, 67906, 67906
50, 12400, 13, 67906, 67906
50, 12410, 13, 67906, 67906
50, 12420, 13, 67906, 67906
50, 12430, 13, 67786, 67835
50, 12440, 13, 67786, 67786
50, 12450, 13, 67786, 67786
50, 12460, 13, 67596, 67786
50, 12470, 13, 67596, 67596
50, 12480, 13, 67596, 67596
50, 12490, 13, 67596, 67596
50, 12500, 13, 67596, 67596
50, 12510, 13, 67596, 67596
50, 12520, 13, 67596, 67596
50, 12530, 13, 67596, 69187
50, 12540, 13, 67596, 67596
50, 12550, 13, 67596, 67596
50, 12560, 13, 67596, 67596
50, 12570, 13, 67596, 67596
50, 12580, 13, 67596, 67596
50, 12590, 13, 67596, 67596
50, 12600, 13, 67596, 67596
50, 12610, 13, 67596, 67596
50, 12620, 13, 67596, 67596
50, 12630, 13, 67596, 68700
50, 12640, 13, 67596, 67596
50, 12650, 13, 67596, 67596
50, 12660, 13, 67596, 67596
50, 12670, 13, 67596, 67596
50, 12680, 13, 67596, 67596
50, 12690, 13, 67596, 67596
50, 12700, 13, 67396, 67596
50, 12710, 13, 67396, 67396
50, 12720, 13, 67396, 67396
50, 12730, 13, 67396, 67396
50, 12740, 13, 67396, 67466
50, 12750, 13, 67396, 67396
50, 12760, 13, 67396, 67396
50, 12770, 13, 67396, 67396
50, 12780, 13, 67396, 67396
50, 12790, 13, 67320, 67396
50, 12800, 13, 67320, 67320
50, 12810, 13, 67320, 67320
50, 12820, 13, 67320, 67320
50, 12830, 13, 67320, 67320
50, 12840, 13, 67320, 67320
50, 12850, 13, 67320, 67320
50, 12860, 13, 67320, 67320
50, 12870, 13, 67320, 67320
50, 12880, 13, 67320, 67320
50, 12890, 13, 67320, 67320
50, 12900, 13, 67320, 67320
50, 12910, 13, 67316, 67320
50, 12920, 13, 67249, 67249
50, 12930, 13, 67249, 67249
50, 12940, 13, 67087, 67145
50, 12950, 13, 67087, 67087
50, 12960, 13, 67087, 67087
50, 12970, 13, 67044, 67044
50, 12980, 13, 66984, 67044
50, 12990, 13, 66942, 66984
50, 13000, 13, 66942, 66942
50, 13010, 13, 66942, 66942
50, 13020, 13, 66942, 66942
50, 13030, 13, 66942, 66942
50, 13040, 13, 66942, 66942
50, 13050, 13, 66942, 66942
50, 13060, 13, 66942, 66942
50, 13070, 13, 66942, 66942
50, 13080, 13, 66942, 66942
50, 13090, 13, 66859, 66942
50, 13100, 13, 66859, 67084
50, 13110, 13, 66859, 66859
50, 13120, 13, 66859, 67385
50, 13130, 13, 66859, 66859
50, 13140, 13, 66859, 66859
50, 13150, 13, 66859, 66859
50, 13160, 13, 66859, 66859
50, 13170, 13, 66777, 66859
50, 13180, 13, 66694, 66777
50, 13190, 13, 66694, 66694
50, 13200, 13, 66622, 66694
50, 13210, 13, 66622, 66622
50, 13220, 13, 66596, 66622
50, 13230, 13, 66596, 66596
50, 13240, 13, 66596, 66596
50, 13250, 13, 66596, 66596
50, 13260, 13, 66596, 66596
50, 13270, 13, 66596, 66596
50, 13280, 13, 66596, 66596
50, 13290, 13, 66596, 66596
50, 13300, 13, 66596, 66596
50, 13310, 13, 66576, 66576
50, 13320, 13, 66576, 67145
50, 13330, 13, 66576, 66576
50, 13340, 13, 66576, 66576
50, 13350, 13, 66576, 66576
50, 13360, 13, 66576, 66576
50, 13370, 13, 66493, 66493
50, 13380, 13, 66493, 66493
50, 13390, 13, 66493, 66493
50, 13400, 13, 66493, 66493
50, 13410, 13, 66493, 66493
50, 13420, 13, 66493, 66493
50, 13430, 13, 66493, 66493
50, 13440, 13, 66493, 66493
50, 13450, 13, 66493, 66493
50, 13460, 13, 66493, 66493
50, 13470, 13, 66318, 66493
50, 13480, 13, 66318, 66318
50, 13490, 13, 66318, 66318
50, 13500, 13, 66318, 66318
50, 13510, 13, 66318, 66318
50, 13520, 13, 66318, 66318
50, 13530, 13, 66318, 66318
50, 13540, 13, 66102, 66102
50, 13550, 13, 66102, 66102
50, 13560, 13, 66093, 66093
50, 13570, 13, 66093, 66093
50, 13580, 13, 66093, 66093
50, 13590, 13, 66093, 66093
50, 13600, 13, 66093, 66093
50, 13610, 13, 66093, 66093
50, 13620, 13, 66093, 66093
50, 13630, 13, 66093, 66093
50, 13640, 13, 66093, 66093
50, 13650, 13, 66093, 66093
50, 13660, 13, 66093, 66093
50, 13670, 13, 66087, 66087
50, 13680, 13, 66087, 66087
50, 13690, 13, 66087, 66087
50, 13700, 13, 66087, 66087
50, 13710, 13, 66087, 66087
50, 13720, 13, 66087, 66087
50, 13730, 13, 66087, 66087
50, 13740, 13, 66087, 66087
50, 13750, 13, 66087, 66087
50, 13760, 13, 66087, 66087
50, 13770, 13, 66087, 66087
50, 13780, 13, 66087, 66087
50, 13790, 13, 66087, 66087
50, 13800, 13, 66087, 66087
50, 13810, 13, 66087, 66087
50, 13820, 13, 66087, 66087
50, 13830, 13, 66087, 66087
50, 13840, 13, 66087, 66087
50, 13850, 13, 66087, 67017
50, 13860, 13, 66087, 66087
50, 13870, 13, 66087, 66087
50, 13880, 13, 66087, 66087
50, 13890, 13, 66087, 66087
50, 13900, 13, 66087, 66087
50, 13910, 13, 66087, 66087
50, 13920, 13, 66087, 66087
50, 13930, 13, 66087, 66087
50, 13940, 13, 66087, 66087
50, 13950, 13, 66087, 66087
50, 13960, 13, 66087, 66087
50, 13970, 13, 65935, 66087
50, 13980, 13, 65935, 65935
50, 13990, 13, 65935, 65935
50, 14000, 13, 65935, 65935
50, 14010, 13, 65935, 65935
50, 14020, 13, 65935, 65935
50, 14030, 13, 65935, 65935
50, 14040, 13, 65935, 65935
50, 14050, 13, 65935, 65935
50, 14060, 13, 65935, 65935
50, 14070, 13, 65867, 65935
50, 14080, 13, 65867, 65867
50, 14090, 13, 65867, 65867
50, 14100, 13, 65867, 65867
50, 14110, 13, 65867, 65867
50, 14120, 13, 65867, 65867
50, 14130, 13, 65867, 65867
50, 14140, 13, 65867, 66328
50, 14150, 13, 65867, 65867
50, 14160, 13, 65867, 65867
50, 14170, 13, 65867, 65867
50, 14180, 13, 65867, 65867
50, 14190, 13, 65867, 65867
50, 14200, 13, 65867, 65867
50, 14210, 13, 65867, 65867
50, 14220, 13, 65867, 65867
50, 14230, 13, 65867, 65867
50, 14240, 13, 65728, 65728
50, 14250, 13, 65728, 65728
50, 14260, 13, 65728, 65728
50, 14270, 13, 65651, 65728
50, 14280, 13, 65651, 65651
50, 14290, 13, 65651, 65651
50, 14300, 13, 65651, 65651
50, 14310, 13, 65626, 65651
50, 14320, 13, 65626, 65626
50, 14330, 13, 65626, 65626
50, 14340, 13, 65602, 65626
50, 14350, 13, 65602, 65602
50, 14360, 13, 65602, 65602
50, 14370, 13, 65602, 65602
50, 14380, 13, 65602, 65602
50, 14390, 13, 65602, 65602
50, 14400, 13, 65531, 65589
50, 14410, 13, 65531, 65589
50, 14420, 13, 65531, 65531
50, 14430, 13, 65456, 65942
50, 14440, 13, 65456, 65456
50, 14450, 13, 65456, 65456
50, 14460, 13, 65456, 65456
50, 14470, 13, 65456, 65456
50, 14480, 13, 65456, 65456
50, 14490, 13, 65456, 65456
50, 14500, 13, 65456, 65456
50, 14510, 13, 65372, 65456
50, 14520, 13, 65372, 65372
50, 14530, 13, 65369, 65372
50, 14540, 13, 65369, 65369
50, 14550, 13, 65369, 65369
50, 14560, 13, 65369, 65369
50, 14570, 13, 65177, 65369
50, 14580, 13, 65177, 65177
50, 14590, 13, 65177, 65177
50, 14600, 13, 65113, 65155
50, 14610, 13, 65095, 65095
50, 14620, 13, 65068, 65068
50, 14630, 13, 65068, 65068
50, 14640, 13, 65068, 65068
50, 14650, 13, 65068, 65068
50, 14660, 13, 65068, 65068
50, 14670, 13, 65068, 65068
50, 14680, 13, 65068, 65068
50, 14690, 13, 65068, 65068
50, 14700, 13, 65068, 65068
50, 14710, 13, 65068, 65068
50, 14720, 13, 65068, 65068
50, 14730, 13, 65028, 65068
50, 14740, 13, 65028, 65028
50, 14750, 13, 65028, 65028
50, 14760, 13, 65028, 65028
50, 14770, 13, 65028, 65028
50, 14780, 13, 65028, 65028
50, 14790, 13, 65028, 65028
50, 14800, 13, 65028, 65028
50, 14810, 13, 65028, 65028
50, 14820, 13, 65028, 65028
50, 14830, 13, 65028, 65028
50, 14840, 13, 65028, 65028
50, 14850, 13, 65028, 65028
50, 14860, 13, 65028, 65028
50, 14870, 13, 65028, 65028
50, 14880, 13, 65028, 65028
50, 14890, 13, 65028, 65028
50, 14900, 13, 65028, 65028
50, 14910, 13, 65028, 65028
50, 14920, 13, 65028, 65028
50, 14930, 13, 65028, 65028
50, 14940, 13, 65028, 65028
50, 14950, 13, 65028, 65028
50, 14960, 13, 65028, 65028
50, 14970, 13, 65028, 65028
50, 14980, 13, 65028, 65028
50, 14990, 13, 64821, 65028
50, 15000, 13, 64821, 64821
50, 15010, 13, 64794, 64794
50, 15020, 13, 64794, 64794
50, 15030, 13, 64794, 64794
50, 15040, 13, 64794, 64794
50, 15050, 13, 64794, 64794
50, 15060, 13, 64794, 64794
50, 15070, 13, 64794, 64794
50, 15080, 13, 64794, 64794
50, 15090, 13, 64794, 64794
50, 15100, 13, 64794, 64794
50, 15110, 13, 64794, 64794
50, 15120, 13, 64794, 64794
50, 15130, 13, 64794, 64794
50, 15140, 13, 64794, 64794
50, 15150, 13, 64794, 64794
50, 15160, 13, 64794, 64794
50, 15170, 13, 64794, 64794
50, 15180, 13, 64794, 64794
50, 15190, 13, 64794, 64794
50, 15200, 13, 64794, 64794
50, 15210, 13, 64794, 64794
50, 15220, 13, 64794, 64794
50, 15230, 13, 64794, 64794
50, 15240, 13, 64794, 64794
50, 15250, 13, 64794, 64794
50, 15260, 13, 64612, 64794
50, 15270, 13, 64612, 64612
50, 15280, 13, 64612, 64612
50, 15290, 13, 64612, 64612
50, 15300, 13, 64612, 64612
50, 15310, 13, 64612, 64612
50, 15320, 13, 64612, 64612
50, 15330, 13, 64520, 64612
50, 15340, 13, 64520, 64520
50, 15350, 13, 64520, 64520
50, 15360, 13, 64520, 64520
50, 15370, 13, 64520, 64520
50, 15380, 13, 64520, 64520
50, 15390, 13, 64520, 64520
50, 15400, 13, 64520, 64520
50, 15410, 13, 64520, 64520
50, 15420, 13, 64520, 64520
50, 15430, 13, 64520, 64520
50, 15440, 13, 64520, 64520
50, 15450, 13, 64520, 64520
50, 15460, 13, 64520, 64520
50, 15470, 13, 64520, 64520
50, 15480, 13, 64520, 64520
50, 15490, 13, 64520, 64520
50, 15500, 13, 64520, 64520
50, 15510, 13, 64520, 64520
50, 15520, 13, 64520, 64520
50, 15530, 13, 64520, 64520
50, 15540, 13, 64344, 64443
50, 15550, 13, 64344, 64344
50, 15560, 13, 64344, 64344
50, 15570, 13, 64251, 64251
50, 15580, 13, 64251, 64251
50, 15590, 13, 64251, 64251
50, 15600, 13, 64251, 64251
50, 15610, 13, 64251, 64251
50, 15620, 13, 64251, 64251
50, 15630, 13, 64251, 64251
50, 15640, 13, 64251, 64251
50, 15650, 13, 64251, 64251
50, 15660, 13, 64251, 64251
50, 15670, 13, 64251, 64251
50, 15680, 13, 64251, 64251
50, 15690, 13, 64251, 64251
50, 15700, 13, 64251, 64251
50, 15710, 13, 64251, 64251
50, 15720, 13, 64251, 64251
50, 15730, 13, 64251, 64251
50, 15740, 13, 64251, 64251
50, 15750, 13, 64251, 64251
50, 15760, 13, 64251, 64251
50, 15770, 13, 64251, 64251
50, 15780, 13, 64251, 64251
50, 15790, 13, 64251, 64251
50, 15800, 13, 64251, 64251
50, 15810, 13, 64251, 64251
50, 15820, 13, 64251, 64251
50, 15830, 13, 64251, 64251
50, 15840, 13, 64251, 64251
50, 15850, 13, 64251, 64251
50, 15860, 13, 64170, 64251
50, 15870, 13, 64170, 64170
50, 15880, 13, 64170, 64170
50, 15890, 13, 64170, 64170
50, 15900, 13, 64170, 64170
50, 15910, 13, 64170, 64170
50, 15920, 13, 64170, 64170
50, 15930, 13, 64111, 64170
50, 15940, 13, 64111, 64111
50, 15950, 13, 64111, 64111
50, 15960, 13, 64111, 64111
50, 15970, 13, 64111, 64111
50, 15980, 13, 64111, 64111
50, 15990, 13, 64111, 64111
50, 16000, 13, 64111, 64111
50, 16010, 13, 64111, 64111
50, 16020, 13, 64111, 64111
50, 16030, 13, 64111, 64111
50, 16040, 13, 64111, 64111
50, 16050, 13, 64111, 64111
50, 16060, 13, 64111, 64111
50, 16070, 13, 64111, 64111
50, 16080, 13, 64111, 64111
50, 16090, 13, 64111, 64111
50, 16100, 13, 64111, 64111
50, 16110, 13, 64111, 64111
50, 16120, 13, 64111, 64111
50, 16130, 13, 64111, 64111
50, 16140, 13, 64111, 64111
50, 16150, 13, 64111, 64111
50, 16160, 13, 64111, 64111
50, 16170, 13, 64111, 64111
50, 16180, 13, 64111, 64111
50, 16190, 13, 64059, 64059
50, 16200, 13, 64059, 64059
50, 16210, 13, 64059, 64059
50, 16220, 13, 64059, 64059
50, 16230, 13, 64059, 64059
50, 16240, 13, 64059, 64059
50, 16250, 13, 64059, 64059
50, 16260, 13, 64059, 64059
50, 16270, 13, 64059, 64059
50, 16280, 13, 64059, 64059
50, 16290, 13, 64059, 64059
50, 16300, 13, 64059, 64059
50, 16310, 13, 64059, 64059
50, 16320, 13, 64059, 64059
50, 16330, 13, 64059, 64059
50, 16340, 13, 64059, 64059
50, 16350, 13, 64059, 64059
50, 16360, 13, 64059, 64059
50, 16370, 13, 64059, 64059
50, 16380, 13, 64059, 64059
50, 16390, 13, 64059, 64059
50, 16400, 13, 64059, 64059
50, 16410, 13, 64059, 64059
50, 16420, 13, 64059, 64059
50, 16430, 13, 64059, 64059
50, 16440, 13, 64059, 64059
50, 16450, 13, 64059, 64059
50, 16460, 13, 64059, 64059
50, 16470, 13, 64059, 64059
50, 16480, 13, 64059, 64059
50, 16490, 13, 64059, 64059
50, 16500, 13, 64059, 64059
50, 16510, 13, 64059, 64059
50, 16520, 13, 64059, 64059
50, 16530, 13, 63887, 63887
50, 16540, 13, 63887, 63887
50, 16550, 13, 63885, 63885
50, 16560, 13, 63885, 63885
50, 16570, 13, 63885, 63885
50, 16580, 13, 63885, 63885
50, 16590, 13, 63885, 63885
50, 16600, 13, 63885, 63885
50, 16610, 13, 63885, 63885
50, 16620, 13, 63885, 63885
50, 16630, 13, 63885, 63885
50, 16640, 13, 63885, 63998
50, 16650, 13, 63885, 63885
50, 16660, 13, 63868, 63885
50, 16670, 13, 63868, 63868
50, 16680, 13, 63868, 63868
50, 16690, 13, 63868, 63868
50, 16700, 13, 63868, 63868
50, 16710, 13, 63868, 63868
50, 16720, 13, 63868, 63868
50, 16730, 13, 63868, 63868
50, 16740, 13, 63809, 63868
50, 16750, 13, 63809, 63809
50, 16760, 13, 63809, 63809
50, 16770, 13, 63809, 63809
50, 16780, 13, 63809, 63809
50, 16790, 13, 63809, 63809
50, 16800, 13, 63809, 63809
50, 16810, 13, 63809, 63809
50, 16820, 13, 63809, 63809
50, 16830, 13, 63809, 63809
50, 16840, 13, 63809, 63809
50, 16850, 13, 63809, 63809
50, 16860, 13, 63809, 63809
50, 16870, 13, 63809, 63809
50, 16880, 13, 63809, 63809
50, 16890, 13, 63809, 63809
50, 16900, 13, 63809, 63809
50, 16910, 13, 63809, 63809
50, 16920, 13, 63809, 63809
50, 16930, 13, 63809, 63809
50, 16940, 13, 63809, 63809
50, 16950, 13, 63809, 63809
50, 16960, 13, 63809, 63809
50, 16970, 13, 63809, 63809
50, 16980, 13, 63809, 63809
50, 16990, 13, 63809, 63809
50, 17000, 13, 63809, 63809
50, 17010, 13, 63777, 63777
50, 17020, 13, 63777, 63777
50, 17030, 13, 63777, 63777
50, 17040, 13, 63777, 63777
50, 17050, 13, 63777, 63777
50, 17060, 13, 63777, 63777
50, 17070, 13, 63777, 63777
50, 17080, 13, 63777, 63777
50, 17090, 13, 63726, 63777
50, 17100, 13, 63726, 63726
50, 17110, 13, 63726, 63726
50, 17120, 13, 63726, 63726
50, 17130, 13, 63726, 63726
50, 17140, 13, 63726, 63726
50, 17150, 13, 63726, 63726
50, 17160, 13, 63726, 63726
50, 17170, 13, 63726, 63726
50, 17180, 13, 63726, 63726
50, 17190, 13, 63726, 63726
50, 17200, 13, 63726, 63726
50, 17210, 13, 63726, 63726
50, 17220, 13, 63726, 63726
50, 17230, 13, 63726, 63726
50, 17240, 13, 63665, 63726
50, 17250, 13, 63665, 63665
50, 17260, 13, 63623, 63623
50, 17270, 13, 63523, 63523
50, 17280, 13, 63523, 63523
50, 17290, 13, 63523, 63523
50, 17300, 13, 63467, 63523
50, 17310, 13, 63455, 63455
50, 17320, 13, 63455, 63455
50, 17330, 13, 63455, 63455
50, 17340, 13, 63455, 63455
50, 17350, 13, 63455, 63455
50, 17360, 13, 63455, 63455
50, 17370, 13, 63455, 63455
50, 17380, 13, 63455, 63455
50, 17390, 13, 63455, 63455
50, 17400, 13, 63455, 63455
50, 17410, 13, 63455, 63455
50, 17420, 13, 63455, 63455
50, 17430, 13, 63455, 63455
50, 17440, 13, 63455, 63455
50, 17450, 13, 63455, 63455
50, 17460, 13, 63455, 63455
50, 17470, 13, 63455, 63455
50, 17480, 13, 63414, 63414
50, 17490, 13, 63414, 63414
50, 17500, 13, 63414, 63414
50, 17510, 13, 63356, 63356
50, 17520, 13, 63356, 63356
50, 17530, 13, 63356, 63356
50, 17540, 13, 63356, 63356
50, 17550, 13, 63356, 63356
50, 17560, 13, 63356, 63356
50, 17570, 13, 63356, 63356
50, 17580, 13, 63356, 63356
50, 17590, 13, 63356, 63356
50, 17600, 13, 63356, 63356
50, 17610, 13, 63356, 63356
50, 17620, 13, 63169, 63169
50, 17630, 13, 63128, 63128
50, 17640, 13, 63128, 63128
50, 17650, 13, 63128, 63128
50, 17660, 13, 63128, 63128
50, 17670, 13, 63128, 63128
50, 17680, 13, 63128, 63128
50, 17690, 13, 63128, 63128
50, 17700, 13, 63128, 63128
50, 17710, 13, 63128, 63128
50, 17720, 13, 63128, 63128
50, 17730, 13, 63128, 63128
50, 17740, 13, 63128, 63128
50, 17750, 13, 63128, 63128
50, 17760, 13, 63128, 63128
50, 17770, 13, 63128, 63128
50, 17780, 13, 63128, 63128
50, 17790, 13, 63086, 63086
50, 17800, 13, 63086, 63086
50, 17810, 13, 63086, 63086
50, 17820, 13, 63086, 63086
50, 17830, 13, 63086, 63086
50, 17840, 13, 63086, 63086
50, 17850, 13, 63086, 63086
50, 17860, 13, 63086, 63086
50, 17870, 13, 63086, 63086
50, 17880, 13, 63066, 63066
50, 17890, 13, 63066, 63066
50, 17900, 13, 63066, 63066
50, 17910, 13, 63066, 63066
50, 17920, 13, 63066, 63066
50, 17930, 13, 63066, 63066
50, 17940, 13, 63066, 63066
50, 17950, 13, 63066, 63066
50, 17960, 13, 63050, 63050
50, 17970, 13, 63050, 63050
50, 17980, 13, 63050, 63050
50, 17990, 13, 63050, 63050
50, 18000, 13, 63050, 63050
50, 18010, 13, 63050, 63050
50, 18020, 13, 63050, 63050
50, 18030, 13, 63050, 63050
50, 18040, 13, 63050, 63050
50, 18050, 13, 63050, 63050
50, 18060, 13, 63050, 63050
50, 18070, 13, 63050, 63050
50, 18080, 13, 63050, 63050
50, 18090, 13, 63050, 63050
50, 18100, 13, 63050, 63050
50, 18110, 13, 63050, 63050
50, 18120, 13, 63050, 63050
50, 18130, 13, 63050, 63050
50, 18140, 13, 63050, 63050
50, 18150, 13, 63050, 63050
50, 18160, 13, 63050, 63050
50, 18170, 13, 63050, 63050
50, 18180, 13, 63050, 63050
50, 18190, 13, 63050, 63050
50, 18200, 13, 63050, 63050
50, 18210, 13, 63050, 63050
50, 18220, 13, 63050, 63050
50, 18230, 13, 63050, 63050
50, 18240, 13, 63050, 63050
50, 18250, 13, 63050, 63050
50, 18260, 13, 63050, 63050
50, 18270, 13, 63050, 63050
50, 18280, 13, 63050, 63050
50, 18290, 13, 63050, 63050
50, 18300, 13, 63050, 63050
50, 18310, 13, 63050, 63050
50, 18320, 13, 63050, 63050
50, 18330, 13, 63050, 63050
50, 18340, 13, 63050, 63050
50, 18350, 13, 63050, 63050
50, 18360, 13, 63050, 63050
50, 18370, 13, 63050, 63050
50, 18380, 13, 63032, 63032
50, 18390, 13, 63032, 63032
50, 18400, 13, 63032, 63032
50, 18410, 13, 63032, 63032
50, 18420, 13, 63032, 63032
50, 18430, 13, 63007, 63007
50, 18440, 13, 63007, 63007
50, 18450, 13, 63007, 63007
50, 18460, 13, 63007, 63007
50, 18470, 13, 63007, 63007
50, 18480, 13, 63007, 63007
50, 18490, 13, 63007, 63007
50, 18500, 13, 63007, 63007
50, 18510, 13, 63007, 63007
50, 18520, 13, 63007, 63007
50, 18530, 13, 63007, 63007
50, 18540, 13, 63007, 63007
50, 18550, 13, 63007, 63007
50, 18560, 13, 63007, 63007
50, 18570, 13, 62966, 63007
50, 18580, 13, 62966, 62966
50, 18590, 13, 62966, 62966
50, 18600, 13, 62966, 62966
50, 18610, 13, 62966, 62966
50, 18620, 13, 62966, 62966
50, 18630, 13, 62966, 62966
50, 18640, 13, 62966, 62966
50, 18650, 13, 62966, 62966
50, 18660, 13, 62966, 62966
50, 18670, 13, 62966, 62966
50, 18680, 13, 62946, 62946
50, 18690, 13, 62946, 62946
50, 18700, 13, 62946, 62946
50, 18710, 13, 62822, 62822
50, 18720, 13, 62822, 62822
50, 18730, 13, 62822, 62822
50, 18740, 13, 62822, 62822
50, 18750, 13, 62822, 62822
50, 18760, 13, 62822, 62822
50, 18770, 13, 62822, 62822
50, 18780, 13, 62822, 62822
50, 18790, 13, 62822, 62822
50, 18800, 13, 62822, 62822
50, 18810, 13, 62822, 62822
50, 18820, 13, 62822, 62822
50, 18830, 13, 62822, 62822
50, 18840, 13, 62822, 62822
50, 18850, 13, 62822, 62822
50, 18860, 13, 62822, 62822
50, 18870, 13, 62822, 62822
50, 18880, 13, 62822, 62822
50, 18890, 13, 62822, 62822
50, 18900, 13, 62822, 62822
50, 18910, 13, 62822, 62822
50, 18920, 13, 62822, 62822
50, 18930, 13, 62822, 62822
50, 18940, 13, 62822, 62822
50, 18950, 13, 62822, 62822
50, 18960, 13, 62822, 62822
50, 18970, 13, 62822, 62822
50, 18980, 13, 62822, 62822
50, 18990, 13, 62822, 62822
50, 19000, 13, 62822, 62822
50, 19010, 13, 62822, 62822
50, 19020, 13, 62822, 62822
50, 19030, 13, 62822, 62822
50, 19040, 13, 62817, 62817
50, 19050, 13, 62817, 62817
50, 19060, 13, 62817, 62817
50, 19070, 13, 62817, 62817
50, 19080, 13, 62817, 62817
50, 19090, 13, 62817, 62817
50, 19100, 13, 62817, 62817
50, 19110, 13, 62817, 62817
50, 19120, 13, 62817, 62817
50, 19130, 13, 62817, 62817
50, 19140, 13, 62817, 62817
50, 19150, 13, 62817, 62817
50, 19160, 13, 62733, 62733
50, 19170, 13, 62733, 62733
50, 19180, 13, 62733, 62733
50, 19190, 13, 62733, 62733
50, 19200, 13, 62733, 62733
50, 19210, 13, 62733, 62733
50, 19220, 13, 62733, 62733
50, 19230, 13, 62733, 62733
50, 19240, 13, 62630, 62630
50, 19250, 13, 62503, 62503
50, 19260, 13, 62463, 62463
50, 19270, 13, 62463, 62463
50, 19280, 13, 62463, 62463
50, 19290, 13, 62463, 62463
50, 19300, 13, 62463, 62463
50, 19310, 13, 62463, 62463
50, 19320, 13, 62463, 62463
50, 19330, 13, 62463, 62463
50, 19340, 13, 62463, 62463
50, 19350, 13, 62463, 62463
50, 19360, 13, 62463, 62463
50, 19370, 13, 62463, 62463
50, 19380, 13, 62463, 62463
50, 19390, 13, 62463, 62463
50, 19400, 13, 62463, 62463
50, 19410, 13, 62463, 62463
50, 19420, 13, 62463, 62463
50, 19430, 13, 62463, 62463
50, 19440, 13, 62463, 62463
50, 19450, 13, 62463, 62463
50, 19460, 13, 62463, 62463
50, 19470, 13, 62380, 62380
50, 19480, 13, 62380, 62380
50, 19490, 13, 62380, 62380
50, 19500, 13, 62380, 62380
50, 19510, 13, 62304, 62304
50, 19520, 13, 62304, 62304
50, 19530, 13, 62304, 62304
50, 19540, 13, 62304, 62304
50, 19550, 13, 62304, 62304
50, 19560, 13, 62304, 62304
50, 19570, 13, 62304, 62304
50, 19580, 13, 62304, 62304
50, 19590, 13, 62304, 62304
50, 19600, 13, 62304, 62304
50, 19610, 13, 62304, 62304
50, 19620, 13, 62304, 62304
50, 19630, 13, 62304, 62304
50, 19640, 13, 62304, 62304
50, 19650, 13, 62304, 62304
50, 19660, 13, 62304, 62304
50, 19670, 13, 62304, 62304
50, 19680, 13, 62304, 62304
50, 19690, 13, 62304, 62304
50, 19700, 13, 62304, 62304
50, 19710, 13, 62304, 62304
50, 19720, 13, 62304, 62304
50, 19730, 13, 62304, 62304
50, 19740, 13, 62304, 62304
50, 19750, 13, 62304, 62304
50, 19760, 13, 62304, 62304
50, 19770, 13, 62304, 62304
50, 19780, 13, 62304, 62304
50, 19790, 13, 62304, 62304
50, 19800, 13, 62304, 62304
50, 19810, 13, 62304, 62304
50, 19820, 13, 62304, 62304
50, 19830, 13, 62304, 62304
50, 19840, 13, 62304, 62304
50, 19850, 13, 62304, 62304
50, 19860, 13, 62304, 62304
50, 19870, 13, 62304, 62304
50, 19880, 13, 62304, 62304
50, 19890, 13, 62304, 62304
50, 19900, 13, 62304, 62304
50, 19910, 13, 62304, 62304
50, 19920, 13, 62304, 62304
50, 19930, 13, 62304, 62304
50, 19940, 13, 62304, 62304
50, 19950, 13, 62304, 62304
50, 19960, 13, 62304, 62304
50, 19970, 13, 62304, 62304
50, 19980, 13, 62304, 62304
50, 19990, 13, 62304, 62304
