Population Size, Generation Count, Repetition, Best Fitness, Median Fitness
20, 0, 27, 740074, 764068
20, 10, 27, 708455, 715357
20, 20, 27, 691713, 698533
20, 30, 27, 679100, 681667
20, 40, 27, 666459, 671547
20, 50, 27, 650034, 654718
20, 60, 27, 638670, 642498
20, 70, 27, 630456, 633524
20, 80, 27, 619638, 621241
20, 90, 27, 608445, 611479
20, 100, 27, 596492, 600325
20, 110, 27, 587943, 591591
20, 120, 27, 578035, 583803
20, 130, 27, 571850, 576116
20, 140, 27, 565206, 567074
20, 150, 27, 557426, 560429
20, 160, 27, 551155, 555440
20, 170, 27, 536263, 543995
20, 180, 27, 531633, 533442
20, 190, 27, 526384, 530032
20, 200, 27, 518467, 520627
20, 210, 27, 513442, 519196
20, 220, 27, 503763, 506102
20, 230, 27, 493987, 495963
20, 240, 27, 485435, 490208
20, 250, 27, 479958, 483419
20, 260, 27, 474819, 478400
20, 270, 27, 468552, 471623
20, 280, 27, 461683, 467354
20, 290, 27, 456169, 460476
20, 300, 27, 449450, 453737
20, 310, 27, 444758, 448051
20, 320, 27, 441934, 443940
20, 330, 27, 437271, 439068
20, 340, 27, 433337, 437259
20, 350, 27, 429883, 431512
20, 360, 27, 427073, 429809
20, 370, 27, 422599, 426725
20, 380, 27, 419305, 421994
20, 390, 27, 416875, 419993
20, 400, 27, 413755, 418293
20, 410, 27, 411498, 413187
20, 420, 27, 408659, 411388
20, 430, 27, 406416, 409183
20, 440, 27, 398984, 405183
20, 450, 27, 397010, 400001
20, 460, 27, 396402, 397446
20, 470, 27, 392741, 395769
20, 480, 27, 391233, 392592
20, 490, 27, 388469, 390308
20, 500, 27, 385962, 389937
20, 510, 27, 384009, 387724
20, 520, 27, 381458, 384787
20, 530, 27, 378577, 383698
20, 540, 27, 376480, 379483
20, 550, 27, 374896, 377161
20, 560, 27, 371381, 374942
20, 570, 27, 368684, 370437
20, 580, 27, 366536, 370728
20, 590, 27, 364452, 366992
20, 600, 27, 361940, 366385
20, 610, 27, 357902, 361473
20, 620, 27, 354198, 357226
20, 630, 27, 353090, 355283
20, 640, 27, 348411, 351406
20, 650, 27, 345463, 348813
20, 660, 27, 344514, 346964
20, 670, 27, 341726, 345144
20, 680, 27, 338861, 342531
20, 690, 27, 338129, 339843
20, 700, 27, 334508, 336940
20, 710, 27, 333243, 338118
20, 720, 27, 331294, 334700
20, 730, 27, 329387, 330716
20, 740, 27, 326716, 328749
20, 750, 27, 324558, 326461
20, 760, 27, 322750, 325671
20, 770, 27, 322201, 322793
20, 780, 27, 319726, 321338
20, 790, 27, 319208, 319351
20, 800, 27, 318838, 320407
20, 810, 27, 317235, 318260
20, 820, 27, 316765, 320373
20, 830, 27, 316648, 320180
20, 840, 27, 316030, 321063
20, 850, 27, 315348, 318375
20, 860, 27, 314233, 316727
20, 870, 27, 313219, 313994
20, 880, 27, 310976, 314896
20, 890, 27, 310365, 313314
20, 900, 27, 310078, 312388
20, 910, 27, 308819, 309359
20, 920, 27, 306931, 310024
20, 930, 27, 306099, 307565
20, 940, 27, 304854, 308948
20, 950, 27, 302177, 306236
20, 960, 27, 301535, 303502
20, 970, 27, 301513, 303395
20, 980, 27, 299438, 301136
20, 990, 27, 296500, 298638
20, 1000, 27, 294982, 298965
20, 1010, 27, 293187, 297837
20, 1020, 27, 292572, 296668
20, 1030, 27, 291313, 296496
20, 1040, 27, 290276, 293019
20, 1050, 27, 287218, 288572
20, 1060, 27, 286179, 288896
20, 1070, 27, 284978, 289843
20, 1080, 27, 284852, 286172
20, 1090, 27, 284100, 284695
20, 1100, 27, 282622, 286779
20, 1110, 27, 281771, 283955
20, 1120, 27, 281483, 283774
20, 1130, 27, 280871, 283567
20, 1140, 27, 278633, 281840
20, 1150, 27, 276488, 277121
20, 1160, 27, 275590, 277448
20, 1170, 27, 275092, 278097
20, 1180, 27, 274838, 276441
20, 1190, 27, 272906, 274935
20, 1200, 27, 272671, 275836
20, 1210, 27, 272072, 276729
20, 1220, 27, 270384, 271883
20, 1230, 27, 267789, 269303
20, 1240, 27, 267149, 268583
20, 1250, 27, 266847, 269969
20, 1260, 27, 263906, 265974
20, 1270, 27, 262710, 266978
20, 1280, 27, 260795, 261256
20, 1290, 27, 259446, 261271
20, 1300, 27, 257325, 260594
20, 1310, 27, 255982, 260973
20, 1320, 27, 255563, 259510
20, 1330, 27, 255279, 259212
20, 1340, 27, 254306, 258281
20, 1350, 27, 253452, 255948
20, 1360, 27, 252379, 255022
20, 1370, 27, 251566, 254936
20, 1380, 27, 247922, 252530
20, 1390, 27, 247922, 248947
20, 1400, 27, 247059, 250789
20, 1410, 27, 245111, 248725
20, 1420, 27, 242740, 244803
20, 1430, 27, 241991, 244151
20, 1440, 27, 241373, 244456
20, 1450, 27, 239305, 242691
20, 1460, 27, 238716, 241540
20, 1470, 27, 237568, 241807
20, 1480, 27, 237328, 239478
20, 1490, 27, 237088, 239254
20, 1500, 27, 236042, 239261
20, 1510, 27, 234913, 237019
20, 1520, 27, 234677, 237534
20, 1530, 27, 234614, 238074
20, 1540, 27, 234513, 236236
20, 1550, 27, 233686, 233908
20, 1560, 27, 233314, 234391
20, 1570, 27, 232106, 234399
20, 1580, 27, 231092, 234588
20, 1590, 27, 230951, 231092
20, 1600, 27, 229615, 231189
20, 1610, 27, 229482, 234052
20, 1620, 27, 229237, 233095
20, 1630, 27, 228867, 231214
20, 1640, 27, 227285, 229995
20, 1650, 27, 225477, 229155
20, 1660, 27, 224397, 225285
20, 1670, 27, 222758, 227370
20, 1680, 27, 222403, 223614
20, 1690, 27, 222097, 225308
20, 1700, 27, 221961, 226286
20, 1710, 27, 220560, 222200
20, 1720, 27, 220022, 220022
20, 1730, 27, 219372, 224737
20, 1740, 27, 219072, 221159
20, 1750, 27, 218934, 220887
20, 1760, 27, 218559, 223751
20, 1770, 27, 217712, 220091
20, 1780, 27, 217564, 218354
20, 1790, 27, 216776, 224331
20, 1800, 27, 215681, 216368
20, 1810, 27, 215103, 217262
20, 1820, 27, 214790, 216848
20, 1830, 27, 214199, 217107
20, 1840, 27, 214033, 214525
20, 1850, 27, 213362, 216273
20, 1860, 27, 213229, 214900
20, 1870, 27, 212702, 216166
20, 1880, 27, 212202, 213994
20, 1890, 27, 211191, 214433
20, 1900, 27, 210291, 213791
20, 1910, 27, 210173, 214082
20, 1920, 27, 209856, 211348
20, 1930, 27, 208795, 210321
20, 1940, 27, 207830, 214978
20, 1950, 27, 207528, 211023
20, 1960, 27, 206490, 211638
20, 1970, 27, 205858, 208208
20, 1980, 27, 204921, 207103
20, 1990, 27, 204258, 206216
20, 2000, 27, 204169, 207729
20, 2010, 27, 203655, 205808
20, 2020, 27, 203645, 206424
20, 2030, 27, 202501, 205771
20, 2040, 27, 202063, 205870
20, 2050, 27, 201806, 203419
20, 2060, 27, 201806, 205127
20, 2070, 27, 201070, 202269
20, 2080, 27, 200278, 203703
20, 2090, 27, 199264, 204109
20, 2100, 27, 198570, 202971
20, 2110, 27, 197929, 199576
20, 2120, 27, 197374, 199534
20, 2130, 27, 197291, 198751
20, 2140, 27, 197000, 199509
20, 2150, 27, 196538, 199368
20, 2160, 27, 195774, 200656
20, 2170, 27, 195487, 196886
20, 2180, 27, 193802, 195693
20, 2190, 27, 193418, 196151
20, 2200, 27, 192411, 195376
20, 2210, 27, 191628, 194087
20, 2220, 27, 190582, 193493
20, 2230, 27, 190215, 193358
20, 2240, 27, 190215, 193694
20, 2250, 27, 190012, 192060
20, 2260, 27, 189296, 194926
20, 2270, 27, 189122, 192865
20, 2280, 27, 189122, 190110
20, 2290, 27, 188456, 189085
20, 2300, 27, 188314, 189066
20, 2310, 27, 188279, 189705
20, 2320, 27, 188019, 189887
20, 2330, 27, 187159, 188528
20, 2340, 27, 187159, 188609
20, 2350, 27, 187159, 190701
20, 2360, 27, 187119, 189656
20, 2370, 27, 186815, 187146
20, 2380, 27, 186747, 189879
20, 2390, 27, 185948, 189076
20, 2400, 27, 185667, 185948
20, 2410, 27, 185216, 187730
20, 2420, 27, 182904, 188169
20, 2430, 27, 182904, 184176
20, 2440, 27, 182454, 184830
20, 2450, 27, 181978, 183649
20, 2460, 27, 181009, 181852
20, 2470, 27, 180936, 181009
20, 2480, 27, 180894, 184229
20, 2490, 27, 180785, 183380
20, 2500, 27, 180036, 181098
20, 2510, 27, 179631, 185083
20, 2520, 27, 178945, 181635
20, 2530, 27, 178626, 181804
20, 2540, 27, 178461, 178626
20, 2550, 27, 178091, 180042
20, 2560, 27, 177797, 180051
20, 2570, 27, 176534, 180126
20, 2580, 27, 176440, 178493
20, 2590, 27, 176024, 178773
20, 2600, 27, 174643, 176024
20, 2610, 27, 174135, 174414
20, 2620, 27, 173143, 175766
20, 2630, 27, 172667, 174777
20, 2640, 27, 172469, 174686
20, 2650, 27, 172212, 175612
20, 2660, 27, 171561, 173437
20, 2670, 27, 171370, 175685
20, 2680, 27, 171253, 174960
20, 2690, 27, 171134, 176812
20, 2700, 27, 171128, 172500
20, 2710, 27, 170631, 173629
20, 2720, 27, 170295, 175649
20, 2730, 27, 169382, 171174
20, 2740, 27, 169382, 170784
20, 2750, 27, 168858, 171663
20, 2760, 27, 168858, 168858
20, 2770, 27, 168848, 172746
20, 2780, 27, 168742, 172112
20, 2790, 27, 168210, 170825
20, 2800, 27, 168085, 170302
20, 2810, 27, 167898, 170139
20, 2820, 27, 167816, 171856
20, 2830, 27, 167678, 171505
20, 2840, 27, 167084, 169657
20, 2850, 27, 166631, 168411
20, 2860, 27, 166366, 169354
20, 2870, 27, 166366, 169490
20, 2880, 27, 166366, 168827
20, 2890, 27, 166366, 167204
20, 2900, 27, 165974, 167293
20, 2910, 27, 165828, 168763
20, 2920, 27, 165828, 168832
20, 2930, 27, 165828, 168650
20, 2940, 27, 165577, 165801
20, 2950, 27, 165268, 166458
20, 2960, 27, 165104, 169462
20, 2970, 27, 165099, 165841
20, 2980, 27, 164421, 164589
20, 2990, 27, 164380, 167254
20, 3000, 27, 164380, 166639
20, 3010, 27, 162914, 169053
20, 3020, 27, 161984, 163080
20, 3030, 27, 161613, 169269
20, 3040, 27, 161613, 163736
20, 3050, 27, 160692, 161273
20, 3060, 27, 160443, 162319
20, 3070, 27, 159781, 162040
20, 3080, 27, 159707, 166754
20, 3090, 27, 159707, 163432
20, 3100, 27, 158981, 159707
20, 3110, 27, 158786, 165783
20, 3120, 27, 158786, 161268
20, 3130, 27, 158573, 161355
20, 3140, 27, 158248, 158818
20, 3150, 27, 157643, 158817
20, 3160, 27, 157453, 159585
20, 3170, 27, 157391, 159787
20, 3180, 27, 157391, 159495
20, 3190, 27, 156934, 158856
20, 3200, 27, 156334, 159163
20, 3210, 27, 155781, 156222
20, 3220, 27, 155431, 158746
20, 3230, 27, 155096, 156533
20, 3240, 27, 154054, 156802
20, 3250, 27, 153837, 155230
20, 3260, 27, 153837, 155479
20, 3270, 27, 153098, 156356
20, 3280, 27, 152017, 153314
20, 3290, 27, 152017, 152639
20, 3300, 27, 151433, 155153
20, 3310, 27, 151238, 153501
20, 3320, 27, 149623, 152907
20, 3330, 27, 149593, 150609
20, 3340, 27, 149593, 154015
20, 3350, 27, 149092, 152610
20, 3360, 27, 148973, 150201
20, 3370, 27, 148665, 150233
20, 3380, 27, 148551, 152828
20, 3390, 27, 148395, 149896
20, 3400, 27, 148321, 152218
20, 3410, 27, 148302, 150961
20, 3420, 27, 148178, 149409
20, 3430, 27, 148122, 148189
20, 3440, 27, 147785, 152680
20, 3450, 27, 147785, 151184
20, 3460, 27, 147516, 151059
20, 3470, 27, 147366, 149321
20, 3480, 27, 147248, 148585
20, 3490, 27, 147248, 148691
20, 3500, 27, 146574, 149599
20, 3510, 27, 146536, 149573
20, 3520, 27, 146406, 149515
20, 3530, 27, 146400, 148939
20, 3540, 27, 146132, 147501
20, 3550, 27, 145804, 145951
20, 3560, 27, 145774, 148363
20, 3570, 27, 145743, 145774
20, 3580, 27, 145109, 146591
20, 3590, 27, 145109, 146748
20, 3600, 27, 144512, 145010
20, 3610, 27, 144136, 144136
20, 3620, 27, 143889, 145855
20, 3630, 27, 143682, 146838
20, 3640, 27, 143682, 145988
20, 3650, 27, 143269, 143910
20, 3660, 27, 142456, 144952
20, 3670, 27, 142036, 144427
20, 3680, 27, 141113, 145084
20, 3690, 27, 141113, 144427
20, 3700, 27, 140865, 142496
20, 3710, 27, 140860, 142470
20, 3720, 27, 140612, 144153
20, 3730, 27, 140416, 144438
20, 3740, 27, 140416, 141997
20, 3750, 27, 140416, 140416
20, 3760, 27, 140290, 143738
20, 3770, 27, 140256, 141759
20, 3780, 27, 139466, 141209
20, 3790, 27, 139007, 141715
20, 3800, 27, 139007, 139830
20, 3810, 27, 138869, 144789
20, 3820, 27, 138382, 140422
20, 3830, 27, 138245, 138382
20, 3840, 27, 138245, 142076
20, 3850, 27, 138043, 138043
20, 3860, 27, 138043, 141426
20, 3870, 27, 138043, 138043
20, 3880, 27, 137933, 139633
20, 3890, 27, 137372, 137933
20, 3900, 27, 137302, 140960
20, 3910, 27, 137302, 138939
20, 3920, 27, 137215, 140437
20, 3930, 27, 136914, 139459
20, 3940, 27, 136914, 138423
20, 3950, 27, 136914, 140710
20, 3960, 27, 136789, 141013
20, 3970, 27, 136789, 138853
20, 3980, 27, 136775, 138266
20, 3990, 27, 136775, 139402
20, 4000, 27, 136745, 138353
20, 4010, 27, 136463, 137654
20, 4020, 27, 135696, 138635
20, 4030, 27, 135144, 136711
20, 4040, 27, 135054, 136005
20, 4050, 27, 135054, 136688
20, 4060, 27, 134692, 135534
20, 4070, 27, 134692, 137280
20, 4080, 27, 134692, 135195
20, 4090, 27, 134692, 136434
20, 4100, 27, 134377, 135537
20, 4110, 27, 134112, 136079
20, 4120, 27, 133550, 136931
20, 4130, 27, 133374, 133993
20, 4140, 27, 133358, 135635
20, 4150, 27, 133330, 134836
20, 4160, 27, 133330, 135191
20, 4170, 27, 133162, 134160
20, 4180, 27, 133162, 137045
20, 4190, 27, 133054, 135457
20, 4200, 27, 132969, 135879
20, 4210, 27, 132745, 134656
20, 4220, 27, 132441, 134717
20, 4230, 27, 132008, 133462
20, 4240, 27, 131849, 133469
20, 4250, 27, 130792, 134076
20, 4260, 27, 130792, 132745
20, 4270, 27, 130792, 133092
20, 4280, 27, 130337, 131446
20, 4290, 27, 130158, 133509
20, 4300, 27, 129718, 131243
20, 4310, 27, 129574, 129714
20, 4320, 27, 129319, 130480
20, 4330, 27, 129178, 133584
20, 4340, 27, 129178, 131025
20, 4350, 27, 129178, 129891
20, 4360, 27, 128942, 130091
20, 4370, 27, 128929, 130910
20, 4380, 27, 128929, 131682
20, 4390, 27, 128725, 132481
20, 4400, 27, 128588, 131674
20, 4410, 27, 128543, 130858
20, 4420, 27, 128315, 132131
20, 4430, 27, 128274, 128274
20, 4440, 27, 128098, 129162
20, 4450, 27, 128098, 128098
20, 4460, 27, 128098, 128098
20, 4470, 27, 128098, 131550
20, 4480, 27, 128098, 128098
20, 4490, 27, 128098, 129709
20, 4500, 27, 127944, 129419
20, 4510, 27, 127893, 129250
20, 4520, 27, 127893, 130128
20, 4530, 27, 127848, 131956
20, 4540, 27, 127709, 128977
20, 4550, 27, 127709, 130415
20, 4560, 27, 127456, 127573
20, 4570, 27, 127334, 127955
20, 4580, 27, 127310, 127334
20, 4590, 27, 127135, 127310
20, 4600, 27, 126961, 127135
20, 4610, 27, 126833, 128468
20, 4620, 27, 126609, 128278
20, 4630, 27, 126609, 131649
20, 4640, 27, 126571, 126609
20, 4650, 27, 126447, 127120
20, 4660, 27, 126447, 127124
20, 4670, 27, 126447, 127646
20, 4680, 27, 126370, 129053
20, 4690, 27, 126259, 128813
20, 4700, 27, 125695, 126466
20, 4710, 27, 125428, 127589
20, 4720, 27, 125428, 127724
20, 4730, 27, 125428, 128263
20, 4740, 27, 125175, 129246
20, 4750, 27, 125173, 126740
20, 4760, 27, 125173, 129854
20, 4770, 27, 125173, 125173
20, 4780, 27, 125173, 129065
20, 4790, 27, 124948, 127447
20, 4800, 27, 124897, 126049
20, 4810, 27, 124507, 124739
20, 4820, 27, 124507, 126419
20, 4830, 27, 124349, 126234
20, 4840, 27, 124349, 124349
20, 4850, 27, 124203, 127045
20, 4860, 27, 124045, 126981
20, 4870, 27, 123861, 124658
20, 4880, 27, 123167, 126874
20, 4890, 27, 123108, 123772
20, 4900, 27, 122860, 127303
20, 4910, 27, 122860, 124372
20, 4920, 27, 122860, 123046
20, 4930, 27, 122860, 125381
20, 4940, 27, 122519, 126206
20, 4950, 27, 122519, 125621
20, 4960, 27, 121623, 125725
20, 4970, 27, 121623, 122512
20, 4980, 27, 121516, 122898
20, 4990, 27, 121449, 122801
20, 5000, 27, 121263, 121449
20, 5010, 27, 121090, 124359
20, 5020, 27, 121007, 122387
20, 5030, 27, 120793, 123928
20, 5040, 27, 120623, 122836
20, 5050, 27, 120623, 120713
20, 5060, 27, 120623, 122374
20, 5070, 27, 120608, 120608
20, 5080, 27, 120608, 124017
20, 5090, 27, 120608, 122769
20, 5100, 27, 120601, 122607
20, 5110, 27, 120583, 120601
20, 5120, 27, 120583, 122871
20, 5130, 27, 120441, 120583
20, 5140, 27, 120333, 122003
20, 5150, 27, 120333, 120625
20, 5160, 27, 120333, 121993
20, 5170, 27, 120333, 124211
20, 5180, 27, 120318, 122091
20, 5190, 27, 119865, 120318
20, 5200, 27, 119865, 119865
20, 5210, 27, 119865, 122688
20, 5220, 27, 119865, 122013
20, 5230, 27, 119781, 119865
20, 5240, 27, 119781, 123292
20, 5250, 27, 118655, 121864
20, 5260, 27, 118652, 119878
20, 5270, 27, 118353, 121502
20, 5280, 27, 118353, 120777
20, 5290, 27, 118036, 121170
20, 5300, 27, 118036, 120930
20, 5310, 27, 117921, 120755
20, 5320, 27, 117797, 117797
20, 5330, 27, 117429, 119530
20, 5340, 27, 117232, 119179
20, 5350, 27, 117232, 120054
20, 5360, 27, 117232, 117858
20, 5370, 27, 117225, 117638
20, 5380, 27, 117167, 120482
20, 5390, 27, 117167, 118774
20, 5400, 27, 117167, 119465
20, 5410, 27, 117020, 117999
20, 5420, 27, 117020, 119435
20, 5430, 27, 116932, 116932
20, 5440, 27, 116932, 120236
20, 5450, 27, 116903, 118662
20, 5460, 27, 116683, 119816
20, 5470, 27, 116305, 116683
20, 5480, 27, 116305, 118788
20, 5490, 27, 116305, 116305
20, 5500, 27, 116291, 116291
20, 5510, 27, 115503, 119862
20, 5520, 27, 115433, 115910
20, 5530, 27, 115309, 117434
20, 5540, 27, 115192, 117048
20, 5550, 27, 114705, 115914
20, 5560, 27, 114705, 115156
20, 5570, 27, 114563, 119209
20, 5580, 27, 114563, 116589
20, 5590, 27, 114506, 117919
20, 5600, 27, 114451, 117930
20, 5610, 27, 114352, 114374
20, 5620, 27, 114352, 116699
20, 5630, 27, 114182, 116091
20, 5640, 27, 114120, 116719
20, 5650, 27, 114071, 116412
20, 5660, 27, 114044, 116561
20, 5670, 27, 114044, 115770
20, 5680, 27, 113944, 115706
20, 5690, 27, 113744, 116418
20, 5700, 27, 113479, 115471
20, 5710, 27, 112456, 115324
20, 5720, 27, 112456, 113117
20, 5730, 27, 112424, 114417
20, 5740, 27, 112424, 117133
20, 5750, 27, 112123, 115498
20, 5760, 27, 112040, 114107
20, 5770, 27, 112040, 112514
20, 5780, 27, 112040, 112040
20, 5790, 27, 111984, 112440
20, 5800, 27, 111407, 114614
20, 5810, 27, 111407, 111407
20, 5820, 27, 111051, 114263
20, 5830, 27, 110803, 110878
20, 5840, 27, 110519, 112224
20, 5850, 27, 110519, 112357
20, 5860, 27, 110005, 110021
20, 5870, 27, 110005, 113448
20, 5880, 27, 110005, 111579
20, 5890, 27, 110005, 110005
20, 5900, 27, 109852, 112051
20, 5910, 27, 109852, 110911
20, 5920, 27, 109852, 112260
20, 5930, 27, 109803, 112125
20, 5940, 27, 109578, 109803
20, 5950, 27, 109578, 111844
20, 5960, 27, 109578, 111366
20, 5970, 27, 109487, 111382
20, 5980, 27, 109487, 110992
20, 5990, 27, 109479, 111915
20, 6000, 27, 109156, 109156
20, 6010, 27, 108807, 108860
20, 6020, 27, 108807, 110426
20, 6030, 27, 108188, 109235
20, 6040, 27, 107824, 111551
20, 6050, 27, 107824, 108348
20, 6060, 27, 107716, 108896
20, 6070, 27, 107572, 109914
20, 6080, 27, 107572, 108228
20, 6090, 27, 107490, 108764
20, 6100, 27, 107319, 110765
20, 6110, 27, 107319, 108541
20, 6120, 27, 107319, 110114
20, 6130, 27, 107319, 110116
20, 6140, 27, 107319, 109319
20, 6150, 27, 107288, 107288
20, 6160, 27, 107180, 110458
20, 6170, 27, 107180, 110478
20, 6180, 27, 107180, 107847
20, 6190, 27, 107051, 110701
20, 6200, 27, 107051, 107051
20, 6210, 27, 107051, 107051
20, 6220, 27, 107051, 108156
20, 6230, 27, 106869, 107051
20, 6240, 27, 106588, 110642
20, 6250, 27, 106456, 109658
20, 6260, 27, 106456, 107261
20, 6270, 27, 106456, 109278
20, 6280, 27, 106456, 109358
20, 6290, 27, 106456, 109200
20, 6300, 27, 106353, 109516
20, 6310, 27, 106167, 106353
20, 6320, 27, 106167, 106167
20, 6330, 27, 106167, 106669
20, 6340, 27, 105774, 106082
20, 6350, 27, 105774, 107013
20, 6360, 27, 105699, 108031
20, 6370, 27, 105699, 105699
20, 6380, 27, 105699, 105699
20, 6390, 27, 105699, 107385
20, 6400, 27, 105537, 105552
20, 6410, 27, 105537, 105537
20, 6420, 27, 105483, 105983
20, 6430, 27, 105445, 108406
20, 6440, 27, 105445, 105445
20, 6450, 27, 105445, 105445
20, 6460, 27, 105445, 106737
20, 6470, 27, 105249, 110244
20, 6480, 27, 105249, 106857
20, 6490, 27, 105249, 106401
20, 6500, 27, 105249, 107982
20, 6510, 27, 105249, 105249
20, 6520, 27, 104838, 106201
20, 6530, 27, 104800, 106278
20, 6540, 27, 104700, 109435
20, 6550, 27, 104477, 106565
20, 6560, 27, 104477, 104477
20, 6570, 27, 104477, 109554
20, 6580, 27, 104477, 105797
20, 6590, 27, 104276, 105304
20, 6600, 27, 104059, 106549
20, 6610, 27, 104021, 106558
20, 6620, 27, 104021, 105552
20, 6630, 27, 104021, 107621
20, 6640, 27, 103962, 107770
20, 6650, 27, 103962, 103962
20, 6660, 27, 103903, 107718
20, 6670, 27, 103903, 106077
20, 6680, 27, 103337, 104207
20, 6690, 27, 103261, 106508
20, 6700, 27, 103126, 104360
20, 6710, 27, 103111, 103111
20, 6720, 27, 103111, 106855
20, 6730, 27, 103111, 103111
20, 6740, 27, 103111, 106147
20, 6750, 27, 103111, 106466
20, 6760, 27, 102907, 103111
20, 6770, 27, 102904, 104021
20, 6780, 27, 102904, 102904
20, 6790, 27, 102904, 104736
20, 6800, 27, 102533, 106074
20, 6810, 27, 102439, 104672
20, 6820, 27, 102439, 102439
20, 6830, 27, 102311, 105355
20, 6840, 27, 102311, 102311
20, 6850, 27, 102299, 103922
20, 6860, 27, 102299, 102730
20, 6870, 27, 102299, 103931
20, 6880, 27, 102236, 102299
20, 6890, 27, 102077, 102077
20, 6900, 27, 101996, 102077
20, 6910, 27, 101996, 101996
20, 6920, 27, 101996, 103840
20, 6930, 27, 101996, 102653
20, 6940, 27, 101996, 105024
20, 6950, 27, 101996, 102596
20, 6960, 27, 101996, 102655
20, 6970, 27, 101996, 103646
20, 6980, 27, 101996, 101996
20, 6990, 27, 101996, 102912
20, 7000, 27, 101996, 166424
20, 7010, 27, 101996, 105081
20, 7020, 27, 101770, 104971
20, 7030, 27, 101770, 104970
20, 7040, 27, 101770, 103728
20, 7050, 27, 101770, 105396
20, 7060, 27, 101709, 102067
20, 7070, 27, 101709, 101709
20, 7080, 27, 101709, 101709
20, 7090, 27, 101709, 101709
20, 7100, 27, 101709, 101709
20, 7110, 27, 101709, 101709
20, 7120, 27, 101651, 103091
20, 7130, 27, 101651, 103488
20, 7140, 27, 101588, 104092
20, 7150, 27, 101573, 104077
20, 7160, 27, 101573, 101573
20, 7170, 27, 101573, 101573
20, 7180, 27, 101573, 101573
20, 7190, 27, 101573, 101573
20, 7200, 27, 101573, 101832
20, 7210, 27, 101500, 103549
20, 7220, 27, 101500, 101508
20, 7230, 27, 101500, 101500
20, 7240, 27, 101446, 105326
20, 7250, 27, 101389, 101958
20, 7260, 27, 101389, 101389
20, 7270, 27, 101385, 102600
20, 7280, 27, 101300, 103472
20, 7290, 27, 101300, 102195
20, 7300, 27, 101227, 102851
20, 7310, 27, 100944, 103741
20, 7320, 27, 100676, 100676
20, 7330, 27, 100676, 100676
20, 7340, 27, 100676, 102518
20, 7350, 27, 100676, 100676
20, 7360, 27, 100541, 100658
20, 7370, 27, 100541, 100541
20, 7380, 27, 100541, 101196
20, 7390, 27, 100541, 101556
20, 7400, 27, 100489, 103990
20, 7410, 27, 100293, 102811
20, 7420, 27, 100293, 103280
20, 7430, 27, 100293, 100293
20, 7440, 27, 100293, 103539
20, 7450, 27, 100293, 101580
20, 7460, 27, 100293, 101319
20, 7470, 27, 100293, 103586
20, 7480, 27, 100293, 100293
20, 7490, 27, 100293, 101990
20, 7500, 27, 100293, 100633
20, 7510, 27, 100293, 100293
20, 7520, 27, 100293, 101575
20, 7530, 27, 100283, 100293
20, 7540, 27, 100283, 100283
20, 7550, 27, 100283, 103921
20, 7560, 27, 100069, 100126
20, 7570, 27, 100069, 100069
20, 7580, 27, 100069, 104456
20, 7590, 27, 100069, 101271
20, 7600, 27, 99951, 99951
20, 7610, 27, 99951, 101985
20, 7620, 27, 99951, 103357
20, 7630, 27, 99893, 102673
20, 7640, 27, 99841, 102349
20, 7650, 27, 99841, 104478
20, 7660, 27, 99841, 99841
20, 7670, 27, 99570, 103387
20, 7680, 27, 99570, 99570
20, 7690, 27, 99570, 101398
20, 7700, 27, 98969, 99432
20, 7710, 27, 98956, 100039
20, 7720, 27, 98956, 101118
20, 7730, 27, 98919, 102868
20, 7740, 27, 98919, 100673
20, 7750, 27, 98919, 100289
20, 7760, 27, 98919, 98919
20, 7770, 27, 98800, 100758
20, 7780, 27, 98799, 101333
20, 7790, 27, 98799, 101275
20, 7800, 27, 98799, 100322
20, 7810, 27, 98054, 98422
20, 7820, 27, 98054, 98054
20, 7830, 27, 98054, 100497
20, 7840, 27, 97950, 100901
20, 7850, 27, 97950, 98811
20, 7860, 27, 97950, 97950
20, 7870, 27, 97950, 104015
20, 7880, 27, 97939, 97950
20, 7890, 27, 97795, 97939
20, 7900, 27, 97795, 101315
20, 7910, 27, 97795, 97795
20, 7920, 27, 97795, 97795
20, 7930, 27, 97734, 97734
20, 7940, 27, 97734, 101260
20, 7950, 27, 97734, 98996
20, 7960, 27, 97734, 97734
20, 7970, 27, 97734, 97734
20, 7980, 27, 97552, 97734
20, 7990, 27, 97211, 97552
20, 8000, 27, 97211, 97211
20, 8010, 27, 97111, 97111
20, 8020, 27, 97111, 97664
20, 8030, 27, 97111, 100137
20, 8040, 27, 97111, 97111
20, 8050, 27, 96929, 100065
20, 8060, 27, 96929, 96929
20, 8070, 27, 96929, 96929
20, 8080, 27, 96908, 96908
20, 8090, 27, 96595, 98810
20, 8100, 27, 96595, 96595
20, 8110, 27, 96595, 99347
20, 8120, 27, 96461, 97682
20, 8130, 27, 96269, 96461
20, 8140, 27, 96269, 98457
20, 8150, 27, 96269, 96269
20, 8160, 27, 96269, 96269
20, 8170, 27, 96269, 96484
20, 8180, 27, 96171, 97760
20, 8190, 27, 95771, 96295
20, 8200, 27, 95459, 99095
20, 8210, 27, 95432, 97271
20, 8220, 27, 95123, 97468
20, 8230, 27, 95123, 96209
20, 8240, 27, 95123, 96007
20, 8250, 27, 95123, 95123
20, 8260, 27, 95123, 97352
20, 8270, 27, 95099, 96114
20, 8280, 27, 95099, 97065
20, 8290, 27, 95099, 95099
20, 8300, 27, 95040, 97081
20, 8310, 27, 94820, 97868
20, 8320, 27, 94820, 96196
20, 8330, 27, 94788, 95248
20, 8340, 27, 94749, 95879
20, 8350, 27, 94744, 94749
20, 8360, 27, 94744, 94744
20, 8370, 27, 94744, 95421
20, 8380, 27, 94688, 96674
20, 8390, 27, 94688, 96282
20, 8400, 27, 94688, 96139
20, 8410, 27, 94688, 96535
20, 8420, 27, 94688, 94688
20, 8430, 27, 94688, 95884
20, 8440, 27, 94688, 94688
20, 8450, 27, 94688, 96129
20, 8460, 27, 94688, 94688
20, 8470, 27, 94688, 98050
20, 8480, 27, 94688, 97668
20, 8490, 27, 94688, 95408
20, 8500, 27, 94688, 94688
20, 8510, 27, 94379, 95777
20, 8520, 27, 94379, 95715
20, 8530, 27, 93979, 94379
20, 8540, 27, 93979, 94610
20, 8550, 27, 93979, 93979
20, 8560, 27, 93684, 93718
20, 8570, 27, 93684, 93684
20, 8580, 27, 93684, 93684
20, 8590, 27, 93684, 93684
20, 8600, 27, 93684, 93684
20, 8610, 27, 93684, 96578
20, 8620, 27, 93684, 95408
20, 8630, 27, 93684, 93684
20, 8640, 27, 93684, 93684
20, 8650, 27, 93465, 93465
20, 8660, 27, 93465, 93465
20, 8670, 27, 93154, 94708
20, 8680, 27, 93154, 93154
20, 8690, 27, 93154, 93154
20, 8700, 27, 93154, 93834
20, 8710, 27, 93154, 93154
20, 8720, 27, 93154, 93154
20, 8730, 27, 92957, 93099
20, 8740, 27, 92957, 92957
20, 8750, 27, 92957, 92957
20, 8760, 27, 92886, 92957
20, 8770, 27, 92863, 93042
20, 8780, 27, 92796, 92796
20, 8790, 27, 92487, 92487
20, 8800, 27, 92487, 92487
20, 8810, 27, 92487, 92487
20, 8820, 27, 92487, 92487
20, 8830, 27, 92425, 92425
20, 8840, 27, 92425, 93366
20, 8850, 27, 92425, 94187
20, 8860, 27, 92425, 93547
20, 8870, 27, 92425, 94316
20, 8880, 27, 92425, 92425
20, 8890, 27, 92425, 93073
20, 8900, 27, 92425, 94435
20, 8910, 27, 92425, 92425
20, 8920, 27, 92277, 94525
20, 8930, 27, 91870, 91870
20, 8940, 27, 91731, 91731
20, 8950, 27, 91731, 91731
20, 8960, 27, 91694, 91731
20, 8970, 27, 91566, 91694
20, 8980, 27, 91566, 91566
20, 8990, 27, 91566, 93713
20, 9000, 27, 91566, 91566
20, 9010, 27, 91566, 94463
20, 9020, 27, 91566, 91566
20, 9030, 27, 91566, 91566
20, 9040, 27, 91566, 91566
20, 9050, 27, 91566, 92317
20, 9060, 27, 91566, 95462
20, 9070, 27, 91566, 91566
20, 9080, 27, 91539, 91566
20, 9090, 27, 91539, 91539
20, 9100, 27, 91539, 93726
20, 9110, 27, 91416, 91539
20, 9120, 27, 91318, 91396
20, 9130, 27, 91215, 91318
20, 9140, 27, 91215, 93207
20, 9150, 27, 91215, 91215
20, 9160, 27, 91047, 93087
20, 9170, 27, 91047, 91047
20, 9180, 27, 91047, 93616
20, 9190, 27, 90999, 93622
20, 9200, 27, 90999, 92288
20, 9210, 27, 90999, 91928
20, 9220, 27, 90999, 90999
20, 9230, 27, 90999, 90999
20, 9240, 27, 90999, 90999
20, 9250, 27, 90999, 91134
20, 9260, 27, 90999, 90999
20, 9270, 27, 90999, 90999
20, 9280, 27, 90999, 90999
20, 9290, 27, 90992, 91263
20, 9300, 27, 90992, 94213
20, 9310, 27, 90992, 90992
20, 9320, 27, 90909, 90909
20, 9330, 27, 90909, 90909
20, 9340, 27, 90909, 90909
20, 9350, 27, 90909, 92953
20, 9360, 27, 90909, 91788
20, 9370, 27, 90909, 91840
20, 9380, 27, 90909, 94141
20, 9390, 27, 90909, 90909
20, 9400, 27, 90909, 90909
20, 9410, 27, 90909, 94512
20, 9420, 27, 90909, 90909
20, 9430, 27, 90909, 91760
20, 9440, 27, 90709, 90709
20, 9450, 27, 90709, 93597
20, 9460, 27, 90709, 90709
20, 9470, 27, 90709, 90709
20, 9480, 27, 90709, 90709
20, 9490, 27, 90709, 90709
20, 9500, 27, 90672, 90709
20, 9510, 27, 90672, 93196
20, 9520, 27, 90672, 90672
20, 9530, 27, 90672, 90672
20, 9540, 27, 90672, 94196
20, 9550, 27, 90672, 91072
20, 9560, 27, 90672, 90672
20, 9570, 27, 90672, 93578
20, 9580, 27, 90672, 90672
20, 9590, 27, 90672, 90672
20, 9600, 27, 90672, 93915
20, 9610, 27, 90672, 91875
20, 9620, 27, 90672, 93960
20, 9630, 27, 90672, 90672
20, 9640, 27, 90672, 92770
20, 9650, 27, 90672, 90672
20, 9660, 27, 90672, 90872
20, 9670, 27, 90672, 90672
20, 9680, 27, 90672, 91579
20, 9690, 27, 90657, 90657
20, 9700, 27, 90657, 91743
20, 9710, 27, 90598, 90598
20, 9720, 27, 90598, 90598
20, 9730, 27, 90598, 93325
20, 9740, 27, 90579, 94188
20, 9750, 27, 90579, 90579
20, 9760, 27, 90579, 90579
20, 9770, 27, 90489, 90579
20, 9780, 27, 90489, 92139
20, 9790, 27, 90489, 90489
20, 9800, 27, 90489, 90489
20, 9810, 27, 90378, 90489
20, 9820, 27, 90309, 90378
20, 9830, 27, 90309, 90309
20, 9840, 27, 90309, 94150
20, 9850, 27, 90309, 90309
20, 9860, 27, 90309, 90309
20, 9870, 27, 90309, 90592
20, 9880, 27, 90309, 90309
20, 9890, 27, 90309, 92703
20, 9900, 27, 90145, 92269
20, 9910, 27, 89896, 90145
20, 9920, 27, 89896, 92763
20, 9930, 27, 89896, 89896
20, 9940, 27, 89896, 92119
20, 9950, 27, 89824, 89896
20, 9960, 27, 89824, 89824
20, 9970, 27, 89824, 89824
20, 9980, 27, 89765, 89824
20, 9990, 27, 89765, 92771
20, 10000, 27, 89765, 89765
20, 10010, 27, 89765, 89765
20, 10020, 27, 89688, 89765
20, 10030, 27, 89688, 89688
20, 10040, 27, 89630, 90080
20, 10050, 27, 89630, 89630
20, 10060, 27, 89471, 89471
20, 10070, 27, 89471, 90938
20, 10080, 27, 89259, 89259
20, 10090, 27, 89259, 89944
20, 10100, 27, 89259, 89259
20, 10110, 27, 89259, 90827
20, 10120, 27, 89259, 94189
20, 10130, 27, 89259, 89259
20, 10140, 27, 89259, 89259
20, 10150, 27, 89259, 89259
20, 10160, 27, 89259, 91899
20, 10170, 27, 89259, 91724
20, 10180, 27, 89259, 89259
20, 10190, 27, 89259, 89558
20, 10200, 27, 89249, 90777
20, 10210, 27, 89249, 89249
20, 10220, 27, 89249, 91420
20, 10230, 27, 89249, 90910
20, 10240, 27, 89249, 90125
20, 10250, 27, 89228, 89228
20, 10260, 27, 89228, 92009
20, 10270, 27, 89228, 91444
20, 10280, 27, 89228, 90427
20, 10290, 27, 89228, 89228
20, 10300, 27, 89228, 89228
20, 10310, 27, 89228, 91532
20, 10320, 27, 89155, 89155
20, 10330, 27, 89155, 92464
20, 10340, 27, 89155, 89155
20, 10350, 27, 89155, 89155
20, 10360, 27, 89115, 89964
20, 10370, 27, 89115, 90591
20, 10380, 27, 89115, 89115
20, 10390, 27, 89115, 89115
20, 10400, 27, 89115, 92205
20, 10410, 27, 89082, 90955
20, 10420, 27, 89082, 89082
20, 10430, 27, 89082, 89211
20, 10440, 27, 88986, 90917
20, 10450, 27, 88986, 91024
20, 10460, 27, 88986, 90472
20, 10470, 27, 88986, 91288
20, 10480, 27, 88895, 90807
20, 10490, 27, 88867, 88895
20, 10500, 27, 88861, 90579
20, 10510, 27, 88861, 88861
20, 10520, 27, 88861, 88861
20, 10530, 27, 88697, 88861
20, 10540, 27, 88664, 88675
20, 10550, 27, 88664, 90670
20, 10560, 27, 88664, 88664
20, 10570, 27, 88664, 88664
20, 10580, 27, 88664, 92100
20, 10590, 27, 88664, 91782
20, 10600, 27, 88664, 90773
20, 10610, 27, 88664, 88664
20, 10620, 27, 88664, 88664
20, 10630, 27, 88664, 89352
20, 10640, 27, 88664, 88664
20, 10650, 27, 88540, 88540
20, 10660, 27, 88540, 90854
20, 10670, 27, 88508, 90745
20, 10680, 27, 88508, 88508
20, 10690, 27, 88508, 88508
20, 10700, 27, 88508, 88508
20, 10710, 27, 88508, 88508
20, 10720, 27, 88508, 91214
20, 10730, 27, 88508, 88508
20, 10740, 27, 88508, 89408
20, 10750, 27, 88508, 88508
20, 10760, 27, 88508, 89766
20, 10770, 27, 88508, 88508
20, 10780, 27, 88508, 91473
20, 10790, 27, 88508, 90680
20, 10800, 27, 88485, 90203
20, 10810, 27, 88456, 88485
20, 10820, 27, 88456, 90710
20, 10830, 27, 88456, 89146
20, 10840, 27, 88277, 88277
20, 10850, 27, 88277, 88646
20, 10860, 27, 88270, 88277
20, 10870, 27, 88270, 88539
20, 10880, 27, 88270, 88270
20, 10890, 27, 88270, 89427
20, 10900, 27, 88270, 88270
20, 10910, 27, 88270, 88270
20, 10920, 27, 88253, 88270
20, 10930, 27, 88253, 88253
20, 10940, 27, 88253, 88253
20, 10950, 27, 88253, 88253
20, 10960, 27, 88253, 88253
20, 10970, 27, 88253, 88395
20, 10980, 27, 88253, 88253
20, 10990, 27, 88253, 88253
20, 11000, 27, 87976, 87976
20, 11010, 27, 87878, 89132
20, 11020, 27, 87878, 87878
20, 11030, 27, 87878, 87878
20, 11040, 27, 87878, 87878
20, 11050, 27, 87878, 87878
20, 11060, 27, 87854, 87878
20, 11070, 27, 87854, 87854
20, 11080, 27, 87618, 87854
20, 11090, 27, 87618, 89268
20, 11100, 27, 87618, 87618
20, 11110, 27, 87618, 88357
20, 11120, 27, 87618, 87618
20, 11130, 27, 87618, 87618
20, 11140, 27, 87618, 87618
20, 11150, 27, 87618, 89458
20, 11160, 27, 87618, 89360
20, 11170, 27, 87618, 87618
20, 11180, 27, 87539, 87618
20, 11190, 27, 87539, 87539
20, 11200, 27, 87539, 87539
20, 11210, 27, 87539, 87539
20, 11220, 27, 87514, 87514
20, 11230, 27, 87514, 87514
20, 11240, 27, 87514, 87514
20, 11250, 27, 87514, 87514
20, 11260, 27, 87514, 91368
20, 11270, 27, 87514, 87514
20, 11280, 27, 87454, 87514
20, 11290, 27, 87454, 91683
20, 11300, 27, 87454, 91909
20, 11310, 27, 87454, 87454
20, 11320, 27, 87273, 88786
20, 11330, 27, 87273, 88010
20, 11340, 27, 87273, 87273
20, 11350, 27, 87273, 89567
20, 11360, 27, 87073, 87073
20, 11370, 27, 86821, 86849
20, 11380, 27, 86821, 88013
20, 11390, 27, 86821, 86821
20, 11400, 27, 86816, 86821
20, 11410, 27, 86816, 90923
20, 11420, 27, 86816, 88590
20, 11430, 27, 86816, 86816
20, 11440, 27, 86816, 86816
20, 11450, 27, 86816, 86816
20, 11460, 27, 86816, 86816
20, 11470, 27, 86572, 86572
20, 11480, 27, 86572, 86572
20, 11490, 27, 86572, 86572
20, 11500, 27, 86572, 86572
20, 11510, 27, 86568, 87702
20, 11520, 27, 86568, 86568
20, 11530, 27, 86568, 86568
20, 11540, 27, 86568, 88023
20, 11550, 27, 86568, 86568
20, 11560, 27, 86568, 86568
20, 11570, 27, 86568, 86568
20, 11580, 27, 86568, 88292
20, 11590, 27, 86568, 86915
20, 11600, 27, 86568, 86568
20, 11610, 27, 86568, 86568
20, 11620, 27, 86499, 86499
20, 11630, 27, 86475, 86499
20, 11640, 27, 86475, 88285
20, 11650, 27, 86399, 86399
20, 11660, 27, 86399, 88913
20, 11670, 27, 86399, 86399
20, 11680, 27, 86046, 86046
20, 11690, 27, 86046, 86046
20, 11700, 27, 86046, 87583
20, 11710, 27, 85996, 88271
20, 11720, 27, 85996, 85996
20, 11730, 27, 85996, 85996
20, 11740, 27, 85996, 85996
20, 11750, 27, 85996, 87324
20, 11760, 27, 85996, 85996
20, 11770, 27, 85996, 85996
20, 11780, 27, 85918, 88434
20, 11790, 27, 85918, 85918
20, 11800, 27, 85752, 85918
20, 11810, 27, 85752, 85752
20, 11820, 27, 85752, 85752
20, 11830, 27, 85694, 85694
20, 11840, 27, 85694, 85694
20, 11850, 27, 85694, 85694
20, 11860, 27, 85694, 85694
20, 11870, 27, 85553, 85577
20, 11880, 27, 85553, 85717
20, 11890, 27, 85553, 85553
20, 11900, 27, 85553, 85553
20, 11910, 27, 85553, 85553
20, 11920, 27, 85535, 85553
20, 11930, 27, 85535, 85535
20, 11940, 27, 85535, 85535
20, 11950, 27, 85535, 85535
20, 11960, 27, 85535, 85935
20, 11970, 27, 85535, 87014
20, 11980, 27, 85535, 85535
20, 11990, 27, 85535, 85535
20, 12000, 27, 85535, 85535
20, 12010, 27, 85535, 85535
20, 12020, 27, 85535, 85535
20, 12030, 27, 85535, 85535
20, 12040, 27, 85535, 85535
20, 12050, 27, 85535, 87555
20, 12060, 27, 85535, 85535
20, 12070, 27, 85535, 85535
20, 12080, 27, 85535, 85535
20, 12090, 27, 85535, 85535
20, 12100, 27, 85521, 85535
20, 12110, 27, 85441, 85521
20, 12120, 27, 85441, 85441
20, 12130, 27, 85441, 88072
20, 12140, 27, 85441, 85441
20, 12150, 27, 85441, 87806
20, 12160, 27, 85441, 85441
20, 12170, 27, 85441, 85441
20, 12180, 27, 85420, 85441
20, 12190, 27, 85420, 87694
20, 12200, 27, 85420, 85420
20, 12210, 27, 85420, 85986
20, 12220, 27, 85420, 87611
20, 12230, 27, 85346, 85346
20, 12240, 27, 85346, 85346
20, 12250, 27, 85346, 85346
20, 12260, 27, 85346, 85346
20, 12270, 27, 85346, 85346
20, 12280, 27, 85346, 85346
20, 12290, 27, 85346, 85346
20, 12300, 27, 85346, 85346
20, 12310, 27, 85346, 85346
20, 12320, 27, 85346, 85346
20, 12330, 27, 85327, 85346
20, 12340, 27, 85104, 85104
20, 12350, 27, 85104, 85104
20, 12360, 27, 85104, 85104
20, 12370, 27, 85052, 88481
20, 12380, 27, 85052, 85052
20, 12390, 27, 85052, 85052
20, 12400, 27, 85027, 86945
20, 12410, 27, 84968, 86549
20, 12420, 27, 84893, 84893
20, 12430, 27, 84893, 88721
20, 12440, 27, 84576, 84893
20, 12450, 27, 84576, 84576
20, 12460, 27, 84576, 84576
20, 12470, 27, 84571, 84576
20, 12480, 27, 84497, 84497
20, 12490, 27, 84459, 84459
20, 12500, 27, 84459, 84459
20, 12510, 27, 84459, 84459
20, 12520, 27, 84459, 84723
20, 12530, 27, 83989, 84459
20, 12540, 27, 83989, 84508
20, 12550, 27, 83908, 83989
20, 12560, 27, 83908, 83908
20, 12570, 27, 83908, 85819
20, 12580, 27, 83861, 84389
20, 12590, 27, 83861, 83861
20, 12600, 27, 83861, 83861
20, 12610, 27, 83861, 83861
20, 12620, 27, 83861, 83861
20, 12630, 27, 83861, 83861
20, 12640, 27, 83861, 85892
20, 12650, 27, 83861, 83861
20, 12660, 27, 83861, 83861
20, 12670, 27, 83861, 83861
20, 12680, 27, 83861, 83861
20, 12690, 27, 83861, 85368
20, 12700, 27, 83861, 85161
20, 12710, 27, 83861, 83861
20, 12720, 27, 83861, 85613
20, 12730, 27, 83861, 83861
20, 12740, 27, 83861, 83861
20, 12750, 27, 83861, 83861
20, 12760, 27, 83861, 85526
20, 12770, 27, 83861, 83861
20, 12780, 27, 83861, 83861
20, 12790, 27, 83861, 83861
20, 12800, 27, 83861, 83861
20, 12810, 27, 83766, 83861
20, 12820, 27, 83766, 83766
20, 12830, 27, 83766, 83766
20, 12840, 27, 83709, 83709
20, 12850, 27, 83709, 83709
20, 12860, 27, 83709, 83709
20, 12870, 27, 83709, 83709
20, 12880, 27, 83709, 83709
20, 12890, 27, 83709, 83709
20, 12900, 27, 83709, 83709
20, 12910, 27, 83709, 83709
20, 12920, 27, 83709, 83709
20, 12930, 27, 83709, 83709
20, 12940, 27, 83709, 83709
20, 12950, 27, 83709, 83709
20, 12960, 27, 83709, 83709
20, 12970, 27, 83709, 83709
20, 12980, 27, 83709, 83709
20, 12990, 27, 83709, 85776
20, 13000, 27, 83709, 83709
20, 13010, 27, 83709, 83709
20, 13020, 27, 83709, 85149
20, 13030, 27, 83709, 83709
20, 13040, 27, 83704, 84143
20, 13050, 27, 83496, 83525
20, 13060, 27, 83496, 83496
20, 13070, 27, 83496, 83496
20, 13080, 27, 83496, 83496
20, 13090, 27, 83496, 83496
20, 13100, 27, 83218, 83496
20, 13110, 27, 83218, 83218
20, 13120, 27, 83218, 83218
20, 13130, 27, 83218, 83218
20, 13140, 27, 83218, 83218
20, 13150, 27, 83218, 83218
20, 13160, 27, 83218, 83218
20, 13170, 27, 83218, 83218
20, 13180, 27, 83218, 83218
20, 13190, 27, 83218, 83218
20, 13200, 27, 83218, 83218
20, 13210, 27, 83218, 83218
20, 13220, 27, 83218, 83218
20, 13230, 27, 83218, 83218
20, 13240, 27, 83218, 83218
20, 13250, 27, 83218, 83218
20, 13260, 27, 83218, 83218
20, 13270, 27, 83218, 83218
20, 13280, 27, 83218, 83218
20, 13290, 27, 83218, 83218
20, 13300, 27, 83159, 83159
20, 13310, 27, 83159, 84868
20, 13320, 27, 83046, 86025
20, 13330, 27, 83046, 83046
20, 13340, 27, 83016, 83016
20, 13350, 27, 83016, 83016
20, 13360, 27, 83016, 85249
20, 13370, 27, 83016, 83016
20, 13380, 27, 83016, 86265
20, 13390, 27, 83016, 83016
20, 13400, 27, 83016, 83016
20, 13410, 27, 83016, 83016
20, 13420, 27, 83016, 83016
20, 13430, 27, 83006, 83132
20, 13440, 27, 83006, 84674
20, 13450, 27, 82892, 82892
20, 13460, 27, 82892, 82892
20, 13470, 27, 82892, 82892
20, 13480, 27, 82892, 82892
20, 13490, 27, 82892, 82892
20, 13500, 27, 82892, 82892
20, 13510, 27, 82892, 82892
20, 13520, 27, 82604, 82604
20, 13530, 27, 82604, 82604
20, 13540, 27, 82604, 82604
20, 13550, 27, 82604, 85162
20, 13560, 27, 82604, 82604
20, 13570, 27, 82604, 82604
20, 13580, 27, 82604, 82604
20, 13590, 27, 82558, 82558
20, 13600, 27, 82558, 82558
20, 13610, 27, 82558, 82558
20, 13620, 27, 82558, 82558
20, 13630, 27, 82558, 82558
20, 13640, 27, 82558, 82558
20, 13650, 27, 82558, 82558
20, 13660, 27, 82558, 82558
20, 13670, 27, 82434, 84313
20, 13680, 27, 82434, 82434
20, 13690, 27, 82434, 82434
20, 13700, 27, 82434, 82434
20, 13710, 27, 82434, 86587
20, 13720, 27, 82434, 83368
20, 13730, 27, 82434, 82434
20, 13740, 27, 82434, 82434
20, 13750, 27, 82434, 82434
20, 13760, 27, 82419, 82434
20, 13770, 27, 82419, 84136
20, 13780, 27, 82419, 82419
20, 13790, 27, 82419, 82419
20, 13800, 27, 82419, 82419
20, 13810, 27, 82419, 84505
20, 13820, 27, 82419, 82419
20, 13830, 27, 82419, 82797
20, 13840, 27, 82293, 82419
20, 13850, 27, 82293, 82293
20, 13860, 27, 82293, 82293
20, 13870, 27, 82293, 82293
20, 13880, 27, 82293, 82293
20, 13890, 27, 82293, 84117
20, 13900, 27, 82293, 82293
20, 13910, 27, 82293, 82293
20, 13920, 27, 82293, 82293
20, 13930, 27, 82293, 82293
20, 13940, 27, 82293, 82293
20, 13950, 27, 82293, 82293
20, 13960, 27, 82293, 82293
20, 13970, 27, 82157, 82351
20, 13980, 27, 82157, 82621
20, 13990, 27, 82157, 82157
20, 14000, 27, 82157, 84247
20, 14010, 27, 82157, 82157
20, 14020, 27, 82157, 82157
20, 14030, 27, 82157, 83181
20, 14040, 27, 82157, 82157
20, 14050, 27, 82157, 82157
20, 14060, 27, 82041, 82157
20, 14070, 27, 82041, 82041
20, 14080, 27, 82041, 82041
20, 14090, 27, 82041, 82041
20, 14100, 27, 82041, 82041
20, 14110, 27, 82041, 82971
20, 14120, 27, 82041, 82041
20, 14130, 27, 82041, 83470
20, 14140, 27, 82041, 82643
20, 14150, 27, 82041, 82566
20, 14160, 27, 82041, 82041
20, 14170, 27, 82041, 82041
20, 14180, 27, 81941, 81941
20, 14190, 27, 81941, 81941
20, 14200, 27, 81920, 81920
20, 14210, 27, 81920, 81920
20, 14220, 27, 81920, 81920
20, 14230, 27, 81920, 81920
20, 14240, 27, 81920, 81920
20, 14250, 27, 81853, 81853
20, 14260, 27, 81853, 81853
20, 14270, 27, 81853, 83755
20, 14280, 27, 81853, 81853
20, 14290, 27, 81853, 81853
20, 14300, 27, 81853, 81853
20, 14310, 27, 81853, 81853
20, 14320, 27, 81853, 81853
20, 14330, 27, 81853, 81853
20, 14340, 27, 81853, 81853
20, 14350, 27, 81853, 81853
20, 14360, 27, 81853, 81853
20, 14370, 27, 81853, 81853
20, 14380, 27, 81853, 81853
20, 14390, 27, 81853, 81853
20, 14400, 27, 81853, 81853
20, 14410, 27, 81853, 81853
20, 14420, 27, 81853, 81853
20, 14430, 27, 81853, 81853
20, 14440, 27, 81853, 81853
20, 14450, 27, 81853, 81853
20, 14460, 27, 81853, 81853
20, 14470, 27, 81781, 81781
20, 14480, 27, 81781, 81781
20, 14490, 27, 81781, 81781
20, 14500, 27, 81781, 81781
20, 14510, 27, 81781, 81781
20, 14520, 27, 81781, 81781
20, 14530, 27, 81729, 83017
20, 14540, 27, 81729, 84406
20, 14550, 27, 81729, 83099
20, 14560, 27, 81729, 81729
20, 14570, 27, 81729, 81729
20, 14580, 27, 81729, 81729
20, 14590, 27, 81729, 81729
20, 14600, 27, 81729, 81729
20, 14610, 27, 81729, 81729
20, 14620, 27, 81729, 81729
20, 14630, 27, 81729, 81729
20, 14640, 27, 81729, 81729
20, 14650, 27, 81729, 81729
20, 14660, 27, 81729, 81729
20, 14670, 27, 81729, 81729
20, 14680, 27, 81664, 81729
20, 14690, 27, 81664, 81664
20, 14700, 27, 81581, 81581
20, 14710, 27, 81581, 81581
20, 14720, 27, 81581, 81581
20, 14730, 27, 81516, 81516
20, 14740, 27, 81516, 81516
20, 14750, 27, 81516, 81516
20, 14760, 27, 81516, 81907
20, 14770, 27, 81516, 81516
20, 14780, 27, 81492, 81492
20, 14790, 27, 81492, 81492
20, 14800, 27, 81468, 81492
20, 14810, 27, 81468, 81468
20, 14820, 27, 81468, 81468
20, 14830, 27, 81468, 81468
20, 14840, 27, 81468, 81468
20, 14850, 27, 81262, 81468
20, 14860, 27, 81262, 81262
20, 14870, 27, 81262, 81262
20, 14880, 27, 81262, 81262
20, 14890, 27, 81069, 81069
20, 14900, 27, 81069, 81069
20, 14910, 27, 81069, 81069
20, 14920, 27, 80833, 81069
20, 14930, 27, 80833, 80833
20, 14940, 27, 80833, 80833
20, 14950, 27, 80833, 80833
20, 14960, 27, 80833, 80833
20, 14970, 27, 80833, 80833
20, 14980, 27, 80833, 80833
20, 14990, 27, 80833, 80833
20, 15000, 27, 80833, 80833
20, 15010, 27, 80833, 80833
20, 15020, 27, 80833, 80833
20, 15030, 27, 80833, 80833
20, 15040, 27, 80833, 80833
20, 15050, 27, 80708, 80708
20, 15060, 27, 80708, 80708
20, 15070, 27, 80708, 80708
20, 15080, 27, 80708, 80708
20, 15090, 27, 80708, 80708
20, 15100, 27, 80708, 80708
20, 15110, 27, 80708, 80708
20, 15120, 27, 80708, 80708
20, 15130, 27, 80708, 80708
20, 15140, 27, 80693, 80708
20, 15150, 27, 80693, 80693
20, 15160, 27, 80570, 80570
20, 15170, 27, 80462, 80570
20, 15180, 27, 80462, 80462
20, 15190, 27, 80457, 80462
20, 15200, 27, 80457, 80457
20, 15210, 27, 80457, 80457
20, 15220, 27, 80454, 80454
20, 15230, 27, 80454, 81519
20, 15240, 27, 80454, 80454
20, 15250, 27, 80454, 80454
20, 15260, 27, 80413, 80454
20, 15270, 27, 80413, 80413
20, 15280, 27, 80413, 80413
20, 15290, 27, 80413, 80413
20, 15300, 27, 80413, 80413
20, 15310, 27, 80413, 80413
20, 15320, 27, 80413, 80413
20, 15330, 27, 80413, 80413
20, 15340, 27, 80413, 81348
20, 15350, 27, 80413, 80413
20, 15360, 27, 80413, 80413
20, 15370, 27, 80413, 80413
20, 15380, 27, 80413, 80413
20, 15390, 27, 80413, 80413
20, 15400, 27, 80413, 80413
20, 15410, 27, 80413, 80413
20, 15420, 27, 80413, 80413
20, 15430, 27, 80413, 80413
20, 15440, 27, 80413, 80413
20, 15450, 27, 80413, 80413
20, 15460, 27, 80413, 80413
20, 15470, 27, 80413, 80413
20, 15480, 27, 80413, 80413
20, 15490, 27, 79415, 79415
20, 15500, 27, 79415, 79415
20, 15510, 27, 79415, 79415
20, 15520, 27, 79415, 79415
20, 15530, 27, 79415, 82279
20, 15540, 27, 79415, 79415
20, 15550, 27, 79415, 79415
20, 15560, 27, 79415, 79874
20, 15570, 27, 79291, 79291
20, 15580, 27, 79291, 79291
20, 15590, 27, 79291, 80855
20, 15600, 27, 79191, 79274
20, 15610, 27, 79191, 79191
20, 15620, 27, 79154, 79191
20, 15630, 27, 79154, 79154
20, 15640, 27, 79154, 79154
20, 15650, 27, 79154, 79154
20, 15660, 27, 79154, 79154
20, 15670, 27, 79154, 79154
20, 15680, 27, 79154, 79154
20, 15690, 27, 79154, 79154
20, 15700, 27, 79154, 80284
20, 15710, 27, 79154, 79154
20, 15720, 27, 79154, 79154
20, 15730, 27, 79154, 79154
20, 15740, 27, 79154, 79154
20, 15750, 27, 79154, 79154
20, 15760, 27, 79154, 79154
20, 15770, 27, 79154, 79154
20, 15780, 27, 79136, 79136
20, 15790, 27, 79136, 79136
20, 15800, 27, 79136, 81101
20, 15810, 27, 79136, 79136
20, 15820, 27, 79136, 79136
20, 15830, 27, 79136, 79136
20, 15840, 27, 79136, 79136
20, 15850, 27, 79136, 79136
20, 15860, 27, 79136, 79136
20, 15870, 27, 79136, 79453
20, 15880, 27, 79136, 80591
20, 15890, 27, 79136, 79136
20, 15900, 27, 79136, 79136
20, 15910, 27, 79136, 79136
20, 15920, 27, 79136, 79136
20, 15930, 27, 79136, 79136
20, 15940, 27, 79136, 79136
20, 15950, 27, 79136, 79136
20, 15960, 27, 79136, 79940
20, 15970, 27, 79034, 79034
20, 15980, 27, 79003, 79030
20, 15990, 27, 79003, 79003
20, 16000, 27, 79003, 79003
20, 16010, 27, 79003, 79003
20, 16020, 27, 79003, 79003
20, 16030, 27, 79003, 79003
20, 16040, 27, 79003, 79003
20, 16050, 27, 79003, 79003
20, 16060, 27, 79003, 79003
20, 16070, 27, 79003, 79003
20, 16080, 27, 79003, 79003
20, 16090, 27, 79003, 79003
20, 16100, 27, 79003, 81510
20, 16110, 27, 79003, 79003
20, 16120, 27, 79003, 79003
20, 16130, 27, 79003, 79003
20, 16140, 27, 78985, 79003
20, 16150, 27, 78848, 78848
20, 16160, 27, 78848, 78848
20, 16170, 27, 78848, 78848
20, 16180, 27, 78848, 78848
20, 16190, 27, 78848, 78848
20, 16200, 27, 78848, 78848
20, 16210, 27, 78848, 78848
20, 16220, 27, 78848, 78848
20, 16230, 27, 78848, 78848
20, 16240, 27, 78848, 78848
20, 16250, 27, 78811, 78848
20, 16260, 27, 78633, 78811
20, 16270, 27, 78633, 78633
20, 16280, 27, 78633, 78633
20, 16290, 27, 78633, 78633
20, 16300, 27, 78633, 78633
20, 16310, 27, 78633, 78633
20, 16320, 27, 78616, 78633
20, 16330, 27, 78616, 78616
20, 16340, 27, 78616, 78616
20, 16350, 27, 78616, 78616
20, 16360, 27, 78616, 78616
20, 16370, 27, 78616, 81498
20, 16380, 27, 78616, 78616
20, 16390, 27, 78616, 78616
20, 16400, 27, 78616, 78616
20, 16410, 27, 78616, 78616
20, 16420, 27, 78616, 78616
20, 16430, 27, 78582, 78616
20, 16440, 27, 78582, 78582
20, 16450, 27, 78582, 78582
20, 16460, 27, 78582, 78582
20, 16470, 27, 78363, 78582
20, 16480, 27, 78363, 80789
20, 16490, 27, 78363, 78363
20, 16500, 27, 78363, 78363
20, 16510, 27, 78363, 78363
20, 16520, 27, 78363, 78363
20, 16530, 27, 78363, 78363
20, 16540, 27, 78363, 78363
20, 16550, 27, 78363, 78363
20, 16560, 27, 78363, 78363
20, 16570, 27, 78363, 78363
20, 16580, 27, 78363, 78363
20, 16590, 27, 78353, 78363
20, 16600, 27, 78353, 78353
20, 16610, 27, 78353, 78353
20, 16620, 27, 78353, 78353
20, 16630, 27, 78353, 78353
20, 16640, 27, 78353, 78353
20, 16650, 27, 78353, 78353
20, 16660, 27, 78353, 78353
20, 16670, 27, 78353, 78865
20, 16680, 27, 78353, 78353
20, 16690, 27, 78353, 78353
20, 16700, 27, 78353, 78353
20, 16710, 27, 78353, 78353
20, 16720, 27, 78353, 78353
20, 16730, 27, 78353, 78353
20, 16740, 27, 78353, 78353
20, 16750, 27, 78353, 78353
20, 16760, 27, 78353, 78353
20, 16770, 27, 78353, 78353
20, 16780, 27, 78353, 78353
20, 16790, 27, 78244, 78244
20, 16800, 27, 78244, 78244
20, 16810, 27, 78244, 78244
20, 16820, 27, 78244, 78244
20, 16830, 27, 78244, 78244
20, 16840, 27, 78244, 78244
20, 16850, 27, 78244, 78244
20, 16860, 27, 78244, 78244
20, 16870, 27, 78244, 78244
20, 16880, 27, 78185, 78244
20, 16890, 27, 78185, 78185
20, 16900, 27, 78185, 78185
20, 16910, 27, 78185, 78185
20, 16920, 27, 78185, 78185
20, 16930, 27, 78185, 78185
20, 16940, 27, 78162, 78185
20, 16950, 27, 78162, 78162
20, 16960, 27, 78162, 78162
20, 16970, 27, 78162, 78162
20, 16980, 27, 78162, 78162
20, 16990, 27, 78162, 78162
20, 17000, 27, 78162, 78162
20, 17010, 27, 78162, 78241
20, 17020, 27, 78162, 80152
20, 17030, 27, 78162, 79377
20, 17040, 27, 78162, 78162
20, 17050, 27, 78162, 78162
20, 17060, 27, 78162, 78162
20, 17070, 27, 78162, 78162
20, 17080, 27, 78162, 78162
20, 17090, 27, 78162, 78162
20, 17100, 27, 78162, 78162
20, 17110, 27, 78162, 78162
20, 17120, 27, 78162, 78162
20, 17130, 27, 78162, 78162
20, 17140, 27, 78162, 78162
20, 17150, 27, 78162, 78162
20, 17160, 27, 78162, 78162
20, 17170, 27, 78162, 78162
20, 17180, 27, 78162, 81100
20, 17190, 27, 78162, 78162
20, 17200, 27, 78162, 78730
20, 17210, 27, 78162, 78162
20, 17220, 27, 78162, 78162
20, 17230, 27, 78162, 78162
20, 17240, 27, 78162, 78162
20, 17250, 27, 78162, 78162
20, 17260, 27, 78162, 78162
20, 17270, 27, 78162, 78162
20, 17280, 27, 78162, 78162
20, 17290, 27, 77847, 77847
20, 17300, 27, 77708, 78918
20, 17310, 27, 77708, 77708
20, 17320, 27, 77708, 77708
20, 17330, 27, 77708, 77708
20, 17340, 27, 77708, 77708
20, 17350, 27, 77625, 77708
20, 17360, 27, 77625, 77625
20, 17370, 27, 77625, 77625
20, 17380, 27, 77625, 77625
20, 17390, 27, 77625, 77625
20, 17400, 27, 77625, 77625
20, 17410, 27, 77625, 77625
20, 17420, 27, 77625, 77625
20, 17430, 27, 77625, 77625
20, 17440, 27, 77625, 77625
20, 17450, 27, 77542, 77542
20, 17460, 27, 77542, 78939
20, 17470, 27, 77542, 77542
20, 17480, 27, 77515, 77542
20, 17490, 27, 77515, 77515
20, 17500, 27, 77515, 77515
20, 17510, 27, 77515, 77515
20, 17520, 27, 77515, 77515
20, 17530, 27, 77515, 77515
20, 17540, 27, 77515, 77515
20, 17550, 27, 77515, 77515
20, 17560, 27, 77515, 77515
20, 17570, 27, 77515, 77515
20, 17580, 27, 77515, 77515
20, 17590, 27, 77515, 77515
20, 17600, 27, 77515, 77515
20, 17610, 27, 77515, 77515
20, 17620, 27, 77515, 77515
20, 17630, 27, 77515, 77515
20, 17640, 27, 77515, 77515
20, 17650, 27, 77515, 77515
20, 17660, 27, 77515, 77515
20, 17670, 27, 77515, 77515
20, 17680, 27, 77515, 77515
20, 17690, 27, 77515, 77515
20, 17700, 27, 77515, 77515
20, 17710, 27, 77515, 77515
20, 17720, 27, 77515, 77515
20, 17730, 27, 77512, 77515
20, 17740, 27, 77512, 77512
20, 17750, 27, 77512, 77512
20, 17760, 27, 77512, 77512
20, 17770, 27, 77512, 77512
20, 17780, 27, 77512, 77512
20, 17790, 27, 77512, 77512
20, 17800, 27, 77512, 77512
20, 17810, 27, 77512, 77512
20, 17820, 27, 77512, 77512
20, 17830, 27, 77512, 77512
20, 17840, 27, 77512, 77512
20, 17850, 27, 77512, 77512
20, 17860, 27, 77512, 77512
20, 17870, 27, 77512, 77512
20, 17880, 27, 77200, 77200
20, 17890, 27, 77200, 77200
20, 17900, 27, 77200, 77200
20, 17910, 27, 77200, 77200
20, 17920, 27, 77200, 77200
20, 17930, 27, 77200, 77200
20, 17940, 27, 77200, 77200
20, 17950, 27, 77200, 77200
20, 17960, 27, 77200, 77200
20, 17970, 27, 77200, 77200
20, 17980, 27, 77200, 77200
20, 17990, 27, 77200, 77200
20, 18000, 27, 77200, 77200
20, 18010, 27, 77119, 77119
20, 18020, 27, 77119, 77119
20, 18030, 27, 77119, 77119
20, 18040, 27, 77119, 77119
20, 18050, 27, 77119, 77119
20, 18060, 27, 77119, 77119
20, 18070, 27, 77119, 77119
20, 18080, 27, 77119, 77119
20, 18090, 27, 77119, 77119
20, 18100, 27, 77119, 77119
20, 18110, 27, 77119, 77119
20, 18120, 27, 77030, 77030
20, 18130, 27, 77030, 77030
20, 18140, 27, 77030, 77030
20, 18150, 27, 77030, 77030
20, 18160, 27, 77030, 77030
20, 18170, 27, 77030, 77030
20, 18180, 27, 77030, 77030
20, 18190, 27, 77030, 77030
20, 18200, 27, 77030, 77030
20, 18210, 27, 77030, 77030
20, 18220, 27, 77030, 77030
20, 18230, 27, 77030, 77030
20, 18240, 27, 77030, 77030
20, 18250, 27, 77030, 77030
20, 18260, 27, 76994, 77030
20, 18270, 27, 76994, 76994
20, 18280, 27, 76994, 76994
20, 18290, 27, 76994, 76994
20, 18300, 27, 76994, 76994
20, 18310, 27, 76994, 76994
20, 18320, 27, 76994, 76994
20, 18330, 27, 76994, 76994
20, 18340, 27, 76994, 76994
20, 18350, 27, 76994, 76994
20, 18360, 27, 76994, 76994
20, 18370, 27, 76987, 76987
20, 18380, 27, 76790, 76987
20, 18390, 27, 76790, 76790
20, 18400, 27, 76790, 76790
20, 18410, 27, 76790, 76790
20, 18420, 27, 76790, 79033
20, 18430, 27, 76790, 76790
20, 18440, 27, 76790, 76790
20, 18450, 27, 76746, 76790
20, 18460, 27, 76746, 76746
20, 18470, 27, 76746, 76746
20, 18480, 27, 76746, 76746
20, 18490, 27, 76746, 76746
20, 18500, 27, 76746, 76746
20, 18510, 27, 76746, 76746
20, 18520, 27, 76746, 76746
20, 18530, 27, 76746, 76746
20, 18540, 27, 76746, 76746
20, 18550, 27, 76746, 76746
20, 18560, 27, 76746, 76746
20, 18570, 27, 76746, 76746
20, 18580, 27, 76642, 76642
20, 18590, 27, 76642, 76642
20, 18600, 27, 76642, 76642
20, 18610, 27, 76517, 76517
20, 18620, 27, 76517, 76517
20, 18630, 27, 76517, 76517
20, 18640, 27, 76517, 76517
20, 18650, 27, 76517, 76517
20, 18660, 27, 76517, 76517
20, 18670, 27, 76517, 76517
20, 18680, 27, 76517, 76517
20, 18690, 27, 76517, 76517
20, 18700, 27, 76517, 76517
20, 18710, 27, 76517, 76517
20, 18720, 27, 76376, 76376
20, 18730, 27, 76317, 76317
20, 18740, 27, 76317, 76317
20, 18750, 27, 76317, 76317
20, 18760, 27, 76317, 76317
20, 18770, 27, 76317, 76317
20, 18780, 27, 76135, 76135
20, 18790, 27, 76135, 76135
20, 18800, 27, 76135, 76135
20, 18810, 27, 76135, 76135
20, 18820, 27, 76135, 76135
20, 18830, 27, 76135, 76135
20, 18840, 27, 76135, 76135
20, 18850, 27, 76135, 76135
20, 18860, 27, 76135, 76135
20, 18870, 27, 76135, 76135
20, 18880, 27, 76135, 76135
20, 18890, 27, 76135, 76135
20, 18900, 27, 76135, 76135
20, 18910, 27, 76135, 76135
20, 18920, 27, 76135, 76135
20, 18930, 27, 76052, 76135
20, 18940, 27, 76052, 76052
20, 18950, 27, 76052, 76052
20, 18960, 27, 75892, 76052
20, 18970, 27, 75892, 75892
20, 18980, 27, 75892, 75892
20, 18990, 27, 75892, 75892
20, 19000, 27, 75892, 75892
20, 19010, 27, 75892, 75892
20, 19020, 27, 75892, 75892
20, 19030, 27, 75892, 75892
20, 19040, 27, 75892, 75892
20, 19050, 27, 75892, 75892
20, 19060, 27, 75892, 75892
20, 19070, 27, 75892, 75892
20, 19080, 27, 75892, 75892
20, 19090, 27, 75892, 75892
20, 19100, 27, 75892, 75892
20, 19110, 27, 75892, 75892
20, 19120, 27, 75892, 75892
20, 19130, 27, 75892, 75892
20, 19140, 27, 75892, 75892
20, 19150, 27, 75892, 75892
20, 19160, 27, 75892, 75892
20, 19170, 27, 75892, 75892
20, 19180, 27, 75892, 75892
20, 19190, 27, 75892, 75892
20, 19200, 27, 75892, 75892
20, 19210, 27, 75892, 75892
20, 19220, 27, 75892, 75892
20, 19230, 27, 75892, 75892
20, 19240, 27, 75892, 75892
20, 19250, 27, 75892, 75892
20, 19260, 27, 75892, 75892
20, 19270, 27, 75892, 75892
20, 19280, 27, 75878, 75878
20, 19290, 27, 75878, 75878
20, 19300, 27, 75878, 75878
20, 19310, 27, 75878, 75878
20, 19320, 27, 75878, 75878
20, 19330, 27, 75878, 75878
20, 19340, 27, 75878, 75878
20, 19350, 27, 75878, 75878
20, 19360, 27, 75878, 75878
20, 19370, 27, 75745, 75763
20, 19380, 27, 75745, 75745
20, 19390, 27, 75745, 75745
20, 19400, 27, 75745, 75745
20, 19410, 27, 75745, 75745
20, 19420, 27, 75745, 75745
20, 19430, 27, 75745, 75745
20, 19440, 27, 75745, 75745
20, 19450, 27, 75745, 75745
20, 19460, 27, 75745, 75745
20, 19470, 27, 75745, 75745
20, 19480, 27, 75745, 75745
20, 19490, 27, 75745, 75745
20, 19500, 27, 75745, 75745
20, 19510, 27, 75745, 75745
20, 19520, 27, 75745, 75745
20, 19530, 27, 75745, 75745
20, 19540, 27, 75745, 75745
20, 19550, 27, 75745, 75745
20, 19560, 27, 75745, 75745
20, 19570, 27, 75745, 75745
20, 19580, 27, 75745, 75745
20, 19590, 27, 75745, 75745
20, 19600, 27, 75745, 75745
20, 19610, 27, 75745, 75745
20, 19620, 27, 75745, 75745
20, 19630, 27, 75745, 75745
20, 19640, 27, 75745, 75745
20, 19650, 27, 75509, 75509
20, 19660, 27, 75509, 75509
20, 19670, 27, 75509, 75509
20, 19680, 27, 75509, 75509
20, 19690, 27, 75509, 75509
20, 19700, 27, 75509, 75509
20, 19710, 27, 75509, 75509
20, 19720, 27, 75509, 75509
20, 19730, 27, 75509, 75509
20, 19740, 27, 75509, 75509
20, 19750, 27, 75509, 75509
20, 19760, 27, 75509, 75509
20, 19770, 27, 75509, 75509
20, 19780, 27, 75509, 75509
20, 19790, 27, 75509, 75509
20, 19800, 27, 75509, 75509
20, 19810, 27, 75509, 75509
20, 19820, 27, 75509, 75509
20, 19830, 27, 75509, 75509
20, 19840, 27, 75509, 75509
20, 19850, 27, 75509, 75509
20, 19860, 27, 75433, 75433
20, 19870, 27, 75433, 75433
20, 19880, 27, 75433, 75433
20, 19890, 27, 75433, 75433
20, 19900, 27, 75433, 75433
20, 19910, 27, 75433, 75433
20, 19920, 27, 75133, 75215
20, 19930, 27, 75133, 75133
20, 19940, 27, 75133, 75133
20, 19950, 27, 75133, 75133
20, 19960, 27, 75133, 75133
20, 19970, 27, 75133, 75133
20, 19980, 27, 75133, 75133
20, 19990, 27, 75133, 75133
