Population Size, Generation Count, Repetition, Best Fitness, Median Fitness
50, 0, 25, 748385, 772220
50, 10, 25, 711805, 720503
50, 20, 25, 683972, 691146
50, 30, 25, 667512, 675469
50, 40, 25, 652915, 659202
50, 50, 25, 638507, 645055
50, 60, 25, 620802, 629348
50, 70, 25, 605205, 617551
50, 80, 25, 586013, 596782
50, 90, 25, 569233, 577884
50, 100, 25, 563336, 566381
50, 110, 25, 546784, 553063
50, 120, 25, 535702, 541908
50, 130, 25, 526777, 531128
50, 140, 25, 520741, 524177
50, 150, 25, 511550, 516547
50, 160, 25, 503246, 507525
50, 170, 25, 489682, 498416
50, 180, 25, 481245, 488266
50, 190, 25, 474939, 480341
50, 200, 25, 470827, 474891
50, 210, 25, 464111, 467730
50, 220, 25, 457075, 462720
50, 230, 25, 448997, 454025
50, 240, 25, 442883, 445739
50, 250, 25, 438577, 442915
50, 260, 25, 436503, 438924
50, 270, 25, 431435, 435329
50, 280, 25, 425299, 429612
50, 290, 25, 419267, 424673
50, 300, 25, 414456, 417351
50, 310, 25, 409549, 413443
50, 320, 25, 403070, 408388
50, 330, 25, 400531, 404636
50, 340, 25, 396342, 399147
50, 350, 25, 391531, 396342
50, 360, 25, 389079, 391395
50, 370, 25, 386788, 389772
50, 380, 25, 383759, 387078
50, 390, 25, 381041, 382854
50, 400, 25, 378413, 381997
50, 410, 25, 373407, 378732
50, 420, 25, 370495, 374083
50, 430, 25, 367981, 371280
50, 440, 25, 362998, 367215
50, 450, 25, 358782, 363149
50, 460, 25, 357319, 358984
50, 470, 25, 351707, 356019
50, 480, 25, 347271, 350198
50, 490, 25, 344191, 346890
50, 500, 25, 342824, 344585
50, 510, 25, 340721, 342636
50, 520, 25, 336583, 340397
50, 530, 25, 334495, 338042
50, 540, 25, 331789, 335600
50, 550, 25, 326813, 331970
50, 560, 25, 323925, 327349
50, 570, 25, 321765, 323766
50, 580, 25, 319027, 321114
50, 590, 25, 315159, 318730
50, 600, 25, 310236, 314887
50, 610, 25, 308531, 311385
50, 620, 25, 305710, 309627
50, 630, 25, 303312, 307589
50, 640, 25, 301813, 303337
50, 650, 25, 299381, 302743
50, 660, 25, 297997, 301568
50, 670, 25, 295387, 300063
50, 680, 25, 292888, 296700
50, 690, 25, 288451, 292590
50, 700, 25, 286854, 288464
50, 710, 25, 285234, 287765
50, 720, 25, 283479, 285578
50, 730, 25, 281450, 285757
50, 740, 25, 280671, 283177
50, 750, 25, 278656, 280671
50, 760, 25, 277275, 280891
50, 770, 25, 275817, 279648
50, 780, 25, 273806, 276380
50, 790, 25, 271850, 273608
50, 800, 25, 270151, 272832
50, 810, 25, 267316, 270634
50, 820, 25, 266601, 271227
50, 830, 25, 264854, 266664
50, 840, 25, 264280, 267435
50, 850, 25, 262337, 267510
50, 860, 25, 259870, 262441
50, 870, 25, 258415, 261382
50, 880, 25, 257041, 259565
50, 890, 25, 255732, 258948
50, 900, 25, 254456, 256424
50, 910, 25, 253523, 257075
50, 920, 25, 251609, 254347
50, 930, 25, 251200, 253786
50, 940, 25, 250290, 252958
50, 950, 25, 249257, 251018
50, 960, 25, 247372, 251500
50, 970, 25, 246516, 249180
50, 980, 25, 245034, 249773
50, 990, 25, 244244, 247843
50, 1000, 25, 243425, 246498
50, 1010, 25, 242483, 244884
50, 1020, 25, 241692, 244164
50, 1030, 25, 240170, 243289
50, 1040, 25, 239618, 241064
50, 1050, 25, 237710, 240882
50, 1060, 25, 236829, 239999
50, 1070, 25, 236102, 237414
50, 1080, 25, 234918, 236225
50, 1090, 25, 233655, 235407
50, 1100, 25, 233061, 234952
50, 1110, 25, 231463, 235550
50, 1120, 25, 229392, 231463
50, 1130, 25, 228490, 231203
50, 1140, 25, 226541, 228774
50, 1150, 25, 225686, 230335
50, 1160, 25, 223964, 226344
50, 1170, 25, 223455, 225934
50, 1180, 25, 222496, 225128
50, 1190, 25, 222250, 225407
50, 1200, 25, 221511, 223027
50, 1210, 25, 220585, 223049
50, 1220, 25, 219779, 222219
50, 1230, 25, 218060, 220663
50, 1240, 25, 215836, 219477
50, 1250, 25, 215219, 218316
50, 1260, 25, 214165, 218819
50, 1270, 25, 213428, 217026
50, 1280, 25, 212572, 216016
50, 1290, 25, 211832, 214578
50, 1300, 25, 210910, 213326
50, 1310, 25, 209244, 213223
50, 1320, 25, 208041, 210232
50, 1330, 25, 205365, 207625
50, 1340, 25, 204709, 208147
50, 1350, 25, 203523, 206458
50, 1360, 25, 202444, 205514
50, 1370, 25, 201325, 205206
50, 1380, 25, 200792, 203049
50, 1390, 25, 200392, 203122
50, 1400, 25, 199340, 203625
50, 1410, 25, 199134, 200282
50, 1420, 25, 198439, 201118
50, 1430, 25, 198264, 198883
50, 1440, 25, 197961, 200799
50, 1450, 25, 197287, 199468
50, 1460, 25, 196727, 200076
50, 1470, 25, 196014, 198185
50, 1480, 25, 195191, 197426
50, 1490, 25, 194329, 198246
50, 1500, 25, 193723, 197834
50, 1510, 25, 193522, 195295
50, 1520, 25, 192231, 194605
50, 1530, 25, 190773, 192911
50, 1540, 25, 190193, 192420
50, 1550, 25, 188612, 190162
50, 1560, 25, 188045, 191413
50, 1570, 25, 187242, 191028
50, 1580, 25, 186798, 189922
50, 1590, 25, 185613, 189858
50, 1600, 25, 185516, 188022
50, 1610, 25, 184973, 187850
50, 1620, 25, 184159, 187685
50, 1630, 25, 183723, 186600
50, 1640, 25, 182378, 184894
50, 1650, 25, 182324, 183898
50, 1660, 25, 181401, 184294
50, 1670, 25, 180717, 184035
50, 1680, 25, 180019, 183564
50, 1690, 25, 179755, 181698
50, 1700, 25, 179192, 179942
50, 1710, 25, 178752, 181149
50, 1720, 25, 178297, 180813
50, 1730, 25, 177870, 180470
50, 1740, 25, 177856, 180832
50, 1750, 25, 177314, 179586
50, 1760, 25, 177039, 179437
50, 1770, 25, 176642, 179192
50, 1780, 25, 175901, 178615
50, 1790, 25, 175541, 176535
50, 1800, 25, 174357, 177214
50, 1810, 25, 173466, 176668
50, 1820, 25, 173325, 176169
50, 1830, 25, 173099, 175417
50, 1840, 25, 172878, 175353
50, 1850, 25, 172503, 175879
50, 1860, 25, 171842, 173595
50, 1870, 25, 171257, 174481
50, 1880, 25, 170708, 173287
50, 1890, 25, 170118, 173559
50, 1900, 25, 169777, 171736
50, 1910, 25, 169023, 170168
50, 1920, 25, 169023, 172542
50, 1930, 25, 168687, 169614
50, 1940, 25, 167781, 168606
50, 1950, 25, 167556, 169303
50, 1960, 25, 166428, 168664
50, 1970, 25, 166209, 169995
50, 1980, 25, 163824, 168107
50, 1990, 25, 163022, 165433
50, 2000, 25, 162954, 165520
50, 2010, 25, 162697, 165476
50, 2020, 25, 161972, 164264
50, 2030, 25, 160965, 164656
50, 2040, 25, 160086, 163368
50, 2050, 25, 158589, 161457
50, 2060, 25, 158481, 160405
50, 2070, 25, 158192, 161446
50, 2080, 25, 157316, 159510
50, 2090, 25, 156895, 159352
50, 2100, 25, 156831, 160379
50, 2110, 25, 156568, 158357
50, 2120, 25, 156520, 160923
50, 2130, 25, 155818, 157699
50, 2140, 25, 155716, 157854
50, 2150, 25, 155073, 157300
50, 2160, 25, 154355, 159668
50, 2170, 25, 153912, 158035
50, 2180, 25, 153756, 155651
50, 2190, 25, 152872, 155787
50, 2200, 25, 152872, 154505
50, 2210, 25, 152860, 154820
50, 2220, 25, 152623, 155600
50, 2230, 25, 151993, 154914
50, 2240, 25, 151735, 154851
50, 2250, 25, 151436, 152278
50, 2260, 25, 151162, 152711
50, 2270, 25, 151066, 153621
50, 2280, 25, 150196, 150924
50, 2290, 25, 150196, 152215
50, 2300, 25, 149923, 153090
50, 2310, 25, 149618, 152670
50, 2320, 25, 149150, 150625
50, 2330, 25, 148207, 150740
50, 2340, 25, 147606, 148546
50, 2350, 25, 146687, 149283
50, 2360, 25, 146463, 148065
50, 2370, 25, 146004, 148219
50, 2380, 25, 145986, 148293
50, 2390, 25, 145748, 149269
50, 2400, 25, 144147, 148261
50, 2410, 25, 143872, 148111
50, 2420, 25, 143458, 146123
50, 2430, 25, 143025, 145955
50, 2440, 25, 142569, 144588
50, 2450, 25, 142564, 144503
50, 2460, 25, 142262, 145127
50, 2470, 25, 142202, 144543
50, 2480, 25, 142202, 146669
50, 2490, 25, 141867, 145286
50, 2500, 25, 140955, 143415
50, 2510, 25, 140233, 143424
50, 2520, 25, 140175, 142251
50, 2530, 25, 139603, 142400
50, 2540, 25, 138344, 139384
50, 2550, 25, 138095, 140047
50, 2560, 25, 138095, 140270
50, 2570, 25, 137181, 138807
50, 2580, 25, 137181, 138859
50, 2590, 25, 136682, 139483
50, 2600, 25, 136597, 139320
50, 2610, 25, 136507, 137296
50, 2620, 25, 136477, 138671
50, 2630, 25, 136011, 138850
50, 2640, 25, 135559, 138013
50, 2650, 25, 134865, 139288
50, 2660, 25, 134597, 135983
50, 2670, 25, 134097, 136375
50, 2680, 25, 133814, 134450
50, 2690, 25, 133789, 135732
50, 2700, 25, 133523, 133883
50, 2710, 25, 133194, 135200
50, 2720, 25, 132913, 135527
50, 2730, 25, 132307, 134830
50, 2740, 25, 132041, 135493
50, 2750, 25, 131663, 134831
50, 2760, 25, 131592, 132769
50, 2770, 25, 131291, 132196
50, 2780, 25, 130750, 131291
50, 2790, 25, 130578, 132939
50, 2800, 25, 129885, 132731
50, 2810, 25, 129227, 130883
50, 2820, 25, 129074, 130894
50, 2830, 25, 128792, 130544
50, 2840, 25, 128792, 129570
50, 2850, 25, 128524, 128792
50, 2860, 25, 128339, 129495
50, 2870, 25, 128065, 132330
50, 2880, 25, 127874, 130415
50, 2890, 25, 127798, 129729
50, 2900, 25, 127302, 130035
50, 2910, 25, 127004, 130877
50, 2920, 25, 126316, 127868
50, 2930, 25, 126258, 128447
50, 2940, 25, 126048, 128928
50, 2950, 25, 125943, 126310
50, 2960, 25, 125232, 126601
50, 2970, 25, 125068, 128683
50, 2980, 25, 125068, 126990
50, 2990, 25, 125068, 126697
50, 3000, 25, 124855, 126496
50, 3010, 25, 124741, 127767
50, 3020, 25, 124741, 127200
50, 3030, 25, 124667, 126519
50, 3040, 25, 124667, 125939
50, 3050, 25, 124650, 127984
50, 3060, 25, 124485, 128400
50, 3070, 25, 123618, 124718
50, 3080, 25, 123480, 127612
50, 3090, 25, 123444, 125576
50, 3100, 25, 123367, 125480
50, 3110, 25, 123280, 125883
50, 3120, 25, 123148, 125209
50, 3130, 25, 122722, 125176
50, 3140, 25, 122479, 125050
50, 3150, 25, 122314, 125421
50, 3160, 25, 121916, 122314
50, 3170, 25, 121916, 123394
50, 3180, 25, 121916, 125218
50, 3190, 25, 121700, 123551
50, 3200, 25, 121616, 124590
50, 3210, 25, 121384, 121616
50, 3220, 25, 121058, 121724
50, 3230, 25, 120891, 123877
50, 3240, 25, 120754, 122944
50, 3250, 25, 120754, 123161
50, 3260, 25, 120347, 120920
50, 3270, 25, 120229, 122274
50, 3280, 25, 119842, 121287
50, 3290, 25, 119628, 122235
50, 3300, 25, 119413, 120131
50, 3310, 25, 119163, 119936
50, 3320, 25, 118836, 121750
50, 3330, 25, 118836, 119940
50, 3340, 25, 118753, 122429
50, 3350, 25, 118645, 121202
50, 3360, 25, 118467, 120993
50, 3370, 25, 118145, 119856
50, 3380, 25, 118082, 120498
50, 3390, 25, 118082, 118082
50, 3400, 25, 117626, 119194
50, 3410, 25, 117626, 119409
50, 3420, 25, 117222, 117315
50, 3430, 25, 117098, 119779
50, 3440, 25, 116638, 119263
50, 3450, 25, 116574, 119894
50, 3460, 25, 116574, 120456
50, 3470, 25, 115863, 119562
50, 3480, 25, 115863, 117394
50, 3490, 25, 115415, 118777
50, 3500, 25, 115415, 115454
50, 3510, 25, 114944, 117439
50, 3520, 25, 114764, 116882
50, 3530, 25, 114754, 119228
50, 3540, 25, 114379, 116451
50, 3550, 25, 114287, 116232
50, 3560, 25, 114122, 116297
50, 3570, 25, 114122, 116309
50, 3580, 25, 113973, 116050
50, 3590, 25, 113973, 114801
50, 3600, 25, 113312, 116050
50, 3610, 25, 113004, 115262
50, 3620, 25, 112944, 114404
50, 3630, 25, 112944, 114986
50, 3640, 25, 112840, 114882
50, 3650, 25, 112840, 112840
50, 3660, 25, 111754, 112976
50, 3670, 25, 111694, 113903
50, 3680, 25, 111615, 113480
50, 3690, 25, 111397, 115101
50, 3700, 25, 111345, 112886
50, 3710, 25, 111319, 113027
50, 3720, 25, 111220, 112763
50, 3730, 25, 111220, 111794
50, 3740, 25, 111069, 113995
50, 3750, 25, 110952, 113710
50, 3760, 25, 110851, 114541
50, 3770, 25, 110729, 113551
50, 3780, 25, 110654, 113699
50, 3790, 25, 110479, 112230
50, 3800, 25, 110299, 112917
50, 3810, 25, 110216, 113277
50, 3820, 25, 110074, 113734
50, 3830, 25, 109950, 112552
50, 3840, 25, 109950, 112853
50, 3850, 25, 109950, 111104
50, 3860, 25, 109750, 111490
50, 3870, 25, 109037, 110209
50, 3880, 25, 108931, 111544
50, 3890, 25, 108743, 109809
50, 3900, 25, 108446, 110534
50, 3910, 25, 108387, 111228
50, 3920, 25, 108387, 110202
50, 3930, 25, 108149, 109942
50, 3940, 25, 108149, 110972
50, 3950, 25, 108149, 111905
50, 3960, 25, 108108, 112288
50, 3970, 25, 108071, 110479
50, 3980, 25, 108071, 108071
50, 3990, 25, 107892, 110346
50, 4000, 25, 107631, 110212
50, 4010, 25, 107326, 108823
50, 4020, 25, 107326, 108791
50, 4030, 25, 107302, 109586
50, 4040, 25, 107278, 109121
50, 4050, 25, 107273, 107832
50, 4060, 25, 107215, 110072
50, 4070, 25, 107147, 110315
50, 4080, 25, 107147, 108339
50, 4090, 25, 107147, 110179
50, 4100, 25, 107063, 107147
50, 4110, 25, 106554, 107671
50, 4120, 25, 106417, 109238
50, 4130, 25, 106417, 107430
50, 4140, 25, 106203, 110492
50, 4150, 25, 106047, 106585
50, 4160, 25, 105875, 108097
50, 4170, 25, 105830, 108797
50, 4180, 25, 105677, 106161
50, 4190, 25, 105506, 108273
50, 4200, 25, 105474, 109573
50, 4210, 25, 105141, 105672
50, 4220, 25, 104892, 107318
50, 4230, 25, 104642, 106602
50, 4240, 25, 104642, 104642
50, 4250, 25, 104468, 106626
50, 4260, 25, 104321, 104468
50, 4270, 25, 103955, 104676
50, 4280, 25, 103955, 104874
50, 4290, 25, 103777, 105050
50, 4300, 25, 103738, 105896
50, 4310, 25, 103171, 105570
50, 4320, 25, 103171, 105046
50, 4330, 25, 103014, 105228
50, 4340, 25, 102951, 105225
50, 4350, 25, 102783, 104252
50, 4360, 25, 102783, 104832
50, 4370, 25, 102783, 104255
50, 4380, 25, 102523, 105884
50, 4390, 25, 102186, 104534
50, 4400, 25, 102186, 105484
50, 4410, 25, 101946, 103986
50, 4420, 25, 101889, 103952
50, 4430, 25, 101889, 104241
50, 4440, 25, 101799, 103582
50, 4450, 25, 101799, 105722
50, 4460, 25, 101483, 105534
50, 4470, 25, 101483, 103050
50, 4480, 25, 101283, 101547
50, 4490, 25, 101283, 102231
50, 4500, 25, 101154, 101732
50, 4510, 25, 101154, 102876
50, 4520, 25, 101150, 104038
50, 4530, 25, 101084, 103556
50, 4540, 25, 101084, 102862
50, 4550, 25, 101084, 101241
50, 4560, 25, 100947, 103123
50, 4570, 25, 100786, 103071
50, 4580, 25, 100698, 103269
50, 4590, 25, 100698, 103407
50, 4600, 25, 100698, 101672
50, 4610, 25, 100698, 103740
50, 4620, 25, 100687, 102242
50, 4630, 25, 100630, 103594
50, 4640, 25, 100612, 102060
50, 4650, 25, 100269, 103142
50, 4660, 25, 99776, 101025
50, 4670, 25, 99776, 101916
50, 4680, 25, 99776, 101273
50, 4690, 25, 99776, 99776
50, 4700, 25, 99776, 101551
50, 4710, 25, 99571, 100480
50, 4720, 25, 99571, 102559
50, 4730, 25, 99544, 101536
50, 4740, 25, 99496, 102870
50, 4750, 25, 99482, 100656
50, 4760, 25, 98890, 99223
50, 4770, 25, 98779, 100924
50, 4780, 25, 98779, 100544
50, 4790, 25, 98271, 101370
50, 4800, 25, 98141, 98988
50, 4810, 25, 98141, 100304
50, 4820, 25, 98141, 98141
50, 4830, 25, 97473, 99109
50, 4840, 25, 97456, 97994
50, 4850, 25, 97456, 97473
50, 4860, 25, 97456, 99769
50, 4870, 25, 97450, 100122
50, 4880, 25, 97394, 100320
50, 4890, 25, 97163, 98344
50, 4900, 25, 96759, 97873
50, 4910, 25, 96759, 97692
50, 4920, 25, 96759, 99028
50, 4930, 25, 96759, 96759
50, 4940, 25, 96759, 99282
50, 4950, 25, 96700, 96759
50, 4960, 25, 96700, 99321
50, 4970, 25, 96603, 98622
50, 4980, 25, 96442, 97403
50, 4990, 25, 96418, 98164
50, 5000, 25, 96145, 97297
50, 5010, 25, 96145, 98569
50, 5020, 25, 96145, 98253
50, 5030, 25, 95771, 95915
50, 5040, 25, 95771, 97517
50, 5050, 25, 95476, 97623
50, 5060, 25, 95411, 96543
50, 5070, 25, 95293, 97370
50, 5080, 25, 94884, 96769
50, 5090, 25, 94884, 97513
50, 5100, 25, 94884, 97725
50, 5110, 25, 94767, 97478
50, 5120, 25, 94767, 97162
50, 5130, 25, 94767, 95529
50, 5140, 25, 94767, 96888
50, 5150, 25, 94767, 95549
50, 5160, 25, 94683, 94767
50, 5170, 25, 94683, 94683
50, 5180, 25, 94622, 96891
50, 5190, 25, 94416, 94668
50, 5200, 25, 94416, 95708
50, 5210, 25, 94350, 96711
50, 5220, 25, 94185, 96163
50, 5230, 25, 94185, 97805
50, 5240, 25, 93815, 94022
50, 5250, 25, 93665, 95943
50, 5260, 25, 93309, 94745
50, 5270, 25, 93284, 95048
50, 5280, 25, 93284, 95093
50, 5290, 25, 93150, 95357
50, 5300, 25, 93091, 94435
50, 5310, 25, 92891, 93621
50, 5320, 25, 92799, 95196
50, 5330, 25, 92799, 94245
50, 5340, 25, 92799, 95048
50, 5350, 25, 92763, 94151
50, 5360, 25, 92693, 94861
50, 5370, 25, 92635, 94614
50, 5380, 25, 92517, 93394
50, 5390, 25, 92517, 93337
50, 5400, 25, 92100, 94534
50, 5410, 25, 92100, 92616
50, 5420, 25, 91968, 93896
50, 5430, 25, 91968, 94062
50, 5440, 25, 91968, 91968
50, 5450, 25, 91844, 93236
50, 5460, 25, 91302, 93398
50, 5470, 25, 91302, 93550
50, 5480, 25, 91302, 92986
50, 5490, 25, 91302, 94033
50, 5500, 25, 91302, 92316
50, 5510, 25, 91302, 93951
50, 5520, 25, 91302, 92778
50, 5530, 25, 91108, 93452
50, 5540, 25, 90269, 93221
50, 5550, 25, 90016, 92162
50, 5560, 25, 89982, 91294
50, 5570, 25, 89753, 92298
50, 5580, 25, 89664, 90970
50, 5590, 25, 89505, 91704
50, 5600, 25, 89387, 90742
50, 5610, 25, 89387, 92184
50, 5620, 25, 89285, 91110
50, 5630, 25, 89103, 89103
50, 5640, 25, 89077, 90558
50, 5650, 25, 88362, 90740
50, 5660, 25, 88228, 91610
50, 5670, 25, 88228, 88640
50, 5680, 25, 88228, 89993
50, 5690, 25, 88198, 90019
50, 5700, 25, 88162, 89321
50, 5710, 25, 88103, 89183
50, 5720, 25, 87929, 89493
50, 5730, 25, 87860, 89271
50, 5740, 25, 87816, 87816
50, 5750, 25, 87816, 88910
50, 5760, 25, 87816, 88672
50, 5770, 25, 87557, 90427
50, 5780, 25, 87446, 87907
50, 5790, 25, 87395, 88696
50, 5800, 25, 87382, 89445
50, 5810, 25, 87382, 87395
50, 5820, 25, 87321, 89510
50, 5830, 25, 87266, 87321
50, 5840, 25, 86932, 88334
50, 5850, 25, 86898, 86932
50, 5860, 25, 86898, 89568
50, 5870, 25, 86785, 87877
50, 5880, 25, 86724, 88497
50, 5890, 25, 86699, 89085
50, 5900, 25, 86636, 86699
50, 5910, 25, 86636, 87135
50, 5920, 25, 86636, 87906
50, 5930, 25, 86252, 89182
50, 5940, 25, 86252, 86252
50, 5950, 25, 86252, 90445
50, 5960, 25, 86252, 88349
50, 5970, 25, 86252, 86252
50, 5980, 25, 86252, 88630
50, 5990, 25, 86210, 86252
50, 6000, 25, 86210, 86228
50, 6010, 25, 85627, 88619
50, 6020, 25, 85627, 86728
50, 6030, 25, 85627, 86833
50, 6040, 25, 85627, 87302
50, 6050, 25, 85627, 85627
50, 6060, 25, 85627, 85627
50, 6070, 25, 85627, 86862
50, 6080, 25, 85627, 85627
50, 6090, 25, 85627, 87680
50, 6100, 25, 85627, 88608
50, 6110, 25, 85627, 88714
50, 6120, 25, 85343, 86727
50, 6130, 25, 85343, 85343
50, 6140, 25, 85343, 85343
50, 6150, 25, 85260, 86895
50, 6160, 25, 85176, 88683
50, 6170, 25, 84991, 86313
50, 6180, 25, 84991, 87489
50, 6190, 25, 84991, 84991
50, 6200, 25, 84767, 84899
50, 6210, 25, 84767, 87337
50, 6220, 25, 84711, 89178
50, 6230, 25, 84628, 86366
50, 6240, 25, 84628, 85652
50, 6250, 25, 84628, 88093
50, 6260, 25, 84628, 85774
50, 6270, 25, 84356, 86914
50, 6280, 25, 84239, 87839
50, 6290, 25, 84239, 84239
50, 6300, 25, 84239, 86003
50, 6310, 25, 84239, 84605
50, 6320, 25, 84239, 86189
50, 6330, 25, 84203, 86521
50, 6340, 25, 84132, 85095
50, 6350, 25, 83990, 84132
50, 6360, 25, 83990, 84671
50, 6370, 25, 83821, 83990
50, 6380, 25, 83658, 85590
50, 6390, 25, 83658, 84121
50, 6400, 25, 83566, 83658
50, 6410, 25, 83566, 83566
50, 6420, 25, 83527, 85948
50, 6430, 25, 83527, 83527
50, 6440, 25, 83527, 85330
50, 6450, 25, 83527, 86477
50, 6460, 25, 83527, 83527
50, 6470, 25, 83383, 83527
50, 6480, 25, 83348, 84794
50, 6490, 25, 83348, 83348
50, 6500, 25, 83348, 84112
50, 6510, 25, 83348, 85129
50, 6520, 25, 83058, 85263
50, 6530, 25, 83058, 83058
50, 6540, 25, 83058, 84847
50, 6550, 25, 83051, 86229
50, 6560, 25, 83051, 83051
50, 6570, 25, 83030, 83977
50, 6580, 25, 83030, 86214
50, 6590, 25, 83030, 85948
50, 6600, 25, 83030, 85925
50, 6610, 25, 83030, 85386
50, 6620, 25, 83030, 85787
50, 6630, 25, 83022, 85708
50, 6640, 25, 83022, 85342
50, 6650, 25, 83022, 83022
50, 6660, 25, 83022, 83145
50, 6670, 25, 82939, 83311
50, 6680, 25, 82939, 84151
50, 6690, 25, 82828, 85064
50, 6700, 25, 82807, 84679
50, 6710, 25, 82807, 84707
50, 6720, 25, 82690, 85716
50, 6730, 25, 82690, 84362
50, 6740, 25, 82490, 85027
50, 6750, 25, 82468, 82490
50, 6760, 25, 82468, 84436
50, 6770, 25, 82360, 85618
50, 6780, 25, 82078, 83624
50, 6790, 25, 82078, 82078
50, 6800, 25, 82019, 83584
50, 6810, 25, 82019, 84518
50, 6820, 25, 81786, 82985
50, 6830, 25, 81786, 82864
50, 6840, 25, 81753, 83329
50, 6850, 25, 81636, 81753
50, 6860, 25, 81636, 83098
50, 6870, 25, 81636, 81636
50, 6880, 25, 81287, 83533
50, 6890, 25, 81287, 82163
50, 6900, 25, 81233, 81783
50, 6910, 25, 81233, 83106
50, 6920, 25, 81233, 83574
50, 6930, 25, 81217, 83692
50, 6940, 25, 81165, 82296
50, 6950, 25, 81165, 82501
50, 6960, 25, 81165, 81165
50, 6970, 25, 81165, 81165
50, 6980, 25, 81165, 84890
50, 6990, 25, 81165, 82802
50, 7000, 25, 81000, 81165
50, 7010, 25, 81000, 82635
50, 7020, 25, 81000, 82263
50, 7030, 25, 81000, 82675
50, 7040, 25, 81000, 81000
50, 7050, 25, 81000, 81000
50, 7060, 25, 80944, 82548
50, 7070, 25, 80856, 80944
50, 7080, 25, 80791, 83281
50, 7090, 25, 80685, 82818
50, 7100, 25, 80685, 80685
50, 7110, 25, 80685, 83093
50, 7120, 25, 80685, 82742
50, 7130, 25, 80561, 82586
50, 7140, 25, 80489, 80943
50, 7150, 25, 80489, 82126
50, 7160, 25, 80489, 80656
50, 7170, 25, 80489, 80489
50, 7180, 25, 80352, 80352
50, 7190, 25, 80194, 80194
50, 7200, 25, 80194, 81755
50, 7210, 25, 80194, 80194
50, 7220, 25, 79969, 82188
50, 7230, 25, 79969, 79969
50, 7240, 25, 79969, 81658
50, 7250, 25, 79969, 82010
50, 7260, 25, 79894, 81166
50, 7270, 25, 79894, 81097
50, 7280, 25, 79894, 81572
50, 7290, 25, 79346, 79700
50, 7300, 25, 79287, 80938
50, 7310, 25, 79287, 79287
50, 7320, 25, 79130, 81444
50, 7330, 25, 79130, 81073
50, 7340, 25, 79130, 79570
50, 7350, 25, 79130, 82257
50, 7360, 25, 79054, 79130
50, 7370, 25, 78987, 79054
50, 7380, 25, 78737, 78987
50, 7390, 25, 78669, 78728
50, 7400, 25, 78669, 80163
50, 7410, 25, 78492, 79354
50, 7420, 25, 78396, 78492
50, 7430, 25, 78396, 78396
50, 7440, 25, 78396, 78396
50, 7450, 25, 78396, 79372
50, 7460, 25, 78254, 81632
50, 7470, 25, 78194, 78254
50, 7480, 25, 78116, 80264
50, 7490, 25, 78116, 78116
50, 7500, 25, 78116, 79716
50, 7510, 25, 78116, 80061
50, 7520, 25, 78058, 78116
50, 7530, 25, 78058, 78457
50, 7540, 25, 77934, 79728
50, 7550, 25, 77751, 77934
50, 7560, 25, 77498, 79839
50, 7570, 25, 77498, 79260
50, 7580, 25, 77498, 78914
50, 7590, 25, 77498, 77815
50, 7600, 25, 77498, 77667
50, 7610, 25, 77498, 79760
50, 7620, 25, 77498, 77875
50, 7630, 25, 77498, 79167
50, 7640, 25, 77251, 79623
50, 7650, 25, 77190, 77251
50, 7660, 25, 77190, 77190
50, 7670, 25, 76967, 77050
50, 7680, 25, 76844, 78047
50, 7690, 25, 76844, 77669
50, 7700, 25, 76844, 79711
50, 7710, 25, 76749, 78990
50, 7720, 25, 76749, 77343
50, 7730, 25, 76749, 77867
50, 7740, 25, 76749, 78832
50, 7750, 25, 76749, 76749
50, 7760, 25, 76666, 77682
50, 7770, 25, 76526, 76666
50, 7780, 25, 76510, 76526
50, 7790, 25, 76510, 76510
50, 7800, 25, 76510, 78681
50, 7810, 25, 76510, 77410
50, 7820, 25, 76433, 76510
50, 7830, 25, 76433, 78099
50, 7840, 25, 76433, 76433
50, 7850, 25, 76433, 76725
50, 7860, 25, 76433, 78989
50, 7870, 25, 76433, 77947
50, 7880, 25, 76365, 76433
50, 7890, 25, 76365, 76365
50, 7900, 25, 76301, 78530
50, 7910, 25, 76269, 76301
50, 7920, 25, 76169, 77152
50, 7930, 25, 76169, 77178
50, 7940, 25, 76169, 76169
50, 7950, 25, 75971, 76805
50, 7960, 25, 75971, 75971
50, 7970, 25, 75971, 77999
50, 7980, 25, 75971, 77344
50, 7990, 25, 75808, 78041
50, 8000, 25, 75808, 76146
50, 8010, 25, 75808, 76901
50, 8020, 25, 75767, 75808
50, 8030, 25, 75767, 76945
50, 8040, 25, 75767, 77620
50, 8050, 25, 75712, 77227
50, 8060, 25, 75712, 76657
50, 8070, 25, 75712, 76089
50, 8080, 25, 75712, 75952
50, 8090, 25, 75712, 78154
50, 8100, 25, 75712, 77378
50, 8110, 25, 75656, 76983
50, 8120, 25, 75491, 75656
50, 8130, 25, 75491, 75491
50, 8140, 25, 75326, 75785
50, 8150, 25, 75326, 76309
50, 8160, 25, 75326, 75485
50, 8170, 25, 75244, 76198
50, 8180, 25, 75244, 77195
50, 8190, 25, 75160, 75244
50, 8200, 25, 75160, 75655
50, 8210, 25, 75160, 75681
50, 8220, 25, 75160, 75160
50, 8230, 25, 75160, 75160
50, 8240, 25, 75160, 76027
50, 8250, 25, 75160, 77126
50, 8260, 25, 75160, 76771
50, 8270, 25, 75127, 75855
50, 8280, 25, 75127, 77121
50, 8290, 25, 75127, 75127
50, 8300, 25, 75127, 76787
50, 8310, 25, 75127, 79278
50, 8320, 25, 75127, 77102
50, 8330, 25, 75127, 76099
50, 8340, 25, 75127, 75127
50, 8350, 25, 75127, 75759
50, 8360, 25, 75100, 75127
50, 8370, 25, 75100, 75100
50, 8380, 25, 75100, 75100
50, 8390, 25, 75042, 76796
50, 8400, 25, 75042, 75042
50, 8410, 25, 75042, 75042
50, 8420, 25, 75042, 77063
50, 8430, 25, 75042, 77507
50, 8440, 25, 75042, 75042
50, 8450, 25, 74842, 74842
50, 8460, 25, 74842, 76776
50, 8470, 25, 74842, 74842
50, 8480, 25, 74842, 74842
50, 8490, 25, 74842, 77630
50, 8500, 25, 74786, 77132
50, 8510, 25, 74786, 76095
50, 8520, 25, 74739, 75739
50, 8530, 25, 74739, 77088
50, 8540, 25, 74739, 76065
50, 8550, 25, 74650, 74650
50, 8560, 25, 74101, 74101
50, 8570, 25, 74101, 74101
50, 8580, 25, 73994, 73994
50, 8590, 25, 73847, 73906
50, 8600, 25, 73819, 73847
50, 8610, 25, 73819, 75467
50, 8620, 25, 73786, 73819
50, 8630, 25, 73709, 76561
50, 8640, 25, 73709, 73709
50, 8650, 25, 73709, 73709
50, 8660, 25, 73568, 73709
50, 8670, 25, 73568, 75053
50, 8680, 25, 73475, 73568
50, 8690, 25, 73475, 73936
50, 8700, 25, 73475, 73475
50, 8710, 25, 73214, 73214
50, 8720, 25, 73195, 73214
50, 8730, 25, 73195, 73995
50, 8740, 25, 73195, 74902
50, 8750, 25, 73191, 74639
50, 8760, 25, 73191, 75144
50, 8770, 25, 73191, 73191
50, 8780, 25, 73191, 74223
50, 8790, 25, 72616, 73895
50, 8800, 25, 72616, 72616
50, 8810, 25, 72604, 73172
50, 8820, 25, 72604, 72604
50, 8830, 25, 72577, 72604
50, 8840, 25, 72515, 72948
50, 8850, 25, 72515, 72515
50, 8860, 25, 72515, 72515
50, 8870, 25, 72315, 72756
50, 8880, 25, 72169, 72896
50, 8890, 25, 72153, 72191
50, 8900, 25, 72153, 72153
50, 8910, 25, 72153, 73824
50, 8920, 25, 72153, 72153
50, 8930, 25, 72153, 74213
50, 8940, 25, 72153, 74726
50, 8950, 25, 72153, 72153
50, 8960, 25, 72153, 72153
50, 8970, 25, 72153, 72895
50, 8980, 25, 72153, 72288
50, 8990, 25, 72114, 73793
50, 9000, 25, 71906, 72153
50, 9010, 25, 71906, 73684
50, 9020, 25, 71906, 72356
50, 9030, 25, 71670, 73511
50, 9040, 25, 71552, 71670
50, 9050, 25, 71552, 74641
50, 9060, 25, 71552, 71552
50, 9070, 25, 71552, 71552
50, 9080, 25, 71552, 71552
50, 9090, 25, 71352, 71552
50, 9100, 25, 71311, 71352
50, 9110, 25, 71311, 71311
50, 9120, 25, 71311, 71467
50, 9130, 25, 71311, 71590
50, 9140, 25, 71311, 71934
50, 9150, 25, 71311, 72410
50, 9160, 25, 71311, 72841
50, 9170, 25, 71311, 71311
50, 9180, 25, 71062, 71311
50, 9190, 25, 71062, 71062
50, 9200, 25, 71062, 71757
50, 9210, 25, 71062, 73002
50, 9220, 25, 71062, 71062
50, 9230, 25, 71062, 72724
50, 9240, 25, 71062, 71062
50, 9250, 25, 71062, 71062
50, 9260, 25, 71062, 71432
50, 9270, 25, 71062, 71062
50, 9280, 25, 71062, 71062
50, 9290, 25, 71062, 71062
50, 9300, 25, 71062, 72027
50, 9310, 25, 71062, 71062
50, 9320, 25, 71062, 71062
50, 9330, 25, 70969, 71670
50, 9340, 25, 70969, 70969
50, 9350, 25, 70727, 73633
50, 9360, 25, 70645, 73549
50, 9370, 25, 70645, 72871
50, 9380, 25, 70596, 70928
50, 9390, 25, 70596, 70596
50, 9400, 25, 70596, 70596
50, 9410, 25, 70596, 70863
50, 9420, 25, 70596, 70596
50, 9430, 25, 70596, 70596
50, 9440, 25, 70596, 70596
50, 9450, 25, 70596, 70596
50, 9460, 25, 70533, 71810
50, 9470, 25, 70533, 70533
50, 9480, 25, 70533, 70533
50, 9490, 25, 70533, 70533
50, 9500, 25, 70474, 70474
50, 9510, 25, 70474, 70474
50, 9520, 25, 70473, 71702
50, 9530, 25, 70426, 70426
50, 9540, 25, 70426, 70432
50, 9550, 25, 70426, 70426
50, 9560, 25, 70426, 70793
50, 9570, 25, 70426, 70426
50, 9580, 25, 70426, 70426
50, 9590, 25, 70426, 72532
50, 9600, 25, 70426, 70426
50, 9610, 25, 70426, 70426
50, 9620, 25, 70426, 70426
50, 9630, 25, 70408, 70408
50, 9640, 25, 70408, 70663
50, 9650, 25, 70408, 70408
50, 9660, 25, 70408, 70669
50, 9670, 25, 70408, 70408
50, 9680, 25, 70408, 70408
50, 9690, 25, 70408, 70408
50, 9700, 25, 70408, 70408
50, 9710, 25, 70408, 70408
50, 9720, 25, 70408, 70408
50, 9730, 25, 70408, 70408
50, 9740, 25, 70219, 70408
50, 9750, 25, 70219, 70219
50, 9760, 25, 70219, 70219
50, 9770, 25, 70219, 70219
50, 9780, 25, 70219, 71884
50, 9790, 25, 70093, 70135
50, 9800, 25, 70093, 70093
50, 9810, 25, 70093, 70093
50, 9820, 25, 70093, 70093
50, 9830, 25, 70047, 70093
50, 9840, 25, 69972, 70047
50, 9850, 25, 69972, 69972
50, 9860, 25, 69972, 69972
50, 9870, 25, 69972, 71587
50, 9880, 25, 69972, 69972
50, 9890, 25, 69878, 71838
50, 9900, 25, 69826, 69878
50, 9910, 25, 69826, 69826
50, 9920, 25, 69620, 69826
50, 9930, 25, 69620, 69620
50, 9940, 25, 69620, 69620
50, 9950, 25, 69420, 69554
50, 9960, 25, 69361, 69420
50, 9970, 25, 69283, 69361
50, 9980, 25, 69283, 69283
50, 9990, 25, 69283, 70367
50, 10000, 25, 69283, 69283
50, 10010, 25, 69283, 69283
50, 10020, 25, 69283, 69283
50, 10030, 25, 69283, 69283
50, 10040, 25, 69283, 69782
50, 10050, 25, 69228, 69283
50, 10060, 25, 69167, 69726
50, 10070, 25, 69167, 69167
50, 10080, 25, 69132, 69167
50, 10090, 25, 69132, 69132
50, 10100, 25, 69132, 69132
50, 10110, 25, 69132, 70677
50, 10120, 25, 69132, 69132
50, 10130, 25, 69132, 69782
50, 10140, 25, 69132, 69132
50, 10150, 25, 69132, 69132
50, 10160, 25, 69132, 69132
50, 10170, 25, 69132, 69132
50, 10180, 25, 69132, 69132
50, 10190, 25, 69132, 69132
50, 10200, 25, 69132, 69132
50, 10210, 25, 69132, 69132
50, 10220, 25, 69132, 69132
50, 10230, 25, 69132, 69132
50, 10240, 25, 69070, 69132
50, 10250, 25, 69044, 69059
50, 10260, 25, 69044, 70422
50, 10270, 25, 68920, 69044
50, 10280, 25, 68920, 68920
50, 10290, 25, 68920, 69544
50, 10300, 25, 68920, 68920
50, 10310, 25, 68920, 68920
50, 10320, 25, 68920, 68920
50, 10330, 25, 68920, 69592
50, 10340, 25, 68920, 68920
50, 10350, 25, 68731, 68920
50, 10360, 25, 68731, 68731
50, 10370, 25, 68731, 68731
50, 10380, 25, 68731, 68731
50, 10390, 25, 68731, 68731
50, 10400, 25, 68731, 71014
50, 10410, 25, 68731, 69576
50, 10420, 25, 68596, 68596
50, 10430, 25, 68596, 68979
50, 10440, 25, 68596, 69613
50, 10450, 25, 68596, 68596
50, 10460, 25, 68596, 68596
50, 10470, 25, 68596, 68596
50, 10480, 25, 68479, 68596
50, 10490, 25, 68479, 68479
50, 10500, 25, 68479, 68479
50, 10510, 25, 68479, 68479
50, 10520, 25, 68479, 70464
50, 10530, 25, 68479, 68479
50, 10540, 25, 68479, 68479
50, 10550, 25, 68479, 68479
50, 10560, 25, 68479, 68479
50, 10570, 25, 68479, 68662
50, 10580, 25, 68479, 68479
50, 10590, 25, 68479, 68479
50, 10600, 25, 68304, 68479
50, 10610, 25, 68253, 68253
50, 10620, 25, 68253, 68253
50, 10630, 25, 68253, 69041
50, 10640, 25, 68253, 68253
50, 10650, 25, 68253, 68253
50, 10660, 25, 68253, 68253
50, 10670, 25, 68253, 68253
50, 10680, 25, 68137, 68137
50, 10690, 25, 68137, 68137
50, 10700, 25, 68137, 69227
50, 10710, 25, 68130, 68137
50, 10720, 25, 68130, 68454
50, 10730, 25, 68130, 69456
50, 10740, 25, 67939, 68130
50, 10750, 25, 67939, 67939
50, 10760, 25, 67937, 68903
50, 10770, 25, 67937, 67937
50, 10780, 25, 67854, 67937
50, 10790, 25, 67854, 67854
50, 10800, 25, 67854, 69860
50, 10810, 25, 67854, 67854
50, 10820, 25, 67854, 68771
50, 10830, 25, 67854, 67854
50, 10840, 25, 67854, 68842
50, 10850, 25, 67854, 67854
50, 10860, 25, 67854, 67854
50, 10870, 25, 67854, 67854
50, 10880, 25, 67854, 67854
50, 10890, 25, 67854, 67854
50, 10900, 25, 67854, 69477
50, 10910, 25, 67776, 67854
50, 10920, 25, 67776, 67776
50, 10930, 25, 67776, 67776
50, 10940, 25, 67776, 67776
50, 10950, 25, 67776, 69350
50, 10960, 25, 67776, 69106
50, 10970, 25, 67776, 68411
50, 10980, 25, 67776, 68327
50, 10990, 25, 67776, 67776
50, 11000, 25, 67776, 67776
50, 11010, 25, 67776, 67776
50, 11020, 25, 67776, 67776
50, 11030, 25, 67776, 67776
50, 11040, 25, 67776, 67776
50, 11050, 25, 67776, 67776
50, 11060, 25, 67776, 67776
50, 11070, 25, 67681, 68918
50, 11080, 25, 67681, 68880
50, 11090, 25, 67681, 68338
50, 11100, 25, 67681, 69246
50, 11110, 25, 67681, 67681
50, 11120, 25, 67681, 67681
50, 11130, 25, 67681, 67681
50, 11140, 25, 67681, 67681
50, 11150, 25, 67623, 67623
50, 11160, 25, 67623, 67623
50, 11170, 25, 67623, 67623
50, 11180, 25, 67623, 67623
50, 11190, 25, 67623, 67623
50, 11200, 25, 67623, 67623
50, 11210, 25, 67623, 68759
50, 11220, 25, 67623, 67623
50, 11230, 25, 67623, 68526
50, 11240, 25, 67623, 68283
50, 11250, 25, 67623, 67623
50, 11260, 25, 67623, 67623
50, 11270, 25, 67623, 67623
50, 11280, 25, 67564, 67623
50, 11290, 25, 67564, 67564
50, 11300, 25, 67564, 67564
50, 11310, 25, 67564, 67564
50, 11320, 25, 67564, 67564
50, 11330, 25, 67564, 67839
50, 11340, 25, 67418, 67418
50, 11350, 25, 67418, 67418
50, 11360, 25, 67418, 67618
50, 11370, 25, 67418, 67418
50, 11380, 25, 67418, 67418
50, 11390, 25, 67418, 67418
50, 11400, 25, 67418, 69888
50, 11410, 25, 67418, 69143
50, 11420, 25, 67418, 67418
50, 11430, 25, 67418, 67418
50, 11440, 25, 67418, 68841
50, 11450, 25, 67418, 67418
50, 11460, 25, 67418, 67418
50, 11470, 25, 67416, 68154
50, 11480, 25, 67416, 67416
50, 11490, 25, 67416, 67416
50, 11500, 25, 67357, 67416
50, 11510, 25, 67352, 67357
50, 11520, 25, 67352, 68534
50, 11530, 25, 67352, 67352
50, 11540, 25, 67352, 67352
50, 11550, 25, 67352, 67352
50, 11560, 25, 67344, 67344
50, 11570, 25, 67344, 67344
50, 11580, 25, 67344, 67344
50, 11590, 25, 67344, 67344
50, 11600, 25, 67344, 67344
50, 11610, 25, 67344, 67344
50, 11620, 25, 67344, 67344
50, 11630, 25, 67329, 67344
50, 11640, 25, 67329, 67329
50, 11650, 25, 67329, 67329
50, 11660, 25, 67329, 67329
50, 11670, 25, 67329, 67329
50, 11680, 25, 67329, 67329
50, 11690, 25, 67329, 68202
50, 11700, 25, 67200, 67329
50, 11710, 25, 67200, 67200
50, 11720, 25, 67200, 67200
50, 11730, 25, 67200, 67200
50, 11740, 25, 67200, 67200
50, 11750, 25, 67200, 67200
50, 11760, 25, 67144, 67200
50, 11770, 25, 67144, 67144
50, 11780, 25, 67144, 67144
50, 11790, 25, 67144, 67144
50, 11800, 25, 67063, 67144
50, 11810, 25, 67063, 67063
50, 11820, 25, 67063, 67063
50, 11830, 25, 67063, 67063
50, 11840, 25, 67063, 67063
50, 11850, 25, 67063, 67063
50, 11860, 25, 67063, 67063
50, 11870, 25, 67063, 67063
50, 11880, 25, 66978, 66978
50, 11890, 25, 66978, 66978
50, 11900, 25, 66555, 66978
50, 11910, 25, 66555, 66555
50, 11920, 25, 66555, 66555
50, 11930, 25, 66555, 68812
50, 11940, 25, 66555, 66555
50, 11950, 25, 66388, 66388
50, 11960, 25, 66388, 66388
50, 11970, 25, 66388, 66388
50, 11980, 25, 66388, 66388
50, 11990, 25, 66388, 66388
50, 12000, 25, 66388, 66388
50, 12010, 25, 66388, 66388
50, 12020, 25, 66388, 66388
50, 12030, 25, 66388, 66388
50, 12040, 25, 66241, 66388
50, 12050, 25, 66207, 66241
50, 12060, 25, 66207, 66207
50, 12070, 25, 66207, 66207
50, 12080, 25, 66207, 66207
50, 12090, 25, 66104, 66207
50, 12100, 25, 66104, 68295
50, 12110, 25, 66104, 66104
50, 12120, 25, 66104, 66104
50, 12130, 25, 66104, 66104
50, 12140, 25, 66104, 66104
50, 12150, 25, 66104, 66104
50, 12160, 25, 66020, 66104
50, 12170, 25, 65904, 66020
50, 12180, 25, 65904, 65904
50, 12190, 25, 65904, 65904
50, 12200, 25, 65904, 65904
50, 12210, 25, 65904, 65904
50, 12220, 25, 65904, 65904
50, 12230, 25, 65904, 65904
50, 12240, 25, 65904, 65904
50, 12250, 25, 65904, 65904
50, 12260, 25, 65904, 65904
50, 12270, 25, 65904, 65904
50, 12280, 25, 65904, 65904
50, 12290, 25, 65904, 66667
50, 12300, 25, 65904, 65904
50, 12310, 25, 65904, 65904
50, 12320, 25, 65904, 65904
50, 12330, 25, 65904, 65904
50, 12340, 25, 65904, 67035
50, 12350, 25, 65904, 65904
50, 12360, 25, 65875, 67940
50, 12370, 25, 65875, 65875
50, 12380, 25, 65875, 65875
50, 12390, 25, 65837, 65837
50, 12400, 25, 65808, 65808
50, 12410, 25, 65808, 65808
50, 12420, 25, 65808, 65808
50, 12430, 25, 65808, 65808
50, 12440, 25, 65808, 65808
50, 12450, 25, 65808, 65808
50, 12460, 25, 65801, 65808
50, 12470, 25, 65753, 65801
50, 12480, 25, 65753, 65753
50, 12490, 25, 65753, 65753
50, 12500, 25, 65753, 67455
50, 12510, 25, 65722, 65753
50, 12520, 25, 65722, 65722
50, 12530, 25, 65722, 65722
50, 12540, 25, 65722, 65722
50, 12550, 25, 65722, 65722
50, 12560, 25, 65722, 65722
50, 12570, 25, 65722, 65722
50, 12580, 25, 65722, 65722
50, 12590, 25, 65722, 65722
50, 12600, 25, 65722, 65722
50, 12610, 25, 65722, 65722
50, 12620, 25, 65722, 65722
50, 12630, 25, 65722, 65722
50, 12640, 25, 65598, 65598
50, 12650, 25, 65598, 65598
50, 12660, 25, 65598, 68100
50, 12670, 25, 65598, 65598
50, 12680, 25, 65541, 65541
50, 12690, 25, 65541, 65541
50, 12700, 25, 65541, 65541
50, 12710, 25, 65395, 65541
50, 12720, 25, 65395, 65395
50, 12730, 25, 65333, 65395
50, 12740, 25, 65333, 65333
50, 12750, 25, 65309, 65333
50, 12760, 25, 65309, 65309
50, 12770, 25, 65309, 65309
50, 12780, 25, 65309, 65309
50, 12790, 25, 65309, 65309
50, 12800, 25, 65309, 65309
50, 12810, 25, 65309, 65309
50, 12820, 25, 65309, 65309
50, 12830, 25, 65309, 65309
50, 12840, 25, 65309, 65309
50, 12850, 25, 65309, 65309
50, 12860, 25, 65257, 65309
50, 12870, 25, 65224, 65815
50, 12880, 25, 65224, 65224
50, 12890, 25, 65224, 65224
50, 12900, 25, 65224, 65224
50, 12910, 25, 65224, 65224
50, 12920, 25, 65224, 65224
50, 12930, 25, 65224, 65224
50, 12940, 25, 65224, 65224
50, 12950, 25, 65224, 65224
50, 12960, 25, 65224, 65224
50, 12970, 25, 65224, 65224
50, 12980, 25, 65224, 65224
50, 12990, 25, 65224, 65224
50, 13000, 25, 65224, 65224
50, 13010, 25, 65224, 65224
50, 13020, 25, 65159, 65159
50, 13030, 25, 65159, 65159
50, 13040, 25, 65159, 65159
50, 13050, 25, 65028, 65159
50, 13060, 25, 65028, 65500
50, 13070, 25, 65028, 65028
50, 13080, 25, 64841, 65028
50, 13090, 25, 64833, 64833
50, 13100, 25, 64833, 64833
50, 13110, 25, 64833, 64833
50, 13120, 25, 64833, 64833
50, 13130, 25, 64833, 64833
50, 13140, 25, 64833, 64833
50, 13150, 25, 64833, 64833
50, 13160, 25, 64694, 64833
50, 13170, 25, 64694, 64694
50, 13180, 25, 64694, 64694
50, 13190, 25, 64694, 64694
50, 13200, 25, 64694, 64694
50, 13210, 25, 64694, 64694
50, 13220, 25, 64694, 64694
50, 13230, 25, 64694, 64694
50, 13240, 25, 64694, 64694
50, 13250, 25, 64694, 64694
50, 13260, 25, 64694, 64694
50, 13270, 25, 64694, 64694
50, 13280, 25, 64694, 64694
50, 13290, 25, 64694, 64694
50, 13300, 25, 64694, 64897
50, 13310, 25, 64694, 64694
50, 13320, 25, 64694, 64694
50, 13330, 25, 64694, 64694
50, 13340, 25, 64636, 64694
50, 13350, 25, 64636, 64636
50, 13360, 25, 64636, 64636
50, 13370, 25, 64636, 64636
50, 13380, 25, 64636, 64636
50, 13390, 25, 64636, 64636
50, 13400, 25, 64636, 64636
50, 13410, 25, 64636, 64636
50, 13420, 25, 64552, 64573
50, 13430, 25, 64552, 64552
50, 13440, 25, 64552, 64552
50, 13450, 25, 64552, 64552
50, 13460, 25, 64552, 64552
50, 13470, 25, 64535, 64552
50, 13480, 25, 64535, 64535
50, 13490, 25, 64535, 64535
50, 13500, 25, 64535, 64535
50, 13510, 25, 64535, 64535
50, 13520, 25, 64478, 64535
50, 13530, 25, 64478, 64478
50, 13540, 25, 64478, 64478
50, 13550, 25, 64402, 64402
50, 13560, 25, 64402, 64402
50, 13570, 25, 64402, 64402
50, 13580, 25, 64402, 64402
50, 13590, 25, 64402, 64402
50, 13600, 25, 64402, 64402
50, 13610, 25, 64402, 64402
50, 13620, 25, 64402, 64402
50, 13630, 25, 64402, 64402
50, 13640, 25, 64402, 64402
50, 13650, 25, 64402, 65119
50, 13660, 25, 64402, 64402
50, 13670, 25, 64402, 64402
50, 13680, 25, 64402, 64402
50, 13690, 25, 64402, 64478
50, 13700, 25, 64402, 64402
50, 13710, 25, 64402, 64402
50, 13720, 25, 64402, 64402
50, 13730, 25, 64402, 64402
50, 13740, 25, 64402, 64402
50, 13750, 25, 64402, 64402
50, 13760, 25, 64402, 64402
50, 13770, 25, 64402, 64402
50, 13780, 25, 64402, 64554
50, 13790, 25, 64402, 64402
50, 13800, 25, 64402, 64402
50, 13810, 25, 64402, 64402
50, 13820, 25, 64384, 64402
50, 13830, 25, 64384, 64384
50, 13840, 25, 64384, 64384
50, 13850, 25, 64319, 64384
50, 13860, 25, 64319, 64319
50, 13870, 25, 64319, 64319
50, 13880, 25, 64319, 64319
50, 13890, 25, 64319, 64319
50, 13900, 25, 64319, 64319
50, 13910, 25, 64319, 64319
50, 13920, 25, 64319, 64319
50, 13930, 25, 64319, 64319
50, 13940, 25, 64319, 64319
50, 13950, 25, 64319, 64319
50, 13960, 25, 64319, 64319
50, 13970, 25, 64319, 64319
50, 13980, 25, 64319, 64319
50, 13990, 25, 64319, 64319
50, 14000, 25, 64319, 64319
50, 14010, 25, 64319, 64319
50, 14020, 25, 64319, 64319
50, 14030, 25, 64319, 64319
50, 14040, 25, 64319, 64319
50, 14050, 25, 64319, 64319
50, 14060, 25, 64319, 64319
50, 14070, 25, 64256, 64319
50, 14080, 25, 64256, 64256
50, 14090, 25, 64256, 64256
50, 14100, 25, 64256, 64256
50, 14110, 25, 64256, 64256
50, 14120, 25, 64256, 64256
50, 14130, 25, 64256, 64256
50, 14140, 25, 64256, 64256
50, 14150, 25, 64256, 64256
50, 14160, 25, 64256, 64256
50, 14170, 25, 64256, 64256
50, 14180, 25, 64230, 64256
50, 14190, 25, 64230, 64230
50, 14200, 25, 64230, 64230
50, 14210, 25, 64230, 64230
50, 14220, 25, 64230, 64230
50, 14230, 25, 64175, 64230
50, 14240, 25, 64175, 64175
50, 14250, 25, 64175, 64175
50, 14260, 25, 64175, 64175
50, 14270, 25, 64175, 64175
50, 14280, 25, 64175, 64175
50, 14290, 25, 64175, 64175
50, 14300, 25, 64175, 64175
50, 14310, 25, 64175, 64175
50, 14320, 25, 64175, 64175
50, 14330, 25, 64175, 64175
50, 14340, 25, 64175, 65456
50, 14350, 25, 63954, 64098
50, 14360, 25, 63954, 64670
50, 14370, 25, 63954, 63954
50, 14380, 25, 63954, 63954
50, 14390, 25, 63954, 63954
50, 14400, 25, 63954, 63954
50, 14410, 25, 63954, 63954
50, 14420, 25, 63954, 63954
50, 14430, 25, 63954, 63954
50, 14440, 25, 63954, 63954
50, 14450, 25, 63954, 63954
50, 14460, 25, 63954, 63954
50, 14470, 25, 63954, 64527
50, 14480, 25, 63954, 63954
50, 14490, 25, 63954, 63954
50, 14500, 25, 63954, 63954
50, 14510, 25, 63954, 63954
50, 14520, 25, 63954, 63954
50, 14530, 25, 63954, 63954
50, 14540, 25, 63954, 63954
50, 14550, 25, 63954, 63954
50, 14560, 25, 63954, 63954
50, 14570, 25, 63954, 63954
50, 14580, 25, 63954, 63954
50, 14590, 25, 63954, 63954
50, 14600, 25, 63954, 63954
50, 14610, 25, 63954, 63954
50, 14620, 25, 63954, 63954
50, 14630, 25, 63954, 63954
50, 14640, 25, 63954, 63954
50, 14650, 25, 63954, 63954
50, 14660, 25, 63954, 63954
50, 14670, 25, 63954, 63954
50, 14680, 25, 63954, 63954
50, 14690, 25, 63954, 63954
50, 14700, 25, 63911, 63954
50, 14710, 25, 63911, 63911
50, 14720, 25, 63911, 63911
50, 14730, 25, 63911, 63911
50, 14740, 25, 63911, 63911
50, 14750, 25, 63911, 63911
50, 14760, 25, 63911, 63911
50, 14770, 25, 63911, 63911
50, 14780, 25, 63770, 63770
50, 14790, 25, 63770, 63770
50, 14800, 25, 63770, 63770
50, 14810, 25, 63770, 63770
50, 14820, 25, 63770, 63770
50, 14830, 25, 63770, 64970
50, 14840, 25, 63708, 63708
50, 14850, 25, 63708, 63708
50, 14860, 25, 63708, 63708
50, 14870, 25, 63708, 63708
50, 14880, 25, 63667, 63667
50, 14890, 25, 63667, 63667
50, 14900, 25, 63667, 63667
50, 14910, 25, 63667, 63667
50, 14920, 25, 63667, 65161
50, 14930, 25, 63667, 63667
50, 14940, 25, 63587, 63667
50, 14950, 25, 63587, 63587
50, 14960, 25, 63587, 63587
50, 14970, 25, 63587, 63587
50, 14980, 25, 63587, 63587
50, 14990, 25, 63387, 63387
50, 15000, 25, 63387, 63387
50, 15010, 25, 63387, 63387
50, 15020, 25, 63387, 63387
50, 15030, 25, 63387, 63387
50, 15040, 25, 63387, 63387
50, 15050, 25, 63387, 63387
50, 15060, 25, 63387, 63387
50, 15070, 25, 63387, 63387
50, 15080, 25, 63387, 63387
50, 15090, 25, 63387, 63387
50, 15100, 25, 63387, 63387
50, 15110, 25, 63387, 63387
50, 15120, 25, 63387, 63387
50, 15130, 25, 63387, 63387
50, 15140, 25, 63387, 63387
50, 15150, 25, 63387, 63387
50, 15160, 25, 63387, 63387
50, 15170, 25, 63387, 63387
50, 15180, 25, 63387, 63387
50, 15190, 25, 63387, 63387
50, 15200, 25, 63387, 63387
50, 15210, 25, 63387, 63387
50, 15220, 25, 63387, 63387
50, 15230, 25, 63387, 63387
50, 15240, 25, 63387, 63387
50, 15250, 25, 63387, 63387
50, 15260, 25, 63387, 63387
50, 15270, 25, 63387, 63387
50, 15280, 25, 63239, 63326
50, 15290, 25, 63239, 63239
50, 15300, 25, 63239, 63239
50, 15310, 25, 63239, 63239
50, 15320, 25, 63151, 63239
50, 15330, 25, 63151, 63151
50, 15340, 25, 63151, 63151
50, 15350, 25, 63151, 63151
50, 15360, 25, 63151, 63151
50, 15370, 25, 63151, 63151
50, 15380, 25, 63151, 63151
50, 15390, 25, 63151, 63151
50, 15400, 25, 63151, 63151
50, 15410, 25, 63151, 63151
50, 15420, 25, 63151, 63151
50, 15430, 25, 63110, 63110
50, 15440, 25, 63110, 63110
50, 15450, 25, 63110, 63110
50, 15460, 25, 63110, 63110
50, 15470, 25, 63110, 63110
50, 15480, 25, 63110, 63110
50, 15490, 25, 63110, 63110
50, 15500, 25, 63110, 63110
50, 15510, 25, 63110, 63110
50, 15520, 25, 63110, 63110
50, 15530, 25, 63110, 63110
50, 15540, 25, 63110, 63110
50, 15550, 25, 63110, 63110
50, 15560, 25, 63110, 63110
50, 15570, 25, 63110, 63110
50, 15580, 25, 63110, 63110
50, 15590, 25, 63110, 63110
50, 15600, 25, 63110, 63110
50, 15610, 25, 63110, 63110
50, 15620, 25, 63110, 63110
50, 15630, 25, 63110, 63110
50, 15640, 25, 63110, 63110
50, 15650, 25, 63110, 63110
50, 15660, 25, 63110, 63110
50, 15670, 25, 63107, 63107
50, 15680, 25, 63107, 63107
50, 15690, 25, 63007, 63007
50, 15700, 25, 63007, 63007
50, 15710, 25, 63007, 63007
50, 15720, 25, 62924, 63007
50, 15730, 25, 62924, 62924
50, 15740, 25, 62924, 62924
50, 15750, 25, 62924, 63924
50, 15760, 25, 62924, 62924
50, 15770, 25, 62924, 62924
50, 15780, 25, 62924, 62924
50, 15790, 25, 62924, 62924
50, 15800, 25, 62924, 62924
50, 15810, 25, 62924, 62924
50, 15820, 25, 62924, 62924
50, 15830, 25, 62924, 62924
50, 15840, 25, 62924, 62924
50, 15850, 25, 62924, 62924
50, 15860, 25, 62924, 62924
50, 15870, 25, 62924, 62924
50, 15880, 25, 62924, 62924
50, 15890, 25, 62924, 62924
50, 15900, 25, 62924, 62924
50, 15910, 25, 62924, 62924
50, 15920, 25, 62924, 62924
50, 15930, 25, 62924, 62924
50, 15940, 25, 62924, 62924
50, 15950, 25, 62924, 62924
50, 15960, 25, 62924, 62924
50, 15970, 25, 62924, 62924
50, 15980, 25, 62924, 62924
50, 15990, 25, 62924, 62924
50, 16000, 25, 62783, 62783
50, 16010, 25, 62783, 62783
50, 16020, 25, 62783, 62783
50, 16030, 25, 62783, 62783
50, 16040, 25, 62783, 62783
50, 16050, 25, 62783, 62783
50, 16060, 25, 62783, 62783
50, 16070, 25, 62783, 62783
50, 16080, 25, 62783, 62783
50, 16090, 25, 62783, 62783
50, 16100, 25, 62783, 62783
50, 16110, 25, 62783, 62783
50, 16120, 25, 62783, 62783
50, 16130, 25, 62783, 62783
50, 16140, 25, 62783, 62783
50, 16150, 25, 62783, 62783
50, 16160, 25, 62717, 62783
50, 16170, 25, 62717, 62717
50, 16180, 25, 62717, 62717
50, 16190, 25, 62717, 62717
50, 16200, 25, 62717, 62717
50, 16210, 25, 62717, 62717
50, 16220, 25, 62717, 62717
50, 16230, 25, 62717, 62717
50, 16240, 25, 62717, 62717
50, 16250, 25, 62717, 62717
50, 16260, 25, 62717, 62717
50, 16270, 25, 62717, 62717
50, 16280, 25, 62717, 62717
50, 16290, 25, 62717, 62717
50, 16300, 25, 62717, 62717
50, 16310, 25, 62717, 62717
50, 16320, 25, 62717, 62717
50, 16330, 25, 62717, 62717
50, 16340, 25, 62717, 62717
50, 16350, 25, 62717, 62717
50, 16360, 25, 62717, 62717
50, 16370, 25, 62717, 62717
50, 16380, 25, 62717, 62717
50, 16390, 25, 62717, 62717
50, 16400, 25, 62717, 62717
50, 16410, 25, 62717, 62717
50, 16420, 25, 62717, 62717
50, 16430, 25, 62717, 62717
50, 16440, 25, 62593, 62593
50, 16450, 25, 62593, 62593
50, 16460, 25, 62593, 62593
50, 16470, 25, 62593, 62593
50, 16480, 25, 62593, 62593
50, 16490, 25, 62593, 62593
50, 16500, 25, 62593, 62593
50, 16510, 25, 62593, 62593
50, 16520, 25, 62593, 62593
50, 16530, 25, 62593, 62593
50, 16540, 25, 62593, 62593
50, 16550, 25, 62593, 62593
50, 16560, 25, 62593, 62593
50, 16570, 25, 62593, 62593
50, 16580, 25, 62593, 62593
50, 16590, 25, 62593, 62593
50, 16600, 25, 62593, 62593
50, 16610, 25, 62593, 62593
50, 16620, 25, 62593, 62593
50, 16630, 25, 62593, 62593
50, 16640, 25, 62593, 62593
50, 16650, 25, 62593, 62593
50, 16660, 25, 62593, 62593
50, 16670, 25, 62593, 62593
50, 16680, 25, 62593, 62593
50, 16690, 25, 62593, 62593
50, 16700, 25, 62593, 62593
50, 16710, 25, 62593, 62593
50, 16720, 25, 62593, 62593
50, 16730, 25, 62593, 62593
50, 16740, 25, 62593, 62593
50, 16750, 25, 62593, 62593
50, 16760, 25, 62593, 62593
50, 16770, 25, 62593, 62593
50, 16780, 25, 62593, 62593
50, 16790, 25, 62593, 62593
50, 16800, 25, 62593, 62593
50, 16810, 25, 62593, 62593
50, 16820, 25, 62593, 62593
50, 16830, 25, 62593, 62593
50, 16840, 25, 62593, 62593
50, 16850, 25, 62593, 62593
50, 16860, 25, 62593, 62593
50, 16870, 25, 62593, 62593
50, 16880, 25, 62593, 62593
50, 16890, 25, 62593, 62593
50, 16900, 25, 62593, 62593
50, 16910, 25, 62593, 62593
50, 16920, 25, 62410, 62410
50, 16930, 25, 62410, 62410
50, 16940, 25, 62410, 62410
50, 16950, 25, 62410, 62410
50, 16960, 25, 62410, 62410
50, 16970, 25, 62410, 62410
50, 16980, 25, 62410, 62410
50, 16990, 25, 62410, 62410
50, 17000, 25, 62410, 62410
50, 17010, 25, 62410, 62410
50, 17020, 25, 62410, 62410
50, 17030, 25, 62410, 62410
50, 17040, 25, 62410, 62410
50, 17050, 25, 62410, 62410
50, 17060, 25, 62410, 62410
50, 17070, 25, 62410, 62410
50, 17080, 25, 62410, 62410
50, 17090, 25, 62410, 62410
50, 17100, 25, 62410, 62410
50, 17110, 25, 62410, 62410
50, 17120, 25, 62410, 62410
50, 17130, 25, 62410, 62410
50, 17140, 25, 62410, 62410
50, 17150, 25, 62410, 62410
50, 17160, 25, 62410, 62410
50, 17170, 25, 62410, 62410
50, 17180, 25, 62410, 62410
50, 17190, 25, 62410, 62410
50, 17200, 25, 62410, 62410
50, 17210, 25, 62410, 62410
50, 17220, 25, 62410, 62410
50, 17230, 25, 62410, 62410
50, 17240, 25, 62410, 62410
50, 17250, 25, 62410, 62410
50, 17260, 25, 62410, 62410
50, 17270, 25, 62410, 62410
50, 17280, 25, 62410, 62410
50, 17290, 25, 62410, 62410
50, 17300, 25, 62410, 62410
50, 17310, 25, 62410, 62410
50, 17320, 25, 62410, 62410
50, 17330, 25, 62410, 62410
50, 17340, 25, 62410, 62410
50, 17350, 25, 62410, 62410
50, 17360, 25, 62410, 62410
50, 17370, 25, 62410, 62410
50, 17380, 25, 62410, 62410
50, 17390, 25, 62410, 62410
50, 17400, 25, 62374, 62410
50, 17410, 25, 62374, 62374
50, 17420, 25, 62352, 62374
50, 17430, 25, 62352, 62352
50, 17440, 25, 62352, 62352
50, 17450, 25, 62352, 62352
50, 17460, 25, 62352, 62352
50, 17470, 25, 62352, 62352
50, 17480, 25, 62352, 62352
50, 17490, 25, 62352, 62352
50, 17500, 25, 62352, 62352
50, 17510, 25, 62352, 62352
50, 17520, 25, 62352, 62352
50, 17530, 25, 62295, 62352
50, 17540, 25, 62166, 62295
50, 17550, 25, 62166, 62166
50, 17560, 25, 62166, 62166
50, 17570, 25, 62166, 62166
50, 17580, 25, 62166, 62166
50, 17590, 25, 62166, 62166
50, 17600, 25, 62166, 62166
50, 17610, 25, 62166, 62166
50, 17620, 25, 62166, 62166
50, 17630, 25, 62166, 62166
50, 17640, 25, 62166, 62166
50, 17650, 25, 62166, 62166
50, 17660, 25, 62166, 62166
50, 17670, 25, 62166, 62166
50, 17680, 25, 62166, 62166
50, 17690, 25, 62166, 62166
50, 17700, 25, 62166, 62166
50, 17710, 25, 62166, 62166
50, 17720, 25, 62166, 62166
50, 17730, 25, 62166, 62166
50, 17740, 25, 62057, 62057
50, 17750, 25, 62057, 62057
50, 17760, 25, 62057, 62057
50, 17770, 25, 62057, 62057
50, 17780, 25, 62057, 62057
50, 17790, 25, 62057, 62057
50, 17800, 25, 62057, 62057
50, 17810, 25, 62057, 62057
50, 17820, 25, 61992, 62057
50, 17830, 25, 61992, 61992
50, 17840, 25, 61992, 61992
50, 17850, 25, 61992, 61992
50, 17860, 25, 61992, 61992
50, 17870, 25, 61992, 61992
50, 17880, 25, 61992, 61992
50, 17890, 25, 61992, 61992
50, 17900, 25, 61992, 61992
50, 17910, 25, 61992, 61992
50, 17920, 25, 61992, 61992
50, 17930, 25, 61992, 61992
50, 17940, 25, 61992, 61992
50, 17950, 25, 61992, 61992
50, 17960, 25, 61992, 61992
50, 17970, 25, 61992, 61992
50, 17980, 25, 61992, 61992
50, 17990, 25, 61992, 61992
50, 18000, 25, 61992, 61992
50, 18010, 25, 61992, 61992
50, 18020, 25, 61992, 61992
50, 18030, 25, 61992, 61992
50, 18040, 25, 61992, 61992
50, 18050, 25, 61992, 61992
50, 18060, 25, 61992, 61992
50, 18070, 25, 61992, 61992
50, 18080, 25, 61992, 61992
50, 18090, 25, 61992, 61992
50, 18100, 25, 61992, 61992
50, 18110, 25, 61992, 61992
50, 18120, 25, 61992, 61992
50, 18130, 25, 61992, 61992
50, 18140, 25, 61992, 61992
50, 18150, 25, 61992, 61992
50, 18160, 25, 61992, 61992
50, 18170, 25, 61992, 61992
50, 18180, 25, 61992, 61992
50, 18190, 25, 61992, 61992
50, 18200, 25, 61992, 61992
50, 18210, 25, 61992, 61992
50, 18220, 25, 61992, 61992
50, 18230, 25, 61972, 61992
50, 18240, 25, 61972, 61972
50, 18250, 25, 61972, 61972
50, 18260, 25, 61972, 61972
50, 18270, 25, 61972, 61972
50, 18280, 25, 61945, 61945
50, 18290, 25, 61945, 61945
50, 18300, 25, 61945, 61945
50, 18310, 25, 61945, 61945
50, 18320, 25, 61945, 61945
50, 18330, 25, 61945, 61945
50, 18340, 25, 61945, 61945
50, 18350, 25, 61945, 61945
50, 18360, 25, 61945, 61945
50, 18370, 25, 61945, 61945
50, 18380, 25, 61945, 61945
50, 18390, 25, 61945, 61945
50, 18400, 25, 61945, 61945
50, 18410, 25, 61945, 61945
50, 18420, 25, 61945, 61945
50, 18430, 25, 61945, 61945
50, 18440, 25, 61945, 61945
50, 18450, 25, 61945, 61945
50, 18460, 25, 61945, 61945
50, 18470, 25, 61945, 61945
50, 18480, 25, 61945, 61945
50, 18490, 25, 61945, 61945
50, 18500, 25, 61945, 61945
50, 18510, 25, 61945, 61945
50, 18520, 25, 61945, 61945
50, 18530, 25, 61945, 61945
50, 18540, 25, 61945, 61945
50, 18550, 25, 61945, 61945
50, 18560, 25, 61945, 61945
50, 18570, 25, 61945, 61945
50, 18580, 25, 61945, 61945
50, 18590, 25, 61945, 61945
50, 18600, 25, 61945, 61945
50, 18610, 25, 61945, 61945
50, 18620, 25, 61945, 61945
50, 18630, 25, 61945, 61945
50, 18640, 25, 61945, 61945
50, 18650, 25, 61945, 61945
50, 18660, 25, 61945, 61945
50, 18670, 25, 61945, 61945
50, 18680, 25, 61945, 61945
50, 18690, 25, 61945, 61945
50, 18700, 25, 61945, 61945
50, 18710, 25, 61945, 61945
50, 18720, 25, 61945, 61945
50, 18730, 25, 61945, 61945
50, 18740, 25, 61945, 61945
50, 18750, 25, 61945, 61945
50, 18760, 25, 61945, 61945
50, 18770, 25, 61945, 61945
50, 18780, 25, 61945, 61945
50, 18790, 25, 61945, 61945
50, 18800, 25, 61945, 61945
50, 18810, 25, 61945, 61945
50, 18820, 25, 61945, 61945
50, 18830, 25, 61945, 61945
50, 18840, 25, 61945, 61945
50, 18850, 25, 61945, 61945
50, 18860, 25, 61945, 61945
50, 18870, 25, 61945, 61945
50, 18880, 25, 61945, 61945
50, 18890, 25, 61945, 61945
50, 18900, 25, 61945, 61945
50, 18910, 25, 61945, 61945
50, 18920, 25, 61945, 61945
50, 18930, 25, 61945, 61945
50, 18940, 25, 61945, 61945
50, 18950, 25, 61945, 61945
50, 18960, 25, 61945, 61945
50, 18970, 25, 61945, 61945
50, 18980, 25, 61945, 61945
50, 18990, 25, 61945, 61945
50, 19000, 25, 61945, 61945
50, 19010, 25, 61945, 61945
50, 19020, 25, 61945, 61945
50, 19030, 25, 61945, 61945
50, 19040, 25, 61945, 61945
50, 19050, 25, 61945, 61945
50, 19060, 25, 61945, 61945
50, 19070, 25, 61945, 61945
50, 19080, 25, 61671, 61671
50, 19090, 25, 61671, 61671
50, 19100, 25, 61671, 61671
50, 19110, 25, 61671, 61671
50, 19120, 25, 61671, 61671
50, 19130, 25, 61671, 61671
50, 19140, 25, 61671, 61671
50, 19150, 25, 61671, 61671
50, 19160, 25, 61665, 61671
50, 19170, 25, 61665, 61665
50, 19180, 25, 61665, 61665
50, 19190, 25, 61665, 61665
50, 19200, 25, 61665, 61665
50, 19210, 25, 61665, 61665
50, 19220, 25, 61665, 61665
50, 19230, 25, 61665, 61665
50, 19240, 25, 61665, 61665
50, 19250, 25, 61665, 61665
50, 19260, 25, 61665, 61665
50, 19270, 25, 61665, 61665
50, 19280, 25, 61665, 61665
50, 19290, 25, 61665, 61665
50, 19300, 25, 61665, 61665
50, 19310, 25, 61665, 61665
50, 19320, 25, 61665, 61665
50, 19330, 25, 61665, 61665
50, 19340, 25, 61665, 61665
50, 19350, 25, 61665, 61665
50, 19360, 25, 61665, 61665
50, 19370, 25, 61665, 61665
50, 19380, 25, 61665, 61665
50, 19390, 25, 61665, 61665
50, 19400, 25, 61665, 61665
50, 19410, 25, 61665, 61665
50, 19420, 25, 61665, 61665
50, 19430, 25, 61665, 61665
50, 19440, 25, 61665, 61665
50, 19450, 25, 61665, 61665
50, 19460, 25, 61665, 61665
50, 19470, 25, 61665, 61665
50, 19480, 25, 61665, 61665
50, 19490, 25, 61665, 61665
50, 19500, 25, 61665, 61665
50, 19510, 25, 61665, 61665
50, 19520, 25, 61665, 61665
50, 19530, 25, 61665, 61665
50, 19540, 25, 61665, 61665
50, 19550, 25, 61665, 61665
50, 19560, 25, 61665, 61665
50, 19570, 25, 61665, 61665
50, 19580, 25, 61665, 61665
50, 19590, 25, 61625, 61625
50, 19600, 25, 61625, 61625
50, 19610, 25, 61625, 61625
50, 19620, 25, 61625, 61625
50, 19630, 25, 61625, 61625
50, 19640, 25, 61625, 61625
50, 19650, 25, 61625, 61625
50, 19660, 25, 61625, 61625
50, 19670, 25, 61625, 61625
50, 19680, 25, 61625, 61625
50, 19690, 25, 61625, 61625
50, 19700, 25, 61625, 61625
50, 19710, 25, 61625, 61625
50, 19720, 25, 61625, 61625
50, 19730, 25, 61625, 61625
50, 19740, 25, 61625, 61625
50, 19750, 25, 61625, 61625
50, 19760, 25, 61625, 61625
50, 19770, 25, 61625, 61625
50, 19780, 25, 61625, 61625
50, 19790, 25, 61625, 61625
50, 19800, 25, 61625, 61625
50, 19810, 25, 61625, 61625
50, 19820, 25, 61625, 61625
50, 19830, 25, 61502, 61502
50, 19840, 25, 61502, 61502
50, 19850, 25, 61502, 61502
50, 19860, 25, 61191, 61502
50, 19870, 25, 61191, 61191
50, 19880, 25, 61170, 61191
50, 19890, 25, 61170, 61170
50, 19900, 25, 61170, 61170
50, 19910, 25, 61170, 61170
50, 19920, 25, 61170, 61170
50, 19930, 25, 61170, 61170
50, 19940, 25, 61170, 61170
50, 19950, 25, 61170, 61170
50, 19960, 25, 61170, 61170
50, 19970, 25, 61170, 61170
50, 19980, 25, 61170, 61170
50, 19990, 25, 61170, 61170
