Population Size, Generation Count, Repetition, Best Fitness, Median Fitness
20, 0, 11, 747512, 775219
20, 10, 11, 714245, 716857
20, 20, 11, 699342, 704370
20, 30, 11, 687993, 690969
20, 40, 11, 676071, 679757
20, 50, 11, 660263, 663922
20, 60, 11, 652464, 655005
20, 70, 11, 641878, 645824
20, 80, 11, 628341, 634401
20, 90, 11, 613352, 621054
20, 100, 11, 603923, 608516
20, 110, 11, 593082, 595728
20, 120, 11, 585494, 590948
20, 130, 11, 579600, 581822
20, 140, 11, 570429, 576830
20, 150, 11, 559590, 565531
20, 160, 11, 555262, 557439
20, 170, 11, 546515, 549807
20, 180, 11, 539635, 542435
20, 190, 11, 533689, 537119
20, 200, 11, 526299, 529871
20, 210, 11, 520070, 522154
20, 220, 11, 512369, 515757
20, 230, 11, 505044, 508462
20, 240, 11, 500120, 503211
20, 250, 11, 498018, 501777
20, 260, 11, 491077, 495908
20, 270, 11, 485221, 486048
20, 280, 11, 476095, 480013
20, 290, 11, 475250, 476801
20, 300, 11, 467358, 475925
20, 310, 11, 464155, 466084
20, 320, 11, 459426, 460614
20, 330, 11, 455898, 457891
20, 340, 11, 451306, 452948
20, 350, 11, 448283, 450708
20, 360, 11, 444343, 447803
20, 370, 11, 441374, 443557
20, 380, 11, 436594, 438985
20, 390, 11, 432027, 435026
20, 400, 11, 428527, 432378
20, 410, 11, 425636, 427022
20, 420, 11, 423427, 426195
20, 430, 11, 418234, 422952
20, 440, 11, 415595, 416943
20, 450, 11, 413285, 415117
20, 460, 11, 408420, 412074
20, 470, 11, 404704, 406507
20, 480, 11, 400022, 403519
20, 490, 11, 395870, 398426
20, 500, 11, 393997, 397006
20, 510, 11, 387883, 392140
20, 520, 11, 384881, 386937
20, 530, 11, 382580, 385777
20, 540, 11, 380150, 382003
20, 550, 11, 377853, 379660
20, 560, 11, 375134, 377094
20, 570, 11, 372759, 376027
20, 580, 11, 369770, 375847
20, 590, 11, 367343, 368601
20, 600, 11, 363272, 366745
20, 610, 11, 360898, 364111
20, 620, 11, 358133, 361852
20, 630, 11, 355548, 359432
20, 640, 11, 353403, 356478
20, 650, 11, 352033, 354995
20, 660, 11, 348631, 351579
20, 670, 11, 345470, 349944
20, 680, 11, 343801, 347216
20, 690, 11, 342325, 344095
20, 700, 11, 340213, 342750
20, 710, 11, 338923, 342532
20, 720, 11, 335231, 339522
20, 730, 11, 332698, 336049
20, 740, 11, 331069, 333703
20, 750, 11, 329824, 330936
20, 760, 11, 328549, 331154
20, 770, 11, 326711, 328817
20, 780, 11, 325214, 325760
20, 790, 11, 323726, 326409
20, 800, 11, 321343, 323507
20, 810, 11, 318804, 320323
20, 820, 11, 317917, 319584
20, 830, 11, 314534, 319009
20, 840, 11, 313527, 314996
20, 850, 11, 312174, 316329
20, 860, 11, 310944, 312371
20, 870, 11, 309662, 312098
20, 880, 11, 308992, 309513
20, 890, 11, 307873, 311017
20, 900, 11, 306877, 310358
20, 910, 11, 303731, 310301
20, 920, 11, 302347, 305670
20, 930, 11, 302013, 305192
20, 940, 11, 301532, 304220
20, 950, 11, 300552, 305008
20, 960, 11, 299572, 303159
20, 970, 11, 299494, 302347
20, 980, 11, 297459, 300115
20, 990, 11, 296160, 299276
20, 1000, 11, 294682, 299394
20, 1010, 11, 294128, 295292
20, 1020, 11, 291034, 291466
20, 1030, 11, 289858, 292179
20, 1040, 11, 288614, 290258
20, 1050, 11, 287228, 289012
20, 1060, 11, 287149, 290221
20, 1070, 11, 286382, 287571
20, 1080, 11, 284524, 290396
20, 1090, 11, 283794, 284284
20, 1100, 11, 281480, 283794
20, 1110, 11, 281049, 281475
20, 1120, 11, 279215, 282585
20, 1130, 11, 278208, 281792
20, 1140, 11, 277637, 282377
20, 1150, 11, 277313, 278927
20, 1160, 11, 276659, 278923
20, 1170, 11, 275256, 277215
20, 1180, 11, 275171, 276169
20, 1190, 11, 273599, 275671
20, 1200, 11, 272886, 276094
20, 1210, 11, 272024, 277112
20, 1220, 11, 271834, 275301
20, 1230, 11, 271834, 271834
20, 1240, 11, 269387, 273447
20, 1250, 11, 267597, 271935
20, 1260, 11, 266966, 269428
20, 1270, 11, 263886, 266563
20, 1280, 11, 262811, 267214
20, 1290, 11, 262235, 263223
20, 1300, 11, 261696, 262588
20, 1310, 11, 260703, 261633
20, 1320, 11, 259528, 264064
20, 1330, 11, 258966, 263733
20, 1340, 11, 256206, 258918
20, 1350, 11, 255337, 257585
20, 1360, 11, 253976, 259484
20, 1370, 11, 253260, 255038
20, 1380, 11, 252550, 254663
20, 1390, 11, 252010, 254789
20, 1400, 11, 251498, 252456
20, 1410, 11, 249998, 253421
20, 1420, 11, 248529, 249945
20, 1430, 11, 248057, 250356
20, 1440, 11, 246284, 249625
20, 1450, 11, 245553, 248520
20, 1460, 11, 244907, 246076
20, 1470, 11, 244280, 245070
20, 1480, 11, 243373, 245866
20, 1490, 11, 242637, 243681
20, 1500, 11, 242113, 245718
20, 1510, 11, 241719, 244298
20, 1520, 11, 239351, 244453
20, 1530, 11, 239043, 240827
20, 1540, 11, 239043, 240140
20, 1550, 11, 237890, 241161
20, 1560, 11, 235496, 237385
20, 1570, 11, 234170, 237084
20, 1580, 11, 233896, 236001
20, 1590, 11, 233821, 237971
20, 1600, 11, 233067, 237091
20, 1610, 11, 232675, 235083
20, 1620, 11, 232031, 234386
20, 1630, 11, 231219, 231959
20, 1640, 11, 230455, 232966
20, 1650, 11, 229129, 233673
20, 1660, 11, 228709, 231986
20, 1670, 11, 228209, 229756
20, 1680, 11, 226444, 228675
20, 1690, 11, 225384, 228519
20, 1700, 11, 224395, 227709
20, 1710, 11, 223898, 226607
20, 1720, 11, 223435, 227216
20, 1730, 11, 223296, 225470
20, 1740, 11, 222216, 224299
20, 1750, 11, 221974, 225031
20, 1760, 11, 221471, 223595
20, 1770, 11, 221435, 225315
20, 1780, 11, 220688, 224851
20, 1790, 11, 219975, 220639
20, 1800, 11, 218408, 220701
20, 1810, 11, 216933, 221395
20, 1820, 11, 216536, 218344
20, 1830, 11, 216454, 219806
20, 1840, 11, 214851, 218007
20, 1850, 11, 214602, 217458
20, 1860, 11, 213100, 217274
20, 1870, 11, 213046, 214611
20, 1880, 11, 211792, 216049
20, 1890, 11, 211233, 213995
20, 1900, 11, 211181, 212429
20, 1910, 11, 210192, 213617
20, 1920, 11, 208455, 210540
20, 1930, 11, 208348, 211395
20, 1940, 11, 208341, 209816
20, 1950, 11, 207005, 210824
20, 1960, 11, 206598, 207659
20, 1970, 11, 205863, 208425
20, 1980, 11, 205514, 209730
20, 1990, 11, 204843, 206248
20, 2000, 11, 204728, 206545
20, 2010, 11, 204501, 206551
20, 2020, 11, 203484, 207442
20, 2030, 11, 203484, 205018
20, 2040, 11, 203172, 206093
20, 2050, 11, 201755, 204646
20, 2060, 11, 201693, 204000
20, 2070, 11, 201400, 203374
20, 2080, 11, 201400, 201400
20, 2090, 11, 200728, 203788
20, 2100, 11, 200678, 203603
20, 2110, 11, 200097, 202793
20, 2120, 11, 198900, 204909
20, 2130, 11, 198740, 204669
20, 2140, 11, 198551, 202982
20, 2150, 11, 197980, 201410
20, 2160, 11, 197467, 199287
20, 2170, 11, 197452, 199504
20, 2180, 11, 197342, 199156
20, 2190, 11, 196583, 198686
20, 2200, 11, 196464, 199153
20, 2210, 11, 196256, 197452
20, 2220, 11, 195919, 195941
20, 2230, 11, 195700, 195933
20, 2240, 11, 195603, 198231
20, 2250, 11, 195215, 199679
20, 2260, 11, 194819, 197405
20, 2270, 11, 193254, 195085
20, 2280, 11, 193166, 193796
20, 2290, 11, 193166, 194410
20, 2300, 11, 191209, 195732
20, 2310, 11, 190682, 192762
20, 2320, 11, 190646, 193017
20, 2330, 11, 190646, 192482
20, 2340, 11, 190510, 190510
20, 2350, 11, 189987, 191399
20, 2360, 11, 188190, 192440
20, 2370, 11, 188190, 189018
20, 2380, 11, 188033, 188033
20, 2390, 11, 187161, 189632
20, 2400, 11, 186660, 187466
20, 2410, 11, 186520, 187344
20, 2420, 11, 186083, 189388
20, 2430, 11, 184551, 188348
20, 2440, 11, 183205, 184962
20, 2450, 11, 183205, 184239
20, 2460, 11, 182788, 186270
20, 2470, 11, 182788, 185849
20, 2480, 11, 182387, 184701
20, 2490, 11, 182345, 183908
20, 2500, 11, 182345, 185471
20, 2510, 11, 181800, 185016
20, 2520, 11, 181600, 184755
20, 2530, 11, 180826, 180937
20, 2540, 11, 179961, 183618
20, 2550, 11, 179814, 181858
20, 2560, 11, 179433, 182137
20, 2570, 11, 179433, 181340
20, 2580, 11, 178610, 179569
20, 2590, 11, 178610, 182093
20, 2600, 11, 178471, 182315
20, 2610, 11, 178061, 180391
20, 2620, 11, 178061, 180935
20, 2630, 11, 177885, 179740
20, 2640, 11, 177864, 181022
20, 2650, 11, 177846, 181863
20, 2660, 11, 177266, 178053
20, 2670, 11, 177009, 181845
20, 2680, 11, 176827, 181158
20, 2690, 11, 176660, 178287
20, 2700, 11, 176363, 178149
20, 2710, 11, 175563, 176859
20, 2720, 11, 175301, 176960
20, 2730, 11, 175234, 176834
20, 2740, 11, 175088, 176234
20, 2750, 11, 175088, 176208
20, 2760, 11, 175006, 175088
20, 2770, 11, 174759, 177899
20, 2780, 11, 174759, 174759
20, 2790, 11, 174537, 174759
20, 2800, 11, 174205, 177364
20, 2810, 11, 173781, 175102
20, 2820, 11, 173781, 175519
20, 2830, 11, 173281, 178266
20, 2840, 11, 173261, 173281
20, 2850, 11, 173261, 175606
20, 2860, 11, 173261, 174534
20, 2870, 11, 171993, 175682
20, 2880, 11, 171637, 173074
20, 2890, 11, 171440, 173673
20, 2900, 11, 171344, 173038
20, 2910, 11, 171337, 173532
20, 2920, 11, 171337, 171958
20, 2930, 11, 171335, 173022
20, 2940, 11, 170892, 172507
20, 2950, 11, 170270, 172523
20, 2960, 11, 169886, 174543
20, 2970, 11, 168835, 172437
20, 2980, 11, 168472, 172871
20, 2990, 11, 168434, 171281
20, 3000, 11, 168306, 168639
20, 3010, 11, 168055, 170660
20, 3020, 11, 168055, 169383
20, 3030, 11, 167931, 171324
20, 3040, 11, 167713, 170481
20, 3050, 11, 166934, 168282
20, 3060, 11, 166640, 167693
20, 3070, 11, 166558, 168309
20, 3080, 11, 166558, 167609
20, 3090, 11, 166489, 168713
20, 3100, 11, 166489, 168209
20, 3110, 11, 166124, 170560
20, 3120, 11, 166059, 167669
20, 3130, 11, 166059, 168941
20, 3140, 11, 165858, 169418
20, 3150, 11, 165544, 169382
20, 3160, 11, 165026, 168591
20, 3170, 11, 164943, 167467
20, 3180, 11, 164371, 169358
20, 3190, 11, 164371, 167437
20, 3200, 11, 164041, 164371
20, 3210, 11, 163960, 167340
20, 3220, 11, 163960, 167478
20, 3230, 11, 163960, 165903
20, 3240, 11, 163960, 166686
20, 3250, 11, 163960, 167076
20, 3260, 11, 163382, 165989
20, 3270, 11, 162120, 163459
20, 3280, 11, 161538, 163651
20, 3290, 11, 160965, 164274
20, 3300, 11, 160674, 162414
20, 3310, 11, 159920, 163327
20, 3320, 11, 159568, 161742
20, 3330, 11, 158945, 162377
20, 3340, 11, 157682, 161438
20, 3350, 11, 157537, 158978
20, 3360, 11, 157448, 159213
20, 3370, 11, 157036, 158421
20, 3380, 11, 156827, 160177
20, 3390, 11, 156197, 158013
20, 3400, 11, 155911, 158033
20, 3410, 11, 155744, 155775
20, 3420, 11, 155735, 157796
20, 3430, 11, 155333, 158173
20, 3440, 11, 155159, 156015
20, 3450, 11, 154826, 157635
20, 3460, 11, 154521, 157169
20, 3470, 11, 154140, 156662
20, 3480, 11, 154140, 155601
20, 3490, 11, 154011, 154210
20, 3500, 11, 154011, 154011
20, 3510, 11, 154011, 156238
20, 3520, 11, 154011, 156847
20, 3530, 11, 153812, 158142
20, 3540, 11, 153789, 155453
20, 3550, 11, 153789, 155644
20, 3560, 11, 153789, 154895
20, 3570, 11, 153519, 153697
20, 3580, 11, 153490, 156415
20, 3590, 11, 153475, 155072
20, 3600, 11, 153150, 155756
20, 3610, 11, 153063, 154123
20, 3620, 11, 152775, 154737
20, 3630, 11, 152748, 154649
20, 3640, 11, 152598, 155770
20, 3650, 11, 152480, 155938
20, 3660, 11, 152480, 157116
20, 3670, 11, 152197, 157521
20, 3680, 11, 151713, 153006
20, 3690, 11, 151164, 152077
20, 3700, 11, 151055, 153531
20, 3710, 11, 150855, 151676
20, 3720, 11, 150780, 154280
20, 3730, 11, 150582, 151886
20, 3740, 11, 150581, 152201
20, 3750, 11, 150232, 154485
20, 3760, 11, 150090, 153323
20, 3770, 11, 148945, 154216
20, 3780, 11, 148346, 149519
20, 3790, 11, 148346, 153066
20, 3800, 11, 147972, 155232
20, 3810, 11, 147972, 149094
20, 3820, 11, 147914, 150967
20, 3830, 11, 147254, 150477
20, 3840, 11, 147254, 147841
20, 3850, 11, 147254, 150720
20, 3860, 11, 147254, 147254
20, 3870, 11, 146682, 147817
20, 3880, 11, 146682, 153665
20, 3890, 11, 146456, 146456
20, 3900, 11, 146422, 147520
20, 3910, 11, 146012, 149175
20, 3920, 11, 145834, 145834
20, 3930, 11, 145834, 147435
20, 3940, 11, 145834, 149460
20, 3950, 11, 145578, 150325
20, 3960, 11, 145207, 149180
20, 3970, 11, 144919, 146988
20, 3980, 11, 144883, 146723
20, 3990, 11, 144410, 145183
20, 4000, 11, 143581, 147735
20, 4010, 11, 143318, 144237
20, 4020, 11, 143149, 144240
20, 4030, 11, 143149, 146585
20, 4040, 11, 143149, 144924
20, 4050, 11, 142887, 146100
20, 4060, 11, 142887, 143708
20, 4070, 11, 142799, 146820
20, 4080, 11, 142215, 145607
20, 4090, 11, 142215, 142215
20, 4100, 11, 141103, 145456
20, 4110, 11, 141103, 144464
20, 4120, 11, 140924, 147526
20, 4130, 11, 140924, 142450
20, 4140, 11, 140637, 142297
20, 4150, 11, 140637, 140872
20, 4160, 11, 140482, 142332
20, 4170, 11, 140274, 141147
20, 4180, 11, 140062, 142006
20, 4190, 11, 139773, 140794
20, 4200, 11, 139565, 140271
20, 4210, 11, 139439, 142842
20, 4220, 11, 139360, 141887
20, 4230, 11, 139303, 140933
20, 4240, 11, 139171, 141572
20, 4250, 11, 139160, 142526
20, 4260, 11, 139115, 141266
20, 4270, 11, 139115, 141682
20, 4280, 11, 138722, 139115
20, 4290, 11, 138722, 139599
20, 4300, 11, 138722, 139786
20, 4310, 11, 138671, 139127
20, 4320, 11, 137571, 139594
20, 4330, 11, 137510, 137831
20, 4340, 11, 137227, 137510
20, 4350, 11, 136705, 138748
20, 4360, 11, 136705, 139172
20, 4370, 11, 136110, 139118
20, 4380, 11, 135732, 138201
20, 4390, 11, 135624, 136962
20, 4400, 11, 135554, 137158
20, 4410, 11, 135457, 137964
20, 4420, 11, 135457, 137007
20, 4430, 11, 135457, 137473
20, 4440, 11, 135203, 137514
20, 4450, 11, 135203, 137456
20, 4460, 11, 135203, 135203
20, 4470, 11, 135144, 137226
20, 4480, 11, 133896, 139618
20, 4490, 11, 133723, 136123
20, 4500, 11, 133236, 133869
20, 4510, 11, 133236, 136954
20, 4520, 11, 133236, 137740
20, 4530, 11, 133236, 135972
20, 4540, 11, 132879, 134911
20, 4550, 11, 132786, 134159
20, 4560, 11, 132786, 134611
20, 4570, 11, 132482, 133466
20, 4580, 11, 132453, 137320
20, 4590, 11, 132435, 132683
20, 4600, 11, 131724, 131871
20, 4610, 11, 131160, 135286
20, 4620, 11, 130970, 133675
20, 4630, 11, 130970, 134251
20, 4640, 11, 130692, 130970
20, 4650, 11, 130634, 130634
20, 4660, 11, 130416, 131772
20, 4670, 11, 130001, 133440
20, 4680, 11, 130001, 132135
20, 4690, 11, 129745, 134644
20, 4700, 11, 128951, 133424
20, 4710, 11, 128951, 131197
20, 4720, 11, 128951, 131106
20, 4730, 11, 128674, 130435
20, 4740, 11, 128674, 128674
20, 4750, 11, 128674, 132356
20, 4760, 11, 128674, 131932
20, 4770, 11, 128480, 131796
20, 4780, 11, 127756, 129427
20, 4790, 11, 127562, 130445
20, 4800, 11, 127562, 129108
20, 4810, 11, 127562, 131951
20, 4820, 11, 127562, 132236
20, 4830, 11, 127455, 131542
20, 4840, 11, 127319, 129119
20, 4850, 11, 127319, 130102
20, 4860, 11, 127179, 133336
20, 4870, 11, 127179, 130803
20, 4880, 11, 127138, 128693
20, 4890, 11, 126840, 130102
20, 4900, 11, 126676, 126840
20, 4910, 11, 126676, 130113
20, 4920, 11, 126672, 128985
20, 4930, 11, 126419, 126419
20, 4940, 11, 125246, 125683
20, 4950, 11, 125246, 127155
20, 4960, 11, 125107, 128411
20, 4970, 11, 125107, 125107
20, 4980, 11, 125107, 125107
20, 4990, 11, 125107, 131221
20, 5000, 11, 125089, 125394
20, 5010, 11, 124722, 125936
20, 5020, 11, 124269, 127019
20, 5030, 11, 124269, 127631
20, 5040, 11, 124269, 127120
20, 5050, 11, 124269, 128541
20, 5060, 11, 123837, 124770
20, 5070, 11, 123538, 125608
20, 5080, 11, 123538, 126255
20, 5090, 11, 123538, 126178
20, 5100, 11, 123526, 126719
20, 5110, 11, 123461, 124350
20, 5120, 11, 123461, 126741
20, 5130, 11, 123387, 123574
20, 5140, 11, 123305, 126146
20, 5150, 11, 123099, 126076
20, 5160, 11, 122964, 125440
20, 5170, 11, 122806, 126322
20, 5180, 11, 122806, 125176
20, 5190, 11, 122806, 124479
20, 5200, 11, 122796, 125464
20, 5210, 11, 122642, 123852
20, 5220, 11, 122270, 122270
20, 5230, 11, 122270, 123950
20, 5240, 11, 122270, 126301
20, 5250, 11, 122255, 125221
20, 5260, 11, 122255, 123020
20, 5270, 11, 122255, 122255
20, 5280, 11, 122255, 126722
20, 5290, 11, 122227, 122255
20, 5300, 11, 121977, 122227
20, 5310, 11, 121337, 122284
20, 5320, 11, 121337, 121488
20, 5330, 11, 121337, 123374
20, 5340, 11, 121197, 121764
20, 5350, 11, 121197, 124249
20, 5360, 11, 121197, 123458
20, 5370, 11, 120822, 121197
20, 5380, 11, 120780, 123691
20, 5390, 11, 120762, 120762
20, 5400, 11, 120762, 120762
20, 5410, 11, 120620, 123903
20, 5420, 11, 120459, 122477
20, 5430, 11, 120459, 122160
20, 5440, 11, 120459, 122267
20, 5450, 11, 120208, 121235
20, 5460, 11, 120036, 124456
20, 5470, 11, 120036, 121454
20, 5480, 11, 119861, 121766
20, 5490, 11, 119847, 122601
20, 5500, 11, 119834, 122957
20, 5510, 11, 119571, 121116
20, 5520, 11, 119571, 122870
20, 5530, 11, 119334, 119475
20, 5540, 11, 119334, 123526
20, 5550, 11, 119109, 120196
20, 5560, 11, 119109, 120504
20, 5570, 11, 119109, 123936
20, 5580, 11, 118708, 120243
20, 5590, 11, 118706, 119911
20, 5600, 11, 118688, 118706
20, 5610, 11, 118688, 120277
20, 5620, 11, 118688, 118688
20, 5630, 11, 118688, 119445
20, 5640, 11, 118647, 121923
20, 5650, 11, 118647, 121367
20, 5660, 11, 118436, 124983
20, 5670, 11, 118266, 121498
20, 5680, 11, 118266, 123619
20, 5690, 11, 117637, 120123
20, 5700, 11, 117594, 118669
20, 5710, 11, 117594, 117594
20, 5720, 11, 117497, 119551
20, 5730, 11, 117497, 120770
20, 5740, 11, 117497, 119679
20, 5750, 11, 117462, 120413
20, 5760, 11, 117462, 119421
20, 5770, 11, 117462, 117462
20, 5780, 11, 117462, 118077
20, 5790, 11, 117215, 119723
20, 5800, 11, 117146, 119429
20, 5810, 11, 117146, 119354
20, 5820, 11, 117033, 120839
20, 5830, 11, 117033, 120859
20, 5840, 11, 117033, 117033
20, 5850, 11, 116953, 119476
20, 5860, 11, 116953, 119843
20, 5870, 11, 116438, 119203
20, 5880, 11, 116438, 120517
20, 5890, 11, 116402, 119420
20, 5900, 11, 116402, 116402
20, 5910, 11, 116402, 116402
20, 5920, 11, 116402, 118126
20, 5930, 11, 116402, 116402
20, 5940, 11, 116310, 118090
20, 5950, 11, 116310, 116310
20, 5960, 11, 116254, 118885
20, 5970, 11, 116095, 116254
20, 5980, 11, 116095, 121278
20, 5990, 11, 116095, 116095
20, 6000, 11, 115960, 120376
20, 6010, 11, 115255, 115645
20, 6020, 11, 115105, 117177
20, 6030, 11, 115105, 117915
20, 6040, 11, 114964, 116205
20, 6050, 11, 114828, 118083
20, 6060, 11, 114828, 114828
20, 6070, 11, 114828, 114828
20, 6080, 11, 114828, 114828
20, 6090, 11, 114409, 117697
20, 6100, 11, 114409, 117080
20, 6110, 11, 114309, 117547
20, 6120, 11, 113448, 116987
20, 6130, 11, 113448, 115914
20, 6140, 11, 113448, 115048
20, 6150, 11, 113392, 115697
20, 6160, 11, 112883, 115272
20, 6170, 11, 112783, 117626
20, 6180, 11, 112783, 115025
20, 6190, 11, 112783, 112783
20, 6200, 11, 112779, 114608
20, 6210, 11, 112771, 114205
20, 6220, 11, 112771, 112771
20, 6230, 11, 112734, 117539
20, 6240, 11, 112569, 114253
20, 6250, 11, 112569, 112569
20, 6260, 11, 112569, 112569
20, 6270, 11, 112569, 112569
20, 6280, 11, 112415, 112469
20, 6290, 11, 112415, 112473
20, 6300, 11, 112415, 112974
20, 6310, 11, 112046, 112731
20, 6320, 11, 112046, 113946
20, 6330, 11, 111819, 113006
20, 6340, 11, 111819, 111819
20, 6350, 11, 111819, 113572
20, 6360, 11, 111591, 111819
20, 6370, 11, 111591, 113600
20, 6380, 11, 111550, 111591
20, 6390, 11, 111286, 112028
20, 6400, 11, 111157, 111286
20, 6410, 11, 111157, 116179
20, 6420, 11, 111157, 112193
20, 6430, 11, 110818, 116201
20, 6440, 11, 110818, 112452
20, 6450, 11, 110818, 113447
20, 6460, 11, 110818, 111967
20, 6470, 11, 110604, 112899
20, 6480, 11, 110604, 110604
20, 6490, 11, 110604, 112007
20, 6500, 11, 110573, 112625
20, 6510, 11, 110537, 110537
20, 6520, 11, 110537, 111660
20, 6530, 11, 110240, 110240
20, 6540, 11, 110240, 113363
20, 6550, 11, 109920, 110240
20, 6560, 11, 109920, 109920
20, 6570, 11, 109920, 111868
20, 6580, 11, 109920, 109920
20, 6590, 11, 109841, 112941
20, 6600, 11, 109841, 111792
20, 6610, 11, 109696, 109841
20, 6620, 11, 109521, 113033
20, 6630, 11, 109396, 109521
20, 6640, 11, 109396, 110518
20, 6650, 11, 108639, 111180
20, 6660, 11, 108639, 108900
20, 6670, 11, 108175, 110381
20, 6680, 11, 107750, 108834
20, 6690, 11, 107713, 108464
20, 6700, 11, 107454, 109357
20, 6710, 11, 107266, 111935
20, 6720, 11, 107226, 107266
20, 6730, 11, 107197, 107226
20, 6740, 11, 106970, 107601
20, 6750, 11, 106970, 109421
20, 6760, 11, 106869, 108690
20, 6770, 11, 106833, 106833
20, 6780, 11, 106833, 106833
20, 6790, 11, 106710, 108110
20, 6800, 11, 106710, 108729
20, 6810, 11, 106488, 107845
20, 6820, 11, 106316, 111466
20, 6830, 11, 106316, 106316
20, 6840, 11, 106316, 107797
20, 6850, 11, 106316, 107436
20, 6860, 11, 106316, 106316
20, 6870, 11, 106272, 109409
20, 6880, 11, 106227, 106272
20, 6890, 11, 106227, 109829
20, 6900, 11, 106018, 106821
20, 6910, 11, 106018, 106018
20, 6920, 11, 106018, 106018
20, 6930, 11, 105768, 106018
20, 6940, 11, 105514, 105571
20, 6950, 11, 105461, 108042
20, 6960, 11, 105439, 105593
20, 6970, 11, 105338, 105439
20, 6980, 11, 105338, 105338
20, 6990, 11, 105338, 107320
20, 7000, 11, 105338, 105338
20, 7010, 11, 105338, 105338
20, 7020, 11, 105338, 107558
20, 7030, 11, 105338, 109103
20, 7040, 11, 105338, 107411
20, 7050, 11, 105291, 105291
20, 7060, 11, 105291, 107122
20, 7070, 11, 105127, 107193
20, 7080, 11, 105127, 105127
20, 7090, 11, 104940, 107106
20, 7100, 11, 104940, 104940
20, 7110, 11, 104875, 107995
20, 7120, 11, 104192, 105285
20, 7130, 11, 104192, 104192
20, 7140, 11, 104192, 106842
20, 7150, 11, 104192, 104192
20, 7160, 11, 104192, 104772
20, 7170, 11, 104175, 104192
20, 7180, 11, 104175, 105595
20, 7190, 11, 104175, 104175
20, 7200, 11, 103971, 105615
20, 7210, 11, 103971, 103971
20, 7220, 11, 103971, 104540
20, 7230, 11, 103777, 105426
20, 7240, 11, 103777, 105015
20, 7250, 11, 103777, 103777
20, 7260, 11, 103315, 105365
20, 7270, 11, 103315, 107489
20, 7280, 11, 103183, 106516
20, 7290, 11, 103063, 103183
20, 7300, 11, 103063, 106515
20, 7310, 11, 103063, 105463
20, 7320, 11, 102998, 104235
20, 7330, 11, 102881, 104967
20, 7340, 11, 102821, 102850
20, 7350, 11, 102821, 106843
20, 7360, 11, 102803, 103567
20, 7370, 11, 102791, 103219
20, 7380, 11, 102791, 104906
20, 7390, 11, 102791, 104052
20, 7400, 11, 102791, 106389
20, 7410, 11, 102791, 102791
20, 7420, 11, 102791, 102791
20, 7430, 11, 102785, 105958
20, 7440, 11, 102655, 103147
20, 7450, 11, 102572, 105092
20, 7460, 11, 102442, 102846
20, 7470, 11, 102352, 104880
20, 7480, 11, 102352, 102352
20, 7490, 11, 102296, 102296
20, 7500, 11, 102296, 102728
20, 7510, 11, 102296, 102417
20, 7520, 11, 102296, 103249
20, 7530, 11, 101704, 106399
20, 7540, 11, 101704, 101704
20, 7550, 11, 101516, 105040
20, 7560, 11, 101516, 105584
20, 7570, 11, 101388, 101516
20, 7580, 11, 101388, 101388
20, 7590, 11, 101188, 102847
20, 7600, 11, 101161, 101161
20, 7610, 11, 101037, 101161
20, 7620, 11, 101037, 101037
20, 7630, 11, 100700, 103656
20, 7640, 11, 100585, 101806
20, 7650, 11, 100585, 100585
20, 7660, 11, 100585, 101067
20, 7670, 11, 100470, 100585
20, 7680, 11, 100470, 100470
20, 7690, 11, 100400, 100731
20, 7700, 11, 100400, 100400
20, 7710, 11, 100400, 100400
20, 7720, 11, 100400, 103337
20, 7730, 11, 100400, 100400
20, 7740, 11, 100400, 101199
20, 7750, 11, 100400, 102428
20, 7760, 11, 100400, 100400
20, 7770, 11, 100400, 100400
20, 7780, 11, 99989, 101440
20, 7790, 11, 99989, 100989
20, 7800, 11, 99746, 105183
20, 7810, 11, 99746, 102911
20, 7820, 11, 99746, 102715
20, 7830, 11, 99603, 99603
20, 7840, 11, 99603, 103068
20, 7850, 11, 99603, 101838
20, 7860, 11, 99603, 101335
20, 7870, 11, 99504, 99504
20, 7880, 11, 99448, 100122
20, 7890, 11, 99448, 100152
20, 7900, 11, 99399, 99448
20, 7910, 11, 99399, 102712
20, 7920, 11, 99399, 99399
20, 7930, 11, 99399, 101708
20, 7940, 11, 99399, 99843
20, 7950, 11, 99326, 99326
20, 7960, 11, 99326, 103439
20, 7970, 11, 99286, 100571
20, 7980, 11, 99186, 102459
20, 7990, 11, 99125, 100792
20, 8000, 11, 99125, 102828
20, 8010, 11, 99125, 99509
20, 8020, 11, 99125, 101563
20, 8030, 11, 99125, 99125
20, 8040, 11, 99120, 100118
20, 8050, 11, 99120, 99120
20, 8060, 11, 99120, 99120
20, 8070, 11, 99120, 99120
20, 8080, 11, 99120, 100501
20, 8090, 11, 99120, 101185
20, 8100, 11, 99120, 102968
20, 8110, 11, 99055, 99120
20, 8120, 11, 99055, 100831
20, 8130, 11, 99055, 99055
20, 8140, 11, 99031, 100485
20, 8150, 11, 99013, 99701
20, 8160, 11, 98995, 99013
20, 8170, 11, 98995, 99511
20, 8180, 11, 98995, 101030
20, 8190, 11, 98644, 101282
20, 8200, 11, 98608, 98608
20, 8210, 11, 98608, 98608
20, 8220, 11, 98608, 98608
20, 8230, 11, 98608, 98608
20, 8240, 11, 98440, 99008
20, 8250, 11, 98298, 98440
20, 8260, 11, 98298, 101460
20, 8270, 11, 98298, 100279
20, 8280, 11, 98298, 99704
20, 8290, 11, 98025, 100535
20, 8300, 11, 98025, 102681
20, 8310, 11, 98025, 98025
20, 8320, 11, 97984, 98972
20, 8330, 11, 97984, 97984
20, 8340, 11, 97799, 97984
20, 8350, 11, 97799, 97799
20, 8360, 11, 97799, 100683
20, 8370, 11, 97799, 99865
20, 8380, 11, 97766, 100996
20, 8390, 11, 97754, 98878
20, 8400, 11, 97754, 97754
20, 8410, 11, 97583, 101937
20, 8420, 11, 97583, 101947
20, 8430, 11, 97583, 97583
20, 8440, 11, 97501, 100424
20, 8450, 11, 97459, 97501
20, 8460, 11, 97459, 98848
20, 8470, 11, 97459, 97459
20, 8480, 11, 97392, 99736
20, 8490, 11, 97392, 98353
20, 8500, 11, 97392, 100608
20, 8510, 11, 97392, 100799
20, 8520, 11, 97392, 99553
20, 8530, 11, 97392, 99289
20, 8540, 11, 97392, 98085
20, 8550, 11, 97392, 98016
20, 8560, 11, 97392, 98647
20, 8570, 11, 97392, 98898
20, 8580, 11, 97392, 98761
20, 8590, 11, 97392, 97392
20, 8600, 11, 97309, 98850
20, 8610, 11, 97309, 97309
20, 8620, 11, 97309, 99569
20, 8630, 11, 97277, 98489
20, 8640, 11, 97277, 99623
20, 8650, 11, 97277, 101544
20, 8660, 11, 96843, 99620
20, 8670, 11, 96783, 99032
20, 8680, 11, 96783, 99238
20, 8690, 11, 96783, 97903
20, 8700, 11, 96783, 98121
20, 8710, 11, 96710, 96710
20, 8720, 11, 96710, 96710
20, 8730, 11, 96710, 96710
20, 8740, 11, 96710, 99747
20, 8750, 11, 96710, 98250
20, 8760, 11, 96635, 98966
20, 8770, 11, 96635, 97909
20, 8780, 11, 96635, 97457
20, 8790, 11, 96635, 98859
20, 8800, 11, 96635, 96635
20, 8810, 11, 96635, 96635
20, 8820, 11, 96635, 99011
20, 8830, 11, 96635, 96635
20, 8840, 11, 96635, 96635
20, 8850, 11, 96635, 97260
20, 8860, 11, 96635, 97864
20, 8870, 11, 96635, 96635
20, 8880, 11, 96515, 97343
20, 8890, 11, 96478, 96515
20, 8900, 11, 96202, 96478
20, 8910, 11, 96134, 96202
20, 8920, 11, 96007, 96134
20, 8930, 11, 95903, 97682
20, 8940, 11, 95903, 97601
20, 8950, 11, 95645, 95903
20, 8960, 11, 95645, 95645
20, 8970, 11, 95645, 95645
20, 8980, 11, 95645, 95645
20, 8990, 11, 95601, 97191
20, 9000, 11, 95583, 99918
20, 9010, 11, 95583, 98212
20, 9020, 11, 95583, 97291
20, 9030, 11, 95583, 95583
20, 9040, 11, 95581, 97457
20, 9050, 11, 95520, 95581
20, 9060, 11, 95514, 95520
20, 9070, 11, 95514, 95514
20, 9080, 11, 95514, 95514
20, 9090, 11, 95514, 96371
20, 9100, 11, 95514, 95514
20, 9110, 11, 95514, 96722
20, 9120, 11, 95514, 95514
20, 9130, 11, 95514, 96272
20, 9140, 11, 95514, 98076
20, 9150, 11, 95490, 96781
20, 9160, 11, 95490, 97015
20, 9170, 11, 95490, 95490
20, 9180, 11, 95431, 98747
20, 9190, 11, 95431, 95431
20, 9200, 11, 95431, 97612
20, 9210, 11, 95431, 95431
20, 9220, 11, 95431, 98690
20, 9230, 11, 95431, 98109
20, 9240, 11, 95431, 99843
20, 9250, 11, 95431, 96077
20, 9260, 11, 95431, 96574
20, 9270, 11, 95431, 95431
20, 9280, 11, 95431, 95431
20, 9290, 11, 95431, 95431
20, 9300, 11, 95431, 95431
20, 9310, 11, 95431, 96592
20, 9320, 11, 95431, 100166
20, 9330, 11, 95431, 95431
20, 9340, 11, 95110, 96131
20, 9350, 11, 94993, 96077
20, 9360, 11, 94993, 94993
20, 9370, 11, 94993, 95258
20, 9380, 11, 94993, 97602
20, 9390, 11, 94993, 94993
20, 9400, 11, 94993, 95851
20, 9410, 11, 94993, 97266
20, 9420, 11, 94993, 94993
20, 9430, 11, 94993, 94993
20, 9440, 11, 94993, 97779
20, 9450, 11, 94960, 94960
20, 9460, 11, 94960, 94960
20, 9470, 11, 94960, 96361
20, 9480, 11, 94960, 94960
20, 9490, 11, 94960, 94960
20, 9500, 11, 94960, 96576
20, 9510, 11, 94814, 94960
20, 9520, 11, 94814, 94814
20, 9530, 11, 94814, 95545
20, 9540, 11, 94814, 97149
20, 9550, 11, 94661, 97033
20, 9560, 11, 94661, 94661
20, 9570, 11, 94661, 94661
20, 9580, 11, 94654, 94661
20, 9590, 11, 94654, 94654
20, 9600, 11, 94654, 96663
20, 9610, 11, 94654, 94654
20, 9620, 11, 94654, 95454
20, 9630, 11, 94654, 94654
20, 9640, 11, 94654, 94654
20, 9650, 11, 94654, 94654
20, 9660, 11, 94654, 94654
20, 9670, 11, 94654, 94654
20, 9680, 11, 94654, 94654
20, 9690, 11, 94654, 94654
20, 9700, 11, 94654, 94654
20, 9710, 11, 94525, 94941
20, 9720, 11, 94524, 94789
20, 9730, 11, 94524, 98005
20, 9740, 11, 94497, 95872
20, 9750, 11, 94497, 94497
20, 9760, 11, 94497, 98338
20, 9770, 11, 94497, 96863
20, 9780, 11, 94497, 94497
20, 9790, 11, 94479, 94479
20, 9800, 11, 94479, 97511
20, 9810, 11, 94479, 95087
20, 9820, 11, 94479, 94967
20, 9830, 11, 94479, 96796
20, 9840, 11, 94422, 94422
20, 9850, 11, 94422, 94422
20, 9860, 11, 94322, 94364
20, 9870, 11, 94322, 94322
20, 9880, 11, 94322, 94322
20, 9890, 11, 94322, 95920
20, 9900, 11, 94322, 97323
20, 9910, 11, 94322, 94322
20, 9920, 11, 94322, 94322
20, 9930, 11, 94304, 94322
20, 9940, 11, 94304, 95291
20, 9950, 11, 94304, 94304
20, 9960, 11, 94073, 94304
20, 9970, 11, 94031, 94073
20, 9980, 11, 94031, 95671
20, 9990, 11, 94031, 94031
20, 10000, 11, 94031, 94031
20, 10010, 11, 94031, 96073
20, 10020, 11, 94031, 94031
20, 10030, 11, 94031, 94031
20, 10040, 11, 94014, 94014
20, 10050, 11, 94014, 95667
20, 10060, 11, 93980, 95612
20, 10070, 11, 93980, 93980
20, 10080, 11, 93738, 93980
20, 10090, 11, 93659, 93659
20, 10100, 11, 93659, 93659
20, 10110, 11, 93628, 93628
20, 10120, 11, 93628, 94428
20, 10130, 11, 93628, 95495
20, 10140, 11, 93628, 94936
20, 10150, 11, 93628, 93628
20, 10160, 11, 93628, 94267
20, 10170, 11, 93621, 93628
20, 10180, 11, 93621, 95368
20, 10190, 11, 93621, 93621
20, 10200, 11, 93621, 93621
20, 10210, 11, 93621, 93621
20, 10220, 11, 93621, 95575
20, 10230, 11, 93621, 96981
20, 10240, 11, 93550, 95593
20, 10250, 11, 93550, 93550
20, 10260, 11, 93550, 93550
20, 10270, 11, 93550, 95326
20, 10280, 11, 93550, 93550
20, 10290, 11, 93550, 93550
20, 10300, 11, 93550, 95220
20, 10310, 11, 93375, 93375
20, 10320, 11, 93375, 96158
20, 10330, 11, 93375, 93375
20, 10340, 11, 93256, 93504
20, 10350, 11, 93256, 97428
20, 10360, 11, 93256, 93256
20, 10370, 11, 93256, 93256
20, 10380, 11, 93256, 95361
20, 10390, 11, 93256, 93256
20, 10400, 11, 92908, 93256
20, 10410, 11, 92908, 92908
20, 10420, 11, 92744, 93865
20, 10430, 11, 92744, 92744
20, 10440, 11, 92744, 92744
20, 10450, 11, 92744, 92744
20, 10460, 11, 92744, 92744
20, 10470, 11, 92672, 92672
20, 10480, 11, 92526, 92565
20, 10490, 11, 92526, 92526
20, 10500, 11, 92526, 92526
20, 10510, 11, 92526, 94875
20, 10520, 11, 92526, 95248
20, 10530, 11, 92368, 92526
20, 10540, 11, 92368, 92368
20, 10550, 11, 92281, 92281
20, 10560, 11, 92281, 96243
20, 10570, 11, 92281, 92281
20, 10580, 11, 92190, 92281
20, 10590, 11, 92190, 92190
20, 10600, 11, 92190, 92190
20, 10610, 11, 92190, 92190
20, 10620, 11, 92190, 92190
20, 10630, 11, 92190, 94653
20, 10640, 11, 92017, 93446
20, 10650, 11, 92017, 92461
20, 10660, 11, 92017, 93057
20, 10670, 11, 92017, 92017
20, 10680, 11, 92017, 92017
20, 10690, 11, 92017, 92017
20, 10700, 11, 92017, 92017
20, 10710, 11, 92017, 92017
20, 10720, 11, 92017, 92017
20, 10730, 11, 91817, 94421
20, 10740, 11, 91817, 94727
20, 10750, 11, 91817, 93011
20, 10760, 11, 91817, 91817
20, 10770, 11, 91817, 91817
20, 10780, 11, 91817, 91817
20, 10790, 11, 91624, 91624
20, 10800, 11, 91624, 93330
20, 10810, 11, 91617, 94177
20, 10820, 11, 91617, 91617
20, 10830, 11, 91617, 91617
20, 10840, 11, 91617, 93843
20, 10850, 11, 91610, 93779
20, 10860, 11, 91610, 91610
20, 10870, 11, 91610, 92293
20, 10880, 11, 91610, 91610
20, 10890, 11, 91610, 91610
20, 10900, 11, 91610, 91610
20, 10910, 11, 91610, 91610
20, 10920, 11, 91504, 92603
20, 10930, 11, 91504, 91504
20, 10940, 11, 91504, 91504
20, 10950, 11, 91390, 91504
20, 10960, 11, 91390, 93034
20, 10970, 11, 91390, 91390
20, 10980, 11, 91390, 91390
20, 10990, 11, 91390, 91390
20, 11000, 11, 91390, 91390
20, 11010, 11, 91390, 91390
20, 11020, 11, 91390, 92918
20, 11030, 11, 91390, 91390
20, 11040, 11, 91390, 93477
20, 11050, 11, 91390, 93225
20, 11060, 11, 91390, 91390
20, 11070, 11, 91370, 91370
20, 11080, 11, 91370, 91370
20, 11090, 11, 91370, 93963
20, 11100, 11, 91287, 93025
20, 11110, 11, 91287, 93829
20, 11120, 11, 91287, 91287
20, 11130, 11, 91287, 93346
20, 11140, 11, 91287, 91287
20, 11150, 11, 91287, 91287
20, 11160, 11, 91287, 91287
20, 11170, 11, 91287, 91287
20, 11180, 11, 91287, 91287
20, 11190, 11, 91287, 91287
20, 11200, 11, 91287, 91500
20, 11210, 11, 90739, 90739
20, 11220, 11, 90739, 93339
20, 11230, 11, 90739, 90739
20, 11240, 11, 90739, 90739
20, 11250, 11, 90739, 94929
20, 11260, 11, 90739, 90739
20, 11270, 11, 90677, 92606
20, 11280, 11, 90566, 90677
20, 11290, 11, 90544, 90566
20, 11300, 11, 90544, 90544
20, 11310, 11, 90544, 92266
20, 11320, 11, 90544, 90544
20, 11330, 11, 90544, 91856
20, 11340, 11, 90544, 90544
20, 11350, 11, 90520, 93752
20, 11360, 11, 90520, 91728
20, 11370, 11, 90520, 90520
20, 11380, 11, 90520, 92390
20, 11390, 11, 90520, 90520
20, 11400, 11, 90520, 90520
20, 11410, 11, 90520, 90520
20, 11420, 11, 90520, 90520
20, 11430, 11, 90520, 90520
20, 11440, 11, 90402, 90402
20, 11450, 11, 90402, 90402
20, 11460, 11, 90402, 91265
20, 11470, 11, 90402, 92300
20, 11480, 11, 90356, 90402
20, 11490, 11, 90356, 91818
20, 11500, 11, 90356, 90748
20, 11510, 11, 90356, 90356
20, 11520, 11, 90356, 90356
20, 11530, 11, 90317, 91144
20, 11540, 11, 90317, 90317
20, 11550, 11, 90317, 90317
20, 11560, 11, 90317, 92304
20, 11570, 11, 90019, 90114
20, 11580, 11, 89967, 89967
20, 11590, 11, 89967, 92486
20, 11600, 11, 89967, 90406
20, 11610, 11, 89967, 89967
20, 11620, 11, 89967, 89967
20, 11630, 11, 89967, 89967
20, 11640, 11, 89860, 89860
20, 11650, 11, 89860, 92167
20, 11660, 11, 89860, 89894
20, 11670, 11, 89827, 90292
20, 11680, 11, 89827, 89827
20, 11690, 11, 89821, 89827
20, 11700, 11, 89821, 93286
20, 11710, 11, 89821, 89821
20, 11720, 11, 89821, 89821
20, 11730, 11, 89821, 91646
20, 11740, 11, 89821, 89821
20, 11750, 11, 89821, 89821
20, 11760, 11, 89821, 89821
20, 11770, 11, 89703, 89721
20, 11780, 11, 89703, 91126
20, 11790, 11, 89703, 89703
20, 11800, 11, 89691, 89691
20, 11810, 11, 89691, 89691
20, 11820, 11, 89691, 89691
20, 11830, 11, 89691, 89691
20, 11840, 11, 89691, 89691
20, 11850, 11, 89691, 89691
20, 11860, 11, 89691, 89691
20, 11870, 11, 89691, 92882
20, 11880, 11, 89691, 89691
20, 11890, 11, 89674, 89674
20, 11900, 11, 89674, 89674
20, 11910, 11, 89674, 89674
20, 11920, 11, 89674, 89674
20, 11930, 11, 89674, 89674
20, 11940, 11, 89674, 89674
20, 11950, 11, 89674, 91099
20, 11960, 11, 89674, 89674
20, 11970, 11, 89674, 89674
20, 11980, 11, 89674, 89674
20, 11990, 11, 89674, 89674
20, 12000, 11, 89674, 89674
20, 12010, 11, 89615, 89615
20, 12020, 11, 89615, 89615
20, 12030, 11, 89615, 91407
20, 12040, 11, 89615, 89615
20, 12050, 11, 89615, 89615
20, 12060, 11, 89615, 89615
20, 12070, 11, 89615, 89615
20, 12080, 11, 89615, 89615
20, 12090, 11, 89615, 90947
20, 12100, 11, 89615, 89615
20, 12110, 11, 89581, 89615
20, 12120, 11, 89533, 89581
20, 12130, 11, 89533, 90671
20, 12140, 11, 89533, 90116
20, 12150, 11, 89533, 89533
20, 12160, 11, 89533, 93090
20, 12170, 11, 89533, 93312
20, 12180, 11, 89533, 89533
20, 12190, 11, 89533, 90108
20, 12200, 11, 89495, 89495
20, 12210, 11, 89495, 89495
20, 12220, 11, 89495, 89495
20, 12230, 11, 89217, 89217
20, 12240, 11, 89217, 89217
20, 12250, 11, 89217, 89217
20, 12260, 11, 89217, 90502
20, 12270, 11, 89217, 89217
20, 12280, 11, 89217, 89217
20, 12290, 11, 89154, 89217
20, 12300, 11, 89012, 89154
20, 12310, 11, 89012, 89012
20, 12320, 11, 89009, 89009
20, 12330, 11, 89009, 89716
20, 12340, 11, 89009, 91891
20, 12350, 11, 89009, 89009
20, 12360, 11, 89009, 89009
20, 12370, 11, 89009, 89353
20, 12380, 11, 88958, 89009
20, 12390, 11, 88818, 88818
20, 12400, 11, 88818, 88818
20, 12410, 11, 88611, 88818
20, 12420, 11, 88611, 88611
20, 12430, 11, 88611, 88611
20, 12440, 11, 88611, 88611
20, 12450, 11, 88611, 88611
20, 12460, 11, 88611, 88611
20, 12470, 11, 88611, 89111
20, 12480, 11, 88611, 88611
20, 12490, 11, 88611, 88611
20, 12500, 11, 88611, 91511
20, 12510, 11, 88611, 88611
20, 12520, 11, 88611, 88611
20, 12530, 11, 88603, 88611
20, 12540, 11, 88385, 88603
20, 12550, 11, 88100, 88385
20, 12560, 11, 88100, 88124
20, 12570, 11, 88100, 88100
20, 12580, 11, 88100, 88100
20, 12590, 11, 88100, 88100
20, 12600, 11, 88100, 88100
20, 12610, 11, 88100, 91464
20, 12620, 11, 88100, 88100
20, 12630, 11, 88100, 88100
20, 12640, 11, 87932, 88100
20, 12650, 11, 87932, 87932
20, 12660, 11, 87932, 87932
20, 12670, 11, 87932, 88119
20, 12680, 11, 87932, 87932
20, 12690, 11, 87932, 91526
20, 12700, 11, 87932, 87932
20, 12710, 11, 87932, 87932
20, 12720, 11, 87863, 87932
20, 12730, 11, 87863, 87863
20, 12740, 11, 87863, 87863
20, 12750, 11, 87863, 87863
20, 12760, 11, 87789, 87789
20, 12770, 11, 87789, 87789
20, 12780, 11, 87789, 87789
20, 12790, 11, 87789, 87789
20, 12800, 11, 87789, 87789
20, 12810, 11, 87722, 89345
20, 12820, 11, 87722, 87722
20, 12830, 11, 87634, 87634
20, 12840, 11, 87634, 87634
20, 12850, 11, 87550, 87634
20, 12860, 11, 87550, 87550
20, 12870, 11, 87550, 87550
20, 12880, 11, 87550, 87550
20, 12890, 11, 87550, 87550
20, 12900, 11, 87550, 87550
20, 12910, 11, 87363, 87363
20, 12920, 11, 87363, 87363
20, 12930, 11, 87363, 87363
20, 12940, 11, 87363, 89084
20, 12950, 11, 87363, 87363
20, 12960, 11, 87363, 87363
20, 12970, 11, 87363, 87363
20, 12980, 11, 87363, 87363
20, 12990, 11, 87363, 87363
20, 13000, 11, 87363, 89321
20, 13010, 11, 87363, 87363
20, 13020, 11, 87363, 87363
20, 13030, 11, 87363, 87363
20, 13040, 11, 87363, 87363
20, 13050, 11, 87363, 87363
20, 13060, 11, 87363, 87363
20, 13070, 11, 87363, 87363
20, 13080, 11, 87363, 87363
20, 13090, 11, 87362, 87362
20, 13100, 11, 87362, 87362
20, 13110, 11, 87362, 87362
20, 13120, 11, 87340, 87362
20, 13130, 11, 87340, 87340
20, 13140, 11, 87340, 87340
20, 13150, 11, 87340, 87340
20, 13160, 11, 87330, 87340
20, 13170, 11, 87330, 87330
20, 13180, 11, 87330, 87330
20, 13190, 11, 87330, 89992
20, 13200, 11, 87330, 87330
20, 13210, 11, 87330, 87330
20, 13220, 11, 87330, 87330
20, 13230, 11, 87330, 87330
20, 13240, 11, 87330, 88304
20, 13250, 11, 87330, 87330
20, 13260, 11, 87330, 89140
20, 13270, 11, 87330, 88201
20, 13280, 11, 87330, 87330
20, 13290, 11, 87330, 87330
20, 13300, 11, 87330, 87330
20, 13310, 11, 87330, 87330
20, 13320, 11, 87330, 87330
20, 13330, 11, 87330, 88683
20, 13340, 11, 87330, 87330
20, 13350, 11, 87330, 87932
20, 13360, 11, 87309, 87330
20, 13370, 11, 87309, 87309
20, 13380, 11, 87309, 87309
20, 13390, 11, 87176, 87996
20, 13400, 11, 87176, 87176
20, 13410, 11, 87176, 87918
20, 13420, 11, 87176, 87176
20, 13430, 11, 87176, 87176
20, 13440, 11, 87176, 87176
20, 13450, 11, 87176, 87176
20, 13460, 11, 87176, 87176
20, 13470, 11, 87176, 87176
20, 13480, 11, 87176, 87176
20, 13490, 11, 87176, 87176
20, 13500, 11, 87176, 87176
20, 13510, 11, 87176, 87993
20, 13520, 11, 87176, 87176
20, 13530, 11, 87176, 87176
20, 13540, 11, 87144, 87176
20, 13550, 11, 87144, 87144
20, 13560, 11, 87144, 87144
20, 13570, 11, 87144, 87144
20, 13580, 11, 87144, 87144
20, 13590, 11, 87144, 87144
20, 13600, 11, 87144, 89333
20, 13610, 11, 87144, 87144
20, 13620, 11, 87144, 87144
20, 13630, 11, 87144, 87144
20, 13640, 11, 87144, 87144
20, 13650, 11, 87144, 90946
20, 13660, 11, 87144, 87144
20, 13670, 11, 87144, 87144
20, 13680, 11, 87144, 87856
20, 13690, 11, 87144, 87144
20, 13700, 11, 87144, 87144
20, 13710, 11, 87144, 87144
20, 13720, 11, 87144, 87144
20, 13730, 11, 87144, 87144
20, 13740, 11, 87144, 87144
20, 13750, 11, 87144, 87144
20, 13760, 11, 87144, 87144
20, 13770, 11, 87144, 87144
20, 13780, 11, 87144, 87652
20, 13790, 11, 87002, 87144
20, 13800, 11, 87002, 87002
20, 13810, 11, 86807, 86807
20, 13820, 11, 86807, 86807
20, 13830, 11, 86807, 86807
20, 13840, 11, 86807, 86807
20, 13850, 11, 86807, 86807
20, 13860, 11, 86807, 86807
20, 13870, 11, 86680, 86680
20, 13880, 11, 86680, 86680
20, 13890, 11, 86680, 86680
20, 13900, 11, 86680, 86680
20, 13910, 11, 86680, 86680
20, 13920, 11, 86680, 86680
20, 13930, 11, 86680, 86680
20, 13940, 11, 86680, 86680
20, 13950, 11, 86680, 87493
20, 13960, 11, 86677, 88284
20, 13970, 11, 86677, 86677
20, 13980, 11, 86677, 86677
20, 13990, 11, 86677, 86677
20, 14000, 11, 86677, 86677
20, 14010, 11, 86677, 86677
20, 14020, 11, 86635, 88985
20, 14030, 11, 86635, 86635
20, 14040, 11, 86635, 89435
20, 14050, 11, 86635, 86635
20, 14060, 11, 86635, 86635
20, 14070, 11, 86635, 86635
20, 14080, 11, 86630, 86630
20, 14090, 11, 86630, 86630
20, 14100, 11, 86630, 86630
20, 14110, 11, 86630, 86630
20, 14120, 11, 86630, 86630
20, 14130, 11, 86630, 86630
20, 14140, 11, 86630, 86630
20, 14150, 11, 86630, 86630
20, 14160, 11, 86630, 87409
20, 14170, 11, 86630, 86630
20, 14180, 11, 86630, 86888
20, 14190, 11, 86591, 86630
20, 14200, 11, 86591, 86591
20, 14210, 11, 86591, 86591
20, 14220, 11, 86591, 86591
20, 14230, 11, 86591, 86591
20, 14240, 11, 86591, 86878
20, 14250, 11, 86591, 86591
20, 14260, 11, 86591, 89722
20, 14270, 11, 86591, 86591
20, 14280, 11, 86591, 86591
20, 14290, 11, 86591, 86591
20, 14300, 11, 86591, 86591
20, 14310, 11, 86591, 86591
20, 14320, 11, 86532, 86591
20, 14330, 11, 86532, 86532
20, 14340, 11, 86532, 86532
20, 14350, 11, 86532, 89598
20, 14360, 11, 86532, 86532
20, 14370, 11, 86439, 86439
20, 14380, 11, 86439, 86439
20, 14390, 11, 86439, 88833
20, 14400, 11, 86439, 86439
20, 14410, 11, 86439, 86439
20, 14420, 11, 86439, 88427
20, 14430, 11, 86073, 86073
20, 14440, 11, 86073, 86073
20, 14450, 11, 86073, 86073
20, 14460, 11, 85771, 86073
20, 14470, 11, 85771, 85771
20, 14480, 11, 85771, 85771
20, 14490, 11, 85771, 88610
20, 14500, 11, 85771, 85771
20, 14510, 11, 85501, 85619
20, 14520, 11, 85501, 85501
20, 14530, 11, 85501, 85501
20, 14540, 11, 85501, 85501
20, 14550, 11, 85501, 85501
20, 14560, 11, 85441, 85441
20, 14570, 11, 85441, 85441
20, 14580, 11, 85441, 85441
20, 14590, 11, 85441, 85441
20, 14600, 11, 85441, 85441
20, 14610, 11, 85441, 86238
20, 14620, 11, 85441, 85441
20, 14630, 11, 85437, 85437
20, 14640, 11, 85005, 85005
20, 14650, 11, 84926, 84926
20, 14660, 11, 84926, 84926
20, 14670, 11, 84926, 84926
20, 14680, 11, 84872, 84872
20, 14690, 11, 84872, 84872
20, 14700, 11, 84872, 84872
20, 14710, 11, 84872, 84872
20, 14720, 11, 84872, 84872
20, 14730, 11, 84872, 87058
20, 14740, 11, 84813, 84872
20, 14750, 11, 84813, 84813
20, 14760, 11, 84813, 84813
20, 14770, 11, 84813, 84813
20, 14780, 11, 84813, 84813
20, 14790, 11, 84813, 84813
20, 14800, 11, 84813, 84813
20, 14810, 11, 84730, 84813
20, 14820, 11, 84730, 84730
20, 14830, 11, 84730, 84730
20, 14840, 11, 84730, 84730
20, 14850, 11, 84730, 88189
20, 14860, 11, 84730, 84730
20, 14870, 11, 84730, 84730
20, 14880, 11, 84730, 84730
20, 14890, 11, 84730, 84730
20, 14900, 11, 84730, 84730
20, 14910, 11, 84730, 84730
20, 14920, 11, 84730, 84730
20, 14930, 11, 84730, 84730
20, 14940, 11, 84730, 84730
20, 14950, 11, 84730, 84730
20, 14960, 11, 84730, 84730
20, 14970, 11, 84730, 84730
20, 14980, 11, 84730, 84730
20, 14990, 11, 84730, 84730
20, 15000, 11, 84730, 84730
20, 15010, 11, 84730, 84730
20, 15020, 11, 84678, 84678
20, 15030, 11, 84678, 84678
20, 15040, 11, 84678, 84678
20, 15050, 11, 84664, 86566
20, 15060, 11, 84664, 84664
20, 15070, 11, 84664, 84664
20, 15080, 11, 84602, 84602
20, 15090, 11, 84602, 84602
20, 15100, 11, 84602, 84602
20, 15110, 11, 84529, 84602
20, 15120, 11, 84529, 84529
20, 15130, 11, 84529, 84529
20, 15140, 11, 84529, 84529
20, 15150, 11, 84529, 84529
20, 15160, 11, 84529, 84529
20, 15170, 11, 84529, 84529
20, 15180, 11, 84529, 84529
20, 15190, 11, 84529, 84529
20, 15200, 11, 84529, 84529
20, 15210, 11, 84529, 84529
20, 15220, 11, 84412, 84412
20, 15230, 11, 84412, 84412
20, 15240, 11, 84412, 84412
20, 15250, 11, 84312, 84312
20, 15260, 11, 84312, 84312
20, 15270, 11, 84312, 84312
20, 15280, 11, 84312, 84312
20, 15290, 11, 84247, 84247
20, 15300, 11, 84247, 84247
20, 15310, 11, 84247, 86270
20, 15320, 11, 84247, 84247
20, 15330, 11, 84247, 84247
20, 15340, 11, 84247, 85091
20, 15350, 11, 84247, 84247
20, 15360, 11, 84247, 84247
20, 15370, 11, 84247, 84247
20, 15380, 11, 84231, 84247
20, 15390, 11, 84231, 84231
20, 15400, 11, 84231, 84231
20, 15410, 11, 84231, 84231
20, 15420, 11, 84231, 84231
20, 15430, 11, 84231, 84231
20, 15440, 11, 84231, 84231
20, 15450, 11, 84231, 84231
20, 15460, 11, 84231, 84231
20, 15470, 11, 84231, 84231
20, 15480, 11, 84231, 84231
20, 15490, 11, 84231, 84231
20, 15500, 11, 84231, 87005
20, 15510, 11, 84225, 84225
20, 15520, 11, 84225, 84225
20, 15530, 11, 84225, 84225
20, 15540, 11, 84225, 85271
20, 15550, 11, 84225, 84225
20, 15560, 11, 84225, 84225
20, 15570, 11, 84225, 84225
20, 15580, 11, 84225, 84225
20, 15590, 11, 84225, 84225
20, 15600, 11, 84225, 84225
20, 15610, 11, 84225, 84965
20, 15620, 11, 84225, 84225
20, 15630, 11, 84225, 84225
20, 15640, 11, 84225, 84225
20, 15650, 11, 84177, 84225
20, 15660, 11, 84177, 84177
20, 15670, 11, 84177, 84177
20, 15680, 11, 84177, 84177
20, 15690, 11, 84177, 84177
20, 15700, 11, 84177, 84177
20, 15710, 11, 84177, 84177
20, 15720, 11, 84177, 84177
20, 15730, 11, 84177, 84177
20, 15740, 11, 84177, 84177
20, 15750, 11, 84177, 84177
20, 15760, 11, 84177, 84177
20, 15770, 11, 84177, 84177
20, 15780, 11, 84177, 84177
20, 15790, 11, 84177, 84177
20, 15800, 11, 84177, 84177
20, 15810, 11, 84177, 84177
20, 15820, 11, 84177, 84177
20, 15830, 11, 84177, 84177
20, 15840, 11, 84177, 84177
20, 15850, 11, 84116, 87594
20, 15860, 11, 84116, 84116
20, 15870, 11, 84116, 84116
20, 15880, 11, 83936, 84116
20, 15890, 11, 83936, 83936
20, 15900, 11, 83936, 83936
20, 15910, 11, 83936, 83936
20, 15920, 11, 83936, 83936
20, 15930, 11, 83936, 83936
20, 15940, 11, 83936, 83936
20, 15950, 11, 83936, 83936
20, 15960, 11, 83936, 83936
20, 15970, 11, 83936, 83936
20, 15980, 11, 83936, 83936
20, 15990, 11, 83936, 83936
20, 16000, 11, 83936, 83936
20, 16010, 11, 83936, 88246
20, 16020, 11, 83936, 83936
20, 16030, 11, 83936, 83936
20, 16040, 11, 83936, 83936
20, 16050, 11, 83936, 83936
20, 16060, 11, 83811, 83936
20, 16070, 11, 83811, 83811
20, 16080, 11, 83681, 83811
20, 16090, 11, 83681, 83681
20, 16100, 11, 83681, 83681
20, 16110, 11, 83649, 83649
20, 16120, 11, 83649, 83649
20, 16130, 11, 83649, 83649
20, 16140, 11, 83073, 83073
20, 16150, 11, 83073, 83073
20, 16160, 11, 83004, 83004
20, 16170, 11, 83004, 83004
20, 16180, 11, 83004, 83004
20, 16190, 11, 83004, 83004
20, 16200, 11, 82948, 82948
20, 16210, 11, 82948, 82948
20, 16220, 11, 82948, 82948
20, 16230, 11, 82948, 82948
20, 16240, 11, 82948, 82948
20, 16250, 11, 82798, 82861
20, 16260, 11, 82798, 82798
20, 16270, 11, 82798, 82798
20, 16280, 11, 82598, 85120
20, 16290, 11, 82598, 82598
20, 16300, 11, 82569, 82569
20, 16310, 11, 82569, 82569
20, 16320, 11, 82569, 82569
20, 16330, 11, 82528, 82569
20, 16340, 11, 82422, 82422
20, 16350, 11, 82422, 82422
20, 16360, 11, 82422, 82422
20, 16370, 11, 82422, 82422
20, 16380, 11, 82379, 82422
20, 16390, 11, 82379, 82379
20, 16400, 11, 82379, 82379
20, 16410, 11, 82379, 82379
20, 16420, 11, 82379, 82379
20, 16430, 11, 82379, 82379
20, 16440, 11, 82379, 82379
20, 16450, 11, 82379, 83391
20, 16460, 11, 82379, 82379
20, 16470, 11, 81954, 82006
20, 16480, 11, 81819, 81819
20, 16490, 11, 81819, 81819
20, 16500, 11, 81819, 81819
20, 16510, 11, 81819, 81819
20, 16520, 11, 81819, 81819
20, 16530, 11, 81819, 81819
20, 16540, 11, 81819, 81819
20, 16550, 11, 81819, 81819
20, 16560, 11, 81819, 81819
20, 16570, 11, 81819, 81819
20, 16580, 11, 81819, 81819
20, 16590, 11, 81714, 81819
20, 16600, 11, 81630, 81714
20, 16610, 11, 81630, 81630
20, 16620, 11, 81630, 81630
20, 16630, 11, 81630, 81630
20, 16640, 11, 81630, 81630
20, 16650, 11, 81630, 81630
20, 16660, 11, 81268, 81630
20, 16670, 11, 81268, 81268
20, 16680, 11, 81268, 81268
20, 16690, 11, 81210, 81255
20, 16700, 11, 81210, 81210
20, 16710, 11, 81210, 81210
20, 16720, 11, 81210, 81210
20, 16730, 11, 81075, 81195
20, 16740, 11, 80993, 81075
20, 16750, 11, 80993, 80993
20, 16760, 11, 80993, 80993
20, 16770, 11, 80993, 82714
20, 16780, 11, 80993, 80993
20, 16790, 11, 80993, 80993
20, 16800, 11, 80858, 80858
20, 16810, 11, 80840, 80840
20, 16820, 11, 80840, 80840
20, 16830, 11, 80840, 80840
20, 16840, 11, 80840, 80840
20, 16850, 11, 80840, 80840
20, 16860, 11, 80779, 80779
20, 16870, 11, 80779, 80779
20, 16880, 11, 80779, 80779
20, 16890, 11, 80779, 80779
20, 16900, 11, 80779, 80779
20, 16910, 11, 80779, 81727
20, 16920, 11, 80779, 80779
20, 16930, 11, 80779, 80779
20, 16940, 11, 80779, 80779
20, 16950, 11, 80779, 80779
20, 16960, 11, 80779, 80779
20, 16970, 11, 80779, 80779
20, 16980, 11, 80779, 80779
20, 16990, 11, 80779, 80779
20, 17000, 11, 80768, 80779
20, 17010, 11, 80401, 80401
20, 17020, 11, 80374, 80401
20, 17030, 11, 80374, 80374
20, 17040, 11, 80374, 80374
20, 17050, 11, 80374, 80374
20, 17060, 11, 80319, 80319
20, 17070, 11, 80279, 80279
20, 17080, 11, 80279, 80279
20, 17090, 11, 80279, 80279
20, 17100, 11, 80279, 80279
20, 17110, 11, 80279, 80279
20, 17120, 11, 80279, 80279
20, 17130, 11, 80279, 80279
20, 17140, 11, 80279, 80279
20, 17150, 11, 80279, 83361
20, 17160, 11, 80279, 80279
20, 17170, 11, 80279, 80279
20, 17180, 11, 80279, 80279
20, 17190, 11, 80279, 80279
20, 17200, 11, 80279, 80279
20, 17210, 11, 80279, 80279
20, 17220, 11, 80279, 80279
20, 17230, 11, 80279, 80279
20, 17240, 11, 80279, 80279
20, 17250, 11, 80279, 80279
20, 17260, 11, 80279, 80279
20, 17270, 11, 80279, 80279
20, 17280, 11, 80279, 80279
20, 17290, 11, 80279, 80279
20, 17300, 11, 80279, 80279
20, 17310, 11, 80279, 80279
20, 17320, 11, 80279, 80279
20, 17330, 11, 80279, 80279
20, 17340, 11, 80279, 80279
20, 17350, 11, 80279, 80279
20, 17360, 11, 80245, 80245
20, 17370, 11, 80245, 80245
20, 17380, 11, 80245, 80245
20, 17390, 11, 80245, 82322
20, 17400, 11, 80245, 80245
20, 17410, 11, 80245, 80245
20, 17420, 11, 80147, 80245
20, 17430, 11, 80147, 80147
20, 17440, 11, 80147, 80147
20, 17450, 11, 80147, 80147
20, 17460, 11, 80147, 80147
20, 17470, 11, 80146, 80147
20, 17480, 11, 80146, 80146
20, 17490, 11, 80146, 80146
20, 17500, 11, 80146, 80146
20, 17510, 11, 80146, 80146
20, 17520, 11, 80146, 80146
20, 17530, 11, 80031, 80146
20, 17540, 11, 80031, 80031
20, 17550, 11, 80031, 80031
20, 17560, 11, 80031, 80031
20, 17570, 11, 80031, 80031
20, 17580, 11, 80031, 80031
20, 17590, 11, 80031, 80031
20, 17600, 11, 80031, 80031
20, 17610, 11, 80031, 80787
20, 17620, 11, 80028, 80031
20, 17630, 11, 80028, 80028
20, 17640, 11, 80028, 80028
20, 17650, 11, 80028, 80028
20, 17660, 11, 80028, 80028
20, 17670, 11, 80028, 80028
20, 17680, 11, 79948, 80028
20, 17690, 11, 79948, 79948
20, 17700, 11, 79867, 79948
20, 17710, 11, 79867, 79867
20, 17720, 11, 79867, 79867
20, 17730, 11, 79867, 79867
20, 17740, 11, 79867, 80065
20, 17750, 11, 79867, 79867
20, 17760, 11, 79867, 79867
20, 17770, 11, 79867, 79867
20, 17780, 11, 79867, 79867
20, 17790, 11, 79867, 79867
20, 17800, 11, 79867, 79867
20, 17810, 11, 79867, 79867
20, 17820, 11, 79867, 79867
20, 17830, 11, 79867, 79867
20, 17840, 11, 79867, 79867
20, 17850, 11, 79867, 79867
20, 17860, 11, 79867, 79867
20, 17870, 11, 79867, 79867
20, 17880, 11, 79867, 79867
20, 17890, 11, 79867, 79867
20, 17900, 11, 79867, 79867
20, 17910, 11, 79867, 79867
20, 17920, 11, 79867, 79867
20, 17930, 11, 79867, 79867
20, 17940, 11, 79867, 79867
20, 17950, 11, 79867, 79867
20, 17960, 11, 79867, 79867
20, 17970, 11, 79867, 79867
20, 17980, 11, 79867, 79867
20, 17990, 11, 79867, 79867
20, 18000, 11, 79867, 79867
20, 18010, 11, 79867, 79867
20, 18020, 11, 79867, 79867
20, 18030, 11, 79867, 79867
20, 18040, 11, 79867, 79867
20, 18050, 11, 79574, 79574
20, 18060, 11, 79574, 79574
20, 18070, 11, 79574, 79574
20, 18080, 11, 79574, 82680
20, 18090, 11, 79574, 79574
20, 18100, 11, 79574, 79574
20, 18110, 11, 79538, 79574
20, 18120, 11, 79538, 79538
20, 18130, 11, 79538, 79538
20, 18140, 11, 79538, 79538
20, 18150, 11, 79538, 79538
20, 18160, 11, 79538, 79538
20, 18170, 11, 79538, 79538
20, 18180, 11, 79538, 79538
20, 18190, 11, 79538, 79538
20, 18200, 11, 79538, 79538
20, 18210, 11, 79538, 79538
20, 18220, 11, 79538, 79538
20, 18230, 11, 79538, 79538
20, 18240, 11, 79538, 79538
20, 18250, 11, 79538, 79538
20, 18260, 11, 79538, 79538
20, 18270, 11, 79409, 79409
20, 18280, 11, 79409, 79409
20, 18290, 11, 79409, 79409
20, 18300, 11, 79409, 79409
20, 18310, 11, 79409, 79409
20, 18320, 11, 79409, 79409
20, 18330, 11, 79409, 79968
20, 18340, 11, 79409, 79409
20, 18350, 11, 79179, 79179
20, 18360, 11, 79179, 79179
20, 18370, 11, 79179, 79179
20, 18380, 11, 79179, 79179
20, 18390, 11, 79179, 79179
20, 18400, 11, 79179, 79179
20, 18410, 11, 79179, 79179
20, 18420, 11, 79179, 79179
20, 18430, 11, 79179, 79179
20, 18440, 11, 79179, 79179
20, 18450, 11, 79179, 79179
20, 18460, 11, 79179, 79179
20, 18470, 11, 79179, 79179
20, 18480, 11, 79179, 79179
20, 18490, 11, 79179, 79179
20, 18500, 11, 79179, 79179
20, 18510, 11, 79179, 79179
20, 18520, 11, 79179, 79179
20, 18530, 11, 79179, 79179
20, 18540, 11, 79179, 79179
20, 18550, 11, 79179, 79179
20, 18560, 11, 79179, 79179
20, 18570, 11, 79179, 79179
20, 18580, 11, 79179, 79179
20, 18590, 11, 79179, 79179
20, 18600, 11, 79179, 79179
20, 18610, 11, 79179, 79179
20, 18620, 11, 79179, 79179
20, 18630, 11, 79179, 79179
20, 18640, 11, 79179, 79179
20, 18650, 11, 79179, 82257
20, 18660, 11, 79179, 79179
20, 18670, 11, 79179, 79831
20, 18680, 11, 79064, 79064
20, 18690, 11, 79064, 79064
20, 18700, 11, 79064, 79064
20, 18710, 11, 79064, 79064
20, 18720, 11, 79064, 79064
20, 18730, 11, 79064, 79064
20, 18740, 11, 79064, 79064
20, 18750, 11, 79064, 79064
20, 18760, 11, 79064, 79064
20, 18770, 11, 79064, 79064
20, 18780, 11, 79064, 79064
20, 18790, 11, 79064, 79064
20, 18800, 11, 79064, 79064
20, 18810, 11, 79064, 79064
20, 18820, 11, 79064, 79064
20, 18830, 11, 79064, 79064
20, 18840, 11, 79064, 79064
20, 18850, 11, 79064, 79064
20, 18860, 11, 79064, 79064
20, 18870, 11, 79064, 79064
20, 18880, 11, 79064, 79064
20, 18890, 11, 79064, 79064
20, 18900, 11, 79064, 79064
20, 18910, 11, 79038, 79064
20, 18920, 11, 79038, 79038
20, 18930, 11, 79038, 79038
20, 18940, 11, 79038, 79038
20, 18950, 11, 79038, 79038
20, 18960, 11, 79038, 79038
20, 18970, 11, 79038, 79038
20, 18980, 11, 79038, 79038
20, 18990, 11, 79038, 79038
20, 19000, 11, 79038, 79038
20, 19010, 11, 79038, 79038
20, 19020, 11, 79038, 79038
20, 19030, 11, 79038, 79038
20, 19040, 11, 79038, 79038
20, 19050, 11, 79038, 79038
20, 19060, 11, 79038, 79038
20, 19070, 11, 79038, 79038
20, 19080, 11, 79038, 79038
20, 19090, 11, 79038, 79038
20, 19100, 11, 79038, 79038
20, 19110, 11, 79038, 79038
20, 19120, 11, 79038, 79038
20, 19130, 11, 79038, 79038
20, 19140, 11, 79038, 79038
20, 19150, 11, 79038, 79038
20, 19160, 11, 79038, 79038
20, 19170, 11, 79038, 79038
20, 19180, 11, 79038, 79038
20, 19190, 11, 79038, 79038
20, 19200, 11, 79038, 79038
20, 19210, 11, 79038, 79038
20, 19220, 11, 79038, 79038
20, 19230, 11, 79038, 79038
20, 19240, 11, 79038, 79038
20, 19250, 11, 79038, 79038
20, 19260, 11, 79038, 79038
20, 19270, 11, 79038, 79038
20, 19280, 11, 79038, 79038
20, 19290, 11, 79038, 79038
20, 19300, 11, 79038, 79038
20, 19310, 11, 79038, 79038
20, 19320, 11, 78993, 78993
20, 19330, 11, 78993, 78993
20, 19340, 11, 78993, 78993
20, 19350, 11, 78993, 78993
20, 19360, 11, 78993, 78993
20, 19370, 11, 78993, 78993
20, 19380, 11, 78993, 78993
20, 19390, 11, 78993, 78993
20, 19400, 11, 78993, 78993
20, 19410, 11, 78993, 78993
20, 19420, 11, 78892, 78993
20, 19430, 11, 78892, 78892
20, 19440, 11, 78865, 78892
20, 19450, 11, 78617, 78865
20, 19460, 11, 78601, 78617
20, 19470, 11, 78601, 78601
20, 19480, 11, 78601, 78601
20, 19490, 11, 78601, 78601
20, 19500, 11, 78601, 78601
20, 19510, 11, 78601, 78601
20, 19520, 11, 78601, 81134
20, 19530, 11, 78587, 78587
20, 19540, 11, 78587, 78587
20, 19550, 11, 78587, 78587
20, 19560, 11, 78587, 78587
20, 19570, 11, 78587, 78587
20, 19580, 11, 78587, 78587
20, 19590, 11, 78587, 78587
20, 19600, 11, 78587, 78587
20, 19610, 11, 78558, 78558
20, 19620, 11, 78558, 78558
20, 19630, 11, 78558, 78558
20, 19640, 11, 78558, 78558
20, 19650, 11, 78558, 78558
20, 19660, 11, 78558, 78558
20, 19670, 11, 78558, 78558
20, 19680, 11, 78558, 78558
20, 19690, 11, 78558, 78558
20, 19700, 11, 78558, 78558
20, 19710, 11, 78558, 78558
20, 19720, 11, 78558, 78558
20, 19730, 11, 78558, 78558
20, 19740, 11, 78558, 78558
20, 19750, 11, 78558, 78558
20, 19760, 11, 78558, 78558
20, 19770, 11, 78558, 78558
20, 19780, 11, 78558, 78558
20, 19790, 11, 78558, 78558
20, 19800, 11, 78558, 78558
20, 19810, 11, 78558, 78558
20, 19820, 11, 78558, 78558
20, 19830, 11, 78558, 78558
20, 19840, 11, 78558, 78558
20, 19850, 11, 78558, 78558
20, 19860, 11, 78558, 78558
20, 19870, 11, 78558, 78558
20, 19880, 11, 78435, 78558
20, 19890, 11, 78435, 78435
20, 19900, 11, 78435, 78435
20, 19910, 11, 78435, 78435
20, 19920, 11, 78435, 78435
20, 19930, 11, 78435, 78435
20, 19940, 11, 78435, 78435
20, 19950, 11, 78435, 78435
20, 19960, 11, 78435, 78435
20, 19970, 11, 78435, 78435
20, 19980, 11, 78435, 78435
20, 19990, 11, 78388, 78388
