Population Size, Generation Count, Repetition, Best Fitness, Median Fitness
20, 0, 19, 752003, 769410
20, 10, 19, 700821, 720692
20, 20, 19, 685326, 688127
20, 30, 19, 671186, 674427
20, 40, 19, 656169, 658796
20, 50, 19, 636527, 642075
20, 60, 19, 619511, 626315
20, 70, 19, 609505, 612782
20, 80, 19, 602504, 607312
20, 90, 19, 595662, 597578
20, 100, 19, 588130, 590819
20, 110, 19, 578851, 584808
20, 120, 19, 574093, 576614
20, 130, 19, 560119, 563664
20, 140, 19, 555680, 559879
20, 150, 19, 547615, 550604
20, 160, 19, 536706, 539933
20, 170, 19, 526695, 528751
20, 180, 19, 519813, 523422
20, 190, 19, 512192, 512536
20, 200, 19, 508395, 510299
20, 210, 19, 497708, 502595
20, 220, 19, 491740, 495730
20, 230, 19, 487737, 490807
20, 240, 19, 484341, 487032
20, 250, 19, 480754, 484815
20, 260, 19, 475131, 479964
20, 270, 19, 469909, 473149
20, 280, 19, 464465, 466636
20, 290, 19, 460436, 461902
20, 300, 19, 454553, 456095
20, 310, 19, 449369, 451985
20, 320, 19, 446080, 448686
20, 330, 19, 440967, 441788
20, 340, 19, 436952, 440946
20, 350, 19, 432752, 435140
20, 360, 19, 429142, 432521
20, 370, 19, 426740, 428168
20, 380, 19, 422260, 424380
20, 390, 19, 418552, 421065
20, 400, 19, 414704, 416550
20, 410, 19, 412053, 413904
20, 420, 19, 409707, 412113
20, 430, 19, 406708, 409485
20, 440, 19, 403763, 406541
20, 450, 19, 399992, 403534
20, 460, 19, 397453, 401176
20, 470, 19, 396258, 398965
20, 480, 19, 393528, 395675
20, 490, 19, 388035, 390930
20, 500, 19, 386148, 389867
20, 510, 19, 383237, 385404
20, 520, 19, 379182, 384122
20, 530, 19, 377503, 379888
20, 540, 19, 376049, 378418
20, 550, 19, 373174, 374917
20, 560, 19, 369867, 372326
20, 570, 19, 366989, 369594
20, 580, 19, 366585, 368320
20, 590, 19, 362619, 367736
20, 600, 19, 360634, 363849
20, 610, 19, 360018, 363111
20, 620, 19, 357855, 361332
20, 630, 19, 355982, 360772
20, 640, 19, 353963, 357586
20, 650, 19, 352489, 353695
20, 660, 19, 348532, 352473
20, 670, 19, 344691, 347499
20, 680, 19, 342959, 347043
20, 690, 19, 341529, 344212
20, 700, 19, 340907, 343157
20, 710, 19, 340285, 343240
20, 720, 19, 336676, 340546
20, 730, 19, 332866, 338800
20, 740, 19, 330701, 334521
20, 750, 19, 330022, 333238
20, 760, 19, 327891, 332336
20, 770, 19, 325376, 325693
20, 780, 19, 322475, 327442
20, 790, 19, 321280, 324329
20, 800, 19, 319409, 324055
20, 810, 19, 317517, 321688
20, 820, 19, 316227, 317932
20, 830, 19, 315317, 315758
20, 840, 19, 313731, 316101
20, 850, 19, 310495, 312454
20, 860, 19, 308157, 310587
20, 870, 19, 307646, 308760
20, 880, 19, 307155, 307923
20, 890, 19, 303747, 307163
20, 900, 19, 301338, 303016
20, 910, 19, 299708, 302761
20, 920, 19, 298842, 299606
20, 930, 19, 297824, 300289
20, 940, 19, 294793, 298538
20, 950, 19, 293867, 297949
20, 960, 19, 292856, 295931
20, 970, 19, 291942, 294416
20, 980, 19, 290381, 293749
20, 990, 19, 288825, 291794
20, 1000, 19, 287636, 289381
20, 1010, 19, 286373, 286806
20, 1020, 19, 284593, 288168
20, 1030, 19, 284284, 285726
20, 1040, 19, 283406, 288011
20, 1050, 19, 282404, 284774
20, 1060, 19, 281088, 283359
20, 1070, 19, 279409, 281776
20, 1080, 19, 279329, 282416
20, 1090, 19, 278127, 281220
20, 1100, 19, 274561, 276878
20, 1110, 19, 272157, 273209
20, 1120, 19, 270506, 273297
20, 1130, 19, 269885, 272208
20, 1140, 19, 269636, 271137
20, 1150, 19, 267675, 272633
20, 1160, 19, 265674, 268297
20, 1170, 19, 264101, 266673
20, 1180, 19, 263957, 264076
20, 1190, 19, 263565, 266055
20, 1200, 19, 261897, 263389
20, 1210, 19, 261350, 266246
20, 1220, 19, 260351, 263623
20, 1230, 19, 260301, 263023
20, 1240, 19, 258698, 260715
20, 1250, 19, 257821, 260310
20, 1260, 19, 257617, 260336
20, 1270, 19, 256370, 257334
20, 1280, 19, 256218, 259832
20, 1290, 19, 255142, 258404
20, 1300, 19, 254390, 255850
20, 1310, 19, 253067, 257444
20, 1320, 19, 252938, 255179
20, 1330, 19, 252068, 255741
20, 1340, 19, 251238, 253838
20, 1350, 19, 250930, 252568
20, 1360, 19, 250523, 251777
20, 1370, 19, 250091, 256056
20, 1380, 19, 249479, 251467
20, 1390, 19, 249130, 251078
20, 1400, 19, 249130, 249148
20, 1410, 19, 246795, 248381
20, 1420, 19, 246567, 249188
20, 1430, 19, 245006, 246410
20, 1440, 19, 243322, 245420
20, 1450, 19, 242027, 244428
20, 1460, 19, 241287, 243155
20, 1470, 19, 239546, 242246
20, 1480, 19, 238435, 241298
20, 1490, 19, 237772, 239258
20, 1500, 19, 237116, 238135
20, 1510, 19, 234493, 236900
20, 1520, 19, 232843, 236450
20, 1530, 19, 231074, 231623
20, 1540, 19, 230735, 234226
20, 1550, 19, 230651, 231788
20, 1560, 19, 229841, 231235
20, 1570, 19, 229617, 231578
20, 1580, 19, 228954, 231321
20, 1590, 19, 227771, 233694
20, 1600, 19, 227340, 230253
20, 1610, 19, 227145, 227340
20, 1620, 19, 226331, 227571
20, 1630, 19, 226022, 227735
20, 1640, 19, 225434, 225760
20, 1650, 19, 224890, 226465
20, 1660, 19, 223972, 226295
20, 1670, 19, 223364, 225407
20, 1680, 19, 223148, 223364
20, 1690, 19, 222478, 224542
20, 1700, 19, 222442, 223073
20, 1710, 19, 221942, 224185
20, 1720, 19, 221590, 223314
20, 1730, 19, 221475, 224792
20, 1740, 19, 220806, 222537
20, 1750, 19, 220522, 225120
20, 1760, 19, 220491, 227736
20, 1770, 19, 219442, 219442
20, 1780, 19, 218420, 221587
20, 1790, 19, 218264, 221163
20, 1800, 19, 217642, 219346
20, 1810, 19, 216814, 219367
20, 1820, 19, 215851, 218990
20, 1830, 19, 215641, 215867
20, 1840, 19, 215625, 221179
20, 1850, 19, 215028, 216732
20, 1860, 19, 214789, 217331
20, 1870, 19, 214724, 217409
20, 1880, 19, 214208, 215763
20, 1890, 19, 212208, 214456
20, 1900, 19, 210832, 212214
20, 1910, 19, 210145, 214745
20, 1920, 19, 209577, 213965
20, 1930, 19, 209484, 209960
20, 1940, 19, 209172, 209484
20, 1950, 19, 208750, 210337
20, 1960, 19, 208371, 212121
20, 1970, 19, 208371, 211600
20, 1980, 19, 205780, 209017
20, 1990, 19, 204941, 206516
20, 2000, 19, 204934, 206338
20, 2010, 19, 204859, 207636
20, 2020, 19, 204599, 209129
20, 2030, 19, 203350, 204123
20, 2040, 19, 202957, 204153
20, 2050, 19, 202873, 206740
20, 2060, 19, 202477, 204672
20, 2070, 19, 201875, 203281
20, 2080, 19, 201510, 203896
20, 2090, 19, 200957, 202902
20, 2100, 19, 200807, 205126
20, 2110, 19, 198342, 201085
20, 2120, 19, 198072, 202409
20, 2130, 19, 198072, 202636
20, 2140, 19, 197695, 199265
20, 2150, 19, 197240, 199462
20, 2160, 19, 196515, 199857
20, 2170, 19, 196422, 199483
20, 2180, 19, 195360, 198398
20, 2190, 19, 195254, 196899
20, 2200, 19, 194990, 197054
20, 2210, 19, 193912, 197856
20, 2220, 19, 193912, 198038
20, 2230, 19, 193217, 197152
20, 2240, 19, 193217, 197071
20, 2250, 19, 192973, 193217
20, 2260, 19, 192047, 194268
20, 2270, 19, 191708, 197693
20, 2280, 19, 191022, 193974
20, 2290, 19, 190645, 193562
20, 2300, 19, 190645, 193072
20, 2310, 19, 189219, 190898
20, 2320, 19, 188711, 190967
20, 2330, 19, 188406, 191109
20, 2340, 19, 188170, 190198
20, 2350, 19, 188170, 191383
20, 2360, 19, 187083, 189043
20, 2370, 19, 186890, 188692
20, 2380, 19, 185684, 187151
20, 2390, 19, 184856, 185605
20, 2400, 19, 184856, 187023
20, 2410, 19, 184005, 187024
20, 2420, 19, 183921, 186676
20, 2430, 19, 182634, 187937
20, 2440, 19, 180956, 185686
20, 2450, 19, 179908, 182103
20, 2460, 19, 179908, 184313
20, 2470, 19, 178797, 180998
20, 2480, 19, 178797, 181007
20, 2490, 19, 178362, 182364
20, 2500, 19, 177711, 180762
20, 2510, 19, 177529, 180072
20, 2520, 19, 177214, 182021
20, 2530, 19, 177189, 178518
20, 2540, 19, 177079, 180264
20, 2550, 19, 176950, 179220
20, 2560, 19, 176753, 177918
20, 2570, 19, 176295, 176712
20, 2580, 19, 176295, 179043
20, 2590, 19, 176157, 179134
20, 2600, 19, 176035, 178343
20, 2610, 19, 176004, 176159
20, 2620, 19, 175816, 176004
20, 2630, 19, 175393, 178219
20, 2640, 19, 174926, 176590
20, 2650, 19, 174902, 174926
20, 2660, 19, 174203, 176178
20, 2670, 19, 173105, 177174
20, 2680, 19, 173014, 174951
20, 2690, 19, 172365, 174691
20, 2700, 19, 171858, 175988
20, 2710, 19, 171858, 176340
20, 2720, 19, 171362, 174303
20, 2730, 19, 170685, 170685
20, 2740, 19, 170453, 173096
20, 2750, 19, 170034, 173510
20, 2760, 19, 169968, 170457
20, 2770, 19, 169968, 170436
20, 2780, 19, 168482, 172259
20, 2790, 19, 168341, 172607
20, 2800, 19, 167139, 170843
20, 2810, 19, 166846, 168747
20, 2820, 19, 166414, 167630
20, 2830, 19, 166414, 168684
20, 2840, 19, 166414, 166414
20, 2850, 19, 166231, 167888
20, 2860, 19, 165566, 166231
20, 2870, 19, 165556, 167991
20, 2880, 19, 165556, 166230
20, 2890, 19, 165556, 169743
20, 2900, 19, 165320, 168921
20, 2910, 19, 165320, 168300
20, 2920, 19, 165266, 166932
20, 2930, 19, 165266, 167780
20, 2940, 19, 165064, 167855
20, 2950, 19, 165064, 166453
20, 2960, 19, 164861, 166945
20, 2970, 19, 164861, 165186
20, 2980, 19, 164211, 164942
20, 2990, 19, 164003, 166879
20, 3000, 19, 163204, 167391
20, 3010, 19, 163204, 166136
20, 3020, 19, 162961, 165412
20, 3030, 19, 162550, 163699
20, 3040, 19, 162550, 163780
20, 3050, 19, 161974, 164976
20, 3060, 19, 161909, 164844
20, 3070, 19, 161714, 162326
20, 3080, 19, 161714, 166633
20, 3090, 19, 161414, 164219
20, 3100, 19, 161414, 162412
20, 3110, 19, 161218, 162278
20, 3120, 19, 161036, 161715
20, 3130, 19, 160985, 163242
20, 3140, 19, 160282, 161011
20, 3150, 19, 160261, 162720
20, 3160, 19, 159883, 161624
20, 3170, 19, 159883, 162691
20, 3180, 19, 159713, 161572
20, 3190, 19, 159231, 159713
20, 3200, 19, 158517, 161554
20, 3210, 19, 158329, 161664
20, 3220, 19, 157452, 159782
20, 3230, 19, 156149, 159395
20, 3240, 19, 156149, 156149
20, 3250, 19, 155905, 159124
20, 3260, 19, 155750, 158619
20, 3270, 19, 155613, 158610
20, 3280, 19, 155505, 155613
20, 3290, 19, 154434, 155990
20, 3300, 19, 154205, 157692
20, 3310, 19, 154102, 156506
20, 3320, 19, 154093, 157169
20, 3330, 19, 153950, 157445
20, 3340, 19, 153770, 155966
20, 3350, 19, 153663, 155640
20, 3360, 19, 153403, 155893
20, 3370, 19, 153403, 155619
20, 3380, 19, 153403, 157369
20, 3390, 19, 153259, 153635
20, 3400, 19, 153251, 153259
20, 3410, 19, 153148, 155190
20, 3420, 19, 153059, 155351
20, 3430, 19, 152746, 155317
20, 3440, 19, 152200, 154604
20, 3450, 19, 152200, 154805
20, 3460, 19, 152088, 152582
20, 3470, 19, 152088, 154746
20, 3480, 19, 151549, 153117
20, 3490, 19, 151440, 154441
20, 3500, 19, 151440, 153407
20, 3510, 19, 151348, 154346
20, 3520, 19, 151305, 153837
20, 3530, 19, 151305, 154728
20, 3540, 19, 150692, 152810
20, 3550, 19, 150544, 153397
20, 3560, 19, 150279, 150863
20, 3570, 19, 150174, 151406
20, 3580, 19, 149994, 154534
20, 3590, 19, 149965, 151800
20, 3600, 19, 149965, 150926
20, 3610, 19, 149639, 151492
20, 3620, 19, 149331, 149527
20, 3630, 19, 149211, 149211
20, 3640, 19, 149010, 150904
20, 3650, 19, 149010, 151825
20, 3660, 19, 148432, 153296
20, 3670, 19, 148432, 150080
20, 3680, 19, 148125, 148432
20, 3690, 19, 148125, 148831
20, 3700, 19, 148125, 149369
20, 3710, 19, 147393, 152006
20, 3720, 19, 147393, 149139
20, 3730, 19, 147264, 150901
20, 3740, 19, 147264, 150025
20, 3750, 19, 146518, 148716
20, 3760, 19, 146518, 146518
20, 3770, 19, 146409, 151005
20, 3780, 19, 146147, 149892
20, 3790, 19, 145970, 147734
20, 3800, 19, 145970, 145970
20, 3810, 19, 145870, 150217
20, 3820, 19, 145627, 147292
20, 3830, 19, 145409, 147006
20, 3840, 19, 145409, 145430
20, 3850, 19, 145166, 145409
20, 3860, 19, 145166, 146742
20, 3870, 19, 145166, 147645
20, 3880, 19, 145166, 150129
20, 3890, 19, 145027, 145027
20, 3900, 19, 144970, 149635
20, 3910, 19, 144970, 147242
20, 3920, 19, 144962, 147205
20, 3930, 19, 144450, 144962
20, 3940, 19, 144450, 145903
20, 3950, 19, 144450, 146066
20, 3960, 19, 144228, 145951
20, 3970, 19, 143727, 145313
20, 3980, 19, 143727, 143727
20, 3990, 19, 143411, 144565
20, 4000, 19, 143354, 146101
20, 4010, 19, 143354, 148163
20, 4020, 19, 143354, 147464
20, 4030, 19, 143152, 143655
20, 4040, 19, 143152, 143152
20, 4050, 19, 143152, 143152
20, 4060, 19, 143152, 143152
20, 4070, 19, 143152, 146299
20, 4080, 19, 143131, 146370
20, 4090, 19, 142820, 146408
20, 4100, 19, 142820, 145046
20, 4110, 19, 142141, 142550
20, 4120, 19, 142141, 145655
20, 4130, 19, 141944, 145191
20, 4140, 19, 141663, 144426
20, 4150, 19, 141663, 146463
20, 4160, 19, 141663, 141663
20, 4170, 19, 141530, 142658
20, 4180, 19, 141331, 141345
20, 4190, 19, 141327, 142888
20, 4200, 19, 141298, 141298
20, 4210, 19, 141298, 145914
20, 4220, 19, 141107, 144033
20, 4230, 19, 141107, 142957
20, 4240, 19, 140856, 142393
20, 4250, 19, 140814, 140814
20, 4260, 19, 140549, 144333
20, 4270, 19, 140433, 141218
20, 4280, 19, 139801, 143361
20, 4290, 19, 139794, 145609
20, 4300, 19, 139431, 140039
20, 4310, 19, 139219, 140011
20, 4320, 19, 139219, 140573
20, 4330, 19, 139122, 142072
20, 4340, 19, 138802, 140040
20, 4350, 19, 138802, 141238
20, 4360, 19, 138722, 139775
20, 4370, 19, 138582, 139568
20, 4380, 19, 138582, 142654
20, 4390, 19, 138582, 138582
20, 4400, 19, 138410, 140631
20, 4410, 19, 138215, 139506
20, 4420, 19, 138215, 139628
20, 4430, 19, 138128, 141739
20, 4440, 19, 137305, 138128
20, 4450, 19, 137044, 137305
20, 4460, 19, 136677, 136728
20, 4470, 19, 136677, 138309
20, 4480, 19, 136677, 141968
20, 4490, 19, 136677, 139229
20, 4500, 19, 136563, 138506
20, 4510, 19, 136563, 139003
20, 4520, 19, 136316, 138236
20, 4530, 19, 136316, 136316
20, 4540, 19, 136316, 137073
20, 4550, 19, 136316, 136316
20, 4560, 19, 136316, 140678
20, 4570, 19, 135759, 138043
20, 4580, 19, 135412, 136832
20, 4590, 19, 135412, 139358
20, 4600, 19, 135179, 139248
20, 4610, 19, 134997, 138065
20, 4620, 19, 134992, 137414
20, 4630, 19, 134595, 136881
20, 4640, 19, 134286, 136478
20, 4650, 19, 134286, 134286
20, 4660, 19, 133848, 134557
20, 4670, 19, 133764, 137051
20, 4680, 19, 133705, 137585
20, 4690, 19, 133705, 137342
20, 4700, 19, 133607, 133705
20, 4710, 19, 133607, 133607
20, 4720, 19, 133022, 136102
20, 4730, 19, 133022, 135202
20, 4740, 19, 132766, 135587
20, 4750, 19, 131643, 132905
20, 4760, 19, 131643, 134742
20, 4770, 19, 131584, 134522
20, 4780, 19, 131584, 132736
20, 4790, 19, 131509, 134923
20, 4800, 19, 131250, 134094
20, 4810, 19, 131209, 133884
20, 4820, 19, 130851, 133395
20, 4830, 19, 130851, 132676
20, 4840, 19, 130848, 131073
20, 4850, 19, 130848, 134894
20, 4860, 19, 130616, 132591
20, 4870, 19, 130616, 132319
20, 4880, 19, 130317, 133134
20, 4890, 19, 130072, 132845
20, 4900, 19, 130072, 130072
20, 4910, 19, 130019, 130072
20, 4920, 19, 130015, 134313
20, 4930, 19, 129723, 132101
20, 4940, 19, 129607, 130200
20, 4950, 19, 129601, 129926
20, 4960, 19, 129562, 131035
20, 4970, 19, 129562, 129810
20, 4980, 19, 128766, 131951
20, 4990, 19, 128766, 132296
20, 5000, 19, 128743, 131193
20, 5010, 19, 128743, 130297
20, 5020, 19, 128743, 129379
20, 5030, 19, 128620, 131500
20, 5040, 19, 128620, 130608
20, 5050, 19, 128620, 128620
20, 5060, 19, 128487, 128856
20, 5070, 19, 128465, 130611
20, 5080, 19, 128465, 128465
20, 5090, 19, 128465, 130998
20, 5100, 19, 128445, 130580
20, 5110, 19, 128041, 128445
20, 5120, 19, 127986, 128878
20, 5130, 19, 127986, 128321
20, 5140, 19, 127726, 129807
20, 5150, 19, 127455, 129132
20, 5160, 19, 127455, 127709
20, 5170, 19, 127455, 129852
20, 5180, 19, 127395, 130847
20, 5190, 19, 127182, 129894
20, 5200, 19, 127182, 128962
20, 5210, 19, 127077, 129240
20, 5220, 19, 127077, 129221
20, 5230, 19, 127077, 131266
20, 5240, 19, 127039, 127039
20, 5250, 19, 126970, 126970
20, 5260, 19, 126317, 128814
20, 5270, 19, 126312, 127506
20, 5280, 19, 126196, 129735
20, 5290, 19, 126183, 128032
20, 5300, 19, 125841, 125870
20, 5310, 19, 125841, 129181
20, 5320, 19, 125641, 128172
20, 5330, 19, 125641, 128564
20, 5340, 19, 125435, 127571
20, 5350, 19, 125238, 126463
20, 5360, 19, 125238, 127597
20, 5370, 19, 125238, 126771
20, 5380, 19, 125238, 127600
20, 5390, 19, 124635, 127538
20, 5400, 19, 124635, 128320
20, 5410, 19, 124380, 126640
20, 5420, 19, 124049, 129115
20, 5430, 19, 124045, 125490
20, 5440, 19, 123973, 124397
20, 5450, 19, 123868, 124410
20, 5460, 19, 123583, 124954
20, 5470, 19, 123583, 123583
20, 5480, 19, 123515, 123599
20, 5490, 19, 123126, 124780
20, 5500, 19, 122884, 123126
20, 5510, 19, 122758, 122884
20, 5520, 19, 122758, 125114
20, 5530, 19, 122634, 122634
20, 5540, 19, 122634, 123311
20, 5550, 19, 122634, 122888
20, 5560, 19, 122403, 126499
20, 5570, 19, 122403, 126130
20, 5580, 19, 122380, 123634
20, 5590, 19, 122380, 123072
20, 5600, 19, 122380, 122847
20, 5610, 19, 122345, 124221
20, 5620, 19, 121998, 122380
20, 5630, 19, 121927, 121998
20, 5640, 19, 121884, 125381
20, 5650, 19, 121711, 121884
20, 5660, 19, 121361, 121985
20, 5670, 19, 121011, 121708
20, 5680, 19, 121011, 121011
20, 5690, 19, 121011, 121830
20, 5700, 19, 120957, 123024
20, 5710, 19, 120856, 123092
20, 5720, 19, 120746, 120856
20, 5730, 19, 120746, 121085
20, 5740, 19, 120746, 125928
20, 5750, 19, 120653, 120653
20, 5760, 19, 120653, 121761
20, 5770, 19, 120653, 124370
20, 5780, 19, 120653, 124761
20, 5790, 19, 120653, 124266
20, 5800, 19, 120653, 121079
20, 5810, 19, 120568, 121571
20, 5820, 19, 120568, 120568
20, 5830, 19, 120568, 120568
20, 5840, 19, 120136, 121536
20, 5850, 19, 120023, 123363
20, 5860, 19, 120023, 123835
20, 5870, 19, 119783, 123965
20, 5880, 19, 119555, 121007
20, 5890, 19, 119555, 119555
20, 5900, 19, 119238, 120441
20, 5910, 19, 119116, 119238
20, 5920, 19, 119103, 122237
20, 5930, 19, 119103, 120883
20, 5940, 19, 119103, 120941
20, 5950, 19, 119103, 120624
20, 5960, 19, 118825, 119103
20, 5970, 19, 118501, 118825
20, 5980, 19, 118405, 119991
20, 5990, 19, 118405, 119853
20, 6000, 19, 118405, 119797
20, 6010, 19, 118405, 119764
20, 6020, 19, 118405, 118948
20, 6030, 19, 118405, 118405
20, 6040, 19, 117994, 118092
20, 6050, 19, 117960, 120714
20, 6060, 19, 117777, 117960
20, 6070, 19, 117777, 119065
20, 6080, 19, 117777, 119760
20, 6090, 19, 117777, 119666
20, 6100, 19, 117777, 117777
20, 6110, 19, 117601, 121451
20, 6120, 19, 117323, 118536
20, 6130, 19, 117059, 119845
20, 6140, 19, 117059, 117114
20, 6150, 19, 117059, 117494
20, 6160, 19, 117059, 117059
20, 6170, 19, 116950, 116964
20, 6180, 19, 116947, 117477
20, 6190, 19, 116734, 120059
20, 6200, 19, 116734, 116734
20, 6210, 19, 116734, 119765
20, 6220, 19, 116734, 118546
20, 6230, 19, 116734, 117491
20, 6240, 19, 116513, 116513
20, 6250, 19, 116513, 120013
20, 6260, 19, 116513, 116513
20, 6270, 19, 116477, 120486
20, 6280, 19, 116477, 119290
20, 6290, 19, 116477, 119854
20, 6300, 19, 116477, 120654
20, 6310, 19, 116296, 119341
20, 6320, 19, 116060, 116296
20, 6330, 19, 115557, 116060
20, 6340, 19, 115557, 116897
20, 6350, 19, 115557, 117361
20, 6360, 19, 115557, 115557
20, 6370, 19, 115557, 117491
20, 6380, 19, 115446, 115446
20, 6390, 19, 115446, 118959
20, 6400, 19, 115309, 118929
20, 6410, 19, 115309, 115309
20, 6420, 19, 115309, 115309
20, 6430, 19, 115309, 120130
20, 6440, 19, 115304, 118443
20, 6450, 19, 115035, 116033
20, 6460, 19, 114918, 114918
20, 6470, 19, 114918, 117106
20, 6480, 19, 114918, 116163
20, 6490, 19, 114918, 116378
20, 6500, 19, 114918, 117904
20, 6510, 19, 114918, 116153
20, 6520, 19, 114918, 115570
20, 6530, 19, 114918, 116703
20, 6540, 19, 114918, 116776
20, 6550, 19, 114746, 114854
20, 6560, 19, 114660, 115455
20, 6570, 19, 114449, 119905
20, 6580, 19, 114425, 117733
20, 6590, 19, 114384, 115352
20, 6600, 19, 114112, 115552
20, 6610, 19, 114072, 114087
20, 6620, 19, 114070, 115894
20, 6630, 19, 114038, 114070
20, 6640, 19, 114038, 117792
20, 6650, 19, 113613, 116089
20, 6660, 19, 113613, 116393
20, 6670, 19, 113341, 113341
20, 6680, 19, 113269, 113832
20, 6690, 19, 113269, 116955
20, 6700, 19, 113138, 113138
20, 6710, 19, 113113, 115633
20, 6720, 19, 113113, 113113
20, 6730, 19, 113060, 117236
20, 6740, 19, 113060, 116511
20, 6750, 19, 112837, 114867
20, 6760, 19, 112837, 116292
20, 6770, 19, 112837, 114119
20, 6780, 19, 112837, 112837
20, 6790, 19, 112837, 113957
20, 6800, 19, 112837, 121338
20, 6810, 19, 112740, 112837
20, 6820, 19, 112740, 112740
20, 6830, 19, 112535, 114696
20, 6840, 19, 112305, 112305
20, 6850, 19, 112305, 114346
20, 6860, 19, 112305, 112305
20, 6870, 19, 112213, 113510
20, 6880, 19, 112111, 113736
20, 6890, 19, 112086, 112111
20, 6900, 19, 112086, 115610
20, 6910, 19, 111950, 115573
20, 6920, 19, 111944, 111944
20, 6930, 19, 111944, 114580
20, 6940, 19, 111944, 111944
20, 6950, 19, 111944, 111944
20, 6960, 19, 111718, 116505
20, 6970, 19, 111718, 114134
20, 6980, 19, 111332, 111387
20, 6990, 19, 111332, 112876
20, 7000, 19, 111332, 111332
20, 7010, 19, 111332, 112966
20, 7020, 19, 111332, 113976
20, 7030, 19, 111332, 111424
20, 7040, 19, 111332, 111332
20, 7050, 19, 111332, 112247
20, 7060, 19, 111332, 113511
20, 7070, 19, 111332, 114260
20, 7080, 19, 111332, 112247
20, 7090, 19, 111332, 114042
20, 7100, 19, 111332, 111332
20, 7110, 19, 111147, 114613
20, 7120, 19, 111147, 113222
20, 7130, 19, 111059, 111688
20, 7140, 19, 111059, 111563
20, 7150, 19, 111059, 111059
20, 7160, 19, 111059, 112182
20, 7170, 19, 110846, 113653
20, 7180, 19, 110846, 114605
20, 7190, 19, 110846, 112879
20, 7200, 19, 110846, 113486
20, 7210, 19, 110846, 113484
20, 7220, 19, 110846, 115403
20, 7230, 19, 110624, 111903
20, 7240, 19, 110571, 110624
20, 7250, 19, 110571, 110571
20, 7260, 19, 110512, 111982
20, 7270, 19, 110479, 110479
20, 7280, 19, 110152, 111335
20, 7290, 19, 109964, 111573
20, 7300, 19, 109964, 113172
20, 7310, 19, 109947, 109947
20, 7320, 19, 109811, 113737
20, 7330, 19, 109774, 110555
20, 7340, 19, 109605, 110438
20, 7350, 19, 109605, 110572
20, 7360, 19, 109605, 109605
20, 7370, 19, 109600, 109605
20, 7380, 19, 109546, 114975
20, 7390, 19, 109546, 109546
20, 7400, 19, 109546, 111573
20, 7410, 19, 109454, 109668
20, 7420, 19, 109454, 111029
20, 7430, 19, 109400, 109400
20, 7440, 19, 109400, 110909
20, 7450, 19, 109400, 109922
20, 7460, 19, 109400, 110790
20, 7470, 19, 109400, 112201
20, 7480, 19, 109400, 109400
20, 7490, 19, 109092, 109292
20, 7500, 19, 108972, 109092
20, 7510, 19, 108972, 108972
20, 7520, 19, 108641, 109455
20, 7530, 19, 108527, 110132
20, 7540, 19, 108497, 109810
20, 7550, 19, 108497, 108497
20, 7560, 19, 108497, 108497
20, 7570, 19, 108497, 110857
20, 7580, 19, 108497, 108497
20, 7590, 19, 108301, 108369
20, 7600, 19, 108229, 108229
20, 7610, 19, 107878, 108229
20, 7620, 19, 107878, 109090
20, 7630, 19, 107878, 109783
20, 7640, 19, 107878, 108500
20, 7650, 19, 107546, 107795
20, 7660, 19, 107434, 110117
20, 7670, 19, 107184, 110063
20, 7680, 19, 107184, 107184
20, 7690, 19, 107184, 109298
20, 7700, 19, 107184, 107330
20, 7710, 19, 107184, 107184
20, 7720, 19, 107184, 107267
20, 7730, 19, 107184, 108144
20, 7740, 19, 107027, 109430
20, 7750, 19, 107027, 107027
20, 7760, 19, 107014, 109693
20, 7770, 19, 107014, 107014
20, 7780, 19, 107014, 108593
20, 7790, 19, 107014, 108038
20, 7800, 19, 107014, 107414
20, 7810, 19, 106972, 107014
20, 7820, 19, 106943, 108972
20, 7830, 19, 106943, 108142
20, 7840, 19, 106943, 106943
20, 7850, 19, 106901, 108448
20, 7860, 19, 106893, 106893
20, 7870, 19, 106893, 106893
20, 7880, 19, 106893, 112454
20, 7890, 19, 106893, 106893
20, 7900, 19, 106642, 106642
20, 7910, 19, 106642, 106642
20, 7920, 19, 106275, 106359
20, 7930, 19, 106275, 109793
20, 7940, 19, 106275, 108978
20, 7950, 19, 106275, 108331
20, 7960, 19, 106275, 108426
20, 7970, 19, 106275, 107959
20, 7980, 19, 106097, 110492
20, 7990, 19, 106097, 110044
20, 8000, 19, 106093, 106097
20, 8010, 19, 106093, 106093
20, 8020, 19, 106016, 106016
20, 8030, 19, 105949, 106016
20, 8040, 19, 105949, 105949
20, 8050, 19, 105949, 105949
20, 8060, 19, 105949, 106494
20, 8070, 19, 105780, 109491
20, 8080, 19, 105780, 105780
20, 8090, 19, 105726, 108215
20, 8100, 19, 105726, 106652
20, 8110, 19, 105726, 105726
20, 8120, 19, 105623, 105662
20, 8130, 19, 105503, 105596
20, 8140, 19, 105451, 105503
20, 8150, 19, 105451, 106732
20, 8160, 19, 105451, 105451
20, 8170, 19, 105336, 105454
20, 8180, 19, 105336, 107061
20, 8190, 19, 105088, 105336
20, 8200, 19, 105088, 105088
20, 8210, 19, 104971, 106682
20, 8220, 19, 104971, 104971
20, 8230, 19, 104971, 106171
20, 8240, 19, 104971, 104971
20, 8250, 19, 104697, 105942
20, 8260, 19, 104671, 107206
20, 8270, 19, 104671, 104671
20, 8280, 19, 104671, 104671
20, 8290, 19, 104619, 104671
20, 8300, 19, 104619, 106441
20, 8310, 19, 104619, 104619
20, 8320, 19, 104619, 105556
20, 8330, 19, 104619, 106062
20, 8340, 19, 104430, 107168
20, 8350, 19, 104430, 104852
20, 8360, 19, 104237, 104430
20, 8370, 19, 104237, 104237
20, 8380, 19, 104237, 105560
20, 8390, 19, 104237, 104237
20, 8400, 19, 104116, 107810
20, 8410, 19, 104116, 104116
20, 8420, 19, 104116, 104116
20, 8430, 19, 104115, 104116
20, 8440, 19, 103995, 107468
20, 8450, 19, 103995, 108254
20, 8460, 19, 103628, 103688
20, 8470, 19, 103613, 103613
20, 8480, 19, 103613, 103613
20, 8490, 19, 103584, 103725
20, 8500, 19, 103321, 103321
20, 8510, 19, 103157, 103157
20, 8520, 19, 103157, 103157
20, 8530, 19, 102982, 103157
20, 8540, 19, 102982, 102982
20, 8550, 19, 102982, 104385
20, 8560, 19, 102982, 106947
20, 8570, 19, 102982, 105503
20, 8580, 19, 102982, 102982
20, 8590, 19, 102982, 105089
20, 8600, 19, 102982, 106648
20, 8610, 19, 102982, 102982
20, 8620, 19, 102982, 103326
20, 8630, 19, 102982, 103609
20, 8640, 19, 102982, 104670
20, 8650, 19, 102795, 102982
20, 8660, 19, 102795, 104605
20, 8670, 19, 102730, 102730
20, 8680, 19, 102632, 102730
20, 8690, 19, 102632, 102632
20, 8700, 19, 102632, 104705
20, 8710, 19, 102586, 103508
20, 8720, 19, 102550, 102586
20, 8730, 19, 102406, 102458
20, 8740, 19, 102348, 102406
20, 8750, 19, 102227, 102348
20, 8760, 19, 102227, 102227
20, 8770, 19, 102080, 104003
20, 8780, 19, 102080, 105106
20, 8790, 19, 102080, 104007
20, 8800, 19, 102068, 103658
20, 8810, 19, 101820, 103510
20, 8820, 19, 101820, 101820
20, 8830, 19, 101820, 105860
20, 8840, 19, 101820, 103570
20, 8850, 19, 101816, 101816
20, 8860, 19, 101816, 102499
20, 8870, 19, 101811, 105791
20, 8880, 19, 101704, 101704
20, 8890, 19, 101704, 105184
20, 8900, 19, 101704, 101704
20, 8910, 19, 101704, 101936
20, 8920, 19, 101704, 102520
20, 8930, 19, 101526, 101661
20, 8940, 19, 101403, 101526
20, 8950, 19, 101403, 101403
20, 8960, 19, 101403, 101403
20, 8970, 19, 101403, 102395
20, 8980, 19, 101403, 101403
20, 8990, 19, 101381, 104081
20, 9000, 19, 101370, 101381
20, 9010, 19, 101370, 101370
20, 9020, 19, 101370, 101370
20, 9030, 19, 101254, 101502
20, 9040, 19, 101254, 101254
20, 9050, 19, 101254, 101654
20, 9060, 19, 101254, 101360
20, 9070, 19, 101254, 101254
20, 9080, 19, 101254, 101254
20, 9090, 19, 101254, 102693
20, 9100, 19, 101254, 102915
20, 9110, 19, 101254, 102982
20, 9120, 19, 101195, 101912
20, 9130, 19, 101195, 105998
20, 9140, 19, 101195, 103239
20, 9150, 19, 101193, 101193
20, 9160, 19, 101193, 101719
20, 9170, 19, 101193, 101193
20, 9180, 19, 101193, 101193
20, 9190, 19, 101193, 101193
20, 9200, 19, 101193, 101193
20, 9210, 19, 101193, 102650
20, 9220, 19, 101193, 101193
20, 9230, 19, 101193, 101193
20, 9240, 19, 101193, 104514
20, 9250, 19, 101193, 103315
20, 9260, 19, 101153, 101153
20, 9270, 19, 101153, 101153
20, 9280, 19, 101153, 101609
20, 9290, 19, 101153, 101153
20, 9300, 19, 101153, 101153
20, 9310, 19, 101066, 101153
20, 9320, 19, 101066, 101633
20, 9330, 19, 100558, 104415
20, 9340, 19, 100387, 100558
20, 9350, 19, 100211, 100814
20, 9360, 19, 100211, 102894
20, 9370, 19, 100211, 100211
20, 9380, 19, 100211, 100211
20, 9390, 19, 100211, 100289
20, 9400, 19, 100211, 101331
20, 9410, 19, 100211, 100211
20, 9420, 19, 100211, 101758
20, 9430, 19, 99832, 99962
20, 9440, 19, 99832, 102416
20, 9450, 19, 99832, 102044
20, 9460, 19, 99832, 101221
20, 9470, 19, 99832, 101740
20, 9480, 19, 99832, 99832
20, 9490, 19, 99832, 100950
20, 9500, 19, 99832, 99832
20, 9510, 19, 99816, 103116
20, 9520, 19, 99816, 99816
20, 9530, 19, 99816, 101926
20, 9540, 19, 99816, 103155
20, 9550, 19, 99627, 103629
20, 9560, 19, 99211, 102013
20, 9570, 19, 99211, 99211
20, 9580, 19, 99211, 99211
20, 9590, 19, 98944, 99905
20, 9600, 19, 98694, 101751
20, 9610, 19, 98694, 98694
20, 9620, 19, 98694, 100420
20, 9630, 19, 98694, 98694
20, 9640, 19, 98694, 101973
20, 9650, 19, 98694, 100201
20, 9660, 19, 98694, 100546
20, 9670, 19, 98694, 98694
20, 9680, 19, 98694, 98694
20, 9690, 19, 98674, 98694
20, 9700, 19, 98674, 98674
20, 9710, 19, 98674, 98674
20, 9720, 19, 98674, 101457
20, 9730, 19, 98674, 100111
20, 9740, 19, 98674, 100868
20, 9750, 19, 98674, 99173
20, 9760, 19, 98674, 98960
20, 9770, 19, 98646, 101760
20, 9780, 19, 98646, 98646
20, 9790, 19, 98646, 98646
20, 9800, 19, 98646, 101413
20, 9810, 19, 98646, 98646
20, 9820, 19, 98557, 98557
20, 9830, 19, 98557, 98557
20, 9840, 19, 98557, 99661
20, 9850, 19, 98557, 99365
20, 9860, 19, 98557, 98557
20, 9870, 19, 98557, 98557
20, 9880, 19, 98557, 99716
20, 9890, 19, 98557, 98557
20, 9900, 19, 98557, 99641
20, 9910, 19, 98557, 99864
20, 9920, 19, 98200, 102028
20, 9930, 19, 98200, 100684
20, 9940, 19, 98200, 98200
20, 9950, 19, 98200, 98200
20, 9960, 19, 97901, 98841
20, 9970, 19, 97816, 97877
20, 9980, 19, 97765, 99429
20, 9990, 19, 97765, 97765
20, 10000, 19, 97765, 97765
20, 10010, 19, 97765, 99056
20, 10020, 19, 97765, 97765
20, 10030, 19, 97765, 97765
20, 10040, 19, 97765, 97765
20, 10050, 19, 97507, 97631
20, 10060, 19, 97507, 97507
20, 10070, 19, 97507, 97507
20, 10080, 19, 97507, 99991
20, 10090, 19, 97507, 97507
20, 10100, 19, 97507, 97507
20, 10110, 19, 97367, 100404
20, 10120, 19, 97367, 97367
20, 10130, 19, 97367, 97367
20, 10140, 19, 97367, 97367
20, 10150, 19, 97334, 97367
20, 10160, 19, 97334, 98374
20, 10170, 19, 97334, 97334
20, 10180, 19, 97334, 97334
20, 10190, 19, 97275, 97334
20, 10200, 19, 97275, 97275
20, 10210, 19, 97275, 97275
20, 10220, 19, 97275, 97275
20, 10230, 19, 97275, 97275
20, 10240, 19, 97275, 97275
20, 10250, 19, 97275, 97275
20, 10260, 19, 97275, 99137
20, 10270, 19, 97275, 98654
20, 10280, 19, 97275, 97275
20, 10290, 19, 97275, 97275
20, 10300, 19, 97275, 99277
20, 10310, 19, 97275, 97275
20, 10320, 19, 97192, 99226
20, 10330, 19, 97192, 99212
20, 10340, 19, 97192, 97192
20, 10350, 19, 97192, 97192
20, 10360, 19, 97045, 97596
20, 10370, 19, 97045, 98874
20, 10380, 19, 97045, 97045
20, 10390, 19, 97045, 97045
20, 10400, 19, 96856, 96856
20, 10410, 19, 96856, 98898
20, 10420, 19, 96797, 96797
20, 10430, 19, 96797, 96797
20, 10440, 19, 96769, 96769
20, 10450, 19, 96769, 96769
20, 10460, 19, 96528, 97822
20, 10470, 19, 96528, 97730
20, 10480, 19, 96528, 96528
20, 10490, 19, 96528, 99238
20, 10500, 19, 96325, 97709
20, 10510, 19, 96325, 96325
20, 10520, 19, 96325, 98085
20, 10530, 19, 96325, 96325
20, 10540, 19, 96325, 98506
20, 10550, 19, 96325, 97718
20, 10560, 19, 96325, 98435
20, 10570, 19, 96325, 96801
20, 10580, 19, 96100, 96100
20, 10590, 19, 95977, 96100
20, 10600, 19, 95860, 95977
20, 10610, 19, 95860, 95860
20, 10620, 19, 95860, 95860
20, 10630, 19, 95673, 95860
20, 10640, 19, 95673, 95673
20, 10650, 19, 95640, 98074
20, 10660, 19, 95640, 97040
20, 10670, 19, 95458, 95640
20, 10680, 19, 95458, 95458
20, 10690, 19, 95458, 98003
20, 10700, 19, 95458, 95458
20, 10710, 19, 95400, 95458
20, 10720, 19, 94883, 96964
20, 10730, 19, 94883, 96652
20, 10740, 19, 94883, 94883
20, 10750, 19, 94876, 94876
20, 10760, 19, 94876, 94876
20, 10770, 19, 94876, 94876
20, 10780, 19, 94817, 96827
20, 10790, 19, 94817, 94817
20, 10800, 19, 94769, 94769
20, 10810, 19, 94769, 94769
20, 10820, 19, 94769, 94769
20, 10830, 19, 94373, 94769
20, 10840, 19, 94373, 94973
20, 10850, 19, 94173, 94173
20, 10860, 19, 94173, 94173
20, 10870, 19, 94173, 94173
20, 10880, 19, 94173, 94173
20, 10890, 19, 94173, 94173
20, 10900, 19, 93924, 95312
20, 10910, 19, 93887, 93888
20, 10920, 19, 93687, 96691
20, 10930, 19, 93687, 93687
20, 10940, 19, 93687, 94800
20, 10950, 19, 93687, 93687
20, 10960, 19, 93464, 95548
20, 10970, 19, 93464, 99199
20, 10980, 19, 93418, 93464
20, 10990, 19, 93237, 94871
20, 11000, 19, 93237, 93237
20, 11010, 19, 93237, 93237
20, 11020, 19, 93237, 93237
20, 11030, 19, 93237, 93237
20, 11040, 19, 93237, 93237
20, 11050, 19, 93237, 93237
20, 11060, 19, 93237, 93237
20, 11070, 19, 93237, 93237
20, 11080, 19, 93237, 95112
20, 11090, 19, 93237, 93237
20, 11100, 19, 93237, 93237
20, 11110, 19, 93237, 93237
20, 11120, 19, 93237, 93237
20, 11130, 19, 93231, 93231
20, 11140, 19, 93231, 95451
20, 11150, 19, 93231, 93231
20, 11160, 19, 93148, 94276
20, 11170, 19, 93148, 93148
20, 11180, 19, 93148, 93148
20, 11190, 19, 93148, 93148
20, 11200, 19, 93148, 93148
20, 11210, 19, 93108, 93148
20, 11220, 19, 93108, 94612
20, 11230, 19, 93068, 93068
20, 11240, 19, 93068, 93068
20, 11250, 19, 93068, 93068
20, 11260, 19, 93068, 93068
20, 11270, 19, 93068, 93068
20, 11280, 19, 92882, 93068
20, 11290, 19, 92882, 95836
20, 11300, 19, 92882, 92882
20, 11310, 19, 92882, 92882
20, 11320, 19, 92882, 92882
20, 11330, 19, 92882, 93613
20, 11340, 19, 92842, 92882
20, 11350, 19, 92842, 93824
20, 11360, 19, 92842, 92842
20, 11370, 19, 92842, 92842
20, 11380, 19, 92841, 92842
20, 11390, 19, 92841, 95071
20, 11400, 19, 92841, 93691
20, 11410, 19, 92841, 92841
20, 11420, 19, 92699, 92841
20, 11430, 19, 92699, 96680
20, 11440, 19, 92699, 94516
20, 11450, 19, 92699, 92699
20, 11460, 19, 92699, 95359
20, 11470, 19, 92554, 92554
20, 11480, 19, 92554, 95144
20, 11490, 19, 92554, 92554
20, 11500, 19, 92554, 92554
20, 11510, 19, 92554, 92554
20, 11520, 19, 92554, 93137
20, 11530, 19, 92554, 94692
20, 11540, 19, 92554, 92554
20, 11550, 19, 92554, 94559
20, 11560, 19, 92554, 95095
20, 11570, 19, 92554, 92554
20, 11580, 19, 92554, 92554
20, 11590, 19, 92554, 94280
20, 11600, 19, 92554, 92554
20, 11610, 19, 92554, 92554
20, 11620, 19, 92554, 93153
20, 11630, 19, 92358, 92554
20, 11640, 19, 92358, 92358
20, 11650, 19, 92358, 92358
20, 11660, 19, 92039, 92039
20, 11670, 19, 92039, 92039
20, 11680, 19, 92039, 92039
20, 11690, 19, 92039, 92039
20, 11700, 19, 92039, 92039
20, 11710, 19, 92039, 92039
20, 11720, 19, 91991, 92722
20, 11730, 19, 91991, 91991
20, 11740, 19, 91991, 91991
20, 11750, 19, 91991, 93497
20, 11760, 19, 91991, 91991
20, 11770, 19, 91991, 91991
20, 11780, 19, 91991, 91991
20, 11790, 19, 91991, 91991
20, 11800, 19, 91991, 91991
20, 11810, 19, 91991, 91991
20, 11820, 19, 91991, 91991
20, 11830, 19, 91976, 91991
20, 11840, 19, 91976, 91976
20, 11850, 19, 91976, 91976
20, 11860, 19, 91976, 91976
20, 11870, 19, 91976, 91976
20, 11880, 19, 91883, 91976
20, 11890, 19, 91883, 94640
20, 11900, 19, 91745, 91745
20, 11910, 19, 91345, 93439
20, 11920, 19, 91345, 92670
20, 11930, 19, 91345, 91345
20, 11940, 19, 91286, 91286
20, 11950, 19, 91286, 91286
20, 11960, 19, 91286, 91286
20, 11970, 19, 91286, 91286
20, 11980, 19, 91145, 91286
20, 11990, 19, 91145, 91145
20, 12000, 19, 91145, 91145
20, 12010, 19, 91145, 91145
20, 12020, 19, 91145, 91145
20, 12030, 19, 91145, 95139
20, 12040, 19, 90908, 92053
20, 12050, 19, 90908, 90908
20, 12060, 19, 90908, 90908
20, 12070, 19, 90908, 90908
20, 12080, 19, 90908, 93114
20, 12090, 19, 90908, 90908
20, 12100, 19, 90908, 90908
20, 12110, 19, 90711, 90908
20, 12120, 19, 90518, 90518
20, 12130, 19, 90518, 90518
20, 12140, 19, 90518, 90518
20, 12150, 19, 90518, 90518
20, 12160, 19, 90518, 90518
20, 12170, 19, 90433, 91685
20, 12180, 19, 90433, 90433
20, 12190, 19, 90346, 90346
20, 12200, 19, 90287, 90287
20, 12210, 19, 90287, 90287
20, 12220, 19, 90287, 90287
20, 12230, 19, 90287, 93740
20, 12240, 19, 90287, 90287
20, 12250, 19, 90287, 90287
20, 12260, 19, 90287, 90287
20, 12270, 19, 90184, 90287
20, 12280, 19, 90184, 90184
20, 12290, 19, 90184, 90184
20, 12300, 19, 90184, 91571
20, 12310, 19, 90184, 90184
20, 12320, 19, 90184, 90184
20, 12330, 19, 90184, 90184
20, 12340, 19, 90184, 92560
20, 12350, 19, 90184, 90184
20, 12360, 19, 90184, 90184
20, 12370, 19, 90184, 90184
20, 12380, 19, 90184, 92024
20, 12390, 19, 90184, 90184
20, 12400, 19, 90184, 90184
20, 12410, 19, 90184, 90184
20, 12420, 19, 90146, 90184
20, 12430, 19, 90146, 90146
20, 12440, 19, 90022, 90022
20, 12450, 19, 90022, 90022
20, 12460, 19, 89875, 89946
20, 12470, 19, 89818, 90062
20, 12480, 19, 89818, 94563
20, 12490, 19, 89796, 91184
20, 12500, 19, 89796, 89796
20, 12510, 19, 89672, 89672
20, 12520, 19, 89672, 89672
20, 12530, 19, 89672, 89672
20, 12540, 19, 89672, 89672
20, 12550, 19, 89672, 89672
20, 12560, 19, 89180, 89180
20, 12570, 19, 89180, 89180
20, 12580, 19, 89180, 89180
20, 12590, 19, 89180, 89180
20, 12600, 19, 89180, 89835
20, 12610, 19, 88905, 89954
20, 12620, 19, 88897, 88905
20, 12630, 19, 88897, 88897
20, 12640, 19, 88897, 88897
20, 12650, 19, 88821, 88821
20, 12660, 19, 88821, 88821
20, 12670, 19, 88714, 88714
20, 12680, 19, 88714, 89428
20, 12690, 19, 88714, 88714
20, 12700, 19, 88040, 88714
20, 12710, 19, 88040, 90528
20, 12720, 19, 87917, 87917
20, 12730, 19, 87917, 91003
20, 12740, 19, 87917, 87917
20, 12750, 19, 87917, 88863
20, 12760, 19, 87917, 88824
20, 12770, 19, 87917, 87917
20, 12780, 19, 87917, 87917
20, 12790, 19, 87917, 87917
20, 12800, 19, 87917, 87917
20, 12810, 19, 87917, 88061
20, 12820, 19, 87917, 91732
20, 12830, 19, 87917, 87917
20, 12840, 19, 87885, 87917
20, 12850, 19, 87885, 87885
20, 12860, 19, 87885, 87885
20, 12870, 19, 87826, 87885
20, 12880, 19, 87826, 87826
20, 12890, 19, 87826, 87826
20, 12900, 19, 87808, 87808
20, 12910, 19, 87808, 87808
20, 12920, 19, 87667, 87667
20, 12930, 19, 87667, 87667
20, 12940, 19, 87667, 87667
20, 12950, 19, 87667, 87667
20, 12960, 19, 87667, 87667
20, 12970, 19, 87667, 87667
20, 12980, 19, 87667, 87667
20, 12990, 19, 87667, 87667
20, 13000, 19, 87667, 87667
20, 13010, 19, 87667, 87667
20, 13020, 19, 87667, 87667
20, 13030, 19, 87667, 87667
20, 13040, 19, 87667, 87667
20, 13050, 19, 87667, 88689
20, 13060, 19, 87667, 87667
20, 13070, 19, 87492, 88322
20, 13080, 19, 87492, 87492
20, 13090, 19, 87492, 87492
20, 13100, 19, 87440, 87492
20, 13110, 19, 87440, 87440
20, 13120, 19, 87440, 87440
20, 13130, 19, 87370, 87370
20, 13140, 19, 87370, 87370
20, 13150, 19, 87370, 87370
20, 13160, 19, 87370, 87370
20, 13170, 19, 87370, 87370
20, 13180, 19, 87370, 87370
20, 13190, 19, 87370, 87370
20, 13200, 19, 87370, 87370
20, 13210, 19, 87370, 87370
20, 13220, 19, 87370, 87370
20, 13230, 19, 87370, 88623
20, 13240, 19, 87370, 89462
20, 13250, 19, 87370, 87370
20, 13260, 19, 87370, 87370
20, 13270, 19, 87370, 87370
20, 13280, 19, 87370, 87370
20, 13290, 19, 87370, 87370
20, 13300, 19, 87370, 91304
20, 13310, 19, 87370, 87370
20, 13320, 19, 87370, 87370
20, 13330, 19, 87370, 87370
20, 13340, 19, 87370, 87370
20, 13350, 19, 87370, 87370
20, 13360, 19, 87340, 87370
20, 13370, 19, 87340, 87340
20, 13380, 19, 87340, 87340
20, 13390, 19, 87340, 87340
20, 13400, 19, 87309, 87309
20, 13410, 19, 87309, 87309
20, 13420, 19, 87163, 87163
20, 13430, 19, 87163, 87163
20, 13440, 19, 87163, 87163
20, 13450, 19, 87163, 87163
20, 13460, 19, 87163, 90995
20, 13470, 19, 87163, 87163
20, 13480, 19, 86931, 87163
20, 13490, 19, 86931, 86931
20, 13500, 19, 86931, 86931
20, 13510, 19, 86931, 86931
20, 13520, 19, 86931, 86931
20, 13530, 19, 86931, 86931
20, 13540, 19, 86931, 87363
20, 13550, 19, 86931, 86931
20, 13560, 19, 86931, 88710
20, 13570, 19, 86931, 87931
20, 13580, 19, 86931, 86931
20, 13590, 19, 86931, 86931
20, 13600, 19, 86931, 86931
20, 13610, 19, 86931, 86931
20, 13620, 19, 86837, 88753
20, 13630, 19, 86833, 86837
20, 13640, 19, 86833, 86833
20, 13650, 19, 86833, 86833
20, 13660, 19, 86833, 86833
20, 13670, 19, 86626, 86626
20, 13680, 19, 86626, 86626
20, 13690, 19, 86502, 88142
20, 13700, 19, 86502, 86502
20, 13710, 19, 86381, 86381
20, 13720, 19, 86381, 89589
20, 13730, 19, 86337, 86337
20, 13740, 19, 86260, 87814
20, 13750, 19, 86260, 86260
20, 13760, 19, 86214, 86260
20, 13770, 19, 86214, 88362
20, 13780, 19, 86214, 86853
20, 13790, 19, 86214, 86214
20, 13800, 19, 86131, 86214
20, 13810, 19, 86131, 86131
20, 13820, 19, 86131, 86131
20, 13830, 19, 86131, 86131
20, 13840, 19, 86131, 86131
20, 13850, 19, 86048, 86131
20, 13860, 19, 86016, 86016
20, 13870, 19, 86016, 86016
20, 13880, 19, 86016, 86016
20, 13890, 19, 86016, 86016
20, 13900, 19, 86016, 86016
20, 13910, 19, 86016, 86016
20, 13920, 19, 86012, 88101
20, 13930, 19, 86012, 86012
20, 13940, 19, 86012, 86012
20, 13950, 19, 86012, 86012
20, 13960, 19, 86012, 86012
20, 13970, 19, 86012, 86012
20, 13980, 19, 86012, 86012
20, 13990, 19, 86012, 86703
20, 14000, 19, 86012, 86012
20, 14010, 19, 86012, 86012
20, 14020, 19, 85800, 85800
20, 14030, 19, 85800, 85800
20, 14040, 19, 85800, 85800
20, 14050, 19, 85800, 87993
20, 14060, 19, 85800, 85800
20, 14070, 19, 85800, 85800
20, 14080, 19, 85800, 85800
20, 14090, 19, 85800, 85800
20, 14100, 19, 85715, 85800
20, 14110, 19, 85715, 85715
20, 14120, 19, 85715, 85715
20, 14130, 19, 85715, 85715
20, 14140, 19, 85715, 85715
20, 14150, 19, 85715, 85715
20, 14160, 19, 85651, 85651
20, 14170, 19, 85651, 85651
20, 14180, 19, 85651, 85651
20, 14190, 19, 85651, 85651
20, 14200, 19, 85651, 89089
20, 14210, 19, 85651, 85651
20, 14220, 19, 85651, 85651
20, 14230, 19, 85651, 85651
20, 14240, 19, 85651, 85651
20, 14250, 19, 85613, 85613
20, 14260, 19, 85427, 85613
20, 14270, 19, 85427, 85427
20, 14280, 19, 85427, 85427
20, 14290, 19, 85371, 85371
20, 14300, 19, 85371, 85371
20, 14310, 19, 85371, 85371
20, 14320, 19, 85371, 85371
20, 14330, 19, 85371, 87206
20, 14340, 19, 85371, 85371
20, 14350, 19, 85371, 85371
20, 14360, 19, 85371, 85371
20, 14370, 19, 85371, 85371
20, 14380, 19, 85371, 85371
20, 14390, 19, 85371, 85371
20, 14400, 19, 85371, 85371
20, 14410, 19, 85371, 85371
20, 14420, 19, 85371, 85371
20, 14430, 19, 85371, 85371
20, 14440, 19, 85371, 85371
20, 14450, 19, 85371, 85371
20, 14460, 19, 85371, 85371
20, 14470, 19, 85371, 85963
20, 14480, 19, 85371, 85371
20, 14490, 19, 85371, 85371
20, 14500, 19, 85371, 85371
20, 14510, 19, 85371, 85371
20, 14520, 19, 85371, 85371
20, 14530, 19, 85186, 85186
20, 14540, 19, 85167, 85186
20, 14550, 19, 85167, 85167
20, 14560, 19, 85156, 85156
20, 14570, 19, 85156, 85156
20, 14580, 19, 85156, 85156
20, 14590, 19, 84947, 85156
20, 14600, 19, 84947, 84947
20, 14610, 19, 84947, 84947
20, 14620, 19, 84849, 84849
20, 14630, 19, 84849, 84849
20, 14640, 19, 84849, 84849
20, 14650, 19, 84849, 84849
20, 14660, 19, 84849, 84849
20, 14670, 19, 84849, 84849
20, 14680, 19, 84828, 84849
20, 14690, 19, 84768, 84768
20, 14700, 19, 84768, 84768
20, 14710, 19, 84768, 84768
20, 14720, 19, 84768, 84768
20, 14730, 19, 84768, 84768
20, 14740, 19, 84343, 85273
20, 14750, 19, 84343, 84343
20, 14760, 19, 84343, 84343
20, 14770, 19, 84343, 84343
20, 14780, 19, 84343, 84343
20, 14790, 19, 84343, 84343
20, 14800, 19, 84343, 84343
20, 14810, 19, 84297, 84343
20, 14820, 19, 84297, 84297
20, 14830, 19, 84297, 84297
20, 14840, 19, 84297, 85341
20, 14850, 19, 84297, 84297
20, 14860, 19, 84297, 84297
20, 14870, 19, 84175, 84175
20, 14880, 19, 84099, 84099
20, 14890, 19, 84099, 84099
20, 14900, 19, 84099, 84099
20, 14910, 19, 84099, 84099
20, 14920, 19, 84099, 84099
20, 14930, 19, 84067, 84099
20, 14940, 19, 83792, 83890
20, 14950, 19, 83792, 83792
20, 14960, 19, 83792, 83792
20, 14970, 19, 83792, 83792
20, 14980, 19, 83792, 83808
20, 14990, 19, 83636, 83636
20, 15000, 19, 83636, 83636
20, 15010, 19, 83636, 83636
20, 15020, 19, 83636, 83636
20, 15030, 19, 83636, 83636
20, 15040, 19, 83636, 83636
20, 15050, 19, 83636, 83636
20, 15060, 19, 83636, 83636
20, 15070, 19, 83636, 83636
20, 15080, 19, 83636, 83636
20, 15090, 19, 83636, 83636
20, 15100, 19, 83636, 83636
20, 15110, 19, 83636, 86114
20, 15120, 19, 83636, 83636
20, 15130, 19, 83578, 83636
20, 15140, 19, 83578, 83578
20, 15150, 19, 83578, 83578
20, 15160, 19, 83578, 83578
20, 15170, 19, 82795, 82795
20, 15180, 19, 82795, 82795
20, 15190, 19, 82795, 82795
20, 15200, 19, 82795, 82795
20, 15210, 19, 82774, 82774
20, 15220, 19, 82774, 82774
20, 15230, 19, 82774, 82774
20, 15240, 19, 82774, 82774
20, 15250, 19, 82774, 82774
20, 15260, 19, 82774, 82774
20, 15270, 19, 82774, 82774
20, 15280, 19, 82774, 82774
20, 15290, 19, 82774, 82774
20, 15300, 19, 82774, 82774
20, 15310, 19, 82774, 82774
20, 15320, 19, 82774, 82774
20, 15330, 19, 82774, 82774
20, 15340, 19, 82774, 82774
20, 15350, 19, 82658, 82658
20, 15360, 19, 82658, 82658
20, 15370, 19, 82658, 82658
20, 15380, 19, 82658, 82658
20, 15390, 19, 82658, 82658
20, 15400, 19, 82658, 82658
20, 15410, 19, 82658, 82658
20, 15420, 19, 82658, 82658
20, 15430, 19, 82658, 82658
20, 15440, 19, 82658, 82658
20, 15450, 19, 82658, 82658
20, 15460, 19, 82640, 82640
20, 15470, 19, 82640, 82805
20, 15480, 19, 82640, 82640
20, 15490, 19, 82640, 82640
20, 15500, 19, 82640, 84967
20, 15510, 19, 82640, 82640
20, 15520, 19, 82640, 83885
20, 15530, 19, 82640, 82640
20, 15540, 19, 82640, 82640
20, 15550, 19, 82640, 82640
20, 15560, 19, 82640, 82698
20, 15570, 19, 82640, 82640
20, 15580, 19, 82640, 82640
20, 15590, 19, 82203, 82203
20, 15600, 19, 82203, 82203
20, 15610, 19, 82203, 82203
20, 15620, 19, 82203, 82203
20, 15630, 19, 82203, 82203
20, 15640, 19, 82203, 82203
20, 15650, 19, 82203, 82203
20, 15660, 19, 82203, 83570
20, 15670, 19, 82203, 82203
20, 15680, 19, 82203, 82203
20, 15690, 19, 82203, 82203
20, 15700, 19, 82203, 82203
20, 15710, 19, 82203, 82203
20, 15720, 19, 82203, 82203
20, 15730, 19, 82203, 82203
20, 15740, 19, 82203, 82203
20, 15750, 19, 82203, 82203
20, 15760, 19, 82203, 82203
20, 15770, 19, 82203, 82203
20, 15780, 19, 82203, 82203
20, 15790, 19, 82203, 82838
20, 15800, 19, 82203, 82203
20, 15810, 19, 82203, 82203
20, 15820, 19, 82203, 82203
20, 15830, 19, 82203, 82203
20, 15840, 19, 82102, 82203
20, 15850, 19, 82102, 82102
20, 15860, 19, 82102, 83253
20, 15870, 19, 82102, 82102
20, 15880, 19, 82102, 82102
20, 15890, 19, 82086, 82086
20, 15900, 19, 82086, 82086
20, 15910, 19, 82086, 82086
20, 15920, 19, 82086, 82086
20, 15930, 19, 82086, 82086
20, 15940, 19, 82086, 82086
20, 15950, 19, 81992, 81992
20, 15960, 19, 81992, 81992
20, 15970, 19, 81847, 81992
20, 15980, 19, 81847, 81847
20, 15990, 19, 81847, 81847
20, 16000, 19, 81847, 81847
20, 16010, 19, 81847, 81847
20, 16020, 19, 81847, 81847
20, 16030, 19, 81847, 81847
20, 16040, 19, 81847, 81847
20, 16050, 19, 81847, 81847
20, 16060, 19, 81847, 81847
20, 16070, 19, 81847, 81847
20, 16080, 19, 81847, 81847
20, 16090, 19, 81847, 81847
20, 16100, 19, 81740, 81740
20, 16110, 19, 81740, 81740
20, 16120, 19, 81740, 81740
20, 16130, 19, 81726, 81726
20, 16140, 19, 81726, 81726
20, 16150, 19, 81726, 81726
20, 16160, 19, 81726, 81726
20, 16170, 19, 81726, 81726
20, 16180, 19, 81726, 81726
20, 16190, 19, 81726, 81726
20, 16200, 19, 81726, 81726
20, 16210, 19, 81726, 81726
20, 16220, 19, 81726, 81726
20, 16230, 19, 81726, 81726
20, 16240, 19, 81726, 81726
20, 16250, 19, 81680, 83054
20, 16260, 19, 81680, 81680
20, 16270, 19, 81680, 81680
20, 16280, 19, 81680, 81680
20, 16290, 19, 81632, 81680
20, 16300, 19, 81632, 81632
20, 16310, 19, 81632, 81632
20, 16320, 19, 81632, 81632
20, 16330, 19, 81632, 81632
20, 16340, 19, 81632, 81632
20, 16350, 19, 81632, 83479
20, 16360, 19, 81632, 81632
20, 16370, 19, 81632, 81632
20, 16380, 19, 81632, 81632
20, 16390, 19, 81632, 82224
20, 16400, 19, 81632, 81632
20, 16410, 19, 81528, 81528
20, 16420, 19, 81528, 81528
20, 16430, 19, 81528, 81528
20, 16440, 19, 81528, 81528
20, 16450, 19, 81452, 82214
20, 16460, 19, 81452, 81452
20, 16470, 19, 81452, 81452
20, 16480, 19, 81452, 81452
20, 16490, 19, 81452, 81452
20, 16500, 19, 81452, 81452
20, 16510, 19, 81452, 81452
20, 16520, 19, 81452, 81452
20, 16530, 19, 81452, 81452
20, 16540, 19, 81452, 81452
20, 16550, 19, 81452, 81452
20, 16560, 19, 81452, 81452
20, 16570, 19, 81452, 81452
20, 16580, 19, 81452, 81452
20, 16590, 19, 81362, 81362
20, 16600, 19, 81362, 81362
20, 16610, 19, 81362, 81362
20, 16620, 19, 81362, 81943
20, 16630, 19, 81362, 81362
20, 16640, 19, 81311, 81311
20, 16650, 19, 81311, 81311
20, 16660, 19, 81311, 81311
20, 16670, 19, 81311, 81311
20, 16680, 19, 81311, 81311
20, 16690, 19, 81311, 81311
20, 16700, 19, 81311, 81311
20, 16710, 19, 81311, 81311
20, 16720, 19, 81311, 81311
20, 16730, 19, 81311, 81311
20, 16740, 19, 81311, 81311
20, 16750, 19, 81311, 81311
20, 16760, 19, 81311, 82765
20, 16770, 19, 81311, 81311
20, 16780, 19, 81311, 81311
20, 16790, 19, 81311, 81311
20, 16800, 19, 81311, 81311
20, 16810, 19, 81121, 81311
20, 16820, 19, 81121, 81121
20, 16830, 19, 81121, 81121
20, 16840, 19, 80869, 81121
20, 16850, 19, 80869, 80869
20, 16860, 19, 80869, 80869
20, 16870, 19, 80777, 80777
20, 16880, 19, 80777, 80777
20, 16890, 19, 80777, 80777
20, 16900, 19, 80777, 80777
20, 16910, 19, 80705, 80777
20, 16920, 19, 80705, 80705
20, 16930, 19, 80705, 80705
20, 16940, 19, 80705, 80705
20, 16950, 19, 80705, 80705
20, 16960, 19, 80589, 80705
20, 16970, 19, 80589, 80589
20, 16980, 19, 80589, 80589
20, 16990, 19, 80589, 80589
20, 17000, 19, 80589, 80589
20, 17010, 19, 80589, 80589
20, 17020, 19, 80423, 80423
20, 17030, 19, 80423, 80423
20, 17040, 19, 80423, 80423
20, 17050, 19, 80423, 80423
20, 17060, 19, 80423, 80423
20, 17070, 19, 80423, 80423
20, 17080, 19, 80423, 80423
20, 17090, 19, 80296, 80296
20, 17100, 19, 80230, 80230
20, 17110, 19, 80230, 80230
20, 17120, 19, 80230, 80531
20, 17130, 19, 80230, 80230
20, 17140, 19, 80230, 80230
20, 17150, 19, 80230, 80230
20, 17160, 19, 80230, 80230
20, 17170, 19, 80230, 80230
20, 17180, 19, 80230, 80230
20, 17190, 19, 80230, 80230
20, 17200, 19, 80230, 80230
20, 17210, 19, 80230, 83852
20, 17220, 19, 80230, 80230
20, 17230, 19, 80230, 80230
20, 17240, 19, 80144, 80144
20, 17250, 19, 80122, 80144
20, 17260, 19, 80122, 80122
20, 17270, 19, 80122, 80122
20, 17280, 19, 80122, 80122
20, 17290, 19, 80122, 80122
20, 17300, 19, 80122, 80122
20, 17310, 19, 80122, 80122
20, 17320, 19, 80122, 80122
20, 17330, 19, 80122, 80122
20, 17340, 19, 80122, 80122
20, 17350, 19, 80122, 80122
20, 17360, 19, 80122, 80122
20, 17370, 19, 80122, 80122
20, 17380, 19, 80122, 80122
20, 17390, 19, 80122, 81265
20, 17400, 19, 80063, 80063
20, 17410, 19, 79944, 79944
20, 17420, 19, 79944, 79944
20, 17430, 19, 79944, 79944
20, 17440, 19, 79944, 79944
20, 17450, 19, 79685, 79685
20, 17460, 19, 79685, 79685
20, 17470, 19, 79685, 79685
20, 17480, 19, 79685, 79685
20, 17490, 19, 79685, 79685
20, 17500, 19, 79685, 79685
20, 17510, 19, 79685, 79685
20, 17520, 19, 79685, 79685
20, 17530, 19, 79685, 79685
20, 17540, 19, 79685, 79685
20, 17550, 19, 79685, 79685
20, 17560, 19, 79685, 79685
20, 17570, 19, 79685, 79685
20, 17580, 19, 79685, 79685
20, 17590, 19, 79685, 79685
20, 17600, 19, 79685, 79685
20, 17610, 19, 79685, 79685
20, 17620, 19, 79685, 79685
20, 17630, 19, 79685, 79685
20, 17640, 19, 79685, 79685
20, 17650, 19, 79585, 79585
20, 17660, 19, 79585, 79585
20, 17670, 19, 79585, 79585
20, 17680, 19, 79585, 79585
20, 17690, 19, 79585, 79585
20, 17700, 19, 79585, 79585
20, 17710, 19, 79585, 79585
20, 17720, 19, 79585, 79585
20, 17730, 19, 79585, 79585
20, 17740, 19, 79585, 79585
20, 17750, 19, 79585, 79585
20, 17760, 19, 79585, 79585
20, 17770, 19, 79585, 79585
20, 17780, 19, 79585, 79585
20, 17790, 19, 79585, 79585
20, 17800, 19, 79585, 79585
20, 17810, 19, 79585, 79585
20, 17820, 19, 79585, 79585
20, 17830, 19, 79585, 79585
20, 17840, 19, 79585, 79585
20, 17850, 19, 79585, 79585
20, 17860, 19, 79585, 79585
20, 17870, 19, 79585, 79585
20, 17880, 19, 79585, 79585
20, 17890, 19, 79585, 79585
20, 17900, 19, 79585, 79585
20, 17910, 19, 79585, 79585
20, 17920, 19, 79585, 79585
20, 17930, 19, 79585, 79585
20, 17940, 19, 79585, 79585
20, 17950, 19, 79585, 79585
20, 17960, 19, 79585, 79585
20, 17970, 19, 79585, 79585
20, 17980, 19, 79585, 79585
20, 17990, 19, 79585, 79585
20, 18000, 19, 79585, 79585
20, 18010, 19, 79585, 79585
20, 18020, 19, 79524, 79524
20, 18030, 19, 79524, 79524
20, 18040, 19, 79524, 79524
20, 18050, 19, 79524, 79524
20, 18060, 19, 79524, 79524
20, 18070, 19, 79524, 79524
20, 18080, 19, 79524, 79524
20, 18090, 19, 79440, 82685
20, 18100, 19, 79440, 79440
20, 18110, 19, 79364, 79440
20, 18120, 19, 79364, 79364
20, 18130, 19, 79364, 79364
20, 18140, 19, 79364, 79364
20, 18150, 19, 79364, 79364
20, 18160, 19, 79364, 79364
20, 18170, 19, 79364, 79364
20, 18180, 19, 79364, 79364
20, 18190, 19, 79364, 79364
20, 18200, 19, 79364, 79364
20, 18210, 19, 79364, 79364
20, 18220, 19, 79364, 79364
20, 18230, 19, 79364, 79364
20, 18240, 19, 79364, 79364
20, 18250, 19, 79364, 79364
20, 18260, 19, 79364, 79364
20, 18270, 19, 79364, 79364
20, 18280, 19, 79364, 79364
20, 18290, 19, 79364, 79364
20, 18300, 19, 79364, 79364
20, 18310, 19, 79364, 79364
20, 18320, 19, 79364, 79364
20, 18330, 19, 79346, 79364
20, 18340, 19, 79346, 79346
20, 18350, 19, 79287, 80348
20, 18360, 19, 79287, 79287
20, 18370, 19, 79222, 80555
20, 18380, 19, 79222, 79222
20, 18390, 19, 79222, 79222
20, 18400, 19, 79222, 79222
20, 18410, 19, 79222, 79222
20, 18420, 19, 79222, 79222
20, 18430, 19, 79222, 79222
20, 18440, 19, 79222, 79222
20, 18450, 19, 79222, 79222
20, 18460, 19, 79222, 79222
20, 18470, 19, 79222, 79222
20, 18480, 19, 79222, 79222
20, 18490, 19, 79222, 79222
20, 18500, 19, 79222, 79222
20, 18510, 19, 79222, 79222
20, 18520, 19, 79222, 79222
20, 18530, 19, 79222, 79222
20, 18540, 19, 79207, 79207
20, 18550, 19, 79186, 79186
20, 18560, 19, 79186, 79186
20, 18570, 19, 79186, 79186
20, 18580, 19, 79186, 79186
20, 18590, 19, 79186, 79186
20, 18600, 19, 79186, 79186
20, 18610, 19, 79186, 79186
20, 18620, 19, 79186, 79186
20, 18630, 19, 79186, 79186
20, 18640, 19, 79186, 79186
20, 18650, 19, 79186, 79186
20, 18660, 19, 79186, 79186
20, 18670, 19, 79186, 79186
20, 18680, 19, 79186, 79186
20, 18690, 19, 79186, 79186
20, 18700, 19, 79186, 79186
20, 18710, 19, 79186, 79186
20, 18720, 19, 79186, 79186
20, 18730, 19, 79186, 79186
20, 18740, 19, 79186, 79186
20, 18750, 19, 79186, 79186
20, 18760, 19, 79186, 79186
20, 18770, 19, 79186, 79186
20, 18780, 19, 79186, 79186
20, 18790, 19, 79186, 79186
20, 18800, 19, 79186, 79186
20, 18810, 19, 78972, 79186
20, 18820, 19, 78972, 78972
20, 18830, 19, 78972, 78972
20, 18840, 19, 78972, 78972
20, 18850, 19, 78972, 78972
20, 18860, 19, 78972, 78972
20, 18870, 19, 78972, 78972
20, 18880, 19, 78972, 78972
20, 18890, 19, 78972, 78972
20, 18900, 19, 78972, 78972
20, 18910, 19, 78972, 78972
20, 18920, 19, 78972, 78972
20, 18930, 19, 78972, 78972
20, 18940, 19, 78972, 78972
20, 18950, 19, 78972, 78972
20, 18960, 19, 78972, 78972
20, 18970, 19, 78972, 78972
20, 18980, 19, 78972, 78972
20, 18990, 19, 78896, 78896
20, 19000, 19, 78896, 78896
20, 19010, 19, 78896, 78896
20, 19020, 19, 78896, 78896
20, 19030, 19, 78896, 78896
20, 19040, 19, 78896, 78896
20, 19050, 19, 78896, 78896
20, 19060, 19, 78896, 78896
20, 19070, 19, 78896, 78896
20, 19080, 19, 78896, 78896
20, 19090, 19, 78896, 78896
20, 19100, 19, 78896, 78896
20, 19110, 19, 78896, 78896
20, 19120, 19, 78896, 78896
20, 19130, 19, 78896, 78896
20, 19140, 19, 78896, 78896
20, 19150, 19, 78896, 78896
20, 19160, 19, 78896, 78896
20, 19170, 19, 78896, 78896
20, 19180, 19, 78896, 78896
20, 19190, 19, 78896, 78896
20, 19200, 19, 78896, 78896
20, 19210, 19, 78896, 78896
20, 19220, 19, 78896, 78896
20, 19230, 19, 78896, 78896
20, 19240, 19, 78896, 78896
20, 19250, 19, 78896, 78896
20, 19260, 19, 78848, 78879
20, 19270, 19, 78848, 78848
20, 19280, 19, 78848, 78848
20, 19290, 19, 78848, 78848
20, 19300, 19, 78848, 78848
20, 19310, 19, 78848, 78848
20, 19320, 19, 78848, 79844
20, 19330, 19, 78848, 78848
20, 19340, 19, 78848, 78848
20, 19350, 19, 78848, 78848
20, 19360, 19, 78848, 78848
20, 19370, 19, 78848, 78848
20, 19380, 19, 78848, 78848
20, 19390, 19, 78848, 78848
20, 19400, 19, 78848, 78848
20, 19410, 19, 78848, 78848
20, 19420, 19, 78792, 78848
20, 19430, 19, 78792, 78792
20, 19440, 19, 78792, 78792
20, 19450, 19, 78792, 78792
20, 19460, 19, 78792, 78792
20, 19470, 19, 78792, 78792
20, 19480, 19, 78792, 78792
20, 19490, 19, 78792, 78792
20, 19500, 19, 78792, 78792
20, 19510, 19, 78792, 78792
20, 19520, 19, 78792, 78792
20, 19530, 19, 78792, 78792
20, 19540, 19, 78792, 78792
20, 19550, 19, 78792, 78792
20, 19560, 19, 78792, 78792
20, 19570, 19, 78792, 78792
20, 19580, 19, 78792, 78792
20, 19590, 19, 78792, 78792
20, 19600, 19, 78792, 78792
20, 19610, 19, 78792, 78792
20, 19620, 19, 78792, 78792
20, 19630, 19, 78792, 78792
20, 19640, 19, 78792, 78792
20, 19650, 19, 78580, 78792
20, 19660, 19, 78580, 78580
20, 19670, 19, 78580, 78580
20, 19680, 19, 78580, 78580
20, 19690, 19, 78580, 78580
20, 19700, 19, 78580, 78580
20, 19710, 19, 78551, 78551
20, 19720, 19, 78551, 78551
20, 19730, 19, 78551, 78551
20, 19740, 19, 78551, 78551
20, 19750, 19, 78551, 78551
20, 19760, 19, 78548, 78548
20, 19770, 19, 78515, 78548
20, 19780, 19, 78515, 78515
20, 19790, 19, 78515, 78515
20, 19800, 19, 78515, 78515
20, 19810, 19, 78515, 78515
20, 19820, 19, 78515, 78515
20, 19830, 19, 78515, 78515
20, 19840, 19, 78515, 78515
20, 19850, 19, 78515, 78515
20, 19860, 19, 78391, 78515
20, 19870, 19, 78391, 78391
20, 19880, 19, 78267, 78391
20, 19890, 19, 78267, 78267
20, 19900, 19, 78267, 78267
20, 19910, 19, 78267, 78267
20, 19920, 19, 78267, 78267
20, 19930, 19, 78267, 78267
20, 19940, 19, 78267, 78267
20, 19950, 19, 78267, 78267
20, 19960, 19, 78267, 78267
20, 19970, 19, 78267, 78267
20, 19980, 19, 78224, 78267
20, 19990, 19, 78069, 78069
