Population Size, Generation Count, Repetition, Best Fitness, Median Fitness
100, 0, 11, 727779, 769264
100, 10, 11, 695287, 712984
100, 20, 11, 661590, 675519
100, 30, 11, 636578, 647112
100, 40, 11, 617129, 629389
100, 50, 11, 602411, 609950
100, 60, 11, 585808, 595632
100, 70, 11, 569628, 577710
100, 80, 11, 551139, 557617
100, 90, 11, 541256, 546273
100, 100, 11, 524657, 532613
100, 110, 11, 515919, 521971
100, 120, 11, 505928, 512898
100, 130, 11, 497860, 502068
100, 140, 11, 490216, 496367
100, 150, 11, 483972, 488206
100, 160, 11, 474531, 482063
100, 170, 11, 468023, 473565
100, 180, 11, 454625, 463465
100, 190, 11, 446836, 454564
100, 200, 11, 438483, 444406
100, 210, 11, 430406, 434562
100, 220, 11, 425181, 430459
100, 230, 11, 418905, 424294
100, 240, 11, 413889, 416723
100, 250, 11, 406998, 410980
100, 260, 11, 402701, 406513
100, 270, 11, 398380, 401487
100, 280, 11, 395343, 398518
100, 290, 11, 391458, 394536
100, 300, 11, 387780, 390952
100, 310, 11, 382133, 386840
100, 320, 11, 376673, 381559
100, 330, 11, 373405, 378072
100, 340, 11, 368117, 372675
100, 350, 11, 365127, 368595
100, 360, 11, 359673, 364539
100, 370, 11, 356594, 360922
100, 380, 11, 354895, 357968
100, 390, 11, 350637, 354012
100, 400, 11, 347679, 352179
100, 410, 11, 345321, 348444
100, 420, 11, 340961, 345686
100, 430, 11, 336507, 340731
100, 440, 11, 333002, 335990
100, 450, 11, 331374, 334244
100, 460, 11, 328731, 330849
100, 470, 11, 325695, 329407
100, 480, 11, 322676, 326078
100, 490, 11, 319734, 322733
100, 500, 11, 315211, 319419
100, 510, 11, 312635, 316589
100, 520, 11, 309014, 312724
100, 530, 11, 306668, 310319
100, 540, 11, 304007, 306455
100, 550, 11, 302290, 305595
100, 560, 11, 298965, 302765
100, 570, 11, 296607, 300137
100, 580, 11, 294229, 297864
100, 590, 11, 292280, 296133
100, 600, 11, 289080, 291951
100, 610, 11, 286000, 289719
100, 620, 11, 283221, 286709
100, 630, 11, 279518, 283825
100, 640, 11, 277763, 280016
100, 650, 11, 275315, 278873
100, 660, 11, 273052, 276668
100, 670, 11, 270642, 274096
100, 680, 11, 269079, 272442
100, 690, 11, 266403, 271187
100, 700, 11, 264694, 268228
100, 710, 11, 263146, 266205
100, 720, 11, 261147, 265543
100, 730, 11, 259717, 263081
100, 740, 11, 256996, 261429
100, 750, 11, 254693, 259596
100, 760, 11, 253489, 256158
100, 770, 11, 250568, 253491
100, 780, 11, 249826, 252421
100, 790, 11, 248656, 251612
100, 800, 11, 247419, 249876
100, 810, 11, 246404, 249598
100, 820, 11, 244855, 249159
100, 830, 11, 241849, 245681
100, 840, 11, 240109, 244084
100, 850, 11, 237611, 241253
100, 860, 11, 235711, 238765
100, 870, 11, 234165, 238120
100, 880, 11, 232820, 236050
100, 890, 11, 231505, 234571
100, 900, 11, 230363, 233939
100, 910, 11, 229477, 233361
100, 920, 11, 228861, 231515
100, 930, 11, 227613, 230460
100, 940, 11, 225921, 229372
100, 950, 11, 224915, 226950
100, 960, 11, 222763, 226733
100, 970, 11, 221867, 224662
100, 980, 11, 220651, 223282
100, 990, 11, 220198, 222783
100, 1000, 11, 218842, 222312
100, 1010, 11, 216654, 220036
100, 1020, 11, 215383, 217806
100, 1030, 11, 214761, 217200
100, 1040, 11, 213399, 217593
100, 1050, 11, 212683, 214594
100, 1060, 11, 210639, 214809
100, 1070, 11, 209547, 212601
100, 1080, 11, 208065, 210740
100, 1090, 11, 205788, 211049
100, 1100, 11, 205460, 208655
100, 1110, 11, 204767, 207914
100, 1120, 11, 203654, 206385
100, 1130, 11, 202534, 205881
100, 1140, 11, 201131, 204955
100, 1150, 11, 200687, 203721
100, 1160, 11, 200359, 202289
100, 1170, 11, 198840, 202086
100, 1180, 11, 198356, 199926
100, 1190, 11, 197367, 200481
100, 1200, 11, 195008, 198064
100, 1210, 11, 194487, 197629
100, 1220, 11, 193109, 196918
100, 1230, 11, 192596, 195884
100, 1240, 11, 191398, 194481
100, 1250, 11, 190654, 192850
100, 1260, 11, 190139, 193189
100, 1270, 11, 189584, 191469
100, 1280, 11, 188773, 192668
100, 1290, 11, 188066, 191340
100, 1300, 11, 187095, 189507
100, 1310, 11, 186276, 187894
100, 1320, 11, 185313, 188869
100, 1330, 11, 184803, 188399
100, 1340, 11, 184366, 187350
100, 1350, 11, 183631, 187545
100, 1360, 11, 182813, 185621
100, 1370, 11, 181697, 184624
100, 1380, 11, 180911, 183698
100, 1390, 11, 179776, 182997
100, 1400, 11, 179245, 181738
100, 1410, 11, 178712, 181735
100, 1420, 11, 177912, 180723
100, 1430, 11, 176782, 179951
100, 1440, 11, 176310, 179803
100, 1450, 11, 175429, 176627
100, 1460, 11, 175211, 176451
100, 1470, 11, 174062, 176055
100, 1480, 11, 173507, 177689
100, 1490, 11, 173182, 175914
100, 1500, 11, 172742, 176058
100, 1510, 11, 171976, 174522
100, 1520, 11, 171784, 174522
100, 1530, 11, 171268, 173306
100, 1540, 11, 170601, 174115
100, 1550, 11, 170263, 173283
100, 1560, 11, 169253, 173151
100, 1570, 11, 168926, 171769
100, 1580, 11, 168462, 171164
100, 1590, 11, 167999, 171308
100, 1600, 11, 167252, 169997
100, 1610, 11, 166980, 168730
100, 1620, 11, 166565, 168590
100, 1630, 11, 166451, 168752
100, 1640, 11, 165595, 168727
100, 1650, 11, 164890, 168157
100, 1660, 11, 164697, 166970
100, 1670, 11, 164079, 166557
100, 1680, 11, 163274, 165704
100, 1690, 11, 162936, 166155
100, 1700, 11, 161640, 164956
100, 1710, 11, 160909, 163830
100, 1720, 11, 160009, 161444
100, 1730, 11, 159469, 162753
100, 1740, 11, 158649, 162304
100, 1750, 11, 157619, 160695
100, 1760, 11, 156782, 158990
100, 1770, 11, 156292, 158188
100, 1780, 11, 155914, 157703
100, 1790, 11, 155155, 157372
100, 1800, 11, 154892, 158200
100, 1810, 11, 154176, 156447
100, 1820, 11, 153505, 156138
100, 1830, 11, 153309, 155613
100, 1840, 11, 153063, 156298
100, 1850, 11, 152749, 153982
100, 1860, 11, 152396, 155447
100, 1870, 11, 151740, 153897
100, 1880, 11, 151409, 154197
100, 1890, 11, 150530, 154365
100, 1900, 11, 150051, 153356
100, 1910, 11, 149850, 152351
100, 1920, 11, 149277, 152554
100, 1930, 11, 148866, 151395
100, 1940, 11, 147923, 152012
100, 1950, 11, 147923, 150984
100, 1960, 11, 147520, 149704
100, 1970, 11, 146558, 149755
100, 1980, 11, 145664, 148110
100, 1990, 11, 145062, 149153
100, 2000, 11, 144731, 148258
100, 2010, 11, 143893, 147200
100, 2020, 11, 143073, 145151
100, 2030, 11, 142732, 144286
100, 2040, 11, 142576, 145548
100, 2050, 11, 142235, 145188
100, 2060, 11, 141676, 143937
100, 2070, 11, 141346, 143569
100, 2080, 11, 140725, 143610
100, 2090, 11, 140625, 143434
100, 2100, 11, 140194, 142861
100, 2110, 11, 138415, 142582
100, 2120, 11, 138045, 141581
100, 2130, 11, 137538, 140621
100, 2140, 11, 136679, 140030
100, 2150, 11, 135823, 138738
100, 2160, 11, 135352, 137716
100, 2170, 11, 135205, 137930
100, 2180, 11, 135040, 137172
100, 2190, 11, 134644, 136951
100, 2200, 11, 133741, 136841
100, 2210, 11, 133541, 136529
100, 2220, 11, 133146, 135303
100, 2230, 11, 132933, 135816
100, 2240, 11, 132611, 135842
100, 2250, 11, 132302, 134925
100, 2260, 11, 131859, 134212
100, 2270, 11, 131313, 133103
100, 2280, 11, 130890, 133581
100, 2290, 11, 130352, 132597
100, 2300, 11, 129789, 132486
100, 2310, 11, 129540, 130656
100, 2320, 11, 129082, 132793
100, 2330, 11, 128458, 131887
100, 2340, 11, 128335, 131284
100, 2350, 11, 127711, 129459
100, 2360, 11, 127496, 129719
100, 2370, 11, 127460, 130674
100, 2380, 11, 126785, 129762
100, 2390, 11, 126543, 128956
100, 2400, 11, 126321, 128932
100, 2410, 11, 126188, 130180
100, 2420, 11, 125767, 128670
100, 2430, 11, 125685, 127893
100, 2440, 11, 125488, 128958
100, 2450, 11, 125044, 128056
100, 2460, 11, 124844, 127645
100, 2470, 11, 124615, 127210
100, 2480, 11, 124462, 127349
100, 2490, 11, 124110, 126203
100, 2500, 11, 123862, 126330
100, 2510, 11, 123074, 126332
100, 2520, 11, 122451, 125559
100, 2530, 11, 122165, 125071
100, 2540, 11, 121925, 123270
100, 2550, 11, 120825, 123208
100, 2560, 11, 120738, 123037
100, 2570, 11, 120687, 122871
100, 2580, 11, 120140, 122987
100, 2590, 11, 120140, 123092
100, 2600, 11, 119940, 121073
100, 2610, 11, 119728, 122281
100, 2620, 11, 119570, 122354
100, 2630, 11, 119463, 121543
100, 2640, 11, 119188, 122716
100, 2650, 11, 118766, 122568
100, 2660, 11, 118632, 121059
100, 2670, 11, 118263, 120454
100, 2680, 11, 118002, 119790
100, 2690, 11, 117460, 119788
100, 2700, 11, 117378, 120242
100, 2710, 11, 116891, 119370
100, 2720, 11, 116629, 119749
100, 2730, 11, 116407, 118858
100, 2740, 11, 116027, 119114
100, 2750, 11, 115517, 117563
100, 2760, 11, 115332, 117285
100, 2770, 11, 115059, 118050
100, 2780, 11, 114797, 117563
100, 2790, 11, 114564, 117767
100, 2800, 11, 114496, 116546
100, 2810, 11, 114143, 117332
100, 2820, 11, 114043, 116685
100, 2830, 11, 113912, 116168
100, 2840, 11, 113701, 115180
100, 2850, 11, 113460, 115884
100, 2860, 11, 112926, 115915
100, 2870, 11, 112831, 115982
100, 2880, 11, 112607, 113996
100, 2890, 11, 111704, 114984
100, 2900, 11, 111501, 113667
100, 2910, 11, 111323, 113417
100, 2920, 11, 110931, 111754
100, 2930, 11, 110604, 112537
100, 2940, 11, 110439, 112559
100, 2950, 11, 110193, 113382
100, 2960, 11, 110064, 111985
100, 2970, 11, 109622, 111466
100, 2980, 11, 109090, 112588
100, 2990, 11, 108909, 111026
100, 3000, 11, 108809, 111606
100, 3010, 11, 108631, 112487
100, 3020, 11, 108542, 111242
100, 3030, 11, 108133, 112121
100, 3040, 11, 107772, 110199
100, 3050, 11, 107711, 109275
100, 3060, 11, 107110, 109948
100, 3070, 11, 106950, 107909
100, 3080, 11, 106552, 109734
100, 3090, 11, 106461, 108707
100, 3100, 11, 106353, 109186
100, 3110, 11, 106175, 108371
100, 3120, 11, 106158, 107446
100, 3130, 11, 106158, 108900
100, 3140, 11, 106127, 108104
100, 3150, 11, 105666, 108871
100, 3160, 11, 105527, 108372
100, 3170, 11, 105320, 107194
100, 3180, 11, 104743, 106778
100, 3190, 11, 104497, 106584
100, 3200, 11, 104331, 106423
100, 3210, 11, 103841, 105864
100, 3220, 11, 103723, 105878
100, 3230, 11, 103698, 105954
100, 3240, 11, 103560, 106090
100, 3250, 11, 103500, 106096
100, 3260, 11, 103341, 106062
100, 3270, 11, 102524, 105231
100, 3280, 11, 102299, 104384
100, 3290, 11, 102071, 104884
100, 3300, 11, 101780, 104806
100, 3310, 11, 101092, 104031
100, 3320, 11, 100848, 103585
100, 3330, 11, 100630, 103866
100, 3340, 11, 100342, 102774
100, 3350, 11, 100288, 103563
100, 3360, 11, 99872, 102851
100, 3370, 11, 99792, 101826
100, 3380, 11, 99792, 103062
100, 3390, 11, 99326, 101979
100, 3400, 11, 99258, 101996
100, 3410, 11, 98921, 101682
100, 3420, 11, 98660, 101925
100, 3430, 11, 98404, 100179
100, 3440, 11, 98288, 100413
100, 3450, 11, 98205, 99982
100, 3460, 11, 97932, 100385
100, 3470, 11, 97932, 100866
100, 3480, 11, 97901, 99520
100, 3490, 11, 97451, 99451
100, 3500, 11, 96667, 98652
100, 3510, 11, 96338, 98487
100, 3520, 11, 96327, 98469
100, 3530, 11, 96046, 98660
100, 3540, 11, 96046, 97554
100, 3550, 11, 95872, 98111
100, 3560, 11, 95872, 99409
100, 3570, 11, 95840, 98962
100, 3580, 11, 95416, 96768
100, 3590, 11, 95044, 97812
100, 3600, 11, 94932, 97067
100, 3610, 11, 94575, 96265
100, 3620, 11, 94575, 95207
100, 3630, 11, 94160, 95305
100, 3640, 11, 93842, 96631
100, 3650, 11, 93842, 96096
100, 3660, 11, 93842, 95273
100, 3670, 11, 93701, 95945
100, 3680, 11, 93641, 95978
100, 3690, 11, 93164, 94259
100, 3700, 11, 92905, 94521
100, 3710, 11, 92787, 96117
100, 3720, 11, 92751, 95401
100, 3730, 11, 92751, 93614
100, 3740, 11, 92677, 95668
100, 3750, 11, 92486, 94715
100, 3760, 11, 92409, 95583
100, 3770, 11, 92295, 93945
100, 3780, 11, 92295, 94152
100, 3790, 11, 92259, 94629
100, 3800, 11, 92259, 94000
100, 3810, 11, 92259, 94644
100, 3820, 11, 92019, 95432
100, 3830, 11, 91815, 95179
100, 3840, 11, 91244, 94044
100, 3850, 11, 91100, 93197
100, 3860, 11, 91082, 92369
100, 3870, 11, 91001, 91814
100, 3880, 11, 90785, 91761
100, 3890, 11, 90707, 91889
100, 3900, 11, 90648, 93410
100, 3910, 11, 90640, 91987
100, 3920, 11, 90640, 92919
100, 3930, 11, 90432, 92812
100, 3940, 11, 90350, 91517
100, 3950, 11, 90287, 91568
100, 3960, 11, 90268, 93155
100, 3970, 11, 90171, 93826
100, 3980, 11, 90162, 91127
100, 3990, 11, 90162, 92375
100, 4000, 11, 89764, 91287
100, 4010, 11, 89589, 90724
100, 4020, 11, 89426, 91277
100, 4030, 11, 89420, 91292
100, 4040, 11, 89220, 90864
100, 4050, 11, 89220, 90506
100, 4060, 11, 89142, 90894
100, 4070, 11, 88627, 90547
100, 4080, 11, 88444, 89840
100, 4090, 11, 88383, 90918
100, 4100, 11, 88276, 88680
100, 4110, 11, 88005, 89603
100, 4120, 11, 87722, 89798
100, 4130, 11, 87666, 89360
100, 4140, 11, 87666, 89939
100, 4150, 11, 87419, 88743
100, 4160, 11, 87344, 89725
100, 4170, 11, 87044, 88057
100, 4180, 11, 86927, 87868
100, 4190, 11, 86710, 90222
100, 4200, 11, 86685, 87998
100, 4210, 11, 86626, 88961
100, 4220, 11, 86626, 88552
100, 4230, 11, 86501, 87981
100, 4240, 11, 86329, 89910
100, 4250, 11, 86152, 87786
100, 4260, 11, 86017, 87297
100, 4270, 11, 86017, 88236
100, 4280, 11, 85945, 87827
100, 4290, 11, 85777, 86176
100, 4300, 11, 85637, 88841
100, 4310, 11, 85637, 87854
100, 4320, 11, 85437, 89562
100, 4330, 11, 85354, 87378
100, 4340, 11, 85354, 88023
100, 4350, 11, 85274, 87857
100, 4360, 11, 85256, 86397
100, 4370, 11, 84900, 87064
100, 4380, 11, 84708, 85655
100, 4390, 11, 84708, 88250
100, 4400, 11, 84708, 84708
100, 4410, 11, 84708, 85674
100, 4420, 11, 84643, 86619
100, 4430, 11, 84643, 86958
100, 4440, 11, 84560, 86326
100, 4450, 11, 84560, 86793
100, 4460, 11, 84502, 86664
100, 4470, 11, 84385, 86441
100, 4480, 11, 84385, 86980
100, 4490, 11, 84191, 85337
100, 4500, 11, 84161, 84193
100, 4510, 11, 84161, 86258
100, 4520, 11, 83991, 84903
100, 4530, 11, 83991, 86468
100, 4540, 11, 83987, 85987
100, 4550, 11, 83832, 83969
100, 4560, 11, 83786, 85624
100, 4570, 11, 83786, 86249
100, 4580, 11, 83679, 85986
100, 4590, 11, 83629, 85232
100, 4600, 11, 83229, 84997
100, 4610, 11, 83205, 84630
100, 4620, 11, 83080, 83587
100, 4630, 11, 82799, 84446
100, 4640, 11, 82799, 84421
100, 4650, 11, 82799, 83875
100, 4660, 11, 82561, 84002
100, 4670, 11, 82477, 83812
100, 4680, 11, 82465, 82746
100, 4690, 11, 82465, 84719
100, 4700, 11, 82409, 83343
100, 4710, 11, 82386, 83818
100, 4720, 11, 82265, 83692
100, 4730, 11, 82247, 82470
100, 4740, 11, 82152, 83452
100, 4750, 11, 82152, 84572
100, 4760, 11, 82023, 84536
100, 4770, 11, 82023, 84270
100, 4780, 11, 81892, 83864
100, 4790, 11, 81496, 82960
100, 4800, 11, 81362, 84152
100, 4810, 11, 81133, 82902
100, 4820, 11, 81133, 82961
100, 4830, 11, 81077, 82465
100, 4840, 11, 81077, 82868
100, 4850, 11, 80977, 83224
100, 4860, 11, 80777, 82914
100, 4870, 11, 80777, 82715
100, 4880, 11, 80653, 81585
100, 4890, 11, 80653, 82844
100, 4900, 11, 80262, 83282
100, 4910, 11, 80244, 82514
100, 4920, 11, 79928, 82194
100, 4930, 11, 79928, 83387
100, 4940, 11, 79861, 82519
100, 4950, 11, 79760, 79861
100, 4960, 11, 79760, 81439
100, 4970, 11, 79722, 79985
100, 4980, 11, 79313, 80395
100, 4990, 11, 79113, 80668
100, 5000, 11, 78968, 81822
100, 5010, 11, 78538, 80321
100, 5020, 11, 78538, 78538
100, 5030, 11, 78529, 78538
100, 5040, 11, 78464, 79836
100, 5050, 11, 78346, 79358
100, 5060, 11, 78252, 80147
100, 5070, 11, 78245, 79869
100, 5080, 11, 78245, 79556
100, 5090, 11, 78245, 81191
100, 5100, 11, 78245, 80224
100, 5110, 11, 77948, 80169
100, 5120, 11, 77948, 79187
100, 5130, 11, 77870, 79893
100, 5140, 11, 77870, 79484
100, 5150, 11, 77823, 79777
100, 5160, 11, 77823, 79526
100, 5170, 11, 77823, 81121
100, 5180, 11, 77820, 80496
100, 5190, 11, 77820, 78904
100, 5200, 11, 77820, 79845
100, 5210, 11, 77762, 79416
100, 5220, 11, 77690, 79789
100, 5230, 11, 77690, 79706
100, 5240, 11, 77374, 80241
100, 5250, 11, 77374, 79083
100, 5260, 11, 77354, 79081
100, 5270, 11, 77354, 78099
100, 5280, 11, 77354, 78897
100, 5290, 11, 77354, 78641
100, 5300, 11, 77354, 78853
100, 5310, 11, 77304, 79390
100, 5320, 11, 77304, 79696
100, 5330, 11, 77304, 77953
100, 5340, 11, 77304, 78926
100, 5350, 11, 77304, 78818
100, 5360, 11, 77117, 80070
100, 5370, 11, 77061, 78894
100, 5380, 11, 77061, 78808
100, 5390, 11, 77050, 79475
100, 5400, 11, 77050, 79098
100, 5410, 11, 77050, 78168
100, 5420, 11, 76966, 77699
100, 5430, 11, 76966, 78418
100, 5440, 11, 76912, 78082
100, 5450, 11, 76912, 78566
100, 5460, 11, 76912, 78161
100, 5470, 11, 76887, 78836
100, 5480, 11, 76887, 77021
100, 5490, 11, 76887, 78698
100, 5500, 11, 76887, 78369
100, 5510, 11, 76887, 78126
100, 5520, 11, 76862, 79224
100, 5530, 11, 76802, 76862
100, 5540, 11, 76778, 78979
100, 5550, 11, 76734, 78038
100, 5560, 11, 76734, 77661
100, 5570, 11, 76534, 77709
100, 5580, 11, 76476, 78780
100, 5590, 11, 76476, 76901
100, 5600, 11, 76476, 77309
100, 5610, 11, 76330, 78125
100, 5620, 11, 76330, 76330
100, 5630, 11, 76306, 78119
100, 5640, 11, 76235, 78337
100, 5650, 11, 76210, 78320
100, 5660, 11, 76210, 76210
100, 5670, 11, 76019, 77895
100, 5680, 11, 76019, 76160
100, 5690, 11, 76019, 77182
100, 5700, 11, 75936, 78241
100, 5710, 11, 75936, 77267
100, 5720, 11, 75936, 77970
100, 5730, 11, 75926, 76646
100, 5740, 11, 75926, 76553
100, 5750, 11, 75655, 76802
100, 5760, 11, 75655, 75683
100, 5770, 11, 75655, 77172
100, 5780, 11, 75655, 77679
100, 5790, 11, 75628, 77454
100, 5800, 11, 75552, 77178
100, 5810, 11, 75478, 78557
100, 5820, 11, 75448, 75725
100, 5830, 11, 75448, 77448
100, 5840, 11, 75343, 78542
100, 5850, 11, 75343, 76559
100, 5860, 11, 75263, 76594
100, 5870, 11, 75206, 77623
100, 5880, 11, 75206, 77886
100, 5890, 11, 74909, 75459
100, 5900, 11, 74886, 77162
100, 5910, 11, 74745, 76717
100, 5920, 11, 74629, 76837
100, 5930, 11, 74629, 76947
100, 5940, 11, 74629, 76035
100, 5950, 11, 74629, 74629
100, 5960, 11, 74629, 76350
100, 5970, 11, 74629, 77093
100, 5980, 11, 74629, 76685
100, 5990, 11, 74629, 76558
100, 6000, 11, 74629, 74647
100, 6010, 11, 74629, 77322
100, 6020, 11, 74580, 75558
100, 6030, 11, 74574, 77537
100, 6040, 11, 74553, 75616
100, 6050, 11, 74411, 76761
100, 6060, 11, 74411, 76161
100, 6070, 11, 74288, 77093
100, 6080, 11, 74247, 77127
100, 6090, 11, 74122, 75382
100, 6100, 11, 74122, 75896
100, 6110, 11, 74122, 74379
100, 6120, 11, 74122, 75371
100, 6130, 11, 73998, 74937
100, 6140, 11, 73998, 74964
100, 6150, 11, 73823, 76099
100, 6160, 11, 73823, 74682
100, 6170, 11, 73791, 75693
100, 6180, 11, 73683, 75671
100, 6190, 11, 73683, 75509
100, 6200, 11, 73643, 74966
100, 6210, 11, 73643, 75679
100, 6220, 11, 73643, 73824
100, 6230, 11, 73643, 73643
100, 6240, 11, 73643, 75634
100, 6250, 11, 73571, 73643
100, 6260, 11, 73430, 73982
100, 6270, 11, 73430, 73430
100, 6280, 11, 73376, 73674
100, 6290, 11, 73376, 76473
100, 6300, 11, 73376, 74526
100, 6310, 11, 73376, 73783
100, 6320, 11, 73376, 75180
100, 6330, 11, 73376, 73376
100, 6340, 11, 73064, 74743
100, 6350, 11, 73064, 73630
100, 6360, 11, 73064, 73266
100, 6370, 11, 72980, 72980
100, 6380, 11, 72980, 74424
100, 6390, 11, 72980, 74487
100, 6400, 11, 72980, 72980
100, 6410, 11, 72896, 73784
100, 6420, 11, 72754, 74039
100, 6430, 11, 72636, 73036
100, 6440, 11, 72636, 74544
100, 6450, 11, 72564, 73021
100, 6460, 11, 72564, 74097
100, 6470, 11, 72399, 73908
100, 6480, 11, 72397, 74169
100, 6490, 11, 72397, 72397
100, 6500, 11, 72394, 74067
100, 6510, 11, 72336, 74627
100, 6520, 11, 72313, 73069
100, 6530, 11, 71957, 72313
100, 6540, 11, 71793, 71957
100, 6550, 11, 71740, 72501
100, 6560, 11, 71691, 73941
100, 6570, 11, 71562, 71888
100, 6580, 11, 71553, 73565
100, 6590, 11, 71553, 73678
100, 6600, 11, 71523, 72094
100, 6610, 11, 71523, 74127
100, 6620, 11, 71441, 72002
100, 6630, 11, 71436, 72439
100, 6640, 11, 71423, 71436
100, 6650, 11, 71423, 71847
100, 6660, 11, 71423, 72603
100, 6670, 11, 71423, 71883
100, 6680, 11, 71423, 72387
100, 6690, 11, 71423, 73184
100, 6700, 11, 71400, 73154
100, 6710, 11, 71183, 72151
100, 6720, 11, 71128, 71128
100, 6730, 11, 71128, 73431
100, 6740, 11, 71128, 73074
100, 6750, 11, 71128, 71128
100, 6760, 11, 70951, 72213
100, 6770, 11, 70812, 72314
100, 6780, 11, 70753, 72001
100, 6790, 11, 70753, 72068
100, 6800, 11, 70753, 72157
100, 6810, 11, 70748, 72653
100, 6820, 11, 70748, 70748
100, 6830, 11, 70748, 70748
100, 6840, 11, 70748, 70748
100, 6850, 11, 70748, 71853
100, 6860, 11, 70748, 71401
100, 6870, 11, 70740, 70748
100, 6880, 11, 70740, 71000
100, 6890, 11, 70740, 71758
100, 6900, 11, 70740, 71231
100, 6910, 11, 70740, 71281
100, 6920, 11, 70740, 72059
100, 6930, 11, 70740, 72663
100, 6940, 11, 70740, 73059
100, 6950, 11, 70740, 70740
100, 6960, 11, 70740, 72441
100, 6970, 11, 70740, 71029
100, 6980, 11, 70716, 72046
100, 6990, 11, 70307, 72983
100, 7000, 11, 70307, 71115
100, 7010, 11, 70307, 70307
100, 7020, 11, 70307, 71848
100, 7030, 11, 70304, 71075
100, 7040, 11, 70304, 70887
100, 7050, 11, 70201, 72305
100, 7060, 11, 70201, 71601
100, 7070, 11, 70167, 70201
100, 7080, 11, 69967, 70625
100, 7090, 11, 69908, 71030
100, 7100, 11, 69867, 69908
100, 7110, 11, 69867, 70831
100, 7120, 11, 69867, 69867
100, 7130, 11, 69783, 70867
100, 7140, 11, 69783, 70533
100, 7150, 11, 69783, 69783
100, 7160, 11, 69732, 70451
100, 7170, 11, 69555, 71238
100, 7180, 11, 69497, 69704
100, 7190, 11, 69290, 70454
100, 7200, 11, 69290, 69290
100, 7210, 11, 69190, 69290
100, 7220, 11, 69190, 69816
100, 7230, 11, 69190, 69190
100, 7240, 11, 69149, 69190
100, 7250, 11, 69149, 70395
100, 7260, 11, 69149, 69610
100, 7270, 11, 69133, 69827
100, 7280, 11, 69133, 69133
100, 7290, 11, 69133, 71656
100, 7300, 11, 69062, 71133
100, 7310, 11, 68933, 69906
100, 7320, 11, 68933, 69836
100, 7330, 11, 68729, 68933
100, 7340, 11, 68729, 69390
100, 7350, 11, 68716, 68729
100, 7360, 11, 68716, 69913
100, 7370, 11, 68711, 69795
100, 7380, 11, 68711, 69499
100, 7390, 11, 68711, 70579
100, 7400, 11, 68711, 70164
100, 7410, 11, 68537, 71073
100, 7420, 11, 68537, 69927
100, 7430, 11, 68351, 69346
100, 7440, 11, 68351, 69492
100, 7450, 11, 68286, 69981
100, 7460, 11, 68245, 69805
100, 7470, 11, 68145, 68245
100, 7480, 11, 68145, 69442
100, 7490, 11, 68145, 68145
100, 7500, 11, 68145, 69652
100, 7510, 11, 68120, 68145
100, 7520, 11, 68062, 68120
100, 7530, 11, 68062, 69372
100, 7540, 11, 67946, 68062
100, 7550, 11, 67946, 68831
100, 7560, 11, 67818, 69843
100, 7570, 11, 67553, 68616
100, 7580, 11, 67553, 67727
100, 7590, 11, 67529, 69764
100, 7600, 11, 67529, 67817
100, 7610, 11, 67529, 69016
100, 7620, 11, 67529, 68744
100, 7630, 11, 67529, 69825
100, 7640, 11, 67529, 68145
100, 7650, 11, 67529, 67529
100, 7660, 11, 67438, 67529
100, 7670, 11, 67364, 67438
100, 7680, 11, 67364, 67364
100, 7690, 11, 67311, 68808
100, 7700, 11, 67293, 68809
100, 7710, 11, 67293, 67293
100, 7720, 11, 67293, 67293
100, 7730, 11, 67230, 67293
100, 7740, 11, 67230, 67230
100, 7750, 11, 67230, 67828
100, 7760, 11, 67230, 67230
100, 7770, 11, 67230, 67230
100, 7780, 11, 67230, 68001
100, 7790, 11, 67230, 67230
100, 7800, 11, 67230, 68651
100, 7810, 11, 67213, 67213
100, 7820, 11, 67179, 68564
100, 7830, 11, 67179, 67213
100, 7840, 11, 67179, 67179
100, 7850, 11, 67179, 68395
100, 7860, 11, 67179, 68713
100, 7870, 11, 67164, 67939
100, 7880, 11, 67164, 67922
100, 7890, 11, 67078, 67710
100, 7900, 11, 67078, 67078
100, 7910, 11, 67078, 67078
100, 7920, 11, 67078, 68063
100, 7930, 11, 67078, 68218
100, 7940, 11, 67078, 67078
100, 7950, 11, 67078, 68628
100, 7960, 11, 66995, 67078
100, 7970, 11, 66988, 68657
100, 7980, 11, 66988, 66988
100, 7990, 11, 66988, 66988
100, 8000, 11, 66988, 66988
100, 8010, 11, 66963, 67672
100, 8020, 11, 66963, 69065
100, 8030, 11, 66963, 67203
100, 8040, 11, 66963, 66963
100, 8050, 11, 66963, 66963
100, 8060, 11, 66963, 67255
100, 8070, 11, 66901, 66901
100, 8080, 11, 66901, 66901
100, 8090, 11, 66901, 67861
100, 8100, 11, 66901, 66901
100, 8110, 11, 66847, 68986
100, 8120, 11, 66847, 68431
100, 8130, 11, 66847, 66847
100, 8140, 11, 66847, 66847
100, 8150, 11, 66671, 67754
100, 8160, 11, 66671, 68262
100, 8170, 11, 66671, 66671
100, 8180, 11, 66590, 67681
100, 8190, 11, 66590, 66590
100, 8200, 11, 66590, 66590
100, 8210, 11, 66590, 66614
100, 8220, 11, 66520, 66590
100, 8230, 11, 66520, 68243
100, 8240, 11, 66520, 66520
100, 8250, 11, 66486, 66520
100, 8260, 11, 66486, 66486
100, 8270, 11, 66486, 67139
100, 8280, 11, 66486, 66486
100, 8290, 11, 66486, 66486
100, 8300, 11, 66463, 66486
100, 8310, 11, 66444, 66463
100, 8320, 11, 66444, 66973
100, 8330, 11, 66428, 66428
100, 8340, 11, 66428, 67849
100, 8350, 11, 66428, 66428
100, 8360, 11, 66428, 66428
100, 8370, 11, 66428, 67059
100, 8380, 11, 66360, 66360
100, 8390, 11, 66360, 67889
100, 8400, 11, 66360, 66660
100, 8410, 11, 66357, 66360
100, 8420, 11, 66287, 66360
100, 8430, 11, 66287, 67594
100, 8440, 11, 66287, 66287
100, 8450, 11, 66287, 67679
100, 8460, 11, 66287, 67106
100, 8470, 11, 66287, 66287
100, 8480, 11, 66287, 66287
100, 8490, 11, 66161, 66287
100, 8500, 11, 66161, 66161
100, 8510, 11, 66073, 66567
100, 8520, 11, 66073, 66073
100, 8530, 11, 66073, 66073
100, 8540, 11, 66073, 67062
100, 8550, 11, 65948, 65973
100, 8560, 11, 65948, 66048
100, 8570, 11, 65875, 65948
100, 8580, 11, 65875, 66814
100, 8590, 11, 65814, 66600
100, 8600, 11, 65749, 65814
100, 8610, 11, 65749, 65749
100, 8620, 11, 65749, 67446
100, 8630, 11, 65749, 65749
100, 8640, 11, 65749, 66845
100, 8650, 11, 65600, 66754
100, 8660, 11, 65455, 67200
100, 8670, 11, 65347, 65455
100, 8680, 11, 65347, 65347
100, 8690, 11, 65191, 67414
100, 8700, 11, 65144, 65191
100, 8710, 11, 65110, 66323
100, 8720, 11, 65110, 65110
100, 8730, 11, 65110, 66292
100, 8740, 11, 65060, 67183
100, 8750, 11, 65060, 66838
100, 8760, 11, 64861, 65060
100, 8770, 11, 64839, 65661
100, 8780, 11, 64839, 66049
100, 8790, 11, 64839, 64839
100, 8800, 11, 64839, 66510
100, 8810, 11, 64839, 64839
100, 8820, 11, 64839, 64839
100, 8830, 11, 64781, 64839
100, 8840, 11, 64647, 64781
100, 8850, 11, 64647, 64647
100, 8860, 11, 64647, 64647
100, 8870, 11, 64636, 64647
100, 8880, 11, 64636, 64636
100, 8890, 11, 64636, 66036
100, 8900, 11, 64636, 65629
100, 8910, 11, 64513, 66547
100, 8920, 11, 64513, 65660
100, 8930, 11, 64513, 64513
100, 8940, 11, 64513, 64746
100, 8950, 11, 64513, 65786
100, 8960, 11, 64487, 64513
100, 8970, 11, 64487, 64487
100, 8980, 11, 64487, 65598
100, 8990, 11, 64487, 64487
100, 9000, 11, 64487, 64487
100, 9010, 11, 64487, 64487
100, 9020, 11, 64487, 64487
100, 9030, 11, 64429, 64884
100, 9040, 11, 64429, 64429
100, 9050, 11, 64429, 65089
100, 9060, 11, 64411, 64429
100, 9070, 11, 64411, 64788
100, 9080, 11, 64411, 64411
100, 9090, 11, 64411, 64411
100, 9100, 11, 64411, 65730
100, 9110, 11, 64411, 64411
100, 9120, 11, 64411, 64411
100, 9130, 11, 64293, 64411
100, 9140, 11, 64293, 64293
100, 9150, 11, 64293, 64429
100, 9160, 11, 64203, 64283
100, 9170, 11, 64203, 64203
100, 9180, 11, 64167, 64203
100, 9190, 11, 64145, 65066
100, 9200, 11, 64098, 64145
100, 9210, 11, 64098, 64098
100, 9220, 11, 64098, 65404
100, 9230, 11, 64098, 64098
100, 9240, 11, 64098, 65626
100, 9250, 11, 64098, 64098
100, 9260, 11, 64098, 64098
100, 9270, 11, 64098, 65428
100, 9280, 11, 63997, 64754
100, 9290, 11, 63997, 63997
100, 9300, 11, 63997, 63997
100, 9310, 11, 63957, 64497
100, 9320, 11, 63957, 63957
100, 9330, 11, 63946, 63957
100, 9340, 11, 63946, 63957
100, 9350, 11, 63906, 64991
100, 9360, 11, 63906, 63906
100, 9370, 11, 63906, 63906
100, 9380, 11, 63906, 63906
100, 9390, 11, 63906, 63906
100, 9400, 11, 63906, 63906
100, 9410, 11, 63906, 63906
100, 9420, 11, 63906, 63906
100, 9430, 11, 63906, 63906
100, 9440, 11, 63906, 63906
100, 9450, 11, 63861, 64201
100, 9460, 11, 63861, 63861
100, 9470, 11, 63861, 63861
100, 9480, 11, 63861, 63861
100, 9490, 11, 63861, 64939
100, 9500, 11, 63861, 63861
100, 9510, 11, 63698, 63946
100, 9520, 11, 63698, 63698
100, 9530, 11, 63698, 63698
100, 9540, 11, 63698, 63698
100, 9550, 11, 63698, 63698
100, 9560, 11, 63698, 63698
100, 9570, 11, 63698, 64698
100, 9580, 11, 63698, 64859
100, 9590, 11, 63698, 63698
100, 9600, 11, 63698, 63698
100, 9610, 11, 63698, 65295
100, 9620, 11, 63698, 63698
100, 9630, 11, 63698, 63698
100, 9640, 11, 63698, 63698
100, 9650, 11, 63698, 63698
100, 9660, 11, 63698, 63698
100, 9670, 11, 63698, 63698
100, 9680, 11, 63698, 63698
100, 9690, 11, 63698, 63698
100, 9700, 11, 63698, 63698
100, 9710, 11, 63565, 63698
100, 9720, 11, 63565, 63565
100, 9730, 11, 63559, 63768
100, 9740, 11, 63559, 63559
100, 9750, 11, 63559, 63559
100, 9760, 11, 63559, 63976
100, 9770, 11, 63559, 63559
100, 9780, 11, 63559, 63559
100, 9790, 11, 63553, 63553
100, 9800, 11, 63553, 63553
100, 9810, 11, 63553, 63728
100, 9820, 11, 63553, 63553
100, 9830, 11, 63553, 63553
100, 9840, 11, 63553, 65515
100, 9850, 11, 63553, 63553
100, 9860, 11, 63553, 63553
100, 9870, 11, 63553, 63553
100, 9880, 11, 63553, 63553
100, 9890, 11, 63546, 63546
100, 9900, 11, 63546, 63546
100, 9910, 11, 63546, 63546
100, 9920, 11, 63546, 63546
100, 9930, 11, 63546, 63546
100, 9940, 11, 63471, 63546
100, 9950, 11, 63471, 63471
100, 9960, 11, 63471, 63471
100, 9970, 11, 63471, 63471
100, 9980, 11, 63468, 63794
100, 9990, 11, 63468, 63468
100, 10000, 11, 63468, 63468
100, 10010, 11, 63468, 63468
100, 10020, 11, 63468, 63468
100, 10030, 11, 63468, 63468
100, 10040, 11, 63468, 63468
100, 10050, 11, 63468, 63468
100, 10060, 11, 63468, 63468
100, 10070, 11, 63468, 63468
100, 10080, 11, 63468, 63468
100, 10090, 11, 63468, 63468
100, 10100, 11, 63468, 63468
100, 10110, 11, 63454, 63468
100, 10120, 11, 63454, 63454
100, 10130, 11, 63454, 63454
100, 10140, 11, 63454, 64011
100, 10150, 11, 63422, 63454
100, 10160, 11, 63357, 63357
100, 10170, 11, 63357, 63357
100, 10180, 11, 63357, 63357
100, 10190, 11, 63357, 63897
100, 10200, 11, 63357, 63357
100, 10210, 11, 63357, 63357
100, 10220, 11, 63357, 64802
100, 10230, 11, 63357, 63357
100, 10240, 11, 63339, 63357
100, 10250, 11, 63339, 63339
100, 10260, 11, 63339, 64023
100, 10270, 11, 63339, 63339
100, 10280, 11, 63339, 63339
100, 10290, 11, 63298, 63399
100, 10300, 11, 63292, 63298
100, 10310, 11, 63292, 63292
100, 10320, 11, 63292, 64242
100, 10330, 11, 63292, 63292
100, 10340, 11, 63292, 64213
100, 10350, 11, 63292, 63292
100, 10360, 11, 63204, 63292
100, 10370, 11, 63204, 64073
100, 10380, 11, 63204, 63204
100, 10390, 11, 63204, 63204
100, 10400, 11, 63204, 63204
100, 10410, 11, 63204, 64539
100, 10420, 11, 63187, 63204
100, 10430, 11, 63187, 63187
100, 10440, 11, 63187, 63187
100, 10450, 11, 63042, 63187
100, 10460, 11, 63042, 64025
100, 10470, 11, 63021, 63042
100, 10480, 11, 63021, 63021
100, 10490, 11, 63021, 63021
100, 10500, 11, 63021, 63868
100, 10510, 11, 63021, 63021
100, 10520, 11, 63021, 63351
100, 10530, 11, 63021, 63021
100, 10540, 11, 63021, 63021
100, 10550, 11, 63021, 63021
100, 10560, 11, 63021, 63021
100, 10570, 11, 62911, 63021
100, 10580, 11, 62725, 62911
100, 10590, 11, 62607, 62607
100, 10600, 11, 62607, 62607
100, 10610, 11, 62607, 62607
100, 10620, 11, 62589, 62607
100, 10630, 11, 62589, 62589
100, 10640, 11, 62589, 62589
100, 10650, 11, 62589, 62589
100, 10660, 11, 62589, 62589
100, 10670, 11, 62445, 62589
100, 10680, 11, 62445, 62445
100, 10690, 11, 62445, 62445
100, 10700, 11, 62417, 62445
100, 10710, 11, 62229, 62229
100, 10720, 11, 62154, 62154
100, 10730, 11, 62154, 62154
100, 10740, 11, 62154, 62154
100, 10750, 11, 62154, 62154
100, 10760, 11, 62154, 62154
100, 10770, 11, 62154, 62154
100, 10780, 11, 61992, 62154
100, 10790, 11, 61992, 61992
100, 10800, 11, 61992, 61992
100, 10810, 11, 61992, 61992
100, 10820, 11, 61992, 61992
100, 10830, 11, 61992, 61992
100, 10840, 11, 61890, 61890
100, 10850, 11, 61890, 62600
100, 10860, 11, 61890, 61890
100, 10870, 11, 61890, 61890
100, 10880, 11, 61890, 61890
100, 10890, 11, 61801, 61890
100, 10900, 11, 61801, 61801
100, 10910, 11, 61801, 61801
100, 10920, 11, 61801, 61801
100, 10930, 11, 61801, 61801
100, 10940, 11, 61801, 61801
100, 10950, 11, 61801, 61801
100, 10960, 11, 61801, 61801
100, 10970, 11, 61801, 61801
100, 10980, 11, 61801, 61801
100, 10990, 11, 61801, 61801
100, 11000, 11, 61801, 61801
100, 11010, 11, 61801, 62468
100, 11020, 11, 61553, 61801
100, 11030, 11, 61553, 61553
100, 11040, 11, 61553, 61553
100, 11050, 11, 61371, 61553
100, 11060, 11, 61371, 61371
100, 11070, 11, 61371, 61371
100, 11080, 11, 61371, 61371
100, 11090, 11, 61371, 61371
100, 11100, 11, 61291, 61371
100, 11110, 11, 61291, 61291
100, 11120, 11, 61291, 62457
100, 11130, 11, 61291, 61291
100, 11140, 11, 61291, 61291
100, 11150, 11, 61291, 61291
100, 11160, 11, 61291, 61291
100, 11170, 11, 61291, 61291
100, 11180, 11, 61291, 61291
100, 11190, 11, 61291, 61291
100, 11200, 11, 61291, 61291
100, 11210, 11, 61291, 61291
100, 11220, 11, 61291, 61291
100, 11230, 11, 61291, 61291
100, 11240, 11, 61291, 61804
100, 11250, 11, 61291, 61291
100, 11260, 11, 61291, 61291
100, 11270, 11, 61291, 61291
100, 11280, 11, 61291, 61291
100, 11290, 11, 61291, 61291
100, 11300, 11, 61291, 61291
100, 11310, 11, 61291, 61291
100, 11320, 11, 61223, 61223
100, 11330, 11, 61223, 61223
100, 11340, 11, 61205, 61223
100, 11350, 11, 61205, 61205
100, 11360, 11, 61205, 61205
100, 11370, 11, 61205, 61205
100, 11380, 11, 61205, 61205
100, 11390, 11, 61205, 61597
100, 11400, 11, 61205, 61205
100, 11410, 11, 61146, 61146
100, 11420, 11, 61146, 61146
100, 11430, 11, 61146, 61146
100, 11440, 11, 61146, 61146
100, 11450, 11, 61146, 61146
100, 11460, 11, 61142, 61146
100, 11470, 11, 61129, 61134
100, 11480, 11, 61129, 61129
100, 11490, 11, 61129, 62155
100, 11500, 11, 61129, 61129
100, 11510, 11, 61129, 61129
100, 11520, 11, 61129, 61129
100, 11530, 11, 61129, 61129
100, 11540, 11, 61129, 61129
100, 11550, 11, 61106, 61129
100, 11560, 11, 61106, 61106
100, 11570, 11, 61106, 61106
100, 11580, 11, 61106, 61106
100, 11590, 11, 61106, 61106
100, 11600, 11, 61106, 61106
100, 11610, 11, 61106, 61106
100, 11620, 11, 61106, 61106
100, 11630, 11, 61106, 61381
100, 11640, 11, 61106, 61106
100, 11650, 11, 61106, 61106
100, 11660, 11, 61106, 61106
100, 11670, 11, 61106, 61106
100, 11680, 11, 61106, 61106
100, 11690, 11, 60973, 61058
100, 11700, 11, 60973, 60973
100, 11710, 11, 60973, 60973
100, 11720, 11, 60960, 60973
100, 11730, 11, 60960, 60960
100, 11740, 11, 60960, 60960
100, 11750, 11, 60960, 60960
100, 11760, 11, 60960, 60960
100, 11770, 11, 60960, 61160
100, 11780, 11, 60960, 60960
100, 11790, 11, 60960, 60960
100, 11800, 11, 60960, 60960
100, 11810, 11, 60960, 60960
100, 11820, 11, 60960, 60960
100, 11830, 11, 60960, 60960
100, 11840, 11, 60960, 60960
100, 11850, 11, 60960, 60960
100, 11860, 11, 60960, 60960
100, 11870, 11, 60960, 60960
100, 11880, 11, 60960, 60960
100, 11890, 11, 60884, 60960
100, 11900, 11, 60802, 60884
100, 11910, 11, 60802, 60802
100, 11920, 11, 60802, 60802
100, 11930, 11, 60802, 60802
100, 11940, 11, 60802, 60802
100, 11950, 11, 60802, 60802
100, 11960, 11, 60757, 60802
100, 11970, 11, 60757, 60757
100, 11980, 11, 60757, 60757
100, 11990, 11, 60757, 60757
100, 12000, 11, 60757, 60757
100, 12010, 11, 60757, 60757
100, 12020, 11, 60757, 60757
100, 12030, 11, 60757, 60757
100, 12040, 11, 60612, 60757
100, 12050, 11, 60612, 60612
100, 12060, 11, 60612, 60612
100, 12070, 11, 60612, 60612
100, 12080, 11, 60612, 60612
100, 12090, 11, 60612, 60612
100, 12100, 11, 60612, 60612
100, 12110, 11, 60612, 60612
100, 12120, 11, 60612, 60612
100, 12130, 11, 60507, 60612
100, 12140, 11, 60507, 60507
100, 12150, 11, 60507, 60507
100, 12160, 11, 60507, 60507
100, 12170, 11, 60507, 60507
100, 12180, 11, 60507, 60507
100, 12190, 11, 60315, 60507
100, 12200, 11, 60315, 60315
100, 12210, 11, 60315, 60315
100, 12220, 11, 60315, 60315
100, 12230, 11, 60315, 60315
100, 12240, 11, 60315, 60315
100, 12250, 11, 60042, 60315
100, 12260, 11, 60042, 60042
100, 12270, 11, 60042, 60042
100, 12280, 11, 59879, 60277
100, 12290, 11, 59879, 59879
100, 12300, 11, 59879, 59879
100, 12310, 11, 59879, 59879
100, 12320, 11, 59759, 59759
100, 12330, 11, 59759, 59759
100, 12340, 11, 59759, 59759
100, 12350, 11, 59755, 59759
100, 12360, 11, 59755, 59755
100, 12370, 11, 59755, 59755
100, 12380, 11, 59752, 59755
100, 12390, 11, 59752, 59752
100, 12400, 11, 59741, 59752
100, 12410, 11, 59628, 59628
100, 12420, 11, 59628, 59628
100, 12430, 11, 59628, 59628
100, 12440, 11, 59628, 59628
100, 12450, 11, 59628, 59628
100, 12460, 11, 59628, 59628
100, 12470, 11, 59628, 59628
100, 12480, 11, 59628, 59628
100, 12490, 11, 59573, 59628
100, 12500, 11, 59573, 59573
100, 12510, 11, 59573, 59573
100, 12520, 11, 59573, 59573
100, 12530, 11, 59573, 59573
100, 12540, 11, 59573, 59573
100, 12550, 11, 59573, 59573
100, 12560, 11, 59573, 59573
100, 12570, 11, 59573, 59573
100, 12580, 11, 59449, 59449
100, 12590, 11, 59319, 59449
100, 12600, 11, 59253, 59319
100, 12610, 11, 59253, 59253
100, 12620, 11, 59253, 59253
100, 12630, 11, 59253, 59253
100, 12640, 11, 59253, 59253
100, 12650, 11, 59253, 59253
100, 12660, 11, 59253, 59253
100, 12670, 11, 59253, 59253
100, 12680, 11, 59253, 59253
100, 12690, 11, 59253, 59253
100, 12700, 11, 59253, 59253
100, 12710, 11, 59253, 59253
100, 12720, 11, 59253, 59253
100, 12730, 11, 59193, 59253
100, 12740, 11, 59193, 59193
100, 12750, 11, 59193, 59193
100, 12760, 11, 59193, 59193
100, 12770, 11, 59178, 59178
100, 12780, 11, 59178, 59178
100, 12790, 11, 59178, 59178
100, 12800, 11, 59178, 60283
100, 12810, 11, 59178, 59178
100, 12820, 11, 59178, 59178
100, 12830, 11, 59178, 59178
100, 12840, 11, 59178, 59178
100, 12850, 11, 59178, 59178
100, 12860, 11, 59094, 59178
100, 12870, 11, 59094, 59094
100, 12880, 11, 59094, 59094
100, 12890, 11, 59094, 59094
100, 12900, 11, 59094, 59094
100, 12910, 11, 59094, 59094
100, 12920, 11, 59094, 59094
100, 12930, 11, 59094, 59094
100, 12940, 11, 59094, 59094
100, 12950, 11, 59094, 59094
100, 12960, 11, 59094, 59094
100, 12970, 11, 59081, 59094
100, 12980, 11, 59081, 59081
100, 12990, 11, 59061, 59081
100, 13000, 11, 59061, 59061
100, 13010, 11, 59061, 59061
100, 13020, 11, 59061, 59061
100, 13030, 11, 59061, 59061
100, 13040, 11, 59061, 59061
100, 13050, 11, 59061, 59061
100, 13060, 11, 59061, 59061
100, 13070, 11, 59061, 59061
100, 13080, 11, 58861, 59061
100, 13090, 11, 58861, 58861
100, 13100, 11, 58778, 58778
100, 13110, 11, 58778, 58778
100, 13120, 11, 58720, 58720
100, 13130, 11, 58720, 58720
100, 13140, 11, 58662, 58720
100, 13150, 11, 58662, 58662
100, 13160, 11, 58662, 58662
100, 13170, 11, 58662, 58662
100, 13180, 11, 58662, 58662
100, 13190, 11, 58662, 58662
100, 13200, 11, 58662, 58662
100, 13210, 11, 58662, 58662
100, 13220, 11, 58662, 58662
100, 13230, 11, 58662, 58662
100, 13240, 11, 58662, 58662
100, 13250, 11, 58662, 58662
100, 13260, 11, 58662, 58662
100, 13270, 11, 58662, 58662
100, 13280, 11, 58662, 58662
100, 13290, 11, 58662, 58662
100, 13300, 11, 58662, 58662
100, 13310, 11, 58621, 58621
100, 13320, 11, 58621, 58621
100, 13330, 11, 58621, 58621
100, 13340, 11, 58551, 58621
100, 13350, 11, 58551, 58551
100, 13360, 11, 58551, 58551
100, 13370, 11, 58551, 58551
100, 13380, 11, 58551, 58551
100, 13390, 11, 58551, 58551
100, 13400, 11, 58551, 58551
100, 13410, 11, 58492, 58540
100, 13420, 11, 58492, 58492
100, 13430, 11, 58492, 58492
100, 13440, 11, 58492, 58492
100, 13450, 11, 58492, 58492
100, 13460, 11, 58492, 58492
100, 13470, 11, 58492, 58492
100, 13480, 11, 58492, 58492
100, 13490, 11, 58492, 58492
100, 13500, 11, 58492, 58492
100, 13510, 11, 58492, 58492
100, 13520, 11, 58492, 58492
100, 13530, 11, 58492, 58492
100, 13540, 11, 58492, 58492
100, 13550, 11, 58492, 58492
100, 13560, 11, 58492, 58492
100, 13570, 11, 58492, 58492
100, 13580, 11, 58492, 58492
100, 13590, 11, 58492, 58492
100, 13600, 11, 58492, 58492
100, 13610, 11, 58492, 58492
100, 13620, 11, 58492, 58492
100, 13630, 11, 58492, 58492
100, 13640, 11, 58492, 58492
100, 13650, 11, 58492, 58492
100, 13660, 11, 58492, 58492
100, 13670, 11, 58492, 58492
100, 13680, 11, 58492, 58492
100, 13690, 11, 58492, 58492
100, 13700, 11, 58492, 58492
100, 13710, 11, 58492, 58492
100, 13720, 11, 58492, 58492
100, 13730, 11, 58492, 58492
100, 13740, 11, 58492, 58492
100, 13750, 11, 58492, 58492
100, 13760, 11, 58420, 58472
100, 13770, 11, 58420, 58420
100, 13780, 11, 58420, 58420
100, 13790, 11, 58420, 58420
100, 13800, 11, 58420, 58420
100, 13810, 11, 58420, 58420
100, 13820, 11, 58420, 58420
100, 13830, 11, 58420, 58420
100, 13840, 11, 58420, 58420
100, 13850, 11, 58420, 58420
100, 13860, 11, 58413, 58420
100, 13870, 11, 58413, 58413
100, 13880, 11, 58413, 58413
100, 13890, 11, 58413, 58413
100, 13900, 11, 58413, 58413
100, 13910, 11, 58413, 58413
100, 13920, 11, 58408, 58408
100, 13930, 11, 58408, 58408
100, 13940, 11, 58408, 58408
100, 13950, 11, 58408, 58408
100, 13960, 11, 58408, 58408
100, 13970, 11, 58408, 58408
100, 13980, 11, 58408, 58408
100, 13990, 11, 58408, 58408
100, 14000, 11, 58408, 58408
100, 14010, 11, 58408, 58408
100, 14020, 11, 58408, 58408
100, 14030, 11, 58408, 58408
100, 14040, 11, 58408, 58408
100, 14050, 11, 58408, 58408
100, 14060, 11, 58408, 58408
100, 14070, 11, 58408, 58408
100, 14080, 11, 58405, 58405
100, 14090, 11, 58405, 58405
100, 14100, 11, 58405, 58405
100, 14110, 11, 58405, 58405
100, 14120, 11, 58405, 58405
100, 14130, 11, 58405, 58405
100, 14140, 11, 58405, 58405
100, 14150, 11, 58405, 58405
100, 14160, 11, 58405, 58405
100, 14170, 11, 58405, 58405
100, 14180, 11, 58405, 58405
100, 14190, 11, 58405, 58405
100, 14200, 11, 58405, 58405
100, 14210, 11, 58405, 58405
100, 14220, 11, 58405, 58405
100, 14230, 11, 58405, 58405
100, 14240, 11, 58405, 58405
100, 14250, 11, 58405, 58405
100, 14260, 11, 58405, 58405
100, 14270, 11, 58405, 58405
100, 14280, 11, 58405, 58405
100, 14290, 11, 58405, 58405
100, 14300, 11, 58405, 58405
100, 14310, 11, 58405, 58405
100, 14320, 11, 58405, 58405
100, 14330, 11, 58405, 58405
100, 14340, 11, 58405, 58405
100, 14350, 11, 58405, 58405
100, 14360, 11, 58405, 58405
100, 14370, 11, 58405, 58405
100, 14380, 11, 58405, 58405
100, 14390, 11, 58405, 58405
100, 14400, 11, 58405, 58405
100, 14410, 11, 58405, 58405
100, 14420, 11, 58405, 58405
100, 14430, 11, 58405, 58405
100, 14440, 11, 58405, 58405
100, 14450, 11, 58405, 58405
100, 14460, 11, 58405, 58405
100, 14470, 11, 58405, 58405
100, 14480, 11, 58405, 58405
100, 14490, 11, 58405, 58405
100, 14500, 11, 58322, 58322
100, 14510, 11, 58322, 58322
100, 14520, 11, 58200, 58200
100, 14530, 11, 58200, 58200
100, 14540, 11, 58200, 58200
100, 14550, 11, 58200, 58200
100, 14560, 11, 58200, 58200
100, 14570, 11, 58200, 58200
100, 14580, 11, 58200, 58200
100, 14590, 11, 58200, 58200
100, 14600, 11, 58200, 58200
100, 14610, 11, 58200, 58200
100, 14620, 11, 58200, 58200
100, 14630, 11, 58200, 58200
100, 14640, 11, 58200, 58200
100, 14650, 11, 58200, 58200
100, 14660, 11, 58200, 58200
100, 14670, 11, 58200, 58200
100, 14680, 11, 58200, 58200
100, 14690, 11, 58200, 58200
100, 14700, 11, 58195, 58195
100, 14710, 11, 58195, 58195
100, 14720, 11, 58195, 58195
100, 14730, 11, 58195, 58195
100, 14740, 11, 58195, 58195
100, 14750, 11, 58195, 58195
100, 14760, 11, 58195, 58195
100, 14770, 11, 58195, 58195
100, 14780, 11, 58195, 58195
100, 14790, 11, 58195, 58195
100, 14800, 11, 58195, 58195
100, 14810, 11, 58195, 58195
100, 14820, 11, 58195, 58195
100, 14830, 11, 58195, 58195
100, 14840, 11, 58195, 58195
100, 14850, 11, 58195, 58195
100, 14860, 11, 58195, 58195
100, 14870, 11, 58195, 58195
100, 14880, 11, 58195, 58195
100, 14890, 11, 58195, 58195
100, 14900, 11, 58195, 58195
100, 14910, 11, 58195, 58195
100, 14920, 11, 58195, 58195
100, 14930, 11, 58195, 58195
100, 14940, 11, 58195, 58195
100, 14950, 11, 58195, 58195
100, 14960, 11, 58195, 58195
100, 14970, 11, 58195, 58195
100, 14980, 11, 58195, 58195
100, 14990, 11, 58195, 58195
100, 15000, 11, 58195, 58195
100, 15010, 11, 58195, 58195
100, 15020, 11, 58195, 58195
100, 15030, 11, 58195, 58195
100, 15040, 11, 58195, 58195
100, 15050, 11, 58195, 58195
100, 15060, 11, 58195, 58195
100, 15070, 11, 58195, 58195
100, 15080, 11, 58195, 58195
100, 15090, 11, 58195, 58195
100, 15100, 11, 58195, 58195
100, 15110, 11, 58195, 58195
100, 15120, 11, 58195, 58195
100, 15130, 11, 58195, 58195
100, 15140, 11, 58195, 58195
100, 15150, 11, 58195, 58195
100, 15160, 11, 58195, 58195
100, 15170, 11, 58195, 58195
100, 15180, 11, 58195, 58195
100, 15190, 11, 58195, 58195
100, 15200, 11, 58195, 58195
100, 15210, 11, 58195, 58195
100, 15220, 11, 58112, 58112
100, 15230, 11, 58112, 58112
100, 15240, 11, 58112, 58112
100, 15250, 11, 58112, 58112
100, 15260, 11, 58112, 58112
100, 15270, 11, 58112, 58112
100, 15280, 11, 58112, 58112
100, 15290, 11, 58063, 58063
100, 15300, 11, 58063, 58063
100, 15310, 11, 58063, 58063
100, 15320, 11, 58063, 58063
100, 15330, 11, 58063, 58063
100, 15340, 11, 58063, 58063
100, 15350, 11, 58063, 58063
100, 15360, 11, 58063, 58063
100, 15370, 11, 58063, 58063
100, 15380, 11, 58063, 58063
100, 15390, 11, 58052, 58063
100, 15400, 11, 58052, 58052
100, 15410, 11, 58052, 58052
100, 15420, 11, 58052, 58052
100, 15430, 11, 58052, 58052
100, 15440, 11, 58052, 58052
100, 15450, 11, 58052, 58052
100, 15460, 11, 58052, 58052
100, 15470, 11, 58052, 58052
100, 15480, 11, 58052, 58052
100, 15490, 11, 58052, 58052
100, 15500, 11, 58052, 58052
100, 15510, 11, 58052, 58052
100, 15520, 11, 58052, 58052
100, 15530, 11, 58052, 58052
100, 15540, 11, 58052, 58052
100, 15550, 11, 57995, 57995
100, 15560, 11, 57995, 57995
100, 15570, 11, 57995, 57995
100, 15580, 11, 57995, 57995
100, 15590, 11, 57941, 57995
100, 15600, 11, 57941, 57941
100, 15610, 11, 57941, 57941
100, 15620, 11, 57941, 57941
100, 15630, 11, 57941, 57941
100, 15640, 11, 57941, 57941
100, 15650, 11, 57941, 57941
100, 15660, 11, 57941, 57941
100, 15670, 11, 57699, 57941
100, 15680, 11, 57640, 57640
100, 15690, 11, 57640, 57640
100, 15700, 11, 57640, 57640
100, 15710, 11, 57640, 57640
100, 15720, 11, 57640, 57640
100, 15730, 11, 57640, 57640
100, 15740, 11, 57640, 57640
100, 15750, 11, 57640, 57640
100, 15760, 11, 57640, 57640
100, 15770, 11, 57640, 57640
100, 15780, 11, 57640, 57640
100, 15790, 11, 57640, 57640
100, 15800, 11, 57640, 57640
100, 15810, 11, 57640, 57640
100, 15820, 11, 57640, 57640
100, 15830, 11, 57640, 57640
100, 15840, 11, 57640, 57640
100, 15850, 11, 57640, 57640
100, 15860, 11, 57640, 57640
100, 15870, 11, 57640, 57640
100, 15880, 11, 57640, 57640
100, 15890, 11, 57640, 57640
100, 15900, 11, 57640, 57640
100, 15910, 11, 57640, 57640
100, 15920, 11, 57640, 57640
100, 15930, 11, 57640, 57640
100, 15940, 11, 57640, 57640
100, 15950, 11, 57640, 57640
100, 15960, 11, 57640, 57640
100, 15970, 11, 57640, 57640
100, 15980, 11, 57640, 57640
100, 15990, 11, 57640, 57640
100, 16000, 11, 57640, 57640
100, 16010, 11, 57640, 57640
100, 16020, 11, 57620, 57640
100, 16030, 11, 57533, 57533
100, 16040, 11, 57533, 57533
100, 16050, 11, 57533, 57533
100, 16060, 11, 57533, 57533
100, 16070, 11, 57533, 57533
100, 16080, 11, 57533, 57533
100, 16090, 11, 57533, 57533
100, 16100, 11, 57533, 57533
100, 16110, 11, 57533, 57533
100, 16120, 11, 57533, 57533
100, 16130, 11, 57533, 57533
100, 16140, 11, 57533, 57533
100, 16150, 11, 57533, 57533
100, 16160, 11, 57533, 57533
100, 16170, 11, 57533, 57533
100, 16180, 11, 57533, 57533
100, 16190, 11, 57533, 57533
100, 16200, 11, 57533, 57533
100, 16210, 11, 57533, 57533
100, 16220, 11, 57533, 57533
100, 16230, 11, 57533, 57533
100, 16240, 11, 57533, 57533
100, 16250, 11, 57533, 57533
100, 16260, 11, 57533, 57533
100, 16270, 11, 57533, 57533
100, 16280, 11, 57533, 57533
100, 16290, 11, 57533, 57533
100, 16300, 11, 57533, 57533
100, 16310, 11, 57533, 57533
100, 16320, 11, 57533, 57533
100, 16330, 11, 57533, 57533
100, 16340, 11, 57533, 57533
100, 16350, 11, 57533, 57533
100, 16360, 11, 57533, 57533
100, 16370, 11, 57533, 57533
100, 16380, 11, 57533, 57533
100, 16390, 11, 57533, 57533
100, 16400, 11, 57533, 57533
100, 16410, 11, 57533, 57533
100, 16420, 11, 57533, 57533
100, 16430, 11, 57533, 57533
100, 16440, 11, 57533, 57533
100, 16450, 11, 57533, 57533
100, 16460, 11, 57523, 57533
100, 16470, 11, 57523, 57523
100, 16480, 11, 57523, 57523
100, 16490, 11, 57523, 57523
100, 16500, 11, 57523, 57523
100, 16510, 11, 57523, 57523
100, 16520, 11, 57523, 57523
100, 16530, 11, 57523, 57523
100, 16540, 11, 57523, 57523
100, 16550, 11, 57523, 57523
100, 16560, 11, 57523, 57523
100, 16570, 11, 57523, 57523
100, 16580, 11, 57523, 57523
100, 16590, 11, 57523, 57523
100, 16600, 11, 57523, 57523
100, 16610, 11, 57523, 57523
100, 16620, 11, 57523, 57523
100, 16630, 11, 57523, 57523
100, 16640, 11, 57523, 57523
100, 16650, 11, 57523, 57523
100, 16660, 11, 57523, 57523
100, 16670, 11, 57523, 57523
100, 16680, 11, 57523, 57523
100, 16690, 11, 57523, 57523
100, 16700, 11, 57523, 57523
100, 16710, 11, 57523, 57523
100, 16720, 11, 57523, 57523
100, 16730, 11, 57523, 57523
100, 16740, 11, 57523, 57523
100, 16750, 11, 57523, 57523
100, 16760, 11, 57523, 57523
100, 16770, 11, 57523, 57523
100, 16780, 11, 57523, 57523
100, 16790, 11, 57523, 57523
100, 16800, 11, 57523, 57523
100, 16810, 11, 57523, 57523
100, 16820, 11, 57505, 57523
100, 16830, 11, 57505, 57505
100, 16840, 11, 57505, 57505
100, 16850, 11, 57505, 57505
100, 16860, 11, 57505, 57505
100, 16870, 11, 57505, 57505
100, 16880, 11, 57505, 57505
100, 16890, 11, 57505, 57505
100, 16900, 11, 57505, 57505
100, 16910, 11, 57505, 57505
100, 16920, 11, 57505, 57505
100, 16930, 11, 57505, 57505
100, 16940, 11, 57505, 57505
100, 16950, 11, 57505, 57505
100, 16960, 11, 57505, 57505
100, 16970, 11, 57505, 57505
100, 16980, 11, 57505, 57505
100, 16990, 11, 57505, 57505
100, 17000, 11, 57505, 57505
100, 17010, 11, 57505, 57505
100, 17020, 11, 57505, 57505
100, 17030, 11, 57505, 57505
100, 17040, 11, 57505, 57505
100, 17050, 11, 57505, 57505
100, 17060, 11, 57505, 57505
100, 17070, 11, 57505, 57505
100, 17080, 11, 57505, 57505
100, 17090, 11, 57505, 57505
100, 17100, 11, 57505, 57505
100, 17110, 11, 57505, 57505
100, 17120, 11, 57505, 57505
100, 17130, 11, 57505, 57505
100, 17140, 11, 57505, 57505
100, 17150, 11, 57505, 57505
100, 17160, 11, 57505, 57505
100, 17170, 11, 57505, 57505
100, 17180, 11, 57505, 57505
100, 17190, 11, 57505, 57505
100, 17200, 11, 57505, 57505
100, 17210, 11, 57505, 57505
100, 17220, 11, 57505, 57505
100, 17230, 11, 57505, 57505
100, 17240, 11, 57505, 57505
100, 17250, 11, 57376, 57376
100, 17260, 11, 57376, 57376
100, 17270, 11, 57376, 57376
100, 17280, 11, 57376, 57376
100, 17290, 11, 57376, 57376
100, 17300, 11, 57376, 57376
100, 17310, 11, 57376, 57376
100, 17320, 11, 57376, 57376
100, 17330, 11, 57376, 57376
100, 17340, 11, 57376, 57376
100, 17350, 11, 57376, 57376
100, 17360, 11, 57376, 57376
100, 17370, 11, 57376, 57376
100, 17380, 11, 57376, 57376
100, 17390, 11, 57376, 57376
100, 17400, 11, 57376, 57376
100, 17410, 11, 57376, 57376
100, 17420, 11, 57376, 57376
100, 17430, 11, 57376, 57376
100, 17440, 11, 57376, 57376
100, 17450, 11, 57376, 57376
100, 17460, 11, 57376, 57376
100, 17470, 11, 57376, 57376
100, 17480, 11, 57376, 57376
100, 17490, 11, 57376, 57376
100, 17500, 11, 57376, 57376
100, 17510, 11, 57376, 57376
100, 17520, 11, 57376, 57376
100, 17530, 11, 57376, 57376
100, 17540, 11, 57376, 57376
100, 17550, 11, 57376, 57376
100, 17560, 11, 57376, 57376
100, 17570, 11, 57376, 57376
100, 17580, 11, 57376, 57376
100, 17590, 11, 57376, 57376
100, 17600, 11, 57376, 57376
100, 17610, 11, 57376, 57376
100, 17620, 11, 57376, 57376
100, 17630, 11, 57376, 57376
100, 17640, 11, 57376, 57376
100, 17650, 11, 57376, 57376
100, 17660, 11, 57376, 57376
100, 17670, 11, 57376, 57376
100, 17680, 11, 57376, 57376
100, 17690, 11, 57376, 57376
100, 17700, 11, 57376, 57376
100, 17710, 11, 57376, 57376
100, 17720, 11, 57376, 57376
100, 17730, 11, 57376, 57376
100, 17740, 11, 57376, 57376
100, 17750, 11, 57376, 57376
100, 17760, 11, 57376, 57376
100, 17770, 11, 57376, 57376
100, 17780, 11, 57376, 57376
100, 17790, 11, 57376, 57376
100, 17800, 11, 57376, 57376
100, 17810, 11, 57376, 57376
100, 17820, 11, 57376, 57376
100, 17830, 11, 57349, 57376
100, 17840, 11, 57349, 57349
100, 17850, 11, 57349, 57349
100, 17860, 11, 57349, 57349
100, 17870, 11, 57349, 57349
100, 17880, 11, 57349, 57349
100, 17890, 11, 57349, 57349
100, 17900, 11, 57348, 57348
100, 17910, 11, 57348, 57348
100, 17920, 11, 57348, 57348
100, 17930, 11, 57348, 57348
100, 17940, 11, 57348, 57348
100, 17950, 11, 57348, 57348
100, 17960, 11, 57348, 57348
100, 17970, 11, 57348, 57348
100, 17980, 11, 57294, 57294
100, 17990, 11, 57294, 57294
100, 18000, 11, 57294, 57294
100, 18010, 11, 57294, 57294
100, 18020, 11, 57294, 57294
100, 18030, 11, 57294, 57294
100, 18040, 11, 57294, 57294
100, 18050, 11, 57294, 57294
100, 18060, 11, 57294, 57294
100, 18070, 11, 57294, 57294
100, 18080, 11, 57294, 57294
100, 18090, 11, 57294, 57294
100, 18100, 11, 57294, 57294
100, 18110, 11, 57294, 57294
100, 18120, 11, 57294, 57294
100, 18130, 11, 57294, 57294
100, 18140, 11, 57294, 57294
100, 18150, 11, 57294, 57294
100, 18160, 11, 57294, 57294
100, 18170, 11, 57294, 57294
100, 18180, 11, 57294, 57294
100, 18190, 11, 57294, 57294
100, 18200, 11, 57294, 57294
100, 18210, 11, 57294, 57294
100, 18220, 11, 57294, 57294
100, 18230, 11, 57294, 57294
100, 18240, 11, 57294, 57294
100, 18250, 11, 57094, 57094
100, 18260, 11, 57094, 57094
100, 18270, 11, 57094, 57094
100, 18280, 11, 57094, 57094
100, 18290, 11, 57094, 57094
100, 18300, 11, 57094, 57094
100, 18310, 11, 57094, 57094
100, 18320, 11, 57094, 57094
100, 18330, 11, 57094, 57094
100, 18340, 11, 57094, 57094
100, 18350, 11, 57063, 57094
100, 18360, 11, 57063, 57063
100, 18370, 11, 57063, 57063
100, 18380, 11, 57063, 57063
100, 18390, 11, 57063, 57063
100, 18400, 11, 57063, 57063
100, 18410, 11, 57063, 57063
100, 18420, 11, 57063, 57063
100, 18430, 11, 57063, 57063
100, 18440, 11, 57063, 57063
100, 18450, 11, 57063, 57063
100, 18460, 11, 57063, 57063
100, 18470, 11, 57063, 57063
100, 18480, 11, 57063, 57063
100, 18490, 11, 57063, 57063
100, 18500, 11, 57063, 57063
100, 18510, 11, 57063, 57063
100, 18520, 11, 57063, 57063
100, 18530, 11, 57063, 57063
100, 18540, 11, 57063, 57063
100, 18550, 11, 57063, 57063
100, 18560, 11, 57063, 57063
100, 18570, 11, 57063, 57063
100, 18580, 11, 57063, 57063
100, 18590, 11, 57063, 57063
100, 18600, 11, 57063, 57063
100, 18610, 11, 57063, 57063
100, 18620, 11, 57063, 57063
100, 18630, 11, 57063, 57063
100, 18640, 11, 57063, 57063
100, 18650, 11, 57063, 57063
100, 18660, 11, 57063, 57063
100, 18670, 11, 57063, 57063
100, 18680, 11, 57063, 57063
100, 18690, 11, 57063, 57063
100, 18700, 11, 57063, 57063
100, 18710, 11, 57063, 57063
100, 18720, 11, 57063, 57063
100, 18730, 11, 57063, 57063
100, 18740, 11, 56979, 56979
100, 18750, 11, 56979, 56979
100, 18760, 11, 56979, 56979
100, 18770, 11, 56959, 56979
100, 18780, 11, 56959, 56959
100, 18790, 11, 56959, 56959
100, 18800, 11, 56959, 56959
100, 18810, 11, 56959, 56959
100, 18820, 11, 56959, 56959
100, 18830, 11, 56959, 56959
100, 18840, 11, 56959, 56959
100, 18850, 11, 56959, 56959
100, 18860, 11, 56959, 56959
100, 18870, 11, 56959, 56959
100, 18880, 11, 56959, 56959
100, 18890, 11, 56959, 56959
100, 18900, 11, 56959, 56959
100, 18910, 11, 56959, 56959
100, 18920, 11, 56959, 56959
100, 18930, 11, 56959, 56959
100, 18940, 11, 56959, 56959
100, 18950, 11, 56959, 56959
100, 18960, 11, 56959, 56959
100, 18970, 11, 56959, 56959
100, 18980, 11, 56959, 56959
100, 18990, 11, 56959, 56959
100, 19000, 11, 56959, 56959
100, 19010, 11, 56959, 56959
100, 19020, 11, 56959, 56959
100, 19030, 11, 56959, 56959
100, 19040, 11, 56959, 56959
100, 19050, 11, 56959, 56959
100, 19060, 11, 56959, 56959
100, 19070, 11, 56959, 56959
100, 19080, 11, 56959, 56959
100, 19090, 11, 56959, 56959
100, 19100, 11, 56959, 56959
100, 19110, 11, 56959, 56959
100, 19120, 11, 56959, 56959
100, 19130, 11, 56959, 56959
100, 19140, 11, 56959, 56959
100, 19150, 11, 56959, 56959
100, 19160, 11, 56959, 56959
100, 19170, 11, 56959, 56959
100, 19180, 11, 56959, 56959
100, 19190, 11, 56959, 56959
100, 19200, 11, 56959, 56959
100, 19210, 11, 56959, 56959
100, 19220, 11, 56959, 56959
100, 19230, 11, 56959, 56959
100, 19240, 11, 56959, 56959
100, 19250, 11, 56959, 56959
100, 19260, 11, 56959, 56959
100, 19270, 11, 56959, 56959
100, 19280, 11, 56908, 56959
100, 19290, 11, 56908, 56908
100, 19300, 11, 56908, 56908
100, 19310, 11, 56908, 56908
100, 19320, 11, 56908, 56908
100, 19330, 11, 56908, 56908
100, 19340, 11, 56908, 56908
100, 19350, 11, 56908, 56908
100, 19360, 11, 56908, 56908
100, 19370, 11, 56908, 56908
100, 19380, 11, 56908, 56908
100, 19390, 11, 56908, 56908
100, 19400, 11, 56908, 56908
100, 19410, 11, 56908, 56908
100, 19420, 11, 56908, 56908
100, 19430, 11, 56908, 56908
100, 19440, 11, 56908, 56908
100, 19450, 11, 56908, 56908
100, 19460, 11, 56908, 56908
100, 19470, 11, 56908, 56908
100, 19480, 11, 56908, 56908
100, 19490, 11, 56908, 56908
100, 19500, 11, 56908, 56908
100, 19510, 11, 56908, 56908
100, 19520, 11, 56908, 56908
100, 19530, 11, 56908, 56908
100, 19540, 11, 56908, 56908
100, 19550, 11, 56908, 56908
100, 19560, 11, 56908, 56908
100, 19570, 11, 56908, 56908
100, 19580, 11, 56908, 56908
100, 19590, 11, 56908, 56908
100, 19600, 11, 56908, 56908
100, 19610, 11, 56908, 56908
100, 19620, 11, 56908, 56908
100, 19630, 11, 56908, 56908
100, 19640, 11, 56908, 56908
100, 19650, 11, 56908, 56908
100, 19660, 11, 56908, 56908
100, 19670, 11, 56908, 56908
100, 19680, 11, 56878, 56908
100, 19690, 11, 56878, 56878
100, 19700, 11, 56878, 56878
100, 19710, 11, 56878, 56878
100, 19720, 11, 56878, 56878
100, 19730, 11, 56878, 56878
100, 19740, 11, 56878, 56878
100, 19750, 11, 56878, 56878
100, 19760, 11, 56878, 56878
100, 19770, 11, 56878, 56878
100, 19780, 11, 56878, 56878
100, 19790, 11, 56878, 56878
100, 19800, 11, 56878, 56878
100, 19810, 11, 56878, 56878
100, 19820, 11, 56878, 56878
100, 19830, 11, 56878, 56878
100, 19840, 11, 56878, 56878
100, 19850, 11, 56818, 56818
100, 19860, 11, 56818, 56818
100, 19870, 11, 56818, 56818
100, 19880, 11, 56818, 56818
100, 19890, 11, 56818, 56818
100, 19900, 11, 56818, 56818
100, 19910, 11, 56818, 56818
100, 19920, 11, 56818, 56818
100, 19930, 11, 56818, 56818
100, 19940, 11, 56818, 56818
100, 19950, 11, 56818, 56818
100, 19960, 11, 56818, 56818
100, 19970, 11, 56818, 56818
100, 19980, 11, 56818, 56818
100, 19990, 11, 56818, 56818
