Population Size, Generation Count, Repetition, Best Fitness, Median Fitness
20, 0, 1, 749742, 778497
20, 10, 1, 712218, 715502
20, 20, 1, 683740, 691359
20, 30, 1, 665374, 675185
20, 40, 1, 656811, 660396
20, 50, 1, 643277, 646567
20, 60, 1, 627599, 632407
20, 70, 1, 618478, 624467
20, 80, 1, 608200, 610558
20, 90, 1, 595902, 599464
20, 100, 1, 584365, 587523
20, 110, 1, 568033, 573430
20, 120, 1, 563165, 564967
20, 130, 1, 558984, 562603
20, 140, 1, 549712, 552389
20, 150, 1, 538349, 547348
20, 160, 1, 531081, 535230
20, 170, 1, 524420, 529350
20, 180, 1, 518787, 522289
20, 190, 1, 509967, 513955
20, 200, 1, 503912, 508351
20, 210, 1, 499242, 502747
20, 220, 1, 489774, 494017
20, 230, 1, 484367, 486321
20, 240, 1, 479657, 483758
20, 250, 1, 474312, 477531
20, 260, 1, 469377, 472972
20, 270, 1, 466841, 468930
20, 280, 1, 459072, 461869
20, 290, 1, 456450, 460186
20, 300, 1, 449758, 454438
20, 310, 1, 444617, 447576
20, 320, 1, 441362, 444879
20, 330, 1, 437072, 439770
20, 340, 1, 430228, 432134
20, 350, 1, 426744, 429130
20, 360, 1, 421256, 425371
20, 370, 1, 416726, 420120
20, 380, 1, 412769, 415777
20, 390, 1, 408945, 412264
20, 400, 1, 404979, 408630
20, 410, 1, 401504, 403483
20, 420, 1, 397436, 400053
20, 430, 1, 394826, 401092
20, 440, 1, 391259, 394186
20, 450, 1, 387518, 393150
20, 460, 1, 384320, 388209
20, 470, 1, 382861, 384304
20, 480, 1, 378641, 380158
20, 490, 1, 377343, 381329
20, 500, 1, 376292, 378058
20, 510, 1, 375281, 378249
20, 520, 1, 372010, 376449
20, 530, 1, 369840, 372404
20, 540, 1, 366738, 367711
20, 550, 1, 365023, 367504
20, 560, 1, 362109, 367145
20, 570, 1, 359765, 362270
20, 580, 1, 357605, 359661
20, 590, 1, 354150, 356779
20, 600, 1, 351492, 354866
20, 610, 1, 350171, 351416
20, 620, 1, 347898, 350644
20, 630, 1, 345626, 347057
20, 640, 1, 341686, 346020
20, 650, 1, 340012, 342451
20, 660, 1, 337975, 340643
20, 670, 1, 334208, 336477
20, 680, 1, 332074, 336042
20, 690, 1, 329171, 330741
20, 700, 1, 328807, 331817
20, 710, 1, 326755, 329470
20, 720, 1, 325789, 328696
20, 730, 1, 324200, 326669
20, 740, 1, 321654, 328395
20, 750, 1, 318413, 321348
20, 760, 1, 315436, 318315
20, 770, 1, 313688, 317053
20, 780, 1, 312480, 316119
20, 790, 1, 311289, 312480
20, 800, 1, 309555, 313541
20, 810, 1, 306821, 310599
20, 820, 1, 305835, 307028
20, 830, 1, 302946, 304712
20, 840, 1, 301704, 303366
20, 850, 1, 300926, 305074
20, 860, 1, 299812, 302279
20, 870, 1, 298714, 299812
20, 880, 1, 297772, 301330
20, 890, 1, 294927, 297806
20, 900, 1, 293310, 293729
20, 910, 1, 292069, 294110
20, 920, 1, 291317, 294307
20, 930, 1, 287963, 290216
20, 940, 1, 285107, 290623
20, 950, 1, 282917, 286491
20, 960, 1, 281908, 284416
20, 970, 1, 279955, 281279
20, 980, 1, 278319, 280805
20, 990, 1, 278233, 281554
20, 1000, 1, 276674, 280226
20, 1010, 1, 276273, 278681
20, 1020, 1, 275072, 279048
20, 1030, 1, 274804, 276681
20, 1040, 1, 274598, 277055
20, 1050, 1, 274551, 277216
20, 1060, 1, 271625, 273206
20, 1070, 1, 269955, 273028
20, 1080, 1, 268129, 272538
20, 1090, 1, 267853, 270721
20, 1100, 1, 267146, 270163
20, 1110, 1, 267146, 270181
20, 1120, 1, 266481, 269823
20, 1130, 1, 265689, 270238
20, 1140, 1, 264775, 270473
20, 1150, 1, 261594, 264093
20, 1160, 1, 261594, 262263
20, 1170, 1, 261305, 262638
20, 1180, 1, 260904, 263606
20, 1190, 1, 260449, 260904
20, 1200, 1, 259590, 263649
20, 1210, 1, 258406, 259955
20, 1220, 1, 257884, 258369
20, 1230, 1, 257217, 259836
20, 1240, 1, 255352, 258216
20, 1250, 1, 254683, 255729
20, 1260, 1, 253188, 255732
20, 1270, 1, 252261, 252827
20, 1280, 1, 250930, 252261
20, 1290, 1, 250220, 252748
20, 1300, 1, 248694, 251587
20, 1310, 1, 247723, 250763
20, 1320, 1, 246288, 249568
20, 1330, 1, 244969, 245969
20, 1340, 1, 243867, 246561
20, 1350, 1, 243519, 245617
20, 1360, 1, 242425, 246242
20, 1370, 1, 242278, 242425
20, 1380, 1, 241899, 242958
20, 1390, 1, 241306, 243857
20, 1400, 1, 239822, 244848
20, 1410, 1, 238565, 242997
20, 1420, 1, 237693, 242449
20, 1430, 1, 237536, 239604
20, 1440, 1, 236745, 238324
20, 1450, 1, 235535, 237767
20, 1460, 1, 235304, 238526
20, 1470, 1, 234600, 236074
20, 1480, 1, 234041, 235701
20, 1490, 1, 233691, 238275
20, 1500, 1, 233454, 236307
20, 1510, 1, 232692, 236307
20, 1520, 1, 232112, 232472
20, 1530, 1, 230647, 231867
20, 1540, 1, 229882, 233447
20, 1550, 1, 228010, 229735
20, 1560, 1, 226894, 229526
20, 1570, 1, 226851, 228070
20, 1580, 1, 225748, 229309
20, 1590, 1, 225748, 228765
20, 1600, 1, 224601, 226061
20, 1610, 1, 223755, 226061
20, 1620, 1, 223643, 228198
20, 1630, 1, 223444, 226254
20, 1640, 1, 222526, 224100
20, 1650, 1, 222064, 224877
20, 1660, 1, 221815, 222999
20, 1670, 1, 221333, 226128
20, 1680, 1, 220538, 223251
20, 1690, 1, 218977, 221406
20, 1700, 1, 218598, 220872
20, 1710, 1, 218598, 219360
20, 1720, 1, 218324, 222755
20, 1730, 1, 217091, 217950
20, 1740, 1, 215718, 218836
20, 1750, 1, 214444, 216349
20, 1760, 1, 213581, 215611
20, 1770, 1, 213131, 214744
20, 1780, 1, 211970, 215908
20, 1790, 1, 211884, 214745
20, 1800, 1, 210455, 213401
20, 1810, 1, 210179, 213205
20, 1820, 1, 209426, 211706
20, 1830, 1, 208649, 212009
20, 1840, 1, 207840, 210555
20, 1850, 1, 207429, 208539
20, 1860, 1, 206663, 209418
20, 1870, 1, 206663, 209979
20, 1880, 1, 205582, 210331
20, 1890, 1, 203941, 205893
20, 1900, 1, 203776, 206759
20, 1910, 1, 203345, 203518
20, 1920, 1, 202895, 203068
20, 1930, 1, 202679, 204470
20, 1940, 1, 202172, 203900
20, 1950, 1, 202095, 204704
20, 1960, 1, 202011, 203852
20, 1970, 1, 201055, 205990
20, 1980, 1, 199773, 203014
20, 1990, 1, 199546, 201748
20, 2000, 1, 199403, 199546
20, 2010, 1, 198993, 203107
20, 2020, 1, 198045, 199580
20, 2030, 1, 197868, 200415
20, 2040, 1, 196550, 200765
20, 2050, 1, 196203, 198455
20, 2060, 1, 195598, 196134
20, 2070, 1, 195400, 197054
20, 2080, 1, 194348, 194714
20, 2090, 1, 194348, 196590
20, 2100, 1, 193790, 198538
20, 2110, 1, 193570, 195781
20, 2120, 1, 192570, 195098
20, 2130, 1, 191424, 195187
20, 2140, 1, 191220, 194727
20, 2150, 1, 191011, 193594
20, 2160, 1, 190629, 192549
20, 2170, 1, 190126, 195951
20, 2180, 1, 189266, 191654
20, 2190, 1, 188756, 192013
20, 2200, 1, 188756, 191174
20, 2210, 1, 188756, 190963
20, 2220, 1, 188675, 190171
20, 2230, 1, 188675, 191740
20, 2240, 1, 188518, 191155
20, 2250, 1, 187893, 189920
20, 2260, 1, 187396, 191192
20, 2270, 1, 187154, 188534
20, 2280, 1, 185856, 188420
20, 2290, 1, 185856, 187906
20, 2300, 1, 185374, 189671
20, 2310, 1, 185193, 187097
20, 2320, 1, 185018, 185018
20, 2330, 1, 185018, 189353
20, 2340, 1, 184726, 187159
20, 2350, 1, 184662, 187425
20, 2360, 1, 184475, 187048
20, 2370, 1, 183929, 186666
20, 2380, 1, 183400, 184936
20, 2390, 1, 183168, 186593
20, 2400, 1, 183168, 183889
20, 2410, 1, 183025, 183529
20, 2420, 1, 182431, 183711
20, 2430, 1, 181266, 181963
20, 2440, 1, 180969, 182955
20, 2450, 1, 180086, 183492
20, 2460, 1, 180086, 182962
20, 2470, 1, 179639, 182800
20, 2480, 1, 179639, 182084
20, 2490, 1, 179500, 182321
20, 2500, 1, 179499, 181399
20, 2510, 1, 178777, 179499
20, 2520, 1, 178303, 182998
20, 2530, 1, 177780, 178303
20, 2540, 1, 177327, 180419
20, 2550, 1, 176683, 178630
20, 2560, 1, 175726, 178119
20, 2570, 1, 175633, 178682
20, 2580, 1, 175633, 177865
20, 2590, 1, 175604, 175830
20, 2600, 1, 174349, 175604
20, 2610, 1, 174127, 177923
20, 2620, 1, 173032, 175584
20, 2630, 1, 173032, 177457
20, 2640, 1, 173032, 176102
20, 2650, 1, 172952, 175767
20, 2660, 1, 172881, 177648
20, 2670, 1, 172580, 174912
20, 2680, 1, 172423, 177120
20, 2690, 1, 172423, 175711
20, 2700, 1, 172423, 175423
20, 2710, 1, 172125, 175869
20, 2720, 1, 172125, 173537
20, 2730, 1, 171405, 172817
20, 2740, 1, 170864, 173173
20, 2750, 1, 170779, 173768
20, 2760, 1, 169706, 174908
20, 2770, 1, 169704, 173029
20, 2780, 1, 169504, 170712
20, 2790, 1, 169442, 171153
20, 2800, 1, 169442, 171469
20, 2810, 1, 168888, 170305
20, 2820, 1, 168442, 170984
20, 2830, 1, 168250, 171156
20, 2840, 1, 168250, 170552
20, 2850, 1, 168191, 171631
20, 2860, 1, 167689, 167876
20, 2870, 1, 167350, 170808
20, 2880, 1, 167350, 172302
20, 2890, 1, 166618, 168585
20, 2900, 1, 166557, 168618
20, 2910, 1, 166557, 169094
20, 2920, 1, 166242, 170325
20, 2930, 1, 166242, 166242
20, 2940, 1, 166242, 166242
20, 2950, 1, 166220, 168866
20, 2960, 1, 166163, 169277
20, 2970, 1, 165410, 169198
20, 2980, 1, 165153, 165153
20, 2990, 1, 165153, 168381
20, 3000, 1, 165007, 165485
20, 3010, 1, 164517, 167599
20, 3020, 1, 164000, 166371
20, 3030, 1, 163807, 167227
20, 3040, 1, 162650, 166831
20, 3050, 1, 162333, 163440
20, 3060, 1, 162276, 165119
20, 3070, 1, 162137, 163395
20, 3080, 1, 162005, 162137
20, 3090, 1, 161792, 162549
20, 3100, 1, 160999, 165129
20, 3110, 1, 160828, 161047
20, 3120, 1, 160616, 162396
20, 3130, 1, 160616, 165140
20, 3140, 1, 160480, 162952
20, 3150, 1, 160439, 161964
20, 3160, 1, 160439, 163954
20, 3170, 1, 160439, 170077
20, 3180, 1, 160439, 164098
20, 3190, 1, 159923, 161553
20, 3200, 1, 159523, 160799
20, 3210, 1, 159523, 161161
20, 3220, 1, 159083, 162309
20, 3230, 1, 158704, 160937
20, 3240, 1, 158493, 161796
20, 3250, 1, 158253, 159941
20, 3260, 1, 158004, 158253
20, 3270, 1, 156937, 161297
20, 3280, 1, 156638, 158802
20, 3290, 1, 156279, 156638
20, 3300, 1, 156279, 156279
20, 3310, 1, 156279, 159533
20, 3320, 1, 156039, 159065
20, 3330, 1, 155665, 157139
20, 3340, 1, 155265, 157768
20, 3350, 1, 154529, 160473
20, 3360, 1, 154136, 154504
20, 3370, 1, 153664, 158488
20, 3380, 1, 152498, 156302
20, 3390, 1, 151963, 154077
20, 3400, 1, 151557, 151557
20, 3410, 1, 151411, 151979
20, 3420, 1, 151196, 154093
20, 3430, 1, 151055, 152924
20, 3440, 1, 151055, 154054
20, 3450, 1, 149659, 151055
20, 3460, 1, 149659, 153005
20, 3470, 1, 148986, 152106
20, 3480, 1, 148986, 151529
20, 3490, 1, 148812, 151238
20, 3500, 1, 148798, 154985
20, 3510, 1, 148755, 148942
20, 3520, 1, 148755, 150106
20, 3530, 1, 148606, 152684
20, 3540, 1, 147883, 147883
20, 3550, 1, 147853, 149127
20, 3560, 1, 147853, 148014
20, 3570, 1, 147853, 151120
20, 3580, 1, 147534, 148160
20, 3590, 1, 147334, 149720
20, 3600, 1, 147134, 149983
20, 3610, 1, 147134, 149565
20, 3620, 1, 146845, 149634
20, 3630, 1, 145933, 149072
20, 3640, 1, 145933, 150459
20, 3650, 1, 145580, 146921
20, 3660, 1, 145580, 145700
20, 3670, 1, 145374, 146704
20, 3680, 1, 145374, 146414
20, 3690, 1, 145374, 146427
20, 3700, 1, 144023, 144582
20, 3710, 1, 144022, 149904
20, 3720, 1, 143975, 147042
20, 3730, 1, 143766, 143766
20, 3740, 1, 143552, 143614
20, 3750, 1, 143502, 146133
20, 3760, 1, 143469, 143502
20, 3770, 1, 143469, 147187
20, 3780, 1, 143363, 146206
20, 3790, 1, 143363, 145485
20, 3800, 1, 143363, 144329
20, 3810, 1, 143330, 145397
20, 3820, 1, 143247, 144677
20, 3830, 1, 143082, 145181
20, 3840, 1, 142566, 143873
20, 3850, 1, 142526, 147365
20, 3860, 1, 142222, 142904
20, 3870, 1, 141973, 144120
20, 3880, 1, 141355, 143202
20, 3890, 1, 141168, 144593
20, 3900, 1, 140778, 142842
20, 3910, 1, 140673, 144715
20, 3920, 1, 140518, 140673
20, 3930, 1, 140307, 140307
20, 3940, 1, 140307, 142846
20, 3950, 1, 140193, 143146
20, 3960, 1, 139749, 143059
20, 3970, 1, 139749, 143191
20, 3980, 1, 139578, 141765
20, 3990, 1, 139546, 141499
20, 4000, 1, 139534, 141656
20, 4010, 1, 138960, 139966
20, 4020, 1, 138960, 139645
20, 4030, 1, 138926, 138960
20, 4040, 1, 138926, 140445
20, 4050, 1, 138880, 139046
20, 4060, 1, 138516, 142254
20, 4070, 1, 138516, 141808
20, 4080, 1, 138415, 139442
20, 4090, 1, 138366, 138415
20, 4100, 1, 138366, 141067
20, 4110, 1, 138235, 142462
20, 4120, 1, 138117, 138117
20, 4130, 1, 138117, 139587
20, 4140, 1, 138117, 140315
20, 4150, 1, 138019, 139890
20, 4160, 1, 138019, 140227
20, 4170, 1, 137310, 141343
20, 4180, 1, 136924, 142486
20, 4190, 1, 136695, 138835
20, 4200, 1, 136431, 138692
20, 4210, 1, 136105, 137111
20, 4220, 1, 136092, 137541
20, 4230, 1, 136092, 140794
20, 4240, 1, 135759, 137783
20, 4250, 1, 135759, 135759
20, 4260, 1, 135759, 140530
20, 4270, 1, 135759, 139333
20, 4280, 1, 135711, 139243
20, 4290, 1, 135559, 136359
20, 4300, 1, 135545, 135730
20, 4310, 1, 135545, 135545
20, 4320, 1, 135524, 137828
20, 4330, 1, 135164, 137937
20, 4340, 1, 134889, 137785
20, 4350, 1, 134694, 135870
20, 4360, 1, 134689, 137777
20, 4370, 1, 134393, 136195
20, 4380, 1, 134391, 135965
20, 4390, 1, 134131, 135910
20, 4400, 1, 134131, 135454
20, 4410, 1, 133575, 133719
20, 4420, 1, 133575, 137635
20, 4430, 1, 133249, 136151
20, 4440, 1, 133249, 135564
20, 4450, 1, 133060, 134639
20, 4460, 1, 132884, 134084
20, 4470, 1, 132754, 135241
20, 4480, 1, 132754, 135085
20, 4490, 1, 132393, 136720
20, 4500, 1, 132393, 134091
20, 4510, 1, 131950, 133390
20, 4520, 1, 131122, 134238
20, 4530, 1, 131080, 132954
20, 4540, 1, 131045, 131181
20, 4550, 1, 131045, 133499
20, 4560, 1, 131045, 135949
20, 4570, 1, 130258, 132911
20, 4580, 1, 130258, 130311
20, 4590, 1, 130202, 132702
20, 4600, 1, 130154, 130202
20, 4610, 1, 130026, 132831
20, 4620, 1, 129941, 129941
20, 4630, 1, 129660, 132833
20, 4640, 1, 129608, 134133
20, 4650, 1, 129253, 129599
20, 4660, 1, 129120, 131459
20, 4670, 1, 129120, 131981
20, 4680, 1, 129074, 129120
20, 4690, 1, 129074, 133118
20, 4700, 1, 129054, 132267
20, 4710, 1, 129054, 130872
20, 4720, 1, 128964, 132723
20, 4730, 1, 128883, 128903
20, 4740, 1, 128883, 129847
20, 4750, 1, 128627, 130765
20, 4760, 1, 128627, 129737
20, 4770, 1, 128363, 130704
20, 4780, 1, 128363, 130515
20, 4790, 1, 127632, 129874
20, 4800, 1, 127578, 131007
20, 4810, 1, 127578, 128652
20, 4820, 1, 126855, 127578
20, 4830, 1, 126740, 130698
20, 4840, 1, 126740, 130428
20, 4850, 1, 126740, 129713
20, 4860, 1, 126604, 128811
20, 4870, 1, 126383, 126604
20, 4880, 1, 126269, 127499
20, 4890, 1, 126269, 127558
20, 4900, 1, 126040, 128168
20, 4910, 1, 126040, 128721
20, 4920, 1, 126040, 126040
20, 4930, 1, 126040, 129801
20, 4940, 1, 126040, 126627
20, 4950, 1, 125867, 128225
20, 4960, 1, 125867, 128219
20, 4970, 1, 125508, 131304
20, 4980, 1, 125508, 127382
20, 4990, 1, 125274, 127385
20, 5000, 1, 125103, 127434
20, 5010, 1, 125096, 127607
20, 5020, 1, 124943, 128604
20, 5030, 1, 124827, 130245
20, 5040, 1, 124774, 124827
20, 5050, 1, 124774, 125150
20, 5060, 1, 124628, 126866
20, 5070, 1, 124628, 127498
20, 5080, 1, 124628, 125413
20, 5090, 1, 124628, 124628
20, 5100, 1, 124404, 130152
20, 5110, 1, 123675, 125862
20, 5120, 1, 123652, 125570
20, 5130, 1, 123652, 124176
20, 5140, 1, 123544, 125647
20, 5150, 1, 123238, 123238
20, 5160, 1, 123210, 123932
20, 5170, 1, 123128, 125235
20, 5180, 1, 122866, 126334
20, 5190, 1, 122866, 124657
20, 5200, 1, 122529, 124975
20, 5210, 1, 122529, 124927
20, 5220, 1, 122390, 122874
20, 5230, 1, 122390, 122390
20, 5240, 1, 122274, 122779
20, 5250, 1, 122220, 124377
20, 5260, 1, 122077, 125450
20, 5270, 1, 122077, 122542
20, 5280, 1, 121580, 125417
20, 5290, 1, 121580, 121580
20, 5300, 1, 121348, 124994
20, 5310, 1, 121348, 121348
20, 5320, 1, 120851, 121264
20, 5330, 1, 120544, 120544
20, 5340, 1, 120522, 124334
20, 5350, 1, 120379, 121398
20, 5360, 1, 119930, 122293
20, 5370, 1, 119913, 122870
20, 5380, 1, 119913, 121311
20, 5390, 1, 119803, 121391
20, 5400, 1, 119803, 122531
20, 5410, 1, 119778, 119778
20, 5420, 1, 119651, 121771
20, 5430, 1, 119589, 122087
20, 5440, 1, 119328, 122990
20, 5450, 1, 119174, 119235
20, 5460, 1, 119174, 120845
20, 5470, 1, 119174, 121643
20, 5480, 1, 119096, 119792
20, 5490, 1, 118889, 119631
20, 5500, 1, 118889, 120080
20, 5510, 1, 118688, 123178
20, 5520, 1, 118233, 119779
20, 5530, 1, 118212, 120567
20, 5540, 1, 118026, 118699
20, 5550, 1, 117474, 121054
20, 5560, 1, 117474, 118457
20, 5570, 1, 117040, 119376
20, 5580, 1, 116968, 117040
20, 5590, 1, 116947, 119388
20, 5600, 1, 116947, 118747
20, 5610, 1, 116854, 118071
20, 5620, 1, 116854, 121088
20, 5630, 1, 116738, 119958
20, 5640, 1, 116738, 117546
20, 5650, 1, 116654, 120525
20, 5660, 1, 116206, 116206
20, 5670, 1, 115841, 119145
20, 5680, 1, 115841, 115997
20, 5690, 1, 115841, 117905
20, 5700, 1, 115748, 117286
20, 5710, 1, 115748, 115748
20, 5720, 1, 115748, 117885
20, 5730, 1, 115745, 119816
20, 5740, 1, 115745, 117699
20, 5750, 1, 115745, 116244
20, 5760, 1, 115629, 115745
20, 5770, 1, 115471, 118157
20, 5780, 1, 115258, 115413
20, 5790, 1, 115258, 118431
20, 5800, 1, 115026, 118289
20, 5810, 1, 114944, 116811
20, 5820, 1, 114944, 117749
20, 5830, 1, 114925, 114944
20, 5840, 1, 114925, 117259
20, 5850, 1, 114925, 117773
20, 5860, 1, 114716, 116449
20, 5870, 1, 114716, 117278
20, 5880, 1, 114503, 120402
20, 5890, 1, 114503, 117641
20, 5900, 1, 114268, 114268
20, 5910, 1, 114181, 115730
20, 5920, 1, 114181, 116231
20, 5930, 1, 114167, 118531
20, 5940, 1, 113959, 116621
20, 5950, 1, 113959, 115588
20, 5960, 1, 113959, 114823
20, 5970, 1, 113925, 115942
20, 5980, 1, 113925, 116084
20, 5990, 1, 113925, 116082
20, 6000, 1, 113831, 113925
20, 6010, 1, 113831, 117823
20, 6020, 1, 113723, 115873
20, 6030, 1, 113630, 116581
20, 6040, 1, 113630, 113630
20, 6050, 1, 113630, 113630
20, 6060, 1, 113463, 113630
20, 6070, 1, 113463, 116639
20, 6080, 1, 113463, 115815
20, 6090, 1, 113463, 114727
20, 6100, 1, 113463, 113463
20, 6110, 1, 113453, 115765
20, 6120, 1, 113232, 115690
20, 6130, 1, 113171, 114649
20, 6140, 1, 113171, 115440
20, 6150, 1, 113106, 115605
20, 6160, 1, 112873, 115391
20, 6170, 1, 112873, 116117
20, 6180, 1, 112843, 114518
20, 6190, 1, 112843, 115043
20, 6200, 1, 112843, 115237
20, 6210, 1, 112843, 115743
20, 6220, 1, 112843, 115826
20, 6230, 1, 112770, 112770
20, 6240, 1, 112770, 115152
20, 6250, 1, 112629, 115839
20, 6260, 1, 112629, 115361
20, 6270, 1, 112629, 112629
20, 6280, 1, 112629, 113267
20, 6290, 1, 112622, 113830
20, 6300, 1, 112622, 114859
20, 6310, 1, 112503, 112503
20, 6320, 1, 112503, 115694
20, 6330, 1, 112119, 113116
20, 6340, 1, 112119, 112119
20, 6350, 1, 112119, 112119
20, 6360, 1, 111302, 113627
20, 6370, 1, 111302, 113977
20, 6380, 1, 111302, 112129
20, 6390, 1, 111302, 111302
20, 6400, 1, 111302, 112612
20, 6410, 1, 110988, 113770
20, 6420, 1, 110861, 113795
20, 6430, 1, 110607, 111858
20, 6440, 1, 110607, 111888
20, 6450, 1, 110607, 110607
20, 6460, 1, 110607, 110607
20, 6470, 1, 110607, 111894
20, 6480, 1, 110517, 111300
20, 6490, 1, 110517, 112762
20, 6500, 1, 110517, 113197
20, 6510, 1, 110517, 110517
20, 6520, 1, 110462, 110517
20, 6530, 1, 110462, 110576
20, 6540, 1, 110445, 112163
20, 6550, 1, 110398, 111717
20, 6560, 1, 110398, 113061
20, 6570, 1, 110381, 110398
20, 6580, 1, 110381, 110381
20, 6590, 1, 110381, 110381
20, 6600, 1, 110298, 112444
20, 6610, 1, 109960, 110298
20, 6620, 1, 109914, 109960
20, 6630, 1, 109914, 112041
20, 6640, 1, 109914, 111752
20, 6650, 1, 109914, 112561
20, 6660, 1, 109914, 113740
20, 6670, 1, 109715, 113111
20, 6680, 1, 109715, 109715
20, 6690, 1, 109675, 109715
20, 6700, 1, 109675, 112082
20, 6710, 1, 109577, 110938
20, 6720, 1, 109577, 111719
20, 6730, 1, 109577, 111769
20, 6740, 1, 109577, 110460
20, 6750, 1, 109471, 109641
20, 6760, 1, 109471, 109471
20, 6770, 1, 109427, 109427
20, 6780, 1, 109235, 109235
20, 6790, 1, 109235, 110740
20, 6800, 1, 109035, 111688
20, 6810, 1, 108736, 111325
20, 6820, 1, 108714, 110005
20, 6830, 1, 108544, 110708
20, 6840, 1, 108544, 109620
20, 6850, 1, 108329, 109179
20, 6860, 1, 108076, 110438
20, 6870, 1, 107926, 112456
20, 6880, 1, 107926, 109499
20, 6890, 1, 107926, 107926
20, 6900, 1, 107926, 109632
20, 6910, 1, 107926, 109877
20, 6920, 1, 107926, 107926
20, 6930, 1, 107926, 108414
20, 6940, 1, 107702, 107891
20, 6950, 1, 107215, 114555
20, 6960, 1, 107215, 107215
20, 6970, 1, 106861, 108395
20, 6980, 1, 106861, 108389
20, 6990, 1, 106861, 107668
20, 7000, 1, 106800, 108017
20, 7010, 1, 106782, 109701
20, 7020, 1, 106641, 108974
20, 7030, 1, 106473, 109100
20, 7040, 1, 106233, 106473
20, 7050, 1, 106110, 108767
20, 7060, 1, 106067, 107802
20, 7070, 1, 105925, 108846
20, 7080, 1, 105884, 107007
20, 7090, 1, 105884, 107395
20, 7100, 1, 105771, 107160
20, 7110, 1, 105742, 106908
20, 7120, 1, 105580, 106743
20, 7130, 1, 105580, 105580
20, 7140, 1, 105580, 107972
20, 7150, 1, 105538, 107150
20, 7160, 1, 105538, 109186
20, 7170, 1, 105356, 105738
20, 7180, 1, 105356, 105356
20, 7190, 1, 105356, 107970
20, 7200, 1, 105356, 108082
20, 7210, 1, 105356, 109477
20, 7220, 1, 105356, 109262
20, 7230, 1, 105166, 107141
20, 7240, 1, 104726, 105166
20, 7250, 1, 104726, 104726
20, 7260, 1, 104726, 104726
20, 7270, 1, 104643, 106458
20, 7280, 1, 104633, 106172
20, 7290, 1, 104633, 105735
20, 7300, 1, 104633, 107099
20, 7310, 1, 104592, 106658
20, 7320, 1, 104592, 105276
20, 7330, 1, 104457, 106666
20, 7340, 1, 104341, 105821
20, 7350, 1, 104341, 105951
20, 7360, 1, 104050, 104782
20, 7370, 1, 104050, 105173
20, 7380, 1, 104050, 104050
20, 7390, 1, 104050, 104050
20, 7400, 1, 103967, 106651
20, 7410, 1, 103967, 104192
20, 7420, 1, 103739, 103883
20, 7430, 1, 103739, 103739
20, 7440, 1, 103739, 105686
20, 7450, 1, 103739, 103739
20, 7460, 1, 103739, 103739
20, 7470, 1, 103656, 106970
20, 7480, 1, 103503, 103611
20, 7490, 1, 103503, 104121
20, 7500, 1, 103503, 108121
20, 7510, 1, 103503, 108264
20, 7520, 1, 103312, 103503
20, 7530, 1, 103312, 103818
20, 7540, 1, 103312, 103312
20, 7550, 1, 103130, 106217
20, 7560, 1, 103130, 103821
20, 7570, 1, 103130, 105333
20, 7580, 1, 102959, 103130
20, 7590, 1, 102549, 102959
20, 7600, 1, 102549, 102549
20, 7610, 1, 102549, 102549
20, 7620, 1, 102549, 105800
20, 7630, 1, 102549, 102549
20, 7640, 1, 102549, 104999
20, 7650, 1, 102549, 102848
20, 7660, 1, 102423, 106134
20, 7670, 1, 102363, 105658
20, 7680, 1, 102204, 102357
20, 7690, 1, 102204, 102679
20, 7700, 1, 102184, 103886
20, 7710, 1, 102184, 103285
20, 7720, 1, 102184, 106644
20, 7730, 1, 102184, 102184
20, 7740, 1, 102184, 103596
20, 7750, 1, 102184, 103410
20, 7760, 1, 102184, 103979
20, 7770, 1, 102184, 105016
20, 7780, 1, 102184, 102184
20, 7790, 1, 102184, 102184
20, 7800, 1, 102184, 104585
20, 7810, 1, 102061, 104488
20, 7820, 1, 102061, 102061
20, 7830, 1, 102061, 103961
20, 7840, 1, 102061, 104292
20, 7850, 1, 102061, 102353
20, 7860, 1, 102061, 105482
20, 7870, 1, 102061, 102061
20, 7880, 1, 102061, 103608
20, 7890, 1, 102033, 103083
20, 7900, 1, 102033, 102033
20, 7910, 1, 102033, 103221
20, 7920, 1, 102033, 102033
20, 7930, 1, 102033, 104476
20, 7940, 1, 102033, 103569
20, 7950, 1, 101831, 104854
20, 7960, 1, 101799, 104060
20, 7970, 1, 101774, 101774
20, 7980, 1, 101774, 104774
20, 7990, 1, 101338, 102344
20, 8000, 1, 101338, 101338
20, 8010, 1, 101209, 101261
20, 8020, 1, 101209, 102382
20, 8030, 1, 101209, 101209
20, 8040, 1, 101209, 101209
20, 8050, 1, 101209, 101931
20, 8060, 1, 101209, 103113
20, 8070, 1, 101152, 101209
20, 8080, 1, 101152, 102960
20, 8090, 1, 101152, 102823
20, 8100, 1, 101152, 103911
20, 8110, 1, 101152, 101152
20, 8120, 1, 100916, 100916
20, 8130, 1, 100916, 103769
20, 8140, 1, 100916, 101615
20, 8150, 1, 100916, 102726
20, 8160, 1, 100813, 102469
20, 8170, 1, 100813, 103122
20, 8180, 1, 100446, 102743
20, 8190, 1, 100446, 101222
20, 8200, 1, 100435, 100864
20, 8210, 1, 100435, 100827
20, 8220, 1, 100435, 103734
20, 8230, 1, 100211, 100435
20, 8240, 1, 100211, 100756
20, 8250, 1, 100211, 100352
20, 8260, 1, 99694, 100193
20, 8270, 1, 99544, 99694
20, 8280, 1, 99544, 99544
20, 8290, 1, 99376, 99376
20, 8300, 1, 99376, 99376
20, 8310, 1, 99376, 99376
20, 8320, 1, 99376, 101786
20, 8330, 1, 98387, 103642
20, 8340, 1, 98387, 98449
20, 8350, 1, 98387, 100253
20, 8360, 1, 98387, 99883
20, 8370, 1, 98322, 99863
20, 8380, 1, 98263, 100362
20, 8390, 1, 98263, 98263
20, 8400, 1, 98263, 100894
20, 8410, 1, 98263, 98263
20, 8420, 1, 98263, 101077
20, 8430, 1, 98263, 98263
20, 8440, 1, 98263, 99846
20, 8450, 1, 98250, 98638
20, 8460, 1, 98250, 100458
20, 8470, 1, 98250, 98250
20, 8480, 1, 98188, 102351
20, 8490, 1, 98188, 99573
20, 8500, 1, 98188, 98188
20, 8510, 1, 98188, 98188
20, 8520, 1, 98188, 98188
20, 8530, 1, 98188, 98557
20, 8540, 1, 97741, 100444
20, 8550, 1, 97741, 97968
20, 8560, 1, 97658, 97658
20, 8570, 1, 97658, 97658
20, 8580, 1, 97658, 100130
20, 8590, 1, 97658, 97658
20, 8600, 1, 97658, 99067
20, 8610, 1, 97658, 98176
20, 8620, 1, 97658, 97658
20, 8630, 1, 97658, 97658
20, 8640, 1, 97658, 98537
20, 8650, 1, 97658, 100752
20, 8660, 1, 97658, 99710
20, 8670, 1, 97658, 97658
20, 8680, 1, 97658, 98918
20, 8690, 1, 97658, 97658
20, 8700, 1, 97658, 99692
20, 8710, 1, 97658, 99186
20, 8720, 1, 97658, 98565
20, 8730, 1, 97658, 98058
20, 8740, 1, 97636, 97658
20, 8750, 1, 97636, 97636
20, 8760, 1, 97636, 101583
20, 8770, 1, 97559, 97823
20, 8780, 1, 97490, 111654
20, 8790, 1, 97490, 100204
20, 8800, 1, 97200, 97490
20, 8810, 1, 97182, 98401
20, 8820, 1, 97182, 97182
20, 8830, 1, 97182, 98440
20, 8840, 1, 97182, 97182
20, 8850, 1, 97182, 97182
20, 8860, 1, 97150, 97878
20, 8870, 1, 97150, 97150
20, 8880, 1, 97150, 100422
20, 8890, 1, 97150, 101279
20, 8900, 1, 97016, 97150
20, 8910, 1, 97016, 99635
20, 8920, 1, 97016, 97016
20, 8930, 1, 97016, 100706
20, 8940, 1, 97016, 97016
20, 8950, 1, 97016, 98730
20, 8960, 1, 97006, 97016
20, 8970, 1, 96563, 96563
20, 8980, 1, 96563, 100266
20, 8990, 1, 96563, 98321
20, 9000, 1, 96442, 98198
20, 9010, 1, 96430, 98568
20, 9020, 1, 96430, 100987
20, 9030, 1, 96430, 96430
20, 9040, 1, 96430, 96430
20, 9050, 1, 96430, 97896
20, 9060, 1, 96430, 97886
20, 9070, 1, 96430, 99061
20, 9080, 1, 96430, 96430
20, 9090, 1, 96311, 99236
20, 9100, 1, 96210, 96311
20, 9110, 1, 96210, 96352
20, 9120, 1, 96131, 96210
20, 9130, 1, 96066, 97786
20, 9140, 1, 96066, 96066
20, 9150, 1, 95841, 95841
20, 9160, 1, 95841, 95841
20, 9170, 1, 95641, 95841
20, 9180, 1, 95641, 97016
20, 9190, 1, 95589, 95641
20, 9200, 1, 95514, 95589
20, 9210, 1, 95491, 97586
20, 9220, 1, 95491, 96053
20, 9230, 1, 95491, 97018
20, 9240, 1, 95491, 97984
20, 9250, 1, 95491, 98233
20, 9260, 1, 95491, 95491
20, 9270, 1, 95491, 96101
20, 9280, 1, 95491, 95491
20, 9290, 1, 95491, 97011
20, 9300, 1, 95491, 95491
20, 9310, 1, 95339, 96090
20, 9320, 1, 95246, 95246
20, 9330, 1, 94984, 96687
20, 9340, 1, 94984, 97718
20, 9350, 1, 94849, 98171
20, 9360, 1, 94769, 94849
20, 9370, 1, 94769, 97295
20, 9380, 1, 94675, 94675
20, 9390, 1, 94675, 98972
20, 9400, 1, 94648, 97732
20, 9410, 1, 94648, 95863
20, 9420, 1, 94648, 94648
20, 9430, 1, 94648, 95950
20, 9440, 1, 94648, 94648
20, 9450, 1, 94524, 94648
20, 9460, 1, 94524, 96042
20, 9470, 1, 94524, 94524
20, 9480, 1, 94524, 95516
20, 9490, 1, 94246, 94524
20, 9500, 1, 94246, 94246
20, 9510, 1, 94246, 96185
20, 9520, 1, 94022, 95688
20, 9530, 1, 93995, 94022
20, 9540, 1, 93995, 93995
20, 9550, 1, 93995, 93995
20, 9560, 1, 93995, 93995
20, 9570, 1, 93995, 93995
20, 9580, 1, 93995, 93995
20, 9590, 1, 93995, 93995
20, 9600, 1, 93995, 93995
20, 9610, 1, 93995, 93995
20, 9620, 1, 93995, 93995
20, 9630, 1, 93705, 97039
20, 9640, 1, 93705, 93705
20, 9650, 1, 93705, 93705
20, 9660, 1, 93705, 96936
20, 9670, 1, 93705, 93705
20, 9680, 1, 93485, 96435
20, 9690, 1, 93485, 94439
20, 9700, 1, 93485, 93485
20, 9710, 1, 93485, 93485
20, 9720, 1, 93485, 93485
20, 9730, 1, 93329, 93485
20, 9740, 1, 93266, 93329
20, 9750, 1, 93266, 93266
20, 9760, 1, 93266, 93266
20, 9770, 1, 92894, 100324
20, 9780, 1, 92894, 92894
20, 9790, 1, 92894, 96445
20, 9800, 1, 92894, 95035
20, 9810, 1, 92894, 96124
20, 9820, 1, 92894, 92894
20, 9830, 1, 92894, 92894
20, 9840, 1, 92894, 94667
20, 9850, 1, 92847, 92894
20, 9860, 1, 92847, 92847
20, 9870, 1, 92847, 92847
20, 9880, 1, 92590, 92590
20, 9890, 1, 92590, 93507
20, 9900, 1, 92590, 92590
20, 9910, 1, 92590, 95180
20, 9920, 1, 92531, 92609
20, 9930, 1, 92531, 93697
20, 9940, 1, 92531, 92531
20, 9950, 1, 92531, 92531
20, 9960, 1, 92232, 92531
20, 9970, 1, 92232, 92232
20, 9980, 1, 92232, 94076
20, 9990, 1, 92232, 96968
20, 10000, 1, 92232, 94622
20, 10010, 1, 92232, 94073
20, 10020, 1, 92232, 96735
20, 10030, 1, 92232, 93235
20, 10040, 1, 92232, 92232
20, 10050, 1, 92232, 92232
20, 10060, 1, 92232, 92232
20, 10070, 1, 92178, 94503
20, 10080, 1, 92178, 92178
20, 10090, 1, 92178, 93543
20, 10100, 1, 92178, 95493
20, 10110, 1, 92178, 93305
20, 10120, 1, 92134, 93479
20, 10130, 1, 92134, 94888
20, 10140, 1, 92120, 92134
20, 10150, 1, 92092, 93364
20, 10160, 1, 92069, 92092
20, 10170, 1, 92069, 92069
20, 10180, 1, 91856, 92069
20, 10190, 1, 91856, 92326
20, 10200, 1, 91807, 91856
20, 10210, 1, 91731, 94407
20, 10220, 1, 91731, 93314
20, 10230, 1, 91647, 92179
20, 10240, 1, 91458, 91647
20, 10250, 1, 91458, 91458
20, 10260, 1, 91458, 93369
20, 10270, 1, 91458, 91458
20, 10280, 1, 91405, 92495
20, 10290, 1, 91405, 95801
20, 10300, 1, 91405, 91405
20, 10310, 1, 91405, 91405
20, 10320, 1, 91356, 91786
20, 10330, 1, 91356, 92831
20, 10340, 1, 91356, 91356
20, 10350, 1, 91356, 91356
20, 10360, 1, 90972, 94432
20, 10370, 1, 90972, 92487
20, 10380, 1, 90972, 92972
20, 10390, 1, 90972, 90972
20, 10400, 1, 90972, 92693
20, 10410, 1, 90972, 90972
20, 10420, 1, 90972, 90972
20, 10430, 1, 90972, 90972
20, 10440, 1, 90972, 93608
20, 10450, 1, 90972, 90972
20, 10460, 1, 90972, 90972
20, 10470, 1, 90972, 93715
20, 10480, 1, 90972, 93293
20, 10490, 1, 90972, 90972
20, 10500, 1, 90972, 90972
20, 10510, 1, 90972, 90972
20, 10520, 1, 90972, 90972
20, 10530, 1, 90950, 90972
20, 10540, 1, 90950, 90950
20, 10550, 1, 90950, 95111
20, 10560, 1, 90850, 90850
20, 10570, 1, 90850, 91377
20, 10580, 1, 90788, 93529
20, 10590, 1, 90788, 90788
20, 10600, 1, 90763, 95038
20, 10610, 1, 90751, 91345
20, 10620, 1, 90751, 90751
20, 10630, 1, 90751, 90751
20, 10640, 1, 90751, 90751
20, 10650, 1, 90751, 90751
20, 10660, 1, 90708, 90751
20, 10670, 1, 90708, 91901
20, 10680, 1, 90708, 90708
20, 10690, 1, 90708, 90708
20, 10700, 1, 90707, 92238
20, 10710, 1, 90707, 90707
20, 10720, 1, 90707, 90707
20, 10730, 1, 90534, 90534
20, 10740, 1, 90486, 91974
20, 10750, 1, 90486, 91692
20, 10760, 1, 90486, 90486
20, 10770, 1, 90486, 91176
20, 10780, 1, 90486, 93560
20, 10790, 1, 90486, 91502
20, 10800, 1, 90486, 91618
20, 10810, 1, 90486, 90486
20, 10820, 1, 90486, 90621
20, 10830, 1, 90486, 90486
20, 10840, 1, 90486, 90486
20, 10850, 1, 90486, 90486
20, 10860, 1, 90486, 93244
20, 10870, 1, 90482, 90486
20, 10880, 1, 90371, 92606
20, 10890, 1, 90371, 90371
20, 10900, 1, 90371, 90371
20, 10910, 1, 90371, 91320
20, 10920, 1, 90371, 90371
20, 10930, 1, 90371, 91777
20, 10940, 1, 90371, 92360
20, 10950, 1, 90205, 91798
20, 10960, 1, 90205, 90205
20, 10970, 1, 90205, 90205
20, 10980, 1, 90205, 91881
20, 10990, 1, 90205, 90205
20, 11000, 1, 90205, 92164
20, 11010, 1, 90205, 92928
20, 11020, 1, 90205, 90205
20, 11030, 1, 90205, 91400
20, 11040, 1, 90205, 92029
20, 11050, 1, 90205, 90205
20, 11060, 1, 90205, 90205
20, 11070, 1, 90172, 90856
20, 11080, 1, 90084, 90227
20, 11090, 1, 90084, 92076
20, 11100, 1, 90084, 90084
20, 11110, 1, 90084, 90084
20, 11120, 1, 90084, 90084
20, 11130, 1, 90084, 90867
20, 11140, 1, 90084, 90361
20, 11150, 1, 90084, 90084
20, 11160, 1, 90084, 90084
20, 11170, 1, 90084, 90084
20, 11180, 1, 90084, 90084
20, 11190, 1, 90040, 90084
20, 11200, 1, 90040, 90040
20, 11210, 1, 90040, 91336
20, 11220, 1, 90040, 90040
20, 11230, 1, 90040, 90040
20, 11240, 1, 90040, 90040
20, 11250, 1, 89948, 89948
20, 11260, 1, 89948, 91649
20, 11270, 1, 89948, 93721
20, 11280, 1, 89948, 89948
20, 11290, 1, 89831, 89948
20, 11300, 1, 89831, 89831
20, 11310, 1, 89805, 89831
20, 11320, 1, 89805, 89805
20, 11330, 1, 89805, 90805
20, 11340, 1, 89805, 89805
20, 11350, 1, 89805, 89805
20, 11360, 1, 89805, 89805
20, 11370, 1, 89805, 89805
20, 11380, 1, 89805, 89805
20, 11390, 1, 89805, 89805
20, 11400, 1, 89805, 92224
20, 11410, 1, 89805, 89805
20, 11420, 1, 89805, 89805
20, 11430, 1, 89805, 89805
20, 11440, 1, 89805, 89805
20, 11450, 1, 89525, 89805
20, 11460, 1, 89525, 89525
20, 11470, 1, 89525, 89525
20, 11480, 1, 89525, 90347
20, 11490, 1, 89497, 89497
20, 11500, 1, 89380, 89497
20, 11510, 1, 89239, 89239
20, 11520, 1, 89239, 89239
20, 11530, 1, 89239, 90623
20, 11540, 1, 89239, 89239
20, 11550, 1, 89239, 91567
20, 11560, 1, 89179, 89179
20, 11570, 1, 89179, 89401
20, 11580, 1, 89179, 89179
20, 11590, 1, 89179, 89179
20, 11600, 1, 88785, 88785
20, 11610, 1, 88785, 90330
20, 11620, 1, 88785, 88785
20, 11630, 1, 88785, 90583
20, 11640, 1, 88630, 88785
20, 11650, 1, 88630, 88630
20, 11660, 1, 88630, 88702
20, 11670, 1, 88550, 88550
20, 11680, 1, 88550, 88550
20, 11690, 1, 88550, 92704
20, 11700, 1, 88550, 90889
20, 11710, 1, 88550, 90608
20, 11720, 1, 88550, 89466
20, 11730, 1, 88550, 89431
20, 11740, 1, 88494, 88494
20, 11750, 1, 88399, 88399
20, 11760, 1, 88131, 88131
20, 11770, 1, 88131, 88131
20, 11780, 1, 88131, 88131
20, 11790, 1, 88131, 88131
20, 11800, 1, 88131, 88131
20, 11810, 1, 88131, 88131
20, 11820, 1, 88131, 88268
20, 11830, 1, 88131, 88131
20, 11840, 1, 88131, 88131
20, 11850, 1, 88131, 88131
20, 11860, 1, 88131, 89164
20, 11870, 1, 88131, 88131
20, 11880, 1, 88104, 89517
20, 11890, 1, 88104, 91170
20, 11900, 1, 88104, 88104
20, 11910, 1, 88104, 88104
20, 11920, 1, 88104, 89033
20, 11930, 1, 88005, 89553
20, 11940, 1, 88005, 89304
20, 11950, 1, 87781, 90448
20, 11960, 1, 87781, 87781
20, 11970, 1, 87781, 87781
20, 11980, 1, 87781, 87781
20, 11990, 1, 87781, 87781
20, 12000, 1, 87781, 87781
20, 12010, 1, 87781, 87781
20, 12020, 1, 87781, 87781
20, 12030, 1, 87781, 87781
20, 12040, 1, 87781, 87781
20, 12050, 1, 87781, 87781
20, 12060, 1, 87781, 87781
20, 12070, 1, 87771, 88473
20, 12080, 1, 87771, 87771
20, 12090, 1, 87771, 87771
20, 12100, 1, 87771, 87771
20, 12110, 1, 87771, 87771
20, 12120, 1, 87571, 87946
20, 12130, 1, 87571, 87571
20, 12140, 1, 87571, 87571
20, 12150, 1, 87571, 91097
20, 12160, 1, 87530, 87571
20, 12170, 1, 87524, 88313
20, 12180, 1, 87506, 88205
20, 12190, 1, 87506, 90734
20, 12200, 1, 87506, 89735
20, 12210, 1, 87506, 88103
20, 12220, 1, 87427, 87506
20, 12230, 1, 87427, 87427
20, 12240, 1, 87427, 87427
20, 12250, 1, 87427, 87427
20, 12260, 1, 87427, 90514
20, 12270, 1, 87427, 90529
20, 12280, 1, 87427, 87427
20, 12290, 1, 87427, 87427
20, 12300, 1, 87427, 87427
20, 12310, 1, 87427, 87427
20, 12320, 1, 87427, 89716
20, 12330, 1, 87427, 87427
20, 12340, 1, 87427, 89347
20, 12350, 1, 87327, 87427
20, 12360, 1, 87327, 90792
20, 12370, 1, 87327, 87327
20, 12380, 1, 87126, 87126
20, 12390, 1, 87126, 89393
20, 12400, 1, 87101, 87126
20, 12410, 1, 87101, 87101
20, 12420, 1, 87101, 87101
20, 12430, 1, 87101, 87101
20, 12440, 1, 87101, 87101
20, 12450, 1, 86786, 88276
20, 12460, 1, 86786, 86786
20, 12470, 1, 86786, 86786
20, 12480, 1, 86586, 86586
20, 12490, 1, 86586, 86586
20, 12500, 1, 86586, 86586
20, 12510, 1, 86586, 91142
20, 12520, 1, 86586, 87702
20, 12530, 1, 86586, 86586
20, 12540, 1, 86586, 86586
20, 12550, 1, 86586, 86586
20, 12560, 1, 86586, 90640
20, 12570, 1, 86586, 86586
20, 12580, 1, 86586, 86586
20, 12590, 1, 86586, 86586
20, 12600, 1, 86586, 86586
20, 12610, 1, 86586, 86586
20, 12620, 1, 86586, 90474
20, 12630, 1, 86586, 86586
20, 12640, 1, 86586, 86586
20, 12650, 1, 86586, 86586
20, 12660, 1, 86586, 89832
20, 12670, 1, 86586, 86586
20, 12680, 1, 86586, 86586
20, 12690, 1, 86586, 86586
20, 12700, 1, 86586, 86586
20, 12710, 1, 86586, 86586
20, 12720, 1, 86586, 86586
20, 12730, 1, 86352, 87881
20, 12740, 1, 86352, 88047
20, 12750, 1, 86352, 86352
20, 12760, 1, 86352, 86730
20, 12770, 1, 86215, 86379
20, 12780, 1, 86215, 88793
20, 12790, 1, 86215, 86215
20, 12800, 1, 86215, 86215
20, 12810, 1, 86215, 86215
20, 12820, 1, 86157, 86157
20, 12830, 1, 86157, 86157
20, 12840, 1, 86091, 86091
20, 12850, 1, 86091, 86091
20, 12860, 1, 86091, 86091
20, 12870, 1, 86091, 86091
20, 12880, 1, 86091, 86091
20, 12890, 1, 86091, 86091
20, 12900, 1, 85956, 87911
20, 12910, 1, 85915, 85915
20, 12920, 1, 85915, 85915
20, 12930, 1, 85915, 85915
20, 12940, 1, 85915, 85915
20, 12950, 1, 85915, 85915
20, 12960, 1, 85915, 87818
20, 12970, 1, 85915, 85915
20, 12980, 1, 85915, 85915
20, 12990, 1, 85915, 85915
20, 13000, 1, 85915, 85915
20, 13010, 1, 85915, 85915
20, 13020, 1, 85915, 87946
20, 13030, 1, 85803, 85915
20, 13040, 1, 85796, 87977
20, 13050, 1, 85796, 86625
20, 13060, 1, 85796, 85796
20, 13070, 1, 85796, 85796
20, 13080, 1, 85796, 86377
20, 13090, 1, 85796, 87310
20, 13100, 1, 85796, 88217
20, 13110, 1, 85796, 85796
20, 13120, 1, 85796, 85796
20, 13130, 1, 85796, 85796
20, 13140, 1, 85796, 85796
20, 13150, 1, 85796, 85796
20, 13160, 1, 85796, 87968
20, 13170, 1, 85635, 85635
20, 13180, 1, 85635, 85635
20, 13190, 1, 85635, 88095
20, 13200, 1, 85635, 85635
20, 13210, 1, 85635, 85696
20, 13220, 1, 85635, 85635
20, 13230, 1, 85635, 85635
20, 13240, 1, 85541, 85541
20, 13250, 1, 85541, 85541
20, 13260, 1, 85541, 85541
20, 13270, 1, 85541, 85541
20, 13280, 1, 85541, 85900
20, 13290, 1, 85541, 85541
20, 13300, 1, 85541, 85541
20, 13310, 1, 85530, 85541
20, 13320, 1, 85530, 85530
20, 13330, 1, 85530, 85530
20, 13340, 1, 85530, 85530
20, 13350, 1, 85512, 85512
20, 13360, 1, 85512, 85512
20, 13370, 1, 85512, 85512
20, 13380, 1, 85512, 85512
20, 13390, 1, 85512, 85512
20, 13400, 1, 85512, 85512
20, 13410, 1, 85512, 85649
20, 13420, 1, 85512, 87590
20, 13430, 1, 85207, 85207
20, 13440, 1, 85207, 85745
20, 13450, 1, 85207, 85207
20, 13460, 1, 85207, 85207
20, 13470, 1, 85207, 86390
20, 13480, 1, 85191, 85191
20, 13490, 1, 85191, 85191
20, 13500, 1, 84962, 85191
20, 13510, 1, 84962, 85281
20, 13520, 1, 84962, 84962
20, 13530, 1, 84962, 84962
20, 13540, 1, 84962, 84962
20, 13550, 1, 84962, 84962
20, 13560, 1, 84962, 84962
20, 13570, 1, 84962, 84962
20, 13580, 1, 84962, 84962
20, 13590, 1, 84943, 84962
20, 13600, 1, 84943, 84943
20, 13610, 1, 84943, 86530
20, 13620, 1, 84745, 84943
20, 13630, 1, 84745, 86471
20, 13640, 1, 84745, 84745
20, 13650, 1, 84479, 84550
20, 13660, 1, 84297, 84479
20, 13670, 1, 84297, 84297
20, 13680, 1, 84297, 86575
20, 13690, 1, 84297, 84297
20, 13700, 1, 84297, 84297
20, 13710, 1, 84297, 85005
20, 13720, 1, 84297, 85421
20, 13730, 1, 84297, 84297
20, 13740, 1, 84297, 84297
20, 13750, 1, 84297, 84297
20, 13760, 1, 84297, 84978
20, 13770, 1, 84297, 84297
20, 13780, 1, 84297, 84297
20, 13790, 1, 84297, 84297
20, 13800, 1, 84297, 86961
20, 13810, 1, 84297, 84297
20, 13820, 1, 84297, 84297
20, 13830, 1, 84297, 84297
20, 13840, 1, 84278, 84297
20, 13850, 1, 84219, 84219
20, 13860, 1, 84135, 84219
20, 13870, 1, 84135, 84135
20, 13880, 1, 84106, 84135
20, 13890, 1, 84066, 84106
20, 13900, 1, 84066, 84066
20, 13910, 1, 84066, 84066
20, 13920, 1, 84066, 86132
20, 13930, 1, 84066, 86796
20, 13940, 1, 84066, 84066
20, 13950, 1, 84066, 84066
20, 13960, 1, 84066, 84066
20, 13970, 1, 84066, 84066
20, 13980, 1, 84066, 84066
20, 13990, 1, 84066, 84066
20, 14000, 1, 84066, 84066
20, 14010, 1, 84066, 84066
20, 14020, 1, 84066, 84066
20, 14030, 1, 84066, 84189
20, 14040, 1, 84066, 87463
20, 14050, 1, 84066, 84066
20, 14060, 1, 83982, 83982
20, 14070, 1, 83982, 84545
20, 14080, 1, 83982, 83982
20, 14090, 1, 83982, 87766
20, 14100, 1, 83982, 85078
20, 14110, 1, 83982, 83982
20, 14120, 1, 83982, 83982
20, 14130, 1, 83982, 83982
20, 14140, 1, 83982, 83982
20, 14150, 1, 83982, 83982
20, 14160, 1, 83982, 83982
20, 14170, 1, 83972, 85774
20, 14180, 1, 83913, 83972
20, 14190, 1, 83913, 85012
20, 14200, 1, 83913, 83913
20, 14210, 1, 83913, 83913
20, 14220, 1, 83913, 83913
20, 14230, 1, 83913, 83913
20, 14240, 1, 83913, 83913
20, 14250, 1, 83913, 83913
20, 14260, 1, 83913, 83913
20, 14270, 1, 83913, 83913
20, 14280, 1, 83913, 83913
20, 14290, 1, 83913, 83913
20, 14300, 1, 83913, 83913
20, 14310, 1, 83913, 83913
20, 14320, 1, 83899, 85600
20, 14330, 1, 83899, 83899
20, 14340, 1, 83899, 83899
20, 14350, 1, 83899, 83899
20, 14360, 1, 83899, 83899
20, 14370, 1, 83899, 85292
20, 14380, 1, 83899, 83899
20, 14390, 1, 83899, 83899
20, 14400, 1, 83899, 83899
20, 14410, 1, 83835, 83899
20, 14420, 1, 83835, 83835
20, 14430, 1, 83835, 83835
20, 14440, 1, 83835, 83835
20, 14450, 1, 83771, 83835
20, 14460, 1, 83771, 83771
20, 14470, 1, 83771, 83771
20, 14480, 1, 83771, 83771
20, 14490, 1, 83771, 83771
20, 14500, 1, 83771, 83771
20, 14510, 1, 83771, 83771
20, 14520, 1, 83771, 83771
20, 14530, 1, 83771, 83771
20, 14540, 1, 83771, 83771
20, 14550, 1, 83771, 83771
20, 14560, 1, 83771, 83771
20, 14570, 1, 83771, 83771
20, 14580, 1, 83771, 83771
20, 14590, 1, 83771, 83771
20, 14600, 1, 83771, 83771
20, 14610, 1, 83771, 83771
20, 14620, 1, 83771, 83771
20, 14630, 1, 83771, 83771
20, 14640, 1, 83771, 84390
20, 14650, 1, 83625, 83712
20, 14660, 1, 83625, 83625
20, 14670, 1, 83625, 83625
20, 14680, 1, 83625, 83625
20, 14690, 1, 83625, 85175
20, 14700, 1, 83625, 83625
20, 14710, 1, 83625, 83625
20, 14720, 1, 83625, 83625
20, 14730, 1, 83625, 84994
20, 14740, 1, 83625, 83625
20, 14750, 1, 83625, 83625
20, 14760, 1, 83625, 83625
20, 14770, 1, 83571, 83625
20, 14780, 1, 83571, 83571
20, 14790, 1, 83571, 83571
20, 14800, 1, 83571, 83571
20, 14810, 1, 83571, 84325
20, 14820, 1, 83571, 83571
20, 14830, 1, 83571, 83571
20, 14840, 1, 83571, 83571
20, 14850, 1, 83571, 83571
20, 14860, 1, 83571, 83571
20, 14870, 1, 83571, 83571
20, 14880, 1, 83571, 83571
20, 14890, 1, 83554, 83554
20, 14900, 1, 83554, 83554
20, 14910, 1, 83554, 83554
20, 14920, 1, 83554, 83554
20, 14930, 1, 83437, 83554
20, 14940, 1, 83437, 83437
20, 14950, 1, 83437, 83437
20, 14960, 1, 83437, 83437
20, 14970, 1, 83437, 83437
20, 14980, 1, 83437, 83437
20, 14990, 1, 83437, 83437
20, 15000, 1, 83437, 83437
20, 15010, 1, 83107, 83107
20, 15020, 1, 83107, 83107
20, 15030, 1, 83107, 83107
20, 15040, 1, 83107, 83107
20, 15050, 1, 83107, 83107
20, 15060, 1, 83024, 83024
20, 15070, 1, 83024, 83024
20, 15080, 1, 83024, 83024
20, 15090, 1, 83024, 83024
20, 15100, 1, 83024, 83024
20, 15110, 1, 82980, 82980
20, 15120, 1, 82980, 82980
20, 15130, 1, 82547, 82547
20, 15140, 1, 82547, 82817
20, 15150, 1, 82547, 82547
20, 15160, 1, 82547, 82547
20, 15170, 1, 82547, 82547
20, 15180, 1, 82547, 82547
20, 15190, 1, 82547, 82547
20, 15200, 1, 82547, 82547
20, 15210, 1, 82405, 82405
20, 15220, 1, 82405, 82405
20, 15230, 1, 82182, 82182
20, 15240, 1, 82059, 82059
20, 15250, 1, 82059, 82059
20, 15260, 1, 82059, 82059
20, 15270, 1, 82059, 82059
20, 15280, 1, 82059, 82059
20, 15290, 1, 82059, 82059
20, 15300, 1, 82059, 82059
20, 15310, 1, 82059, 82059
20, 15320, 1, 82059, 82059
20, 15330, 1, 82059, 82059
20, 15340, 1, 82059, 82059
20, 15350, 1, 82059, 82059
20, 15360, 1, 82059, 82059
20, 15370, 1, 82059, 82059
20, 15380, 1, 82059, 82059
20, 15390, 1, 82059, 82059
20, 15400, 1, 82059, 82059
20, 15410, 1, 82059, 82059
20, 15420, 1, 82059, 82059
20, 15430, 1, 82059, 82059
20, 15440, 1, 82059, 82059
20, 15450, 1, 82059, 82059
20, 15460, 1, 81970, 82059
20, 15470, 1, 81970, 81970
20, 15480, 1, 81970, 81970
20, 15490, 1, 81863, 81970
20, 15500, 1, 81863, 81863
20, 15510, 1, 81863, 81863
20, 15520, 1, 81863, 81863
20, 15530, 1, 81863, 81863
20, 15540, 1, 81863, 81863
20, 15550, 1, 81863, 81863
20, 15560, 1, 81863, 81863
20, 15570, 1, 81863, 81863
20, 15580, 1, 81770, 81863
20, 15590, 1, 81770, 81770
20, 15600, 1, 81770, 81770
20, 15610, 1, 81770, 81770
20, 15620, 1, 81770, 81770
20, 15630, 1, 81728, 81770
20, 15640, 1, 81728, 81728
20, 15650, 1, 81728, 81728
20, 15660, 1, 81728, 81728
20, 15670, 1, 81728, 81728
20, 15680, 1, 81728, 81728
20, 15690, 1, 81728, 81728
20, 15700, 1, 81728, 81728
20, 15710, 1, 81728, 81728
20, 15720, 1, 81604, 81604
20, 15730, 1, 81604, 81604
20, 15740, 1, 81604, 81604
20, 15750, 1, 81546, 81604
20, 15760, 1, 81546, 81546
20, 15770, 1, 81546, 81546
20, 15780, 1, 81546, 81546
20, 15790, 1, 81546, 81546
20, 15800, 1, 81546, 82494
20, 15810, 1, 81546, 81546
20, 15820, 1, 81422, 81422
20, 15830, 1, 81422, 81422
20, 15840, 1, 81422, 82791
20, 15850, 1, 81422, 81422
20, 15860, 1, 81422, 81422
20, 15870, 1, 81422, 81422
20, 15880, 1, 81422, 81422
20, 15890, 1, 81422, 81422
20, 15900, 1, 81381, 82325
20, 15910, 1, 81381, 81381
20, 15920, 1, 81381, 81381
20, 15930, 1, 81368, 81914
20, 15940, 1, 81368, 81368
20, 15950, 1, 81368, 81368
20, 15960, 1, 81240, 81240
20, 15970, 1, 81240, 81240
20, 15980, 1, 81240, 81240
20, 15990, 1, 81240, 81240
20, 16000, 1, 81240, 81240
20, 16010, 1, 81038, 81169
20, 16020, 1, 81038, 81038
20, 16030, 1, 81038, 81038
20, 16040, 1, 81038, 81038
20, 16050, 1, 81038, 81038
20, 16060, 1, 81038, 81038
20, 16070, 1, 81038, 81038
20, 16080, 1, 81038, 81628
20, 16090, 1, 81038, 81038
20, 16100, 1, 81038, 81038
20, 16110, 1, 81038, 81038
20, 16120, 1, 81038, 81038
20, 16130, 1, 81038, 81038
20, 16140, 1, 81038, 81038
20, 16150, 1, 80925, 80925
20, 16160, 1, 80925, 80925
20, 16170, 1, 80841, 82586
20, 16180, 1, 80841, 80841
20, 16190, 1, 80648, 80648
20, 16200, 1, 80648, 80648
20, 16210, 1, 80648, 80648
20, 16220, 1, 80558, 80558
20, 16230, 1, 80558, 80558
20, 16240, 1, 80358, 80358
20, 16250, 1, 80358, 80358
20, 16260, 1, 80358, 80358
20, 16270, 1, 80358, 80358
20, 16280, 1, 80358, 80358
20, 16290, 1, 80358, 80358
20, 16300, 1, 80358, 80358
20, 16310, 1, 80358, 80358
20, 16320, 1, 80265, 80265
20, 16330, 1, 80265, 80265
20, 16340, 1, 80265, 80265
20, 16350, 1, 80265, 80265
20, 16360, 1, 80265, 80265
20, 16370, 1, 80265, 80265
20, 16380, 1, 80265, 80265
20, 16390, 1, 80265, 80265
20, 16400, 1, 80265, 80265
20, 16410, 1, 80265, 80265
20, 16420, 1, 80265, 80265
20, 16430, 1, 80265, 80265
20, 16440, 1, 80244, 80244
20, 16450, 1, 80244, 80244
20, 16460, 1, 80244, 80244
20, 16470, 1, 80244, 80244
20, 16480, 1, 80244, 80244
20, 16490, 1, 80244, 80244
20, 16500, 1, 80244, 80244
20, 16510, 1, 80244, 80244
20, 16520, 1, 80244, 80244
20, 16530, 1, 80244, 80244
20, 16540, 1, 80244, 80244
20, 16550, 1, 80244, 80244
20, 16560, 1, 80100, 80244
20, 16570, 1, 80100, 80100
20, 16580, 1, 80100, 80100
20, 16590, 1, 80093, 80093
20, 16600, 1, 80093, 80093
20, 16610, 1, 80093, 80093
20, 16620, 1, 80093, 82256
20, 16630, 1, 80093, 80093
20, 16640, 1, 80093, 80093
20, 16650, 1, 80071, 80071
20, 16660, 1, 80036, 80036
20, 16670, 1, 80036, 80036
20, 16680, 1, 80036, 82094
20, 16690, 1, 80036, 81231
20, 16700, 1, 80000, 80000
20, 16710, 1, 80000, 80000
20, 16720, 1, 80000, 80000
20, 16730, 1, 80000, 80000
20, 16740, 1, 80000, 80000
20, 16750, 1, 80000, 80000
20, 16760, 1, 80000, 80000
20, 16770, 1, 80000, 80000
20, 16780, 1, 80000, 80000
20, 16790, 1, 80000, 80799
20, 16800, 1, 80000, 80000
20, 16810, 1, 79981, 79981
20, 16820, 1, 79981, 79981
20, 16830, 1, 79981, 79981
20, 16840, 1, 79981, 79981
20, 16850, 1, 79981, 83893
20, 16860, 1, 79914, 79914
20, 16870, 1, 79790, 79790
20, 16880, 1, 79492, 79790
20, 16890, 1, 79492, 82351
20, 16900, 1, 79492, 79492
20, 16910, 1, 79292, 79492
20, 16920, 1, 79292, 79292
20, 16930, 1, 79292, 79292
20, 16940, 1, 79292, 79292
20, 16950, 1, 79292, 79292
20, 16960, 1, 79292, 79292
20, 16970, 1, 79292, 79292
20, 16980, 1, 79292, 79292
20, 16990, 1, 79292, 79292
20, 17000, 1, 79292, 79292
20, 17010, 1, 79292, 79292
20, 17020, 1, 79292, 79292
20, 17030, 1, 79292, 79292
20, 17040, 1, 79292, 79292
20, 17050, 1, 79292, 81739
20, 17060, 1, 79292, 79292
20, 17070, 1, 79292, 79292
20, 17080, 1, 79292, 79292
20, 17090, 1, 79292, 79292
20, 17100, 1, 79292, 79292
20, 17110, 1, 79274, 79274
20, 17120, 1, 79274, 79274
20, 17130, 1, 79274, 79274
20, 17140, 1, 79274, 79274
20, 17150, 1, 79274, 79274
20, 17160, 1, 79274, 79274
20, 17170, 1, 79274, 79274
20, 17180, 1, 79274, 79274
20, 17190, 1, 79274, 79274
20, 17200, 1, 79274, 79274
20, 17210, 1, 79274, 79274
20, 17220, 1, 79274, 79274
20, 17230, 1, 79274, 79274
20, 17240, 1, 79274, 79274
20, 17250, 1, 79274, 79274
20, 17260, 1, 79274, 79274
20, 17270, 1, 79274, 79274
20, 17280, 1, 79274, 79274
20, 17290, 1, 79274, 79274
20, 17300, 1, 79274, 79274
20, 17310, 1, 79274, 79274
20, 17320, 1, 79274, 79274
20, 17330, 1, 79274, 79274
20, 17340, 1, 79274, 79274
20, 17350, 1, 79274, 79274
20, 17360, 1, 79274, 79274
20, 17370, 1, 79274, 79274
20, 17380, 1, 79274, 79274
20, 17390, 1, 79274, 79274
20, 17400, 1, 79274, 79274
20, 17410, 1, 79274, 79274
20, 17420, 1, 79274, 79274
20, 17430, 1, 79274, 79274
20, 17440, 1, 79274, 79274
20, 17450, 1, 79274, 79274
20, 17460, 1, 79274, 79274
20, 17470, 1, 79274, 79274
20, 17480, 1, 79088, 79088
20, 17490, 1, 79088, 79088
20, 17500, 1, 79028, 79088
20, 17510, 1, 79028, 79028
20, 17520, 1, 79028, 79028
20, 17530, 1, 79028, 79028
20, 17540, 1, 78928, 78946
20, 17550, 1, 78928, 78928
20, 17560, 1, 78928, 78928
20, 17570, 1, 78928, 78928
20, 17580, 1, 78928, 78928
20, 17590, 1, 78928, 78928
20, 17600, 1, 78928, 78928
20, 17610, 1, 78928, 78928
20, 17620, 1, 78928, 78928
20, 17630, 1, 78928, 78928
20, 17640, 1, 78928, 78928
20, 17650, 1, 78928, 78928
20, 17660, 1, 78928, 78928
20, 17670, 1, 78928, 78928
20, 17680, 1, 78928, 78928
20, 17690, 1, 78928, 78928
20, 17700, 1, 78928, 78928
20, 17710, 1, 78928, 78928
20, 17720, 1, 78928, 78928
20, 17730, 1, 78928, 78928
20, 17740, 1, 78928, 78928
20, 17750, 1, 78928, 78928
20, 17760, 1, 78903, 78928
20, 17770, 1, 78903, 78903
20, 17780, 1, 78903, 78903
20, 17790, 1, 78903, 78903
20, 17800, 1, 78903, 78903
20, 17810, 1, 78903, 78903
20, 17820, 1, 78903, 78903
20, 17830, 1, 78903, 78903
20, 17840, 1, 78903, 78903
20, 17850, 1, 78903, 78903
20, 17860, 1, 78903, 78903
20, 17870, 1, 78903, 78903
20, 17880, 1, 78903, 78903
20, 17890, 1, 78903, 78903
20, 17900, 1, 78903, 78903
20, 17910, 1, 78903, 78903
20, 17920, 1, 78903, 78903
20, 17930, 1, 78903, 78903
20, 17940, 1, 78903, 78903
20, 17950, 1, 78903, 78903
20, 17960, 1, 78903, 78903
20, 17970, 1, 78890, 78890
20, 17980, 1, 78890, 78890
20, 17990, 1, 78890, 78890
20, 18000, 1, 78890, 78890
20, 18010, 1, 78890, 78890
20, 18020, 1, 78890, 78890
20, 18030, 1, 78890, 78890
20, 18040, 1, 78890, 78890
20, 18050, 1, 78890, 78890
20, 18060, 1, 78890, 78890
20, 18070, 1, 78890, 78890
20, 18080, 1, 78890, 78890
20, 18090, 1, 78890, 78890
20, 18100, 1, 78890, 78890
20, 18110, 1, 78890, 78890
20, 18120, 1, 78890, 78890
20, 18130, 1, 78890, 78890
20, 18140, 1, 78890, 78890
20, 18150, 1, 78890, 78890
20, 18160, 1, 78890, 78890
20, 18170, 1, 78890, 78890
20, 18180, 1, 78890, 78890
20, 18190, 1, 78890, 78890
20, 18200, 1, 78890, 78890
20, 18210, 1, 78890, 78890
20, 18220, 1, 78861, 78861
20, 18230, 1, 78861, 78861
20, 18240, 1, 78861, 78861
20, 18250, 1, 78861, 78861
20, 18260, 1, 78861, 78861
20, 18270, 1, 78861, 79046
20, 18280, 1, 78861, 80307
20, 18290, 1, 78861, 78861
20, 18300, 1, 78861, 78861
20, 18310, 1, 78861, 78861
20, 18320, 1, 78861, 78861
20, 18330, 1, 78861, 78861
20, 18340, 1, 78861, 78861
20, 18350, 1, 78861, 78861
20, 18360, 1, 78861, 78861
20, 18370, 1, 78861, 78861
20, 18380, 1, 78726, 78726
20, 18390, 1, 78726, 78726
20, 18400, 1, 78701, 78726
20, 18410, 1, 78701, 78701
20, 18420, 1, 78701, 78701
20, 18430, 1, 78701, 78701
20, 18440, 1, 78701, 78701
20, 18450, 1, 78701, 78701
20, 18460, 1, 78701, 78701
20, 18470, 1, 78701, 78701
20, 18480, 1, 78701, 78701
20, 18490, 1, 78582, 78582
20, 18500, 1, 78582, 78582
20, 18510, 1, 78582, 78582
20, 18520, 1, 78582, 78582
20, 18530, 1, 78582, 78582
20, 18540, 1, 78582, 78582
20, 18550, 1, 78582, 78582
20, 18560, 1, 78582, 78582
20, 18570, 1, 78582, 78582
20, 18580, 1, 78582, 78582
20, 18590, 1, 78557, 78582
20, 18600, 1, 78557, 78557
20, 18610, 1, 78557, 78557
20, 18620, 1, 78428, 78428
20, 18630, 1, 78428, 78428
20, 18640, 1, 78428, 78428
20, 18650, 1, 78428, 78428
20, 18660, 1, 78428, 78428
20, 18670, 1, 78428, 78428
20, 18680, 1, 78379, 78379
20, 18690, 1, 78379, 78379
20, 18700, 1, 78379, 78379
20, 18710, 1, 78379, 78379
20, 18720, 1, 78379, 78379
20, 18730, 1, 78155, 78314
20, 18740, 1, 77980, 78039
20, 18750, 1, 77980, 77980
20, 18760, 1, 77980, 77980
20, 18770, 1, 77980, 77980
20, 18780, 1, 77980, 77980
20, 18790, 1, 77980, 77980
20, 18800, 1, 77980, 77980
20, 18810, 1, 77980, 81631
20, 18820, 1, 77980, 77980
20, 18830, 1, 77980, 77980
20, 18840, 1, 77980, 77980
20, 18850, 1, 77980, 77980
20, 18860, 1, 77980, 77980
20, 18870, 1, 77980, 77980
20, 18880, 1, 77980, 77980
20, 18890, 1, 77980, 77980
20, 18900, 1, 77980, 77980
20, 18910, 1, 77980, 77980
20, 18920, 1, 77969, 77980
20, 18930, 1, 77969, 77969
20, 18940, 1, 77969, 77969
20, 18950, 1, 77969, 77969
20, 18960, 1, 77969, 77969
20, 18970, 1, 77969, 77969
20, 18980, 1, 77969, 77969
20, 18990, 1, 77969, 77969
20, 19000, 1, 77969, 77969
20, 19010, 1, 77969, 77969
20, 19020, 1, 77962, 77962
20, 19030, 1, 77962, 77962
20, 19040, 1, 77962, 77962
20, 19050, 1, 77962, 77962
20, 19060, 1, 77962, 77962
20, 19070, 1, 77962, 77962
20, 19080, 1, 77948, 77948
20, 19090, 1, 77948, 77948
20, 19100, 1, 77948, 77948
20, 19110, 1, 77948, 77948
20, 19120, 1, 77948, 77948
20, 19130, 1, 77948, 77948
20, 19140, 1, 77948, 77948
20, 19150, 1, 77945, 77945
20, 19160, 1, 77945, 77945
20, 19170, 1, 77945, 77945
20, 19180, 1, 77945, 77945
20, 19190, 1, 77945, 77945
20, 19200, 1, 77945, 77945
20, 19210, 1, 77945, 77945
20, 19220, 1, 77945, 77945
20, 19230, 1, 77945, 77945
20, 19240, 1, 77945, 77945
20, 19250, 1, 77945, 77945
20, 19260, 1, 77945, 77945
20, 19270, 1, 77945, 77945
20, 19280, 1, 77945, 77945
20, 19290, 1, 77945, 77945
20, 19300, 1, 77945, 77945
20, 19310, 1, 77945, 77945
20, 19320, 1, 77945, 77945
20, 19330, 1, 77945, 77945
20, 19340, 1, 77945, 77945
20, 19350, 1, 77945, 77945
20, 19360, 1, 77945, 77945
20, 19370, 1, 77945, 77945
20, 19380, 1, 77945, 77945
20, 19390, 1, 77945, 77945
20, 19400, 1, 77902, 77902
20, 19410, 1, 77902, 77902
20, 19420, 1, 77902, 77902
20, 19430, 1, 77902, 77902
20, 19440, 1, 77819, 77902
20, 19450, 1, 77819, 77819
20, 19460, 1, 77699, 77819
20, 19470, 1, 77558, 77558
20, 19480, 1, 77470, 77558
20, 19490, 1, 77470, 77470
20, 19500, 1, 77470, 77470
20, 19510, 1, 77470, 77470
20, 19520, 1, 77470, 77470
20, 19530, 1, 77470, 77470
20, 19540, 1, 77470, 77470
20, 19550, 1, 77470, 77470
20, 19560, 1, 77470, 77470
20, 19570, 1, 77470, 77470
20, 19580, 1, 77290, 77470
20, 19590, 1, 77090, 77290
20, 19600, 1, 77090, 77090
20, 19610, 1, 77090, 77090
20, 19620, 1, 77090, 77090
20, 19630, 1, 77090, 77090
20, 19640, 1, 77090, 77090
20, 19650, 1, 77090, 77090
20, 19660, 1, 77090, 77090
20, 19670, 1, 77090, 77090
20, 19680, 1, 77090, 77090
20, 19690, 1, 77090, 77090
20, 19700, 1, 77090, 77090
20, 19710, 1, 77090, 77090
20, 19720, 1, 77089, 77090
20, 19730, 1, 77089, 77089
20, 19740, 1, 77089, 77089
20, 19750, 1, 77089, 77089
20, 19760, 1, 76931, 77089
20, 19770, 1, 76931, 76931
20, 19780, 1, 76931, 76931
20, 19790, 1, 76931, 76931
20, 19800, 1, 76931, 76931
20, 19810, 1, 76931, 76931
20, 19820, 1, 76931, 76931
20, 19830, 1, 76931, 76931
20, 19840, 1, 76931, 76931
20, 19850, 1, 76931, 76931
20, 19860, 1, 76931, 76931
20, 19870, 1, 76931, 76931
20, 19880, 1, 76931, 76931
20, 19890, 1, 76931, 76931
20, 19900, 1, 76931, 76931
20, 19910, 1, 76931, 76931
20, 19920, 1, 76931, 76931
20, 19930, 1, 76931, 76931
20, 19940, 1, 76931, 76931
20, 19950, 1, 76931, 76931
20, 19960, 1, 76931, 76931
20, 19970, 1, 76931, 76931
20, 19980, 1, 76931, 76931
20, 19990, 1, 76931, 76931
