Population Size, Generation Count, Repetition, Best Fitness, Median Fitness
100, 0, 6, 743017, 771384
100, 10, 6, 705148, 716742
100, 20, 6, 675264, 684184
100, 30, 6, 650764, 665204
100, 40, 6, 630344, 637865
100, 50, 6, 616487, 623005
100, 60, 6, 600169, 609063
100, 70, 6, 588839, 594667
100, 80, 6, 572407, 580753
100, 90, 6, 563631, 569117
100, 100, 6, 555445, 560074
100, 110, 6, 546239, 551948
100, 120, 6, 536089, 542032
100, 130, 6, 524531, 531491
100, 140, 6, 511784, 520211
100, 150, 6, 503962, 511395
100, 160, 6, 492033, 499944
100, 170, 6, 483764, 488997
100, 180, 6, 473597, 479760
100, 190, 6, 466892, 470884
100, 200, 6, 454898, 463354
100, 210, 6, 449727, 453979
100, 220, 6, 445613, 448523
100, 230, 6, 439997, 443499
100, 240, 6, 433158, 438038
100, 250, 6, 426025, 431424
100, 260, 6, 420397, 425514
100, 270, 6, 413687, 419550
100, 280, 6, 410639, 414557
100, 290, 6, 405351, 409076
100, 300, 6, 400298, 404646
100, 310, 6, 393893, 399948
100, 320, 6, 391097, 394360
100, 330, 6, 384091, 388291
100, 340, 6, 380071, 383142
100, 350, 6, 374705, 379270
100, 360, 6, 370600, 373422
100, 370, 6, 366114, 370858
100, 380, 6, 362621, 365277
100, 390, 6, 356673, 360610
100, 400, 6, 353149, 356944
100, 410, 6, 351397, 355298
100, 420, 6, 347852, 351313
100, 430, 6, 345256, 348875
100, 440, 6, 342350, 346875
100, 450, 6, 341076, 343247
100, 460, 6, 339251, 342758
100, 470, 6, 336610, 339294
100, 480, 6, 331948, 336044
100, 490, 6, 329034, 331991
100, 500, 6, 327163, 330035
100, 510, 6, 323727, 328443
100, 520, 6, 320603, 325313
100, 530, 6, 316449, 320999
100, 540, 6, 313597, 318134
100, 550, 6, 311739, 315521
100, 560, 6, 308339, 311845
100, 570, 6, 306285, 308789
100, 580, 6, 303957, 306738
100, 590, 6, 301485, 304822
100, 600, 6, 300042, 302671
100, 610, 6, 297862, 300666
100, 620, 6, 295467, 299724
100, 630, 6, 291627, 295226
100, 640, 6, 290065, 293206
100, 650, 6, 288372, 291641
100, 660, 6, 285879, 289477
100, 670, 6, 284130, 287072
100, 680, 6, 282961, 286124
100, 690, 6, 280732, 284275
100, 700, 6, 278703, 282416
100, 710, 6, 275732, 279134
100, 720, 6, 273668, 276960
100, 730, 6, 270377, 273317
100, 740, 6, 268702, 272708
100, 750, 6, 267351, 269674
100, 760, 6, 265935, 269114
100, 770, 6, 264333, 268449
100, 780, 6, 262028, 265865
100, 790, 6, 260171, 263291
100, 800, 6, 257294, 261487
100, 810, 6, 256269, 258622
100, 820, 6, 254607, 257277
100, 830, 6, 252307, 256198
100, 840, 6, 251520, 254746
100, 850, 6, 249987, 252990
100, 860, 6, 248552, 251894
100, 870, 6, 247553, 250525
100, 880, 6, 245836, 249572
100, 890, 6, 244752, 247227
100, 900, 6, 243199, 245489
100, 910, 6, 241916, 244768
100, 920, 6, 239978, 243801
100, 930, 6, 237653, 242158
100, 940, 6, 236365, 239483
100, 950, 6, 234935, 239433
100, 960, 6, 233982, 236689
100, 970, 6, 232550, 234998
100, 980, 6, 230532, 234914
100, 990, 6, 230439, 233062
100, 1000, 6, 229151, 231739
100, 1010, 6, 227739, 231552
100, 1020, 6, 226709, 229626
100, 1030, 6, 224822, 227672
100, 1040, 6, 223876, 228113
100, 1050, 6, 222753, 225385
100, 1060, 6, 221744, 224433
100, 1070, 6, 220721, 223491
100, 1080, 6, 219613, 222297
100, 1090, 6, 218580, 221212
100, 1100, 6, 217951, 219894
100, 1110, 6, 216862, 220565
100, 1120, 6, 215555, 217531
100, 1130, 6, 213726, 215873
100, 1140, 6, 213160, 215413
100, 1150, 6, 212109, 214462
100, 1160, 6, 209967, 214054
100, 1170, 6, 209451, 211279
100, 1180, 6, 208808, 210060
100, 1190, 6, 206834, 210605
100, 1200, 6, 206050, 208179
100, 1210, 6, 204146, 207848
100, 1220, 6, 203311, 205965
100, 1230, 6, 202599, 205376
100, 1240, 6, 201809, 205891
100, 1250, 6, 201295, 203466
100, 1260, 6, 200478, 203599
100, 1270, 6, 199288, 203520
100, 1280, 6, 198465, 201701
100, 1290, 6, 197853, 200568
100, 1300, 6, 196841, 200661
100, 1310, 6, 196378, 199480
100, 1320, 6, 195606, 198165
100, 1330, 6, 195369, 198078
100, 1340, 6, 194148, 197595
100, 1350, 6, 192336, 194540
100, 1360, 6, 190246, 193906
100, 1370, 6, 189617, 191912
100, 1380, 6, 188694, 192476
100, 1390, 6, 188058, 191580
100, 1400, 6, 187530, 190688
100, 1410, 6, 187117, 190221
100, 1420, 6, 186089, 189688
100, 1430, 6, 185659, 189304
100, 1440, 6, 184584, 187788
100, 1450, 6, 183914, 186499
100, 1460, 6, 183153, 186262
100, 1470, 6, 182285, 185188
100, 1480, 6, 180455, 183855
100, 1490, 6, 179957, 182165
100, 1500, 6, 179207, 181944
100, 1510, 6, 178005, 180649
100, 1520, 6, 176889, 179392
100, 1530, 6, 176349, 178405
100, 1540, 6, 176000, 179000
100, 1550, 6, 174285, 177163
100, 1560, 6, 173172, 176048
100, 1570, 6, 172695, 174219
100, 1580, 6, 171883, 174922
100, 1590, 6, 170986, 173384
100, 1600, 6, 170010, 173664
100, 1610, 6, 169546, 172649
100, 1620, 6, 169332, 171524
100, 1630, 6, 169182, 171813
100, 1640, 6, 167528, 170673
100, 1650, 6, 166657, 168578
100, 1660, 6, 166169, 169281
100, 1670, 6, 165536, 169264
100, 1680, 6, 164775, 168129
100, 1690, 6, 164464, 165905
100, 1700, 6, 163508, 166588
100, 1710, 6, 163132, 165593
100, 1720, 6, 162889, 166240
100, 1730, 6, 161692, 164394
100, 1740, 6, 160710, 162711
100, 1750, 6, 160113, 163433
100, 1760, 6, 159892, 160847
100, 1770, 6, 159238, 161841
100, 1780, 6, 158346, 160580
100, 1790, 6, 157918, 160848
100, 1800, 6, 157300, 160388
100, 1810, 6, 156587, 159916
100, 1820, 6, 155808, 158737
100, 1830, 6, 155329, 157170
100, 1840, 6, 154966, 157542
100, 1850, 6, 153304, 156311
100, 1860, 6, 152989, 155568
100, 1870, 6, 152854, 155174
100, 1880, 6, 152340, 155629
100, 1890, 6, 151566, 154624
100, 1900, 6, 151309, 154927
100, 1910, 6, 150546, 153663
100, 1920, 6, 150510, 153237
100, 1930, 6, 150173, 153593
100, 1940, 6, 149693, 151730
100, 1950, 6, 149298, 152943
100, 1960, 6, 148779, 150364
100, 1970, 6, 148359, 151121
100, 1980, 6, 147539, 150321
100, 1990, 6, 147037, 149027
100, 2000, 6, 146697, 148485
100, 2010, 6, 146566, 148756
100, 2020, 6, 146124, 148289
100, 2030, 6, 145772, 149057
100, 2040, 6, 145489, 147194
100, 2050, 6, 144377, 147653
100, 2060, 6, 144218, 146674
100, 2070, 6, 143698, 145928
100, 2080, 6, 143287, 146003
100, 2090, 6, 142925, 145967
100, 2100, 6, 142774, 144417
100, 2110, 6, 142601, 145521
100, 2120, 6, 142160, 144886
100, 2130, 6, 142036, 145172
100, 2140, 6, 141937, 143235
100, 2150, 6, 141720, 144298
100, 2160, 6, 141559, 144128
100, 2170, 6, 141488, 143935
100, 2180, 6, 140991, 143190
100, 2190, 6, 140759, 144304
100, 2200, 6, 139616, 144335
100, 2210, 6, 139416, 141616
100, 2220, 6, 138799, 140652
100, 2230, 6, 137984, 141361
100, 2240, 6, 136937, 140136
100, 2250, 6, 136288, 138933
100, 2260, 6, 136046, 138229
100, 2270, 6, 136013, 137800
100, 2280, 6, 135766, 138791
100, 2290, 6, 134920, 137433
100, 2300, 6, 134725, 137815
100, 2310, 6, 134035, 136009
100, 2320, 6, 133919, 137302
100, 2330, 6, 133900, 136573
100, 2340, 6, 133373, 135587
100, 2350, 6, 132861, 135245
100, 2360, 6, 132311, 134675
100, 2370, 6, 132149, 134626
100, 2380, 6, 131840, 134498
100, 2390, 6, 131252, 135474
100, 2400, 6, 131174, 133292
100, 2410, 6, 129885, 133754
100, 2420, 6, 129885, 131996
100, 2430, 6, 129644, 131836
100, 2440, 6, 128965, 131629
100, 2450, 6, 128762, 130313
100, 2460, 6, 128656, 131786
100, 2470, 6, 128060, 131115
100, 2480, 6, 127376, 129494
100, 2490, 6, 127120, 130259
100, 2500, 6, 126795, 129508
100, 2510, 6, 126600, 129182
100, 2520, 6, 126202, 129510
100, 2530, 6, 125866, 127819
100, 2540, 6, 125206, 128809
100, 2550, 6, 124801, 127343
100, 2560, 6, 124468, 126719
100, 2570, 6, 124462, 126269
100, 2580, 6, 124177, 127292
100, 2590, 6, 124032, 125514
100, 2600, 6, 123820, 125429
100, 2610, 6, 123628, 125966
100, 2620, 6, 123450, 125261
100, 2630, 6, 122935, 125500
100, 2640, 6, 122751, 125161
100, 2650, 6, 122592, 124320
100, 2660, 6, 122541, 124800
100, 2670, 6, 122334, 124575
100, 2680, 6, 122148, 124092
100, 2690, 6, 121471, 123639
100, 2700, 6, 120758, 123130
100, 2710, 6, 120626, 123063
100, 2720, 6, 120480, 122329
100, 2730, 6, 120108, 122778
100, 2740, 6, 119684, 123503
100, 2750, 6, 119603, 122254
100, 2760, 6, 119440, 122148
100, 2770, 6, 118881, 122296
100, 2780, 6, 118460, 121081
100, 2790, 6, 118013, 120972
100, 2800, 6, 117834, 120076
100, 2810, 6, 117048, 120148
100, 2820, 6, 116976, 118973
100, 2830, 6, 115904, 120090
100, 2840, 6, 115620, 118359
100, 2850, 6, 115444, 117677
100, 2860, 6, 114966, 119256
100, 2870, 6, 114661, 116658
100, 2880, 6, 114131, 117004
100, 2890, 6, 114073, 116481
100, 2900, 6, 113918, 116033
100, 2910, 6, 113745, 115950
100, 2920, 6, 113323, 117076
100, 2930, 6, 113088, 115325
100, 2940, 6, 113061, 113928
100, 2950, 6, 112386, 114663
100, 2960, 6, 112153, 114706
100, 2970, 6, 111894, 114332
100, 2980, 6, 111463, 114455
100, 2990, 6, 111081, 113784
100, 3000, 6, 110692, 113341
100, 3010, 6, 110362, 113076
100, 3020, 6, 110362, 112245
100, 3030, 6, 109699, 113640
100, 3040, 6, 109699, 113033
100, 3050, 6, 109639, 111678
100, 3060, 6, 109459, 111561
100, 3070, 6, 109110, 111456
100, 3080, 6, 109105, 110459
100, 3090, 6, 109040, 111018
100, 3100, 6, 108534, 111459
100, 3110, 6, 108336, 109776
100, 3120, 6, 107573, 110249
100, 3130, 6, 107385, 109560
100, 3140, 6, 107246, 109199
100, 3150, 6, 107246, 109467
100, 3160, 6, 106882, 109837
100, 3170, 6, 106752, 109100
100, 3180, 6, 106130, 108815
100, 3190, 6, 106130, 108522
100, 3200, 6, 105953, 107524
100, 3210, 6, 105766, 108258
100, 3220, 6, 105421, 107351
100, 3230, 6, 105421, 108284
100, 3240, 6, 105299, 108221
100, 3250, 6, 105222, 108745
100, 3260, 6, 105222, 106841
100, 3270, 6, 104801, 107764
100, 3280, 6, 104564, 107579
100, 3290, 6, 104162, 107575
100, 3300, 6, 103873, 104281
100, 3310, 6, 103605, 106683
100, 3320, 6, 103213, 105732
100, 3330, 6, 103100, 106240
100, 3340, 6, 102958, 105433
100, 3350, 6, 102699, 105032
100, 3360, 6, 102610, 105428
100, 3370, 6, 102524, 105133
100, 3380, 6, 102405, 104458
100, 3390, 6, 102282, 104253
100, 3400, 6, 101978, 104626
100, 3410, 6, 101589, 105073
100, 3420, 6, 101563, 102505
100, 3430, 6, 101199, 103657
100, 3440, 6, 100961, 103257
100, 3450, 6, 100686, 103679
100, 3460, 6, 100668, 103244
100, 3470, 6, 100492, 102909
100, 3480, 6, 100303, 103069
100, 3490, 6, 100116, 102869
100, 3500, 6, 99993, 102763
100, 3510, 6, 99885, 102191
100, 3520, 6, 99843, 101121
100, 3530, 6, 99626, 101568
100, 3540, 6, 99496, 101989
100, 3550, 6, 99496, 101793
100, 3560, 6, 99438, 100969
100, 3570, 6, 99340, 101982
100, 3580, 6, 99146, 100916
100, 3590, 6, 98956, 101638
100, 3600, 6, 98854, 100998
100, 3610, 6, 98854, 101242
100, 3620, 6, 98769, 101120
100, 3630, 6, 98587, 101237
100, 3640, 6, 98455, 99714
100, 3650, 6, 98455, 100829
100, 3660, 6, 98455, 101431
100, 3670, 6, 98396, 101216
100, 3680, 6, 98306, 100762
100, 3690, 6, 98115, 98748
100, 3700, 6, 98056, 101404
100, 3710, 6, 97740, 99910
100, 3720, 6, 97545, 99298
100, 3730, 6, 97421, 99037
100, 3740, 6, 97097, 98754
100, 3750, 6, 96685, 98696
100, 3760, 6, 96312, 99043
100, 3770, 6, 96182, 96839
100, 3780, 6, 95786, 96196
100, 3790, 6, 95786, 97343
100, 3800, 6, 95675, 97976
100, 3810, 6, 95494, 97277
100, 3820, 6, 95365, 97768
100, 3830, 6, 94919, 97759
100, 3840, 6, 94805, 97141
100, 3850, 6, 94538, 96754
100, 3860, 6, 94538, 96529
100, 3870, 6, 94511, 95125
100, 3880, 6, 94165, 95816
100, 3890, 6, 94099, 95422
100, 3900, 6, 94069, 95564
100, 3910, 6, 93909, 96180
100, 3920, 6, 93909, 95292
100, 3930, 6, 93909, 96591
100, 3940, 6, 93709, 95074
100, 3950, 6, 92853, 94579
100, 3960, 6, 92788, 93800
100, 3970, 6, 92706, 93768
100, 3980, 6, 92581, 95334
100, 3990, 6, 92181, 93952
100, 4000, 6, 92137, 94624
100, 4010, 6, 91989, 95896
100, 4020, 6, 91815, 94545
100, 4030, 6, 91658, 92597
100, 4040, 6, 91411, 93509
100, 4050, 6, 91411, 93583
100, 4060, 6, 91245, 92315
100, 4070, 6, 91186, 93080
100, 4080, 6, 91153, 93344
100, 4090, 6, 91047, 91611
100, 4100, 6, 90241, 91944
100, 4110, 6, 90241, 92009
100, 4120, 6, 89946, 91734
100, 4130, 6, 89946, 91487
100, 4140, 6, 89851, 91021
100, 4150, 6, 89466, 91917
100, 4160, 6, 89440, 91046
100, 4170, 6, 89440, 91029
100, 4180, 6, 89421, 90315
100, 4190, 6, 89421, 91295
100, 4200, 6, 89421, 91940
100, 4210, 6, 89405, 89421
100, 4220, 6, 88966, 91150
100, 4230, 6, 88966, 91619
100, 4240, 6, 88931, 91195
100, 4250, 6, 88882, 91199
100, 4260, 6, 88882, 90548
100, 4270, 6, 88617, 90098
100, 4280, 6, 88502, 89521
100, 4290, 6, 88502, 89945
100, 4300, 6, 88401, 89866
100, 4310, 6, 88385, 89672
100, 4320, 6, 88261, 91043
100, 4330, 6, 87797, 89706
100, 4340, 6, 87797, 90725
100, 4350, 6, 87689, 90168
100, 4360, 6, 87514, 89809
100, 4370, 6, 87490, 88313
100, 4380, 6, 87490, 89850
100, 4390, 6, 87318, 89483
100, 4400, 6, 87157, 89094
100, 4410, 6, 87157, 89206
100, 4420, 6, 87140, 88939
100, 4430, 6, 87140, 87478
100, 4440, 6, 87057, 90076
100, 4450, 6, 87057, 89283
100, 4460, 6, 86911, 88876
100, 4470, 6, 86847, 87482
100, 4480, 6, 86847, 89303
100, 4490, 6, 86822, 89245
100, 4500, 6, 86822, 89170
100, 4510, 6, 86792, 89590
100, 4520, 6, 86792, 88578
100, 4530, 6, 86740, 89421
100, 4540, 6, 86654, 88537
100, 4550, 6, 86463, 88967
100, 4560, 6, 86411, 88634
100, 4570, 6, 86357, 88886
100, 4580, 6, 86302, 87844
100, 4590, 6, 86281, 87596
100, 4600, 6, 85996, 88518
100, 4610, 6, 85996, 88635
100, 4620, 6, 85878, 86765
100, 4630, 6, 85850, 85878
100, 4640, 6, 85825, 86863
100, 4650, 6, 85751, 88601
100, 4660, 6, 85751, 88571
100, 4670, 6, 85751, 88108
100, 4680, 6, 85650, 86433
100, 4690, 6, 85102, 87429
100, 4700, 6, 84936, 85803
100, 4710, 6, 84853, 86595
100, 4720, 6, 84845, 86218
100, 4730, 6, 84802, 86339
100, 4740, 6, 84767, 86001
100, 4750, 6, 84502, 86901
100, 4760, 6, 84502, 86551
100, 4770, 6, 84201, 86488
100, 4780, 6, 84151, 86401
100, 4790, 6, 84151, 85507
100, 4800, 6, 84119, 86101
100, 4810, 6, 84112, 85917
100, 4820, 6, 84069, 86133
100, 4830, 6, 83793, 85084
100, 4840, 6, 83793, 86728
100, 4850, 6, 83793, 85428
100, 4860, 6, 83793, 85972
100, 4870, 6, 83769, 86194
100, 4880, 6, 83493, 85635
100, 4890, 6, 83493, 85196
100, 4900, 6, 83323, 85717
100, 4910, 6, 83323, 83323
100, 4920, 6, 83287, 86468
100, 4930, 6, 83283, 85289
100, 4940, 6, 83157, 85548
100, 4950, 6, 83068, 84841
100, 4960, 6, 82358, 84658
100, 4970, 6, 82233, 84461
100, 4980, 6, 82233, 82233
100, 4990, 6, 81824, 84946
100, 5000, 6, 81789, 83617
100, 5010, 6, 81776, 83939
100, 5020, 6, 81675, 84052
100, 5030, 6, 81675, 82168
100, 5040, 6, 81556, 83891
100, 5050, 6, 81530, 82233
100, 5060, 6, 81471, 82891
100, 5070, 6, 81471, 84673
100, 5080, 6, 81364, 82105
100, 5090, 6, 81364, 81932
100, 5100, 6, 81364, 83401
100, 5110, 6, 81364, 82963
100, 5120, 6, 81364, 81364
100, 5130, 6, 81363, 83362
100, 5140, 6, 81363, 82721
100, 5150, 6, 81332, 82681
100, 5160, 6, 81267, 83470
100, 5170, 6, 81263, 82585
100, 5180, 6, 80947, 83063
100, 5190, 6, 80947, 83330
100, 5200, 6, 80806, 83731
100, 5210, 6, 80806, 81543
100, 5220, 6, 80750, 81854
100, 5230, 6, 80750, 81731
100, 5240, 6, 80750, 82962
100, 5250, 6, 80608, 82185
100, 5260, 6, 80393, 82372
100, 5270, 6, 80309, 82524
100, 5280, 6, 80282, 81731
100, 5290, 6, 80037, 81231
100, 5300, 6, 80037, 83344
100, 5310, 6, 80037, 81260
100, 5320, 6, 79739, 82035
100, 5330, 6, 79739, 80906
100, 5340, 6, 79662, 81093
100, 5350, 6, 79662, 81041
100, 5360, 6, 79539, 81422
100, 5370, 6, 79505, 81223
100, 5380, 6, 79505, 79899
100, 5390, 6, 79505, 80662
100, 5400, 6, 79125, 80395
100, 5410, 6, 79094, 81204
100, 5420, 6, 79094, 80515
100, 5430, 6, 79094, 80124
100, 5440, 6, 79094, 79694
100, 5450, 6, 79004, 81293
100, 5460, 6, 79004, 80668
100, 5470, 6, 79004, 80230
100, 5480, 6, 79004, 80968
100, 5490, 6, 78857, 80888
100, 5500, 6, 78857, 79669
100, 5510, 6, 78857, 81188
100, 5520, 6, 78521, 79609
100, 5530, 6, 78340, 80135
100, 5540, 6, 78340, 80861
100, 5550, 6, 78169, 78666
100, 5560, 6, 78169, 79699
100, 5570, 6, 78111, 79909
100, 5580, 6, 77906, 79616
100, 5590, 6, 77847, 77906
100, 5600, 6, 77847, 79982
100, 5610, 6, 77746, 78809
100, 5620, 6, 77746, 79536
100, 5630, 6, 77663, 80088
100, 5640, 6, 77663, 77663
100, 5650, 6, 77615, 78013
100, 5660, 6, 77463, 79145
100, 5670, 6, 77415, 79308
100, 5680, 6, 77415, 79012
100, 5690, 6, 77415, 77792
100, 5700, 6, 77415, 78294
100, 5710, 6, 77415, 79919
100, 5720, 6, 77415, 79273
100, 5730, 6, 77310, 79684
100, 5740, 6, 77310, 78970
100, 5750, 6, 77285, 78834
100, 5760, 6, 77285, 78631
100, 5770, 6, 77161, 78177
100, 5780, 6, 77161, 77161
100, 5790, 6, 77161, 77950
100, 5800, 6, 77161, 77161
100, 5810, 6, 77161, 78061
100, 5820, 6, 77161, 78807
100, 5830, 6, 77161, 78377
100, 5840, 6, 77085, 78104
100, 5850, 6, 77026, 77161
100, 5860, 6, 76911, 78580
100, 5870, 6, 76911, 78705
100, 5880, 6, 76911, 78996
100, 5890, 6, 76695, 78702
100, 5900, 6, 76589, 79019
100, 5910, 6, 76504, 78837
100, 5920, 6, 76504, 78491
100, 5930, 6, 76396, 78820
100, 5940, 6, 76373, 76396
100, 5950, 6, 76373, 77281
100, 5960, 6, 76314, 76373
100, 5970, 6, 76314, 79725
100, 5980, 6, 76314, 77592
100, 5990, 6, 76314, 77734
100, 6000, 6, 76314, 76314
100, 6010, 6, 76301, 76314
100, 6020, 6, 76219, 78487
100, 6030, 6, 76109, 77302
100, 6040, 6, 76100, 77809
100, 6050, 6, 76100, 76700
100, 6060, 6, 76092, 78189
100, 6070, 6, 76092, 77999
100, 6080, 6, 76092, 77208
100, 6090, 6, 75970, 77683
100, 6100, 6, 75970, 75970
100, 6110, 6, 75938, 77826
100, 6120, 6, 75938, 75938
100, 6130, 6, 75920, 76216
100, 6140, 6, 75759, 75920
100, 6150, 6, 75726, 76326
100, 6160, 6, 75642, 77567
100, 6170, 6, 75642, 76210
100, 6180, 6, 75574, 77080
100, 6190, 6, 75556, 75574
100, 6200, 6, 75556, 77519
100, 6210, 6, 75556, 77857
100, 6220, 6, 75282, 76015
100, 6230, 6, 74763, 75503
100, 6240, 6, 74745, 74763
100, 6250, 6, 74745, 76328
100, 6260, 6, 74662, 75368
100, 6270, 6, 74662, 76231
100, 6280, 6, 74662, 74933
100, 6290, 6, 74662, 75744
100, 6300, 6, 74662, 77313
100, 6310, 6, 74662, 75450
100, 6320, 6, 74657, 76415
100, 6330, 6, 74651, 77695
100, 6340, 6, 74592, 75954
100, 6350, 6, 74493, 76288
100, 6360, 6, 74437, 74902
100, 6370, 6, 74437, 75640
100, 6380, 6, 74404, 76556
100, 6390, 6, 74404, 75362
100, 6400, 6, 74292, 74292
100, 6410, 6, 74280, 75317
100, 6420, 6, 74280, 74784
100, 6430, 6, 73970, 74053
100, 6440, 6, 73945, 75686
100, 6450, 6, 73945, 75313
100, 6460, 6, 73945, 74627
100, 6470, 6, 73904, 75402
100, 6480, 6, 73904, 76028
100, 6490, 6, 73896, 76392
100, 6500, 6, 73896, 76283
100, 6510, 6, 73896, 76544
100, 6520, 6, 73795, 76113
100, 6530, 6, 73795, 73795
100, 6540, 6, 73542, 75214
100, 6550, 6, 73542, 75092
100, 6560, 6, 73542, 73542
100, 6570, 6, 73466, 75475
100, 6580, 6, 73466, 75287
100, 6590, 6, 73466, 74877
100, 6600, 6, 73466, 74220
100, 6610, 6, 73450, 75380
100, 6620, 6, 73450, 74004
100, 6630, 6, 73443, 73450
100, 6640, 6, 73443, 73443
100, 6650, 6, 73442, 73443
100, 6660, 6, 73114, 74527
100, 6670, 6, 73114, 75780
100, 6680, 6, 73114, 75432
100, 6690, 6, 73055, 74271
100, 6700, 6, 73055, 74658
100, 6710, 6, 73049, 74168
100, 6720, 6, 72849, 74532
100, 6730, 6, 72819, 72965
100, 6740, 6, 72819, 74125
100, 6750, 6, 72720, 74043
100, 6760, 6, 72714, 72720
100, 6770, 6, 72638, 73205
100, 6780, 6, 72612, 74109
100, 6790, 6, 72612, 73395
100, 6800, 6, 72612, 74644
100, 6810, 6, 72612, 73799
100, 6820, 6, 72612, 73355
100, 6830, 6, 72499, 73633
100, 6840, 6, 72499, 73601
100, 6850, 6, 72499, 72499
100, 6860, 6, 72458, 72658
100, 6870, 6, 72458, 73221
100, 6880, 6, 72458, 74041
100, 6890, 6, 72458, 73589
100, 6900, 6, 72368, 72542
100, 6910, 6, 72368, 74096
100, 6920, 6, 72253, 73554
100, 6930, 6, 72253, 72253
100, 6940, 6, 72158, 72906
100, 6950, 6, 72158, 72158
100, 6960, 6, 72118, 73156
100, 6970, 6, 72095, 75124
100, 6980, 6, 72095, 74639
100, 6990, 6, 72095, 74632
100, 7000, 6, 72095, 73290
100, 7010, 6, 72039, 73646
100, 7020, 6, 72039, 74366
100, 7030, 6, 72039, 74155
100, 7040, 6, 72039, 73357
100, 7050, 6, 72039, 72039
100, 7060, 6, 71983, 72298
100, 7070, 6, 71901, 71983
100, 7080, 6, 71860, 72975
100, 7090, 6, 71860, 72209
100, 7100, 6, 71860, 72555
100, 7110, 6, 71860, 71860
100, 7120, 6, 71860, 74668
100, 7130, 6, 71660, 72387
100, 7140, 6, 71660, 71660
100, 7150, 6, 71601, 71605
100, 7160, 6, 71528, 71546
100, 7170, 6, 71528, 72375
100, 7180, 6, 71353, 71528
100, 7190, 6, 71353, 71882
100, 7200, 6, 71353, 71545
100, 7210, 6, 71294, 72556
100, 7220, 6, 71098, 71294
100, 7230, 6, 70898, 72173
100, 7240, 6, 70733, 72078
100, 7250, 6, 70733, 71287
100, 7260, 6, 70550, 70550
100, 7270, 6, 70550, 71814
100, 7280, 6, 70550, 72973
100, 7290, 6, 70478, 70550
100, 7300, 6, 70478, 71414
100, 7310, 6, 70478, 70478
100, 7320, 6, 70437, 70478
100, 7330, 6, 70301, 70478
100, 7340, 6, 70299, 70913
100, 7350, 6, 70299, 70299
100, 7360, 6, 70281, 70299
100, 7370, 6, 70264, 71375
100, 7380, 6, 70246, 71872
100, 7390, 6, 70046, 70246
100, 7400, 6, 69824, 69864
100, 7410, 6, 69824, 71092
100, 7420, 6, 69624, 69877
100, 7430, 6, 69624, 70624
100, 7440, 6, 69624, 71741
100, 7450, 6, 69624, 71453
100, 7460, 6, 69616, 70434
100, 7470, 6, 69616, 69616
100, 7480, 6, 69616, 70740
100, 7490, 6, 69616, 69616
100, 7500, 6, 69616, 70331
100, 7510, 6, 69616, 69616
100, 7520, 6, 69587, 71168
100, 7530, 6, 69572, 69587
100, 7540, 6, 69434, 70067
100, 7550, 6, 69434, 69434
100, 7560, 6, 69434, 71062
100, 7570, 6, 69434, 71555
100, 7580, 6, 69434, 70725
100, 7590, 6, 69375, 69434
100, 7600, 6, 69375, 70765
100, 7610, 6, 69375, 69375
100, 7620, 6, 69351, 69375
100, 7630, 6, 69351, 71431
100, 7640, 6, 69351, 69351
100, 7650, 6, 69268, 69451
100, 7660, 6, 69268, 71336
100, 7670, 6, 69268, 69268
100, 7680, 6, 69268, 69867
100, 7690, 6, 69175, 70240
100, 7700, 6, 69151, 70277
100, 7710, 6, 69151, 70902
100, 7720, 6, 69151, 70972
100, 7730, 6, 69151, 69151
100, 7740, 6, 69048, 70033
100, 7750, 6, 68982, 70126
100, 7760, 6, 68982, 68982
100, 7770, 6, 68982, 69985
100, 7780, 6, 68982, 68982
100, 7790, 6, 68982, 70541
100, 7800, 6, 68982, 68982
100, 7810, 6, 68982, 70124
100, 7820, 6, 68982, 70059
100, 7830, 6, 68982, 68982
100, 7840, 6, 68920, 70651
100, 7850, 6, 68920, 70230
100, 7860, 6, 68920, 68920
100, 7870, 6, 68920, 70721
100, 7880, 6, 68889, 68920
100, 7890, 6, 68889, 70048
100, 7900, 6, 68889, 69877
100, 7910, 6, 68889, 70165
100, 7920, 6, 68836, 68889
100, 7930, 6, 68836, 69714
100, 7940, 6, 68836, 68836
100, 7950, 6, 68836, 68836
100, 7960, 6, 68836, 68836
100, 7970, 6, 68836, 70012
100, 7980, 6, 68820, 68836
100, 7990, 6, 68820, 68820
100, 8000, 6, 68820, 68820
100, 8010, 6, 68820, 70596
100, 8020, 6, 68728, 69682
100, 8030, 6, 68704, 68728
100, 8040, 6, 68704, 68704
100, 8050, 6, 68704, 69704
100, 8060, 6, 68704, 68704
100, 8070, 6, 68645, 68704
100, 8080, 6, 68645, 69661
100, 8090, 6, 68645, 69172
100, 8100, 6, 68645, 70219
100, 8110, 6, 68522, 68942
100, 8120, 6, 68522, 68522
100, 8130, 6, 68522, 68746
100, 8140, 6, 68403, 69910
100, 8150, 6, 68386, 68403
100, 8160, 6, 68386, 68386
100, 8170, 6, 68386, 68386
100, 8180, 6, 68386, 68386
100, 8190, 6, 68386, 70395
100, 8200, 6, 68379, 68386
100, 8210, 6, 68379, 68379
100, 8220, 6, 68379, 68808
100, 8230, 6, 68379, 68379
100, 8240, 6, 68379, 68379
100, 8250, 6, 68379, 70555
100, 8260, 6, 68379, 68811
100, 8270, 6, 68379, 68379
100, 8280, 6, 68379, 68379
100, 8290, 6, 68379, 68379
100, 8300, 6, 68379, 68379
100, 8310, 6, 68379, 68379
100, 8320, 6, 68379, 69559
100, 8330, 6, 68379, 68379
100, 8340, 6, 68278, 69734
100, 8350, 6, 68278, 68278
100, 8360, 6, 68278, 68278
100, 8370, 6, 68144, 68278
100, 8380, 6, 68079, 68144
100, 8390, 6, 67769, 69135
100, 8400, 6, 67769, 69056
100, 8410, 6, 67686, 67769
100, 8420, 6, 67686, 67686
100, 8430, 6, 67611, 67807
100, 8440, 6, 67611, 67611
100, 8450, 6, 67551, 67552
100, 8460, 6, 67551, 67551
100, 8470, 6, 67551, 69807
100, 8480, 6, 67551, 68613
100, 8490, 6, 67551, 68951
100, 8500, 6, 67541, 67541
100, 8510, 6, 67425, 67541
100, 8520, 6, 67425, 68956
100, 8530, 6, 67366, 67425
100, 8540, 6, 67262, 68010
100, 8550, 6, 67232, 67262
100, 8560, 6, 67232, 68374
100, 8570, 6, 67232, 68316
100, 8580, 6, 67222, 69051
100, 8590, 6, 67222, 68751
100, 8600, 6, 67222, 67222
100, 8610, 6, 67222, 67222
100, 8620, 6, 67175, 67873
100, 8630, 6, 67086, 67086
100, 8640, 6, 67086, 68086
100, 8650, 6, 67025, 67025
100, 8660, 6, 67025, 68657
100, 8670, 6, 67025, 67025
100, 8680, 6, 66884, 67082
100, 8690, 6, 66808, 68447
100, 8700, 6, 66808, 69176
100, 8710, 6, 66808, 67018
100, 8720, 6, 66808, 66808
100, 8730, 6, 66808, 67833
100, 8740, 6, 66808, 66808
100, 8750, 6, 66808, 66808
100, 8760, 6, 66808, 67749
100, 8770, 6, 66808, 66808
100, 8780, 6, 66808, 67684
100, 8790, 6, 66808, 66808
100, 8800, 6, 66808, 66808
100, 8810, 6, 66808, 67974
100, 8820, 6, 66725, 66808
100, 8830, 6, 66725, 66725
100, 8840, 6, 66725, 66725
100, 8850, 6, 66657, 67939
100, 8860, 6, 66657, 66657
100, 8870, 6, 66367, 66657
100, 8880, 6, 66367, 66367
100, 8890, 6, 66367, 67575
100, 8900, 6, 66367, 66367
100, 8910, 6, 66367, 66367
100, 8920, 6, 66367, 66367
100, 8930, 6, 66120, 66367
100, 8940, 6, 66120, 66928
100, 8950, 6, 66120, 66120
100, 8960, 6, 66120, 66120
100, 8970, 6, 66120, 68239
100, 8980, 6, 66120, 66120
100, 8990, 6, 66090, 67927
100, 9000, 6, 66090, 66090
100, 9010, 6, 65658, 65713
100, 9020, 6, 65658, 67027
100, 9030, 6, 65658, 66606
100, 9040, 6, 65658, 66698
100, 9050, 6, 65658, 65658
100, 9060, 6, 65599, 66368
100, 9070, 6, 65599, 67619
100, 9080, 6, 65599, 66917
100, 9090, 6, 65599, 65599
100, 9100, 6, 65599, 65599
100, 9110, 6, 65562, 65599
100, 9120, 6, 65369, 65562
100, 9130, 6, 65369, 65369
100, 9140, 6, 65369, 65369
100, 9150, 6, 65369, 66335
100, 9160, 6, 65369, 65369
100, 9170, 6, 65145, 65285
100, 9180, 6, 65145, 65145
100, 9190, 6, 65145, 65145
100, 9200, 6, 65145, 65145
100, 9210, 6, 65145, 65145
100, 9220, 6, 65145, 65145
100, 9230, 6, 65145, 66366
100, 9240, 6, 65145, 65145
100, 9250, 6, 65145, 65145
100, 9260, 6, 65145, 65545
100, 9270, 6, 65145, 65217
100, 9280, 6, 65145, 65145
100, 9290, 6, 65145, 65145
100, 9300, 6, 65145, 65145
100, 9310, 6, 65145, 65145
100, 9320, 6, 65145, 65145
100, 9330, 6, 65145, 65145
100, 9340, 6, 65145, 66477
100, 9350, 6, 65121, 65145
100, 9360, 6, 65121, 65121
100, 9370, 6, 65121, 65121
100, 9380, 6, 65121, 66190
100, 9390, 6, 65121, 65121
100, 9400, 6, 65109, 66416
100, 9410, 6, 65078, 65109
100, 9420, 6, 65078, 65078
100, 9430, 6, 65056, 65078
100, 9440, 6, 64924, 64924
100, 9450, 6, 64924, 64924
100, 9460, 6, 64839, 64839
100, 9470, 6, 64839, 64839
100, 9480, 6, 64810, 67569
100, 9490, 6, 64746, 65222
100, 9500, 6, 64746, 65586
100, 9510, 6, 64746, 64746
100, 9520, 6, 64746, 64746
100, 9530, 6, 64688, 64746
100, 9540, 6, 64688, 64688
100, 9550, 6, 64688, 64688
100, 9560, 6, 64688, 64688
100, 9570, 6, 64646, 64688
100, 9580, 6, 64646, 64646
100, 9590, 6, 64646, 64646
100, 9600, 6, 64646, 65473
100, 9610, 6, 64646, 64646
100, 9620, 6, 64646, 65693
100, 9630, 6, 64646, 64646
100, 9640, 6, 64646, 64646
100, 9650, 6, 64563, 65427
100, 9660, 6, 64540, 64796
100, 9670, 6, 64540, 64540
100, 9680, 6, 64458, 65258
100, 9690, 6, 64458, 65429
100, 9700, 6, 64458, 65058
100, 9710, 6, 64458, 64458
100, 9720, 6, 64458, 65193
100, 9730, 6, 64458, 64458
100, 9740, 6, 64458, 65849
100, 9750, 6, 64458, 64458
100, 9760, 6, 64458, 65032
100, 9770, 6, 64316, 64458
100, 9780, 6, 64316, 64316
100, 9790, 6, 64316, 64316
100, 9800, 6, 64316, 65179
100, 9810, 6, 64316, 64316
100, 9820, 6, 64216, 64316
100, 9830, 6, 64209, 64216
100, 9840, 6, 64209, 64209
100, 9850, 6, 64209, 65415
100, 9860, 6, 64209, 65195
100, 9870, 6, 64209, 64209
100, 9880, 6, 64133, 64133
100, 9890, 6, 64133, 64325
100, 9900, 6, 64050, 64133
100, 9910, 6, 64050, 64362
100, 9920, 6, 63992, 64050
100, 9930, 6, 63907, 63992
100, 9940, 6, 63907, 63907
100, 9950, 6, 63907, 63907
100, 9960, 6, 63907, 64204
100, 9970, 6, 63907, 63907
100, 9980, 6, 63707, 63907
100, 9990, 6, 63707, 63707
100, 10000, 6, 63707, 63707
100, 10010, 6, 63707, 63707
100, 10020, 6, 63707, 63707
100, 10030, 6, 63707, 63707
100, 10040, 6, 63634, 63707
100, 10050, 6, 63575, 63634
100, 10060, 6, 63575, 63575
100, 10070, 6, 63575, 63575
100, 10080, 6, 63575, 63575
100, 10090, 6, 63390, 64665
100, 10100, 6, 63190, 63390
100, 10110, 6, 63190, 63190
100, 10120, 6, 63190, 63190
100, 10130, 6, 63190, 63190
100, 10140, 6, 63121, 63190
100, 10150, 6, 63121, 64654
100, 10160, 6, 63121, 63121
100, 10170, 6, 63121, 63121
100, 10180, 6, 63121, 63121
100, 10190, 6, 63121, 63121
100, 10200, 6, 63121, 63121
100, 10210, 6, 63121, 63121
100, 10220, 6, 63121, 63121
100, 10230, 6, 63121, 63121
100, 10240, 6, 63121, 64357
100, 10250, 6, 63020, 63121
100, 10260, 6, 62913, 63020
100, 10270, 6, 62913, 62913
100, 10280, 6, 62913, 62913
100, 10290, 6, 62913, 63780
100, 10300, 6, 62913, 63439
100, 10310, 6, 62913, 63134
100, 10320, 6, 62913, 62913
100, 10330, 6, 62913, 62913
100, 10340, 6, 62760, 62913
100, 10350, 6, 62705, 62760
100, 10360, 6, 62705, 62760
100, 10370, 6, 62705, 62705
100, 10380, 6, 62705, 62804
100, 10390, 6, 62507, 62705
100, 10400, 6, 62507, 62507
100, 10410, 6, 62507, 62507
100, 10420, 6, 62507, 62507
100, 10430, 6, 62507, 62507
100, 10440, 6, 62507, 62507
100, 10450, 6, 62507, 62507
100, 10460, 6, 62507, 62507
100, 10470, 6, 62483, 62507
100, 10480, 6, 62483, 64016
100, 10490, 6, 62483, 62483
100, 10500, 6, 62451, 63263
100, 10510, 6, 62451, 62451
100, 10520, 6, 62451, 62451
100, 10530, 6, 62451, 62451
100, 10540, 6, 62451, 62451
100, 10550, 6, 62451, 62451
100, 10560, 6, 62451, 62451
100, 10570, 6, 62451, 62451
100, 10580, 6, 62392, 62392
100, 10590, 6, 62392, 62716
100, 10600, 6, 62392, 63570
100, 10610, 6, 62132, 62132
100, 10620, 6, 62132, 62132
100, 10630, 6, 62132, 62132
100, 10640, 6, 62132, 62132
100, 10650, 6, 62132, 62132
100, 10660, 6, 62132, 62132
100, 10670, 6, 62132, 62132
100, 10680, 6, 62132, 62132
100, 10690, 6, 62132, 62132
100, 10700, 6, 62132, 62132
100, 10710, 6, 62132, 62132
100, 10720, 6, 62132, 62132
100, 10730, 6, 62132, 62132
100, 10740, 6, 62131, 62132
100, 10750, 6, 62131, 62131
100, 10760, 6, 62131, 62131
100, 10770, 6, 62131, 62131
100, 10780, 6, 62131, 62131
100, 10790, 6, 62131, 62131
100, 10800, 6, 62131, 62131
100, 10810, 6, 62131, 62131
100, 10820, 6, 62131, 62131
100, 10830, 6, 62131, 62505
100, 10840, 6, 62131, 62131
100, 10850, 6, 62131, 62131
100, 10860, 6, 62131, 62131
100, 10870, 6, 62131, 62131
100, 10880, 6, 62131, 62131
100, 10890, 6, 62131, 62131
100, 10900, 6, 62007, 62007
100, 10910, 6, 62007, 62007
100, 10920, 6, 61822, 62007
100, 10930, 6, 61822, 61822
100, 10940, 6, 61822, 61822
100, 10950, 6, 61822, 61822
100, 10960, 6, 61822, 61822
100, 10970, 6, 61822, 61822
100, 10980, 6, 61822, 61822
100, 10990, 6, 61822, 61822
100, 11000, 6, 61822, 61822
100, 11010, 6, 61822, 61822
100, 11020, 6, 61822, 61822
100, 11030, 6, 61822, 61822
100, 11040, 6, 61822, 61822
100, 11050, 6, 61822, 61822
100, 11060, 6, 61822, 61822
100, 11070, 6, 61822, 61822
100, 11080, 6, 61822, 61822
100, 11090, 6, 61734, 61822
100, 11100, 6, 61734, 62922
100, 11110, 6, 61734, 61734
100, 11120, 6, 61734, 61734
100, 11130, 6, 61734, 61734
100, 11140, 6, 61734, 61734
100, 11150, 6, 61734, 62491
100, 11160, 6, 61734, 61734
100, 11170, 6, 61734, 61734
100, 11180, 6, 61734, 61734
100, 11190, 6, 61734, 61734
100, 11200, 6, 61734, 61734
100, 11210, 6, 61734, 61734
100, 11220, 6, 61734, 61734
100, 11230, 6, 61734, 61734
100, 11240, 6, 61558, 61734
100, 11250, 6, 61558, 61558
100, 11260, 6, 61558, 61558
100, 11270, 6, 61558, 61558
100, 11280, 6, 61558, 61558
100, 11290, 6, 61558, 61558
100, 11300, 6, 61558, 61558
100, 11310, 6, 61558, 61558
100, 11320, 6, 61558, 61558
100, 11330, 6, 61558, 61558
100, 11340, 6, 61558, 61558
100, 11350, 6, 61558, 61558
100, 11360, 6, 61558, 61558
100, 11370, 6, 61558, 61558
100, 11380, 6, 61558, 61558
100, 11390, 6, 61558, 61558
100, 11400, 6, 61558, 61558
100, 11410, 6, 61558, 61558
100, 11420, 6, 61475, 61558
100, 11430, 6, 61475, 61475
100, 11440, 6, 61159, 61475
100, 11450, 6, 61159, 61159
100, 11460, 6, 61159, 61159
100, 11470, 6, 61159, 61159
100, 11480, 6, 61159, 61159
100, 11490, 6, 61159, 61159
100, 11500, 6, 61159, 61159
100, 11510, 6, 61159, 61159
100, 11520, 6, 61159, 61159
100, 11530, 6, 61159, 61159
100, 11540, 6, 61159, 61159
100, 11550, 6, 61159, 61159
100, 11560, 6, 61159, 61159
100, 11570, 6, 61159, 61159
100, 11580, 6, 61159, 61159
100, 11590, 6, 61004, 61159
100, 11600, 6, 60946, 61076
100, 11610, 6, 60946, 60946
100, 11620, 6, 60946, 60946
100, 11630, 6, 60946, 60946
100, 11640, 6, 60946, 62131
100, 11650, 6, 60946, 60946
100, 11660, 6, 60887, 60946
100, 11670, 6, 60887, 60887
100, 11680, 6, 60887, 60887
100, 11690, 6, 60887, 60887
100, 11700, 6, 60887, 60887
100, 11710, 6, 60887, 60887
100, 11720, 6, 60887, 60887
100, 11730, 6, 60887, 60887
100, 11740, 6, 60887, 60887
100, 11750, 6, 60887, 60887
100, 11760, 6, 60887, 60887
100, 11770, 6, 60887, 60887
100, 11780, 6, 60887, 60887
100, 11790, 6, 60887, 60887
100, 11800, 6, 60887, 60887
100, 11810, 6, 60887, 61813
100, 11820, 6, 60887, 60887
100, 11830, 6, 60887, 60887
100, 11840, 6, 60887, 60887
100, 11850, 6, 60812, 60887
100, 11860, 6, 60812, 60812
100, 11870, 6, 60812, 60812
100, 11880, 6, 60812, 60812
100, 11890, 6, 60812, 60812
100, 11900, 6, 60765, 60794
100, 11910, 6, 60765, 60765
100, 11920, 6, 60765, 60765
100, 11930, 6, 60765, 60765
100, 11940, 6, 60765, 60765
100, 11950, 6, 60765, 60765
100, 11960, 6, 60606, 60765
100, 11970, 6, 60606, 60606
100, 11980, 6, 60598, 60606
100, 11990, 6, 60598, 60598
100, 12000, 6, 60557, 60598
100, 12010, 6, 60557, 60557
100, 12020, 6, 60557, 60557
100, 12030, 6, 60557, 60557
100, 12040, 6, 60557, 60557
100, 12050, 6, 60545, 60545
100, 12060, 6, 60545, 60545
100, 12070, 6, 60545, 60545
100, 12080, 6, 60545, 60545
100, 12090, 6, 60545, 60545
100, 12100, 6, 60463, 60545
100, 12110, 6, 60463, 60463
100, 12120, 6, 60463, 60463
100, 12130, 6, 60463, 60463
100, 12140, 6, 60463, 60463
100, 12150, 6, 60463, 60463
100, 12160, 6, 60463, 60463
100, 12170, 6, 60463, 60463
100, 12180, 6, 60463, 60918
100, 12190, 6, 60463, 60463
100, 12200, 6, 60463, 60463
100, 12210, 6, 60463, 60463
100, 12220, 6, 60463, 60463
100, 12230, 6, 60463, 60463
100, 12240, 6, 60463, 60463
100, 12250, 6, 60422, 60463
100, 12260, 6, 60422, 60422
100, 12270, 6, 60422, 60422
100, 12280, 6, 60422, 60422
100, 12290, 6, 60422, 60422
100, 12300, 6, 60422, 60422
100, 12310, 6, 60422, 60422
100, 12320, 6, 60422, 60422
100, 12330, 6, 60422, 60422
100, 12340, 6, 60422, 60422
100, 12350, 6, 60422, 60422
100, 12360, 6, 60422, 60422
100, 12370, 6, 60422, 60422
100, 12380, 6, 60422, 60422
100, 12390, 6, 60422, 60422
100, 12400, 6, 60422, 60422
100, 12410, 6, 60422, 60422
100, 12420, 6, 60422, 60422
100, 12430, 6, 60422, 60422
100, 12440, 6, 60422, 60422
100, 12450, 6, 60422, 60422
100, 12460, 6, 60422, 60422
100, 12470, 6, 60422, 60422
100, 12480, 6, 60422, 60422
100, 12490, 6, 60422, 60422
100, 12500, 6, 60422, 60422
100, 12510, 6, 60422, 60422
100, 12520, 6, 60422, 60422
100, 12530, 6, 60422, 60422
100, 12540, 6, 60422, 60422
100, 12550, 6, 60422, 60422
100, 12560, 6, 60422, 60422
100, 12570, 6, 60414, 60422
100, 12580, 6, 60414, 60414
100, 12590, 6, 60414, 60414
100, 12600, 6, 60414, 60414
100, 12610, 6, 60414, 60414
100, 12620, 6, 60414, 60414
100, 12630, 6, 60414, 60414
100, 12640, 6, 60414, 60414
100, 12650, 6, 60414, 60414
100, 12660, 6, 60414, 60414
100, 12670, 6, 60414, 60414
100, 12680, 6, 60414, 60414
100, 12690, 6, 60414, 60414
100, 12700, 6, 60321, 60414
100, 12710, 6, 60321, 60321
100, 12720, 6, 60321, 60321
100, 12730, 6, 60321, 60321
100, 12740, 6, 60321, 60321
100, 12750, 6, 60321, 60321
100, 12760, 6, 60321, 60321
100, 12770, 6, 60321, 60321
100, 12780, 6, 60321, 60321
100, 12790, 6, 60321, 60321
100, 12800, 6, 60321, 60321
100, 12810, 6, 60321, 60321
100, 12820, 6, 60321, 60321
100, 12830, 6, 60321, 60321
100, 12840, 6, 60321, 60321
100, 12850, 6, 60321, 60321
100, 12860, 6, 60321, 60321
100, 12870, 6, 60321, 60444
100, 12880, 6, 60321, 60321
100, 12890, 6, 60321, 60321
100, 12900, 6, 60321, 60321
100, 12910, 6, 60321, 60321
100, 12920, 6, 60321, 60321
100, 12930, 6, 60321, 60321
100, 12940, 6, 60121, 60321
100, 12950, 6, 60121, 60121
100, 12960, 6, 60121, 60121
100, 12970, 6, 60121, 60121
100, 12980, 6, 60121, 60121
100, 12990, 6, 60121, 60121
100, 13000, 6, 60121, 60121
100, 13010, 6, 60121, 60121
100, 13020, 6, 60121, 61548
100, 13030, 6, 60121, 60121
100, 13040, 6, 60121, 60121
100, 13050, 6, 60083, 60083
100, 13060, 6, 60083, 60083
100, 13070, 6, 60083, 60083
100, 13080, 6, 60083, 60083
100, 13090, 6, 60083, 60083
100, 13100, 6, 60083, 60083
100, 13110, 6, 60083, 60083
100, 13120, 6, 60083, 60083
100, 13130, 6, 60083, 60083
100, 13140, 6, 60083, 60083
100, 13150, 6, 60083, 60083
100, 13160, 6, 60083, 60083
100, 13170, 6, 60083, 60083
100, 13180, 6, 60083, 60083
100, 13190, 6, 60083, 60083
100, 13200, 6, 60083, 60083
100, 13210, 6, 60083, 60083
100, 13220, 6, 60083, 60083
100, 13230, 6, 60083, 60083
100, 13240, 6, 60083, 60083
100, 13250, 6, 60083, 60083
100, 13260, 6, 60083, 60083
100, 13270, 6, 60083, 60083
100, 13280, 6, 60083, 60083
100, 13290, 6, 60083, 60083
100, 13300, 6, 60083, 60083
100, 13310, 6, 60083, 60083
100, 13320, 6, 60083, 60083
100, 13330, 6, 60083, 60083
100, 13340, 6, 60000, 60083
100, 13350, 6, 60000, 60000
100, 13360, 6, 60000, 60000
100, 13370, 6, 60000, 60000
100, 13380, 6, 60000, 60000
100, 13390, 6, 60000, 60000
100, 13400, 6, 60000, 60000
100, 13410, 6, 60000, 60000
100, 13420, 6, 59991, 59991
100, 13430, 6, 59987, 59987
100, 13440, 6, 59987, 59987
100, 13450, 6, 59987, 59987
100, 13460, 6, 59987, 59987
100, 13470, 6, 59987, 59987
100, 13480, 6, 59987, 59987
100, 13490, 6, 59987, 59987
100, 13500, 6, 59987, 59987
100, 13510, 6, 59987, 59987
100, 13520, 6, 59987, 59987
100, 13530, 6, 59987, 59987
100, 13540, 6, 59987, 59987
100, 13550, 6, 59987, 59987
100, 13560, 6, 59987, 59987
100, 13570, 6, 59935, 59935
100, 13580, 6, 59935, 59935
100, 13590, 6, 59935, 59935
100, 13600, 6, 59935, 59935
100, 13610, 6, 59935, 59935
100, 13620, 6, 59935, 59935
100, 13630, 6, 59935, 59935
100, 13640, 6, 59935, 59935
100, 13650, 6, 59935, 59935
100, 13660, 6, 59935, 59935
100, 13670, 6, 59935, 59935
100, 13680, 6, 59935, 59935
100, 13690, 6, 59935, 60806
100, 13700, 6, 59935, 59935
100, 13710, 6, 59935, 59935
100, 13720, 6, 59935, 59935
100, 13730, 6, 59935, 59935
100, 13740, 6, 59935, 59935
100, 13750, 6, 59935, 59935
100, 13760, 6, 59935, 59935
100, 13770, 6, 59935, 59935
100, 13780, 6, 59935, 59935
100, 13790, 6, 59935, 59935
100, 13800, 6, 59935, 59935
100, 13810, 6, 59935, 59935
100, 13820, 6, 59935, 59935
100, 13830, 6, 59935, 59935
100, 13840, 6, 59935, 59935
100, 13850, 6, 59935, 59935
100, 13860, 6, 59816, 59935
100, 13870, 6, 59816, 59816
100, 13880, 6, 59816, 59816
100, 13890, 6, 59816, 59816
100, 13900, 6, 59792, 59792
100, 13910, 6, 59792, 59792
100, 13920, 6, 59792, 59792
100, 13930, 6, 59792, 59792
100, 13940, 6, 59792, 59792
100, 13950, 6, 59792, 59792
100, 13960, 6, 59792, 59792
100, 13970, 6, 59792, 59792
100, 13980, 6, 59792, 59792
100, 13990, 6, 59792, 59792
100, 14000, 6, 59792, 59792
100, 14010, 6, 59792, 59792
100, 14020, 6, 59792, 59792
100, 14030, 6, 59784, 59792
100, 14040, 6, 59784, 59784
100, 14050, 6, 59784, 59784
100, 14060, 6, 59784, 59784
100, 14070, 6, 59784, 59784
100, 14080, 6, 59784, 59784
100, 14090, 6, 59784, 59784
100, 14100, 6, 59784, 59784
100, 14110, 6, 59784, 59784
100, 14120, 6, 59784, 59784
100, 14130, 6, 59784, 59784
100, 14140, 6, 59784, 59784
100, 14150, 6, 59687, 59687
100, 14160, 6, 59687, 59687
100, 14170, 6, 59687, 59687
100, 14180, 6, 59687, 59687
100, 14190, 6, 59687, 59687
100, 14200, 6, 59687, 59687
100, 14210, 6, 59687, 59687
100, 14220, 6, 59687, 59687
100, 14230, 6, 59687, 59687
100, 14240, 6, 59687, 59687
100, 14250, 6, 59687, 59687
100, 14260, 6, 59687, 59687
100, 14270, 6, 59687, 59687
100, 14280, 6, 59687, 59687
100, 14290, 6, 59687, 59687
100, 14300, 6, 59687, 59687
100, 14310, 6, 59687, 59687
100, 14320, 6, 59687, 59687
100, 14330, 6, 59687, 59687
100, 14340, 6, 59687, 59687
100, 14350, 6, 59687, 59687
100, 14360, 6, 59687, 59687
100, 14370, 6, 59687, 59687
100, 14380, 6, 59687, 59687
100, 14390, 6, 59687, 59687
100, 14400, 6, 59687, 59687
100, 14410, 6, 59687, 59687
100, 14420, 6, 59687, 59687
100, 14430, 6, 59628, 59687
100, 14440, 6, 59628, 59628
100, 14450, 6, 59628, 59628
100, 14460, 6, 59628, 59628
100, 14470, 6, 59628, 59628
100, 14480, 6, 59628, 59628
100, 14490, 6, 59628, 59628
100, 14500, 6, 59628, 59628
100, 14510, 6, 59628, 59628
100, 14520, 6, 59628, 59628
100, 14530, 6, 59628, 59628
100, 14540, 6, 59628, 59628
100, 14550, 6, 59628, 59628
100, 14560, 6, 59628, 59628
100, 14570, 6, 59628, 59628
100, 14580, 6, 59628, 59628
100, 14590, 6, 59628, 59628
100, 14600, 6, 59628, 59628
100, 14610, 6, 59628, 59628
100, 14620, 6, 59628, 59628
100, 14630, 6, 59628, 59628
100, 14640, 6, 59628, 59628
100, 14650, 6, 59628, 59628
100, 14660, 6, 59628, 59628
100, 14670, 6, 59628, 59628
100, 14680, 6, 59628, 59628
100, 14690, 6, 59628, 59628
100, 14700, 6, 59628, 59628
100, 14710, 6, 59628, 59628
100, 14720, 6, 59628, 59628
100, 14730, 6, 59628, 59628
100, 14740, 6, 59628, 59628
100, 14750, 6, 59628, 59628
100, 14760, 6, 59628, 59628
100, 14770, 6, 59628, 59628
100, 14780, 6, 59628, 59628
100, 14790, 6, 59628, 59628
100, 14800, 6, 59628, 59628
100, 14810, 6, 59628, 59628
100, 14820, 6, 59628, 59628
100, 14830, 6, 59628, 59628
100, 14840, 6, 59628, 59628
100, 14850, 6, 59628, 59628
100, 14860, 6, 59628, 59628
100, 14870, 6, 59628, 59628
100, 14880, 6, 59628, 59628
100, 14890, 6, 59628, 59628
100, 14900, 6, 59628, 59628
100, 14910, 6, 59628, 59628
100, 14920, 6, 59628, 59628
100, 14930, 6, 59628, 59628
100, 14940, 6, 59628, 59628
100, 14950, 6, 59628, 59628
100, 14960, 6, 59628, 59628
100, 14970, 6, 59628, 59628
100, 14980, 6, 59628, 59628
100, 14990, 6, 59628, 59628
100, 15000, 6, 59628, 59628
100, 15010, 6, 59628, 59628
100, 15020, 6, 59628, 59628
100, 15030, 6, 59628, 59628
100, 15040, 6, 59628, 59628
100, 15050, 6, 59628, 59628
100, 15060, 6, 59628, 59628
100, 15070, 6, 59628, 59628
100, 15080, 6, 59628, 59628
100, 15090, 6, 59628, 59628
100, 15100, 6, 59628, 59628
100, 15110, 6, 59628, 59628
100, 15120, 6, 59628, 59628
100, 15130, 6, 59628, 59628
100, 15140, 6, 59628, 59628
100, 15150, 6, 59628, 59628
100, 15160, 6, 59628, 59628
100, 15170, 6, 59628, 59628
100, 15180, 6, 59628, 59628
100, 15190, 6, 59628, 59628
100, 15200, 6, 59628, 59628
100, 15210, 6, 59628, 59628
100, 15220, 6, 59628, 59628
100, 15230, 6, 59628, 59628
100, 15240, 6, 59598, 59598
100, 15250, 6, 59598, 59598
100, 15260, 6, 59598, 59598
100, 15270, 6, 59598, 59598
100, 15280, 6, 59598, 59598
100, 15290, 6, 59598, 59598
100, 15300, 6, 59598, 59598
100, 15310, 6, 59598, 59598
100, 15320, 6, 59598, 59598
100, 15330, 6, 59598, 59598
100, 15340, 6, 59598, 59598
100, 15350, 6, 59598, 59598
100, 15360, 6, 59598, 59598
100, 15370, 6, 59598, 59598
100, 15380, 6, 59598, 59598
100, 15390, 6, 59598, 59598
100, 15400, 6, 59535, 59535
100, 15410, 6, 59535, 59535
100, 15420, 6, 59535, 59535
100, 15430, 6, 59535, 59535
100, 15440, 6, 59535, 59535
100, 15450, 6, 59535, 59535
100, 15460, 6, 59535, 59535
100, 15470, 6, 59535, 59535
100, 15480, 6, 59535, 59535
100, 15490, 6, 59535, 59535
100, 15500, 6, 59535, 59535
100, 15510, 6, 59535, 59535
100, 15520, 6, 59535, 59535
100, 15530, 6, 59535, 59535
100, 15540, 6, 59535, 59535
100, 15550, 6, 59535, 59535
100, 15560, 6, 59535, 59535
100, 15570, 6, 59535, 59535
100, 15580, 6, 59535, 59535
100, 15590, 6, 59535, 59535
100, 15600, 6, 59535, 59535
100, 15610, 6, 59535, 59535
100, 15620, 6, 59423, 59535
100, 15630, 6, 59423, 59423
100, 15640, 6, 59423, 59423
100, 15650, 6, 59423, 59423
100, 15660, 6, 59423, 59423
100, 15670, 6, 59423, 59423
100, 15680, 6, 59423, 59423
100, 15690, 6, 59423, 59423
100, 15700, 6, 59423, 59423
100, 15710, 6, 59423, 59423
100, 15720, 6, 59423, 59423
100, 15730, 6, 59423, 59423
100, 15740, 6, 59423, 59423
100, 15750, 6, 59423, 59423
100, 15760, 6, 59423, 59423
100, 15770, 6, 59423, 59423
100, 15780, 6, 59423, 59423
100, 15790, 6, 59423, 59423
100, 15800, 6, 59423, 59423
100, 15810, 6, 59423, 59423
100, 15820, 6, 59423, 59423
100, 15830, 6, 59423, 59423
100, 15840, 6, 59423, 59423
100, 15850, 6, 59423, 59423
100, 15860, 6, 59423, 59423
100, 15870, 6, 59423, 59423
100, 15880, 6, 59340, 59340
100, 15890, 6, 59340, 59340
100, 15900, 6, 59340, 59340
100, 15910, 6, 59340, 59340
100, 15920, 6, 59340, 59340
100, 15930, 6, 59340, 59340
100, 15940, 6, 59340, 59340
100, 15950, 6, 59340, 59340
100, 15960, 6, 59340, 59340
100, 15970, 6, 59340, 59340
100, 15980, 6, 59340, 59340
100, 15990, 6, 59340, 59340
100, 16000, 6, 59340, 59340
100, 16010, 6, 59340, 59340
100, 16020, 6, 59340, 59340
100, 16030, 6, 59340, 59340
100, 16040, 6, 59340, 59340
100, 16050, 6, 59340, 59340
100, 16060, 6, 59257, 59257
100, 16070, 6, 59257, 59257
100, 16080, 6, 59257, 59257
100, 16090, 6, 59257, 59257
100, 16100, 6, 59257, 59257
100, 16110, 6, 59257, 59257
100, 16120, 6, 59257, 59257
100, 16130, 6, 59257, 59257
100, 16140, 6, 59257, 59257
100, 16150, 6, 59257, 59257
100, 16160, 6, 59244, 59244
100, 16170, 6, 59244, 59244
100, 16180, 6, 59244, 59244
100, 16190, 6, 59244, 59244
100, 16200, 6, 59244, 59244
100, 16210, 6, 59244, 59244
100, 16220, 6, 59244, 59244
100, 16230, 6, 59244, 59244
100, 16240, 6, 59244, 59244
100, 16250, 6, 59244, 59244
100, 16260, 6, 59244, 59244
100, 16270, 6, 59244, 59244
100, 16280, 6, 59244, 59244
100, 16290, 6, 59244, 59244
100, 16300, 6, 59244, 59244
100, 16310, 6, 59244, 59244
100, 16320, 6, 59244, 59244
100, 16330, 6, 59244, 59244
100, 16340, 6, 59244, 59244
100, 16350, 6, 59244, 59244
100, 16360, 6, 59244, 59244
100, 16370, 6, 59244, 59244
100, 16380, 6, 59244, 59244
100, 16390, 6, 59244, 59244
100, 16400, 6, 59244, 59244
100, 16410, 6, 59244, 59244
100, 16420, 6, 59244, 59244
100, 16430, 6, 59244, 59244
100, 16440, 6, 59244, 59244
100, 16450, 6, 59244, 59244
100, 16460, 6, 59244, 59244
100, 16470, 6, 59244, 59244
100, 16480, 6, 59244, 59244
100, 16490, 6, 59244, 59244
100, 16500, 6, 59244, 59244
100, 16510, 6, 59244, 59244
100, 16520, 6, 59244, 59244
100, 16530, 6, 59244, 59244
100, 16540, 6, 59244, 59244
100, 16550, 6, 59244, 59244
100, 16560, 6, 59244, 59244
100, 16570, 6, 59244, 59244
100, 16580, 6, 59244, 59244
100, 16590, 6, 59244, 59244
100, 16600, 6, 59244, 59244
100, 16610, 6, 59244, 59244
100, 16620, 6, 59244, 59244
100, 16630, 6, 59244, 59244
100, 16640, 6, 59195, 59195
100, 16650, 6, 59195, 59195
100, 16660, 6, 59195, 59195
100, 16670, 6, 59195, 59195
100, 16680, 6, 59195, 59195
100, 16690, 6, 59195, 59195
100, 16700, 6, 59195, 59195
100, 16710, 6, 59195, 59195
100, 16720, 6, 59195, 59195
100, 16730, 6, 59195, 59195
100, 16740, 6, 59195, 59195
100, 16750, 6, 59195, 59195
100, 16760, 6, 59195, 59195
100, 16770, 6, 59195, 59195
100, 16780, 6, 59195, 59195
100, 16790, 6, 59195, 59195
100, 16800, 6, 59192, 59192
100, 16810, 6, 59192, 59192
100, 16820, 6, 59169, 59169
100, 16830, 6, 59169, 59169
100, 16840, 6, 59169, 59169
100, 16850, 6, 59169, 59169
100, 16860, 6, 59169, 59169
100, 16870, 6, 59169, 59169
100, 16880, 6, 59169, 59169
100, 16890, 6, 59169, 59169
100, 16900, 6, 59169, 59169
100, 16910, 6, 59169, 59169
100, 16920, 6, 59057, 59169
100, 16930, 6, 59057, 59057
100, 16940, 6, 59057, 59057
100, 16950, 6, 59057, 59057
100, 16960, 6, 59057, 59057
100, 16970, 6, 59057, 59057
100, 16980, 6, 59057, 59057
100, 16990, 6, 59057, 59057
100, 17000, 6, 59057, 59057
100, 17010, 6, 59057, 59057
100, 17020, 6, 59057, 59057
100, 17030, 6, 59057, 59057
100, 17040, 6, 59057, 59057
100, 17050, 6, 59057, 59057
100, 17060, 6, 59057, 59057
100, 17070, 6, 59057, 59057
100, 17080, 6, 59057, 59057
100, 17090, 6, 59057, 59057
100, 17100, 6, 59057, 59057
100, 17110, 6, 59057, 59057
100, 17120, 6, 59057, 59057
100, 17130, 6, 59057, 59057
100, 17140, 6, 59057, 59057
100, 17150, 6, 59057, 59057
100, 17160, 6, 59057, 59057
100, 17170, 6, 59057, 59057
100, 17180, 6, 59057, 59057
100, 17190, 6, 59057, 59057
100, 17200, 6, 59057, 59057
100, 17210, 6, 59057, 59057
100, 17220, 6, 59057, 59057
100, 17230, 6, 59057, 59057
100, 17240, 6, 59057, 59057
100, 17250, 6, 59057, 59057
100, 17260, 6, 59057, 59057
100, 17270, 6, 59057, 59057
100, 17280, 6, 59057, 59057
100, 17290, 6, 59057, 59057
100, 17300, 6, 59057, 59057
100, 17310, 6, 59057, 59057
100, 17320, 6, 59057, 59057
100, 17330, 6, 59057, 59057
100, 17340, 6, 59057, 59057
100, 17350, 6, 59057, 59057
100, 17360, 6, 59057, 59057
100, 17370, 6, 59057, 59057
100, 17380, 6, 59057, 59057
100, 17390, 6, 59057, 59057
100, 17400, 6, 59057, 59057
100, 17410, 6, 59057, 59057
100, 17420, 6, 59057, 59057
100, 17430, 6, 59057, 59057
100, 17440, 6, 59057, 59057
100, 17450, 6, 59057, 59057
100, 17460, 6, 59057, 59057
100, 17470, 6, 59057, 59057
100, 17480, 6, 59032, 59057
100, 17490, 6, 59032, 59032
100, 17500, 6, 59032, 59032
100, 17510, 6, 59032, 59032
100, 17520, 6, 59032, 59032
100, 17530, 6, 59032, 59032
100, 17540, 6, 59032, 59032
100, 17550, 6, 59032, 59032
100, 17560, 6, 59032, 59032
100, 17570, 6, 59032, 59032
100, 17580, 6, 59032, 59032
100, 17590, 6, 59032, 59032
100, 17600, 6, 59032, 59032
100, 17610, 6, 59032, 59032
100, 17620, 6, 59032, 59032
100, 17630, 6, 59032, 59032
100, 17640, 6, 59032, 59032
100, 17650, 6, 59032, 59032
100, 17660, 6, 59032, 59032
100, 17670, 6, 59032, 59032
100, 17680, 6, 59032, 59032
100, 17690, 6, 59032, 59032
100, 17700, 6, 59032, 59032
100, 17710, 6, 59032, 59032
100, 17720, 6, 59032, 59032
100, 17730, 6, 59032, 59032
100, 17740, 6, 59032, 59032
100, 17750, 6, 59032, 59032
100, 17760, 6, 59032, 59032
100, 17770, 6, 59032, 59032
100, 17780, 6, 59032, 59032
100, 17790, 6, 59032, 59032
100, 17800, 6, 59032, 59032
100, 17810, 6, 59032, 59032
100, 17820, 6, 59032, 59032
100, 17830, 6, 59032, 59032
100, 17840, 6, 59032, 59032
100, 17850, 6, 59032, 59032
100, 17860, 6, 59032, 59032
100, 17870, 6, 59032, 59032
100, 17880, 6, 59032, 59032
100, 17890, 6, 59032, 59032
100, 17900, 6, 59032, 59032
100, 17910, 6, 59032, 59032
100, 17920, 6, 59032, 59032
100, 17930, 6, 59032, 59032
100, 17940, 6, 59032, 59032
100, 17950, 6, 59032, 59032
100, 17960, 6, 59032, 59032
100, 17970, 6, 59032, 59032
100, 17980, 6, 59032, 59032
100, 17990, 6, 59032, 59032
100, 18000, 6, 59032, 59032
100, 18010, 6, 59032, 59032
100, 18020, 6, 59032, 59032
100, 18030, 6, 59032, 59032
100, 18040, 6, 59020, 59020
100, 18050, 6, 59020, 59020
100, 18060, 6, 59020, 59020
100, 18070, 6, 59020, 59020
100, 18080, 6, 59020, 59020
100, 18090, 6, 59020, 59020
100, 18100, 6, 59020, 59020
100, 18110, 6, 59020, 59020
100, 18120, 6, 59020, 59020
100, 18130, 6, 59020, 59020
100, 18140, 6, 59020, 59020
100, 18150, 6, 59020, 59020
100, 18160, 6, 59020, 59020
100, 18170, 6, 59020, 59020
100, 18180, 6, 59020, 59020
100, 18190, 6, 59020, 59020
100, 18200, 6, 59020, 59020
100, 18210, 6, 59020, 59020
100, 18220, 6, 59020, 59020
100, 18230, 6, 59020, 59020
100, 18240, 6, 59020, 59020
100, 18250, 6, 59020, 59020
100, 18260, 6, 59020, 59020
100, 18270, 6, 59020, 59020
100, 18280, 6, 59020, 59020
100, 18290, 6, 59020, 59020
100, 18300, 6, 59020, 59020
100, 18310, 6, 59020, 59020
100, 18320, 6, 59020, 59020
100, 18330, 6, 59020, 59020
100, 18340, 6, 59020, 59020
100, 18350, 6, 59020, 59020
100, 18360, 6, 59020, 59020
100, 18370, 6, 59020, 59020
100, 18380, 6, 59020, 59020
100, 18390, 6, 59020, 59020
100, 18400, 6, 59020, 59020
100, 18410, 6, 59020, 59020
100, 18420, 6, 58956, 59020
100, 18430, 6, 58956, 58956
100, 18440, 6, 58956, 58956
100, 18450, 6, 58956, 58956
100, 18460, 6, 58912, 58912
100, 18470, 6, 58912, 58912
100, 18480, 6, 58912, 58912
100, 18490, 6, 58912, 58912
100, 18500, 6, 58912, 58912
100, 18510, 6, 58912, 58912
100, 18520, 6, 58912, 58912
100, 18530, 6, 58912, 58912
100, 18540, 6, 58912, 58912
100, 18550, 6, 58912, 58912
100, 18560, 6, 58912, 58912
100, 18570, 6, 58912, 58912
100, 18580, 6, 58912, 58912
100, 18590, 6, 58912, 58912
100, 18600, 6, 58912, 58912
100, 18610, 6, 58912, 58912
100, 18620, 6, 58912, 58912
100, 18630, 6, 58912, 58912
100, 18640, 6, 58912, 58912
100, 18650, 6, 58912, 58912
100, 18660, 6, 58912, 58912
100, 18670, 6, 58912, 58912
100, 18680, 6, 58912, 58912
100, 18690, 6, 58912, 58912
100, 18700, 6, 58912, 58912
100, 18710, 6, 58912, 58912
100, 18720, 6, 58912, 58912
100, 18730, 6, 58912, 58912
100, 18740, 6, 58912, 58912
100, 18750, 6, 58912, 58912
100, 18760, 6, 58912, 58912
100, 18770, 6, 58912, 58912
100, 18780, 6, 58912, 58912
100, 18790, 6, 58912, 58912
100, 18800, 6, 58912, 58912
100, 18810, 6, 58912, 58912
100, 18820, 6, 58912, 58912
100, 18830, 6, 58912, 58912
100, 18840, 6, 58912, 58912
100, 18850, 6, 58912, 58912
100, 18860, 6, 58912, 58912
100, 18870, 6, 58912, 58912
100, 18880, 6, 58912, 58912
100, 18890, 6, 58912, 58912
100, 18900, 6, 58912, 58912
100, 18910, 6, 58912, 58912
100, 18920, 6, 58912, 58912
100, 18930, 6, 58912, 58912
100, 18940, 6, 58912, 58912
100, 18950, 6, 58912, 58912
100, 18960, 6, 58912, 58912
100, 18970, 6, 58912, 58912
100, 18980, 6, 58912, 58912
100, 18990, 6, 58912, 58912
100, 19000, 6, 58912, 58912
100, 19010, 6, 58912, 58912
100, 19020, 6, 58912, 58912
100, 19030, 6, 58912, 58912
100, 19040, 6, 58912, 58912
100, 19050, 6, 58912, 58912
100, 19060, 6, 58912, 58912
100, 19070, 6, 58912, 58912
100, 19080, 6, 58912, 58912
100, 19090, 6, 58912, 58912
100, 19100, 6, 58912, 58912
100, 19110, 6, 58912, 58912
100, 19120, 6, 58912, 58912
100, 19130, 6, 58912, 58912
100, 19140, 6, 58912, 58912
100, 19150, 6, 58900, 58900
100, 19160, 6, 58900, 58900
100, 19170, 6, 58900, 58900
100, 19180, 6, 58900, 58900
100, 19190, 6, 58900, 58900
100, 19200, 6, 58900, 58900
100, 19210, 6, 58900, 58900
100, 19220, 6, 58900, 58900
100, 19230, 6, 58900, 58900
100, 19240, 6, 58900, 58900
100, 19250, 6, 58900, 58900
100, 19260, 6, 58900, 58900
100, 19270, 6, 58900, 58900
100, 19280, 6, 58729, 58729
100, 19290, 6, 58729, 58729
100, 19300, 6, 58729, 58729
100, 19310, 6, 58729, 58729
100, 19320, 6, 58729, 58729
100, 19330, 6, 58729, 58729
100, 19340, 6, 58729, 58729
100, 19350, 6, 58729, 58729
100, 19360, 6, 58729, 58729
100, 19370, 6, 58729, 58729
100, 19380, 6, 58729, 58729
100, 19390, 6, 58729, 58729
100, 19400, 6, 58729, 58729
100, 19410, 6, 58729, 58729
100, 19420, 6, 58729, 58729
100, 19430, 6, 58729, 58729
100, 19440, 6, 58729, 58729
100, 19450, 6, 58729, 58729
100, 19460, 6, 58729, 58729
100, 19470, 6, 58729, 58729
100, 19480, 6, 58729, 58729
100, 19490, 6, 58729, 58729
100, 19500, 6, 58729, 58729
100, 19510, 6, 58729, 58729
100, 19520, 6, 58729, 58729
100, 19530, 6, 58729, 58729
100, 19540, 6, 58729, 58729
100, 19550, 6, 58729, 58729
100, 19560, 6, 58729, 58729
100, 19570, 6, 58729, 58729
100, 19580, 6, 58729, 58729
100, 19590, 6, 58729, 58729
100, 19600, 6, 58719, 58729
100, 19610, 6, 58719, 58719
100, 19620, 6, 58719, 58719
100, 19630, 6, 58719, 58719
100, 19640, 6, 58719, 58719
100, 19650, 6, 58719, 58719
100, 19660, 6, 58719, 58719
100, 19670, 6, 58719, 58719
100, 19680, 6, 58719, 58719
100, 19690, 6, 58719, 58719
100, 19700, 6, 58719, 58719
100, 19710, 6, 58719, 58719
100, 19720, 6, 58719, 58719
100, 19730, 6, 58719, 58719
100, 19740, 6, 58719, 58719
100, 19750, 6, 58719, 58719
100, 19760, 6, 58719, 58719
100, 19770, 6, 58719, 58719
100, 19780, 6, 58672, 58672
100, 19790, 6, 58672, 58672
100, 19800, 6, 58672, 58672
100, 19810, 6, 58672, 58672
100, 19820, 6, 58672, 58672
100, 19830, 6, 58672, 58672
100, 19840, 6, 58672, 58672
100, 19850, 6, 58672, 58672
100, 19860, 6, 58672, 58672
100, 19870, 6, 58672, 58672
100, 19880, 6, 58672, 58672
100, 19890, 6, 58672, 58672
100, 19900, 6, 58672, 58672
100, 19910, 6, 58672, 58672
100, 19920, 6, 58672, 58672
100, 19930, 6, 58672, 58672
100, 19940, 6, 58672, 58672
100, 19950, 6, 58672, 58672
100, 19960, 6, 58672, 58672
100, 19970, 6, 58672, 58672
100, 19980, 6, 58672, 58672
100, 19990, 6, 58672, 58672
