Population Size, Generation Count, Repetition, Best Fitness, Median Fitness
50, 0, 29, 726188, 773056
50, 10, 29, 705976, 712478
50, 20, 29, 681567, 688143
50, 30, 29, 664907, 673566
50, 40, 29, 640075, 650187
50, 50, 29, 623640, 630814
50, 60, 29, 607299, 615180
50, 70, 29, 598392, 603542
50, 80, 29, 588091, 594061
50, 90, 29, 576806, 581130
50, 100, 29, 563399, 570031
50, 110, 29, 552108, 556457
50, 120, 29, 539473, 545341
50, 130, 29, 527739, 533147
50, 140, 29, 521138, 524676
50, 150, 29, 510564, 517347
50, 160, 29, 503925, 507551
50, 170, 29, 496613, 501138
50, 180, 29, 488859, 494817
50, 190, 29, 482698, 486207
50, 200, 29, 478363, 481325
50, 210, 29, 473174, 475961
50, 220, 29, 466999, 471639
50, 230, 29, 457990, 463433
50, 240, 29, 450941, 456427
50, 250, 29, 447755, 450876
50, 260, 29, 441059, 445632
50, 270, 29, 438031, 439485
50, 280, 29, 431968, 438149
50, 290, 29, 428861, 431291
50, 300, 29, 424632, 427521
50, 310, 29, 418563, 422860
50, 320, 29, 413149, 417984
50, 330, 29, 409740, 413012
50, 340, 29, 405263, 408265
50, 350, 29, 400027, 406163
50, 360, 29, 395608, 399478
50, 370, 29, 390391, 394686
50, 380, 29, 384892, 389887
50, 390, 29, 381602, 384689
50, 400, 29, 378493, 381693
50, 410, 29, 375853, 378975
50, 420, 29, 372718, 374009
50, 430, 29, 369327, 372277
50, 440, 29, 366249, 370729
50, 450, 29, 363634, 366225
50, 460, 29, 359549, 365193
50, 470, 29, 355518, 360186
50, 480, 29, 353498, 356124
50, 490, 29, 348506, 352883
50, 500, 29, 345113, 348752
50, 510, 29, 340421, 343380
50, 520, 29, 337574, 339469
50, 530, 29, 335115, 337615
50, 540, 29, 332284, 334793
50, 550, 29, 330639, 333737
50, 560, 29, 328081, 330161
50, 570, 29, 326259, 329739
50, 580, 29, 324329, 326450
50, 590, 29, 322456, 326546
50, 600, 29, 320071, 323661
50, 610, 29, 317354, 322201
50, 620, 29, 315028, 317675
50, 630, 29, 314078, 315843
50, 640, 29, 311856, 315280
50, 650, 29, 309280, 311761
50, 660, 29, 306333, 309245
50, 670, 29, 304651, 307239
50, 680, 29, 303131, 305579
50, 690, 29, 301676, 305380
50, 700, 29, 299358, 304612
50, 710, 29, 298364, 300750
50, 720, 29, 295608, 299930
50, 730, 29, 293051, 294951
50, 740, 29, 290377, 294262
50, 750, 29, 289440, 292394
50, 760, 29, 287225, 291270
50, 770, 29, 286347, 288257
50, 780, 29, 284526, 288169
50, 790, 29, 283622, 286316
50, 800, 29, 282499, 285350
50, 810, 29, 279243, 284598
50, 820, 29, 278273, 281299
50, 830, 29, 277051, 279458
50, 840, 29, 276190, 279221
50, 850, 29, 274936, 277465
50, 860, 29, 271606, 274988
50, 870, 29, 269461, 273760
50, 880, 29, 267641, 270011
50, 890, 29, 265170, 269184
50, 900, 29, 263585, 266192
50, 910, 29, 262546, 264515
50, 920, 29, 260219, 264456
50, 930, 29, 258652, 261871
50, 940, 29, 257098, 260295
50, 950, 29, 256304, 258851
50, 960, 29, 254587, 258835
50, 970, 29, 253397, 257553
50, 980, 29, 252321, 254474
50, 990, 29, 250667, 254000
50, 1000, 29, 249917, 252343
50, 1010, 29, 248537, 252172
50, 1020, 29, 247552, 249374
50, 1030, 29, 246351, 249295
50, 1040, 29, 245548, 248226
50, 1050, 29, 243887, 247485
50, 1060, 29, 242397, 244675
50, 1070, 29, 241699, 245523
50, 1080, 29, 240892, 244176
50, 1090, 29, 239004, 242006
50, 1100, 29, 238405, 240614
50, 1110, 29, 236600, 238986
50, 1120, 29, 235837, 238547
50, 1130, 29, 235209, 237315
50, 1140, 29, 232961, 236699
50, 1150, 29, 232554, 234155
50, 1160, 29, 231528, 233156
50, 1170, 29, 230914, 234550
50, 1180, 29, 228922, 230914
50, 1190, 29, 228012, 231227
50, 1200, 29, 227884, 231263
50, 1210, 29, 226541, 228886
50, 1220, 29, 225288, 227433
50, 1230, 29, 223636, 226600
50, 1240, 29, 222147, 226411
50, 1250, 29, 221593, 223852
50, 1260, 29, 221479, 224163
50, 1270, 29, 219826, 225089
50, 1280, 29, 218967, 221899
50, 1290, 29, 217153, 219056
50, 1300, 29, 216518, 220108
50, 1310, 29, 215230, 218415
50, 1320, 29, 214393, 215609
50, 1330, 29, 212649, 215317
50, 1340, 29, 212490, 215681
50, 1350, 29, 211342, 214330
50, 1360, 29, 208807, 210503
50, 1370, 29, 207604, 209909
50, 1380, 29, 207498, 210813
50, 1390, 29, 206424, 208375
50, 1400, 29, 205637, 208393
50, 1410, 29, 204859, 208941
50, 1420, 29, 204215, 207428
50, 1430, 29, 203209, 207444
50, 1440, 29, 202673, 203332
50, 1450, 29, 201975, 203933
50, 1460, 29, 201266, 204149
50, 1470, 29, 200812, 204450
50, 1480, 29, 200095, 202538
50, 1490, 29, 199659, 203433
50, 1500, 29, 198546, 200743
50, 1510, 29, 198129, 201414
50, 1520, 29, 197457, 198970
50, 1530, 29, 196788, 199507
50, 1540, 29, 196269, 196788
50, 1550, 29, 194708, 197187
50, 1560, 29, 194534, 196928
50, 1570, 29, 193782, 196731
50, 1580, 29, 193204, 194947
50, 1590, 29, 192729, 196054
50, 1600, 29, 191635, 197079
50, 1610, 29, 190998, 192889
50, 1620, 29, 190574, 193095
50, 1630, 29, 190218, 192292
50, 1640, 29, 189225, 191984
50, 1650, 29, 188788, 193096
50, 1660, 29, 187971, 190493
50, 1670, 29, 187208, 190834
50, 1680, 29, 186303, 188399
50, 1690, 29, 186004, 188589
50, 1700, 29, 184812, 188957
50, 1710, 29, 184500, 187699
50, 1720, 29, 183997, 185604
50, 1730, 29, 183309, 185272
50, 1740, 29, 182713, 184294
50, 1750, 29, 181642, 184882
50, 1760, 29, 180644, 183407
50, 1770, 29, 180198, 182375
50, 1780, 29, 179709, 183272
50, 1790, 29, 179709, 182037
50, 1800, 29, 179406, 182077
50, 1810, 29, 178197, 179995
50, 1820, 29, 177657, 182640
50, 1830, 29, 177177, 179844
50, 1840, 29, 176360, 178835
50, 1850, 29, 175601, 177785
50, 1860, 29, 175601, 177579
50, 1870, 29, 175471, 177883
50, 1880, 29, 175086, 177056
50, 1890, 29, 174616, 177955
50, 1900, 29, 174264, 177648
50, 1910, 29, 174264, 176749
50, 1920, 29, 173792, 175808
50, 1930, 29, 173209, 173876
50, 1940, 29, 172149, 175472
50, 1950, 29, 171657, 173512
50, 1960, 29, 171285, 172913
50, 1970, 29, 171058, 172628
50, 1980, 29, 170857, 172759
50, 1990, 29, 170414, 173434
50, 2000, 29, 168545, 172702
50, 2010, 29, 168134, 170198
50, 2020, 29, 167453, 169624
50, 2030, 29, 167081, 169096
50, 2040, 29, 167062, 167333
50, 2050, 29, 166653, 169943
50, 2060, 29, 166653, 169617
50, 2070, 29, 166370, 168406
50, 2080, 29, 165843, 168697
50, 2090, 29, 165561, 168171
50, 2100, 29, 164886, 167117
50, 2110, 29, 164411, 165569
50, 2120, 29, 164263, 166292
50, 2130, 29, 163929, 167238
50, 2140, 29, 162849, 165436
50, 2150, 29, 162385, 165020
50, 2160, 29, 162221, 163893
50, 2170, 29, 161289, 164914
50, 2180, 29, 160999, 163701
50, 2190, 29, 160615, 162985
50, 2200, 29, 160615, 162356
50, 2210, 29, 159763, 161409
50, 2220, 29, 159548, 159763
50, 2230, 29, 159279, 160384
50, 2240, 29, 158478, 161785
50, 2250, 29, 157542, 161964
50, 2260, 29, 157432, 160000
50, 2270, 29, 156942, 158871
50, 2280, 29, 156114, 158368
50, 2290, 29, 155938, 158873
50, 2300, 29, 154921, 158447
50, 2310, 29, 153931, 156035
50, 2320, 29, 153275, 155210
50, 2330, 29, 151482, 154680
50, 2340, 29, 151026, 153427
50, 2350, 29, 150723, 152908
50, 2360, 29, 150467, 152926
50, 2370, 29, 149801, 153609
50, 2380, 29, 149712, 152045
50, 2390, 29, 148939, 151147
50, 2400, 29, 148939, 149297
50, 2410, 29, 148391, 150149
50, 2420, 29, 148252, 151231
50, 2430, 29, 148252, 150529
50, 2440, 29, 147349, 149064
50, 2450, 29, 147063, 149929
50, 2460, 29, 146717, 149243
50, 2470, 29, 146278, 148095
50, 2480, 29, 145926, 146819
50, 2490, 29, 145768, 148382
50, 2500, 29, 145476, 147736
50, 2510, 29, 144987, 146967
50, 2520, 29, 144987, 145578
50, 2530, 29, 144470, 145971
50, 2540, 29, 144210, 145576
50, 2550, 29, 144013, 145122
50, 2560, 29, 143695, 145461
50, 2570, 29, 143374, 145447
50, 2580, 29, 143293, 146796
50, 2590, 29, 143212, 145336
50, 2600, 29, 142812, 144767
50, 2610, 29, 142566, 144438
50, 2620, 29, 142510, 145529
50, 2630, 29, 142426, 144540
50, 2640, 29, 142426, 144348
50, 2650, 29, 142139, 143718
50, 2660, 29, 142054, 144992
50, 2670, 29, 141592, 144998
50, 2680, 29, 141049, 144621
50, 2690, 29, 140863, 142625
50, 2700, 29, 140166, 142618
50, 2710, 29, 139927, 140769
50, 2720, 29, 139164, 142413
50, 2730, 29, 138644, 141059
50, 2740, 29, 138444, 139218
50, 2750, 29, 138247, 143051
50, 2760, 29, 137982, 140542
50, 2770, 29, 137885, 140071
50, 2780, 29, 137721, 139086
50, 2790, 29, 137027, 141439
50, 2800, 29, 136554, 138751
50, 2810, 29, 136529, 139191
50, 2820, 29, 136453, 137948
50, 2830, 29, 136453, 138947
50, 2840, 29, 136203, 136876
50, 2850, 29, 135871, 138264
50, 2860, 29, 135871, 138279
50, 2870, 29, 135816, 137656
50, 2880, 29, 134736, 135816
50, 2890, 29, 134571, 137039
50, 2900, 29, 133955, 135067
50, 2910, 29, 132698, 135664
50, 2920, 29, 132431, 133930
50, 2930, 29, 132245, 134230
50, 2940, 29, 132245, 134019
50, 2950, 29, 132192, 134193
50, 2960, 29, 131608, 134945
50, 2970, 29, 130529, 132835
50, 2980, 29, 129959, 133554
50, 2990, 29, 129503, 131822
50, 3000, 29, 129503, 130981
50, 3010, 29, 129303, 134108
50, 3020, 29, 129005, 131020
50, 3030, 29, 128360, 132220
50, 3040, 29, 127979, 129722
50, 3050, 29, 127925, 130165
50, 3060, 29, 127925, 130576
50, 3070, 29, 127079, 129942
50, 3080, 29, 126159, 128676
50, 3090, 29, 125850, 126929
50, 3100, 29, 125792, 127803
50, 3110, 29, 125727, 128418
50, 3120, 29, 125547, 128546
50, 3130, 29, 125343, 127963
50, 3140, 29, 125076, 126806
50, 3150, 29, 124644, 126567
50, 3160, 29, 124352, 127023
50, 3170, 29, 124212, 125861
50, 3180, 29, 124184, 124212
50, 3190, 29, 124184, 124958
50, 3200, 29, 123994, 126756
50, 3210, 29, 123836, 125073
50, 3220, 29, 123551, 127191
50, 3230, 29, 123258, 125296
50, 3240, 29, 123117, 125963
50, 3250, 29, 122954, 125425
50, 3260, 29, 122954, 123926
50, 3270, 29, 122866, 125525
50, 3280, 29, 122089, 124217
50, 3290, 29, 121644, 122925
50, 3300, 29, 121644, 121644
50, 3310, 29, 121528, 122968
50, 3320, 29, 121422, 123327
50, 3330, 29, 121422, 123973
50, 3340, 29, 120863, 122148
50, 3350, 29, 120499, 122703
50, 3360, 29, 120499, 122824
50, 3370, 29, 120499, 122038
50, 3380, 29, 120216, 122351
50, 3390, 29, 120008, 123099
50, 3400, 29, 119957, 122340
50, 3410, 29, 119952, 122049
50, 3420, 29, 119720, 121835
50, 3430, 29, 119691, 122246
50, 3440, 29, 119663, 122879
50, 3450, 29, 119582, 122052
50, 3460, 29, 118994, 119821
50, 3470, 29, 118994, 120534
50, 3480, 29, 118720, 120349
50, 3490, 29, 118473, 118695
50, 3500, 29, 117992, 118473
50, 3510, 29, 117509, 119748
50, 3520, 29, 117460, 120636
50, 3530, 29, 117309, 119691
50, 3540, 29, 117229, 118288
50, 3550, 29, 116784, 118043
50, 3560, 29, 116305, 118113
50, 3570, 29, 116278, 118624
50, 3580, 29, 116251, 119324
50, 3590, 29, 116245, 118189
50, 3600, 29, 116048, 116629
50, 3610, 29, 116048, 117013
50, 3620, 29, 116048, 118369
50, 3630, 29, 115881, 118768
50, 3640, 29, 115798, 115935
50, 3650, 29, 115196, 116849
50, 3660, 29, 114996, 118989
50, 3670, 29, 114895, 119474
50, 3680, 29, 114895, 116698
50, 3690, 29, 114551, 117209
50, 3700, 29, 114355, 116211
50, 3710, 29, 114263, 117095
50, 3720, 29, 113751, 115683
50, 3730, 29, 113686, 115333
50, 3740, 29, 113657, 114289
50, 3750, 29, 113643, 115640
50, 3760, 29, 112943, 113643
50, 3770, 29, 112943, 115532
50, 3780, 29, 112852, 115627
50, 3790, 29, 112087, 114949
50, 3800, 29, 112087, 115512
50, 3810, 29, 111788, 114085
50, 3820, 29, 111671, 114270
50, 3830, 29, 111671, 115295
50, 3840, 29, 111671, 112725
50, 3850, 29, 111671, 113766
50, 3860, 29, 111671, 111671
50, 3870, 29, 111671, 113294
50, 3880, 29, 111671, 114399
50, 3890, 29, 111671, 112495
50, 3900, 29, 111582, 113258
50, 3910, 29, 111559, 113493
50, 3920, 29, 111118, 113048
50, 3930, 29, 111118, 114100
50, 3940, 29, 111118, 113062
50, 3950, 29, 110852, 111118
50, 3960, 29, 110834, 111768
50, 3970, 29, 110711, 112657
50, 3980, 29, 110545, 111884
50, 3990, 29, 110545, 111869
50, 4000, 29, 109829, 112501
50, 4010, 29, 109759, 113481
50, 4020, 29, 109718, 111967
50, 4030, 29, 109718, 109718
50, 4040, 29, 109427, 111162
50, 4050, 29, 109280, 112548
50, 4060, 29, 109053, 109606
50, 4070, 29, 108877, 111296
50, 4080, 29, 108832, 111474
50, 4090, 29, 108609, 110096
50, 4100, 29, 108609, 109955
50, 4110, 29, 108474, 110220
50, 4120, 29, 107769, 110735
50, 4130, 29, 107769, 109463
50, 4140, 29, 107409, 110472
50, 4150, 29, 107338, 108902
50, 4160, 29, 107338, 107338
50, 4170, 29, 107306, 108766
50, 4180, 29, 107306, 108811
50, 4190, 29, 107289, 110759
50, 4200, 29, 107160, 109226
50, 4210, 29, 107103, 109341
50, 4220, 29, 106951, 108593
50, 4230, 29, 106933, 108967
50, 4240, 29, 106857, 109153
50, 4250, 29, 106857, 108223
50, 4260, 29, 106844, 107924
50, 4270, 29, 106419, 109742
50, 4280, 29, 106156, 109735
50, 4290, 29, 106156, 108046
50, 4300, 29, 106048, 107480
50, 4310, 29, 106048, 106672
50, 4320, 29, 106001, 107198
50, 4330, 29, 106001, 107211
50, 4340, 29, 105888, 108305
50, 4350, 29, 104862, 107281
50, 4360, 29, 104793, 109819
50, 4370, 29, 104318, 106995
50, 4380, 29, 103836, 105607
50, 4390, 29, 103593, 106116
50, 4400, 29, 103593, 106008
50, 4410, 29, 103418, 105125
50, 4420, 29, 103418, 103418
50, 4430, 29, 103388, 104216
50, 4440, 29, 103388, 106110
50, 4450, 29, 103332, 106334
50, 4460, 29, 103266, 105789
50, 4470, 29, 103041, 105602
50, 4480, 29, 102954, 103041
50, 4490, 29, 102737, 104873
50, 4500, 29, 102213, 104705
50, 4510, 29, 101732, 104443
50, 4520, 29, 101726, 102648
50, 4530, 29, 101612, 102825
50, 4540, 29, 101406, 105578
50, 4550, 29, 101359, 103298
50, 4560, 29, 101199, 102551
50, 4570, 29, 100973, 101514
50, 4580, 29, 100271, 103244
50, 4590, 29, 100134, 101059
50, 4600, 29, 100048, 101139
50, 4610, 29, 100048, 102521
50, 4620, 29, 100035, 103626
50, 4630, 29, 99845, 102786
50, 4640, 29, 99845, 100935
50, 4650, 29, 99845, 100469
50, 4660, 29, 99845, 101656
50, 4670, 29, 99845, 100797
50, 4680, 29, 99803, 101134
50, 4690, 29, 99742, 103109
50, 4700, 29, 99659, 100733
50, 4710, 29, 99651, 100254
50, 4720, 29, 99429, 102904
50, 4730, 29, 99168, 100584
50, 4740, 29, 98799, 101503
50, 4750, 29, 98799, 101027
50, 4760, 29, 98799, 101842
50, 4770, 29, 98740, 100162
50, 4780, 29, 98740, 100093
50, 4790, 29, 98559, 98740
50, 4800, 29, 98274, 99596
50, 4810, 29, 98129, 100773
50, 4820, 29, 97824, 100578
50, 4830, 29, 97785, 99291
50, 4840, 29, 97785, 99712
50, 4850, 29, 97528, 99930
50, 4860, 29, 97528, 99861
50, 4870, 29, 97337, 98705
50, 4880, 29, 97319, 99335
50, 4890, 29, 97283, 99647
50, 4900, 29, 97246, 97665
50, 4910, 29, 97246, 98105
50, 4920, 29, 97229, 97229
50, 4930, 29, 97157, 98683
50, 4940, 29, 97157, 97470
50, 4950, 29, 97157, 99160
50, 4960, 29, 96927, 99025
50, 4970, 29, 96861, 99466
50, 4980, 29, 96861, 100322
50, 4990, 29, 96860, 99035
50, 5000, 29, 96782, 99431
50, 5010, 29, 96700, 99369
50, 5020, 29, 96671, 100046
50, 5030, 29, 96471, 99032
50, 5040, 29, 96271, 98009
50, 5050, 29, 96271, 96476
50, 5060, 29, 96271, 98824
50, 5070, 29, 96271, 96271
50, 5080, 29, 96097, 96213
50, 5090, 29, 96046, 97774
50, 5100, 29, 95702, 97775
50, 5110, 29, 95501, 98672
50, 5120, 29, 95501, 98585
50, 5130, 29, 95330, 97257
50, 5140, 29, 95135, 97389
50, 5150, 29, 95134, 95135
50, 5160, 29, 95117, 95654
50, 5170, 29, 95117, 96099
50, 5180, 29, 95040, 95879
50, 5190, 29, 94917, 96235
50, 5200, 29, 94506, 97574
50, 5210, 29, 94495, 95210
50, 5220, 29, 94495, 95654
50, 5230, 29, 94313, 95157
50, 5240, 29, 94272, 98226
50, 5250, 29, 94101, 96359
50, 5260, 29, 94101, 94101
50, 5270, 29, 93907, 97252
50, 5280, 29, 93837, 97297
50, 5290, 29, 93756, 95044
50, 5300, 29, 93756, 95769
50, 5310, 29, 93734, 96787
50, 5320, 29, 93720, 94888
50, 5330, 29, 93720, 95577
50, 5340, 29, 93487, 93720
50, 5350, 29, 93380, 95245
50, 5360, 29, 93380, 96103
50, 5370, 29, 93200, 93380
50, 5380, 29, 92917, 95728
50, 5390, 29, 92892, 92917
50, 5400, 29, 92892, 95089
50, 5410, 29, 92758, 92892
50, 5420, 29, 92758, 94724
50, 5430, 29, 92758, 94147
50, 5440, 29, 92569, 92758
50, 5450, 29, 92485, 92758
50, 5460, 29, 92229, 93069
50, 5470, 29, 92229, 92229
50, 5480, 29, 92108, 93681
50, 5490, 29, 92008, 94097
50, 5500, 29, 91900, 93396
50, 5510, 29, 91900, 94771
50, 5520, 29, 91769, 91900
50, 5530, 29, 91763, 92986
50, 5540, 29, 91654, 92085
50, 5550, 29, 91538, 92040
50, 5560, 29, 91135, 91270
50, 5570, 29, 91016, 91135
50, 5580, 29, 90913, 92472
50, 5590, 29, 90890, 90890
50, 5600, 29, 90890, 93559
50, 5610, 29, 90725, 91681
50, 5620, 29, 90709, 90709
50, 5630, 29, 90709, 90709
50, 5640, 29, 90549, 90709
50, 5650, 29, 90549, 90931
50, 5660, 29, 90473, 92917
50, 5670, 29, 90408, 91115
50, 5680, 29, 90347, 90408
50, 5690, 29, 90347, 92983
50, 5700, 29, 90347, 92623
50, 5710, 29, 90222, 92889
50, 5720, 29, 90017, 92158
50, 5730, 29, 89938, 92102
50, 5740, 29, 89938, 93103
50, 5750, 29, 89854, 89938
50, 5760, 29, 89854, 92354
50, 5770, 29, 89621, 93185
50, 5780, 29, 89484, 92720
50, 5790, 29, 89484, 91233
50, 5800, 29, 89464, 91610
50, 5810, 29, 89464, 92549
50, 5820, 29, 89464, 89667
50, 5830, 29, 89357, 90372
50, 5840, 29, 89299, 91108
50, 5850, 29, 89216, 90242
50, 5860, 29, 89108, 89216
50, 5870, 29, 89033, 90751
50, 5880, 29, 88986, 90580
50, 5890, 29, 88986, 90044
50, 5900, 29, 88986, 90320
50, 5910, 29, 88986, 92257
50, 5920, 29, 88986, 90624
50, 5930, 29, 88884, 89869
50, 5940, 29, 88735, 88735
50, 5950, 29, 88735, 89780
50, 5960, 29, 88594, 91811
50, 5970, 29, 88594, 88594
50, 5980, 29, 88594, 91886
50, 5990, 29, 88470, 89158
50, 6000, 29, 88470, 91180
50, 6010, 29, 88470, 89380
50, 6020, 29, 88367, 90156
50, 6030, 29, 88367, 91533
50, 6040, 29, 88207, 90304
50, 6050, 29, 87890, 89924
50, 6060, 29, 87847, 89410
50, 6070, 29, 87847, 89906
50, 6080, 29, 87723, 89129
50, 6090, 29, 87723, 89712
50, 6100, 29, 87723, 88288
50, 6110, 29, 87723, 90048
50, 6120, 29, 87723, 87723
50, 6130, 29, 87723, 89447
50, 6140, 29, 87723, 87874
50, 6150, 29, 87723, 89984
50, 6160, 29, 87723, 87905
50, 6170, 29, 87246, 89528
50, 6180, 29, 87246, 87246
50, 6190, 29, 87246, 88241
50, 6200, 29, 87091, 89976
50, 6210, 29, 87091, 89577
50, 6220, 29, 87091, 87091
50, 6230, 29, 86821, 88021
50, 6240, 29, 86821, 88463
50, 6250, 29, 86668, 88847
50, 6260, 29, 86668, 89130
50, 6270, 29, 86668, 88327
50, 6280, 29, 86668, 88439
50, 6290, 29, 86668, 86810
50, 6300, 29, 86519, 87643
50, 6310, 29, 86437, 87112
50, 6320, 29, 86437, 86437
50, 6330, 29, 86217, 87843
50, 6340, 29, 86217, 86217
50, 6350, 29, 86207, 86217
50, 6360, 29, 86109, 86693
50, 6370, 29, 86051, 87497
50, 6380, 29, 86051, 86302
50, 6390, 29, 85852, 87112
50, 6400, 29, 85844, 85852
50, 6410, 29, 85842, 87861
50, 6420, 29, 85842, 87250
50, 6430, 29, 85842, 85842
50, 6440, 29, 85741, 87593
50, 6450, 29, 85704, 86982
50, 6460, 29, 85704, 85704
50, 6470, 29, 85620, 87042
50, 6480, 29, 85520, 85620
50, 6490, 29, 85498, 87336
50, 6500, 29, 85381, 86749
50, 6510, 29, 85381, 85639
50, 6520, 29, 85320, 85381
50, 6530, 29, 85320, 86460
50, 6540, 29, 85320, 86850
50, 6550, 29, 85320, 87926
50, 6560, 29, 84719, 84876
50, 6570, 29, 84596, 86083
50, 6580, 29, 84332, 85620
50, 6590, 29, 84332, 85593
50, 6600, 29, 84332, 85480
50, 6610, 29, 84332, 84332
50, 6620, 29, 84281, 84332
50, 6630, 29, 84281, 84332
50, 6640, 29, 84281, 86732
50, 6650, 29, 84281, 86283
50, 6660, 29, 84281, 85787
50, 6670, 29, 84281, 85665
50, 6680, 29, 84159, 87237
50, 6690, 29, 84159, 84159
50, 6700, 29, 84080, 84159
50, 6710, 29, 84080, 84880
50, 6720, 29, 84022, 84040
50, 6730, 29, 84022, 84022
50, 6740, 29, 83907, 85912
50, 6750, 29, 83907, 86107
50, 6760, 29, 83907, 87175
50, 6770, 29, 83878, 84031
50, 6780, 29, 83873, 84316
50, 6790, 29, 83873, 85658
50, 6800, 29, 83774, 85972
50, 6810, 29, 83774, 83774
50, 6820, 29, 83591, 83774
50, 6830, 29, 83591, 84895
50, 6840, 29, 83591, 84841
50, 6850, 29, 83591, 83591
50, 6860, 29, 83591, 86366
50, 6870, 29, 83591, 83645
50, 6880, 29, 83591, 83591
50, 6890, 29, 83416, 83816
50, 6900, 29, 83416, 84442
50, 6910, 29, 83416, 85283
50, 6920, 29, 83416, 83416
50, 6930, 29, 83416, 85753
50, 6940, 29, 83416, 84066
50, 6950, 29, 83416, 84175
50, 6960, 29, 83416, 84027
50, 6970, 29, 83416, 83416
50, 6980, 29, 83293, 83416
50, 6990, 29, 83293, 83293
50, 7000, 29, 83266, 86894
50, 7010, 29, 83230, 84672
50, 7020, 29, 83147, 83147
50, 7030, 29, 83147, 85614
50, 7040, 29, 83147, 85747
50, 7050, 29, 83147, 83147
50, 7060, 29, 83023, 83023
50, 7070, 29, 83023, 83799
50, 7080, 29, 82958, 85101
50, 7090, 29, 82958, 82958
50, 7100, 29, 82893, 82958
50, 7110, 29, 82893, 82893
50, 7120, 29, 82893, 84711
50, 7130, 29, 82893, 84717
50, 7140, 29, 82663, 82663
50, 7150, 29, 82663, 85070
50, 7160, 29, 82663, 82663
50, 7170, 29, 82663, 82663
50, 7180, 29, 82663, 82663
50, 7190, 29, 82536, 82852
50, 7200, 29, 82536, 83046
50, 7210, 29, 82536, 82536
50, 7220, 29, 82536, 82536
50, 7230, 29, 82416, 82536
50, 7240, 29, 82400, 83027
50, 7250, 29, 82400, 84082
50, 7260, 29, 82209, 86106
50, 7270, 29, 82017, 82209
50, 7280, 29, 82017, 82017
50, 7290, 29, 81974, 82773
50, 7300, 29, 81915, 84252
50, 7310, 29, 81915, 83373
50, 7320, 29, 81607, 81607
50, 7330, 29, 81499, 81607
50, 7340, 29, 81499, 82088
50, 7350, 29, 81499, 81499
50, 7360, 29, 81491, 84169
50, 7370, 29, 81490, 83269
50, 7380, 29, 81490, 81490
50, 7390, 29, 81490, 82546
50, 7400, 29, 81474, 83228
50, 7410, 29, 81352, 82862
50, 7420, 29, 81352, 81352
50, 7430, 29, 81352, 81352
50, 7440, 29, 81352, 82863
50, 7450, 29, 81352, 83047
50, 7460, 29, 81352, 81352
50, 7470, 29, 81328, 85051
50, 7480, 29, 81328, 82584
50, 7490, 29, 81328, 81328
50, 7500, 29, 81328, 81328
50, 7510, 29, 81245, 82705
50, 7520, 29, 81228, 81799
50, 7530, 29, 81170, 81711
50, 7540, 29, 81170, 81170
50, 7550, 29, 81074, 81074
50, 7560, 29, 81074, 81074
50, 7570, 29, 80874, 81074
50, 7580, 29, 80874, 80874
50, 7590, 29, 80874, 80874
50, 7600, 29, 80874, 83112
50, 7610, 29, 80844, 83280
50, 7620, 29, 80844, 81162
50, 7630, 29, 80844, 82158
50, 7640, 29, 80829, 80950
50, 7650, 29, 80745, 81456
50, 7660, 29, 80745, 83108
50, 7670, 29, 80541, 82855
50, 7680, 29, 80541, 80541
50, 7690, 29, 80541, 80997
50, 7700, 29, 80464, 83327
50, 7710, 29, 80405, 81227
50, 7720, 29, 80345, 80345
50, 7730, 29, 80345, 81284
50, 7740, 29, 80345, 81758
50, 7750, 29, 80203, 82430
50, 7760, 29, 79956, 82361
50, 7770, 29, 79956, 79956
50, 7780, 29, 79956, 80297
50, 7790, 29, 79956, 79956
50, 7800, 29, 79845, 79845
50, 7810, 29, 79845, 81985
50, 7820, 29, 79845, 79845
50, 7830, 29, 79755, 79845
50, 7840, 29, 79755, 79755
50, 7850, 29, 79755, 79755
50, 7860, 29, 79755, 80363
50, 7870, 29, 79378, 79566
50, 7880, 29, 79378, 79378
50, 7890, 29, 79378, 80734
50, 7900, 29, 79378, 79378
50, 7910, 29, 79378, 80625
50, 7920, 29, 79378, 79378
50, 7930, 29, 79378, 81268
50, 7940, 29, 79378, 79378
50, 7950, 29, 79378, 79378
50, 7960, 29, 79378, 80730
50, 7970, 29, 79378, 80578
50, 7980, 29, 79378, 79378
50, 7990, 29, 79302, 79302
50, 8000, 29, 79166, 82119
50, 8010, 29, 79166, 81274
50, 8020, 29, 79108, 80478
50, 8030, 29, 78908, 81562
50, 8040, 29, 78908, 80333
50, 8050, 29, 78908, 81031
50, 8060, 29, 78852, 80061
50, 8070, 29, 78852, 78852
50, 8080, 29, 78852, 81428
50, 8090, 29, 78197, 78234
50, 8100, 29, 78138, 79758
50, 8110, 29, 78138, 78138
50, 8120, 29, 78080, 78138
50, 8130, 29, 78080, 79580
50, 8140, 29, 78080, 78080
50, 8150, 29, 78080, 79752
50, 8160, 29, 78055, 78080
50, 8170, 29, 77925, 79556
50, 8180, 29, 77918, 78783
50, 8190, 29, 77918, 77918
50, 8200, 29, 77918, 78365
50, 8210, 29, 77918, 78968
50, 8220, 29, 77705, 77918
50, 8230, 29, 77705, 79386
50, 8240, 29, 77619, 79075
50, 8250, 29, 77511, 77619
50, 8260, 29, 77228, 78798
50, 8270, 29, 77228, 79186
50, 8280, 29, 77228, 77228
50, 8290, 29, 77228, 77228
50, 8300, 29, 77228, 78187
50, 8310, 29, 77228, 77228
50, 8320, 29, 77228, 78232
50, 8330, 29, 77228, 78861
50, 8340, 29, 77228, 77228
50, 8350, 29, 77228, 81453
50, 8360, 29, 77228, 77228
50, 8370, 29, 77228, 77228
50, 8380, 29, 77167, 77228
50, 8390, 29, 77167, 78010
50, 8400, 29, 77167, 77167
50, 8410, 29, 77167, 79194
50, 8420, 29, 76831, 78229
50, 8430, 29, 76831, 76831
50, 8440, 29, 76831, 79244
50, 8450, 29, 76831, 76831
50, 8460, 29, 76718, 76831
50, 8470, 29, 76718, 78333
50, 8480, 29, 76578, 76718
50, 8490, 29, 76495, 76495
50, 8500, 29, 76495, 78590
50, 8510, 29, 76437, 76437
50, 8520, 29, 76354, 76437
50, 8530, 29, 76354, 76354
50, 8540, 29, 76354, 77788
50, 8550, 29, 76354, 76354
50, 8560, 29, 76334, 76354
50, 8570, 29, 76334, 77475
50, 8580, 29, 76334, 77780
50, 8590, 29, 76251, 79193
50, 8600, 29, 76251, 76664
50, 8610, 29, 76168, 77542
50, 8620, 29, 76142, 76155
50, 8630, 29, 76142, 77023
50, 8640, 29, 76142, 76142
50, 8650, 29, 75966, 76142
50, 8660, 29, 75942, 75966
50, 8670, 29, 75894, 75924
50, 8680, 29, 75894, 75894
50, 8690, 29, 75894, 77435
50, 8700, 29, 75860, 75894
50, 8710, 29, 75860, 78194
50, 8720, 29, 75860, 77525
50, 8730, 29, 75860, 75860
50, 8740, 29, 75860, 75860
50, 8750, 29, 75860, 77444
50, 8760, 29, 75860, 75860
50, 8770, 29, 75860, 75860
50, 8780, 29, 75860, 75860
50, 8790, 29, 75590, 75590
50, 8800, 29, 75590, 75590
50, 8810, 29, 75590, 75590
50, 8820, 29, 75590, 77066
50, 8830, 29, 75390, 75590
50, 8840, 29, 75390, 75455
50, 8850, 29, 75390, 75390
50, 8860, 29, 75390, 75390
50, 8870, 29, 75390, 75590
50, 8880, 29, 75390, 75390
50, 8890, 29, 75390, 76626
50, 8900, 29, 75260, 75390
50, 8910, 29, 75260, 76398
50, 8920, 29, 75060, 75260
50, 8930, 29, 75060, 76109
50, 8940, 29, 75060, 75197
50, 8950, 29, 75060, 75060
50, 8960, 29, 75060, 75060
50, 8970, 29, 75042, 77643
50, 8980, 29, 75042, 75042
50, 8990, 29, 75042, 75242
50, 9000, 29, 74767, 74767
50, 9010, 29, 74767, 74767
50, 9020, 29, 74740, 74767
50, 9030, 29, 74740, 74740
50, 9040, 29, 74740, 74740
50, 9050, 29, 74740, 75689
50, 9060, 29, 74740, 75157
50, 9070, 29, 74702, 76169
50, 9080, 29, 74673, 76067
50, 9090, 29, 74673, 74673
50, 9100, 29, 74670, 74971
50, 9110, 29, 74670, 75800
50, 9120, 29, 74660, 74670
50, 9130, 29, 74660, 74660
50, 9140, 29, 74583, 74660
50, 9150, 29, 74460, 74583
50, 9160, 29, 74319, 74442
50, 9170, 29, 74319, 76523
50, 9180, 29, 74319, 74319
50, 9190, 29, 74319, 74319
50, 9200, 29, 74319, 77312
50, 9210, 29, 74319, 77301
50, 9220, 29, 74319, 74319
50, 9230, 29, 74319, 74319
50, 9240, 29, 74319, 74319
50, 9250, 29, 74236, 75041
50, 9260, 29, 74236, 75431
50, 9270, 29, 74236, 74236
50, 9280, 29, 74236, 76489
50, 9290, 29, 74236, 75493
50, 9300, 29, 74236, 74236
50, 9310, 29, 74236, 74236
50, 9320, 29, 74236, 76266
50, 9330, 29, 74236, 75671
50, 9340, 29, 74236, 74236
50, 9350, 29, 74236, 74236
50, 9360, 29, 74236, 74236
50, 9370, 29, 74236, 74236
50, 9380, 29, 74236, 75878
50, 9390, 29, 74236, 74251
50, 9400, 29, 74236, 74236
50, 9410, 29, 74236, 74236
50, 9420, 29, 74236, 75727
50, 9430, 29, 74236, 74236
50, 9440, 29, 74236, 74236
50, 9450, 29, 74236, 74236
50, 9460, 29, 74234, 74236
50, 9470, 29, 74234, 74234
50, 9480, 29, 74234, 74234
50, 9490, 29, 74234, 74234
50, 9500, 29, 74234, 74234
50, 9510, 29, 74031, 74234
50, 9520, 29, 73824, 73908
50, 9530, 29, 73765, 73765
50, 9540, 29, 73682, 73765
50, 9550, 29, 73682, 73682
50, 9560, 29, 73682, 73682
50, 9570, 29, 73682, 73682
50, 9580, 29, 73682, 76053
50, 9590, 29, 73682, 73682
50, 9600, 29, 73366, 73682
50, 9610, 29, 73342, 73366
50, 9620, 29, 73342, 73342
50, 9630, 29, 73242, 75001
50, 9640, 29, 73242, 74241
50, 9650, 29, 73242, 73242
50, 9660, 29, 73242, 73242
50, 9670, 29, 73242, 73242
50, 9680, 29, 73242, 73242
50, 9690, 29, 73242, 73242
50, 9700, 29, 73242, 73242
50, 9710, 29, 73105, 73242
50, 9720, 29, 73105, 76382
50, 9730, 29, 73105, 73105
50, 9740, 29, 73105, 73105
50, 9750, 29, 72705, 73105
50, 9760, 29, 72631, 72705
50, 9770, 29, 72589, 72589
50, 9780, 29, 72524, 72589
50, 9790, 29, 72524, 72524
50, 9800, 29, 72524, 73724
50, 9810, 29, 72452, 72524
50, 9820, 29, 72452, 72452
50, 9830, 29, 72452, 74198
50, 9840, 29, 72452, 72452
50, 9850, 29, 72452, 73426
50, 9860, 29, 72452, 73740
50, 9870, 29, 72452, 72452
50, 9880, 29, 72452, 72452
50, 9890, 29, 72452, 72452
50, 9900, 29, 72452, 72452
50, 9910, 29, 72452, 72452
50, 9920, 29, 72452, 72452
50, 9930, 29, 72452, 74640
50, 9940, 29, 72452, 72452
50, 9950, 29, 72452, 72452
50, 9960, 29, 72452, 72452
50, 9970, 29, 72372, 73723
50, 9980, 29, 72372, 72372
50, 9990, 29, 72372, 75546
50, 10000, 29, 72372, 72372
50, 10010, 29, 72372, 72372
50, 10020, 29, 72372, 72372
50, 10030, 29, 72372, 72372
50, 10040, 29, 72372, 72372
50, 10050, 29, 72372, 72372
50, 10060, 29, 72372, 72372
50, 10070, 29, 72372, 72372
50, 10080, 29, 72372, 72372
50, 10090, 29, 72372, 73192
50, 10100, 29, 72372, 72909
50, 10110, 29, 72372, 74360
50, 10120, 29, 72372, 72372
50, 10130, 29, 72372, 72372
50, 10140, 29, 72287, 72372
50, 10150, 29, 72287, 73486
50, 10160, 29, 72257, 72287
50, 10170, 29, 72257, 72257
50, 10180, 29, 72257, 72257
50, 10190, 29, 72257, 72257
50, 10200, 29, 72257, 73962
50, 10210, 29, 72232, 73730
50, 10220, 29, 72176, 72232
50, 10230, 29, 72176, 72232
50, 10240, 29, 72176, 72176
50, 10250, 29, 72153, 72176
50, 10260, 29, 72153, 72153
50, 10270, 29, 72153, 72153
50, 10280, 29, 72153, 72153
50, 10290, 29, 72153, 72153
50, 10300, 29, 72153, 73110
50, 10310, 29, 72153, 72236
50, 10320, 29, 72102, 73729
50, 10330, 29, 72068, 73701
50, 10340, 29, 71926, 72068
50, 10350, 29, 71926, 72068
50, 10360, 29, 71926, 71926
50, 10370, 29, 71926, 71926
50, 10380, 29, 71854, 71926
50, 10390, 29, 71854, 72882
50, 10400, 29, 71440, 71854
50, 10410, 29, 71440, 71440
50, 10420, 29, 71440, 71440
50, 10430, 29, 71440, 71440
50, 10440, 29, 71440, 71440
50, 10450, 29, 71440, 73887
50, 10460, 29, 71440, 72816
50, 10470, 29, 71440, 73260
50, 10480, 29, 71440, 72887
50, 10490, 29, 71440, 73466
50, 10500, 29, 71440, 72543
50, 10510, 29, 71440, 71440
50, 10520, 29, 71440, 71440
50, 10530, 29, 71440, 71440
50, 10540, 29, 71301, 71301
50, 10550, 29, 71269, 71393
50, 10560, 29, 71269, 71269
50, 10570, 29, 71151, 71151
50, 10580, 29, 71151, 71151
50, 10590, 29, 71133, 71151
50, 10600, 29, 71133, 71133
50, 10610, 29, 71133, 71133
50, 10620, 29, 71133, 71133
50, 10630, 29, 71096, 71133
50, 10640, 29, 71096, 71096
50, 10650, 29, 71096, 71096
50, 10660, 29, 71096, 71096
50, 10670, 29, 71096, 71096
50, 10680, 29, 71096, 71096
50, 10690, 29, 71096, 71096
50, 10700, 29, 71096, 71096
50, 10710, 29, 71096, 71096
50, 10720, 29, 71096, 71096
50, 10730, 29, 71096, 71096
50, 10740, 29, 71096, 71096
50, 10750, 29, 71096, 71096
50, 10760, 29, 71096, 71096
50, 10770, 29, 71065, 71065
50, 10780, 29, 71065, 71065
50, 10790, 29, 71065, 71065
50, 10800, 29, 71065, 71065
50, 10810, 29, 71065, 71065
50, 10820, 29, 71065, 71065
50, 10830, 29, 71065, 71065
50, 10840, 29, 71065, 71065
50, 10850, 29, 71020, 71694
50, 10860, 29, 71020, 71020
50, 10870, 29, 71020, 71020
50, 10880, 29, 71020, 71220
50, 10890, 29, 71020, 72038
50, 10900, 29, 71020, 71020
50, 10910, 29, 70925, 70937
50, 10920, 29, 70925, 70925
50, 10930, 29, 70925, 70925
50, 10940, 29, 70925, 70925
50, 10950, 29, 70925, 70925
50, 10960, 29, 70925, 70925
50, 10970, 29, 70925, 70925
50, 10980, 29, 70925, 70925
50, 10990, 29, 70925, 70925
50, 11000, 29, 70925, 70925
50, 11010, 29, 70925, 70925
50, 11020, 29, 70925, 70925
50, 11030, 29, 70915, 70925
50, 11040, 29, 70915, 70915
50, 11050, 29, 70915, 70915
50, 11060, 29, 70915, 70915
50, 11070, 29, 70915, 70915
50, 11080, 29, 70915, 70915
50, 11090, 29, 70915, 70915
50, 11100, 29, 70915, 73478
50, 11110, 29, 70915, 70998
50, 11120, 29, 70915, 70915
50, 11130, 29, 70915, 70915
50, 11140, 29, 70799, 70915
50, 11150, 29, 70799, 70799
50, 11160, 29, 70682, 72108
50, 11170, 29, 70682, 70682
50, 11180, 29, 70641, 70641
50, 11190, 29, 70641, 70641
50, 11200, 29, 70641, 71240
50, 11210, 29, 70641, 70641
50, 11220, 29, 70641, 70641
50, 11230, 29, 70641, 70641
50, 11240, 29, 70641, 70641
50, 11250, 29, 70641, 70641
50, 11260, 29, 70641, 70641
50, 11270, 29, 70539, 70641
50, 11280, 29, 70483, 70483
50, 11290, 29, 70483, 71209
50, 11300, 29, 70483, 70483
50, 11310, 29, 70483, 70483
50, 11320, 29, 70483, 70483
50, 11330, 29, 70483, 70483
50, 11340, 29, 70483, 70483
50, 11350, 29, 70483, 70735
50, 11360, 29, 70483, 70483
50, 11370, 29, 70283, 70483
50, 11380, 29, 70234, 70234
50, 11390, 29, 70234, 70234
50, 11400, 29, 70234, 70234
50, 11410, 29, 70234, 70234
50, 11420, 29, 70234, 70234
50, 11430, 29, 70234, 70234
50, 11440, 29, 70234, 70234
50, 11450, 29, 70234, 70234
50, 11460, 29, 70234, 70535
50, 11470, 29, 70234, 70234
50, 11480, 29, 70234, 70234
50, 11490, 29, 70234, 70234
50, 11500, 29, 70234, 70234
50, 11510, 29, 70234, 70234
50, 11520, 29, 70234, 70234
50, 11530, 29, 70234, 70234
50, 11540, 29, 70234, 70234
50, 11550, 29, 70234, 70234
50, 11560, 29, 70234, 70234
50, 11570, 29, 70161, 70234
50, 11580, 29, 70161, 70161
50, 11590, 29, 70161, 70161
50, 11600, 29, 70161, 70161
50, 11610, 29, 70161, 70161
50, 11620, 29, 70161, 70161
50, 11630, 29, 70161, 70161
50, 11640, 29, 70123, 70161
50, 11650, 29, 70020, 70123
50, 11660, 29, 70020, 70020
50, 11670, 29, 70020, 70453
50, 11680, 29, 70020, 70020
50, 11690, 29, 69838, 69903
50, 11700, 29, 69838, 70970
50, 11710, 29, 69838, 69838
50, 11720, 29, 69838, 69838
50, 11730, 29, 69789, 69962
50, 11740, 29, 69717, 69717
50, 11750, 29, 69717, 69717
50, 11760, 29, 69717, 69717
50, 11770, 29, 69717, 69717
50, 11780, 29, 69717, 69717
50, 11790, 29, 69717, 69717
50, 11800, 29, 69590, 69717
50, 11810, 29, 69590, 69590
50, 11820, 29, 69590, 69590
50, 11830, 29, 69590, 69590
50, 11840, 29, 69590, 69590
50, 11850, 29, 69590, 69590
50, 11860, 29, 69590, 69590
50, 11870, 29, 69590, 69590
50, 11880, 29, 69590, 69590
50, 11890, 29, 69590, 69590
50, 11900, 29, 69590, 69590
50, 11910, 29, 69590, 69590
50, 11920, 29, 69505, 69505
50, 11930, 29, 69505, 69505
50, 11940, 29, 69505, 69505
50, 11950, 29, 69505, 69505
50, 11960, 29, 69505, 69505
50, 11970, 29, 69505, 69505
50, 11980, 29, 69505, 69505
50, 11990, 29, 69505, 69505
50, 12000, 29, 69505, 69505
50, 12010, 29, 69505, 69505
50, 12020, 29, 69505, 69505
50, 12030, 29, 69505, 69505
50, 12040, 29, 69505, 69505
50, 12050, 29, 69505, 69505
50, 12060, 29, 69505, 69505
50, 12070, 29, 69505, 69505
50, 12080, 29, 69444, 69905
50, 12090, 29, 69444, 69444
50, 12100, 29, 69444, 69444
50, 12110, 29, 69444, 69444
50, 12120, 29, 69444, 71321
50, 12130, 29, 69444, 69444
50, 12140, 29, 69444, 69444
50, 12150, 29, 69444, 70947
50, 12160, 29, 69378, 69444
50, 12170, 29, 69378, 69444
50, 12180, 29, 69378, 69378
50, 12190, 29, 69378, 69378
50, 12200, 29, 69378, 69378
50, 12210, 29, 69378, 69378
50, 12220, 29, 69378, 69378
50, 12230, 29, 69378, 69378
50, 12240, 29, 69378, 69378
50, 12250, 29, 69378, 69378
50, 12260, 29, 69378, 69378
50, 12270, 29, 69378, 70069
50, 12280, 29, 69378, 69378
50, 12290, 29, 69378, 69560
50, 12300, 29, 69378, 69378
50, 12310, 29, 69347, 69347
50, 12320, 29, 69347, 69347
50, 12330, 29, 69347, 69347
50, 12340, 29, 69347, 69347
50, 12350, 29, 69347, 69347
50, 12360, 29, 69347, 69347
50, 12370, 29, 69343, 69347
50, 12380, 29, 69343, 69343
50, 12390, 29, 69331, 69331
50, 12400, 29, 69331, 69331
50, 12410, 29, 69331, 69331
50, 12420, 29, 69313, 69331
50, 12430, 29, 69313, 69313
50, 12440, 29, 69313, 69313
50, 12450, 29, 69313, 69313
50, 12460, 29, 69313, 69313
50, 12470, 29, 69313, 69837
50, 12480, 29, 69313, 69313
50, 12490, 29, 69313, 69313
50, 12500, 29, 69313, 69313
50, 12510, 29, 69313, 69313
50, 12520, 29, 69313, 69313
50, 12530, 29, 69313, 69313
50, 12540, 29, 69313, 69313
50, 12550, 29, 69268, 69313
50, 12560, 29, 69268, 69268
50, 12570, 29, 69268, 69268
50, 12580, 29, 69268, 69268
50, 12590, 29, 69268, 69268
50, 12600, 29, 69268, 69268
50, 12610, 29, 69212, 70690
50, 12620, 29, 69212, 69212
50, 12630, 29, 69212, 69212
50, 12640, 29, 69212, 69212
50, 12650, 29, 69212, 69212
50, 12660, 29, 69212, 70588
50, 12670, 29, 69212, 69212
50, 12680, 29, 69212, 69212
50, 12690, 29, 69212, 69212
50, 12700, 29, 69212, 70106
50, 12710, 29, 69212, 69212
50, 12720, 29, 69212, 69724
50, 12730, 29, 69212, 69212
50, 12740, 29, 69212, 69212
50, 12750, 29, 69212, 69212
50, 12760, 29, 69212, 69212
50, 12770, 29, 69212, 69212
50, 12780, 29, 69209, 69212
50, 12790, 29, 69209, 69209
50, 12800, 29, 69209, 69209
50, 12810, 29, 69150, 69209
50, 12820, 29, 69150, 69150
50, 12830, 29, 69150, 69150
50, 12840, 29, 69041, 69041
50, 12850, 29, 69041, 69041
50, 12860, 29, 69041, 69041
50, 12870, 29, 69041, 69041
50, 12880, 29, 69041, 69041
50, 12890, 29, 68821, 68821
50, 12900, 29, 68821, 68821
50, 12910, 29, 68821, 68821
50, 12920, 29, 68821, 68821
50, 12930, 29, 68821, 68821
50, 12940, 29, 68821, 69178
50, 12950, 29, 68821, 68821
50, 12960, 29, 68821, 68821
50, 12970, 29, 68821, 68821
50, 12980, 29, 68821, 68821
50, 12990, 29, 68821, 68821
50, 13000, 29, 68821, 68821
50, 13010, 29, 68801, 68821
50, 13020, 29, 68801, 68801
50, 13030, 29, 68801, 68801
50, 13040, 29, 68801, 68801
50, 13050, 29, 68801, 68801
50, 13060, 29, 68801, 68801
50, 13070, 29, 68801, 68801
50, 13080, 29, 68801, 68801
50, 13090, 29, 68801, 68801
50, 13100, 29, 68695, 68801
50, 13110, 29, 68695, 68695
50, 13120, 29, 68695, 68695
50, 13130, 29, 68695, 68695
50, 13140, 29, 68695, 68695
50, 13150, 29, 68695, 68695
50, 13160, 29, 68695, 68695
50, 13170, 29, 68695, 68695
50, 13180, 29, 68695, 68695
50, 13190, 29, 68695, 68695
50, 13200, 29, 68695, 68695
50, 13210, 29, 68695, 68695
50, 13220, 29, 68695, 68695
50, 13230, 29, 68678, 68678
50, 13240, 29, 68533, 68678
50, 13250, 29, 68533, 68533
50, 13260, 29, 68403, 68403
50, 13270, 29, 68403, 68403
50, 13280, 29, 68403, 68403
50, 13290, 29, 68403, 68403
50, 13300, 29, 68403, 68403
50, 13310, 29, 68403, 68403
50, 13320, 29, 68403, 68403
50, 13330, 29, 68403, 68403
50, 13340, 29, 68403, 68403
50, 13350, 29, 68403, 68403
50, 13360, 29, 68403, 68403
50, 13370, 29, 68403, 68403
50, 13380, 29, 68403, 68403
50, 13390, 29, 68403, 68403
50, 13400, 29, 68403, 68403
50, 13410, 29, 68403, 68403
50, 13420, 29, 68403, 68403
50, 13430, 29, 68300, 68403
50, 13440, 29, 68300, 68300
50, 13450, 29, 68300, 68300
50, 13460, 29, 68300, 68300
50, 13470, 29, 68300, 68300
50, 13480, 29, 68300, 68300
50, 13490, 29, 68300, 68300
50, 13500, 29, 68300, 68300
50, 13510, 29, 68300, 68300
50, 13520, 29, 68300, 68300
50, 13530, 29, 68267, 68267
50, 13540, 29, 68267, 68267
50, 13550, 29, 68267, 68267
50, 13560, 29, 68267, 68267
50, 13570, 29, 68137, 68137
50, 13580, 29, 68137, 68137
50, 13590, 29, 67878, 68137
50, 13600, 29, 67878, 67878
50, 13610, 29, 67878, 67878
50, 13620, 29, 67878, 67878
50, 13630, 29, 67878, 67878
50, 13640, 29, 67878, 67878
50, 13650, 29, 67878, 67878
50, 13660, 29, 67813, 67813
50, 13670, 29, 67813, 67813
50, 13680, 29, 67813, 67813
50, 13690, 29, 67813, 67813
50, 13700, 29, 67813, 67813
50, 13710, 29, 67813, 67813
50, 13720, 29, 67813, 67813
50, 13730, 29, 67813, 67813
50, 13740, 29, 67813, 67813
50, 13750, 29, 67813, 67813
50, 13760, 29, 67813, 67813
50, 13770, 29, 67813, 67813
50, 13780, 29, 67813, 67813
50, 13790, 29, 67613, 67765
50, 13800, 29, 67613, 67613
50, 13810, 29, 67613, 67613
50, 13820, 29, 67613, 67613
50, 13830, 29, 67613, 67613
50, 13840, 29, 67613, 68440
50, 13850, 29, 67613, 67613
50, 13860, 29, 67613, 67613
50, 13870, 29, 67558, 67558
50, 13880, 29, 67558, 67558
50, 13890, 29, 67558, 67558
50, 13900, 29, 67332, 67558
50, 13910, 29, 67332, 67332
50, 13920, 29, 67315, 67332
50, 13930, 29, 67284, 67284
50, 13940, 29, 67284, 67284
50, 13950, 29, 67284, 67284
50, 13960, 29, 67215, 67284
50, 13970, 29, 67112, 67112
50, 13980, 29, 67112, 67112
50, 13990, 29, 67112, 67112
50, 14000, 29, 67094, 67094
50, 14010, 29, 67094, 67094
50, 14020, 29, 67094, 67094
50, 14030, 29, 67094, 68323
50, 14040, 29, 67094, 67094
50, 14050, 29, 67094, 67094
50, 14060, 29, 67094, 67094
50, 14070, 29, 67057, 67094
50, 14080, 29, 67057, 67057
50, 14090, 29, 67057, 67057
50, 14100, 29, 67057, 67057
50, 14110, 29, 67057, 67057
50, 14120, 29, 67057, 67057
50, 14130, 29, 67057, 67057
50, 14140, 29, 67057, 67057
50, 14150, 29, 67057, 67057
50, 14160, 29, 66949, 68569
50, 14170, 29, 66949, 67799
50, 14180, 29, 66932, 66949
50, 14190, 29, 66932, 66932
50, 14200, 29, 66834, 66932
50, 14210, 29, 66834, 66834
50, 14220, 29, 66834, 66834
50, 14230, 29, 66834, 66834
50, 14240, 29, 66672, 66802
50, 14250, 29, 66672, 66672
50, 14260, 29, 66672, 66672
50, 14270, 29, 66672, 66672
50, 14280, 29, 66672, 66672
50, 14290, 29, 66637, 66637
50, 14300, 29, 66637, 66637
50, 14310, 29, 66637, 66637
50, 14320, 29, 66554, 66637
50, 14330, 29, 66554, 66554
50, 14340, 29, 66554, 66554
50, 14350, 29, 66554, 66678
50, 14360, 29, 66554, 66554
50, 14370, 29, 66554, 66554
50, 14380, 29, 66554, 66554
50, 14390, 29, 66554, 66554
50, 14400, 29, 66554, 66554
50, 14410, 29, 66554, 66554
50, 14420, 29, 66554, 66554
50, 14430, 29, 66524, 66554
50, 14440, 29, 66524, 66524
50, 14450, 29, 66524, 66524
50, 14460, 29, 66524, 66524
50, 14470, 29, 66264, 66264
50, 14480, 29, 66246, 66264
50, 14490, 29, 66246, 66246
50, 14500, 29, 66203, 66203
50, 14510, 29, 66197, 66203
50, 14520, 29, 66197, 66197
50, 14530, 29, 66197, 66197
50, 14540, 29, 66197, 66197
50, 14550, 29, 66170, 66197
50, 14560, 29, 66170, 66170
50, 14570, 29, 66170, 66170
50, 14580, 29, 66170, 66170
50, 14590, 29, 66170, 66170
50, 14600, 29, 66170, 66170
50, 14610, 29, 65960, 66170
50, 14620, 29, 65960, 65960
50, 14630, 29, 65960, 65960
50, 14640, 29, 65960, 65960
50, 14650, 29, 65960, 65960
50, 14660, 29, 65960, 65960
50, 14670, 29, 65960, 65960
50, 14680, 29, 65960, 65960
50, 14690, 29, 65960, 65960
50, 14700, 29, 65960, 67738
50, 14710, 29, 65960, 65960
50, 14720, 29, 65960, 65960
50, 14730, 29, 65960, 65960
50, 14740, 29, 65960, 65960
50, 14750, 29, 65960, 65960
50, 14760, 29, 65960, 65960
50, 14770, 29, 65960, 65960
50, 14780, 29, 65960, 65960
50, 14790, 29, 65960, 65960
50, 14800, 29, 65960, 65960
50, 14810, 29, 65960, 65960
50, 14820, 29, 65960, 65960
50, 14830, 29, 65960, 65960
50, 14840, 29, 65960, 65960
50, 14850, 29, 65936, 65960
50, 14860, 29, 65936, 65936
50, 14870, 29, 65936, 65936
50, 14880, 29, 65936, 65936
50, 14890, 29, 65823, 65936
50, 14900, 29, 65823, 65823
50, 14910, 29, 65823, 65823
50, 14920, 29, 65823, 65823
50, 14930, 29, 65823, 65823
50, 14940, 29, 65823, 65823
50, 14950, 29, 65823, 65823
50, 14960, 29, 65823, 65823
50, 14970, 29, 65823, 65823
50, 14980, 29, 65823, 65823
50, 14990, 29, 65823, 65823
50, 15000, 29, 65823, 65823
50, 15010, 29, 65804, 65823
50, 15020, 29, 65804, 65804
50, 15030, 29, 65804, 65804
50, 15040, 29, 65804, 65804
50, 15050, 29, 65804, 65804
50, 15060, 29, 65804, 65804
50, 15070, 29, 65786, 65804
50, 15080, 29, 65745, 65745
50, 15090, 29, 65745, 65745
50, 15100, 29, 65745, 65745
50, 15110, 29, 65706, 65745
50, 15120, 29, 65706, 65706
50, 15130, 29, 65582, 65706
50, 15140, 29, 65582, 65582
50, 15150, 29, 65582, 65582
50, 15160, 29, 65582, 65582
50, 15170, 29, 65482, 65582
50, 15180, 29, 65407, 65407
50, 15190, 29, 65407, 65407
50, 15200, 29, 65407, 65407
50, 15210, 29, 65388, 65407
50, 15220, 29, 65388, 65388
50, 15230, 29, 65383, 65388
50, 15240, 29, 65383, 65383
50, 15250, 29, 65383, 65383
50, 15260, 29, 65383, 65383
50, 15270, 29, 65383, 65383
50, 15280, 29, 65282, 65383
50, 15290, 29, 65282, 65282
50, 15300, 29, 65282, 65282
50, 15310, 29, 65282, 65282
50, 15320, 29, 65282, 65282
50, 15330, 29, 65282, 65282
50, 15340, 29, 65282, 66219
50, 15350, 29, 65282, 65282
50, 15360, 29, 65282, 65282
50, 15370, 29, 65282, 65282
50, 15380, 29, 65282, 65282
50, 15390, 29, 65282, 65282
50, 15400, 29, 65282, 65282
50, 15410, 29, 65282, 65282
50, 15420, 29, 65282, 65282
50, 15430, 29, 65282, 65282
50, 15440, 29, 65282, 65282
50, 15450, 29, 65282, 65282
50, 15460, 29, 65282, 65282
50, 15470, 29, 65282, 65282
50, 15480, 29, 65282, 65282
50, 15490, 29, 65282, 65282
50, 15500, 29, 65282, 65282
50, 15510, 29, 65282, 65282
50, 15520, 29, 65282, 65282
50, 15530, 29, 65282, 65282
50, 15540, 29, 65282, 65282
50, 15550, 29, 65226, 65282
50, 15560, 29, 65226, 65226
50, 15570, 29, 65226, 65226
50, 15580, 29, 65226, 65226
50, 15590, 29, 65158, 65226
50, 15600, 29, 65158, 65158
50, 15610, 29, 65158, 65158
50, 15620, 29, 65158, 65158
50, 15630, 29, 65158, 65158
50, 15640, 29, 65158, 65158
50, 15650, 29, 65158, 65158
50, 15660, 29, 65158, 65158
50, 15670, 29, 64970, 64970
50, 15680, 29, 64970, 64970
50, 15690, 29, 64970, 64970
50, 15700, 29, 64931, 64970
50, 15710, 29, 64931, 64931
50, 15720, 29, 64931, 64931
50, 15730, 29, 64931, 64931
50, 15740, 29, 64901, 64901
50, 15750, 29, 64853, 64901
50, 15760, 29, 64781, 64781
50, 15770, 29, 64781, 64781
50, 15780, 29, 64781, 64781
50, 15790, 29, 64781, 64781
50, 15800, 29, 64781, 64781
50, 15810, 29, 64781, 64781
50, 15820, 29, 64781, 64781
50, 15830, 29, 64781, 64781
50, 15840, 29, 64781, 64781
50, 15850, 29, 64781, 64781
50, 15860, 29, 64781, 64781
50, 15870, 29, 64781, 64781
50, 15880, 29, 64781, 64781
50, 15890, 29, 64781, 64781
50, 15900, 29, 64781, 64781
50, 15910, 29, 64781, 64781
50, 15920, 29, 64781, 64781
50, 15930, 29, 64781, 64781
50, 15940, 29, 64781, 64781
50, 15950, 29, 64781, 64781
50, 15960, 29, 64781, 64781
50, 15970, 29, 64781, 64781
50, 15980, 29, 64781, 64781
50, 15990, 29, 64781, 64781
50, 16000, 29, 64781, 64781
50, 16010, 29, 64764, 64781
50, 16020, 29, 64764, 64764
50, 16030, 29, 64764, 64764
50, 16040, 29, 64764, 64764
50, 16050, 29, 64764, 64764
50, 16060, 29, 64764, 64764
50, 16070, 29, 64764, 64764
50, 16080, 29, 64764, 64764
50, 16090, 29, 64764, 64764
50, 16100, 29, 64764, 64764
50, 16110, 29, 64764, 64764
50, 16120, 29, 64764, 64764
50, 16130, 29, 64764, 64764
50, 16140, 29, 64764, 64764
50, 16150, 29, 64764, 64764
50, 16160, 29, 64764, 64764
50, 16170, 29, 64764, 64764
50, 16180, 29, 64764, 64764
50, 16190, 29, 64764, 64764
50, 16200, 29, 64764, 64764
50, 16210, 29, 64764, 64764
50, 16220, 29, 64764, 64764
50, 16230, 29, 64764, 64764
50, 16240, 29, 64764, 64764
50, 16250, 29, 64764, 64764
50, 16260, 29, 64620, 64764
50, 16270, 29, 64620, 64620
50, 16280, 29, 64620, 64620
50, 16290, 29, 64620, 64620
50, 16300, 29, 64620, 64620
50, 16310, 29, 64620, 64620
50, 16320, 29, 64620, 64620
50, 16330, 29, 64620, 64620
50, 16340, 29, 64620, 64620
50, 16350, 29, 64510, 64510
50, 16360, 29, 64510, 64510
50, 16370, 29, 64510, 64510
50, 16380, 29, 64510, 64510
50, 16390, 29, 64510, 64510
50, 16400, 29, 64510, 64510
50, 16410, 29, 64510, 64510
50, 16420, 29, 64510, 64510
50, 16430, 29, 64510, 64510
50, 16440, 29, 64469, 64510
50, 16450, 29, 64469, 64469
50, 16460, 29, 64469, 64469
50, 16470, 29, 64469, 64469
50, 16480, 29, 64469, 64469
50, 16490, 29, 64469, 64469
50, 16500, 29, 64469, 64469
50, 16510, 29, 64469, 64469
50, 16520, 29, 64469, 64469
50, 16530, 29, 64469, 64469
50, 16540, 29, 64469, 64469
50, 16550, 29, 64469, 64469
50, 16560, 29, 64469, 64469
50, 16570, 29, 64469, 64469
50, 16580, 29, 64469, 64469
50, 16590, 29, 64469, 64469
50, 16600, 29, 64469, 64469
50, 16610, 29, 64463, 64469
50, 16620, 29, 64463, 64463
50, 16630, 29, 64463, 64463
50, 16640, 29, 64384, 64463
50, 16650, 29, 64384, 64384
50, 16660, 29, 64384, 64384
50, 16670, 29, 64384, 64384
50, 16680, 29, 64384, 64384
50, 16690, 29, 64384, 64384
50, 16700, 29, 64384, 64384
50, 16710, 29, 64384, 64384
50, 16720, 29, 64384, 64384
50, 16730, 29, 64384, 64384
50, 16740, 29, 64384, 64384
50, 16750, 29, 64384, 64384
50, 16760, 29, 64384, 64384
50, 16770, 29, 64384, 64384
50, 16780, 29, 64384, 64384
50, 16790, 29, 64384, 64384
50, 16800, 29, 64384, 64384
50, 16810, 29, 64384, 64384
50, 16820, 29, 64384, 64384
50, 16830, 29, 64384, 64384
50, 16840, 29, 64384, 64384
50, 16850, 29, 64384, 64384
50, 16860, 29, 64384, 64384
50, 16870, 29, 64384, 64384
50, 16880, 29, 64384, 64384
50, 16890, 29, 64384, 64384
50, 16900, 29, 64384, 64384
50, 16910, 29, 64384, 64384
50, 16920, 29, 64384, 64384
50, 16930, 29, 64384, 64384
50, 16940, 29, 64384, 64384
50, 16950, 29, 64384, 64384
50, 16960, 29, 64384, 64384
50, 16970, 29, 64384, 64384
50, 16980, 29, 64384, 64384
50, 16990, 29, 64384, 64384
50, 17000, 29, 64384, 64384
50, 17010, 29, 64384, 64384
50, 17020, 29, 64384, 64384
50, 17030, 29, 64384, 64384
50, 17040, 29, 64384, 64384
50, 17050, 29, 64371, 64371
50, 17060, 29, 64371, 64371
50, 17070, 29, 64371, 64371
50, 17080, 29, 64371, 64371
50, 17090, 29, 64371, 64371
50, 17100, 29, 64371, 64371
50, 17110, 29, 64371, 64371
50, 17120, 29, 64371, 64371
50, 17130, 29, 64347, 64371
50, 17140, 29, 64347, 64347
50, 17150, 29, 64347, 64347
50, 17160, 29, 64347, 64347
50, 17170, 29, 64347, 64347
50, 17180, 29, 64347, 64347
50, 17190, 29, 64347, 64347
50, 17200, 29, 64347, 64347
50, 17210, 29, 64347, 64347
50, 17220, 29, 64347, 64347
50, 17230, 29, 64347, 64347
50, 17240, 29, 64347, 64347
50, 17250, 29, 64347, 64347
50, 17260, 29, 64347, 64347
50, 17270, 29, 64347, 64347
50, 17280, 29, 64347, 64347
50, 17290, 29, 64347, 64347
50, 17300, 29, 64347, 64347
50, 17310, 29, 64347, 65168
50, 17320, 29, 64347, 64347
50, 17330, 29, 64347, 64347
50, 17340, 29, 64347, 64347
50, 17350, 29, 64347, 64347
50, 17360, 29, 64347, 64347
50, 17370, 29, 64347, 64347
50, 17380, 29, 64347, 64347
50, 17390, 29, 64347, 64347
50, 17400, 29, 64336, 64336
50, 17410, 29, 64336, 64336
50, 17420, 29, 64336, 64336
50, 17430, 29, 64336, 64336
50, 17440, 29, 64336, 64336
50, 17450, 29, 64336, 64336
50, 17460, 29, 64336, 64336
50, 17470, 29, 64336, 64336
50, 17480, 29, 64336, 64336
50, 17490, 29, 64336, 64336
50, 17500, 29, 64336, 64336
50, 17510, 29, 64336, 64336
50, 17520, 29, 64336, 64336
50, 17530, 29, 64336, 64336
50, 17540, 29, 64336, 64336
50, 17550, 29, 64336, 64336
50, 17560, 29, 64336, 64336
50, 17570, 29, 64336, 64336
50, 17580, 29, 64336, 64336
50, 17590, 29, 64336, 64336
50, 17600, 29, 64336, 64336
50, 17610, 29, 64295, 64336
50, 17620, 29, 64295, 64295
50, 17630, 29, 64295, 64295
50, 17640, 29, 64130, 64295
50, 17650, 29, 64130, 64130
50, 17660, 29, 64130, 64130
50, 17670, 29, 64130, 64130
50, 17680, 29, 64130, 64130
50, 17690, 29, 64130, 64130
50, 17700, 29, 64130, 64130
50, 17710, 29, 64130, 64130
50, 17720, 29, 64130, 64130
50, 17730, 29, 64130, 64130
50, 17740, 29, 64130, 64130
50, 17750, 29, 64130, 64130
50, 17760, 29, 64130, 64130
50, 17770, 29, 64112, 64130
50, 17780, 29, 64112, 64112
50, 17790, 29, 64112, 64112
50, 17800, 29, 64112, 64112
50, 17810, 29, 64112, 64112
50, 17820, 29, 64112, 64112
50, 17830, 29, 64112, 64112
50, 17840, 29, 64112, 64112
50, 17850, 29, 64112, 64112
50, 17860, 29, 64112, 64112
50, 17870, 29, 64112, 64112
50, 17880, 29, 64042, 64112
50, 17890, 29, 64042, 64042
50, 17900, 29, 64042, 64042
50, 17910, 29, 64042, 64042
50, 17920, 29, 64042, 64042
50, 17930, 29, 64042, 64042
50, 17940, 29, 64042, 64042
50, 17950, 29, 64042, 64042
50, 17960, 29, 64042, 64042
50, 17970, 29, 64042, 64042
50, 17980, 29, 64042, 64042
50, 17990, 29, 64042, 64042
50, 18000, 29, 64042, 64042
50, 18010, 29, 64042, 64042
50, 18020, 29, 64042, 64042
50, 18030, 29, 64042, 64042
50, 18040, 29, 64042, 64042
50, 18050, 29, 64042, 64042
50, 18060, 29, 64042, 64042
50, 18070, 29, 64042, 64042
50, 18080, 29, 64042, 64042
50, 18090, 29, 64042, 64042
50, 18100, 29, 64042, 64042
50, 18110, 29, 64042, 64042
50, 18120, 29, 64042, 64042
50, 18130, 29, 64042, 64042
50, 18140, 29, 64042, 64042
50, 18150, 29, 64042, 64042
50, 18160, 29, 63928, 63928
50, 18170, 29, 63928, 63928
50, 18180, 29, 63928, 63928
50, 18190, 29, 63928, 63928
50, 18200, 29, 63928, 63928
50, 18210, 29, 63928, 63928
50, 18220, 29, 63928, 63928
50, 18230, 29, 63928, 63928
50, 18240, 29, 63928, 63928
50, 18250, 29, 63928, 63928
50, 18260, 29, 63928, 63928
50, 18270, 29, 63928, 63928
50, 18280, 29, 63928, 63928
50, 18290, 29, 63928, 63928
50, 18300, 29, 63928, 63928
50, 18310, 29, 63928, 63928
50, 18320, 29, 63928, 63928
50, 18330, 29, 63928, 63928
50, 18340, 29, 63928, 63928
50, 18350, 29, 63928, 63928
50, 18360, 29, 63928, 63928
50, 18370, 29, 63928, 63928
50, 18380, 29, 63928, 63928
50, 18390, 29, 63928, 63928
50, 18400, 29, 63600, 63928
50, 18410, 29, 63600, 63600
50, 18420, 29, 63600, 63600
50, 18430, 29, 63600, 63600
50, 18440, 29, 63600, 63600
50, 18450, 29, 63600, 63600
50, 18460, 29, 63600, 63600
50, 18470, 29, 63600, 63600
50, 18480, 29, 63600, 63600
50, 18490, 29, 63600, 63600
50, 18500, 29, 63600, 63600
50, 18510, 29, 63600, 63600
50, 18520, 29, 63600, 63600
50, 18530, 29, 63600, 63600
50, 18540, 29, 63600, 63600
50, 18550, 29, 63600, 63600
50, 18560, 29, 63600, 63600
50, 18570, 29, 63600, 63600
50, 18580, 29, 63600, 63600
50, 18590, 29, 63600, 63600
50, 18600, 29, 63600, 63600
50, 18610, 29, 63600, 63600
50, 18620, 29, 63600, 63600
50, 18630, 29, 63600, 63600
50, 18640, 29, 63600, 63600
50, 18650, 29, 63600, 63600
50, 18660, 29, 63600, 63600
50, 18670, 29, 63581, 63600
50, 18680, 29, 63581, 63581
50, 18690, 29, 63581, 63581
50, 18700, 29, 63581, 63581
50, 18710, 29, 63570, 63570
50, 18720, 29, 63570, 63570
50, 18730, 29, 63570, 63570
50, 18740, 29, 63570, 63570
50, 18750, 29, 63570, 63570
50, 18760, 29, 63570, 63570
50, 18770, 29, 63570, 63570
50, 18780, 29, 63570, 63570
50, 18790, 29, 63570, 63570
50, 18800, 29, 63570, 63570
50, 18810, 29, 63570, 63570
50, 18820, 29, 63570, 63570
50, 18830, 29, 63570, 63570
50, 18840, 29, 63570, 63570
50, 18850, 29, 63570, 63570
50, 18860, 29, 63570, 63570
50, 18870, 29, 63570, 63570
50, 18880, 29, 63570, 63570
50, 18890, 29, 63566, 63570
50, 18900, 29, 63566, 63566
50, 18910, 29, 63566, 63566
50, 18920, 29, 63566, 63566
50, 18930, 29, 63566, 63566
50, 18940, 29, 63566, 63566
50, 18950, 29, 63566, 63566
50, 18960, 29, 63566, 63566
50, 18970, 29, 63566, 63566
50, 18980, 29, 63566, 63566
50, 18990, 29, 63566, 63566
50, 19000, 29, 63566, 63566
50, 19010, 29, 63566, 63566
50, 19020, 29, 63566, 63566
50, 19030, 29, 63566, 63566
50, 19040, 29, 63566, 63566
50, 19050, 29, 63566, 63566
50, 19060, 29, 63566, 63566
50, 19070, 29, 63566, 63566
50, 19080, 29, 63566, 63566
50, 19090, 29, 63566, 63566
50, 19100, 29, 63566, 63566
50, 19110, 29, 63566, 63566
50, 19120, 29, 63566, 63566
50, 19130, 29, 63566, 63566
50, 19140, 29, 63566, 63566
50, 19150, 29, 63550, 63550
50, 19160, 29, 63550, 63550
50, 19170, 29, 63550, 63550
50, 19180, 29, 63550, 63550
50, 19190, 29, 63550, 63550
50, 19200, 29, 63550, 63550
50, 19210, 29, 63550, 63550
50, 19220, 29, 63550, 63550
50, 19230, 29, 63550, 63550
50, 19240, 29, 63550, 63550
50, 19250, 29, 63550, 63550
50, 19260, 29, 63549, 63550
50, 19270, 29, 63549, 63549
50, 19280, 29, 63549, 63549
50, 19290, 29, 63549, 63549
50, 19300, 29, 63549, 63549
50, 19310, 29, 63549, 63549
50, 19320, 29, 63549, 63549
50, 19330, 29, 63549, 63549
50, 19340, 29, 63549, 63549
50, 19350, 29, 63549, 63549
50, 19360, 29, 63549, 63549
50, 19370, 29, 63549, 63549
50, 19380, 29, 63549, 63549
50, 19390, 29, 63549, 63549
50, 19400, 29, 63549, 63549
50, 19410, 29, 63549, 63549
50, 19420, 29, 63549, 63549
50, 19430, 29, 63549, 63549
50, 19440, 29, 63549, 63549
50, 19450, 29, 63549, 63549
50, 19460, 29, 63465, 63549
50, 19470, 29, 63465, 63465
50, 19480, 29, 63465, 63465
50, 19490, 29, 63465, 63465
50, 19500, 29, 63465, 63465
50, 19510, 29, 63465, 63465
50, 19520, 29, 63465, 63465
50, 19530, 29, 63465, 63465
50, 19540, 29, 63465, 63465
50, 19550, 29, 63465, 63465
50, 19560, 29, 63465, 63465
50, 19570, 29, 63465, 63465
50, 19580, 29, 63465, 63465
50, 19590, 29, 63438, 63438
50, 19600, 29, 63438, 63438
50, 19610, 29, 63322, 63322
50, 19620, 29, 63322, 63322
50, 19630, 29, 63238, 63322
50, 19640, 29, 63238, 63238
50, 19650, 29, 63238, 63238
50, 19660, 29, 63238, 63238
50, 19670, 29, 63238, 63238
50, 19680, 29, 63238, 63238
50, 19690, 29, 63238, 63238
50, 19700, 29, 63238, 63238
50, 19710, 29, 63238, 63238
50, 19720, 29, 63238, 63238
50, 19730, 29, 63238, 63238
50, 19740, 29, 63238, 63238
50, 19750, 29, 63238, 63238
50, 19760, 29, 63238, 63238
50, 19770, 29, 63238, 63238
50, 19780, 29, 63238, 63238
50, 19790, 29, 63238, 63238
50, 19800, 29, 63238, 63238
50, 19810, 29, 63238, 63238
50, 19820, 29, 63238, 63238
50, 19830, 29, 63238, 63238
50, 19840, 29, 63238, 63238
50, 19850, 29, 63238, 63238
50, 19860, 29, 63238, 63238
50, 19870, 29, 63238, 63238
50, 19880, 29, 63238, 63238
50, 19890, 29, 63238, 63238
50, 19900, 29, 63238, 63238
50, 19910, 29, 63238, 63238
50, 19920, 29, 63238, 63238
50, 19930, 29, 63238, 63238
50, 19940, 29, 63238, 63238
50, 19950, 29, 63220, 63238
50, 19960, 29, 63220, 63220
50, 19970, 29, 63220, 63220
50, 19980, 29, 63220, 63220
50, 19990, 29, 63220, 63220
