Population Size, Generation Count, Repetition, Best Fitness, Median Fitness
20, 0, 23, 733480, 772903
20, 10, 23, 711897, 719405
20, 20, 23, 695734, 699282
20, 30, 23, 684783, 690852
20, 40, 23, 671306, 676071
20, 50, 23, 653130, 663761
20, 60, 23, 641467, 645061
20, 70, 23, 631606, 634896
20, 80, 23, 616267, 623899
20, 90, 23, 606615, 610128
20, 100, 23, 595044, 596956
20, 110, 23, 587355, 590765
20, 120, 23, 577010, 580943
20, 130, 23, 571467, 574348
20, 140, 23, 563763, 567085
20, 150, 23, 557485, 560013
20, 160, 23, 547866, 551652
20, 170, 23, 543459, 545935
20, 180, 23, 532531, 536948
20, 190, 23, 525727, 530846
20, 200, 23, 518478, 521463
20, 210, 23, 510671, 515687
20, 220, 23, 507264, 510829
20, 230, 23, 503390, 505738
20, 240, 23, 498509, 500544
20, 250, 23, 491764, 496421
20, 260, 23, 489846, 493440
20, 270, 23, 485322, 487957
20, 280, 23, 482201, 484811
20, 290, 23, 478211, 481422
20, 300, 23, 474332, 477254
20, 310, 23, 466776, 471379
20, 320, 23, 462537, 465883
20, 330, 23, 460140, 461878
20, 340, 23, 455085, 458367
20, 350, 23, 447502, 448619
20, 360, 23, 445383, 448619
20, 370, 23, 442213, 445839
20, 380, 23, 436084, 441966
20, 390, 23, 432948, 436187
20, 400, 23, 429061, 434017
20, 410, 23, 424700, 428264
20, 420, 23, 422247, 424980
20, 430, 23, 417549, 419723
20, 440, 23, 415111, 417273
20, 450, 23, 409363, 413746
20, 460, 23, 402246, 406725
20, 470, 23, 400538, 403610
20, 480, 23, 398248, 400310
20, 490, 23, 395718, 399452
20, 500, 23, 394018, 394918
20, 510, 23, 391047, 393646
20, 520, 23, 387894, 392713
20, 530, 23, 385967, 387249
20, 540, 23, 381994, 386709
20, 550, 23, 377054, 382764
20, 560, 23, 374340, 376473
20, 570, 23, 372458, 375694
20, 580, 23, 368221, 372042
20, 590, 23, 364772, 370866
20, 600, 23, 360431, 363398
20, 610, 23, 359789, 361305
20, 620, 23, 357092, 359821
20, 630, 23, 355296, 357982
20, 640, 23, 352405, 357996
20, 650, 23, 350117, 352845
20, 660, 23, 349137, 350078
20, 670, 23, 346837, 349482
20, 680, 23, 344300, 347359
20, 690, 23, 341442, 345316
20, 700, 23, 338896, 341310
20, 710, 23, 333275, 338902
20, 720, 23, 329129, 330634
20, 730, 23, 328560, 332233
20, 740, 23, 326545, 328491
20, 750, 23, 322943, 326552
20, 760, 23, 321188, 323493
20, 770, 23, 320332, 323025
20, 780, 23, 319471, 322821
20, 790, 23, 318672, 320407
20, 800, 23, 318250, 319069
20, 810, 23, 316106, 317978
20, 820, 23, 315149, 317227
20, 830, 23, 313901, 315149
20, 840, 23, 313369, 314035
20, 850, 23, 312740, 315365
20, 860, 23, 311975, 314892
20, 870, 23, 310568, 313050
20, 880, 23, 308574, 312771
20, 890, 23, 307179, 309038
20, 900, 23, 306652, 308267
20, 910, 23, 304708, 307285
20, 920, 23, 303362, 305370
20, 930, 23, 302954, 305847
20, 940, 23, 300921, 304423
20, 950, 23, 299034, 301480
20, 960, 23, 297559, 299174
20, 970, 23, 296691, 297298
20, 980, 23, 295118, 296771
20, 990, 23, 292915, 296079
20, 1000, 23, 292827, 294827
20, 1010, 23, 292090, 293599
20, 1020, 23, 290945, 292693
20, 1030, 23, 288734, 294947
20, 1040, 23, 286758, 290086
20, 1050, 23, 285498, 288235
20, 1060, 23, 282476, 285110
20, 1070, 23, 281447, 286269
20, 1080, 23, 279084, 279506
20, 1090, 23, 277773, 280667
20, 1100, 23, 276570, 277917
20, 1110, 23, 275716, 277178
20, 1120, 23, 274976, 277125
20, 1130, 23, 272387, 275962
20, 1140, 23, 271614, 272627
20, 1150, 23, 269782, 272174
20, 1160, 23, 269368, 271995
20, 1170, 23, 266860, 271154
20, 1180, 23, 265543, 269049
20, 1190, 23, 264544, 265783
20, 1200, 23, 263364, 264539
20, 1210, 23, 262715, 264206
20, 1220, 23, 260873, 261528
20, 1230, 23, 259282, 262661
20, 1240, 23, 258942, 260998
20, 1250, 23, 258475, 259902
20, 1260, 23, 258277, 262357
20, 1270, 23, 257015, 260716
20, 1280, 23, 256700, 259133
20, 1290, 23, 256136, 256814
20, 1300, 23, 254945, 256472
20, 1310, 23, 252528, 258357
20, 1320, 23, 252218, 253334
20, 1330, 23, 251394, 253821
20, 1340, 23, 250784, 256719
20, 1350, 23, 250224, 253403
20, 1360, 23, 249988, 251571
20, 1370, 23, 249699, 250207
20, 1380, 23, 246448, 251640
20, 1390, 23, 245253, 246538
20, 1400, 23, 244641, 245253
20, 1410, 23, 244118, 247788
20, 1420, 23, 243629, 248747
20, 1430, 23, 241944, 243670
20, 1440, 23, 241576, 244776
20, 1450, 23, 241576, 244660
20, 1460, 23, 240887, 244772
20, 1470, 23, 239599, 241827
20, 1480, 23, 239155, 240809
20, 1490, 23, 237633, 241326
20, 1500, 23, 235190, 240208
20, 1510, 23, 234646, 238696
20, 1520, 23, 234057, 235460
20, 1530, 23, 233995, 236488
20, 1540, 23, 233249, 235379
20, 1550, 23, 232741, 236076
20, 1560, 23, 231952, 233394
20, 1570, 23, 231738, 235003
20, 1580, 23, 231409, 231967
20, 1590, 23, 231368, 233384
20, 1600, 23, 230721, 232185
20, 1610, 23, 230091, 234153
20, 1620, 23, 229970, 231916
20, 1630, 23, 229357, 232173
20, 1640, 23, 228995, 231283
20, 1650, 23, 228356, 231594
20, 1660, 23, 227527, 234361
20, 1670, 23, 225953, 229897
20, 1680, 23, 225391, 227992
20, 1690, 23, 224836, 227165
20, 1700, 23, 224475, 227303
20, 1710, 23, 224100, 227215
20, 1720, 23, 223794, 224652
20, 1730, 23, 222550, 223421
20, 1740, 23, 221659, 223768
20, 1750, 23, 221193, 225123
20, 1760, 23, 220379, 220466
20, 1770, 23, 219826, 222578
20, 1780, 23, 217669, 220569
20, 1790, 23, 217002, 220213
20, 1800, 23, 216798, 219639
20, 1810, 23, 216309, 218315
20, 1820, 23, 216014, 218683
20, 1830, 23, 215951, 216656
20, 1840, 23, 215456, 218897
20, 1850, 23, 214915, 216553
20, 1860, 23, 213529, 214351
20, 1870, 23, 212670, 218769
20, 1880, 23, 211585, 214489
20, 1890, 23, 211167, 213500
20, 1900, 23, 210811, 215774
20, 1910, 23, 210156, 213013
20, 1920, 23, 209622, 211933
20, 1930, 23, 209214, 209454
20, 1940, 23, 208860, 213362
20, 1950, 23, 207902, 210956
20, 1960, 23, 207436, 210163
20, 1970, 23, 207377, 209533
20, 1980, 23, 207103, 207881
20, 1990, 23, 205993, 210582
20, 2000, 23, 204537, 205862
20, 2010, 23, 204039, 206486
20, 2020, 23, 203379, 206089
20, 2030, 23, 202702, 205934
20, 2040, 23, 202592, 204548
20, 2050, 23, 201326, 203663
20, 2060, 23, 201184, 201326
20, 2070, 23, 200346, 202387
20, 2080, 23, 199619, 201734
20, 2090, 23, 199103, 203517
20, 2100, 23, 198313, 202213
20, 2110, 23, 197762, 200491
20, 2120, 23, 197543, 199238
20, 2130, 23, 197474, 199336
20, 2140, 23, 197408, 199060
20, 2150, 23, 195991, 197254
20, 2160, 23, 195969, 199816
20, 2170, 23, 195475, 198699
20, 2180, 23, 195475, 198980
20, 2190, 23, 194371, 197452
20, 2200, 23, 193623, 197818
20, 2210, 23, 193350, 196360
20, 2220, 23, 193100, 194860
20, 2230, 23, 192812, 194016
20, 2240, 23, 192607, 194907
20, 2250, 23, 191589, 196582
20, 2260, 23, 191037, 193924
20, 2270, 23, 190929, 192432
20, 2280, 23, 190714, 193162
20, 2290, 23, 190559, 190714
20, 2300, 23, 190479, 193415
20, 2310, 23, 189462, 192485
20, 2320, 23, 188296, 190761
20, 2330, 23, 187173, 189256
20, 2340, 23, 186026, 188185
20, 2350, 23, 184882, 186067
20, 2360, 23, 183923, 188255
20, 2370, 23, 183715, 185748
20, 2380, 23, 183344, 183715
20, 2390, 23, 182966, 183036
20, 2400, 23, 182676, 185861
20, 2410, 23, 182676, 185029
20, 2420, 23, 182611, 185302
20, 2430, 23, 181527, 183681
20, 2440, 23, 181238, 186976
20, 2450, 23, 181148, 182817
20, 2460, 23, 180911, 185455
20, 2470, 23, 180515, 182438
20, 2480, 23, 180327, 181541
20, 2490, 23, 180177, 182477
20, 2500, 23, 180140, 183623
20, 2510, 23, 179223, 182444
20, 2520, 23, 179192, 181337
20, 2530, 23, 178888, 180635
20, 2540, 23, 178868, 179715
20, 2550, 23, 177682, 180694
20, 2560, 23, 176666, 177216
20, 2570, 23, 176358, 178317
20, 2580, 23, 175964, 178912
20, 2590, 23, 175739, 177280
20, 2600, 23, 175739, 177189
20, 2610, 23, 175207, 179056
20, 2620, 23, 174685, 177501
20, 2630, 23, 174353, 174685
20, 2640, 23, 173638, 176414
20, 2650, 23, 173210, 174937
20, 2660, 23, 172474, 174593
20, 2670, 23, 172474, 175007
20, 2680, 23, 172403, 175197
20, 2690, 23, 171542, 173024
20, 2700, 23, 171333, 172403
20, 2710, 23, 171137, 172816
20, 2720, 23, 170736, 171137
20, 2730, 23, 170680, 172860
20, 2740, 23, 170371, 170954
20, 2750, 23, 170291, 172524
20, 2760, 23, 170168, 170701
20, 2770, 23, 169725, 171762
20, 2780, 23, 169404, 171222
20, 2790, 23, 169299, 171430
20, 2800, 23, 168838, 171096
20, 2810, 23, 168825, 170312
20, 2820, 23, 168825, 170710
20, 2830, 23, 168825, 174739
20, 2840, 23, 168492, 170618
20, 2850, 23, 168492, 171579
20, 2860, 23, 167679, 169101
20, 2870, 23, 167335, 167679
20, 2880, 23, 167335, 169836
20, 2890, 23, 166468, 168956
20, 2900, 23, 166439, 167826
20, 2910, 23, 166365, 168578
20, 2920, 23, 166319, 167131
20, 2930, 23, 166047, 169936
20, 2940, 23, 165788, 169375
20, 2950, 23, 165055, 167524
20, 2960, 23, 164289, 167679
20, 2970, 23, 164264, 166010
20, 2980, 23, 164264, 164264
20, 2990, 23, 163935, 166867
20, 3000, 23, 163574, 163935
20, 3010, 23, 162579, 165272
20, 3020, 23, 162119, 165370
20, 3030, 23, 161963, 165914
20, 3040, 23, 161963, 161963
20, 3050, 23, 161616, 165175
20, 3060, 23, 160812, 166241
20, 3070, 23, 160812, 161314
20, 3080, 23, 160721, 163343
20, 3090, 23, 160265, 164175
20, 3100, 23, 160247, 163238
20, 3110, 23, 159898, 161259
20, 3120, 23, 159668, 162230
20, 3130, 23, 159427, 161042
20, 3140, 23, 159249, 161036
20, 3150, 23, 158831, 161539
20, 3160, 23, 158654, 162089
20, 3170, 23, 158621, 160048
20, 3180, 23, 158269, 160306
20, 3190, 23, 158180, 160347
20, 3200, 23, 158008, 161095
20, 3210, 23, 157408, 162524
20, 3220, 23, 156507, 160131
20, 3230, 23, 156180, 159677
20, 3240, 23, 155815, 158961
20, 3250, 23, 155380, 158059
20, 3260, 23, 155380, 156429
20, 3270, 23, 154426, 157301
20, 3280, 23, 154234, 156575
20, 3290, 23, 154089, 158127
20, 3300, 23, 153288, 155908
20, 3310, 23, 153223, 155855
20, 3320, 23, 153048, 155902
20, 3330, 23, 152439, 154520
20, 3340, 23, 152230, 152230
20, 3350, 23, 152230, 152230
20, 3360, 23, 151894, 155073
20, 3370, 23, 151547, 153581
20, 3380, 23, 151171, 154343
20, 3390, 23, 151171, 152652
20, 3400, 23, 151171, 154192
20, 3410, 23, 150924, 152606
20, 3420, 23, 150326, 151346
20, 3430, 23, 150315, 154182
20, 3440, 23, 149944, 154821
20, 3450, 23, 149815, 149834
20, 3460, 23, 149746, 155440
20, 3470, 23, 149560, 151468
20, 3480, 23, 149551, 152849
20, 3490, 23, 149546, 152665
20, 3500, 23, 149546, 151894
20, 3510, 23, 149519, 151512
20, 3520, 23, 149167, 149908
20, 3530, 23, 148704, 150797
20, 3540, 23, 148294, 151404
20, 3550, 23, 148294, 151036
20, 3560, 23, 147867, 152206
20, 3570, 23, 147867, 152700
20, 3580, 23, 147808, 147867
20, 3590, 23, 147516, 151197
20, 3600, 23, 147495, 148831
20, 3610, 23, 147495, 149084
20, 3620, 23, 147495, 151064
20, 3630, 23, 147415, 149658
20, 3640, 23, 147415, 151749
20, 3650, 23, 147082, 148860
20, 3660, 23, 146750, 149566
20, 3670, 23, 146647, 149336
20, 3680, 23, 146647, 150323
20, 3690, 23, 145966, 146647
20, 3700, 23, 145852, 149654
20, 3710, 23, 145852, 149088
20, 3720, 23, 145852, 148112
20, 3730, 23, 145852, 148711
20, 3740, 23, 145852, 149451
20, 3750, 23, 145235, 146721
20, 3760, 23, 145211, 146311
20, 3770, 23, 145082, 145142
20, 3780, 23, 144524, 146151
20, 3790, 23, 144524, 149225
20, 3800, 23, 144448, 149298
20, 3810, 23, 144448, 145650
20, 3820, 23, 144350, 146116
20, 3830, 23, 144349, 147129
20, 3840, 23, 144349, 145357
20, 3850, 23, 144133, 146583
20, 3860, 23, 144133, 146878
20, 3870, 23, 144022, 144022
20, 3880, 23, 143800, 145648
20, 3890, 23, 143673, 144648
20, 3900, 23, 143673, 145484
20, 3910, 23, 143673, 149220
20, 3920, 23, 143334, 146750
20, 3930, 23, 143274, 145399
20, 3940, 23, 143028, 144039
20, 3950, 23, 143028, 143644
20, 3960, 23, 143028, 144228
20, 3970, 23, 143028, 146076
20, 3980, 23, 142927, 146470
20, 3990, 23, 142799, 147839
20, 4000, 23, 142799, 147485
20, 4010, 23, 142586, 145654
20, 4020, 23, 142219, 142468
20, 4030, 23, 142219, 145666
20, 4040, 23, 141794, 146203
20, 4050, 23, 141495, 142414
20, 4060, 23, 140812, 144803
20, 4070, 23, 140812, 144928
20, 4080, 23, 140497, 143554
20, 4090, 23, 140497, 142723
20, 4100, 23, 140497, 143285
20, 4110, 23, 140404, 143013
20, 4120, 23, 140344, 143149
20, 4130, 23, 139774, 140344
20, 4140, 23, 139600, 141160
20, 4150, 23, 139600, 142444
20, 4160, 23, 139600, 141119
20, 4170, 23, 139598, 142564
20, 4180, 23, 139598, 141688
20, 4190, 23, 139445, 142400
20, 4200, 23, 139445, 140731
20, 4210, 23, 139445, 142100
20, 4220, 23, 139388, 142574
20, 4230, 23, 138368, 139444
20, 4240, 23, 138368, 139948
20, 4250, 23, 138319, 140944
20, 4260, 23, 138145, 141278
20, 4270, 23, 138023, 142192
20, 4280, 23, 137974, 139223
20, 4290, 23, 137840, 140163
20, 4300, 23, 137840, 137840
20, 4310, 23, 137627, 141131
20, 4320, 23, 137481, 139994
20, 4330, 23, 137370, 143836
20, 4340, 23, 136823, 140613
20, 4350, 23, 136823, 137971
20, 4360, 23, 136776, 139140
20, 4370, 23, 135962, 139606
20, 4380, 23, 135622, 137861
20, 4390, 23, 135492, 137729
20, 4400, 23, 135143, 137247
20, 4410, 23, 135123, 137463
20, 4420, 23, 135070, 135325
20, 4430, 23, 135055, 137073
20, 4440, 23, 135055, 137429
20, 4450, 23, 134921, 137933
20, 4460, 23, 134921, 135417
20, 4470, 23, 134921, 135621
20, 4480, 23, 134677, 136980
20, 4490, 23, 134645, 135676
20, 4500, 23, 134476, 137916
20, 4510, 23, 134476, 136420
20, 4520, 23, 134476, 136565
20, 4530, 23, 134355, 139095
20, 4540, 23, 134197, 135371
20, 4550, 23, 133641, 136945
20, 4560, 23, 133641, 133641
20, 4570, 23, 133483, 133641
20, 4580, 23, 133168, 134838
20, 4590, 23, 133168, 137246
20, 4600, 23, 133150, 136643
20, 4610, 23, 133150, 135930
20, 4620, 23, 133150, 134743
20, 4630, 23, 132856, 132979
20, 4640, 23, 132831, 135920
20, 4650, 23, 132831, 132831
20, 4660, 23, 132831, 134772
20, 4670, 23, 132820, 133459
20, 4680, 23, 132686, 137457
20, 4690, 23, 132217, 135852
20, 4700, 23, 132217, 133275
20, 4710, 23, 131915, 135714
20, 4720, 23, 131818, 134236
20, 4730, 23, 131618, 133707
20, 4740, 23, 131564, 135955
20, 4750, 23, 131564, 132779
20, 4760, 23, 131564, 132876
20, 4770, 23, 131252, 134170
20, 4780, 23, 130975, 132674
20, 4790, 23, 130975, 131368
20, 4800, 23, 130975, 133431
20, 4810, 23, 130964, 131079
20, 4820, 23, 130964, 134047
20, 4830, 23, 130611, 133263
20, 4840, 23, 130611, 133425
20, 4850, 23, 130582, 133557
20, 4860, 23, 130479, 134756
20, 4870, 23, 130164, 131354
20, 4880, 23, 130164, 133383
20, 4890, 23, 129945, 133411
20, 4900, 23, 129945, 130988
20, 4910, 23, 129745, 129945
20, 4920, 23, 129745, 130708
20, 4930, 23, 129745, 129745
20, 4940, 23, 129745, 133323
20, 4950, 23, 129426, 129845
20, 4960, 23, 129319, 131916
20, 4970, 23, 129319, 131764
20, 4980, 23, 129319, 131855
20, 4990, 23, 129319, 132817
20, 5000, 23, 129319, 130600
20, 5010, 23, 128959, 131361
20, 5020, 23, 128853, 128959
20, 5030, 23, 128582, 132161
20, 5040, 23, 128582, 134012
20, 5050, 23, 128445, 130662
20, 5060, 23, 128445, 128810
20, 5070, 23, 128445, 129914
20, 5080, 23, 128441, 131686
20, 5090, 23, 128439, 130207
20, 5100, 23, 128439, 128439
20, 5110, 23, 127787, 128919
20, 5120, 23, 127723, 128248
20, 5130, 23, 127167, 127551
20, 5140, 23, 127167, 127167
20, 5150, 23, 127167, 127167
20, 5160, 23, 127167, 128281
20, 5170, 23, 127018, 127425
20, 5180, 23, 126946, 129890
20, 5190, 23, 126946, 130237
20, 5200, 23, 126946, 129380
20, 5210, 23, 126790, 128009
20, 5220, 23, 126498, 128670
20, 5230, 23, 126498, 128054
20, 5240, 23, 126266, 130119
20, 5250, 23, 126179, 126266
20, 5260, 23, 125954, 128625
20, 5270, 23, 125860, 125954
20, 5280, 23, 125860, 125860
20, 5290, 23, 125835, 129690
20, 5300, 23, 125805, 129032
20, 5310, 23, 125805, 126761
20, 5320, 23, 125429, 128494
20, 5330, 23, 125429, 128883
20, 5340, 23, 124968, 126983
20, 5350, 23, 124936, 124968
20, 5360, 23, 124791, 128605
20, 5370, 23, 124715, 125437
20, 5380, 23, 124626, 128208
20, 5390, 23, 124410, 125227
20, 5400, 23, 124084, 127399
20, 5410, 23, 124059, 124537
20, 5420, 23, 124059, 125854
20, 5430, 23, 124059, 125270
20, 5440, 23, 124059, 125654
20, 5450, 23, 123949, 125899
20, 5460, 23, 123658, 125861
20, 5470, 23, 123590, 123624
20, 5480, 23, 123590, 127018
20, 5490, 23, 123590, 126347
20, 5500, 23, 123577, 126176
20, 5510, 23, 123225, 127194
20, 5520, 23, 123189, 123225
20, 5530, 23, 123177, 127230
20, 5540, 23, 122811, 123682
20, 5550, 23, 122504, 122684
20, 5560, 23, 122463, 122504
20, 5570, 23, 122463, 123854
20, 5580, 23, 122463, 124470
20, 5590, 23, 122463, 123992
20, 5600, 23, 122011, 124498
20, 5610, 23, 122011, 123331
20, 5620, 23, 121887, 123857
20, 5630, 23, 121810, 123679
20, 5640, 23, 121363, 124521
20, 5650, 23, 121201, 123004
20, 5660, 23, 121133, 121133
20, 5670, 23, 121133, 122182
20, 5680, 23, 121051, 124823
20, 5690, 23, 121051, 121051
20, 5700, 23, 120962, 122574
20, 5710, 23, 120962, 120962
20, 5720, 23, 120962, 122377
20, 5730, 23, 120600, 124163
20, 5740, 23, 120600, 123747
20, 5750, 23, 120600, 123240
20, 5760, 23, 120239, 124121
20, 5770, 23, 120239, 122118
20, 5780, 23, 120177, 120766
20, 5790, 23, 120039, 122481
20, 5800, 23, 120020, 121518
20, 5810, 23, 119932, 119932
20, 5820, 23, 119561, 122872
20, 5830, 23, 119326, 124926
20, 5840, 23, 119326, 122106
20, 5850, 23, 119185, 122111
20, 5860, 23, 119185, 122886
20, 5870, 23, 119185, 120891
20, 5880, 23, 119185, 119964
20, 5890, 23, 119164, 119164
20, 5900, 23, 119074, 119074
20, 5910, 23, 119058, 119516
20, 5920, 23, 118915, 119129
20, 5930, 23, 118533, 119565
20, 5940, 23, 118533, 119533
20, 5950, 23, 118533, 118533
20, 5960, 23, 118144, 119404
20, 5970, 23, 117779, 118981
20, 5980, 23, 117779, 121317
20, 5990, 23, 117438, 120086
20, 6000, 23, 117348, 121207
20, 6010, 23, 117100, 117348
20, 6020, 23, 117100, 119076
20, 6030, 23, 117100, 117275
20, 6040, 23, 116834, 116957
20, 6050, 23, 116834, 120704
20, 6060, 23, 116278, 117750
20, 6070, 23, 116145, 118378
20, 6080, 23, 116143, 116143
20, 6090, 23, 115359, 115359
20, 6100, 23, 115359, 116841
20, 6110, 23, 115331, 117259
20, 6120, 23, 115331, 118693
20, 6130, 23, 115331, 115744
20, 6140, 23, 115331, 115734
20, 6150, 23, 115331, 118203
20, 6160, 23, 115312, 115331
20, 6170, 23, 115312, 115312
20, 6180, 23, 115312, 115816
20, 6190, 23, 115312, 115312
20, 6200, 23, 114489, 114875
20, 6210, 23, 114489, 118063
20, 6220, 23, 114178, 114489
20, 6230, 23, 114178, 115998
20, 6240, 23, 113213, 118927
20, 6250, 23, 113213, 114012
20, 6260, 23, 113168, 113213
20, 6270, 23, 113168, 114117
20, 6280, 23, 113168, 116990
20, 6290, 23, 113168, 113168
20, 6300, 23, 113168, 115974
20, 6310, 23, 112656, 112754
20, 6320, 23, 112408, 112612
20, 6330, 23, 112408, 115220
20, 6340, 23, 112408, 112408
20, 6350, 23, 112315, 114726
20, 6360, 23, 112315, 113444
20, 6370, 23, 112315, 112315
20, 6380, 23, 112315, 112315
20, 6390, 23, 112315, 116629
20, 6400, 23, 112209, 112209
20, 6410, 23, 111935, 116723
20, 6420, 23, 111935, 111935
20, 6430, 23, 111672, 115935
20, 6440, 23, 111672, 113833
20, 6450, 23, 111658, 111672
20, 6460, 23, 111658, 112847
20, 6470, 23, 111338, 115216
20, 6480, 23, 111334, 111338
20, 6490, 23, 111293, 111334
20, 6500, 23, 111293, 112483
20, 6510, 23, 111028, 113864
20, 6520, 23, 111028, 114252
20, 6530, 23, 111028, 111028
20, 6540, 23, 110636, 112083
20, 6550, 23, 110636, 110636
20, 6560, 23, 110460, 111514
20, 6570, 23, 110460, 110460
20, 6580, 23, 110384, 113910
20, 6590, 23, 110384, 111519
20, 6600, 23, 110384, 111816
20, 6610, 23, 110384, 110384
20, 6620, 23, 110384, 113303
20, 6630, 23, 110254, 110384
20, 6640, 23, 110254, 112317
20, 6650, 23, 110254, 110254
20, 6660, 23, 110254, 112496
20, 6670, 23, 110087, 112229
20, 6680, 23, 109923, 111133
20, 6690, 23, 109923, 109923
20, 6700, 23, 109923, 111919
20, 6710, 23, 109796, 112246
20, 6720, 23, 109796, 110204
20, 6730, 23, 109796, 111717
20, 6740, 23, 109796, 109796
20, 6750, 23, 109796, 111042
20, 6760, 23, 109796, 109796
20, 6770, 23, 109796, 111029
20, 6780, 23, 109796, 110980
20, 6790, 23, 109796, 111577
20, 6800, 23, 109796, 113243
20, 6810, 23, 109796, 109796
20, 6820, 23, 109796, 109850
20, 6830, 23, 109796, 110782
20, 6840, 23, 109786, 112757
20, 6850, 23, 109786, 110436
20, 6860, 23, 109653, 109786
20, 6870, 23, 109650, 111432
20, 6880, 23, 109475, 109650
20, 6890, 23, 109475, 109475
20, 6900, 23, 109475, 112177
20, 6910, 23, 109475, 110962
20, 6920, 23, 109475, 109475
20, 6930, 23, 109475, 110362
20, 6940, 23, 109475, 113503
20, 6950, 23, 109475, 111467
20, 6960, 23, 109475, 111674
20, 6970, 23, 109475, 111743
20, 6980, 23, 109475, 113099
20, 6990, 23, 109475, 110656
20, 7000, 23, 109475, 112495
20, 7010, 23, 109136, 111300
20, 7020, 23, 109136, 111232
20, 7030, 23, 108994, 109305
20, 7040, 23, 108987, 110407
20, 7050, 23, 108597, 108597
20, 7060, 23, 108436, 108629
20, 7070, 23, 108436, 109983
20, 7080, 23, 108436, 108436
20, 7090, 23, 108272, 111847
20, 7100, 23, 108272, 108272
20, 7110, 23, 108174, 109702
20, 7120, 23, 108174, 108174
20, 7130, 23, 108174, 108174
20, 7140, 23, 108174, 108689
20, 7150, 23, 108174, 109961
20, 7160, 23, 108174, 111630
20, 7170, 23, 108174, 110264
20, 7180, 23, 108174, 108174
20, 7190, 23, 108174, 108174
20, 7200, 23, 108174, 108174
20, 7210, 23, 108006, 108006
20, 7220, 23, 107579, 109827
20, 7230, 23, 107471, 107471
20, 7240, 23, 107471, 109868
20, 7250, 23, 107423, 109656
20, 7260, 23, 107419, 107419
20, 7270, 23, 107259, 107966
20, 7280, 23, 107259, 107259
20, 7290, 23, 107069, 109302
20, 7300, 23, 107069, 107069
20, 7310, 23, 107069, 107069
20, 7320, 23, 107069, 110098
20, 7330, 23, 107069, 109156
20, 7340, 23, 107069, 108544
20, 7350, 23, 107069, 109069
20, 7360, 23, 107000, 109596
20, 7370, 23, 107000, 107501
20, 7380, 23, 107000, 109497
20, 7390, 23, 107000, 108847
20, 7400, 23, 107000, 107000
20, 7410, 23, 107000, 107000
20, 7420, 23, 107000, 107000
20, 7430, 23, 107000, 107000
20, 7440, 23, 107000, 111688
20, 7450, 23, 106804, 108624
20, 7460, 23, 106804, 107318
20, 7470, 23, 106804, 106804
20, 7480, 23, 106804, 106804
20, 7490, 23, 106804, 107833
20, 7500, 23, 106804, 109044
20, 7510, 23, 106804, 108846
20, 7520, 23, 106758, 107097
20, 7530, 23, 106754, 106758
20, 7540, 23, 106754, 109699
20, 7550, 23, 106311, 107559
20, 7560, 23, 106311, 106311
20, 7570, 23, 106311, 110276
20, 7580, 23, 106311, 106311
20, 7590, 23, 106311, 106311
20, 7600, 23, 106035, 109412
20, 7610, 23, 105936, 106035
20, 7620, 23, 105936, 109456
20, 7630, 23, 105434, 107945
20, 7640, 23, 105434, 105434
20, 7650, 23, 105413, 105413
20, 7660, 23, 105413, 110841
20, 7670, 23, 105413, 106544
20, 7680, 23, 105303, 106751
20, 7690, 23, 105303, 107826
20, 7700, 23, 105303, 105303
20, 7710, 23, 105274, 105303
20, 7720, 23, 105274, 108426
20, 7730, 23, 105274, 105274
20, 7740, 23, 105274, 107476
20, 7750, 23, 105274, 105274
20, 7760, 23, 105225, 110087
20, 7770, 23, 105225, 107136
20, 7780, 23, 105079, 105079
20, 7790, 23, 105079, 107597
20, 7800, 23, 105079, 105079
20, 7810, 23, 105079, 105079
20, 7820, 23, 104925, 104980
20, 7830, 23, 104791, 106428
20, 7840, 23, 104791, 105077
20, 7850, 23, 104675, 105415
20, 7860, 23, 104553, 106850
20, 7870, 23, 104553, 106995
20, 7880, 23, 104189, 107190
20, 7890, 23, 103866, 105017
20, 7900, 23, 103751, 103793
20, 7910, 23, 103570, 104531
20, 7920, 23, 103536, 107814
20, 7930, 23, 103536, 104762
20, 7940, 23, 103536, 103536
20, 7950, 23, 103395, 104932
20, 7960, 23, 103395, 103930
20, 7970, 23, 103395, 104894
20, 7980, 23, 103395, 103567
20, 7990, 23, 103395, 103395
20, 8000, 23, 103395, 107466
20, 8010, 23, 103395, 103395
20, 8020, 23, 103395, 104449
20, 8030, 23, 103395, 103395
20, 8040, 23, 103245, 103600
20, 8050, 23, 103115, 103115
20, 8060, 23, 103115, 103857
20, 8070, 23, 103115, 106818
20, 8080, 23, 103115, 105368
20, 8090, 23, 103115, 108271
20, 8100, 23, 103115, 103115
20, 8110, 23, 102998, 103115
20, 8120, 23, 102829, 103240
20, 8130, 23, 102829, 103097
20, 8140, 23, 102829, 102829
20, 8150, 23, 102829, 103871
20, 8160, 23, 102829, 102829
20, 8170, 23, 102829, 102829
20, 8180, 23, 102794, 105441
20, 8190, 23, 102794, 105182
20, 8200, 23, 102600, 103248
20, 8210, 23, 102564, 106350
20, 8220, 23, 102062, 105320
20, 8230, 23, 102062, 104446
20, 8240, 23, 102062, 104695
20, 8250, 23, 102062, 102062
20, 8260, 23, 102062, 102062
20, 8270, 23, 102062, 106242
20, 8280, 23, 102062, 104042
20, 8290, 23, 102044, 102062
20, 8300, 23, 101989, 103331
20, 8310, 23, 101989, 104617
20, 8320, 23, 101895, 101895
20, 8330, 23, 101895, 101895
20, 8340, 23, 101530, 101579
20, 8350, 23, 101530, 101530
20, 8360, 23, 101530, 103186
20, 8370, 23, 101530, 104183
20, 8380, 23, 101530, 103217
20, 8390, 23, 101471, 101913
20, 8400, 23, 101471, 103807
20, 8410, 23, 101471, 101471
20, 8420, 23, 101457, 103048
20, 8430, 23, 101433, 101898
20, 8440, 23, 101108, 101433
20, 8450, 23, 101086, 105023
20, 8460, 23, 101086, 101086
20, 8470, 23, 101086, 101440
20, 8480, 23, 101086, 101086
20, 8490, 23, 101086, 101086
20, 8500, 23, 101086, 103670
20, 8510, 23, 101086, 103076
20, 8520, 23, 101086, 101086
20, 8530, 23, 100825, 102435
20, 8540, 23, 100825, 100825
20, 8550, 23, 100759, 100759
20, 8560, 23, 100759, 100759
20, 8570, 23, 100408, 101712
20, 8580, 23, 100374, 100408
20, 8590, 23, 100291, 102478
20, 8600, 23, 100291, 100291
20, 8610, 23, 100291, 100291
20, 8620, 23, 100291, 100596
20, 8630, 23, 100291, 103150
20, 8640, 23, 99542, 102565
20, 8650, 23, 99542, 102289
20, 8660, 23, 99542, 100183
20, 8670, 23, 99051, 99542
20, 8680, 23, 98851, 99513
20, 8690, 23, 98851, 99170
20, 8700, 23, 98620, 101119
20, 8710, 23, 98514, 99856
20, 8720, 23, 98514, 98514
20, 8730, 23, 97807, 98397
20, 8740, 23, 97807, 97807
20, 8750, 23, 97800, 97807
20, 8760, 23, 97800, 99322
20, 8770, 23, 97800, 100780
20, 8780, 23, 97800, 102399
20, 8790, 23, 97600, 97800
20, 8800, 23, 97600, 97870
20, 8810, 23, 97600, 100147
20, 8820, 23, 97600, 97600
20, 8830, 23, 97600, 98486
20, 8840, 23, 97312, 101617
20, 8850, 23, 97056, 98727
20, 8860, 23, 97006, 100422
20, 8870, 23, 97006, 98935
20, 8880, 23, 96954, 97045
20, 8890, 23, 96954, 96954
20, 8900, 23, 96954, 96954
20, 8910, 23, 96954, 96954
20, 8920, 23, 96831, 96954
20, 8930, 23, 96831, 96831
20, 8940, 23, 96831, 99781
20, 8950, 23, 96831, 96975
20, 8960, 23, 96695, 97568
20, 8970, 23, 96455, 97734
20, 8980, 23, 96435, 96435
20, 8990, 23, 96435, 98278
20, 9000, 23, 96410, 98400
20, 9010, 23, 96276, 96276
20, 9020, 23, 96276, 99672
20, 9030, 23, 96276, 96331
20, 9040, 23, 96276, 96276
20, 9050, 23, 96276, 96276
20, 9060, 23, 96209, 98362
20, 9070, 23, 96209, 98524
20, 9080, 23, 95954, 97865
20, 9090, 23, 95954, 99961
20, 9100, 23, 95954, 97306
20, 9110, 23, 95954, 97429
20, 9120, 23, 95954, 97319
20, 9130, 23, 95954, 97176
20, 9140, 23, 95954, 95954
20, 9150, 23, 95954, 96378
20, 9160, 23, 95954, 98058
20, 9170, 23, 95954, 98084
20, 9180, 23, 95954, 95954
20, 9190, 23, 95954, 96371
20, 9200, 23, 95954, 97212
20, 9210, 23, 95871, 95954
20, 9220, 23, 95871, 95871
20, 9230, 23, 95871, 95871
20, 9240, 23, 95871, 95871
20, 9250, 23, 95801, 98584
20, 9260, 23, 95801, 98031
20, 9270, 23, 95801, 96816
20, 9280, 23, 95801, 95801
20, 9290, 23, 95801, 95801
20, 9300, 23, 95801, 98405
20, 9310, 23, 95801, 95801
20, 9320, 23, 95736, 95736
20, 9330, 23, 95736, 95736
20, 9340, 23, 95562, 97929
20, 9350, 23, 95400, 96162
20, 9360, 23, 95243, 97977
20, 9370, 23, 95228, 98007
20, 9380, 23, 95228, 95228
20, 9390, 23, 95204, 95204
20, 9400, 23, 95204, 95383
20, 9410, 23, 95014, 96204
20, 9420, 23, 95014, 95891
20, 9430, 23, 95014, 97504
20, 9440, 23, 95014, 98193
20, 9450, 23, 95014, 97285
20, 9460, 23, 94983, 95014
20, 9470, 23, 94853, 96002
20, 9480, 23, 94853, 94853
20, 9490, 23, 94677, 95969
20, 9500, 23, 94677, 95764
20, 9510, 23, 94677, 96093
20, 9520, 23, 94661, 94677
20, 9530, 23, 94661, 95399
20, 9540, 23, 94661, 95638
20, 9550, 23, 94661, 94661
20, 9560, 23, 94661, 94661
20, 9570, 23, 94428, 97155
20, 9580, 23, 94428, 95810
20, 9590, 23, 94394, 97038
20, 9600, 23, 94394, 95260
20, 9610, 23, 94392, 94394
20, 9620, 23, 94218, 94392
20, 9630, 23, 94218, 95370
20, 9640, 23, 94109, 94109
20, 9650, 23, 93914, 94534
20, 9660, 23, 93914, 95772
20, 9670, 23, 93914, 94180
20, 9680, 23, 93914, 93914
20, 9690, 23, 93899, 94719
20, 9700, 23, 93899, 98418
20, 9710, 23, 93769, 93899
20, 9720, 23, 93769, 95221
20, 9730, 23, 93694, 93712
20, 9740, 23, 93694, 98693
20, 9750, 23, 93694, 93694
20, 9760, 23, 93694, 95506
20, 9770, 23, 93674, 93674
20, 9780, 23, 93674, 93674
20, 9790, 23, 93674, 93674
20, 9800, 23, 93674, 96442
20, 9810, 23, 93674, 93674
20, 9820, 23, 93662, 95271
20, 9830, 23, 93662, 96109
20, 9840, 23, 93662, 93862
20, 9850, 23, 93644, 93644
20, 9860, 23, 93642, 94971
20, 9870, 23, 93442, 94503
20, 9880, 23, 93442, 97429
20, 9890, 23, 93383, 93383
20, 9900, 23, 93383, 93383
20, 9910, 23, 93203, 97396
20, 9920, 23, 93203, 93203
20, 9930, 23, 93087, 93597
20, 9940, 23, 93087, 94193
20, 9950, 23, 93087, 93087
20, 9960, 23, 93087, 93087
20, 9970, 23, 93080, 95201
20, 9980, 23, 93080, 94735
20, 9990, 23, 93080, 93080
20, 10000, 23, 93080, 93080
20, 10010, 23, 93080, 93080
20, 10020, 23, 93080, 93080
20, 10030, 23, 93080, 93080
20, 10040, 23, 93080, 93080
20, 10050, 23, 92956, 92956
20, 10060, 23, 92956, 93859
20, 10070, 23, 92956, 92956
20, 10080, 23, 92894, 93640
20, 10090, 23, 92788, 93334
20, 10100, 23, 92788, 93388
20, 10110, 23, 92788, 92788
20, 10120, 23, 92788, 95804
20, 10130, 23, 92788, 92788
20, 10140, 23, 92788, 92788
20, 10150, 23, 92788, 94609
20, 10160, 23, 92788, 92788
20, 10170, 23, 92788, 92788
20, 10180, 23, 92788, 92788
20, 10190, 23, 92788, 92788
20, 10200, 23, 92643, 92788
20, 10210, 23, 92559, 92685
20, 10220, 23, 92553, 95201
20, 10230, 23, 92553, 92553
20, 10240, 23, 92553, 92553
20, 10250, 23, 92553, 94946
20, 10260, 23, 92553, 92553
20, 10270, 23, 92553, 95275
20, 10280, 23, 92553, 92553
20, 10290, 23, 92553, 92553
20, 10300, 23, 92503, 92503
20, 10310, 23, 92503, 96564
20, 10320, 23, 92503, 93989
20, 10330, 23, 92503, 93996
20, 10340, 23, 92503, 94383
20, 10350, 23, 92346, 94918
20, 10360, 23, 92346, 92346
20, 10370, 23, 92346, 92346
20, 10380, 23, 92346, 92346
20, 10390, 23, 92240, 92240
20, 10400, 23, 92145, 92145
20, 10410, 23, 92026, 92026
20, 10420, 23, 92026, 95061
20, 10430, 23, 92026, 92026
20, 10440, 23, 92026, 92026
20, 10450, 23, 92026, 92026
20, 10460, 23, 92026, 92026
20, 10470, 23, 92002, 92026
20, 10480, 23, 92002, 92002
20, 10490, 23, 92002, 93155
20, 10500, 23, 91958, 92002
20, 10510, 23, 91958, 95678
20, 10520, 23, 91851, 91958
20, 10530, 23, 91792, 91851
20, 10540, 23, 91792, 93622
20, 10550, 23, 91792, 91792
20, 10560, 23, 91792, 95800
20, 10570, 23, 91769, 91769
20, 10580, 23, 91662, 91662
20, 10590, 23, 91662, 91662
20, 10600, 23, 91662, 92486
20, 10610, 23, 91662, 91662
20, 10620, 23, 91662, 94493
20, 10630, 23, 91640, 91640
20, 10640, 23, 91640, 91640
20, 10650, 23, 91640, 91640
20, 10660, 23, 91640, 91899
20, 10670, 23, 91581, 91640
20, 10680, 23, 91581, 91856
20, 10690, 23, 91581, 91581
20, 10700, 23, 91581, 91581
20, 10710, 23, 91416, 91557
20, 10720, 23, 91416, 91416
20, 10730, 23, 91416, 95089
20, 10740, 23, 91416, 92877
20, 10750, 23, 91375, 91375
20, 10760, 23, 91375, 91375
20, 10770, 23, 91375, 91375
20, 10780, 23, 91375, 91375
20, 10790, 23, 91282, 93118
20, 10800, 23, 91200, 91200
20, 10810, 23, 91154, 93493
20, 10820, 23, 90838, 91154
20, 10830, 23, 90838, 90838
20, 10840, 23, 90838, 90838
20, 10850, 23, 90838, 91632
20, 10860, 23, 90755, 91323
20, 10870, 23, 90755, 90755
20, 10880, 23, 90755, 90755
20, 10890, 23, 90755, 92406
20, 10900, 23, 90755, 90755
20, 10910, 23, 90755, 90755
20, 10920, 23, 90755, 93113
20, 10930, 23, 90755, 93903
20, 10940, 23, 90755, 94814
20, 10950, 23, 90755, 92593
20, 10960, 23, 90755, 90755
20, 10970, 23, 90755, 92602
20, 10980, 23, 90713, 90713
20, 10990, 23, 90713, 96190
20, 11000, 23, 90713, 90713
20, 11010, 23, 90640, 90713
20, 11020, 23, 90640, 92008
20, 11030, 23, 90640, 90640
20, 11040, 23, 90496, 90496
20, 11050, 23, 90496, 90496
20, 11060, 23, 90496, 90496
20, 11070, 23, 90476, 92805
20, 11080, 23, 90389, 90476
20, 11090, 23, 90389, 90389
20, 11100, 23, 90250, 90389
20, 11110, 23, 90250, 94195
20, 11120, 23, 90250, 90250
20, 11130, 23, 90250, 90250
20, 11140, 23, 90250, 90250
20, 11150, 23, 90250, 90250
20, 11160, 23, 90250, 90250
20, 11170, 23, 90250, 93553
20, 11180, 23, 90250, 90250
20, 11190, 23, 90250, 91266
20, 11200, 23, 90250, 90504
20, 11210, 23, 90250, 90523
20, 11220, 23, 90250, 90250
20, 11230, 23, 90250, 91425
20, 11240, 23, 90250, 90250
20, 11250, 23, 90250, 90250
20, 11260, 23, 90250, 90250
20, 11270, 23, 90250, 90250
20, 11280, 23, 90250, 90250
20, 11290, 23, 90159, 90159
20, 11300, 23, 90159, 90159
20, 11310, 23, 89899, 90159
20, 11320, 23, 89881, 89881
20, 11330, 23, 89881, 91237
20, 11340, 23, 89881, 89881
20, 11350, 23, 89881, 92046
20, 11360, 23, 89881, 89881
20, 11370, 23, 89881, 89881
20, 11380, 23, 89881, 89881
20, 11390, 23, 89881, 94663
20, 11400, 23, 89881, 90955
20, 11410, 23, 89881, 89881
20, 11420, 23, 89839, 89839
20, 11430, 23, 89839, 89839
20, 11440, 23, 89839, 89839
20, 11450, 23, 89839, 90099
20, 11460, 23, 89839, 91804
20, 11470, 23, 89758, 89758
20, 11480, 23, 89758, 89758
20, 11490, 23, 89758, 90630
20, 11500, 23, 89758, 89758
20, 11510, 23, 89681, 89681
20, 11520, 23, 89681, 89681
20, 11530, 23, 89681, 89681
20, 11540, 23, 89681, 89681
20, 11550, 23, 89681, 89681
20, 11560, 23, 89681, 90975
20, 11570, 23, 89681, 89681
20, 11580, 23, 89681, 89681
20, 11590, 23, 89681, 89681
20, 11600, 23, 89681, 89681
20, 11610, 23, 89681, 89681
20, 11620, 23, 89681, 89681
20, 11630, 23, 89507, 91374
20, 11640, 23, 89298, 89507
20, 11650, 23, 89298, 89298
20, 11660, 23, 89298, 89298
20, 11670, 23, 89202, 90592
20, 11680, 23, 89178, 89178
20, 11690, 23, 89178, 89178
20, 11700, 23, 89127, 90913
20, 11710, 23, 89127, 92388
20, 11720, 23, 89127, 89127
20, 11730, 23, 89127, 89127
20, 11740, 23, 89127, 89127
20, 11750, 23, 89127, 89127
20, 11760, 23, 89110, 89127
20, 11770, 23, 89110, 89110
20, 11780, 23, 89110, 89110
20, 11790, 23, 89110, 91191
20, 11800, 23, 89110, 89110
20, 11810, 23, 89110, 89110
20, 11820, 23, 88754, 89110
20, 11830, 23, 88754, 88754
20, 11840, 23, 88754, 88754
20, 11850, 23, 88614, 88754
20, 11860, 23, 88614, 88614
20, 11870, 23, 88614, 88614
20, 11880, 23, 88614, 89614
20, 11890, 23, 88614, 88614
20, 11900, 23, 88614, 90163
20, 11910, 23, 88614, 88614
20, 11920, 23, 88614, 90875
20, 11930, 23, 88614, 88614
20, 11940, 23, 88614, 88614
20, 11950, 23, 88614, 90512
20, 11960, 23, 88614, 88614
20, 11970, 23, 88488, 88488
20, 11980, 23, 88488, 88488
20, 11990, 23, 88488, 88488
20, 12000, 23, 88488, 88488
20, 12010, 23, 88488, 89851
20, 12020, 23, 88288, 88488
20, 12030, 23, 88288, 89589
20, 12040, 23, 88288, 88288
20, 12050, 23, 88180, 88288
20, 12060, 23, 88180, 88180
20, 12070, 23, 88180, 88180
20, 12080, 23, 88180, 88180
20, 12090, 23, 88180, 89089
20, 12100, 23, 88180, 88180
20, 12110, 23, 88180, 88180
20, 12120, 23, 88180, 88180
20, 12130, 23, 88180, 91846
20, 12140, 23, 88180, 88180
20, 12150, 23, 88131, 89521
20, 12160, 23, 88131, 88131
20, 12170, 23, 88131, 88131
20, 12180, 23, 88131, 88131
20, 12190, 23, 88131, 88131
20, 12200, 23, 88131, 88131
20, 12210, 23, 88131, 88131
20, 12220, 23, 88131, 89848
20, 12230, 23, 88131, 88131
20, 12240, 23, 88131, 90214
20, 12250, 23, 88131, 88331
20, 12260, 23, 88131, 88131
20, 12270, 23, 88131, 88888
20, 12280, 23, 88131, 91469
20, 12290, 23, 88131, 88131
20, 12300, 23, 88131, 88131
20, 12310, 23, 88131, 88131
20, 12320, 23, 88131, 88131
20, 12330, 23, 88007, 88131
20, 12340, 23, 88007, 88007
20, 12350, 23, 88007, 89273
20, 12360, 23, 87972, 87972
20, 12370, 23, 87972, 87972
20, 12380, 23, 87972, 87972
20, 12390, 23, 87972, 87972
20, 12400, 23, 87972, 87972
20, 12410, 23, 87972, 89803
20, 12420, 23, 87972, 87972
20, 12430, 23, 87970, 87970
20, 12440, 23, 87970, 89086
20, 12450, 23, 87856, 87856
20, 12460, 23, 87856, 87856
20, 12470, 23, 87856, 90263
20, 12480, 23, 87856, 87856
20, 12490, 23, 87773, 87856
20, 12500, 23, 87773, 87773
20, 12510, 23, 87737, 87773
20, 12520, 23, 87737, 87737
20, 12530, 23, 87737, 88274
20, 12540, 23, 87737, 87737
20, 12550, 23, 87737, 87737
20, 12560, 23, 87737, 89773
20, 12570, 23, 87737, 88299
20, 12580, 23, 87737, 87737
20, 12590, 23, 87737, 87737
20, 12600, 23, 87737, 87737
20, 12610, 23, 87737, 87737
20, 12620, 23, 87613, 87613
20, 12630, 23, 87613, 87613
20, 12640, 23, 87613, 88181
20, 12650, 23, 87613, 87613
20, 12660, 23, 87613, 87613
20, 12670, 23, 87613, 88045
20, 12680, 23, 87613, 87613
20, 12690, 23, 87613, 87613
20, 12700, 23, 87613, 88232
20, 12710, 23, 87613, 91269
20, 12720, 23, 87613, 87613
20, 12730, 23, 87613, 87613
20, 12740, 23, 87613, 89846
20, 12750, 23, 87613, 87613
20, 12760, 23, 87483, 87606
20, 12770, 23, 87283, 87283
20, 12780, 23, 87283, 87283
20, 12790, 23, 87283, 87283
20, 12800, 23, 87265, 87265
20, 12810, 23, 87265, 87265
20, 12820, 23, 87265, 87265
20, 12830, 23, 87265, 88819
20, 12840, 23, 87265, 87265
20, 12850, 23, 87265, 87425
20, 12860, 23, 87179, 87265
20, 12870, 23, 87179, 89648
20, 12880, 23, 87179, 87179
20, 12890, 23, 87179, 87179
20, 12900, 23, 87179, 88115
20, 12910, 23, 87179, 87179
20, 12920, 23, 87179, 88545
20, 12930, 23, 86968, 86968
20, 12940, 23, 86968, 86968
20, 12950, 23, 86968, 86968
20, 12960, 23, 86968, 86968
20, 12970, 23, 86946, 86946
20, 12980, 23, 86946, 87350
20, 12990, 23, 86946, 86946
20, 13000, 23, 86946, 86946
20, 13010, 23, 86946, 86946
20, 13020, 23, 86946, 86946
20, 13030, 23, 86946, 86946
20, 13040, 23, 86946, 86946
20, 13050, 23, 86946, 90649
20, 13060, 23, 86946, 88452
20, 13070, 23, 86946, 86946
20, 13080, 23, 86946, 86946
20, 13090, 23, 86946, 87069
20, 13100, 23, 86946, 86946
20, 13110, 23, 86762, 86946
20, 13120, 23, 86762, 86762
20, 13130, 23, 86762, 86762
20, 13140, 23, 86751, 86762
20, 13150, 23, 86751, 86790
20, 13160, 23, 86751, 86751
20, 13170, 23, 86751, 86751
20, 13180, 23, 86751, 86751
20, 13190, 23, 86751, 86751
20, 13200, 23, 86751, 86751
20, 13210, 23, 86379, 90257
20, 13220, 23, 86379, 86379
20, 13230, 23, 86379, 86379
20, 13240, 23, 86379, 86379
20, 13250, 23, 86379, 86379
20, 13260, 23, 86379, 86379
20, 13270, 23, 86379, 86379
20, 13280, 23, 86379, 86379
20, 13290, 23, 86379, 87528
20, 13300, 23, 86379, 86379
20, 13310, 23, 86379, 86379
20, 13320, 23, 86379, 86379
20, 13330, 23, 86379, 86379
20, 13340, 23, 86221, 88377
20, 13350, 23, 86215, 89141
20, 13360, 23, 86215, 86215
20, 13370, 23, 86164, 86164
20, 13380, 23, 86164, 86164
20, 13390, 23, 86164, 86164
20, 13400, 23, 86164, 86164
20, 13410, 23, 86133, 86133
20, 13420, 23, 86044, 86044
20, 13430, 23, 85986, 85986
20, 13440, 23, 85986, 88388
20, 13450, 23, 85986, 90113
20, 13460, 23, 85477, 87364
20, 13470, 23, 85477, 86444
20, 13480, 23, 85277, 85277
20, 13490, 23, 85277, 85989
20, 13500, 23, 85153, 85153
20, 13510, 23, 85153, 85153
20, 13520, 23, 85139, 85139
20, 13530, 23, 85122, 85139
20, 13540, 23, 85122, 85122
20, 13550, 23, 85122, 85122
20, 13560, 23, 85122, 85122
20, 13570, 23, 85122, 85122
20, 13580, 23, 85122, 87273
20, 13590, 23, 85122, 85122
20, 13600, 23, 85122, 86751
20, 13610, 23, 85122, 85122
20, 13620, 23, 85122, 85631
20, 13630, 23, 85122, 85122
20, 13640, 23, 85122, 85122
20, 13650, 23, 85122, 85122
20, 13660, 23, 85122, 85122
20, 13670, 23, 85096, 85122
20, 13680, 23, 85096, 85170
20, 13690, 23, 85096, 85096
20, 13700, 23, 85096, 85892
20, 13710, 23, 85096, 86817
20, 13720, 23, 85096, 85096
20, 13730, 23, 85031, 85031
20, 13740, 23, 85031, 85031
20, 13750, 23, 85031, 86122
20, 13760, 23, 85031, 86185
20, 13770, 23, 85031, 85031
20, 13780, 23, 84891, 84891
20, 13790, 23, 84891, 84891
20, 13800, 23, 84891, 84891
20, 13810, 23, 84826, 84891
20, 13820, 23, 84826, 87223
20, 13830, 23, 84826, 84826
20, 13840, 23, 84826, 84826
20, 13850, 23, 84826, 84826
20, 13860, 23, 84826, 87435
20, 13870, 23, 84826, 84826
20, 13880, 23, 84826, 84826
20, 13890, 23, 84826, 84826
20, 13900, 23, 84826, 84826
20, 13910, 23, 84724, 84826
20, 13920, 23, 84724, 84724
20, 13930, 23, 84724, 84724
20, 13940, 23, 84724, 84724
20, 13950, 23, 84659, 84724
20, 13960, 23, 84659, 84659
20, 13970, 23, 84659, 85149
20, 13980, 23, 84659, 84659
20, 13990, 23, 84659, 84659
20, 14000, 23, 84659, 84659
20, 14010, 23, 84659, 84659
20, 14020, 23, 84659, 84659
20, 14030, 23, 84659, 84659
20, 14040, 23, 84659, 84659
20, 14050, 23, 84659, 84659
20, 14060, 23, 84659, 84659
20, 14070, 23, 84659, 84659
20, 14080, 23, 84659, 84659
20, 14090, 23, 84659, 86883
20, 14100, 23, 84659, 84659
20, 14110, 23, 84471, 84659
20, 14120, 23, 84471, 84471
20, 14130, 23, 84471, 84471
20, 14140, 23, 84471, 84471
20, 14150, 23, 84471, 84471
20, 14160, 23, 84347, 84347
20, 14170, 23, 84347, 84347
20, 14180, 23, 84347, 84347
20, 14190, 23, 84347, 84347
20, 14200, 23, 84347, 84347
20, 14210, 23, 84347, 84347
20, 14220, 23, 84347, 84347
20, 14230, 23, 84347, 84347
20, 14240, 23, 84347, 84347
20, 14250, 23, 84347, 85082
20, 14260, 23, 84347, 84347
20, 14270, 23, 84347, 84522
20, 14280, 23, 84347, 84347
20, 14290, 23, 84327, 84327
20, 14300, 23, 84279, 84327
20, 14310, 23, 84166, 84279
20, 14320, 23, 84166, 86888
20, 14330, 23, 84166, 84166
20, 14340, 23, 84166, 84166
20, 14350, 23, 84118, 84166
20, 14360, 23, 84118, 85156
20, 14370, 23, 84118, 85524
20, 14380, 23, 84118, 84118
20, 14390, 23, 84118, 84118
20, 14400, 23, 84118, 84118
20, 14410, 23, 84118, 84118
20, 14420, 23, 84118, 84118
20, 14430, 23, 84118, 84118
20, 14440, 23, 84118, 84486
20, 14450, 23, 84035, 84035
20, 14460, 23, 84023, 86105
20, 14470, 23, 84023, 84023
20, 14480, 23, 84023, 84023
20, 14490, 23, 84023, 84023
20, 14500, 23, 83823, 84023
20, 14510, 23, 83823, 83823
20, 14520, 23, 83823, 83823
20, 14530, 23, 83810, 83823
20, 14540, 23, 83810, 83810
20, 14550, 23, 83810, 83810
20, 14560, 23, 83810, 83810
20, 14570, 23, 83465, 83810
20, 14580, 23, 83465, 83465
20, 14590, 23, 83465, 83465
20, 14600, 23, 83443, 83465
20, 14610, 23, 83302, 83302
20, 14620, 23, 83302, 83302
20, 14630, 23, 83302, 83302
20, 14640, 23, 83302, 83302
20, 14650, 23, 83302, 83302
20, 14660, 23, 83236, 83236
20, 14670, 23, 82920, 83236
20, 14680, 23, 82884, 82884
20, 14690, 23, 82884, 82884
20, 14700, 23, 82884, 82884
20, 14710, 23, 82884, 82884
20, 14720, 23, 82676, 82821
20, 14730, 23, 82676, 82676
20, 14740, 23, 82676, 86635
20, 14750, 23, 82676, 82676
20, 14760, 23, 82676, 82676
20, 14770, 23, 82676, 82676
20, 14780, 23, 82676, 82676
20, 14790, 23, 82676, 82676
20, 14800, 23, 82676, 82676
20, 14810, 23, 82676, 82676
20, 14820, 23, 82593, 82676
20, 14830, 23, 82593, 82593
20, 14840, 23, 82437, 82593
20, 14850, 23, 82437, 82437
20, 14860, 23, 82437, 82823
20, 14870, 23, 82437, 82437
20, 14880, 23, 82437, 82437
20, 14890, 23, 82437, 82437
20, 14900, 23, 82437, 82437
20, 14910, 23, 82398, 82398
20, 14920, 23, 82398, 82398
20, 14930, 23, 82398, 82398
20, 14940, 23, 82398, 82398
20, 14950, 23, 82398, 85239
20, 14960, 23, 82398, 82398
20, 14970, 23, 82398, 82398
20, 14980, 23, 82398, 82398
20, 14990, 23, 82398, 82398
20, 15000, 23, 82398, 83800
20, 15010, 23, 82398, 82398
20, 15020, 23, 82202, 82398
20, 15030, 23, 82202, 84811
20, 15040, 23, 82202, 82202
20, 15050, 23, 82202, 82202
20, 15060, 23, 82094, 82202
20, 15070, 23, 82063, 82094
20, 15080, 23, 82063, 82063
20, 15090, 23, 82063, 82063
20, 15100, 23, 82063, 82063
20, 15110, 23, 82063, 82063
20, 15120, 23, 82063, 82063
20, 15130, 23, 82063, 82063
20, 15140, 23, 82005, 82005
20, 15150, 23, 81962, 82386
20, 15160, 23, 81962, 81962
20, 15170, 23, 81962, 81962
20, 15180, 23, 81962, 81962
20, 15190, 23, 81962, 81962
20, 15200, 23, 81962, 81962
20, 15210, 23, 81962, 81962
20, 15220, 23, 81962, 81962
20, 15230, 23, 81962, 81962
20, 15240, 23, 81907, 81907
20, 15250, 23, 81907, 83596
20, 15260, 23, 81907, 81907
20, 15270, 23, 81907, 81907
20, 15280, 23, 81841, 81841
20, 15290, 23, 81841, 81841
20, 15300, 23, 81841, 81841
20, 15310, 23, 81841, 81841
20, 15320, 23, 81841, 81841
20, 15330, 23, 81841, 81841
20, 15340, 23, 81841, 81841
20, 15350, 23, 81841, 81841
20, 15360, 23, 81841, 81841
20, 15370, 23, 81841, 81841
20, 15380, 23, 81841, 81841
20, 15390, 23, 81718, 81718
20, 15400, 23, 81718, 81718
20, 15410, 23, 81684, 81684
20, 15420, 23, 81684, 81684
20, 15430, 23, 81684, 81684
20, 15440, 23, 81684, 81684
20, 15450, 23, 81684, 83730
20, 15460, 23, 81606, 81684
20, 15470, 23, 81606, 81606
20, 15480, 23, 81606, 81606
20, 15490, 23, 81606, 81606
20, 15500, 23, 81550, 81550
20, 15510, 23, 81550, 81550
20, 15520, 23, 81550, 81550
20, 15530, 23, 81550, 81550
20, 15540, 23, 81550, 81550
20, 15550, 23, 81530, 81550
20, 15560, 23, 81530, 81530
20, 15570, 23, 81522, 81522
20, 15580, 23, 81522, 81522
20, 15590, 23, 81522, 81522
20, 15600, 23, 81522, 81522
20, 15610, 23, 81522, 81522
20, 15620, 23, 81522, 81522
20, 15630, 23, 81409, 81522
20, 15640, 23, 81409, 81409
20, 15650, 23, 81409, 81409
20, 15660, 23, 81157, 81157
20, 15670, 23, 81157, 81157
20, 15680, 23, 81157, 81157
20, 15690, 23, 81157, 81157
20, 15700, 23, 81098, 81157
20, 15710, 23, 81098, 81098
20, 15720, 23, 81098, 81098
20, 15730, 23, 81098, 81098
20, 15740, 23, 81098, 81098
20, 15750, 23, 81098, 81098
20, 15760, 23, 81098, 81098
20, 15770, 23, 81080, 81080
20, 15780, 23, 81080, 81080
20, 15790, 23, 81080, 81080
20, 15800, 23, 81080, 81080
20, 15810, 23, 81080, 81080
20, 15820, 23, 81080, 81080
20, 15830, 23, 81080, 81080
20, 15840, 23, 81080, 81080
20, 15850, 23, 81080, 81080
20, 15860, 23, 81026, 81026
20, 15870, 23, 81026, 81026
20, 15880, 23, 81026, 81026
20, 15890, 23, 81026, 81026
20, 15900, 23, 81026, 81026
20, 15910, 23, 81026, 82393
20, 15920, 23, 81026, 81454
20, 15930, 23, 81026, 81026
20, 15940, 23, 81026, 81026
20, 15950, 23, 81026, 81026
20, 15960, 23, 81026, 81026
20, 15970, 23, 81026, 81026
20, 15980, 23, 81005, 81026
20, 15990, 23, 81005, 81005
20, 16000, 23, 81005, 81005
20, 16010, 23, 80948, 80948
20, 16020, 23, 80948, 80948
20, 16030, 23, 80948, 80948
20, 16040, 23, 80948, 80948
20, 16050, 23, 80948, 80948
20, 16060, 23, 80948, 81662
20, 16070, 23, 80948, 80948
20, 16080, 23, 80948, 80948
20, 16090, 23, 80920, 80948
20, 16100, 23, 80920, 80920
20, 16110, 23, 80920, 80920
20, 16120, 23, 80920, 83207
20, 16130, 23, 80920, 80920
20, 16140, 23, 80920, 84068
20, 16150, 23, 80920, 80920
20, 16160, 23, 80820, 80920
20, 16170, 23, 80820, 80820
20, 16180, 23, 80820, 80820
20, 16190, 23, 80645, 80820
20, 16200, 23, 80645, 80645
20, 16210, 23, 80645, 80645
20, 16220, 23, 80645, 80645
20, 16230, 23, 80645, 80645
20, 16240, 23, 80645, 82923
20, 16250, 23, 80645, 80645
20, 16260, 23, 80436, 80436
20, 16270, 23, 80436, 80436
20, 16280, 23, 80436, 80436
20, 16290, 23, 80436, 80436
20, 16300, 23, 80436, 80436
20, 16310, 23, 80436, 82350
20, 16320, 23, 80436, 81477
20, 16330, 23, 80436, 80436
20, 16340, 23, 80436, 80436
20, 16350, 23, 80436, 80436
20, 16360, 23, 80436, 80436
20, 16370, 23, 80436, 80436
20, 16380, 23, 80436, 80436
20, 16390, 23, 80436, 80436
20, 16400, 23, 80436, 80436
20, 16410, 23, 80436, 80436
20, 16420, 23, 80436, 80436
20, 16430, 23, 80436, 85109
20, 16440, 23, 80322, 82344
20, 16450, 23, 80178, 80322
20, 16460, 23, 80178, 80178
20, 16470, 23, 80178, 80178
20, 16480, 23, 80178, 81983
20, 16490, 23, 80178, 80178
20, 16500, 23, 80178, 80178
20, 16510, 23, 80178, 80178
20, 16520, 23, 80178, 80178
20, 16530, 23, 80178, 80178
20, 16540, 23, 80178, 80178
20, 16550, 23, 80178, 80178
20, 16560, 23, 80056, 80056
20, 16570, 23, 80056, 80056
20, 16580, 23, 80056, 80056
20, 16590, 23, 80056, 80056
20, 16600, 23, 80056, 80056
20, 16610, 23, 80056, 80056
20, 16620, 23, 80056, 80056
20, 16630, 23, 80056, 80056
20, 16640, 23, 80056, 80056
20, 16650, 23, 80056, 80056
20, 16660, 23, 80056, 80056
20, 16670, 23, 80056, 80056
20, 16680, 23, 80039, 80039
20, 16690, 23, 80039, 80039
20, 16700, 23, 80039, 80039
20, 16710, 23, 80039, 80039
20, 16720, 23, 80039, 80039
20, 16730, 23, 80039, 80039
20, 16740, 23, 80039, 80039
20, 16750, 23, 80039, 80039
20, 16760, 23, 80039, 80039
20, 16770, 23, 80039, 80039
20, 16780, 23, 79970, 79970
20, 16790, 23, 79970, 79970
20, 16800, 23, 79970, 79970
20, 16810, 23, 79970, 79970
20, 16820, 23, 79970, 79970
20, 16830, 23, 79970, 79970
20, 16840, 23, 79855, 81062
20, 16850, 23, 79855, 79855
20, 16860, 23, 79837, 79837
20, 16870, 23, 79837, 79837
20, 16880, 23, 79837, 79837
20, 16890, 23, 79837, 79837
20, 16900, 23, 79837, 79837
20, 16910, 23, 79837, 79837
20, 16920, 23, 79837, 79837
20, 16930, 23, 79837, 79837
20, 16940, 23, 79760, 79837
20, 16950, 23, 79760, 79760
20, 16960, 23, 79760, 79760
20, 16970, 23, 79760, 79760
20, 16980, 23, 79760, 79760
20, 16990, 23, 79760, 79760
20, 17000, 23, 79760, 79760
20, 17010, 23, 79760, 79760
20, 17020, 23, 79760, 79760
20, 17030, 23, 79760, 79760
20, 17040, 23, 79760, 79760
20, 17050, 23, 79760, 79760
20, 17060, 23, 79760, 79760
20, 17070, 23, 79760, 79760
20, 17080, 23, 79760, 79760
20, 17090, 23, 79760, 79760
20, 17100, 23, 79760, 79760
20, 17110, 23, 79720, 79760
20, 17120, 23, 79720, 79720
20, 17130, 23, 79720, 79720
20, 17140, 23, 79720, 79720
20, 17150, 23, 79720, 79720
20, 17160, 23, 79720, 79720
20, 17170, 23, 79720, 79720
20, 17180, 23, 79578, 79578
20, 17190, 23, 79578, 79578
20, 17200, 23, 79578, 79578
20, 17210, 23, 79496, 82425
20, 17220, 23, 79496, 79496
20, 17230, 23, 79496, 79496
20, 17240, 23, 79496, 79496
20, 17250, 23, 79496, 79496
20, 17260, 23, 79496, 79496
20, 17270, 23, 79496, 79496
20, 17280, 23, 79496, 79496
20, 17290, 23, 79496, 79496
20, 17300, 23, 79496, 79496
20, 17310, 23, 79496, 79668
20, 17320, 23, 79496, 79496
20, 17330, 23, 79496, 79496
20, 17340, 23, 79496, 79496
20, 17350, 23, 79496, 79496
20, 17360, 23, 79496, 79496
20, 17370, 23, 79468, 79468
20, 17380, 23, 79468, 79468
20, 17390, 23, 79468, 79468
20, 17400, 23, 79468, 79468
20, 17410, 23, 79468, 79468
20, 17420, 23, 79468, 79468
20, 17430, 23, 79468, 79468
20, 17440, 23, 79468, 79468
20, 17450, 23, 79468, 79468
20, 17460, 23, 79468, 79468
20, 17470, 23, 79468, 79468
20, 17480, 23, 79468, 79468
20, 17490, 23, 79396, 79396
20, 17500, 23, 79396, 79396
20, 17510, 23, 79396, 79396
20, 17520, 23, 79396, 79396
20, 17530, 23, 79396, 79396
20, 17540, 23, 79396, 79396
20, 17550, 23, 79396, 79396
20, 17560, 23, 79396, 79396
20, 17570, 23, 79396, 79396
20, 17580, 23, 79396, 79396
20, 17590, 23, 79396, 79396
20, 17600, 23, 79396, 79396
20, 17610, 23, 79388, 79388
20, 17620, 23, 79388, 79388
20, 17630, 23, 79388, 79388
20, 17640, 23, 79388, 79388
20, 17650, 23, 79388, 79388
20, 17660, 23, 79388, 79388
20, 17670, 23, 79388, 79388
20, 17680, 23, 79388, 79388
20, 17690, 23, 79388, 79388
20, 17700, 23, 79388, 79388
20, 17710, 23, 79388, 79388
20, 17720, 23, 79388, 79388
20, 17730, 23, 79388, 79388
20, 17740, 23, 79388, 79388
20, 17750, 23, 79388, 79388
20, 17760, 23, 79388, 79388
20, 17770, 23, 79046, 79046
20, 17780, 23, 79046, 79046
20, 17790, 23, 79046, 79046
20, 17800, 23, 79046, 79046
20, 17810, 23, 79046, 79046
20, 17820, 23, 79046, 79046
20, 17830, 23, 79046, 79046
20, 17840, 23, 79046, 79046
20, 17850, 23, 79046, 79046
20, 17860, 23, 79046, 79046
20, 17870, 23, 79046, 79046
20, 17880, 23, 79046, 79046
20, 17890, 23, 79046, 79046
20, 17900, 23, 79046, 79046
20, 17910, 23, 79046, 79046
20, 17920, 23, 79046, 79046
20, 17930, 23, 78895, 79046
20, 17940, 23, 78895, 78895
20, 17950, 23, 78732, 78895
20, 17960, 23, 78732, 79314
20, 17970, 23, 78732, 78732
20, 17980, 23, 78732, 78732
20, 17990, 23, 78732, 78732
20, 18000, 23, 78732, 78732
20, 18010, 23, 78732, 78732
20, 18020, 23, 78732, 78732
20, 18030, 23, 78732, 78732
20, 18040, 23, 78732, 78732
20, 18050, 23, 78732, 78732
20, 18060, 23, 78732, 78732
20, 18070, 23, 78714, 78732
20, 18080, 23, 78714, 78714
20, 18090, 23, 78714, 78714
20, 18100, 23, 78714, 78714
20, 18110, 23, 78714, 78714
20, 18120, 23, 78714, 78714
20, 18130, 23, 78714, 78714
20, 18140, 23, 78714, 78714
20, 18150, 23, 78714, 78714
20, 18160, 23, 78714, 78714
20, 18170, 23, 78714, 78714
20, 18180, 23, 78714, 78714
20, 18190, 23, 78714, 78714
20, 18200, 23, 78714, 78714
20, 18210, 23, 78714, 78714
20, 18220, 23, 78714, 79662
20, 18230, 23, 78714, 78714
20, 18240, 23, 78714, 78714
20, 18250, 23, 78714, 78714
20, 18260, 23, 78714, 78714
20, 18270, 23, 78714, 78714
20, 18280, 23, 78714, 78714
20, 18290, 23, 78714, 78714
20, 18300, 23, 78468, 78714
20, 18310, 23, 78468, 78468
20, 18320, 23, 78468, 78468
20, 18330, 23, 78468, 78468
20, 18340, 23, 78468, 78468
20, 18350, 23, 78468, 78468
20, 18360, 23, 78468, 78468
20, 18370, 23, 78468, 78468
20, 18380, 23, 78468, 78468
20, 18390, 23, 78468, 78468
20, 18400, 23, 78468, 78468
20, 18410, 23, 78468, 78468
20, 18420, 23, 78468, 78468
20, 18430, 23, 78468, 78468
20, 18440, 23, 78468, 78468
20, 18450, 23, 78468, 78468
20, 18460, 23, 78468, 78468
20, 18470, 23, 78468, 78468
20, 18480, 23, 78468, 78468
20, 18490, 23, 78468, 78468
20, 18500, 23, 78468, 78468
20, 18510, 23, 78468, 78468
20, 18520, 23, 78468, 78468
20, 18530, 23, 78187, 78187
20, 18540, 23, 78187, 78187
20, 18550, 23, 78187, 78187
20, 18560, 23, 78187, 79160
20, 18570, 23, 78187, 78187
20, 18580, 23, 78187, 78187
20, 18590, 23, 78187, 78187
20, 18600, 23, 78187, 78187
20, 18610, 23, 78187, 78187
20, 18620, 23, 78187, 78187
20, 18630, 23, 78187, 78187
20, 18640, 23, 78187, 78187
20, 18650, 23, 78187, 78187
20, 18660, 23, 78187, 78187
20, 18670, 23, 78176, 78176
20, 18680, 23, 78173, 78173
20, 18690, 23, 78173, 80528
20, 18700, 23, 78173, 78173
20, 18710, 23, 78173, 78173
20, 18720, 23, 78173, 78173
20, 18730, 23, 78173, 78173
20, 18740, 23, 78173, 78173
20, 18750, 23, 78168, 78173
20, 18760, 23, 78168, 78168
20, 18770, 23, 78168, 78168
20, 18780, 23, 78168, 78168
20, 18790, 23, 78168, 78168
20, 18800, 23, 78168, 78168
20, 18810, 23, 78168, 78168
20, 18820, 23, 78168, 78168
20, 18830, 23, 78168, 78168
20, 18840, 23, 78168, 78168
20, 18850, 23, 78168, 79765
20, 18860, 23, 78168, 78168
20, 18870, 23, 78168, 78168
20, 18880, 23, 78168, 78168
20, 18890, 23, 78168, 78168
20, 18900, 23, 78168, 78168
20, 18910, 23, 78089, 78168
20, 18920, 23, 78089, 78089
20, 18930, 23, 78089, 78089
20, 18940, 23, 78089, 78089
20, 18950, 23, 78089, 79592
20, 18960, 23, 78089, 78089
20, 18970, 23, 78089, 78089
20, 18980, 23, 78016, 78016
20, 18990, 23, 78016, 78016
20, 19000, 23, 78016, 78016
20, 19010, 23, 78016, 78016
20, 19020, 23, 78016, 78016
20, 19030, 23, 78016, 78016
20, 19040, 23, 78016, 78016
20, 19050, 23, 78016, 78016
20, 19060, 23, 77910, 77910
20, 19070, 23, 77910, 77910
20, 19080, 23, 77910, 77910
20, 19090, 23, 77890, 77910
20, 19100, 23, 77890, 77890
20, 19110, 23, 77890, 77890
20, 19120, 23, 77890, 77890
20, 19130, 23, 77890, 77890
20, 19140, 23, 77890, 77890
20, 19150, 23, 77890, 77890
20, 19160, 23, 77890, 77890
20, 19170, 23, 77890, 77890
20, 19180, 23, 77890, 77890
20, 19190, 23, 77890, 77890
20, 19200, 23, 77890, 77890
20, 19210, 23, 77890, 77890
20, 19220, 23, 77890, 77890
20, 19230, 23, 77890, 77890
20, 19240, 23, 77890, 77890
20, 19250, 23, 77890, 77890
20, 19260, 23, 77890, 77890
20, 19270, 23, 77890, 77890
20, 19280, 23, 77890, 77890
20, 19290, 23, 77890, 77890
20, 19300, 23, 77890, 77890
20, 19310, 23, 77890, 77890
20, 19320, 23, 77890, 77890
20, 19330, 23, 77890, 77890
20, 19340, 23, 77890, 77890
20, 19350, 23, 77890, 77890
20, 19360, 23, 77813, 77890
20, 19370, 23, 77813, 77813
20, 19380, 23, 77813, 77813
20, 19390, 23, 77813, 78931
20, 19400, 23, 77813, 77813
20, 19410, 23, 77813, 77813
20, 19420, 23, 77813, 77813
20, 19430, 23, 77813, 77813
20, 19440, 23, 77768, 77768
20, 19450, 23, 77768, 77768
20, 19460, 23, 77768, 77768
20, 19470, 23, 77768, 77768
20, 19480, 23, 77768, 77768
20, 19490, 23, 77768, 77768
20, 19500, 23, 77768, 77768
20, 19510, 23, 77768, 77768
20, 19520, 23, 77768, 77768
20, 19530, 23, 77768, 77768
20, 19540, 23, 77768, 77768
20, 19550, 23, 77768, 77768
20, 19560, 23, 77768, 77768
20, 19570, 23, 77768, 77768
20, 19580, 23, 77768, 77768
20, 19590, 23, 77768, 77768
20, 19600, 23, 77768, 77768
20, 19610, 23, 77768, 77768
20, 19620, 23, 77768, 77768
20, 19630, 23, 77768, 77768
20, 19640, 23, 77768, 77768
20, 19650, 23, 77768, 77768
20, 19660, 23, 77768, 77768
20, 19670, 23, 77768, 77768
20, 19680, 23, 77768, 77768
20, 19690, 23, 77717, 77717
20, 19700, 23, 77717, 77717
20, 19710, 23, 77717, 77717
20, 19720, 23, 77717, 77717
20, 19730, 23, 77717, 77717
20, 19740, 23, 77717, 77717
20, 19750, 23, 77717, 77717
20, 19760, 23, 77717, 77717
20, 19770, 23, 77717, 77717
20, 19780, 23, 77717, 77717
20, 19790, 23, 77717, 77717
20, 19800, 23, 77717, 77717
20, 19810, 23, 77694, 77694
20, 19820, 23, 77694, 77694
20, 19830, 23, 77694, 77694
20, 19840, 23, 77694, 77694
20, 19850, 23, 77694, 77694
20, 19860, 23, 77694, 77694
20, 19870, 23, 77694, 77694
20, 19880, 23, 77694, 77694
20, 19890, 23, 77694, 77694
20, 19900, 23, 77694, 77694
20, 19910, 23, 77694, 77694
20, 19920, 23, 77694, 77694
20, 19930, 23, 77611, 77611
20, 19940, 23, 77611, 77611
20, 19950, 23, 77611, 77611
20, 19960, 23, 77611, 77611
20, 19970, 23, 77611, 77611
20, 19980, 23, 77611, 77611
20, 19990, 23, 77611, 77611
