Population Size, Generation Count, Repetition, Best Fitness, Median Fitness
20, 0, 17, 749096, 783114
20, 10, 17, 702296, 705977
20, 20, 17, 688356, 691223
20, 30, 17, 668453, 677503
20, 40, 17, 658038, 661796
20, 50, 17, 647043, 651964
20, 60, 17, 633093, 638179
20, 70, 17, 616287, 623332
20, 80, 17, 607164, 610442
20, 90, 17, 596808, 599620
20, 100, 17, 585350, 587610
20, 110, 17, 577282, 579862
20, 120, 17, 563342, 566116
20, 130, 17, 552559, 557678
20, 140, 17, 544642, 548268
20, 150, 17, 536273, 539530
20, 160, 17, 527124, 531291
20, 170, 17, 519622, 522182
20, 180, 17, 512228, 516854
20, 190, 17, 505251, 508606
20, 200, 17, 497385, 501503
20, 210, 17, 493850, 499260
20, 220, 17, 487925, 492574
20, 230, 17, 482464, 487605
20, 240, 17, 477985, 479400
20, 250, 17, 470362, 474379
20, 260, 17, 465768, 470252
20, 270, 17, 461402, 465370
20, 280, 17, 455769, 458272
20, 290, 17, 452635, 454405
20, 300, 17, 449320, 451059
20, 310, 17, 443231, 447268
20, 320, 17, 438740, 443125
20, 330, 17, 433428, 437140
20, 340, 17, 431943, 435072
20, 350, 17, 427920, 431958
20, 360, 17, 421342, 424004
20, 370, 17, 417797, 421769
20, 380, 17, 414582, 416875
20, 390, 17, 409861, 411846
20, 400, 17, 405905, 408191
20, 410, 17, 401092, 404681
20, 420, 17, 397928, 400875
20, 430, 17, 393831, 395983
20, 440, 17, 390674, 393715
20, 450, 17, 386238, 389381
20, 460, 17, 378731, 382414
20, 470, 17, 376989, 379808
20, 480, 17, 374390, 376632
20, 490, 17, 369494, 372215
20, 500, 17, 367280, 370564
20, 510, 17, 365370, 368685
20, 520, 17, 362439, 366839
20, 530, 17, 359497, 362439
20, 540, 17, 357386, 362513
20, 550, 17, 352569, 355361
20, 560, 17, 350119, 353773
20, 570, 17, 346468, 349086
20, 580, 17, 343894, 345245
20, 590, 17, 340577, 341357
20, 600, 17, 338640, 340989
20, 610, 17, 337114, 340037
20, 620, 17, 335039, 337285
20, 630, 17, 330908, 334120
20, 640, 17, 329617, 330565
20, 650, 17, 328529, 330803
20, 660, 17, 327113, 328810
20, 670, 17, 326133, 329212
20, 680, 17, 323328, 327418
20, 690, 17, 322803, 324386
20, 700, 17, 321223, 322834
20, 710, 17, 320064, 323412
20, 720, 17, 318860, 320207
20, 730, 17, 317301, 321091
20, 740, 17, 316671, 318074
20, 750, 17, 313939, 316314
20, 760, 17, 310268, 312280
20, 770, 17, 308295, 311283
20, 780, 17, 306589, 308163
20, 790, 17, 306181, 309652
20, 800, 17, 304899, 308370
20, 810, 17, 303727, 306161
20, 820, 17, 302385, 304778
20, 830, 17, 302356, 303418
20, 840, 17, 300670, 303426
20, 850, 17, 297798, 301232
20, 860, 17, 296790, 298642
20, 870, 17, 295731, 298132
20, 880, 17, 293915, 296886
20, 890, 17, 292550, 294081
20, 900, 17, 291150, 292492
20, 910, 17, 289894, 293115
20, 920, 17, 289576, 293386
20, 930, 17, 287116, 289395
20, 940, 17, 286009, 288506
20, 950, 17, 284882, 291498
20, 960, 17, 283815, 284451
20, 970, 17, 281483, 285663
20, 980, 17, 280883, 284957
20, 990, 17, 279592, 281739
20, 1000, 17, 279345, 281095
20, 1010, 17, 277521, 281353
20, 1020, 17, 275822, 285436
20, 1030, 17, 275204, 278231
20, 1040, 17, 273460, 276305
20, 1050, 17, 271474, 275524
20, 1060, 17, 270077, 274544
20, 1070, 17, 269343, 270217
20, 1080, 17, 268251, 270238
20, 1090, 17, 267273, 268197
20, 1100, 17, 266437, 269512
20, 1110, 17, 265883, 267266
20, 1120, 17, 264581, 268275
20, 1130, 17, 262451, 267961
20, 1140, 17, 259901, 265547
20, 1150, 17, 259479, 263994
20, 1160, 17, 258388, 261971
20, 1170, 17, 257965, 259082
20, 1180, 17, 257581, 261141
20, 1190, 17, 256939, 259826
20, 1200, 17, 256113, 258982
20, 1210, 17, 255023, 259298
20, 1220, 17, 253551, 257676
20, 1230, 17, 252881, 255139
20, 1240, 17, 252398, 254926
20, 1250, 17, 250881, 255228
20, 1260, 17, 250333, 252455
20, 1270, 17, 249309, 251975
20, 1280, 17, 248737, 251516
20, 1290, 17, 248512, 249824
20, 1300, 17, 248126, 249309
20, 1310, 17, 247766, 253202
20, 1320, 17, 247019, 252664
20, 1330, 17, 246094, 249008
20, 1340, 17, 244359, 246786
20, 1350, 17, 243698, 245577
20, 1360, 17, 243170, 245716
20, 1370, 17, 241660, 244321
20, 1380, 17, 240926, 243731
20, 1390, 17, 240128, 241426
20, 1400, 17, 238424, 241878
20, 1410, 17, 238000, 241840
20, 1420, 17, 237461, 239828
20, 1430, 17, 236827, 239432
20, 1440, 17, 235969, 238885
20, 1450, 17, 234594, 237807
20, 1460, 17, 234527, 234594
20, 1470, 17, 233549, 234198
20, 1480, 17, 232743, 235533
20, 1490, 17, 231414, 233896
20, 1500, 17, 230211, 233354
20, 1510, 17, 228694, 232469
20, 1520, 17, 228244, 229639
20, 1530, 17, 226658, 229308
20, 1540, 17, 226336, 229207
20, 1550, 17, 225154, 225954
20, 1560, 17, 223523, 227035
20, 1570, 17, 222956, 227428
20, 1580, 17, 222415, 228018
20, 1590, 17, 219644, 222241
20, 1600, 17, 219025, 222519
20, 1610, 17, 218612, 221110
20, 1620, 17, 217909, 218612
20, 1630, 17, 217222, 217402
20, 1640, 17, 216682, 219602
20, 1650, 17, 216440, 220432
20, 1660, 17, 216393, 217386
20, 1670, 17, 215784, 219286
20, 1680, 17, 212861, 215606
20, 1690, 17, 212861, 215567
20, 1700, 17, 212215, 213523
20, 1710, 17, 209628, 212169
20, 1720, 17, 209088, 211782
20, 1730, 17, 208079, 209488
20, 1740, 17, 207575, 211285
20, 1750, 17, 206354, 210960
20, 1760, 17, 205177, 208102
20, 1770, 17, 204752, 206439
20, 1780, 17, 204664, 206962
20, 1790, 17, 204387, 208038
20, 1800, 17, 204330, 208186
20, 1810, 17, 204330, 206712
20, 1820, 17, 203968, 205931
20, 1830, 17, 203851, 206525
20, 1840, 17, 202738, 203853
20, 1850, 17, 201709, 204224
20, 1860, 17, 201119, 204260
20, 1870, 17, 200991, 202647
20, 1880, 17, 200805, 202145
20, 1890, 17, 199956, 200805
20, 1900, 17, 199675, 200862
20, 1910, 17, 199205, 203139
20, 1920, 17, 198361, 203060
20, 1930, 17, 198164, 199428
20, 1940, 17, 196749, 201043
20, 1950, 17, 195723, 198639
20, 1960, 17, 194647, 196135
20, 1970, 17, 194515, 196982
20, 1980, 17, 194289, 197616
20, 1990, 17, 194243, 198639
20, 2000, 17, 194080, 197576
20, 2010, 17, 193655, 195902
20, 2020, 17, 193655, 195862
20, 2030, 17, 193504, 196650
20, 2040, 17, 193481, 196012
20, 2050, 17, 191521, 194141
20, 2060, 17, 189371, 195950
20, 2070, 17, 189232, 191198
20, 2080, 17, 188720, 189581
20, 2090, 17, 187988, 190513
20, 2100, 17, 187882, 191743
20, 2110, 17, 187569, 190889
20, 2120, 17, 186809, 189182
20, 2130, 17, 186719, 189317
20, 2140, 17, 186293, 189955
20, 2150, 17, 185507, 189083
20, 2160, 17, 185390, 187951
20, 2170, 17, 185390, 186501
20, 2180, 17, 185008, 186069
20, 2190, 17, 184522, 186090
20, 2200, 17, 184522, 187302
20, 2210, 17, 184387, 186231
20, 2220, 17, 183480, 186155
20, 2230, 17, 183480, 184532
20, 2240, 17, 182683, 183065
20, 2250, 17, 182683, 183962
20, 2260, 17, 181245, 184576
20, 2270, 17, 179865, 184210
20, 2280, 17, 179865, 184125
20, 2290, 17, 179768, 182679
20, 2300, 17, 178947, 180021
20, 2310, 17, 178854, 181187
20, 2320, 17, 178835, 180333
20, 2330, 17, 178683, 179904
20, 2340, 17, 178013, 183323
20, 2350, 17, 177065, 180239
20, 2360, 17, 176999, 177171
20, 2370, 17, 176417, 180094
20, 2380, 17, 176161, 176414
20, 2390, 17, 175173, 176874
20, 2400, 17, 174746, 176797
20, 2410, 17, 174729, 174729
20, 2420, 17, 174508, 175059
20, 2430, 17, 174463, 178130
20, 2440, 17, 174283, 175594
20, 2450, 17, 173818, 175687
20, 2460, 17, 173818, 176085
20, 2470, 17, 173742, 177082
20, 2480, 17, 172704, 176360
20, 2490, 17, 172659, 174048
20, 2500, 17, 172495, 172495
20, 2510, 17, 172307, 174444
20, 2520, 17, 172307, 175691
20, 2530, 17, 171763, 175498
20, 2540, 17, 171576, 176666
20, 2550, 17, 170706, 171963
20, 2560, 17, 170637, 174229
20, 2570, 17, 170371, 175076
20, 2580, 17, 168994, 171951
20, 2590, 17, 168434, 171113
20, 2600, 17, 168293, 170613
20, 2610, 17, 167994, 171754
20, 2620, 17, 167994, 171928
20, 2630, 17, 167692, 169535
20, 2640, 17, 167595, 172355
20, 2650, 17, 167595, 167595
20, 2660, 17, 166382, 167312
20, 2670, 17, 166309, 170552
20, 2680, 17, 166299, 167853
20, 2690, 17, 165730, 170228
20, 2700, 17, 165118, 166638
20, 2710, 17, 165118, 166427
20, 2720, 17, 164898, 165426
20, 2730, 17, 164239, 167175
20, 2740, 17, 164239, 168946
20, 2750, 17, 163737, 163901
20, 2760, 17, 163510, 163737
20, 2770, 17, 163182, 165279
20, 2780, 17, 162931, 163442
20, 2790, 17, 162759, 164152
20, 2800, 17, 162759, 166957
20, 2810, 17, 162759, 165810
20, 2820, 17, 161831, 162790
20, 2830, 17, 161723, 161831
20, 2840, 17, 161260, 164798
20, 2850, 17, 161144, 165444
20, 2860, 17, 161134, 164493
20, 2870, 17, 161077, 163789
20, 2880, 17, 161075, 164601
20, 2890, 17, 161075, 163457
20, 2900, 17, 160838, 161324
20, 2910, 17, 160542, 162287
20, 2920, 17, 160306, 163446
20, 2930, 17, 159954, 160847
20, 2940, 17, 159587, 160998
20, 2950, 17, 159396, 163736
20, 2960, 17, 158505, 160087
20, 2970, 17, 157748, 163951
20, 2980, 17, 157681, 161213
20, 2990, 17, 157481, 160091
20, 3000, 17, 157481, 159481
20, 3010, 17, 157292, 157481
20, 3020, 17, 157046, 159806
20, 3030, 17, 156936, 156936
20, 3040, 17, 156673, 160989
20, 3050, 17, 156506, 159324
20, 3060, 17, 156506, 156506
20, 3070, 17, 156306, 157962
20, 3080, 17, 156115, 158278
20, 3090, 17, 156115, 160148
20, 3100, 17, 156013, 158501
20, 3110, 17, 156011, 158649
20, 3120, 17, 155699, 157081
20, 3130, 17, 155699, 158660
20, 3140, 17, 155699, 158870
20, 3150, 17, 155343, 157353
20, 3160, 17, 155043, 157591
20, 3170, 17, 154697, 155043
20, 3180, 17, 154697, 158846
20, 3190, 17, 154362, 156461
20, 3200, 17, 154283, 157398
20, 3210, 17, 154283, 155298
20, 3220, 17, 154283, 156968
20, 3230, 17, 154283, 158895
20, 3240, 17, 154283, 157322
20, 3250, 17, 154247, 154247
20, 3260, 17, 154229, 158636
20, 3270, 17, 153953, 157164
20, 3280, 17, 153359, 156400
20, 3290, 17, 153359, 155592
20, 3300, 17, 152778, 152778
20, 3310, 17, 152478, 155078
20, 3320, 17, 151623, 154957
20, 3330, 17, 151456, 151623
20, 3340, 17, 151456, 151456
20, 3350, 17, 151391, 154865
20, 3360, 17, 151391, 154278
20, 3370, 17, 150970, 153510
20, 3380, 17, 150612, 151714
20, 3390, 17, 150405, 151940
20, 3400, 17, 150405, 153244
20, 3410, 17, 150363, 152642
20, 3420, 17, 149959, 152573
20, 3430, 17, 149862, 154556
20, 3440, 17, 149378, 152092
20, 3450, 17, 149378, 151017
20, 3460, 17, 149212, 151714
20, 3470, 17, 149212, 150894
20, 3480, 17, 149212, 149540
20, 3490, 17, 149212, 149883
20, 3500, 17, 149206, 153536
20, 3510, 17, 149126, 151775
20, 3520, 17, 148804, 151856
20, 3530, 17, 148176, 150564
20, 3540, 17, 148176, 150887
20, 3550, 17, 148064, 151959
20, 3560, 17, 148064, 149901
20, 3570, 17, 147898, 148852
20, 3580, 17, 147890, 148089
20, 3590, 17, 146419, 146664
20, 3600, 17, 146384, 147841
20, 3610, 17, 145787, 147160
20, 3620, 17, 145162, 147884
20, 3630, 17, 145160, 147188
20, 3640, 17, 145160, 148172
20, 3650, 17, 145160, 147413
20, 3660, 17, 144899, 148909
20, 3670, 17, 144839, 146355
20, 3680, 17, 144417, 146159
20, 3690, 17, 144417, 147556
20, 3700, 17, 143649, 143802
20, 3710, 17, 143649, 145486
20, 3720, 17, 143649, 145416
20, 3730, 17, 142738, 143649
20, 3740, 17, 142132, 144647
20, 3750, 17, 142039, 145565
20, 3760, 17, 141660, 148403
20, 3770, 17, 141522, 145293
20, 3780, 17, 141521, 142902
20, 3790, 17, 141187, 144630
20, 3800, 17, 141187, 142176
20, 3810, 17, 140997, 143485
20, 3820, 17, 140997, 145700
20, 3830, 17, 140673, 140997
20, 3840, 17, 140673, 143876
20, 3850, 17, 140619, 144799
20, 3860, 17, 140549, 141013
20, 3870, 17, 140549, 141685
20, 3880, 17, 140549, 142270
20, 3890, 17, 140346, 143262
20, 3900, 17, 139679, 140555
20, 3910, 17, 139280, 139646
20, 3920, 17, 138979, 140028
20, 3930, 17, 138746, 140929
20, 3940, 17, 138598, 140423
20, 3950, 17, 138431, 139842
20, 3960, 17, 138431, 142685
20, 3970, 17, 138431, 139317
20, 3980, 17, 138076, 139896
20, 3990, 17, 137739, 138981
20, 4000, 17, 137372, 139567
20, 4010, 17, 136983, 138162
20, 4020, 17, 136951, 139054
20, 4030, 17, 136555, 139463
20, 4040, 17, 136290, 139972
20, 4050, 17, 136290, 136290
20, 4060, 17, 136290, 138829
20, 4070, 17, 136290, 139050
20, 4080, 17, 136252, 138644
20, 4090, 17, 135936, 137686
20, 4100, 17, 135663, 136872
20, 4110, 17, 135549, 135936
20, 4120, 17, 135294, 135549
20, 4130, 17, 135294, 135294
20, 4140, 17, 135293, 136110
20, 4150, 17, 135293, 139853
20, 4160, 17, 135001, 136730
20, 4170, 17, 134844, 137064
20, 4180, 17, 134776, 137969
20, 4190, 17, 134704, 135702
20, 4200, 17, 134689, 138736
20, 4210, 17, 134689, 134887
20, 4220, 17, 134689, 136879
20, 4230, 17, 134605, 138227
20, 4240, 17, 134470, 136926
20, 4250, 17, 134055, 135826
20, 4260, 17, 134055, 136752
20, 4270, 17, 134055, 138046
20, 4280, 17, 133892, 137765
20, 4290, 17, 133816, 134423
20, 4300, 17, 133816, 136589
20, 4310, 17, 133733, 136053
20, 4320, 17, 133728, 138174
20, 4330, 17, 133728, 135059
20, 4340, 17, 133728, 133728
20, 4350, 17, 133676, 136460
20, 4360, 17, 133676, 136633
20, 4370, 17, 133608, 136742
20, 4380, 17, 133085, 134411
20, 4390, 17, 133085, 134264
20, 4400, 17, 133085, 133085
20, 4410, 17, 133085, 133260
20, 4420, 17, 132815, 134120
20, 4430, 17, 132619, 133693
20, 4440, 17, 132446, 135131
20, 4450, 17, 131794, 132513
20, 4460, 17, 131794, 133015
20, 4470, 17, 131583, 136319
20, 4480, 17, 131564, 132696
20, 4490, 17, 131564, 132038
20, 4500, 17, 131202, 133344
20, 4510, 17, 131115, 131115
20, 4520, 17, 130601, 134216
20, 4530, 17, 130430, 133165
20, 4540, 17, 129991, 131072
20, 4550, 17, 129743, 131153
20, 4560, 17, 129743, 130735
20, 4570, 17, 129279, 133381
20, 4580, 17, 129279, 133837
20, 4590, 17, 128990, 128990
20, 4600, 17, 128990, 130592
20, 4610, 17, 128990, 131231
20, 4620, 17, 128990, 128990
20, 4630, 17, 128881, 131683
20, 4640, 17, 128565, 128756
20, 4650, 17, 127928, 129701
20, 4660, 17, 127928, 127928
20, 4670, 17, 127751, 129899
20, 4680, 17, 127751, 129040
20, 4690, 17, 127751, 129177
20, 4700, 17, 127481, 128653
20, 4710, 17, 127481, 129296
20, 4720, 17, 127481, 129593
20, 4730, 17, 127454, 130900
20, 4740, 17, 127081, 131886
20, 4750, 17, 127027, 127712
20, 4760, 17, 126988, 128261
20, 4770, 17, 126070, 129174
20, 4780, 17, 126070, 127078
20, 4790, 17, 125912, 129403
20, 4800, 17, 125764, 128379
20, 4810, 17, 125764, 128093
20, 4820, 17, 125757, 128349
20, 4830, 17, 125314, 130327
20, 4840, 17, 125314, 128230
20, 4850, 17, 125314, 127855
20, 4860, 17, 125273, 128144
20, 4870, 17, 124860, 124870
20, 4880, 17, 124801, 126968
20, 4890, 17, 124801, 126923
20, 4900, 17, 124801, 127442
20, 4910, 17, 124418, 124851
20, 4920, 17, 124418, 126967
20, 4930, 17, 124418, 127978
20, 4940, 17, 124418, 127155
20, 4950, 17, 124418, 127903
20, 4960, 17, 124418, 124418
20, 4970, 17, 124332, 125937
20, 4980, 17, 124332, 125985
20, 4990, 17, 124024, 125255
20, 5000, 17, 124024, 124576
20, 5010, 17, 124024, 124824
20, 5020, 17, 124024, 128564
20, 5030, 17, 123952, 128563
20, 5040, 17, 123811, 124447
20, 5050, 17, 123811, 125192
20, 5060, 17, 123534, 123912
20, 5070, 17, 123417, 127965
20, 5080, 17, 123325, 125749
20, 5090, 17, 123185, 126418
20, 5100, 17, 123185, 126445
20, 5110, 17, 122909, 127284
20, 5120, 17, 122909, 124633
20, 5130, 17, 122909, 122909
20, 5140, 17, 122909, 122909
20, 5150, 17, 122909, 124459
20, 5160, 17, 122469, 124698
20, 5170, 17, 122426, 122469
20, 5180, 17, 122426, 125165
20, 5190, 17, 122234, 124287
20, 5200, 17, 122234, 122234
20, 5210, 17, 121786, 124456
20, 5220, 17, 121786, 123977
20, 5230, 17, 121771, 122751
20, 5240, 17, 121767, 122918
20, 5250, 17, 121267, 121658
20, 5260, 17, 121000, 122423
20, 5270, 17, 120881, 121581
20, 5280, 17, 120881, 120881
20, 5290, 17, 120881, 122485
20, 5300, 17, 120881, 120881
20, 5310, 17, 120881, 123952
20, 5320, 17, 120436, 120881
20, 5330, 17, 120436, 125127
20, 5340, 17, 120436, 120436
20, 5350, 17, 120297, 120436
20, 5360, 17, 120297, 123124
20, 5370, 17, 120124, 121035
20, 5380, 17, 120124, 121187
20, 5390, 17, 119774, 120124
20, 5400, 17, 119774, 121080
20, 5410, 17, 119106, 120821
20, 5420, 17, 119106, 121766
20, 5430, 17, 118916, 120483
20, 5440, 17, 118775, 122514
20, 5450, 17, 118634, 121038
20, 5460, 17, 118634, 118634
20, 5470, 17, 118634, 121101
20, 5480, 17, 118634, 118634
20, 5490, 17, 118634, 118740
20, 5500, 17, 118634, 122121
20, 5510, 17, 118474, 121149
20, 5520, 17, 118474, 121954
20, 5530, 17, 118434, 121646
20, 5540, 17, 118434, 119648
20, 5550, 17, 118030, 121345
20, 5560, 17, 118030, 119623
20, 5570, 17, 118030, 119310
20, 5580, 17, 117920, 120568
20, 5590, 17, 117870, 117920
20, 5600, 17, 117870, 123487
20, 5610, 17, 117819, 121680
20, 5620, 17, 117544, 118937
20, 5630, 17, 117544, 120369
20, 5640, 17, 117491, 119651
20, 5650, 17, 117466, 117479
20, 5660, 17, 117466, 119234
20, 5670, 17, 117452, 120010
20, 5680, 17, 117452, 118655
20, 5690, 17, 117370, 119340
20, 5700, 17, 117370, 122451
20, 5710, 17, 117370, 119356
20, 5720, 17, 117370, 118336
20, 5730, 17, 117370, 120278
20, 5740, 17, 117370, 120864
20, 5750, 17, 117370, 118872
20, 5760, 17, 117128, 121252
20, 5770, 17, 117087, 117128
20, 5780, 17, 116972, 117087
20, 5790, 17, 116913, 116972
20, 5800, 17, 116913, 116913
20, 5810, 17, 116913, 120260
20, 5820, 17, 116913, 117541
20, 5830, 17, 116631, 117767
20, 5840, 17, 116631, 119227
20, 5850, 17, 116631, 119226
20, 5860, 17, 116631, 117742
20, 5870, 17, 116631, 116770
20, 5880, 17, 116610, 116652
20, 5890, 17, 116610, 118108
20, 5900, 17, 116610, 120361
20, 5910, 17, 116285, 120910
20, 5920, 17, 116285, 116285
20, 5930, 17, 116285, 117557
20, 5940, 17, 116052, 116052
20, 5950, 17, 116052, 118025
20, 5960, 17, 116052, 116052
20, 5970, 17, 116052, 116552
20, 5980, 17, 116052, 119214
20, 5990, 17, 116052, 117960
20, 6000, 17, 115849, 119098
20, 6010, 17, 115849, 117431
20, 6020, 17, 115849, 119472
20, 6030, 17, 115849, 116958
20, 6040, 17, 115849, 117234
20, 6050, 17, 115849, 119616
20, 6060, 17, 115849, 115849
20, 6070, 17, 115791, 119536
20, 6080, 17, 115791, 116639
20, 6090, 17, 115733, 116878
20, 6100, 17, 115733, 118089
20, 6110, 17, 115733, 115733
20, 6120, 17, 115733, 116989
20, 6130, 17, 115592, 117850
20, 6140, 17, 115592, 117501
20, 6150, 17, 115485, 117789
20, 6160, 17, 115485, 118334
20, 6170, 17, 115485, 118597
20, 6180, 17, 115485, 115485
20, 6190, 17, 115485, 115485
20, 6200, 17, 115412, 116977
20, 6210, 17, 115394, 115785
20, 6220, 17, 115394, 115394
20, 6230, 17, 115394, 116008
20, 6240, 17, 115327, 117247
20, 6250, 17, 115257, 115327
20, 6260, 17, 114937, 118396
20, 6270, 17, 114649, 114662
20, 6280, 17, 114649, 114651
20, 6290, 17, 114649, 115414
20, 6300, 17, 114649, 117409
20, 6310, 17, 114649, 116081
20, 6320, 17, 114540, 114540
20, 6330, 17, 114540, 115627
20, 6340, 17, 114449, 114449
20, 6350, 17, 114417, 115930
20, 6360, 17, 114132, 118460
20, 6370, 17, 114104, 114132
20, 6380, 17, 114104, 114104
20, 6390, 17, 114104, 114427
20, 6400, 17, 114104, 116956
20, 6410, 17, 114104, 116749
20, 6420, 17, 113750, 115569
20, 6430, 17, 113750, 114787
20, 6440, 17, 113717, 115349
20, 6450, 17, 113717, 115266
20, 6460, 17, 113601, 114973
20, 6470, 17, 113601, 116952
20, 6480, 17, 113584, 114423
20, 6490, 17, 113584, 113584
20, 6500, 17, 113228, 115080
20, 6510, 17, 112808, 113991
20, 6520, 17, 112638, 114432
20, 6530, 17, 112638, 115073
20, 6540, 17, 112480, 112638
20, 6550, 17, 112473, 113074
20, 6560, 17, 112473, 113629
20, 6570, 17, 112359, 113027
20, 6580, 17, 112199, 114169
20, 6590, 17, 112199, 112199
20, 6600, 17, 111801, 113413
20, 6610, 17, 111801, 113470
20, 6620, 17, 111801, 112542
20, 6630, 17, 111801, 111801
20, 6640, 17, 111801, 111801
20, 6650, 17, 111801, 111801
20, 6660, 17, 111801, 114640
20, 6670, 17, 111801, 112081
20, 6680, 17, 111790, 114349
20, 6690, 17, 111765, 112391
20, 6700, 17, 111765, 114860
20, 6710, 17, 111765, 116254
20, 6720, 17, 111765, 114527
20, 6730, 17, 111765, 111765
20, 6740, 17, 111751, 111751
20, 6750, 17, 111751, 114216
20, 6760, 17, 111639, 113195
20, 6770, 17, 111381, 111381
20, 6780, 17, 111381, 113308
20, 6790, 17, 111381, 112781
20, 6800, 17, 111380, 111381
20, 6810, 17, 111380, 114638
20, 6820, 17, 111380, 113587
20, 6830, 17, 111380, 111865
20, 6840, 17, 111380, 114338
20, 6850, 17, 111380, 111380
20, 6860, 17, 111380, 113180
20, 6870, 17, 111288, 113285
20, 6880, 17, 111288, 111288
20, 6890, 17, 111288, 113313
20, 6900, 17, 110964, 112365
20, 6910, 17, 110964, 113325
20, 6920, 17, 110897, 112565
20, 6930, 17, 110649, 110649
20, 6940, 17, 110505, 110649
20, 6950, 17, 110505, 110505
20, 6960, 17, 110505, 111492
20, 6970, 17, 110380, 112030
20, 6980, 17, 110311, 113626
20, 6990, 17, 110053, 110311
20, 7000, 17, 110053, 110053
20, 7010, 17, 109945, 113572
20, 7020, 17, 109781, 109945
20, 7030, 17, 109781, 112374
20, 7040, 17, 109781, 109781
20, 7050, 17, 109713, 110225
20, 7060, 17, 109713, 110953
20, 7070, 17, 109713, 110662
20, 7080, 17, 109663, 111095
20, 7090, 17, 109663, 110134
20, 7100, 17, 109663, 114005
20, 7110, 17, 109472, 109472
20, 7120, 17, 109293, 111173
20, 7130, 17, 109293, 114421
20, 7140, 17, 109293, 110814
20, 7150, 17, 109293, 110799
20, 7160, 17, 109164, 109293
20, 7170, 17, 108693, 111958
20, 7180, 17, 108693, 108693
20, 7190, 17, 108628, 110898
20, 7200, 17, 108628, 108628
20, 7210, 17, 108487, 110045
20, 7220, 17, 108403, 108487
20, 7230, 17, 108403, 111156
20, 7240, 17, 108220, 108644
20, 7250, 17, 108220, 108220
20, 7260, 17, 108220, 108220
20, 7270, 17, 108207, 108220
20, 7280, 17, 108121, 111707
20, 7290, 17, 108121, 108262
20, 7300, 17, 108121, 109636
20, 7310, 17, 108121, 110272
20, 7320, 17, 108068, 108121
20, 7330, 17, 108068, 109976
20, 7340, 17, 108068, 108068
20, 7350, 17, 108068, 108068
20, 7360, 17, 108068, 108068
20, 7370, 17, 108049, 110612
20, 7380, 17, 108049, 109866
20, 7390, 17, 107970, 108049
20, 7400, 17, 107970, 111054
20, 7410, 17, 107934, 110102
20, 7420, 17, 107934, 107934
20, 7430, 17, 107404, 108022
20, 7440, 17, 107404, 109604
20, 7450, 17, 107404, 107404
20, 7460, 17, 107354, 109141
20, 7470, 17, 107354, 108806
20, 7480, 17, 107190, 110792
20, 7490, 17, 107190, 108751
20, 7500, 17, 107190, 107190
20, 7510, 17, 107175, 109726
20, 7520, 17, 107175, 107175
20, 7530, 17, 107148, 107175
20, 7540, 17, 106948, 107148
20, 7550, 17, 106748, 110523
20, 7560, 17, 106744, 106748
20, 7570, 17, 106288, 106288
20, 7580, 17, 106288, 107427
20, 7590, 17, 106288, 106288
20, 7600, 17, 106288, 107973
20, 7610, 17, 106288, 107682
20, 7620, 17, 106069, 106288
20, 7630, 17, 106069, 109010
20, 7640, 17, 106069, 108728
20, 7650, 17, 106069, 106069
20, 7660, 17, 105927, 108103
20, 7670, 17, 105274, 107383
20, 7680, 17, 105273, 106273
20, 7690, 17, 105095, 105367
20, 7700, 17, 105095, 108690
20, 7710, 17, 104962, 106424
20, 7720, 17, 104962, 107110
20, 7730, 17, 104962, 106061
20, 7740, 17, 104962, 106901
20, 7750, 17, 104962, 107860
20, 7760, 17, 104962, 106126
20, 7770, 17, 104962, 105929
20, 7780, 17, 104962, 106459
20, 7790, 17, 104962, 104962
20, 7800, 17, 104962, 106717
20, 7810, 17, 104962, 104962
20, 7820, 17, 104962, 104962
20, 7830, 17, 104962, 105062
20, 7840, 17, 104962, 104962
20, 7850, 17, 104962, 106004
20, 7860, 17, 104962, 104962
20, 7870, 17, 104867, 104922
20, 7880, 17, 104867, 104867
20, 7890, 17, 104867, 107164
20, 7900, 17, 104723, 106518
20, 7910, 17, 104723, 110104
20, 7920, 17, 104723, 105868
20, 7930, 17, 104714, 107599
20, 7940, 17, 104630, 104714
20, 7950, 17, 104630, 104630
20, 7960, 17, 104630, 106409
20, 7970, 17, 104575, 104754
20, 7980, 17, 104575, 104575
20, 7990, 17, 104575, 107291
20, 8000, 17, 104575, 104859
20, 8010, 17, 104389, 104712
20, 8020, 17, 104255, 104389
20, 8030, 17, 104255, 104255
20, 8040, 17, 104229, 106477
20, 8050, 17, 104229, 104229
20, 8060, 17, 104229, 104229
20, 8070, 17, 104229, 106262
20, 8080, 17, 104229, 104229
20, 8090, 17, 104229, 104229
20, 8100, 17, 104041, 104041
20, 8110, 17, 103970, 105515
20, 8120, 17, 103795, 103970
20, 8130, 17, 103795, 103795
20, 8140, 17, 103795, 106265
20, 8150, 17, 103795, 106729
20, 8160, 17, 103795, 104042
20, 8170, 17, 103795, 103799
20, 8180, 17, 103668, 103668
20, 8190, 17, 103584, 106139
20, 8200, 17, 103443, 103443
20, 8210, 17, 103443, 103443
20, 8220, 17, 103443, 105638
20, 8230, 17, 103443, 103443
20, 8240, 17, 103383, 106222
20, 8250, 17, 103348, 105122
20, 8260, 17, 103348, 105137
20, 8270, 17, 103278, 103278
20, 8280, 17, 103278, 103595
20, 8290, 17, 103237, 103921
20, 8300, 17, 102890, 103021
20, 8310, 17, 102834, 102958
20, 8320, 17, 102834, 103103
20, 8330, 17, 102834, 104781
20, 8340, 17, 102752, 102834
20, 8350, 17, 102752, 103079
20, 8360, 17, 102752, 103543
20, 8370, 17, 102752, 104559
20, 8380, 17, 102752, 103640
20, 8390, 17, 102752, 102752
20, 8400, 17, 102752, 105144
20, 8410, 17, 102752, 106321
20, 8420, 17, 102752, 106730
20, 8430, 17, 102752, 105887
20, 8440, 17, 102752, 102752
20, 8450, 17, 102752, 104783
20, 8460, 17, 102591, 102883
20, 8470, 17, 102591, 102591
20, 8480, 17, 102411, 103583
20, 8490, 17, 102406, 104229
20, 8500, 17, 102406, 102576
20, 8510, 17, 102406, 106250
20, 8520, 17, 102373, 104362
20, 8530, 17, 102367, 103353
20, 8540, 17, 102367, 102367
20, 8550, 17, 102367, 102367
20, 8560, 17, 102114, 102114
20, 8570, 17, 102114, 102114
20, 8580, 17, 102114, 103394
20, 8590, 17, 101982, 101982
20, 8600, 17, 101982, 101982
20, 8610, 17, 101982, 102870
20, 8620, 17, 101982, 103553
20, 8630, 17, 101982, 103098
20, 8640, 17, 101982, 101982
20, 8650, 17, 101609, 103862
20, 8660, 17, 101609, 103981
20, 8670, 17, 101152, 101731
20, 8680, 17, 101152, 101152
20, 8690, 17, 101052, 101612
20, 8700, 17, 100640, 101052
20, 8710, 17, 100640, 100640
20, 8720, 17, 100640, 100640
20, 8730, 17, 100640, 101442
20, 8740, 17, 100596, 101741
20, 8750, 17, 100596, 102196
20, 8760, 17, 100596, 101315
20, 8770, 17, 100596, 102645
20, 8780, 17, 100542, 100542
20, 8790, 17, 100542, 101212
20, 8800, 17, 100542, 101407
20, 8810, 17, 100468, 100542
20, 8820, 17, 100468, 100468
20, 8830, 17, 100468, 103848
20, 8840, 17, 100468, 101844
20, 8850, 17, 100468, 100468
20, 8860, 17, 100200, 102167
20, 8870, 17, 100200, 102120
20, 8880, 17, 100200, 101810
20, 8890, 17, 100200, 100200
20, 8900, 17, 100200, 100200
20, 8910, 17, 100150, 103014
20, 8920, 17, 100041, 102749
20, 8930, 17, 100041, 101784
20, 8940, 17, 100041, 100041
20, 8950, 17, 100041, 100891
20, 8960, 17, 99925, 100041
20, 8970, 17, 99842, 102806
20, 8980, 17, 99760, 99842
20, 8990, 17, 99560, 99760
20, 9000, 17, 99367, 103901
20, 9010, 17, 99163, 99367
20, 9020, 17, 98984, 99100
20, 9030, 17, 98984, 98984
20, 9040, 17, 98984, 101743
20, 9050, 17, 98984, 98984
20, 9060, 17, 98984, 100397
20, 9070, 17, 98840, 98984
20, 9080, 17, 98840, 98840
20, 9090, 17, 98840, 100224
20, 9100, 17, 98665, 98713
20, 9110, 17, 98665, 101953
20, 9120, 17, 98665, 100266
20, 9130, 17, 98570, 102387
20, 9140, 17, 98570, 98570
20, 9150, 17, 98570, 101416
20, 9160, 17, 98570, 98570
20, 9170, 17, 98570, 98570
20, 9180, 17, 98570, 101753
20, 9190, 17, 98412, 100390
20, 9200, 17, 98412, 100746
20, 9210, 17, 98412, 102585
20, 9220, 17, 98374, 100492
20, 9230, 17, 98374, 98374
20, 9240, 17, 98374, 98374
20, 9250, 17, 98374, 98374
20, 9260, 17, 98174, 98374
20, 9270, 17, 98174, 98174
20, 9280, 17, 98174, 99571
20, 9290, 17, 98174, 99736
20, 9300, 17, 98174, 98174
20, 9310, 17, 98127, 101465
20, 9320, 17, 98127, 99821
20, 9330, 17, 98080, 100554
20, 9340, 17, 98080, 99626
20, 9350, 17, 97997, 100737
20, 9360, 17, 97989, 100140
20, 9370, 17, 97989, 98959
20, 9380, 17, 97902, 100167
20, 9390, 17, 97844, 99844
20, 9400, 17, 97844, 98680
20, 9410, 17, 97779, 99662
20, 9420, 17, 97779, 99801
20, 9430, 17, 97779, 99151
20, 9440, 17, 97779, 98217
20, 9450, 17, 97779, 100693
20, 9460, 17, 97635, 101159
20, 9470, 17, 97635, 98244
20, 9480, 17, 97635, 100332
20, 9490, 17, 97614, 97614
20, 9500, 17, 97432, 97614
20, 9510, 17, 97204, 98359
20, 9520, 17, 97204, 97204
20, 9530, 17, 97204, 102605
20, 9540, 17, 97204, 97891
20, 9550, 17, 97204, 98627
20, 9560, 17, 97204, 97204
20, 9570, 17, 97204, 97204
20, 9580, 17, 97204, 99919
20, 9590, 17, 97204, 97204
20, 9600, 17, 97101, 99515
20, 9610, 17, 97061, 97101
20, 9620, 17, 97061, 100307
20, 9630, 17, 97061, 97061
20, 9640, 17, 97061, 97061
20, 9650, 17, 97061, 97061
20, 9660, 17, 97061, 97061
20, 9670, 17, 97059, 97061
20, 9680, 17, 97059, 97059
20, 9690, 17, 97059, 99389
20, 9700, 17, 97059, 97059
20, 9710, 17, 96941, 97059
20, 9720, 17, 96906, 99972
20, 9730, 17, 96906, 96906
20, 9740, 17, 96906, 96906
20, 9750, 17, 96537, 98806
20, 9760, 17, 96537, 97396
20, 9770, 17, 96463, 97723
20, 9780, 17, 96463, 96463
20, 9790, 17, 96463, 96463
20, 9800, 17, 96463, 96463
20, 9810, 17, 96463, 97823
20, 9820, 17, 96463, 96463
20, 9830, 17, 96463, 96463
20, 9840, 17, 96463, 96463
20, 9850, 17, 96463, 97528
20, 9860, 17, 96463, 97756
20, 9870, 17, 96463, 98383
20, 9880, 17, 96463, 98586
20, 9890, 17, 96463, 96863
20, 9900, 17, 96463, 98469
20, 9910, 17, 96275, 96463
20, 9920, 17, 96275, 98759
20, 9930, 17, 96221, 96275
20, 9940, 17, 96221, 96579
20, 9950, 17, 96155, 96976
20, 9960, 17, 96155, 97841
20, 9970, 17, 96066, 96155
20, 9980, 17, 96066, 96066
20, 9990, 17, 96066, 96066
20, 10000, 17, 96066, 96066
20, 10010, 17, 96066, 96066
20, 10020, 17, 95895, 95895
20, 10030, 17, 95895, 98676
20, 10040, 17, 95895, 95895
20, 10050, 17, 95840, 95895
20, 10060, 17, 95840, 95840
20, 10070, 17, 95840, 95840
20, 10080, 17, 95840, 95840
20, 10090, 17, 95840, 95840
20, 10100, 17, 95812, 95812
20, 10110, 17, 95812, 96434
20, 10120, 17, 95812, 95812
20, 10130, 17, 95812, 95812
20, 10140, 17, 95812, 95812
20, 10150, 17, 95812, 96859
20, 10160, 17, 95812, 95812
20, 10170, 17, 95663, 95927
20, 10180, 17, 95663, 95663
20, 10190, 17, 95663, 100760
20, 10200, 17, 95663, 95663
20, 10210, 17, 95463, 95463
20, 10220, 17, 95463, 96854
20, 10230, 17, 95378, 95378
20, 10240, 17, 95378, 96884
20, 10250, 17, 95378, 98735
20, 10260, 17, 95378, 96389
20, 10270, 17, 95378, 95378
20, 10280, 17, 95281, 95281
20, 10290, 17, 95194, 95281
20, 10300, 17, 95128, 95194
20, 10310, 17, 95128, 95128
20, 10320, 17, 95128, 95128
20, 10330, 17, 95128, 95128
20, 10340, 17, 95128, 97826
20, 10350, 17, 95128, 95860
20, 10360, 17, 95128, 97809
20, 10370, 17, 95128, 98903
20, 10380, 17, 95128, 97529
20, 10390, 17, 95128, 96088
20, 10400, 17, 95128, 96393
20, 10410, 17, 95128, 95128
20, 10420, 17, 95128, 96328
20, 10430, 17, 95015, 95015
20, 10440, 17, 95015, 99387
20, 10450, 17, 94957, 95015
20, 10460, 17, 94957, 95274
20, 10470, 17, 94957, 94957
20, 10480, 17, 94957, 94957
20, 10490, 17, 94874, 95819
20, 10500, 17, 94874, 94874
20, 10510, 17, 94747, 94832
20, 10520, 17, 94488, 94488
20, 10530, 17, 94208, 94488
20, 10540, 17, 94208, 94208
20, 10550, 17, 94208, 94208
20, 10560, 17, 94208, 94208
20, 10570, 17, 94208, 94208
20, 10580, 17, 94208, 98481
20, 10590, 17, 94208, 97581
20, 10600, 17, 94208, 94208
20, 10610, 17, 94208, 95964
20, 10620, 17, 94149, 94149
20, 10630, 17, 94149, 94149
20, 10640, 17, 94067, 94717
20, 10650, 17, 94003, 97453
20, 10660, 17, 93907, 93956
20, 10670, 17, 93900, 93900
20, 10680, 17, 93900, 95449
20, 10690, 17, 93900, 93900
20, 10700, 17, 93825, 95040
20, 10710, 17, 93825, 93825
20, 10720, 17, 93735, 95656
20, 10730, 17, 93735, 93735
20, 10740, 17, 93735, 93766
20, 10750, 17, 93619, 93619
20, 10760, 17, 93206, 93619
20, 10770, 17, 93006, 94841
20, 10780, 17, 92900, 95217
20, 10790, 17, 92900, 92900
20, 10800, 17, 92887, 92887
20, 10810, 17, 92887, 94094
20, 10820, 17, 92871, 92887
20, 10830, 17, 92871, 92871
20, 10840, 17, 92871, 92871
20, 10850, 17, 92871, 92871
20, 10860, 17, 92871, 92871
20, 10870, 17, 92857, 92871
20, 10880, 17, 92857, 92857
20, 10890, 17, 92857, 92857
20, 10900, 17, 92482, 93198
20, 10910, 17, 92482, 92482
20, 10920, 17, 92482, 92482
20, 10930, 17, 92482, 92482
20, 10940, 17, 92482, 92482
20, 10950, 17, 92482, 92482
20, 10960, 17, 92417, 92417
20, 10970, 17, 92417, 92417
20, 10980, 17, 92417, 93868
20, 10990, 17, 92417, 93324
20, 11000, 17, 92417, 92617
20, 11010, 17, 92417, 92417
20, 11020, 17, 92309, 92869
20, 11030, 17, 92309, 94306
20, 11040, 17, 92309, 92309
20, 11050, 17, 92309, 92309
20, 11060, 17, 92194, 92194
20, 11070, 17, 92029, 92194
20, 11080, 17, 91775, 92029
20, 11090, 17, 91757, 91757
20, 11100, 17, 91757, 91757
20, 11110, 17, 91757, 91757
20, 11120, 17, 91757, 91757
20, 11130, 17, 91757, 91757
20, 11140, 17, 91757, 91757
20, 11150, 17, 91757, 91757
20, 11160, 17, 91750, 91750
20, 11170, 17, 91738, 93392
20, 11180, 17, 91738, 91738
20, 11190, 17, 91738, 91738
20, 11200, 17, 91738, 91738
20, 11210, 17, 91738, 91738
20, 11220, 17, 91738, 91862
20, 11230, 17, 91738, 91738
20, 11240, 17, 91738, 91738
20, 11250, 17, 91738, 91738
20, 11260, 17, 91637, 92313
20, 11270, 17, 91637, 96111
20, 11280, 17, 91637, 91637
20, 11290, 17, 91637, 94286
20, 11300, 17, 91426, 95298
20, 11310, 17, 91426, 94000
20, 11320, 17, 91426, 91426
20, 11330, 17, 91426, 91426
20, 11340, 17, 91426, 91426
20, 11350, 17, 91426, 91426
20, 11360, 17, 91426, 91910
20, 11370, 17, 91426, 97069
20, 11380, 17, 91426, 91426
20, 11390, 17, 91426, 91426
20, 11400, 17, 91426, 91426
20, 11410, 17, 91426, 91426
20, 11420, 17, 91426, 91426
20, 11430, 17, 91426, 93314
20, 11440, 17, 91426, 91426
20, 11450, 17, 91383, 91383
20, 11460, 17, 91383, 91383
20, 11470, 17, 91283, 91383
20, 11480, 17, 91283, 93268
20, 11490, 17, 91283, 91283
20, 11500, 17, 91283, 91283
20, 11510, 17, 91283, 91283
20, 11520, 17, 91283, 91283
20, 11530, 17, 91283, 93068
20, 11540, 17, 91283, 91283
20, 11550, 17, 91283, 93928
20, 11560, 17, 91283, 91283
20, 11570, 17, 91283, 93569
20, 11580, 17, 91283, 91283
20, 11590, 17, 91235, 91235
20, 11600, 17, 91235, 91235
20, 11610, 17, 90931, 90931
20, 11620, 17, 90931, 91186
20, 11630, 17, 90931, 92844
20, 11640, 17, 90915, 92625
20, 11650, 17, 90915, 90915
20, 11660, 17, 90915, 90915
20, 11670, 17, 90823, 92231
20, 11680, 17, 90788, 90823
20, 11690, 17, 90580, 90580
20, 11700, 17, 90580, 90580
20, 11710, 17, 90580, 90580
20, 11720, 17, 90577, 90577
20, 11730, 17, 90577, 92392
20, 11740, 17, 90577, 91677
20, 11750, 17, 90577, 90577
20, 11760, 17, 90577, 90577
20, 11770, 17, 90577, 90577
20, 11780, 17, 90577, 90577
20, 11790, 17, 90577, 90577
20, 11800, 17, 90577, 93911
20, 11810, 17, 90571, 90577
20, 11820, 17, 90397, 92249
20, 11830, 17, 90397, 90397
20, 11840, 17, 90397, 90397
20, 11850, 17, 90397, 90397
20, 11860, 17, 90397, 90397
20, 11870, 17, 90397, 90397
20, 11880, 17, 90397, 90397
20, 11890, 17, 90397, 90397
20, 11900, 17, 90397, 90397
20, 11910, 17, 90397, 90397
20, 11920, 17, 90397, 90397
20, 11930, 17, 90397, 93200
20, 11940, 17, 90397, 90397
20, 11950, 17, 90397, 90397
20, 11960, 17, 90397, 92336
20, 11970, 17, 90397, 92731
20, 11980, 17, 90397, 90397
20, 11990, 17, 90397, 90397
20, 12000, 17, 90397, 91018
20, 12010, 17, 90397, 90397
20, 12020, 17, 90397, 90397
20, 12030, 17, 90397, 90397
20, 12040, 17, 90397, 91390
20, 12050, 17, 90397, 90397
20, 12060, 17, 90397, 92349
20, 12070, 17, 90397, 90397
20, 12080, 17, 90146, 90146
20, 12090, 17, 90086, 90120
20, 12100, 17, 90027, 90086
20, 12110, 17, 90027, 90027
20, 12120, 17, 90027, 90027
20, 12130, 17, 90027, 90027
20, 12140, 17, 89961, 89962
20, 12150, 17, 89961, 92322
20, 12160, 17, 89961, 91917
20, 12170, 17, 89952, 89952
20, 12180, 17, 89952, 89952
20, 12190, 17, 89952, 89952
20, 12200, 17, 89952, 89952
20, 12210, 17, 89952, 89952
20, 12220, 17, 89952, 89952
20, 12230, 17, 89952, 89952
20, 12240, 17, 89952, 89952
20, 12250, 17, 89952, 93789
20, 12260, 17, 89952, 92175
20, 12270, 17, 89952, 89952
20, 12280, 17, 89952, 89952
20, 12290, 17, 89800, 89952
20, 12300, 17, 89800, 89800
20, 12310, 17, 89800, 89800
20, 12320, 17, 89800, 89800
20, 12330, 17, 89800, 89800
20, 12340, 17, 89800, 89800
20, 12350, 17, 89698, 89800
20, 12360, 17, 89698, 89698
20, 12370, 17, 89698, 91365
20, 12380, 17, 89698, 89698
20, 12390, 17, 89698, 89698
20, 12400, 17, 89698, 89698
20, 12410, 17, 89698, 89698
20, 12420, 17, 89698, 89698
20, 12430, 17, 89698, 89698
20, 12440, 17, 89698, 89698
20, 12450, 17, 89698, 92812
20, 12460, 17, 89593, 89593
20, 12470, 17, 89593, 89593
20, 12480, 17, 89593, 89593
20, 12490, 17, 89593, 89593
20, 12500, 17, 89593, 90962
20, 12510, 17, 89593, 92290
20, 12520, 17, 89593, 89593
20, 12530, 17, 89593, 89593
20, 12540, 17, 89393, 91196
20, 12550, 17, 89393, 89393
20, 12560, 17, 89393, 92609
20, 12570, 17, 89393, 89393
20, 12580, 17, 89393, 89393
20, 12590, 17, 89393, 89393
20, 12600, 17, 89393, 89393
20, 12610, 17, 89393, 89393
20, 12620, 17, 89393, 89393
20, 12630, 17, 89393, 89393
20, 12640, 17, 89393, 89393
20, 12650, 17, 89393, 89393
20, 12660, 17, 89393, 89393
20, 12670, 17, 89393, 90155
20, 12680, 17, 89393, 89393
20, 12690, 17, 89393, 89393
20, 12700, 17, 89393, 93463
20, 12710, 17, 89393, 89393
20, 12720, 17, 89393, 89393
20, 12730, 17, 89393, 89393
20, 12740, 17, 89393, 90326
20, 12750, 17, 89355, 89393
20, 12760, 17, 89355, 89355
20, 12770, 17, 89355, 89355
20, 12780, 17, 89339, 90382
20, 12790, 17, 89339, 89339
20, 12800, 17, 89255, 89339
20, 12810, 17, 89255, 89255
20, 12820, 17, 89255, 89255
20, 12830, 17, 89255, 89255
20, 12840, 17, 88949, 89068
20, 12850, 17, 88949, 88949
20, 12860, 17, 88949, 88949
20, 12870, 17, 88949, 88949
20, 12880, 17, 88949, 88949
20, 12890, 17, 88949, 89388
20, 12900, 17, 88949, 88949
20, 12910, 17, 88949, 89096
20, 12920, 17, 88949, 88949
20, 12930, 17, 88949, 88949
20, 12940, 17, 88949, 89923
20, 12950, 17, 88949, 88949
20, 12960, 17, 88949, 88949
20, 12970, 17, 88949, 91769
20, 12980, 17, 88891, 88891
20, 12990, 17, 88891, 88891
20, 13000, 17, 88891, 88891
20, 13010, 17, 88891, 88891
20, 13020, 17, 88891, 91970
20, 13030, 17, 88891, 88891
20, 13040, 17, 88891, 88891
20, 13050, 17, 88891, 88891
20, 13060, 17, 88891, 89421
20, 13070, 17, 88891, 88891
20, 13080, 17, 88826, 88891
20, 13090, 17, 88826, 91549
20, 13100, 17, 88686, 89330
20, 13110, 17, 88686, 88686
20, 13120, 17, 88686, 89438
20, 13130, 17, 88686, 88686
20, 13140, 17, 88686, 88686
20, 13150, 17, 88595, 88595
20, 13160, 17, 88595, 88595
20, 13170, 17, 88595, 88595
20, 13180, 17, 88335, 88552
20, 13190, 17, 88335, 89259
20, 13200, 17, 88335, 88335
20, 13210, 17, 88335, 92756
20, 13220, 17, 88335, 88335
20, 13230, 17, 88335, 88335
20, 13240, 17, 88202, 88908
20, 13250, 17, 88122, 88202
20, 13260, 17, 88122, 88122
20, 13270, 17, 88122, 88122
20, 13280, 17, 88122, 88122
20, 13290, 17, 88122, 88122
20, 13300, 17, 88122, 88122
20, 13310, 17, 88122, 88122
20, 13320, 17, 88122, 88442
20, 13330, 17, 88122, 88122
20, 13340, 17, 88122, 88122
20, 13350, 17, 88122, 88122
20, 13360, 17, 88122, 88122
20, 13370, 17, 88042, 89508
20, 13380, 17, 87918, 87982
20, 13390, 17, 87885, 87918
20, 13400, 17, 87885, 87885
20, 13410, 17, 87885, 87885
20, 13420, 17, 87885, 87885
20, 13430, 17, 87885, 87885
20, 13440, 17, 87885, 87885
20, 13450, 17, 87885, 87885
20, 13460, 17, 87885, 87885
20, 13470, 17, 87885, 87885
20, 13480, 17, 87720, 87720
20, 13490, 17, 87720, 87720
20, 13500, 17, 87720, 87720
20, 13510, 17, 87720, 87720
20, 13520, 17, 87720, 87720
20, 13530, 17, 87720, 87720
20, 13540, 17, 87720, 88732
20, 13550, 17, 87720, 87720
20, 13560, 17, 87716, 87720
20, 13570, 17, 87716, 87716
20, 13580, 17, 87523, 87523
20, 13590, 17, 87523, 87523
20, 13600, 17, 87523, 87523
20, 13610, 17, 87523, 87523
20, 13620, 17, 87523, 88880
20, 13630, 17, 87523, 87523
20, 13640, 17, 87523, 87523
20, 13650, 17, 87523, 87523
20, 13660, 17, 87523, 87523
20, 13670, 17, 87523, 87523
20, 13680, 17, 87523, 87523
20, 13690, 17, 87341, 87341
20, 13700, 17, 87341, 87341
20, 13710, 17, 87341, 87341
20, 13720, 17, 87341, 90203
20, 13730, 17, 87341, 87341
20, 13740, 17, 87341, 87341
20, 13750, 17, 87208, 87208
20, 13760, 17, 87208, 87208
20, 13770, 17, 86691, 87459
20, 13780, 17, 86691, 86691
20, 13790, 17, 86691, 86691
20, 13800, 17, 86691, 86691
20, 13810, 17, 86691, 86691
20, 13820, 17, 86691, 86691
20, 13830, 17, 86691, 86691
20, 13840, 17, 86678, 86691
20, 13850, 17, 86655, 86655
20, 13860, 17, 86655, 86655
20, 13870, 17, 86655, 86655
20, 13880, 17, 86633, 86655
20, 13890, 17, 86608, 86633
20, 13900, 17, 86608, 88411
20, 13910, 17, 86608, 86608
20, 13920, 17, 86571, 86608
20, 13930, 17, 86571, 87165
20, 13940, 17, 86571, 86571
20, 13950, 17, 86571, 86571
20, 13960, 17, 86571, 86571
20, 13970, 17, 86571, 86571
20, 13980, 17, 86571, 86571
20, 13990, 17, 86571, 86571
20, 14000, 17, 86571, 86571
20, 14010, 17, 86571, 86571
20, 14020, 17, 86571, 86571
20, 14030, 17, 86571, 86571
20, 14040, 17, 86571, 86571
20, 14050, 17, 86466, 86571
20, 14060, 17, 86466, 86466
20, 14070, 17, 86453, 86466
20, 14080, 17, 86453, 86453
20, 14090, 17, 86453, 86453
20, 14100, 17, 86453, 86727
20, 14110, 17, 86453, 86453
20, 14120, 17, 86452, 86453
20, 14130, 17, 86452, 86452
20, 14140, 17, 86452, 86452
20, 14150, 17, 86452, 86452
20, 14160, 17, 86452, 86452
20, 14170, 17, 86452, 86452
20, 14180, 17, 86452, 86452
20, 14190, 17, 86277, 86452
20, 14200, 17, 86277, 86277
20, 14210, 17, 86195, 86195
20, 14220, 17, 86195, 86195
20, 14230, 17, 86195, 86195
20, 14240, 17, 86195, 86195
20, 14250, 17, 86195, 86195
20, 14260, 17, 86195, 89388
20, 14270, 17, 85827, 85827
20, 14280, 17, 85827, 85827
20, 14290, 17, 85827, 85827
20, 14300, 17, 85827, 86302
20, 14310, 17, 85827, 85827
20, 14320, 17, 85827, 85827
20, 14330, 17, 85827, 85827
20, 14340, 17, 85786, 85827
20, 14350, 17, 85786, 85786
20, 14360, 17, 85786, 85786
20, 14370, 17, 85786, 85786
20, 14380, 17, 85786, 87017
20, 14390, 17, 85786, 85786
20, 14400, 17, 85786, 85786
20, 14410, 17, 85786, 85786
20, 14420, 17, 85786, 85786
20, 14430, 17, 85786, 85786
20, 14440, 17, 85723, 85723
20, 14450, 17, 85723, 85723
20, 14460, 17, 85723, 85723
20, 14470, 17, 85723, 88550
20, 14480, 17, 85723, 85922
20, 14490, 17, 85723, 85723
20, 14500, 17, 85723, 85723
20, 14510, 17, 85723, 85723
20, 14520, 17, 85723, 85723
20, 14530, 17, 85723, 85723
20, 14540, 17, 85523, 85523
20, 14550, 17, 85467, 85523
20, 14560, 17, 85467, 85467
20, 14570, 17, 85467, 85467
20, 14580, 17, 85352, 85467
20, 14590, 17, 85352, 85352
20, 14600, 17, 85352, 85352
20, 14610, 17, 85352, 85352
20, 14620, 17, 85352, 85352
20, 14630, 17, 85352, 85352
20, 14640, 17, 85352, 85352
20, 14650, 17, 85352, 85352
20, 14660, 17, 85352, 85352
20, 14670, 17, 85352, 85352
20, 14680, 17, 85352, 85352
20, 14690, 17, 85352, 85352
20, 14700, 17, 85352, 85352
20, 14710, 17, 85228, 85352
20, 14720, 17, 85228, 85228
20, 14730, 17, 85228, 85228
20, 14740, 17, 85228, 85228
20, 14750, 17, 85228, 85228
20, 14760, 17, 85228, 87027
20, 14770, 17, 85228, 85228
20, 14780, 17, 85228, 85228
20, 14790, 17, 85228, 85228
20, 14800, 17, 85228, 85228
20, 14810, 17, 85228, 85228
20, 14820, 17, 85228, 85228
20, 14830, 17, 85228, 85228
20, 14840, 17, 85228, 85228
20, 14850, 17, 85228, 85228
20, 14860, 17, 85228, 85228
20, 14870, 17, 85228, 85228
20, 14880, 17, 85228, 85228
20, 14890, 17, 85228, 85228
20, 14900, 17, 85196, 85196
20, 14910, 17, 85196, 85196
20, 14920, 17, 85196, 85196
20, 14930, 17, 85138, 85138
20, 14940, 17, 85138, 85138
20, 14950, 17, 85138, 85138
20, 14960, 17, 85138, 85138
20, 14970, 17, 85138, 85138
20, 14980, 17, 85138, 85138
20, 14990, 17, 85055, 85055
20, 15000, 17, 85055, 85055
20, 15010, 17, 85055, 85055
20, 15020, 17, 85055, 85055
20, 15030, 17, 85055, 85055
20, 15040, 17, 85055, 85055
20, 15050, 17, 84865, 88028
20, 15060, 17, 84694, 87131
20, 15070, 17, 84694, 84694
20, 15080, 17, 84694, 84694
20, 15090, 17, 84694, 84694
20, 15100, 17, 84668, 84694
20, 15110, 17, 84578, 84578
20, 15120, 17, 84578, 84578
20, 15130, 17, 84578, 84578
20, 15140, 17, 84578, 84578
20, 15150, 17, 84578, 84578
20, 15160, 17, 84578, 87663
20, 15170, 17, 84578, 84578
20, 15180, 17, 84439, 84578
20, 15190, 17, 84418, 84543
20, 15200, 17, 84342, 84342
20, 15210, 17, 84342, 84342
20, 15220, 17, 84342, 84342
20, 15230, 17, 84342, 84342
20, 15240, 17, 84342, 85097
20, 15250, 17, 84316, 84342
20, 15260, 17, 84316, 84316
20, 15270, 17, 84242, 84242
20, 15280, 17, 84242, 84242
20, 15290, 17, 84242, 84242
20, 15300, 17, 84242, 84242
20, 15310, 17, 84242, 84242
20, 15320, 17, 84242, 84242
20, 15330, 17, 84242, 84242
20, 15340, 17, 84242, 84242
20, 15350, 17, 84242, 84242
20, 15360, 17, 84242, 84242
20, 15370, 17, 84242, 84242
20, 15380, 17, 84242, 87336
20, 15390, 17, 84242, 84242
20, 15400, 17, 84187, 84242
20, 15410, 17, 84054, 84187
20, 15420, 17, 84054, 84054
20, 15430, 17, 84054, 85778
20, 15440, 17, 83997, 84054
20, 15450, 17, 83997, 83997
20, 15460, 17, 83997, 83997
20, 15470, 17, 83997, 83997
20, 15480, 17, 83905, 83905
20, 15490, 17, 83821, 83821
20, 15500, 17, 83821, 83821
20, 15510, 17, 83821, 83821
20, 15520, 17, 83821, 83821
20, 15530, 17, 83821, 83821
20, 15540, 17, 83821, 83821
20, 15550, 17, 83428, 83638
20, 15560, 17, 83312, 83787
20, 15570, 17, 83312, 83312
20, 15580, 17, 83312, 83312
20, 15590, 17, 83312, 83312
20, 15600, 17, 83312, 83312
20, 15610, 17, 83312, 83312
20, 15620, 17, 83312, 83312
20, 15630, 17, 83312, 83312
20, 15640, 17, 83312, 83312
20, 15650, 17, 83312, 83312
20, 15660, 17, 83312, 83312
20, 15670, 17, 83312, 83312
20, 15680, 17, 83312, 83312
20, 15690, 17, 83312, 83312
20, 15700, 17, 83312, 83312
20, 15710, 17, 83312, 84666
20, 15720, 17, 83312, 83312
20, 15730, 17, 83312, 83312
20, 15740, 17, 83312, 83312
20, 15750, 17, 83312, 83312
20, 15760, 17, 83312, 83312
20, 15770, 17, 83312, 83312
20, 15780, 17, 83184, 83312
20, 15790, 17, 83184, 83184
20, 15800, 17, 83184, 83184
20, 15810, 17, 83184, 83184
20, 15820, 17, 83184, 83184
20, 15830, 17, 83061, 83061
20, 15840, 17, 83061, 83061
20, 15850, 17, 83061, 83061
20, 15860, 17, 83061, 83061
20, 15870, 17, 83009, 83009
20, 15880, 17, 83009, 83009
20, 15890, 17, 83009, 83009
20, 15900, 17, 83009, 83009
20, 15910, 17, 83009, 83009
20, 15920, 17, 83009, 83009
20, 15930, 17, 83009, 83009
20, 15940, 17, 83009, 83009
20, 15950, 17, 83009, 83009
20, 15960, 17, 83009, 83009
20, 15970, 17, 83009, 83009
20, 15980, 17, 83009, 83009
20, 15990, 17, 83009, 83009
20, 16000, 17, 83009, 83009
20, 16010, 17, 83009, 83009
20, 16020, 17, 82977, 82977
20, 16030, 17, 82977, 82977
20, 16040, 17, 82923, 82977
20, 16050, 17, 82923, 82923
20, 16060, 17, 82923, 82923
20, 16070, 17, 82923, 82923
20, 16080, 17, 82923, 82923
20, 16090, 17, 82923, 82923
20, 16100, 17, 82923, 82923
20, 16110, 17, 82923, 82923
20, 16120, 17, 82923, 82923
20, 16130, 17, 82764, 82764
20, 16140, 17, 82764, 82764
20, 16150, 17, 82764, 82764
20, 16160, 17, 82764, 82764
20, 16170, 17, 82764, 82764
20, 16180, 17, 82764, 82764
20, 16190, 17, 82764, 82764
20, 16200, 17, 82764, 82764
20, 16210, 17, 82764, 82764
20, 16220, 17, 82764, 82764
20, 16230, 17, 82764, 82764
20, 16240, 17, 82764, 82764
20, 16250, 17, 82764, 82764
20, 16260, 17, 82764, 82764
20, 16270, 17, 82764, 82764
20, 16280, 17, 82764, 82764
20, 16290, 17, 82190, 82190
20, 16300, 17, 82190, 82190
20, 16310, 17, 82190, 82190
20, 16320, 17, 82190, 82190
20, 16330, 17, 81874, 82190
20, 16340, 17, 81874, 81874
20, 16350, 17, 81874, 81874
20, 16360, 17, 81874, 81874
20, 16370, 17, 81874, 81874
20, 16380, 17, 81874, 81874
20, 16390, 17, 81874, 81874
20, 16400, 17, 81874, 81874
20, 16410, 17, 81874, 81874
20, 16420, 17, 81874, 81874
20, 16430, 17, 81874, 81874
20, 16440, 17, 81815, 81874
20, 16450, 17, 81815, 81815
20, 16460, 17, 81815, 81815
20, 16470, 17, 81815, 81815
20, 16480, 17, 81815, 81815
20, 16490, 17, 81815, 81815
20, 16500, 17, 81815, 81815
20, 16510, 17, 81815, 81815
20, 16520, 17, 81815, 81815
20, 16530, 17, 81815, 81815
20, 16540, 17, 81790, 81790
20, 16550, 17, 81790, 81790
20, 16560, 17, 81790, 81790
20, 16570, 17, 81790, 81790
20, 16580, 17, 81790, 81790
20, 16590, 17, 81790, 81790
20, 16600, 17, 81790, 81790
20, 16610, 17, 81790, 81790
20, 16620, 17, 81790, 81790
20, 16630, 17, 81790, 81790
20, 16640, 17, 81790, 81790
20, 16650, 17, 81790, 81790
20, 16660, 17, 81790, 81790
20, 16670, 17, 81790, 81790
20, 16680, 17, 81790, 81790
20, 16690, 17, 81790, 81790
20, 16700, 17, 81790, 81790
20, 16710, 17, 81790, 81790
20, 16720, 17, 81790, 81790
20, 16730, 17, 81790, 81790
20, 16740, 17, 81790, 81790
20, 16750, 17, 81762, 81790
20, 16760, 17, 81762, 81762
20, 16770, 17, 81762, 81762
20, 16780, 17, 81762, 81762
20, 16790, 17, 81762, 81762
20, 16800, 17, 81701, 81762
20, 16810, 17, 81701, 81701
20, 16820, 17, 81701, 81701
20, 16830, 17, 81701, 81701
20, 16840, 17, 81627, 81627
20, 16850, 17, 81627, 81627
20, 16860, 17, 81627, 81627
20, 16870, 17, 81627, 81627
20, 16880, 17, 81627, 81627
20, 16890, 17, 81627, 83817
20, 16900, 17, 81627, 81627
20, 16910, 17, 81627, 81627
20, 16920, 17, 81627, 81627
20, 16930, 17, 81627, 81627
20, 16940, 17, 81627, 81627
20, 16950, 17, 81627, 81627
20, 16960, 17, 81627, 81627
20, 16970, 17, 81627, 81627
20, 16980, 17, 81627, 81627
20, 16990, 17, 81627, 81627
20, 17000, 17, 81541, 81541
20, 17010, 17, 81497, 81497
20, 17020, 17, 81497, 81497
20, 17030, 17, 81497, 81497
20, 17040, 17, 81497, 81497
20, 17050, 17, 81497, 81497
20, 17060, 17, 81497, 81497
20, 17070, 17, 81497, 81497
20, 17080, 17, 81497, 81497
20, 17090, 17, 81483, 81483
20, 17100, 17, 81483, 81483
20, 17110, 17, 81483, 81483
20, 17120, 17, 81483, 81483
20, 17130, 17, 81483, 81483
20, 17140, 17, 81483, 81483
20, 17150, 17, 81483, 81483
20, 17160, 17, 81483, 81483
20, 17170, 17, 81483, 81483
20, 17180, 17, 81483, 81483
20, 17190, 17, 81483, 81483
20, 17200, 17, 81483, 81483
20, 17210, 17, 81483, 81483
20, 17220, 17, 81483, 81483
20, 17230, 17, 81483, 81483
20, 17240, 17, 81483, 81483
20, 17250, 17, 81483, 81483
20, 17260, 17, 81483, 81483
20, 17270, 17, 81483, 81483
20, 17280, 17, 81369, 81483
20, 17290, 17, 80992, 81369
20, 17300, 17, 80992, 80992
20, 17310, 17, 80992, 80992
20, 17320, 17, 80992, 80992
20, 17330, 17, 80992, 80992
20, 17340, 17, 80992, 80992
20, 17350, 17, 80992, 80992
20, 17360, 17, 80992, 80992
20, 17370, 17, 80992, 80992
20, 17380, 17, 80981, 80992
20, 17390, 17, 80981, 80981
20, 17400, 17, 80981, 80981
20, 17410, 17, 80981, 80981
20, 17420, 17, 80981, 80981
20, 17430, 17, 80981, 80981
20, 17440, 17, 80981, 80981
20, 17450, 17, 80981, 80981
20, 17460, 17, 80981, 80981
20, 17470, 17, 80981, 80981
20, 17480, 17, 80981, 80981
20, 17490, 17, 80981, 80981
20, 17500, 17, 80981, 80981
20, 17510, 17, 80981, 80981
20, 17520, 17, 80981, 80981
20, 17530, 17, 80981, 80981
20, 17540, 17, 80981, 80981
20, 17550, 17, 80981, 80981
20, 17560, 17, 80981, 80981
20, 17570, 17, 80981, 80981
20, 17580, 17, 80981, 80981
20, 17590, 17, 80981, 80981
20, 17600, 17, 80981, 80981
20, 17610, 17, 80981, 80981
20, 17620, 17, 80923, 80923
20, 17630, 17, 80763, 80763
20, 17640, 17, 80763, 80763
20, 17650, 17, 80763, 80763
20, 17660, 17, 80763, 80763
20, 17670, 17, 80763, 81673
20, 17680, 17, 80763, 80763
20, 17690, 17, 80763, 80763
20, 17700, 17, 80763, 80763
20, 17710, 17, 80763, 80763
20, 17720, 17, 80763, 80763
20, 17730, 17, 80763, 80763
20, 17740, 17, 80763, 84066
20, 17750, 17, 80763, 80763
20, 17760, 17, 80763, 80763
20, 17770, 17, 80763, 80763
20, 17780, 17, 80763, 80763
20, 17790, 17, 80647, 80647
20, 17800, 17, 80647, 80647
20, 17810, 17, 80647, 80647
20, 17820, 17, 80437, 80647
20, 17830, 17, 80437, 80437
20, 17840, 17, 80437, 80437
20, 17850, 17, 80437, 80437
20, 17860, 17, 80307, 80437
20, 17870, 17, 80307, 80307
20, 17880, 17, 80307, 80307
20, 17890, 17, 80307, 80307
20, 17900, 17, 80307, 80307
20, 17910, 17, 80307, 80307
20, 17920, 17, 80214, 80307
20, 17930, 17, 80214, 80214
20, 17940, 17, 80214, 80214
20, 17950, 17, 80214, 80214
20, 17960, 17, 80214, 80214
20, 17970, 17, 80214, 80214
20, 17980, 17, 80214, 80214
20, 17990, 17, 80214, 80214
20, 18000, 17, 80214, 80214
20, 18010, 17, 80214, 80214
20, 18020, 17, 80214, 80214
20, 18030, 17, 80214, 80214
20, 18040, 17, 80214, 80214
20, 18050, 17, 80214, 80214
20, 18060, 17, 80214, 80214
20, 18070, 17, 80214, 80214
20, 18080, 17, 80214, 80214
20, 18090, 17, 80214, 80214
20, 18100, 17, 80214, 80214
20, 18110, 17, 80214, 80214
20, 18120, 17, 80214, 80214
20, 18130, 17, 80148, 80214
20, 18140, 17, 80148, 80148
20, 18150, 17, 80148, 80148
20, 18160, 17, 80148, 80148
20, 18170, 17, 80148, 80148
20, 18180, 17, 80148, 80148
20, 18190, 17, 80148, 80148
20, 18200, 17, 80103, 80148
20, 18210, 17, 80103, 80103
20, 18220, 17, 80103, 80103
20, 18230, 17, 80103, 81493
20, 18240, 17, 80103, 80103
20, 18250, 17, 80103, 80103
20, 18260, 17, 80103, 80103
20, 18270, 17, 80103, 80103
20, 18280, 17, 80103, 80103
20, 18290, 17, 80103, 80103
20, 18300, 17, 80103, 80103
20, 18310, 17, 80103, 82002
20, 18320, 17, 80103, 80103
20, 18330, 17, 80103, 80103
20, 18340, 17, 80103, 80103
20, 18350, 17, 80103, 80103
20, 18360, 17, 80103, 80103
20, 18370, 17, 80103, 80103
20, 18380, 17, 80103, 80103
20, 18390, 17, 80103, 80103
20, 18400, 17, 80103, 80103
20, 18410, 17, 80103, 80103
20, 18420, 17, 80103, 80103
20, 18430, 17, 80103, 80103
20, 18440, 17, 80103, 80103
20, 18450, 17, 80103, 80103
20, 18460, 17, 80103, 80103
20, 18470, 17, 80103, 80103
20, 18480, 17, 80085, 80103
20, 18490, 17, 80085, 80085
20, 18500, 17, 80085, 80085
20, 18510, 17, 80085, 80085
20, 18520, 17, 80085, 80085
20, 18530, 17, 80085, 80085
20, 18540, 17, 80085, 80085
20, 18550, 17, 80085, 80085
20, 18560, 17, 80085, 80085
20, 18570, 17, 80085, 80085
20, 18580, 17, 80085, 80085
20, 18590, 17, 80085, 80085
20, 18600, 17, 80085, 80085
20, 18610, 17, 80085, 80085
20, 18620, 17, 80085, 80085
20, 18630, 17, 80085, 80085
20, 18640, 17, 80085, 80085
20, 18650, 17, 80085, 80085
20, 18660, 17, 80085, 80085
20, 18670, 17, 80085, 80085
20, 18680, 17, 80085, 80085
20, 18690, 17, 80085, 80085
20, 18700, 17, 80085, 80085
20, 18710, 17, 80085, 80085
20, 18720, 17, 80085, 80085
20, 18730, 17, 80085, 80085
20, 18740, 17, 80085, 80085
20, 18750, 17, 80085, 80085
20, 18760, 17, 80085, 80085
20, 18770, 17, 80085, 80085
20, 18780, 17, 80085, 80085
20, 18790, 17, 80085, 80085
20, 18800, 17, 80085, 80085
20, 18810, 17, 80085, 80085
20, 18820, 17, 80085, 80085
20, 18830, 17, 80085, 80085
20, 18840, 17, 80085, 80085
20, 18850, 17, 80085, 80085
20, 18860, 17, 80085, 80085
20, 18870, 17, 80085, 80085
20, 18880, 17, 80085, 80085
20, 18890, 17, 80085, 80085
20, 18900, 17, 80085, 80085
20, 18910, 17, 80085, 80085
20, 18920, 17, 80085, 80085
20, 18930, 17, 80085, 80085
20, 18940, 17, 80085, 80085
20, 18950, 17, 80085, 80085
20, 18960, 17, 80085, 80085
20, 18970, 17, 80085, 80085
20, 18980, 17, 80085, 80085
20, 18990, 17, 80085, 80085
20, 19000, 17, 80085, 80085
20, 19010, 17, 80085, 80085
20, 19020, 17, 80085, 80085
20, 19030, 17, 80085, 80085
20, 19040, 17, 80049, 80049
20, 19050, 17, 80049, 80049
20, 19060, 17, 80049, 80049
20, 19070, 17, 80049, 81424
20, 19080, 17, 80049, 80049
20, 19090, 17, 80049, 80049
20, 19100, 17, 80049, 80049
20, 19110, 17, 80049, 80049
20, 19120, 17, 80049, 80049
20, 19130, 17, 80049, 80049
20, 19140, 17, 80049, 80049
20, 19150, 17, 80049, 80049
20, 19160, 17, 80049, 80049
20, 19170, 17, 80049, 80049
20, 19180, 17, 80049, 80049
20, 19190, 17, 80049, 80049
20, 19200, 17, 79943, 79943
20, 19210, 17, 79943, 79943
20, 19220, 17, 79943, 79943
20, 19230, 17, 79943, 79943
20, 19240, 17, 79943, 79943
20, 19250, 17, 79943, 79943
20, 19260, 17, 79943, 79943
20, 19270, 17, 79943, 79943
20, 19280, 17, 79943, 79943
20, 19290, 17, 79943, 81108
20, 19300, 17, 79943, 79943
20, 19310, 17, 79943, 79943
20, 19320, 17, 79943, 79943
20, 19330, 17, 79943, 79943
20, 19340, 17, 79943, 79943
20, 19350, 17, 79943, 79943
20, 19360, 17, 79943, 79943
20, 19370, 17, 79943, 79943
20, 19380, 17, 79943, 79943
20, 19390, 17, 79943, 79943
20, 19400, 17, 79943, 79943
20, 19410, 17, 79943, 79943
20, 19420, 17, 79943, 79943
20, 19430, 17, 79943, 79943
20, 19440, 17, 79943, 79943
20, 19450, 17, 79943, 79943
20, 19460, 17, 79943, 79943
20, 19470, 17, 79943, 79943
20, 19480, 17, 79943, 79943
20, 19490, 17, 79943, 79943
20, 19500, 17, 79943, 79943
20, 19510, 17, 79943, 79943
20, 19520, 17, 79943, 79943
20, 19530, 17, 79943, 79943
20, 19540, 17, 79943, 79943
20, 19550, 17, 79943, 79943
20, 19560, 17, 79943, 79943
20, 19570, 17, 79897, 79897
20, 19580, 17, 79897, 79897
20, 19590, 17, 79897, 79897
20, 19600, 17, 79897, 79897
20, 19610, 17, 79897, 79897
20, 19620, 17, 79897, 79897
20, 19630, 17, 79897, 79897
20, 19640, 17, 79879, 79879
20, 19650, 17, 79879, 79879
20, 19660, 17, 79879, 79879
20, 19670, 17, 79879, 79879
20, 19680, 17, 79879, 79879
20, 19690, 17, 79879, 79879
20, 19700, 17, 79879, 79879
20, 19710, 17, 79879, 79879
20, 19720, 17, 79879, 79879
20, 19730, 17, 79879, 79879
20, 19740, 17, 79749, 80616
20, 19750, 17, 79749, 79749
20, 19760, 17, 79749, 79749
20, 19770, 17, 79749, 80602
20, 19780, 17, 79749, 79749
20, 19790, 17, 79671, 79671
20, 19800, 17, 79564, 79564
20, 19810, 17, 79564, 79564
20, 19820, 17, 79564, 79564
20, 19830, 17, 79564, 79564
20, 19840, 17, 79564, 79564
20, 19850, 17, 79564, 79564
20, 19860, 17, 79564, 79564
20, 19870, 17, 79440, 79440
20, 19880, 17, 79440, 79440
20, 19890, 17, 79440, 79440
20, 19900, 17, 79440, 79440
20, 19910, 17, 79440, 79440
20, 19920, 17, 79440, 79440
20, 19930, 17, 79440, 79440
20, 19940, 17, 79440, 79440
20, 19950, 17, 79440, 79440
20, 19960, 17, 79440, 79440
20, 19970, 17, 79440, 79440
20, 19980, 17, 79440, 79440
20, 19990, 17, 79388, 79388
