Population Size, Generation Count, Repetition, Best Fitness, Median Fitness
100, 0, 27, 738516, 774344
100, 10, 27, 706755, 714870
100, 20, 27, 674029, 683863
100, 30, 27, 645840, 658448
100, 40, 27, 618274, 627271
100, 50, 27, 601127, 610643
100, 60, 27, 587270, 593076
100, 70, 27, 576422, 582470
100, 80, 27, 564982, 571402
100, 90, 27, 554533, 560002
100, 100, 27, 542935, 549553
100, 110, 27, 535545, 540555
100, 120, 27, 526888, 532536
100, 130, 27, 515381, 522501
100, 140, 27, 505362, 511736
100, 150, 27, 495026, 503099
100, 160, 27, 487339, 492045
100, 170, 27, 477190, 483395
100, 180, 27, 470263, 475110
100, 190, 27, 457661, 464632
100, 200, 27, 452534, 456520
100, 210, 27, 446979, 450531
100, 220, 27, 440023, 443222
100, 230, 27, 428410, 434438
100, 240, 27, 425844, 428357
100, 250, 27, 422004, 425606
100, 260, 27, 414874, 419248
100, 270, 27, 407257, 411734
100, 280, 27, 400490, 406928
100, 290, 27, 396753, 400185
100, 300, 27, 393346, 396896
100, 310, 27, 389996, 393545
100, 320, 27, 382687, 387107
100, 330, 27, 378569, 382626
100, 340, 27, 373858, 377860
100, 350, 27, 371062, 374649
100, 360, 27, 367035, 370552
100, 370, 27, 362601, 366148
100, 380, 27, 360061, 362481
100, 390, 27, 357068, 361734
100, 400, 27, 353020, 358215
100, 410, 27, 349097, 353300
100, 420, 27, 345699, 348392
100, 430, 27, 343643, 346864
100, 440, 27, 338818, 342612
100, 450, 27, 337292, 339878
100, 460, 27, 333165, 336970
100, 470, 27, 330695, 334467
100, 480, 27, 328269, 331397
100, 490, 27, 324419, 327983
100, 500, 27, 320654, 324064
100, 510, 27, 317828, 322520
100, 520, 27, 316261, 319688
100, 530, 27, 314606, 316618
100, 540, 27, 312881, 315732
100, 550, 27, 309195, 312319
100, 560, 27, 306785, 311185
100, 570, 27, 305342, 307739
100, 580, 27, 302572, 305888
100, 590, 27, 300135, 302831
100, 600, 27, 295867, 300609
100, 610, 27, 291009, 296984
100, 620, 27, 288058, 292188
100, 630, 27, 286402, 289217
100, 640, 27, 283626, 288833
100, 650, 27, 282514, 285685
100, 660, 27, 280087, 283376
100, 670, 27, 278326, 281958
100, 680, 27, 276587, 279123
100, 690, 27, 274321, 277282
100, 700, 27, 272887, 274794
100, 710, 27, 270433, 274396
100, 720, 27, 268691, 271644
100, 730, 27, 267342, 270350
100, 740, 27, 265738, 269810
100, 750, 27, 264255, 267034
100, 760, 27, 261702, 264938
100, 770, 27, 259444, 264042
100, 780, 27, 257858, 260255
100, 790, 27, 256688, 260293
100, 800, 27, 255368, 258679
100, 810, 27, 254396, 256816
100, 820, 27, 253057, 255789
100, 830, 27, 251968, 254649
100, 840, 27, 250097, 253048
100, 850, 27, 247863, 251417
100, 860, 27, 246202, 249956
100, 870, 27, 245074, 249426
100, 880, 27, 243812, 246514
100, 890, 27, 242545, 245130
100, 900, 27, 242113, 246537
100, 910, 27, 239735, 244425
100, 920, 27, 237738, 242299
100, 930, 27, 236240, 238899
100, 940, 27, 234827, 236516
100, 950, 27, 234187, 237819
100, 960, 27, 233182, 236431
100, 970, 27, 230720, 233716
100, 980, 27, 230439, 232930
100, 990, 27, 228770, 231354
100, 1000, 27, 227476, 229389
100, 1010, 27, 225472, 228352
100, 1020, 27, 224143, 228067
100, 1030, 27, 222941, 226300
100, 1040, 27, 221851, 224967
100, 1050, 27, 220018, 223333
100, 1060, 27, 218790, 222449
100, 1070, 27, 217336, 220883
100, 1080, 27, 216328, 219019
100, 1090, 27, 214946, 218701
100, 1100, 27, 212669, 215919
100, 1110, 27, 212182, 215997
100, 1120, 27, 210471, 212732
100, 1130, 27, 209371, 212670
100, 1140, 27, 207897, 211270
100, 1150, 27, 206937, 209507
100, 1160, 27, 205537, 209130
100, 1170, 27, 203872, 208462
100, 1180, 27, 202774, 205085
100, 1190, 27, 201621, 205798
100, 1200, 27, 201046, 204469
100, 1210, 27, 200406, 203712
100, 1220, 27, 199117, 202716
100, 1230, 27, 198686, 200691
100, 1240, 27, 197016, 200281
100, 1250, 27, 196305, 198720
100, 1260, 27, 195498, 197520
100, 1270, 27, 195036, 197907
100, 1280, 27, 193822, 196968
100, 1290, 27, 193381, 195465
100, 1300, 27, 192754, 195026
100, 1310, 27, 191659, 194526
100, 1320, 27, 190551, 193637
100, 1330, 27, 189803, 193762
100, 1340, 27, 189111, 191994
100, 1350, 27, 188882, 191924
100, 1360, 27, 188642, 191529
100, 1370, 27, 186672, 189291
100, 1380, 27, 186006, 187626
100, 1390, 27, 185001, 187946
100, 1400, 27, 183463, 187057
100, 1410, 27, 183058, 185772
100, 1420, 27, 182611, 185182
100, 1430, 27, 180975, 184333
100, 1440, 27, 179998, 183132
100, 1450, 27, 179158, 182171
100, 1460, 27, 178669, 181563
100, 1470, 27, 177471, 179838
100, 1480, 27, 176402, 178354
100, 1490, 27, 175775, 178400
100, 1500, 27, 175469, 178241
100, 1510, 27, 174291, 178485
100, 1520, 27, 173686, 176265
100, 1530, 27, 173144, 177267
100, 1540, 27, 172631, 174801
100, 1550, 27, 171949, 175974
100, 1560, 27, 171439, 173727
100, 1570, 27, 171192, 174092
100, 1580, 27, 170425, 174014
100, 1590, 27, 170143, 172951
100, 1600, 27, 169879, 173092
100, 1610, 27, 169670, 172623
100, 1620, 27, 169111, 172625
100, 1630, 27, 168537, 171446
100, 1640, 27, 167873, 170390
100, 1650, 27, 167354, 170675
100, 1660, 27, 166166, 169823
100, 1670, 27, 165757, 168542
100, 1680, 27, 165241, 167745
100, 1690, 27, 164453, 167332
100, 1700, 27, 163206, 165937
100, 1710, 27, 162395, 166047
100, 1720, 27, 161861, 164531
100, 1730, 27, 161028, 163309
100, 1740, 27, 160343, 164160
100, 1750, 27, 159999, 162081
100, 1760, 27, 159826, 162234
100, 1770, 27, 159448, 162736
100, 1780, 27, 158211, 161116
100, 1790, 27, 156654, 159391
100, 1800, 27, 156231, 161011
100, 1810, 27, 155605, 158767
100, 1820, 27, 154588, 157733
100, 1830, 27, 153787, 157300
100, 1840, 27, 153134, 155225
100, 1850, 27, 152806, 155653
100, 1860, 27, 152635, 155155
100, 1870, 27, 151819, 153916
100, 1880, 27, 151034, 154069
100, 1890, 27, 151034, 152495
100, 1900, 27, 150330, 152483
100, 1910, 27, 149293, 151931
100, 1920, 27, 148451, 152290
100, 1930, 27, 147136, 150001
100, 1940, 27, 146719, 149289
100, 1950, 27, 145894, 148939
100, 1960, 27, 145689, 147956
100, 1970, 27, 145293, 147537
100, 1980, 27, 144340, 146262
100, 1990, 27, 144019, 146535
100, 2000, 27, 143906, 147260
100, 2010, 27, 142658, 147015
100, 2020, 27, 142542, 144667
100, 2030, 27, 141976, 144384
100, 2040, 27, 141645, 143076
100, 2050, 27, 140814, 143748
100, 2060, 27, 139971, 142496
100, 2070, 27, 139345, 141613
100, 2080, 27, 138690, 142152
100, 2090, 27, 138292, 140875
100, 2100, 27, 138132, 140492
100, 2110, 27, 137966, 140614
100, 2120, 27, 137638, 139412
100, 2130, 27, 137157, 139383
100, 2140, 27, 137095, 139372
100, 2150, 27, 136660, 138726
100, 2160, 27, 136301, 139330
100, 2170, 27, 136213, 138226
100, 2180, 27, 135850, 137086
100, 2190, 27, 135501, 137687
100, 2200, 27, 134871, 138426
100, 2210, 27, 134746, 137337
100, 2220, 27, 134462, 137132
100, 2230, 27, 134158, 136709
100, 2240, 27, 133789, 136805
100, 2250, 27, 133550, 136491
100, 2260, 27, 133344, 136191
100, 2270, 27, 133016, 135873
100, 2280, 27, 132317, 135465
100, 2290, 27, 131668, 134967
100, 2300, 27, 131611, 133908
100, 2310, 27, 131426, 133104
100, 2320, 27, 131112, 133773
100, 2330, 27, 130083, 133982
100, 2340, 27, 129883, 134298
100, 2350, 27, 129486, 132549
100, 2360, 27, 129228, 132087
100, 2370, 27, 128777, 131749
100, 2380, 27, 127672, 131630
100, 2390, 27, 126964, 129888
100, 2400, 27, 126553, 130111
100, 2410, 27, 126553, 129754
100, 2420, 27, 126158, 129982
100, 2430, 27, 125768, 127814
100, 2440, 27, 125492, 129062
100, 2450, 27, 125028, 126474
100, 2460, 27, 124467, 126275
100, 2470, 27, 124376, 127062
100, 2480, 27, 123561, 125386
100, 2490, 27, 123499, 126075
100, 2500, 27, 123289, 126610
100, 2510, 27, 122993, 125578
100, 2520, 27, 122803, 125267
100, 2530, 27, 122803, 123787
100, 2540, 27, 122788, 125802
100, 2550, 27, 121930, 125305
100, 2560, 27, 121737, 125058
100, 2570, 27, 121426, 125045
100, 2580, 27, 120980, 123356
100, 2590, 27, 120857, 122069
100, 2600, 27, 120574, 123033
100, 2610, 27, 120192, 123419
100, 2620, 27, 119565, 122073
100, 2630, 27, 119246, 121980
100, 2640, 27, 119246, 120194
100, 2650, 27, 118717, 121337
100, 2660, 27, 118450, 120295
100, 2670, 27, 118258, 120170
100, 2680, 27, 117704, 118918
100, 2690, 27, 117610, 120426
100, 2700, 27, 117467, 119648
100, 2710, 27, 117088, 119372
100, 2720, 27, 117002, 119071
100, 2730, 27, 116998, 118735
100, 2740, 27, 116500, 118676
100, 2750, 27, 116304, 118125
100, 2760, 27, 116215, 118961
100, 2770, 27, 115667, 117678
100, 2780, 27, 115401, 118028
100, 2790, 27, 115079, 118354
100, 2800, 27, 114846, 116967
100, 2810, 27, 113910, 117751
100, 2820, 27, 113319, 116345
100, 2830, 27, 113134, 115871
100, 2840, 27, 113016, 114858
100, 2850, 27, 112869, 115633
100, 2860, 27, 112533, 115527
100, 2870, 27, 112533, 114638
100, 2880, 27, 112433, 114039
100, 2890, 27, 112123, 115055
100, 2900, 27, 111959, 115801
100, 2910, 27, 111799, 114586
100, 2920, 27, 111449, 113607
100, 2930, 27, 111409, 114560
100, 2940, 27, 111117, 114021
100, 2950, 27, 110658, 113962
100, 2960, 27, 110626, 113129
100, 2970, 27, 110341, 112077
100, 2980, 27, 109996, 111791
100, 2990, 27, 109683, 111927
100, 3000, 27, 109491, 112109
100, 3010, 27, 109378, 111419
100, 3020, 27, 109081, 112906
100, 3030, 27, 109051, 111037
100, 3040, 27, 108531, 110819
100, 3050, 27, 108359, 110649
100, 3060, 27, 108359, 111167
100, 3070, 27, 107784, 110812
100, 3080, 27, 107660, 110766
100, 3090, 27, 107660, 109682
100, 3100, 27, 107229, 109467
100, 3110, 27, 107072, 109593
100, 3120, 27, 106489, 109365
100, 3130, 27, 106489, 108958
100, 3140, 27, 106348, 109529
100, 3150, 27, 105998, 109380
100, 3160, 27, 105662, 107528
100, 3170, 27, 105601, 107891
100, 3180, 27, 105253, 107586
100, 3190, 27, 105117, 106390
100, 3200, 27, 104990, 107640
100, 3210, 27, 104764, 105869
100, 3220, 27, 104527, 107566
100, 3230, 27, 104275, 106607
100, 3240, 27, 103823, 107128
100, 3250, 27, 103353, 106511
100, 3260, 27, 102916, 105972
100, 3270, 27, 102656, 105752
100, 3280, 27, 102649, 103826
100, 3290, 27, 102513, 105549
100, 3300, 27, 102162, 104227
100, 3310, 27, 101948, 104771
100, 3320, 27, 101902, 103684
100, 3330, 27, 101878, 105028
100, 3340, 27, 101623, 103431
100, 3350, 27, 101450, 103797
100, 3360, 27, 101217, 104434
100, 3370, 27, 101215, 102699
100, 3380, 27, 101028, 102415
100, 3390, 27, 100803, 103063
100, 3400, 27, 100542, 102863
100, 3410, 27, 100501, 102136
100, 3420, 27, 100444, 101819
100, 3430, 27, 100237, 102919
100, 3440, 27, 100237, 103037
100, 3450, 27, 100061, 102631
100, 3460, 27, 99949, 102712
100, 3470, 27, 99949, 102323
100, 3480, 27, 99656, 102495
100, 3490, 27, 99521, 102942
100, 3500, 27, 99316, 101703
100, 3510, 27, 99265, 102661
100, 3520, 27, 99241, 101889
100, 3530, 27, 99182, 100950
100, 3540, 27, 98724, 101394
100, 3550, 27, 98465, 99432
100, 3560, 27, 98298, 101667
100, 3570, 27, 98154, 100959
100, 3580, 27, 98154, 99938
100, 3590, 27, 98098, 100011
100, 3600, 27, 98000, 100519
100, 3610, 27, 98000, 99370
100, 3620, 27, 97865, 100583
100, 3630, 27, 97865, 101390
100, 3640, 27, 97782, 100025
100, 3650, 27, 97752, 99048
100, 3660, 27, 97747, 99782
100, 3670, 27, 97391, 99236
100, 3680, 27, 97391, 98201
100, 3690, 27, 97274, 99026
100, 3700, 27, 97166, 99954
100, 3710, 27, 96957, 98291
100, 3720, 27, 96839, 98823
100, 3730, 27, 96839, 98241
100, 3740, 27, 96839, 99164
100, 3750, 27, 96754, 98898
100, 3760, 27, 96564, 98878
100, 3770, 27, 96564, 98448
100, 3780, 27, 96546, 97671
100, 3790, 27, 96346, 97594
100, 3800, 27, 95398, 98484
100, 3810, 27, 95036, 96886
100, 3820, 27, 94826, 97951
100, 3830, 27, 94824, 96702
100, 3840, 27, 94726, 95535
100, 3850, 27, 94390, 96877
100, 3860, 27, 94267, 96305
100, 3870, 27, 94267, 96442
100, 3880, 27, 94115, 95680
100, 3890, 27, 94102, 95070
100, 3900, 27, 94044, 96041
100, 3910, 27, 93770, 96270
100, 3920, 27, 93703, 96178
100, 3930, 27, 93455, 95245
100, 3940, 27, 93420, 95105
100, 3950, 27, 93293, 95217
100, 3960, 27, 93091, 94826
100, 3970, 27, 92952, 95926
100, 3980, 27, 92949, 94939
100, 3990, 27, 92833, 95324
100, 4000, 27, 92571, 95185
100, 4010, 27, 92291, 94852
100, 4020, 27, 92042, 94225
100, 4030, 27, 91975, 93876
100, 4040, 27, 91975, 93613
100, 4050, 27, 91957, 94379
100, 4060, 27, 91910, 93977
100, 4070, 27, 91747, 93955
100, 4080, 27, 91417, 93566
100, 4090, 27, 91200, 93484
100, 4100, 27, 91200, 92864
100, 4110, 27, 91017, 92845
100, 4120, 27, 90644, 93211
100, 4130, 27, 90534, 92387
100, 4140, 27, 90282, 92700
100, 4150, 27, 90273, 92251
100, 4160, 27, 90273, 93182
100, 4170, 27, 89734, 92957
100, 4180, 27, 89712, 92310
100, 4190, 27, 89712, 92149
100, 4200, 27, 89647, 91200
100, 4210, 27, 89503, 91390
100, 4220, 27, 89312, 92231
100, 4230, 27, 89269, 92485
100, 4240, 27, 89269, 92418
100, 4250, 27, 89269, 90262
100, 4260, 27, 89071, 91771
100, 4270, 27, 89071, 90983
100, 4280, 27, 88952, 91287
100, 4290, 27, 88901, 90806
100, 4300, 27, 88852, 90857
100, 4310, 27, 88536, 91051
100, 4320, 27, 88348, 89678
100, 4330, 27, 88269, 90139
100, 4340, 27, 88087, 89925
100, 4350, 27, 87748, 90912
100, 4360, 27, 87748, 89405
100, 4370, 27, 87748, 89420
100, 4380, 27, 87708, 89685
100, 4390, 27, 87667, 88836
100, 4400, 27, 87576, 88369
100, 4410, 27, 87159, 90405
100, 4420, 27, 87154, 89775
100, 4430, 27, 87095, 87159
100, 4440, 27, 86885, 89258
100, 4450, 27, 86723, 88458
100, 4460, 27, 86723, 89383
100, 4470, 27, 86699, 89261
100, 4480, 27, 86699, 89041
100, 4490, 27, 86699, 88143
100, 4500, 27, 86692, 88517
100, 4510, 27, 86507, 89126
100, 4520, 27, 86366, 88790
100, 4530, 27, 85768, 88431
100, 4540, 27, 85768, 87675
100, 4550, 27, 85697, 87336
100, 4560, 27, 85518, 87280
100, 4570, 27, 85376, 88479
100, 4580, 27, 85253, 87493
100, 4590, 27, 85213, 88160
100, 4600, 27, 85213, 87045
100, 4610, 27, 85213, 86377
100, 4620, 27, 85213, 86200
100, 4630, 27, 85123, 87425
100, 4640, 27, 85123, 86905
100, 4650, 27, 84990, 87281
100, 4660, 27, 84821, 85726
100, 4670, 27, 84665, 87206
100, 4680, 27, 84659, 85226
100, 4690, 27, 84659, 86704
100, 4700, 27, 84394, 86664
100, 4710, 27, 84377, 84394
100, 4720, 27, 84377, 85377
100, 4730, 27, 84154, 86602
100, 4740, 27, 84031, 87026
100, 4750, 27, 83835, 86414
100, 4760, 27, 83835, 85970
100, 4770, 27, 83835, 86187
100, 4780, 27, 83835, 85760
100, 4790, 27, 83660, 85102
100, 4800, 27, 83660, 84601
100, 4810, 27, 83660, 85646
100, 4820, 27, 83139, 84583
100, 4830, 27, 83139, 85602
100, 4840, 27, 82927, 85083
100, 4850, 27, 82927, 84215
100, 4860, 27, 82927, 85080
100, 4870, 27, 82785, 85870
100, 4880, 27, 82785, 84896
100, 4890, 27, 82770, 85094
100, 4900, 27, 82429, 83968
100, 4910, 27, 82429, 82938
100, 4920, 27, 82429, 84831
100, 4930, 27, 82429, 83400
100, 4940, 27, 82065, 83588
100, 4950, 27, 81982, 83372
100, 4960, 27, 81858, 84003
100, 4970, 27, 81858, 83689
100, 4980, 27, 81776, 83462
100, 4990, 27, 81576, 83530
100, 5000, 27, 81576, 84178
100, 5010, 27, 81576, 81720
100, 5020, 27, 81576, 83719
100, 5030, 27, 81576, 83534
100, 5040, 27, 81560, 83311
100, 5050, 27, 81299, 84254
100, 5060, 27, 81299, 84040
100, 5070, 27, 81299, 83599
100, 5080, 27, 81299, 83187
100, 5090, 27, 81299, 83684
100, 5100, 27, 81043, 83804
100, 5110, 27, 81043, 83143
100, 5120, 27, 80996, 83050
100, 5130, 27, 80996, 82286
100, 5140, 27, 80966, 82847
100, 5150, 27, 80933, 81524
100, 5160, 27, 80814, 82332
100, 5170, 27, 80789, 82541
100, 5180, 27, 80730, 83694
100, 5190, 27, 80717, 80848
100, 5200, 27, 80551, 83226
100, 5210, 27, 80426, 82488
100, 5220, 27, 80408, 80488
100, 5230, 27, 80408, 81697
100, 5240, 27, 80401, 81720
100, 5250, 27, 80401, 81929
100, 5260, 27, 80175, 83061
100, 5270, 27, 80151, 81917
100, 5280, 27, 80151, 81925
100, 5290, 27, 80073, 80519
100, 5300, 27, 80073, 82486
100, 5310, 27, 79890, 81438
100, 5320, 27, 79890, 81409
100, 5330, 27, 79825, 81325
100, 5340, 27, 79665, 79883
100, 5350, 27, 79665, 81674
100, 5360, 27, 79665, 81806
100, 5370, 27, 79665, 81468
100, 5380, 27, 79649, 81726
100, 5390, 27, 79649, 79649
100, 5400, 27, 79649, 80717
100, 5410, 27, 79649, 80393
100, 5420, 27, 79649, 82116
100, 5430, 27, 79612, 80221
100, 5440, 27, 79572, 79612
100, 5450, 27, 79347, 80340
100, 5460, 27, 79223, 81451
100, 5470, 27, 79223, 79923
100, 5480, 27, 79023, 80431
100, 5490, 27, 78823, 79394
100, 5500, 27, 78823, 78823
100, 5510, 27, 78783, 81289
100, 5520, 27, 78671, 80016
100, 5530, 27, 78671, 80564
100, 5540, 27, 78605, 80373
100, 5550, 27, 78461, 80359
100, 5560, 27, 78461, 80443
100, 5570, 27, 78418, 80337
100, 5580, 27, 78418, 80126
100, 5590, 27, 78387, 80042
100, 5600, 27, 78015, 78747
100, 5610, 27, 77977, 79218
100, 5620, 27, 77830, 77977
100, 5630, 27, 77830, 78679
100, 5640, 27, 77707, 78949
100, 5650, 27, 77707, 77707
100, 5660, 27, 77707, 80321
100, 5670, 27, 77639, 79776
100, 5680, 27, 77639, 78639
100, 5690, 27, 77533, 78485
100, 5700, 27, 77442, 80421
100, 5710, 27, 77442, 80358
100, 5720, 27, 77406, 78606
100, 5730, 27, 77348, 79488
100, 5740, 27, 77144, 79758
100, 5750, 27, 76962, 78207
100, 5760, 27, 76937, 76962
100, 5770, 27, 76937, 78182
100, 5780, 27, 76937, 76937
100, 5790, 27, 76937, 78069
100, 5800, 27, 76937, 79238
100, 5810, 27, 76916, 78536
100, 5820, 27, 76916, 79515
100, 5830, 27, 76854, 77834
100, 5840, 27, 76598, 76854
100, 5850, 27, 76598, 77497
100, 5860, 27, 76553, 77952
100, 5870, 27, 76553, 79177
100, 5880, 27, 76495, 79456
100, 5890, 27, 76495, 78503
100, 5900, 27, 76227, 77135
100, 5910, 27, 76227, 78223
100, 5920, 27, 76223, 76227
100, 5930, 27, 76216, 79243
100, 5940, 27, 76216, 77803
100, 5950, 27, 76208, 77753
100, 5960, 27, 76208, 78288
100, 5970, 27, 76158, 78256
100, 5980, 27, 76024, 76158
100, 5990, 27, 76021, 76410
100, 6000, 27, 76021, 76696
100, 6010, 27, 75861, 77849
100, 6020, 27, 75846, 77303
100, 6030, 27, 75846, 77162
100, 6040, 27, 75846, 77230
100, 6050, 27, 75711, 76931
100, 6060, 27, 75711, 78010
100, 6070, 27, 75711, 76402
100, 6080, 27, 75688, 78016
100, 6090, 27, 75677, 75688
100, 6100, 27, 75650, 76773
100, 6110, 27, 75650, 77407
100, 6120, 27, 75418, 77645
100, 6130, 27, 75362, 76813
100, 6140, 27, 75311, 76145
100, 6150, 27, 75311, 76616
100, 6160, 27, 75311, 78065
100, 6170, 27, 75246, 76547
100, 6180, 27, 75246, 76113
100, 6190, 27, 75205, 76350
100, 6200, 27, 75205, 75246
100, 6210, 27, 75205, 77278
100, 6220, 27, 74916, 77737
100, 6230, 27, 74704, 77880
100, 6240, 27, 74704, 76082
100, 6250, 27, 74521, 74704
100, 6260, 27, 74499, 75686
100, 6270, 27, 74499, 75918
100, 6280, 27, 74499, 76531
100, 6290, 27, 74499, 76732
100, 6300, 27, 74499, 76422
100, 6310, 27, 74499, 75627
100, 6320, 27, 74270, 74844
100, 6330, 27, 73963, 75595
100, 6340, 27, 73876, 74499
100, 6350, 27, 73876, 74763
100, 6360, 27, 73876, 76574
100, 6370, 27, 73849, 73876
100, 6380, 27, 73849, 74600
100, 6390, 27, 73616, 75777
100, 6400, 27, 73616, 75573
100, 6410, 27, 73616, 74968
100, 6420, 27, 73434, 74522
100, 6430, 27, 73434, 73434
100, 6440, 27, 73434, 74094
100, 6450, 27, 73416, 74148
100, 6460, 27, 73134, 76110
100, 6470, 27, 72934, 74321
100, 6480, 27, 72934, 74280
100, 6490, 27, 72934, 75037
100, 6500, 27, 72828, 73785
100, 6510, 27, 72828, 73823
100, 6520, 27, 72828, 73913
100, 6530, 27, 72512, 72512
100, 6540, 27, 72453, 73001
100, 6550, 27, 72393, 74938
100, 6560, 27, 72262, 73909
100, 6570, 27, 72260, 74779
100, 6580, 27, 72224, 73857
100, 6590, 27, 72157, 72224
100, 6600, 27, 72034, 73567
100, 6610, 27, 71874, 73553
100, 6620, 27, 71750, 74151
100, 6630, 27, 71750, 72451
100, 6640, 27, 71750, 74313
100, 6650, 27, 71750, 72273
100, 6660, 27, 71750, 72693
100, 6670, 27, 71750, 71750
100, 6680, 27, 71467, 72804
100, 6690, 27, 71467, 72321
100, 6700, 27, 71399, 72637
100, 6710, 27, 71399, 72278
100, 6720, 27, 71384, 73520
100, 6730, 27, 71384, 73328
100, 6740, 27, 71342, 71384
100, 6750, 27, 71264, 73323
100, 6760, 27, 71181, 72526
100, 6770, 27, 71158, 72528
100, 6780, 27, 71042, 73419
100, 6790, 27, 70856, 72653
100, 6800, 27, 70856, 70856
100, 6810, 27, 70656, 70856
100, 6820, 27, 70656, 70656
100, 6830, 27, 70656, 70656
100, 6840, 27, 70440, 71737
100, 6850, 27, 70440, 72981
100, 6860, 27, 70440, 70440
100, 6870, 27, 70381, 70440
100, 6880, 27, 70192, 71773
100, 6890, 27, 70158, 71043
100, 6900, 27, 70158, 71722
100, 6910, 27, 70059, 70059
100, 6920, 27, 70059, 70508
100, 6930, 27, 70059, 70059
100, 6940, 27, 70059, 71956
100, 6950, 27, 70004, 70812
100, 6960, 27, 70004, 71032
100, 6970, 27, 70004, 71913
100, 6980, 27, 69884, 70616
100, 6990, 27, 69823, 70558
100, 7000, 27, 69776, 69823
100, 7010, 27, 69776, 72679
100, 7020, 27, 69758, 69776
100, 7030, 27, 69758, 69758
100, 7040, 27, 69615, 70789
100, 7050, 27, 69615, 69615
100, 7060, 27, 69472, 69615
100, 7070, 27, 69472, 71333
100, 7080, 27, 69472, 69882
100, 7090, 27, 69472, 69472
100, 7100, 27, 69472, 71431
100, 7110, 27, 69472, 69472
100, 7120, 27, 69472, 70541
100, 7130, 27, 69384, 71434
100, 7140, 27, 69346, 70129
100, 7150, 27, 69346, 70537
100, 7160, 27, 69346, 70742
100, 7170, 27, 69104, 69346
100, 7180, 27, 69100, 69539
100, 7190, 27, 69100, 69199
100, 7200, 27, 69058, 70578
100, 7210, 27, 69058, 69867
100, 7220, 27, 68975, 70276
100, 7230, 27, 68892, 68975
100, 7240, 27, 68892, 69897
100, 7250, 27, 68835, 68835
100, 7260, 27, 68727, 70971
100, 7270, 27, 68727, 68735
100, 7280, 27, 68471, 69601
100, 7290, 27, 68389, 68894
100, 7300, 27, 68389, 70242
100, 7310, 27, 68218, 68218
100, 7320, 27, 68218, 68341
100, 7330, 27, 68075, 68983
100, 7340, 27, 68075, 69801
100, 7350, 27, 68075, 69225
100, 7360, 27, 68075, 68075
100, 7370, 27, 68075, 68075
100, 7380, 27, 68070, 69034
100, 7390, 27, 68070, 68921
100, 7400, 27, 68070, 69909
100, 7410, 27, 68070, 68070
100, 7420, 27, 68070, 70049
100, 7430, 27, 67981, 68468
100, 7440, 27, 67981, 69142
100, 7450, 27, 67981, 67981
100, 7460, 27, 67926, 67981
100, 7470, 27, 67590, 68358
100, 7480, 27, 67590, 68796
100, 7490, 27, 67590, 69330
100, 7500, 27, 67523, 68509
100, 7510, 27, 67523, 67523
100, 7520, 27, 67523, 67647
100, 7530, 27, 67523, 67523
100, 7540, 27, 67520, 67523
100, 7550, 27, 67520, 67520
100, 7560, 27, 67445, 67520
100, 7570, 27, 67445, 68636
100, 7580, 27, 67445, 68030
100, 7590, 27, 67445, 68097
100, 7600, 27, 67445, 68319
100, 7610, 27, 67445, 68123
100, 7620, 27, 67441, 67704
100, 7630, 27, 67441, 70351
100, 7640, 27, 67441, 68730
100, 7650, 27, 67441, 67441
100, 7660, 27, 67416, 67441
100, 7670, 27, 67416, 68382
100, 7680, 27, 67416, 67416
100, 7690, 27, 67416, 67416
100, 7700, 27, 67390, 67416
100, 7710, 27, 67202, 69792
100, 7720, 27, 67202, 68359
100, 7730, 27, 67027, 67401
100, 7740, 27, 66968, 68615
100, 7750, 27, 66968, 66968
100, 7760, 27, 66900, 68560
100, 7770, 27, 66900, 68948
100, 7780, 27, 66900, 68514
100, 7790, 27, 66900, 69608
100, 7800, 27, 66900, 68338
100, 7810, 27, 66835, 66900
100, 7820, 27, 66835, 68064
100, 7830, 27, 66835, 66835
100, 7840, 27, 66824, 68156
100, 7850, 27, 66783, 68165
100, 7860, 27, 66783, 68623
100, 7870, 27, 66729, 67317
100, 7880, 27, 66729, 66729
100, 7890, 27, 66729, 67842
100, 7900, 27, 66729, 66729
100, 7910, 27, 66729, 66729
100, 7920, 27, 66729, 68731
100, 7930, 27, 66729, 66856
100, 7940, 27, 66729, 66729
100, 7950, 27, 66710, 66729
100, 7960, 27, 66710, 66710
100, 7970, 27, 66710, 67287
100, 7980, 27, 66710, 67564
100, 7990, 27, 66710, 67742
100, 8000, 27, 66710, 66710
100, 8010, 27, 66710, 68585
100, 8020, 27, 66710, 66710
100, 8030, 27, 66710, 67851
100, 8040, 27, 66710, 66710
100, 8050, 27, 66710, 66710
100, 8060, 27, 66575, 68061
100, 8070, 27, 66575, 66575
100, 8080, 27, 66491, 66491
100, 8090, 27, 66491, 66491
100, 8100, 27, 66491, 66491
100, 8110, 27, 66491, 68117
100, 8120, 27, 66491, 66491
100, 8130, 27, 66491, 66491
100, 8140, 27, 66491, 66491
100, 8150, 27, 66491, 66491
100, 8160, 27, 66406, 67612
100, 8170, 27, 66406, 69443
100, 8180, 27, 66395, 66909
100, 8190, 27, 66395, 67157
100, 8200, 27, 66395, 67578
100, 8210, 27, 66395, 67249
100, 8220, 27, 66395, 66395
100, 8230, 27, 66395, 66454
100, 8240, 27, 66395, 67922
100, 8250, 27, 66395, 66395
100, 8260, 27, 66395, 66395
100, 8270, 27, 66338, 67679
100, 8280, 27, 66334, 66909
100, 8290, 27, 66334, 68234
100, 8300, 27, 66036, 66864
100, 8310, 27, 66036, 66036
100, 8320, 27, 66036, 66036
100, 8330, 27, 66036, 67048
100, 8340, 27, 66030, 66058
100, 8350, 27, 66030, 66030
100, 8360, 27, 66030, 67149
100, 8370, 27, 65830, 67894
100, 8380, 27, 65830, 65830
100, 8390, 27, 65823, 65830
100, 8400, 27, 65823, 66452
100, 8410, 27, 65789, 65823
100, 8420, 27, 65789, 65789
100, 8430, 27, 65599, 66169
100, 8440, 27, 65543, 66086
100, 8450, 27, 65508, 65508
100, 8460, 27, 65444, 66210
100, 8470, 27, 65155, 67732
100, 8480, 27, 65155, 66976
100, 8490, 27, 65155, 66527
100, 8500, 27, 65155, 65176
100, 8510, 27, 65155, 65155
100, 8520, 27, 65155, 65155
100, 8530, 27, 65155, 65781
100, 8540, 27, 65155, 66599
100, 8550, 27, 65155, 65155
100, 8560, 27, 65155, 65155
100, 8570, 27, 65155, 65415
100, 8580, 27, 64986, 65155
100, 8590, 27, 64986, 64986
100, 8600, 27, 64986, 64986
100, 8610, 27, 64862, 66141
100, 8620, 27, 64662, 66555
100, 8630, 27, 64662, 65523
100, 8640, 27, 64662, 64662
100, 8650, 27, 64633, 64662
100, 8660, 27, 64455, 65279
100, 8670, 27, 64455, 65988
100, 8680, 27, 64455, 64455
100, 8690, 27, 64455, 65766
100, 8700, 27, 64382, 64455
100, 8710, 27, 64382, 64382
100, 8720, 27, 64382, 64382
100, 8730, 27, 64382, 64382
100, 8740, 27, 64382, 65971
100, 8750, 27, 64382, 64382
100, 8760, 27, 64341, 64341
100, 8770, 27, 64341, 64341
100, 8780, 27, 64341, 64341
100, 8790, 27, 64341, 65871
100, 8800, 27, 64265, 64341
100, 8810, 27, 64105, 64265
100, 8820, 27, 64105, 64105
100, 8830, 27, 64105, 65233
100, 8840, 27, 64105, 64105
100, 8850, 27, 64013, 65422
100, 8860, 27, 63914, 64013
100, 8870, 27, 63914, 63914
100, 8880, 27, 63914, 64482
100, 8890, 27, 63914, 63914
100, 8900, 27, 63914, 63914
100, 8910, 27, 63914, 63914
100, 8920, 27, 63914, 64881
100, 8930, 27, 63906, 63914
100, 8940, 27, 63906, 63906
100, 8950, 27, 63651, 63906
100, 8960, 27, 63651, 63651
100, 8970, 27, 63651, 63795
100, 8980, 27, 63633, 64800
100, 8990, 27, 63505, 63633
100, 9000, 27, 63505, 63505
100, 9010, 27, 63505, 63505
100, 9020, 27, 63433, 63752
100, 9030, 27, 63433, 64145
100, 9040, 27, 63361, 63433
100, 9050, 27, 63361, 63361
100, 9060, 27, 63361, 63361
100, 9070, 27, 63361, 63361
100, 9080, 27, 63161, 63361
100, 9090, 27, 63161, 63161
100, 9100, 27, 63161, 63819
100, 9110, 27, 63128, 63161
100, 9120, 27, 63128, 63128
100, 9130, 27, 63035, 63844
100, 9140, 27, 63035, 63035
100, 9150, 27, 62781, 63035
100, 9160, 27, 62778, 64307
100, 9170, 27, 62778, 62778
100, 9180, 27, 62778, 62778
100, 9190, 27, 62778, 62778
100, 9200, 27, 62778, 62778
100, 9210, 27, 62764, 62778
100, 9220, 27, 62764, 62764
100, 9230, 27, 62764, 62764
100, 9240, 27, 62764, 62764
100, 9250, 27, 62764, 62764
100, 9260, 27, 62764, 62764
100, 9270, 27, 62764, 62764
100, 9280, 27, 62764, 62764
100, 9290, 27, 62764, 63262
100, 9300, 27, 62764, 64407
100, 9310, 27, 62618, 62764
100, 9320, 27, 62618, 62618
100, 9330, 27, 62618, 62618
100, 9340, 27, 62618, 62618
100, 9350, 27, 62618, 62618
100, 9360, 27, 62618, 65133
100, 9370, 27, 62618, 63399
100, 9380, 27, 62618, 63299
100, 9390, 27, 62618, 64142
100, 9400, 27, 62618, 62618
100, 9410, 27, 62618, 62618
100, 9420, 27, 62618, 62618
100, 9430, 27, 62618, 62618
100, 9440, 27, 62618, 62618
100, 9450, 27, 62618, 64048
100, 9460, 27, 62618, 63195
100, 9470, 27, 62553, 62818
100, 9480, 27, 62553, 63367
100, 9490, 27, 62553, 62553
100, 9500, 27, 62553, 63328
100, 9510, 27, 62513, 62553
100, 9520, 27, 62513, 62513
100, 9530, 27, 62513, 62513
100, 9540, 27, 62306, 63388
100, 9550, 27, 62306, 62306
100, 9560, 27, 62306, 62465
100, 9570, 27, 62306, 62306
100, 9580, 27, 62306, 62306
100, 9590, 27, 62306, 62306
100, 9600, 27, 62306, 62306
100, 9610, 27, 62306, 62306
100, 9620, 27, 62303, 62306
100, 9630, 27, 62303, 62303
100, 9640, 27, 62303, 62924
100, 9650, 27, 62303, 62303
100, 9660, 27, 62303, 62303
100, 9670, 27, 62303, 62503
100, 9680, 27, 62303, 62303
100, 9690, 27, 62290, 62303
100, 9700, 27, 62290, 62303
100, 9710, 27, 62290, 62290
100, 9720, 27, 62290, 62290
100, 9730, 27, 62290, 62290
100, 9740, 27, 62290, 62290
100, 9750, 27, 62239, 62290
100, 9760, 27, 62239, 62239
100, 9770, 27, 62239, 62239
100, 9780, 27, 62239, 62239
100, 9790, 27, 62239, 62239
100, 9800, 27, 62239, 62755
100, 9810, 27, 62239, 63671
100, 9820, 27, 62239, 62239
100, 9830, 27, 62239, 62239
100, 9840, 27, 62133, 62903
100, 9850, 27, 62133, 63253
100, 9860, 27, 62133, 62133
100, 9870, 27, 62133, 62495
100, 9880, 27, 62133, 62133
100, 9890, 27, 62133, 62133
100, 9900, 27, 62133, 62786
100, 9910, 27, 62133, 62133
100, 9920, 27, 62133, 62133
100, 9930, 27, 62133, 62133
100, 9940, 27, 62050, 62133
100, 9950, 27, 62050, 62050
100, 9960, 27, 61950, 61950
100, 9970, 27, 61950, 61950
100, 9980, 27, 61950, 63235
100, 9990, 27, 61950, 61950
100, 10000, 27, 61826, 61950
100, 10010, 27, 61826, 61826
100, 10020, 27, 61826, 61826
100, 10030, 27, 61826, 61826
100, 10040, 27, 61743, 61826
100, 10050, 27, 61743, 62596
100, 10060, 27, 61743, 61743
100, 10070, 27, 61743, 61743
100, 10080, 27, 61743, 61743
100, 10090, 27, 61743, 61743
100, 10100, 27, 61743, 61743
100, 10110, 27, 61716, 61716
100, 10120, 27, 61716, 61716
100, 10130, 27, 61632, 61632
100, 10140, 27, 61632, 61632
100, 10150, 27, 61632, 61632
100, 10160, 27, 61632, 61878
100, 10170, 27, 61470, 61632
100, 10180, 27, 61470, 61470
100, 10190, 27, 61470, 61470
100, 10200, 27, 61470, 61470
100, 10210, 27, 61411, 61411
100, 10220, 27, 61411, 61411
100, 10230, 27, 61411, 63000
100, 10240, 27, 61411, 61411
100, 10250, 27, 61411, 62161
100, 10260, 27, 61411, 61411
100, 10270, 27, 61411, 61411
100, 10280, 27, 61411, 61411
100, 10290, 27, 61411, 61411
100, 10300, 27, 61411, 62918
100, 10310, 27, 61411, 61411
100, 10320, 27, 61411, 61411
100, 10330, 27, 61411, 61411
100, 10340, 27, 61411, 61411
100, 10350, 27, 61411, 61411
100, 10360, 27, 61411, 61411
100, 10370, 27, 61411, 61411
100, 10380, 27, 61411, 61411
100, 10390, 27, 61411, 61411
100, 10400, 27, 61411, 61411
100, 10410, 27, 61411, 62949
100, 10420, 27, 61411, 61411
100, 10430, 27, 61411, 61898
100, 10440, 27, 61411, 62827
100, 10450, 27, 61411, 61411
100, 10460, 27, 61411, 61411
100, 10470, 27, 61411, 62610
100, 10480, 27, 61411, 61411
100, 10490, 27, 61411, 61411
100, 10500, 27, 61411, 61411
100, 10510, 27, 61411, 61411
100, 10520, 27, 61411, 61411
100, 10530, 27, 61411, 61411
100, 10540, 27, 61411, 61411
100, 10550, 27, 61352, 63479
100, 10560, 27, 61352, 62167
100, 10570, 27, 61352, 61352
100, 10580, 27, 61352, 61352
100, 10590, 27, 61352, 62119
100, 10600, 27, 61352, 61352
100, 10610, 27, 61352, 61352
100, 10620, 27, 61352, 61352
100, 10630, 27, 61352, 61352
100, 10640, 27, 61352, 61352
100, 10650, 27, 61352, 61352
100, 10660, 27, 61336, 61352
100, 10670, 27, 61336, 62213
100, 10680, 27, 61138, 61336
100, 10690, 27, 61011, 61138
100, 10700, 27, 60942, 61011
100, 10710, 27, 60942, 60942
100, 10720, 27, 60935, 60942
100, 10730, 27, 60935, 60935
100, 10740, 27, 60935, 60935
100, 10750, 27, 60935, 60935
100, 10760, 27, 60935, 60935
100, 10770, 27, 60935, 60935
100, 10780, 27, 60935, 60935
100, 10790, 27, 60935, 60935
100, 10800, 27, 60935, 60935
100, 10810, 27, 60935, 60935
100, 10820, 27, 60902, 60935
100, 10830, 27, 60902, 60902
100, 10840, 27, 60882, 60882
100, 10850, 27, 60882, 60882
100, 10860, 27, 60818, 60882
100, 10870, 27, 60818, 60818
100, 10880, 27, 60718, 60818
100, 10890, 27, 60659, 60718
100, 10900, 27, 60659, 60659
100, 10910, 27, 60645, 60645
100, 10920, 27, 60645, 60645
100, 10930, 27, 60645, 60645
100, 10940, 27, 60645, 60645
100, 10950, 27, 60593, 60645
100, 10960, 27, 60593, 60593
100, 10970, 27, 60593, 60593
100, 10980, 27, 60593, 60593
100, 10990, 27, 60593, 60593
100, 11000, 27, 60593, 60593
100, 11010, 27, 60593, 60593
100, 11020, 27, 60593, 61925
100, 11030, 27, 60593, 60593
100, 11040, 27, 60593, 60593
100, 11050, 27, 60569, 60593
100, 11060, 27, 60569, 60569
100, 11070, 27, 60569, 60569
100, 11080, 27, 60569, 60569
100, 11090, 27, 60569, 60569
100, 11100, 27, 60569, 60569
100, 11110, 27, 60569, 60569
100, 11120, 27, 60569, 60569
100, 11130, 27, 60569, 60569
100, 11140, 27, 60569, 60569
100, 11150, 27, 60562, 60562
100, 11160, 27, 60483, 60503
100, 11170, 27, 60444, 60483
100, 11180, 27, 60444, 60444
100, 11190, 27, 60444, 60444
100, 11200, 27, 60444, 60444
100, 11210, 27, 60444, 60444
100, 11220, 27, 60444, 60444
100, 11230, 27, 60444, 60444
100, 11240, 27, 60409, 60444
100, 11250, 27, 60409, 60409
100, 11260, 27, 60409, 60409
100, 11270, 27, 60409, 60409
100, 11280, 27, 60409, 60409
100, 11290, 27, 60409, 60409
100, 11300, 27, 60409, 60409
100, 11310, 27, 60409, 60409
100, 11320, 27, 60372, 60409
100, 11330, 27, 60372, 60372
100, 11340, 27, 60372, 60372
100, 11350, 27, 60372, 60372
100, 11360, 27, 60372, 60372
100, 11370, 27, 60372, 60372
100, 11380, 27, 60363, 60372
100, 11390, 27, 60363, 60363
100, 11400, 27, 60363, 60363
100, 11410, 27, 60363, 61873
100, 11420, 27, 60363, 60363
100, 11430, 27, 60363, 60363
100, 11440, 27, 60363, 60363
100, 11450, 27, 60363, 60752
100, 11460, 27, 60363, 60363
100, 11470, 27, 60363, 60363
100, 11480, 27, 60363, 60363
100, 11490, 27, 60363, 60363
100, 11500, 27, 60294, 60363
100, 11510, 27, 60294, 60294
100, 11520, 27, 60294, 60294
100, 11530, 27, 60294, 60294
100, 11540, 27, 60294, 60294
100, 11550, 27, 60294, 60294
100, 11560, 27, 60294, 60294
100, 11570, 27, 60294, 60294
100, 11580, 27, 60294, 60294
100, 11590, 27, 60294, 60294
100, 11600, 27, 60236, 60294
100, 11610, 27, 60236, 60236
100, 11620, 27, 60236, 60236
100, 11630, 27, 60171, 60171
100, 11640, 27, 60171, 60171
100, 11650, 27, 60144, 60144
100, 11660, 27, 60144, 60144
100, 11670, 27, 60144, 60144
100, 11680, 27, 60144, 60144
100, 11690, 27, 60144, 60144
100, 11700, 27, 60144, 60144
100, 11710, 27, 60144, 60144
100, 11720, 27, 60144, 60144
100, 11730, 27, 60144, 60144
100, 11740, 27, 60144, 60144
100, 11750, 27, 60144, 60144
100, 11760, 27, 60144, 60144
100, 11770, 27, 60061, 60144
100, 11780, 27, 60061, 60061
100, 11790, 27, 60061, 61444
100, 11800, 27, 60061, 60061
100, 11810, 27, 60061, 60061
100, 11820, 27, 59980, 59980
100, 11830, 27, 59780, 60933
100, 11840, 27, 59780, 59780
100, 11850, 27, 59760, 59780
100, 11860, 27, 59760, 59760
100, 11870, 27, 59760, 59760
100, 11880, 27, 59652, 59760
100, 11890, 27, 59652, 59652
100, 11900, 27, 59652, 59652
100, 11910, 27, 59652, 59652
100, 11920, 27, 59652, 59652
100, 11930, 27, 59568, 59568
100, 11940, 27, 59485, 59485
100, 11950, 27, 59485, 59485
100, 11960, 27, 59485, 59485
100, 11970, 27, 59485, 60603
100, 11980, 27, 59485, 59485
100, 11990, 27, 59485, 59485
100, 12000, 27, 59413, 59485
100, 12010, 27, 59413, 59485
100, 12020, 27, 59413, 60092
100, 12030, 27, 59413, 59413
100, 12040, 27, 59413, 59413
100, 12050, 27, 59413, 59413
100, 12060, 27, 59413, 59413
100, 12070, 27, 59413, 59413
100, 12080, 27, 59413, 59413
100, 12090, 27, 59413, 59413
100, 12100, 27, 59413, 59413
100, 12110, 27, 59413, 59413
100, 12120, 27, 59413, 59413
100, 12130, 27, 59413, 59413
100, 12140, 27, 59413, 59413
100, 12150, 27, 59413, 59413
100, 12160, 27, 59413, 59413
100, 12170, 27, 59413, 59413
100, 12180, 27, 59413, 59413
100, 12190, 27, 59413, 59413
100, 12200, 27, 59309, 59309
100, 12210, 27, 59309, 59309
100, 12220, 27, 59309, 59309
100, 12230, 27, 59309, 59309
100, 12240, 27, 59309, 59309
100, 12250, 27, 59309, 59309
100, 12260, 27, 59309, 59309
100, 12270, 27, 59309, 59309
100, 12280, 27, 59309, 59309
100, 12290, 27, 59309, 59309
100, 12300, 27, 59309, 59309
100, 12310, 27, 59180, 59309
100, 12320, 27, 59122, 59180
100, 12330, 27, 59122, 59122
100, 12340, 27, 59122, 59122
100, 12350, 27, 59122, 59122
100, 12360, 27, 59122, 59122
100, 12370, 27, 59122, 59122
100, 12380, 27, 59122, 59122
100, 12390, 27, 59122, 59122
100, 12400, 27, 59122, 59122
100, 12410, 27, 59122, 59122
100, 12420, 27, 59122, 59122
100, 12430, 27, 59122, 59122
100, 12440, 27, 59122, 59122
100, 12450, 27, 59122, 59122
100, 12460, 27, 59122, 59122
100, 12470, 27, 59122, 59122
100, 12480, 27, 59122, 59122
100, 12490, 27, 58884, 58884
100, 12500, 27, 58884, 58884
100, 12510, 27, 58884, 58884
100, 12520, 27, 58884, 58884
100, 12530, 27, 58884, 58884
100, 12540, 27, 58884, 58884
100, 12550, 27, 58884, 58884
100, 12560, 27, 58884, 58884
100, 12570, 27, 58884, 58884
100, 12580, 27, 58884, 58884
100, 12590, 27, 58884, 58884
100, 12600, 27, 58875, 58884
100, 12610, 27, 58867, 58875
100, 12620, 27, 58867, 58867
100, 12630, 27, 58867, 58867
100, 12640, 27, 58867, 58867
100, 12650, 27, 58808, 58808
100, 12660, 27, 58808, 58808
100, 12670, 27, 58783, 58783
100, 12680, 27, 58783, 58783
100, 12690, 27, 58783, 58783
100, 12700, 27, 58783, 58783
100, 12710, 27, 58783, 58783
100, 12720, 27, 58783, 58783
100, 12730, 27, 58719, 58783
100, 12740, 27, 58719, 58719
100, 12750, 27, 58719, 58719
100, 12760, 27, 58719, 58719
100, 12770, 27, 58719, 58719
100, 12780, 27, 58719, 58719
100, 12790, 27, 58660, 58660
100, 12800, 27, 58628, 58660
100, 12810, 27, 58628, 58628
100, 12820, 27, 58628, 58628
100, 12830, 27, 58628, 58628
100, 12840, 27, 58628, 58628
100, 12850, 27, 58602, 58628
100, 12860, 27, 58602, 58602
100, 12870, 27, 58602, 58602
100, 12880, 27, 58326, 58326
100, 12890, 27, 58326, 58326
100, 12900, 27, 58326, 58326
100, 12910, 27, 58326, 58326
100, 12920, 27, 58326, 58326
100, 12930, 27, 58326, 58326
100, 12940, 27, 58326, 58326
100, 12950, 27, 58326, 58326
100, 12960, 27, 58271, 58608
100, 12970, 27, 58271, 58271
100, 12980, 27, 58271, 58271
100, 12990, 27, 58271, 58271
100, 13000, 27, 58271, 58271
100, 13010, 27, 58271, 58271
100, 13020, 27, 58271, 58271
100, 13030, 27, 58271, 58271
100, 13040, 27, 58271, 58271
100, 13050, 27, 58271, 58271
100, 13060, 27, 58271, 58271
100, 13070, 27, 58271, 58271
100, 13080, 27, 58271, 58271
100, 13090, 27, 58271, 58271
100, 13100, 27, 58271, 58271
100, 13110, 27, 58271, 58271
100, 13120, 27, 58271, 58271
100, 13130, 27, 58271, 58271
100, 13140, 27, 58271, 58271
100, 13150, 27, 58271, 58271
100, 13160, 27, 58271, 58271
100, 13170, 27, 58271, 58271
100, 13180, 27, 58271, 58271
100, 13190, 27, 58271, 58271
100, 13200, 27, 58271, 58271
100, 13210, 27, 58271, 58271
100, 13220, 27, 58271, 58271
100, 13230, 27, 58271, 58271
100, 13240, 27, 58271, 58271
100, 13250, 27, 58271, 58271
100, 13260, 27, 58271, 58271
100, 13270, 27, 58271, 58271
100, 13280, 27, 58271, 58271
100, 13290, 27, 58142, 58142
100, 13300, 27, 58142, 58142
100, 13310, 27, 58142, 58142
100, 13320, 27, 58142, 58142
100, 13330, 27, 58142, 58142
100, 13340, 27, 58142, 58142
100, 13350, 27, 58142, 58142
100, 13360, 27, 58142, 58142
100, 13370, 27, 58142, 58142
100, 13380, 27, 58142, 58142
100, 13390, 27, 58142, 58142
100, 13400, 27, 58142, 58142
100, 13410, 27, 58142, 58142
100, 13420, 27, 58142, 58142
100, 13430, 27, 58142, 58142
100, 13440, 27, 58142, 58142
100, 13450, 27, 58072, 58072
100, 13460, 27, 58072, 58072
100, 13470, 27, 58072, 58072
100, 13480, 27, 58030, 58030
100, 13490, 27, 58030, 58030
100, 13500, 27, 58030, 58030
100, 13510, 27, 58030, 58030
100, 13520, 27, 58030, 58030
100, 13530, 27, 58030, 58030
100, 13540, 27, 58030, 58030
100, 13550, 27, 58030, 58030
100, 13560, 27, 58030, 58030
100, 13570, 27, 58030, 58030
100, 13580, 27, 57862, 58030
100, 13590, 27, 57862, 57862
100, 13600, 27, 57862, 57862
100, 13610, 27, 57862, 57862
100, 13620, 27, 57862, 57862
100, 13630, 27, 57862, 57862
100, 13640, 27, 57862, 57862
100, 13650, 27, 57862, 57862
100, 13660, 27, 57862, 57862
100, 13670, 27, 57862, 57862
100, 13680, 27, 57862, 57862
100, 13690, 27, 57862, 57862
100, 13700, 27, 57862, 57862
100, 13710, 27, 57862, 57862
100, 13720, 27, 57860, 57860
100, 13730, 27, 57860, 57860
100, 13740, 27, 57860, 57860
100, 13750, 27, 57860, 57860
100, 13760, 27, 57860, 57860
100, 13770, 27, 57860, 57860
100, 13780, 27, 57860, 57860
100, 13790, 27, 57860, 57860
100, 13800, 27, 57860, 57860
100, 13810, 27, 57860, 57860
100, 13820, 27, 57860, 57860
100, 13830, 27, 57860, 57860
100, 13840, 27, 57860, 57860
100, 13850, 27, 57860, 57860
100, 13860, 27, 57860, 57860
100, 13870, 27, 57860, 57860
100, 13880, 27, 57860, 57860
100, 13890, 27, 57860, 57860
100, 13900, 27, 57813, 57860
100, 13910, 27, 57813, 57813
100, 13920, 27, 57813, 57813
100, 13930, 27, 57813, 57813
100, 13940, 27, 57813, 57813
100, 13950, 27, 57813, 57813
100, 13960, 27, 57752, 57752
100, 13970, 27, 57752, 57752
100, 13980, 27, 57752, 57752
100, 13990, 27, 57752, 57752
100, 14000, 27, 57752, 57752
100, 14010, 27, 57752, 57752
100, 14020, 27, 57752, 57752
100, 14030, 27, 57752, 57752
100, 14040, 27, 57752, 57752
100, 14050, 27, 57752, 57752
100, 14060, 27, 57752, 57752
100, 14070, 27, 57752, 57752
100, 14080, 27, 57752, 57752
100, 14090, 27, 57736, 57752
100, 14100, 27, 57722, 57722
100, 14110, 27, 57722, 57722
100, 14120, 27, 57722, 57722
100, 14130, 27, 57722, 57722
100, 14140, 27, 57722, 57722
100, 14150, 27, 57722, 57722
100, 14160, 27, 57722, 57722
100, 14170, 27, 57722, 57722
100, 14180, 27, 57722, 57722
100, 14190, 27, 57722, 57722
100, 14200, 27, 57722, 57722
100, 14210, 27, 57722, 57722
100, 14220, 27, 57722, 57722
100, 14230, 27, 57722, 57722
100, 14240, 27, 57722, 57722
100, 14250, 27, 57722, 57722
100, 14260, 27, 57722, 57722
100, 14270, 27, 57722, 57722
100, 14280, 27, 57722, 57722
100, 14290, 27, 57722, 57722
100, 14300, 27, 57722, 57722
100, 14310, 27, 57722, 57722
100, 14320, 27, 57722, 57722
100, 14330, 27, 57722, 57722
100, 14340, 27, 57722, 57722
100, 14350, 27, 57722, 57722
100, 14360, 27, 57722, 57722
100, 14370, 27, 57722, 57722
100, 14380, 27, 57640, 57722
100, 14390, 27, 57640, 57640
100, 14400, 27, 57640, 57640
100, 14410, 27, 57640, 57640
100, 14420, 27, 57640, 57640
100, 14430, 27, 57640, 57640
100, 14440, 27, 57640, 57640
100, 14450, 27, 57640, 57640
100, 14460, 27, 57640, 57640
100, 14470, 27, 57640, 57640
100, 14480, 27, 57640, 57640
100, 14490, 27, 57640, 57640
100, 14500, 27, 57640, 57640
100, 14510, 27, 57640, 57640
100, 14520, 27, 57640, 57640
100, 14530, 27, 57640, 57640
100, 14540, 27, 57640, 57640
100, 14550, 27, 57640, 57640
100, 14560, 27, 57557, 57640
100, 14570, 27, 57557, 57557
100, 14580, 27, 57557, 57557
100, 14590, 27, 57557, 57557
100, 14600, 27, 57557, 57557
100, 14610, 27, 57557, 57557
100, 14620, 27, 57557, 57557
100, 14630, 27, 57557, 57557
100, 14640, 27, 57557, 57557
100, 14650, 27, 57557, 57557
100, 14660, 27, 57557, 57557
100, 14670, 27, 57557, 57557
100, 14680, 27, 57557, 57557
100, 14690, 27, 57557, 57557
100, 14700, 27, 57557, 57557
100, 14710, 27, 57557, 57557
100, 14720, 27, 57557, 57557
100, 14730, 27, 57557, 57557
100, 14740, 27, 57557, 57557
100, 14750, 27, 57557, 57557
100, 14760, 27, 57557, 57557
100, 14770, 27, 57557, 57557
100, 14780, 27, 57557, 57557
100, 14790, 27, 57557, 57557
100, 14800, 27, 57557, 57557
100, 14810, 27, 57557, 57557
100, 14820, 27, 57557, 57557
100, 14830, 27, 57557, 57557
100, 14840, 27, 57557, 57557
100, 14850, 27, 57557, 57557
100, 14860, 27, 57557, 57557
100, 14870, 27, 57557, 57557
100, 14880, 27, 57557, 57557
100, 14890, 27, 57557, 57557
100, 14900, 27, 57557, 57557
100, 14910, 27, 57557, 57557
100, 14920, 27, 57557, 57557
100, 14930, 27, 57557, 57557
100, 14940, 27, 57557, 57557
100, 14950, 27, 57557, 57557
100, 14960, 27, 57557, 57557
100, 14970, 27, 57557, 57557
100, 14980, 27, 57549, 57557
100, 14990, 27, 57549, 57549
100, 15000, 27, 57549, 57549
100, 15010, 27, 57549, 57549
100, 15020, 27, 57549, 57549
100, 15030, 27, 57549, 57549
100, 15040, 27, 57549, 57549
100, 15050, 27, 57549, 57549
100, 15060, 27, 57549, 57549
100, 15070, 27, 57549, 57549
100, 15080, 27, 57549, 57549
100, 15090, 27, 57549, 57549
100, 15100, 27, 57549, 57549
100, 15110, 27, 57549, 57549
100, 15120, 27, 57549, 57549
100, 15130, 27, 57549, 57549
100, 15140, 27, 57549, 57549
100, 15150, 27, 57549, 57549
100, 15160, 27, 57549, 57549
100, 15170, 27, 57549, 57549
100, 15180, 27, 57549, 57549
100, 15190, 27, 57549, 57549
100, 15200, 27, 57549, 57549
100, 15210, 27, 57549, 57549
100, 15220, 27, 57549, 57549
100, 15230, 27, 57549, 57549
100, 15240, 27, 57549, 57549
100, 15250, 27, 57549, 57549
100, 15260, 27, 57549, 57549
100, 15270, 27, 57549, 57549
100, 15280, 27, 57549, 57549
100, 15290, 27, 57549, 57549
100, 15300, 27, 57549, 57549
100, 15310, 27, 57549, 57549
100, 15320, 27, 57549, 57549
100, 15330, 27, 57549, 57549
100, 15340, 27, 57549, 57549
100, 15350, 27, 57549, 57549
100, 15360, 27, 57549, 57549
100, 15370, 27, 57549, 57549
100, 15380, 27, 57549, 57549
100, 15390, 27, 57549, 57549
100, 15400, 27, 57549, 57549
100, 15410, 27, 57549, 57549
100, 15420, 27, 57549, 57549
100, 15430, 27, 57549, 57549
100, 15440, 27, 57549, 57549
100, 15450, 27, 57549, 57549
100, 15460, 27, 57549, 57549
100, 15470, 27, 57549, 57549
100, 15480, 27, 57549, 57549
100, 15490, 27, 57549, 57549
100, 15500, 27, 57495, 57512
100, 15510, 27, 57495, 57495
100, 15520, 27, 57495, 57495
100, 15530, 27, 57495, 57495
100, 15540, 27, 57495, 57495
100, 15550, 27, 57495, 57495
100, 15560, 27, 57495, 57495
100, 15570, 27, 57495, 57495
100, 15580, 27, 57495, 57495
100, 15590, 27, 57495, 57495
100, 15600, 27, 57495, 57495
100, 15610, 27, 57495, 57495
100, 15620, 27, 57495, 57495
100, 15630, 27, 57495, 57495
100, 15640, 27, 57495, 57495
100, 15650, 27, 57495, 57495
100, 15660, 27, 57495, 57495
100, 15670, 27, 57495, 57495
100, 15680, 27, 57495, 57495
100, 15690, 27, 57495, 57495
100, 15700, 27, 57495, 57495
100, 15710, 27, 57495, 57495
100, 15720, 27, 57495, 57495
100, 15730, 27, 57495, 57495
100, 15740, 27, 57495, 57495
100, 15750, 27, 57495, 57495
100, 15760, 27, 57495, 57495
100, 15770, 27, 57495, 57495
100, 15780, 27, 57495, 57495
100, 15790, 27, 57495, 57495
100, 15800, 27, 57495, 57495
100, 15810, 27, 57495, 57495
100, 15820, 27, 57495, 57495
100, 15830, 27, 57495, 57495
100, 15840, 27, 57495, 57495
100, 15850, 27, 57495, 57495
100, 15860, 27, 57495, 57495
100, 15870, 27, 57495, 57495
100, 15880, 27, 57495, 57495
100, 15890, 27, 57495, 57495
100, 15900, 27, 57495, 57495
100, 15910, 27, 57495, 57495
100, 15920, 27, 57495, 57495
100, 15930, 27, 57495, 57495
100, 15940, 27, 57495, 57495
100, 15950, 27, 57495, 57495
100, 15960, 27, 57495, 57495
100, 15970, 27, 57495, 57495
100, 15980, 27, 57495, 57495
100, 15990, 27, 57495, 57495
100, 16000, 27, 57495, 57495
100, 16010, 27, 57495, 57495
100, 16020, 27, 57495, 57495
100, 16030, 27, 57495, 57495
100, 16040, 27, 57495, 57495
100, 16050, 27, 57495, 57495
100, 16060, 27, 57495, 57495
100, 16070, 27, 57495, 57495
100, 16080, 27, 57495, 57495
100, 16090, 27, 57495, 57495
100, 16100, 27, 57495, 57495
100, 16110, 27, 57495, 57495
100, 16120, 27, 57495, 57495
100, 16130, 27, 57495, 57495
100, 16140, 27, 57495, 57495
100, 16150, 27, 57495, 57495
100, 16160, 27, 57495, 57495
100, 16170, 27, 57495, 57495
100, 16180, 27, 57495, 57495
100, 16190, 27, 57495, 57495
100, 16200, 27, 57495, 57495
100, 16210, 27, 57495, 57495
100, 16220, 27, 57495, 57495
100, 16230, 27, 57495, 57495
100, 16240, 27, 57495, 57495
100, 16250, 27, 57495, 57495
100, 16260, 27, 57495, 57495
100, 16270, 27, 57495, 57495
100, 16280, 27, 57495, 57495
100, 16290, 27, 57495, 57495
100, 16300, 27, 57495, 57495
100, 16310, 27, 57495, 57495
100, 16320, 27, 57495, 57495
100, 16330, 27, 57495, 57495
100, 16340, 27, 57495, 57495
100, 16350, 27, 57495, 57495
100, 16360, 27, 57495, 57495
100, 16370, 27, 57495, 57495
100, 16380, 27, 57495, 57495
100, 16390, 27, 57495, 57495
100, 16400, 27, 57495, 57495
100, 16410, 27, 57495, 57495
100, 16420, 27, 57495, 57495
100, 16430, 27, 57495, 57495
100, 16440, 27, 57495, 57495
100, 16450, 27, 57495, 57495
100, 16460, 27, 57495, 57495
100, 16470, 27, 57495, 57495
100, 16480, 27, 57495, 57495
100, 16490, 27, 57495, 57495
100, 16500, 27, 57495, 57495
100, 16510, 27, 57495, 57495
100, 16520, 27, 57495, 57495
100, 16530, 27, 57454, 57495
100, 16540, 27, 57454, 57454
100, 16550, 27, 57454, 57454
100, 16560, 27, 57454, 57454
100, 16570, 27, 57454, 57454
100, 16580, 27, 57454, 57454
100, 16590, 27, 57454, 57454
100, 16600, 27, 57454, 57454
100, 16610, 27, 57454, 57454
100, 16620, 27, 57454, 57454
100, 16630, 27, 57454, 57454
100, 16640, 27, 57454, 57454
100, 16650, 27, 57454, 57454
100, 16660, 27, 57454, 57454
100, 16670, 27, 57454, 57454
100, 16680, 27, 57454, 57454
100, 16690, 27, 57454, 57454
100, 16700, 27, 57454, 57454
100, 16710, 27, 57454, 57454
100, 16720, 27, 57454, 57454
100, 16730, 27, 57436, 57454
100, 16740, 27, 57436, 57436
100, 16750, 27, 57436, 57436
100, 16760, 27, 57436, 57436
100, 16770, 27, 57436, 57436
100, 16780, 27, 57436, 57436
100, 16790, 27, 57435, 57435
100, 16800, 27, 57435, 57435
100, 16810, 27, 57435, 57435
100, 16820, 27, 57435, 57435
100, 16830, 27, 57435, 57435
100, 16840, 27, 57435, 57435
100, 16850, 27, 57435, 57435
100, 16860, 27, 57435, 57435
100, 16870, 27, 57435, 57435
100, 16880, 27, 57435, 57435
100, 16890, 27, 57435, 57435
100, 16900, 27, 57435, 57435
100, 16910, 27, 57435, 57435
100, 16920, 27, 57435, 57435
100, 16930, 27, 57435, 57435
100, 16940, 27, 57435, 57435
100, 16950, 27, 57435, 57435
100, 16960, 27, 57435, 57435
100, 16970, 27, 57435, 57435
100, 16980, 27, 57435, 57435
100, 16990, 27, 57435, 57435
100, 17000, 27, 57435, 57435
100, 17010, 27, 57435, 57435
100, 17020, 27, 57435, 57435
100, 17030, 27, 57435, 57435
100, 17040, 27, 57435, 57435
100, 17050, 27, 57435, 57435
100, 17060, 27, 57435, 57435
100, 17070, 27, 57435, 57435
100, 17080, 27, 57435, 57435
100, 17090, 27, 57435, 57435
100, 17100, 27, 57435, 57435
100, 17110, 27, 57435, 57435
100, 17120, 27, 57435, 57435
100, 17130, 27, 57435, 57435
100, 17140, 27, 57370, 57435
100, 17150, 27, 57370, 57370
100, 17160, 27, 57370, 57370
100, 17170, 27, 57370, 57370
100, 17180, 27, 57370, 57370
100, 17190, 27, 57370, 57370
100, 17200, 27, 57370, 57370
100, 17210, 27, 57370, 57370
100, 17220, 27, 57370, 57370
100, 17230, 27, 57370, 57370
100, 17240, 27, 57370, 57370
100, 17250, 27, 57370, 57370
100, 17260, 27, 57370, 57370
100, 17270, 27, 57370, 57370
100, 17280, 27, 57370, 57370
100, 17290, 27, 57370, 57370
100, 17300, 27, 57370, 57370
100, 17310, 27, 57370, 57370
100, 17320, 27, 57370, 57370
100, 17330, 27, 57370, 57370
100, 17340, 27, 57370, 57370
100, 17350, 27, 57370, 57370
100, 17360, 27, 57370, 57370
100, 17370, 27, 57370, 57370
100, 17380, 27, 57370, 57370
100, 17390, 27, 57370, 57370
100, 17400, 27, 57370, 57370
100, 17410, 27, 57370, 57370
100, 17420, 27, 57370, 57370
100, 17430, 27, 57370, 57370
100, 17440, 27, 57370, 57370
100, 17450, 27, 57340, 57340
100, 17460, 27, 57340, 57340
100, 17470, 27, 57340, 57340
100, 17480, 27, 57340, 57340
100, 17490, 27, 57340, 57340
100, 17500, 27, 57340, 57340
100, 17510, 27, 57340, 57340
100, 17520, 27, 57340, 57340
100, 17530, 27, 57340, 57340
100, 17540, 27, 57340, 57340
100, 17550, 27, 57340, 57340
100, 17560, 27, 57340, 57340
100, 17570, 27, 57340, 57340
100, 17580, 27, 57340, 57340
100, 17590, 27, 57340, 57340
100, 17600, 27, 57340, 57340
100, 17610, 27, 57340, 57340
100, 17620, 27, 57340, 57340
100, 17630, 27, 57340, 57340
100, 17640, 27, 57340, 57340
100, 17650, 27, 57340, 57340
100, 17660, 27, 57340, 57340
100, 17670, 27, 57340, 57340
100, 17680, 27, 57340, 57340
100, 17690, 27, 57340, 57340
100, 17700, 27, 57340, 57340
100, 17710, 27, 57340, 57340
100, 17720, 27, 57340, 57340
100, 17730, 27, 57340, 57340
100, 17740, 27, 57340, 57340
100, 17750, 27, 57340, 57340
100, 17760, 27, 57340, 57340
100, 17770, 27, 57340, 57340
100, 17780, 27, 57340, 57340
100, 17790, 27, 57229, 57340
100, 17800, 27, 57229, 57229
100, 17810, 27, 57229, 57229
100, 17820, 27, 57229, 57229
100, 17830, 27, 57229, 57229
100, 17840, 27, 57229, 57229
100, 17850, 27, 57229, 57229
100, 17860, 27, 57229, 57229
100, 17870, 27, 57229, 57229
100, 17880, 27, 57229, 57229
100, 17890, 27, 57229, 57229
100, 17900, 27, 57229, 57229
100, 17910, 27, 57229, 57229
100, 17920, 27, 57229, 57229
100, 17930, 27, 57229, 57229
100, 17940, 27, 57229, 57229
100, 17950, 27, 57229, 57229
100, 17960, 27, 57180, 57180
100, 17970, 27, 57180, 57180
100, 17980, 27, 57180, 57180
100, 17990, 27, 57180, 57180
100, 18000, 27, 57180, 57180
100, 18010, 27, 57180, 57180
100, 18020, 27, 57180, 57180
100, 18030, 27, 57180, 57180
100, 18040, 27, 57180, 57180
100, 18050, 27, 57180, 57180
100, 18060, 27, 57180, 57180
100, 18070, 27, 57180, 57180
100, 18080, 27, 57180, 57180
100, 18090, 27, 57180, 57180
100, 18100, 27, 57180, 57180
100, 18110, 27, 57180, 57180
100, 18120, 27, 57180, 57180
100, 18130, 27, 57180, 57180
100, 18140, 27, 57180, 57180
100, 18150, 27, 57180, 57180
100, 18160, 27, 57180, 57180
100, 18170, 27, 57180, 57180
100, 18180, 27, 57180, 57180
100, 18190, 27, 57180, 57180
100, 18200, 27, 57180, 57180
100, 18210, 27, 57180, 57180
100, 18220, 27, 57180, 57180
100, 18230, 27, 57180, 57180
100, 18240, 27, 57180, 57180
100, 18250, 27, 57180, 57180
100, 18260, 27, 57180, 57180
100, 18270, 27, 57180, 57180
100, 18280, 27, 57180, 57180
100, 18290, 27, 57180, 57180
100, 18300, 27, 57180, 57180
100, 18310, 27, 57180, 57180
100, 18320, 27, 57180, 57180
100, 18330, 27, 57180, 57180
100, 18340, 27, 57180, 57180
100, 18350, 27, 57180, 57180
100, 18360, 27, 57180, 57180
100, 18370, 27, 57180, 57180
100, 18380, 27, 57180, 57180
100, 18390, 27, 57180, 57180
100, 18400, 27, 57180, 57180
100, 18410, 27, 57180, 57180
100, 18420, 27, 57180, 57180
100, 18430, 27, 57180, 57180
100, 18440, 27, 57180, 57180
100, 18450, 27, 57095, 57180
100, 18460, 27, 57095, 57095
100, 18470, 27, 57095, 57095
100, 18480, 27, 57095, 57095
100, 18490, 27, 57095, 57095
100, 18500, 27, 57095, 57095
100, 18510, 27, 57095, 57095
100, 18520, 27, 57095, 57095
100, 18530, 27, 57095, 57095
100, 18540, 27, 57095, 57095
100, 18550, 27, 57095, 57095
100, 18560, 27, 57095, 57095
100, 18570, 27, 57095, 57095
100, 18580, 27, 57095, 57095
100, 18590, 27, 57095, 57095
100, 18600, 27, 57095, 57095
100, 18610, 27, 57095, 57095
100, 18620, 27, 57095, 57095
100, 18630, 27, 57095, 57095
100, 18640, 27, 57095, 57095
100, 18650, 27, 57095, 57095
100, 18660, 27, 57095, 57095
100, 18670, 27, 57095, 57095
100, 18680, 27, 57095, 57095
100, 18690, 27, 57095, 57095
100, 18700, 27, 57095, 57095
100, 18710, 27, 57069, 57069
100, 18720, 27, 57069, 57069
100, 18730, 27, 57069, 57069
100, 18740, 27, 57069, 57069
100, 18750, 27, 57069, 57069
100, 18760, 27, 57069, 57069
100, 18770, 27, 57069, 57069
100, 18780, 27, 57069, 57069
100, 18790, 27, 57069, 57069
100, 18800, 27, 57069, 57069
100, 18810, 27, 57069, 57069
100, 18820, 27, 57069, 57069
100, 18830, 27, 57069, 57069
100, 18840, 27, 57069, 57069
100, 18850, 27, 57069, 57069
100, 18860, 27, 57069, 57069
100, 18870, 27, 57043, 57043
100, 18880, 27, 57043, 57043
100, 18890, 27, 57043, 57043
100, 18900, 27, 57043, 57043
100, 18910, 27, 57043, 57043
100, 18920, 27, 57043, 57043
100, 18930, 27, 57043, 57043
100, 18940, 27, 57043, 57043
100, 18950, 27, 57043, 57043
100, 18960, 27, 57043, 57043
100, 18970, 27, 57043, 57043
100, 18980, 27, 57043, 57043
100, 18990, 27, 57043, 57043
100, 19000, 27, 56951, 57043
100, 19010, 27, 56951, 56951
100, 19020, 27, 56951, 56951
100, 19030, 27, 56951, 56951
100, 19040, 27, 56951, 56951
100, 19050, 27, 56951, 56951
100, 19060, 27, 56951, 56951
100, 19070, 27, 56951, 56951
100, 19080, 27, 56951, 56951
100, 19090, 27, 56951, 56951
100, 19100, 27, 56951, 56951
100, 19110, 27, 56951, 56951
100, 19120, 27, 56951, 56951
100, 19130, 27, 56951, 56951
100, 19140, 27, 56951, 56951
100, 19150, 27, 56951, 56951
100, 19160, 27, 56951, 56951
100, 19170, 27, 56951, 56951
100, 19180, 27, 56951, 56951
100, 19190, 27, 56951, 56951
100, 19200, 27, 56951, 56951
100, 19210, 27, 56951, 56951
100, 19220, 27, 56951, 56951
100, 19230, 27, 56951, 56951
100, 19240, 27, 56951, 56951
100, 19250, 27, 56951, 56951
100, 19260, 27, 56951, 56951
100, 19270, 27, 56951, 56951
100, 19280, 27, 56951, 56951
100, 19290, 27, 56951, 56951
100, 19300, 27, 56951, 56951
100, 19310, 27, 56951, 56951
100, 19320, 27, 56951, 56951
100, 19330, 27, 56951, 56951
100, 19340, 27, 56951, 56951
100, 19350, 27, 56951, 56951
100, 19360, 27, 56951, 56951
100, 19370, 27, 56951, 56951
100, 19380, 27, 56951, 56951
100, 19390, 27, 56951, 56951
100, 19400, 27, 56951, 56951
100, 19410, 27, 56951, 56951
100, 19420, 27, 56951, 56951
100, 19430, 27, 56951, 56951
100, 19440, 27, 56951, 56951
100, 19450, 27, 56951, 56951
100, 19460, 27, 56951, 56951
100, 19470, 27, 56951, 56951
100, 19480, 27, 56951, 56951
100, 19490, 27, 56951, 56951
100, 19500, 27, 56951, 56951
100, 19510, 27, 56868, 56951
100, 19520, 27, 56868, 56868
100, 19530, 27, 56868, 56868
100, 19540, 27, 56868, 56868
100, 19550, 27, 56868, 56868
100, 19560, 27, 56868, 56868
100, 19570, 27, 56868, 56868
100, 19580, 27, 56868, 56868
100, 19590, 27, 56868, 56868
100, 19600, 27, 56868, 56868
100, 19610, 27, 56552, 56552
100, 19620, 27, 56552, 56552
100, 19630, 27, 56552, 56552
100, 19640, 27, 56549, 56549
100, 19650, 27, 56549, 56549
100, 19660, 27, 56549, 56549
100, 19670, 27, 56549, 56549
100, 19680, 27, 56549, 56549
100, 19690, 27, 56549, 56549
100, 19700, 27, 56549, 56549
100, 19710, 27, 56549, 56549
100, 19720, 27, 56549, 56549
100, 19730, 27, 56549, 56549
100, 19740, 27, 56549, 56549
100, 19750, 27, 56549, 56549
100, 19760, 27, 56549, 56549
100, 19770, 27, 56549, 56549
100, 19780, 27, 56549, 56549
100, 19790, 27, 56549, 56549
100, 19800, 27, 56549, 56549
100, 19810, 27, 56549, 56549
100, 19820, 27, 56549, 56549
100, 19830, 27, 56549, 56549
100, 19840, 27, 56549, 56549
100, 19850, 27, 56549, 56549
100, 19860, 27, 56549, 56549
100, 19870, 27, 56549, 56549
100, 19880, 27, 56549, 56549
100, 19890, 27, 56549, 56549
100, 19900, 27, 56549, 56549
100, 19910, 27, 56549, 56549
100, 19920, 27, 56549, 56549
100, 19930, 27, 56549, 56549
100, 19940, 27, 56549, 56549
100, 19950, 27, 56549, 56549
100, 19960, 27, 56549, 56549
100, 19970, 27, 56549, 56549
100, 19980, 27, 56549, 56549
100, 19990, 27, 56391, 56391
