Population Size, Generation Count, Repetition, Best Fitness, Median Fitness
20, 0, 0, 754262, 773497
20, 10, 0, 714974, 723135
20, 20, 0, 700304, 704447
20, 30, 0, 676274, 684067
20, 40, 0, 664340, 665846
20, 50, 0, 646911, 650699
20, 60, 0, 636349, 640125
20, 70, 0, 627211, 630227
20, 80, 0, 613163, 619451
20, 90, 0, 598463, 604696
20, 100, 0, 586513, 590058
20, 110, 0, 578496, 584593
20, 120, 0, 568834, 574110
20, 130, 0, 562897, 566339
20, 140, 0, 547854, 559789
20, 150, 0, 540426, 542499
20, 160, 0, 531345, 536257
20, 170, 0, 523565, 527950
20, 180, 0, 518189, 524125
20, 190, 0, 510257, 515190
20, 200, 0, 505357, 510460
20, 210, 0, 499121, 500832
20, 220, 0, 492990, 497567
20, 230, 0, 486976, 489930
20, 240, 0, 482515, 485416
20, 250, 0, 474334, 477546
20, 260, 0, 470221, 472713
20, 270, 0, 463904, 466492
20, 280, 0, 461866, 465340
20, 290, 0, 457297, 458171
20, 300, 0, 451854, 455209
20, 310, 0, 448511, 450746
20, 320, 0, 446349, 450246
20, 330, 0, 441232, 446153
20, 340, 0, 437815, 440159
20, 350, 0, 434694, 436982
20, 360, 0, 430950, 433537
20, 370, 0, 427251, 430768
20, 380, 0, 424086, 426903
20, 390, 0, 418638, 422735
20, 400, 0, 416275, 417321
20, 410, 0, 411497, 414861
20, 420, 0, 408230, 411491
20, 430, 0, 403435, 405698
20, 440, 0, 399232, 402403
20, 450, 0, 394485, 395917
20, 460, 0, 391224, 396030
20, 470, 0, 388413, 391471
20, 480, 0, 384242, 386753
20, 490, 0, 377868, 385670
20, 500, 0, 375906, 376978
20, 510, 0, 371839, 375648
20, 520, 0, 369596, 375191
20, 530, 0, 367027, 368739
20, 540, 0, 364783, 367805
20, 550, 0, 363047, 364491
20, 560, 0, 359300, 362377
20, 570, 0, 357203, 359568
20, 580, 0, 355989, 357511
20, 590, 0, 354515, 355794
20, 600, 0, 351302, 356117
20, 610, 0, 349774, 351364
20, 620, 0, 348440, 351508
20, 630, 0, 347384, 350069
20, 640, 0, 345179, 347481
20, 650, 0, 344266, 344658
20, 660, 0, 341282, 343640
20, 670, 0, 337577, 340754
20, 680, 0, 336367, 339264
20, 690, 0, 335747, 338839
20, 700, 0, 334123, 335249
20, 710, 0, 330771, 332779
20, 720, 0, 328575, 331436
20, 730, 0, 327714, 328854
20, 740, 0, 325852, 328168
20, 750, 0, 323670, 326197
20, 760, 0, 322624, 325036
20, 770, 0, 321113, 324411
20, 780, 0, 319061, 322938
20, 790, 0, 318156, 319171
20, 800, 0, 315788, 320233
20, 810, 0, 312595, 314273
20, 820, 0, 311009, 317310
20, 830, 0, 310353, 313185
20, 840, 0, 308274, 309647
20, 850, 0, 307492, 308041
20, 860, 0, 306186, 308634
20, 870, 0, 301965, 306209
20, 880, 0, 300631, 304106
20, 890, 0, 300390, 302479
20, 900, 0, 297975, 300394
20, 910, 0, 296944, 299221
20, 920, 0, 295977, 300454
20, 930, 0, 294383, 296879
20, 940, 0, 293745, 295265
20, 950, 0, 292669, 297177
20, 960, 0, 290812, 293669
20, 970, 0, 290571, 292755
20, 980, 0, 289464, 292334
20, 990, 0, 288626, 292106
20, 1000, 0, 286725, 288379
20, 1010, 0, 285262, 286845
20, 1020, 0, 284304, 290345
20, 1030, 0, 283789, 286500
20, 1040, 0, 283109, 285443
20, 1050, 0, 280558, 284835
20, 1060, 0, 278194, 281454
20, 1070, 0, 274464, 276974
20, 1080, 0, 273769, 275976
20, 1090, 0, 273198, 276208
20, 1100, 0, 271881, 273774
20, 1110, 0, 271077, 272449
20, 1120, 0, 270052, 274221
20, 1130, 0, 269687, 272204
20, 1140, 0, 269339, 272405
20, 1150, 0, 268629, 272168
20, 1160, 0, 266707, 270271
20, 1170, 0, 265690, 266680
20, 1180, 0, 264679, 268199
20, 1190, 0, 263541, 267019
20, 1200, 0, 262362, 263451
20, 1210, 0, 262068, 264509
20, 1220, 0, 261070, 265510
20, 1230, 0, 260527, 263474
20, 1240, 0, 259710, 262723
20, 1250, 0, 258590, 261712
20, 1260, 0, 257081, 258727
20, 1270, 0, 256201, 258455
20, 1280, 0, 255364, 260301
20, 1290, 0, 254046, 256357
20, 1300, 0, 252468, 254948
20, 1310, 0, 252015, 254427
20, 1320, 0, 251187, 251464
20, 1330, 0, 249449, 252189
20, 1340, 0, 249212, 252054
20, 1350, 0, 247629, 250286
20, 1360, 0, 247212, 249352
20, 1370, 0, 246692, 248347
20, 1380, 0, 246143, 249496
20, 1390, 0, 245892, 247180
20, 1400, 0, 245412, 250097
20, 1410, 0, 245134, 246062
20, 1420, 0, 243917, 246384
20, 1430, 0, 242802, 245127
20, 1440, 0, 241754, 244294
20, 1450, 0, 240237, 244089
20, 1460, 0, 239429, 243068
20, 1470, 0, 239120, 241132
20, 1480, 0, 237878, 239968
20, 1490, 0, 237316, 239099
20, 1500, 0, 235989, 239048
20, 1510, 0, 235248, 237131
20, 1520, 0, 234486, 237367
20, 1530, 0, 233485, 237881
20, 1540, 0, 233014, 237356
20, 1550, 0, 231677, 234309
20, 1560, 0, 230563, 234207
20, 1570, 0, 229525, 230538
20, 1580, 0, 229089, 232646
20, 1590, 0, 228149, 229938
20, 1600, 0, 227914, 229914
20, 1610, 0, 226397, 229558
20, 1620, 0, 226134, 229517
20, 1630, 0, 226072, 228218
20, 1640, 0, 225358, 227748
20, 1650, 0, 224602, 226479
20, 1660, 0, 223977, 224444
20, 1670, 0, 223836, 228386
20, 1680, 0, 223138, 224958
20, 1690, 0, 222657, 225013
20, 1700, 0, 221933, 225827
20, 1710, 0, 220741, 223967
20, 1720, 0, 219534, 224665
20, 1730, 0, 219348, 222524
20, 1740, 0, 219157, 221240
20, 1750, 0, 218667, 220210
20, 1760, 0, 217988, 221186
20, 1770, 0, 217474, 218386
20, 1780, 0, 216857, 221003
20, 1790, 0, 216429, 219968
20, 1800, 0, 216055, 218953
20, 1810, 0, 215597, 218249
20, 1820, 0, 214890, 215880
20, 1830, 0, 213642, 218026
20, 1840, 0, 212950, 213605
20, 1850, 0, 212500, 213923
20, 1860, 0, 211845, 215074
20, 1870, 0, 211411, 212207
20, 1880, 0, 211211, 213449
20, 1890, 0, 211134, 214760
20, 1900, 0, 210711, 212474
20, 1910, 0, 209775, 212522
20, 1920, 0, 209271, 211412
20, 1930, 0, 208783, 209828
20, 1940, 0, 207978, 211543
20, 1950, 0, 207684, 208107
20, 1960, 0, 206612, 210229
20, 1970, 0, 206605, 209379
20, 1980, 0, 206446, 208680
20, 1990, 0, 205650, 207618
20, 2000, 0, 204595, 210017
20, 2010, 0, 204519, 209283
20, 2020, 0, 204141, 205685
20, 2030, 0, 203532, 207052
20, 2040, 0, 202856, 203621
20, 2050, 0, 202455, 203812
20, 2060, 0, 202272, 203900
20, 2070, 0, 201814, 204971
20, 2080, 0, 200853, 206393
20, 2090, 0, 199676, 204701
20, 2100, 0, 199486, 202766
20, 2110, 0, 198791, 200848
20, 2120, 0, 198791, 201666
20, 2130, 0, 198500, 198938
20, 2140, 0, 198037, 201747
20, 2150, 0, 197837, 199430
20, 2160, 0, 196851, 198990
20, 2170, 0, 196851, 200217
20, 2180, 0, 196851, 199259
20, 2190, 0, 196526, 200083
20, 2200, 0, 196293, 197870
20, 2210, 0, 194150, 195532
20, 2220, 0, 194079, 196798
20, 2230, 0, 193085, 194356
20, 2240, 0, 192961, 194969
20, 2250, 0, 192584, 196475
20, 2260, 0, 192278, 198473
20, 2270, 0, 192225, 192734
20, 2280, 0, 191917, 195403
20, 2290, 0, 190818, 191085
20, 2300, 0, 190410, 192550
20, 2310, 0, 190082, 194578
20, 2320, 0, 189481, 191712
20, 2330, 0, 189096, 190209
20, 2340, 0, 189073, 191498
20, 2350, 0, 188566, 190582
20, 2360, 0, 188566, 189952
20, 2370, 0, 187891, 191268
20, 2380, 0, 187891, 187891
20, 2390, 0, 187891, 190465
20, 2400, 0, 187880, 191135
20, 2410, 0, 187880, 189715
20, 2420, 0, 186770, 191942
20, 2430, 0, 186270, 186586
20, 2440, 0, 185520, 187023
20, 2450, 0, 185337, 187437
20, 2460, 0, 185337, 187058
20, 2470, 0, 185074, 187791
20, 2480, 0, 184849, 186941
20, 2490, 0, 184470, 186666
20, 2500, 0, 184131, 190172
20, 2510, 0, 183277, 185638
20, 2520, 0, 182583, 185375
20, 2530, 0, 182525, 184160
20, 2540, 0, 182185, 184793
20, 2550, 0, 181762, 183772
20, 2560, 0, 180899, 183535
20, 2570, 0, 180254, 182835
20, 2580, 0, 179261, 179261
20, 2590, 0, 178460, 181278
20, 2600, 0, 178460, 178460
20, 2610, 0, 178460, 181914
20, 2620, 0, 178054, 180121
20, 2630, 0, 177689, 180247
20, 2640, 0, 177503, 178697
20, 2650, 0, 177110, 179748
20, 2660, 0, 177110, 177787
20, 2670, 0, 176618, 180490
20, 2680, 0, 176418, 178958
20, 2690, 0, 176415, 179087
20, 2700, 0, 176209, 177716
20, 2710, 0, 175153, 178156
20, 2720, 0, 174720, 176538
20, 2730, 0, 173933, 175652
20, 2740, 0, 173809, 176717
20, 2750, 0, 172768, 175824
20, 2760, 0, 172297, 174568
20, 2770, 0, 172201, 172342
20, 2780, 0, 171988, 176423
20, 2790, 0, 171733, 173597
20, 2800, 0, 171331, 173690
20, 2810, 0, 171331, 175707
20, 2820, 0, 171078, 173290
20, 2830, 0, 170691, 170862
20, 2840, 0, 170459, 171207
20, 2850, 0, 169644, 173496
20, 2860, 0, 169121, 172313
20, 2870, 0, 168978, 171259
20, 2880, 0, 168672, 170122
20, 2890, 0, 168647, 169091
20, 2900, 0, 168351, 170646
20, 2910, 0, 167705, 171646
20, 2920, 0, 167705, 172032
20, 2930, 0, 167348, 171068
20, 2940, 0, 166919, 170421
20, 2950, 0, 166919, 169036
20, 2960, 0, 166870, 167463
20, 2970, 0, 166461, 170790
20, 2980, 0, 166461, 169063
20, 2990, 0, 166461, 166567
20, 3000, 0, 166461, 169297
20, 3010, 0, 166290, 166447
20, 3020, 0, 166083, 169768
20, 3030, 0, 164795, 165631
20, 3040, 0, 164151, 166832
20, 3050, 0, 163907, 166262
20, 3060, 0, 163483, 165015
20, 3070, 0, 163432, 165954
20, 3080, 0, 162521, 165344
20, 3090, 0, 162159, 167066
20, 3100, 0, 161507, 163426
20, 3110, 0, 161097, 162509
20, 3120, 0, 160797, 162407
20, 3130, 0, 160515, 162412
20, 3140, 0, 160078, 161627
20, 3150, 0, 159767, 164910
20, 3160, 0, 159717, 161360
20, 3170, 0, 159430, 159717
20, 3180, 0, 159047, 160120
20, 3190, 0, 159016, 159047
20, 3200, 0, 159016, 159843
20, 3210, 0, 158815, 161108
20, 3220, 0, 158190, 162042
20, 3230, 0, 156665, 160840
20, 3240, 0, 156529, 160212
20, 3250, 0, 155956, 156529
20, 3260, 0, 155847, 161192
20, 3270, 0, 155847, 158184
20, 3280, 0, 155239, 158024
20, 3290, 0, 154795, 158300
20, 3300, 0, 154729, 157484
20, 3310, 0, 154113, 158526
20, 3320, 0, 153553, 154113
20, 3330, 0, 153553, 157441
20, 3340, 0, 153241, 155140
20, 3350, 0, 153136, 153460
20, 3360, 0, 152539, 152800
20, 3370, 0, 152539, 156598
20, 3380, 0, 152539, 152912
20, 3390, 0, 151719, 151977
20, 3400, 0, 151532, 153307
20, 3410, 0, 151313, 154238
20, 3420, 0, 151127, 154742
20, 3430, 0, 151127, 157692
20, 3440, 0, 150341, 152375
20, 3450, 0, 149978, 153697
20, 3460, 0, 149522, 150121
20, 3470, 0, 149462, 152874
20, 3480, 0, 148909, 150993
20, 3490, 0, 148817, 154206
20, 3500, 0, 148744, 151346
20, 3510, 0, 148744, 152978
20, 3520, 0, 148712, 151337
20, 3530, 0, 148566, 150185
20, 3540, 0, 148566, 152442
20, 3550, 0, 148432, 152100
20, 3560, 0, 148400, 154378
20, 3570, 0, 148329, 151565
20, 3580, 0, 147697, 152721
20, 3590, 0, 147697, 147697
20, 3600, 0, 146914, 150669
20, 3610, 0, 146914, 146914
20, 3620, 0, 146650, 146863
20, 3630, 0, 146611, 146611
20, 3640, 0, 146470, 149092
20, 3650, 0, 146364, 149597
20, 3660, 0, 145775, 148285
20, 3670, 0, 145756, 148587
20, 3680, 0, 145756, 147344
20, 3690, 0, 145551, 148775
20, 3700, 0, 145551, 147089
20, 3710, 0, 144919, 150264
20, 3720, 0, 144800, 145962
20, 3730, 0, 144602, 146840
20, 3740, 0, 144584, 148977
20, 3750, 0, 144178, 146425
20, 3760, 0, 144178, 147002
20, 3770, 0, 144129, 146760
20, 3780, 0, 144104, 145989
20, 3790, 0, 144035, 145113
20, 3800, 0, 143825, 145043
20, 3810, 0, 143312, 149758
20, 3820, 0, 143198, 144630
20, 3830, 0, 143153, 144713
20, 3840, 0, 142765, 145151
20, 3850, 0, 142287, 145250
20, 3860, 0, 141770, 143650
20, 3870, 0, 141281, 146438
20, 3880, 0, 141281, 143179
20, 3890, 0, 140996, 145377
20, 3900, 0, 140717, 142579
20, 3910, 0, 140388, 141590
20, 3920, 0, 140388, 143567
20, 3930, 0, 140172, 140439
20, 3940, 0, 140172, 140695
20, 3950, 0, 140024, 140024
20, 3960, 0, 139819, 141302
20, 3970, 0, 139619, 142025
20, 3980, 0, 139619, 139619
20, 3990, 0, 139527, 139972
20, 4000, 0, 139327, 142411
20, 4010, 0, 138695, 144203
20, 4020, 0, 138523, 139319
20, 4030, 0, 138248, 139924
20, 4040, 0, 138164, 142330
20, 4050, 0, 137101, 138048
20, 4060, 0, 136967, 139730
20, 4070, 0, 136537, 140522
20, 4080, 0, 136537, 138741
20, 4090, 0, 136515, 141003
20, 4100, 0, 136315, 138763
20, 4110, 0, 136144, 138746
20, 4120, 0, 135944, 136144
20, 4130, 0, 135599, 138453
20, 4140, 0, 135455, 137693
20, 4150, 0, 135086, 137057
20, 4160, 0, 135025, 136229
20, 4170, 0, 135025, 136605
20, 4180, 0, 134960, 134960
20, 4190, 0, 134960, 137262
20, 4200, 0, 134911, 137877
20, 4210, 0, 134350, 136213
20, 4220, 0, 134285, 136233
20, 4230, 0, 134267, 135016
20, 4240, 0, 134267, 138455
20, 4250, 0, 134260, 137507
20, 4260, 0, 134260, 135877
20, 4270, 0, 134260, 136183
20, 4280, 0, 134260, 136416
20, 4290, 0, 134107, 135983
20, 4300, 0, 134053, 136416
20, 4310, 0, 134053, 136898
20, 4320, 0, 134053, 135839
20, 4330, 0, 134053, 135863
20, 4340, 0, 133480, 137140
20, 4350, 0, 133401, 133480
20, 4360, 0, 133401, 136898
20, 4370, 0, 133401, 134733
20, 4380, 0, 133368, 136249
20, 4390, 0, 133056, 134285
20, 4400, 0, 133056, 133700
20, 4410, 0, 133056, 133056
20, 4420, 0, 133033, 134956
20, 4430, 0, 132544, 134221
20, 4440, 0, 132337, 136760
20, 4450, 0, 132121, 134991
20, 4460, 0, 132116, 134808
20, 4470, 0, 131788, 133816
20, 4480, 0, 131788, 131788
20, 4490, 0, 131753, 131753
20, 4500, 0, 131746, 132788
20, 4510, 0, 131394, 132457
20, 4520, 0, 131236, 132873
20, 4530, 0, 131226, 133170
20, 4540, 0, 131146, 132640
20, 4550, 0, 131099, 134526
20, 4560, 0, 130964, 133850
20, 4570, 0, 130964, 133231
20, 4580, 0, 130195, 133093
20, 4590, 0, 130195, 132880
20, 4600, 0, 130195, 133004
20, 4610, 0, 130195, 130195
20, 4620, 0, 129811, 133681
20, 4630, 0, 129349, 134321
20, 4640, 0, 129349, 129349
20, 4650, 0, 129349, 129349
20, 4660, 0, 129349, 131890
20, 4670, 0, 129349, 129349
20, 4680, 0, 129236, 130002
20, 4690, 0, 129184, 130646
20, 4700, 0, 128646, 132159
20, 4710, 0, 128599, 130520
20, 4720, 0, 128599, 132300
20, 4730, 0, 128183, 130511
20, 4740, 0, 128183, 128183
20, 4750, 0, 128183, 130435
20, 4760, 0, 128026, 131747
20, 4770, 0, 128026, 129936
20, 4780, 0, 127957, 130790
20, 4790, 0, 127957, 130423
20, 4800, 0, 126844, 129265
20, 4810, 0, 126844, 129127
20, 4820, 0, 126844, 128929
20, 4830, 0, 126844, 128899
20, 4840, 0, 126844, 126844
20, 4850, 0, 126708, 129941
20, 4860, 0, 126708, 128991
20, 4870, 0, 126659, 126659
20, 4880, 0, 124620, 127194
20, 4890, 0, 124620, 127769
20, 4900, 0, 124539, 128316
20, 4910, 0, 124539, 126183
20, 4920, 0, 124462, 128407
20, 4930, 0, 124414, 127077
20, 4940, 0, 124302, 125150
20, 4950, 0, 124295, 124560
20, 4960, 0, 124295, 127624
20, 4970, 0, 123903, 124399
20, 4980, 0, 123903, 130632
20, 4990, 0, 123903, 126012
20, 5000, 0, 123903, 125907
20, 5010, 0, 123793, 125514
20, 5020, 0, 123184, 128518
20, 5030, 0, 122921, 125184
20, 5040, 0, 122921, 125295
20, 5050, 0, 122781, 125875
20, 5060, 0, 122411, 124135
20, 5070, 0, 122411, 123700
20, 5080, 0, 122394, 125856
20, 5090, 0, 121861, 124994
20, 5100, 0, 121861, 121861
20, 5110, 0, 121861, 122907
20, 5120, 0, 121861, 123220
20, 5130, 0, 121861, 125982
20, 5140, 0, 121804, 124613
20, 5150, 0, 121617, 121617
20, 5160, 0, 121384, 121610
20, 5170, 0, 121384, 121384
20, 5180, 0, 121101, 123903
20, 5190, 0, 120499, 125787
20, 5200, 0, 120499, 124936
20, 5210, 0, 120499, 120996
20, 5220, 0, 120499, 124104
20, 5230, 0, 120418, 122697
20, 5240, 0, 120418, 120418
20, 5250, 0, 120418, 120759
20, 5260, 0, 120418, 122745
20, 5270, 0, 120269, 123141
20, 5280, 0, 120261, 122071
20, 5290, 0, 120261, 122789
20, 5300, 0, 120063, 120261
20, 5310, 0, 120063, 121348
20, 5320, 0, 119627, 122947
20, 5330, 0, 119627, 121654
20, 5340, 0, 119627, 122386
20, 5350, 0, 119627, 119627
20, 5360, 0, 119627, 119627
20, 5370, 0, 119627, 121517
20, 5380, 0, 119627, 119627
20, 5390, 0, 119627, 120101
20, 5400, 0, 119627, 121123
20, 5410, 0, 119591, 121231
20, 5420, 0, 119591, 119591
20, 5430, 0, 119591, 119591
20, 5440, 0, 119514, 121265
20, 5450, 0, 119514, 122789
20, 5460, 0, 119514, 120081
20, 5470, 0, 119506, 121174
20, 5480, 0, 119506, 119916
20, 5490, 0, 119460, 124442
20, 5500, 0, 119300, 122922
20, 5510, 0, 119300, 120446
20, 5520, 0, 119300, 119300
20, 5530, 0, 119300, 122444
20, 5540, 0, 119055, 123171
20, 5550, 0, 118943, 122835
20, 5560, 0, 118932, 122680
20, 5570, 0, 118932, 118932
20, 5580, 0, 118893, 119659
20, 5590, 0, 118752, 122030
20, 5600, 0, 118441, 118873
20, 5610, 0, 118385, 118385
20, 5620, 0, 118385, 120183
20, 5630, 0, 118385, 120033
20, 5640, 0, 118385, 120670
20, 5650, 0, 118385, 120733
20, 5660, 0, 118385, 119991
20, 5670, 0, 118385, 121214
20, 5680, 0, 118385, 118385
20, 5690, 0, 118385, 121143
20, 5700, 0, 118214, 120197
20, 5710, 0, 118214, 118214
20, 5720, 0, 118130, 121815
20, 5730, 0, 118064, 119866
20, 5740, 0, 117923, 118999
20, 5750, 0, 117481, 119202
20, 5760, 0, 117481, 117481
20, 5770, 0, 117456, 117481
20, 5780, 0, 117456, 119338
20, 5790, 0, 117267, 120568
20, 5800, 0, 117267, 119865
20, 5810, 0, 117267, 119462
20, 5820, 0, 117267, 117888
20, 5830, 0, 117267, 117267
20, 5840, 0, 117267, 120113
20, 5850, 0, 117235, 119155
20, 5860, 0, 117235, 117235
20, 5870, 0, 117043, 117235
20, 5880, 0, 117011, 118434
20, 5890, 0, 116826, 118250
20, 5900, 0, 116826, 116826
20, 5910, 0, 116826, 119459
20, 5920, 0, 116826, 116826
20, 5930, 0, 116717, 118630
20, 5940, 0, 116713, 117430
20, 5950, 0, 116713, 118348
20, 5960, 0, 116571, 117532
20, 5970, 0, 116499, 116571
20, 5980, 0, 116499, 116746
20, 5990, 0, 116485, 119515
20, 6000, 0, 116288, 119273
20, 6010, 0, 116261, 120880
20, 6020, 0, 116198, 119215
20, 6030, 0, 116000, 118256
20, 6040, 0, 116000, 117248
20, 6050, 0, 115982, 118612
20, 6060, 0, 115238, 115558
20, 6070, 0, 114964, 114964
20, 6080, 0, 114286, 115025
20, 6090, 0, 114236, 114832
20, 6100, 0, 113836, 113836
20, 6110, 0, 113836, 118427
20, 6120, 0, 113836, 116706
20, 6130, 0, 113836, 113857
20, 6140, 0, 113836, 113836
20, 6150, 0, 113418, 116480
20, 6160, 0, 113418, 113418
20, 6170, 0, 113284, 117539
20, 6180, 0, 113284, 114663
20, 6190, 0, 113155, 115984
20, 6200, 0, 113072, 113484
20, 6210, 0, 113072, 115798
20, 6220, 0, 112721, 112721
20, 6230, 0, 112704, 112721
20, 6240, 0, 112704, 113060
20, 6250, 0, 112704, 116752
20, 6260, 0, 112704, 112704
20, 6270, 0, 112704, 115592
20, 6280, 0, 112647, 115635
20, 6290, 0, 112530, 115989
20, 6300, 0, 112520, 112520
20, 6310, 0, 112476, 113825
20, 6320, 0, 112476, 112476
20, 6330, 0, 112476, 113267
20, 6340, 0, 112476, 114982
20, 6350, 0, 112476, 112833
20, 6360, 0, 112185, 112476
20, 6370, 0, 112185, 112609
20, 6380, 0, 111952, 113560
20, 6390, 0, 111952, 113900
20, 6400, 0, 111952, 117208
20, 6410, 0, 111952, 114591
20, 6420, 0, 111862, 111952
20, 6430, 0, 111777, 116532
20, 6440, 0, 111777, 113152
20, 6450, 0, 111777, 114240
20, 6460, 0, 111777, 111777
20, 6470, 0, 111777, 112183
20, 6480, 0, 111646, 112161
20, 6490, 0, 111646, 111646
20, 6500, 0, 111646, 111646
20, 6510, 0, 111646, 113550
20, 6520, 0, 111578, 111646
20, 6530, 0, 111340, 115263
20, 6540, 0, 111340, 111340
20, 6550, 0, 111340, 113027
20, 6560, 0, 111152, 114255
20, 6570, 0, 111152, 112167
20, 6580, 0, 111015, 111638
20, 6590, 0, 111015, 112844
20, 6600, 0, 111015, 111015
20, 6610, 0, 111015, 113707
20, 6620, 0, 110881, 110881
20, 6630, 0, 110629, 111034
20, 6640, 0, 110513, 112580
20, 6650, 0, 110513, 114560
20, 6660, 0, 110335, 111597
20, 6670, 0, 110237, 112536
20, 6680, 0, 110237, 113899
20, 6690, 0, 110237, 114435
20, 6700, 0, 110237, 110237
20, 6710, 0, 109965, 112954
20, 6720, 0, 109965, 112445
20, 6730, 0, 109965, 111637
20, 6740, 0, 109965, 109965
20, 6750, 0, 109965, 112604
20, 6760, 0, 109816, 114847
20, 6770, 0, 109729, 111836
20, 6780, 0, 109715, 112018
20, 6790, 0, 109715, 110674
20, 6800, 0, 109714, 109714
20, 6810, 0, 109714, 111521
20, 6820, 0, 109567, 112611
20, 6830, 0, 109514, 110680
20, 6840, 0, 109514, 110158
20, 6850, 0, 109479, 111135
20, 6860, 0, 109479, 112079
20, 6870, 0, 109421, 110429
20, 6880, 0, 109419, 112126
20, 6890, 0, 109419, 109419
20, 6900, 0, 109088, 109419
20, 6910, 0, 108934, 108934
20, 6920, 0, 108934, 108934
20, 6930, 0, 108934, 111383
20, 6940, 0, 108934, 108934
20, 6950, 0, 108875, 111964
20, 6960, 0, 108875, 110520
20, 6970, 0, 108806, 109689
20, 6980, 0, 108770, 110312
20, 6990, 0, 108770, 109793
20, 7000, 0, 108770, 108770
20, 7010, 0, 108770, 110406
20, 7020, 0, 108316, 108770
20, 7030, 0, 108257, 108804
20, 7040, 0, 108257, 110176
20, 7050, 0, 108257, 109634
20, 7060, 0, 108257, 111350
20, 7070, 0, 108198, 109163
20, 7080, 0, 108138, 108503
20, 7090, 0, 108020, 108138
20, 7100, 0, 108020, 108457
20, 7110, 0, 107959, 107959
20, 7120, 0, 107959, 109640
20, 7130, 0, 107959, 107959
20, 7140, 0, 107959, 110338
20, 7150, 0, 107663, 107959
20, 7160, 0, 107663, 110658
20, 7170, 0, 107663, 107937
20, 7180, 0, 107663, 107663
20, 7190, 0, 107663, 107663
20, 7200, 0, 107641, 108880
20, 7210, 0, 107574, 108774
20, 7220, 0, 107574, 111921
20, 7230, 0, 107574, 110309
20, 7240, 0, 107516, 111834
20, 7250, 0, 107516, 107516
20, 7260, 0, 107516, 107516
20, 7270, 0, 107516, 109606
20, 7280, 0, 107516, 111211
20, 7290, 0, 107516, 112535
20, 7300, 0, 107516, 107516
20, 7310, 0, 107516, 107516
20, 7320, 0, 107516, 110633
20, 7330, 0, 107485, 107516
20, 7340, 0, 107485, 108501
20, 7350, 0, 107441, 112161
20, 7360, 0, 107441, 108441
20, 7370, 0, 107441, 107441
20, 7380, 0, 107441, 109935
20, 7390, 0, 107241, 108899
20, 7400, 0, 107241, 107770
20, 7410, 0, 107145, 107241
20, 7420, 0, 107145, 107145
20, 7430, 0, 106945, 107145
20, 7440, 0, 106945, 106945
20, 7450, 0, 106945, 106945
20, 7460, 0, 106880, 107335
20, 7470, 0, 106733, 106880
20, 7480, 0, 106733, 107737
20, 7490, 0, 106656, 109814
20, 7500, 0, 106200, 107848
20, 7510, 0, 106200, 106200
20, 7520, 0, 106000, 110585
20, 7530, 0, 106000, 106855
20, 7540, 0, 106000, 106000
20, 7550, 0, 106000, 108381
20, 7560, 0, 106000, 108319
20, 7570, 0, 105878, 106000
20, 7580, 0, 105568, 108526
20, 7590, 0, 105568, 107556
20, 7600, 0, 105568, 106248
20, 7610, 0, 105487, 106973
20, 7620, 0, 105487, 107056
20, 7630, 0, 105487, 105487
20, 7640, 0, 105487, 107290
20, 7650, 0, 105432, 108386
20, 7660, 0, 105432, 105432
20, 7670, 0, 105432, 106612
20, 7680, 0, 105432, 109106
20, 7690, 0, 105432, 105432
20, 7700, 0, 105432, 106668
20, 7710, 0, 105432, 108291
20, 7720, 0, 105156, 105739
20, 7730, 0, 105156, 105156
20, 7740, 0, 105156, 105197
20, 7750, 0, 105079, 107522
20, 7760, 0, 105079, 109006
20, 7770, 0, 105079, 105751
20, 7780, 0, 105079, 105079
20, 7790, 0, 104963, 104963
20, 7800, 0, 104683, 104683
20, 7810, 0, 104683, 104683
20, 7820, 0, 104283, 106968
20, 7830, 0, 104196, 104283
20, 7840, 0, 104179, 104196
20, 7850, 0, 104179, 104179
20, 7860, 0, 104040, 104057
20, 7870, 0, 104036, 104036
20, 7880, 0, 104012, 107791
20, 7890, 0, 104012, 104534
20, 7900, 0, 103918, 106050
20, 7910, 0, 103918, 103918
20, 7920, 0, 103918, 103918
20, 7930, 0, 103918, 104176
20, 7940, 0, 103810, 104837
20, 7950, 0, 103810, 105848
20, 7960, 0, 103810, 107524
20, 7970, 0, 103805, 105179
20, 7980, 0, 103805, 104317
20, 7990, 0, 103805, 105019
20, 8000, 0, 103805, 105709
20, 8010, 0, 103805, 103805
20, 8020, 0, 103805, 105016
20, 8030, 0, 103805, 103805
20, 8040, 0, 103805, 103947
20, 8050, 0, 103556, 105826
20, 8060, 0, 103556, 103556
20, 8070, 0, 103556, 105559
20, 8080, 0, 103556, 105795
20, 8090, 0, 103556, 103556
20, 8100, 0, 103556, 104785
20, 8110, 0, 103556, 103556
20, 8120, 0, 103556, 104156
20, 8130, 0, 103556, 103556
20, 8140, 0, 103556, 104324
20, 8150, 0, 103556, 103556
20, 8160, 0, 103432, 103432
20, 8170, 0, 103432, 105974
20, 8180, 0, 103150, 103432
20, 8190, 0, 103120, 103532
20, 8200, 0, 103120, 103120
20, 8210, 0, 103020, 104185
20, 8220, 0, 102936, 105052
20, 8230, 0, 102936, 104821
20, 8240, 0, 102936, 102936
20, 8250, 0, 102936, 102936
20, 8260, 0, 102902, 102936
20, 8270, 0, 102866, 102889
20, 8280, 0, 102492, 103676
20, 8290, 0, 102425, 102492
20, 8300, 0, 102425, 102425
20, 8310, 0, 102425, 104342
20, 8320, 0, 102425, 102425
20, 8330, 0, 102397, 104874
20, 8340, 0, 102341, 104382
20, 8350, 0, 102341, 103108
20, 8360, 0, 102004, 105004
20, 8370, 0, 102004, 105999
20, 8380, 0, 102004, 102004
20, 8390, 0, 101978, 103775
20, 8400, 0, 101978, 101978
20, 8410, 0, 101978, 104161
20, 8420, 0, 101978, 103431
20, 8430, 0, 101925, 103372
20, 8440, 0, 101650, 101650
20, 8450, 0, 101650, 101650
20, 8460, 0, 101650, 101650
20, 8470, 0, 101650, 101650
20, 8480, 0, 101526, 102691
20, 8490, 0, 101274, 101274
20, 8500, 0, 101084, 101084
20, 8510, 0, 101055, 103142
20, 8520, 0, 100658, 105368
20, 8530, 0, 100602, 100602
20, 8540, 0, 100602, 100602
20, 8550, 0, 100602, 100602
20, 8560, 0, 100602, 101907
20, 8570, 0, 100417, 100417
20, 8580, 0, 100395, 100395
20, 8590, 0, 100395, 100395
20, 8600, 0, 100121, 101111
20, 8610, 0, 100121, 100121
20, 8620, 0, 100121, 100121
20, 8630, 0, 100121, 100121
20, 8640, 0, 100057, 100121
20, 8650, 0, 100009, 100009
20, 8660, 0, 100009, 100009
20, 8670, 0, 99944, 100009
20, 8680, 0, 99944, 99944
20, 8690, 0, 99808, 99944
20, 8700, 0, 99808, 99808
20, 8710, 0, 99808, 103284
20, 8720, 0, 99808, 99895
20, 8730, 0, 99808, 99808
20, 8740, 0, 99808, 102126
20, 8750, 0, 99808, 99808
20, 8760, 0, 99808, 99808
20, 8770, 0, 99808, 99808
20, 8780, 0, 99793, 99808
20, 8790, 0, 99793, 100674
20, 8800, 0, 99720, 103378
20, 8810, 0, 99720, 99720
20, 8820, 0, 99720, 101654
20, 8830, 0, 99534, 103494
20, 8840, 0, 99474, 99534
20, 8850, 0, 99474, 100912
20, 8860, 0, 99474, 99474
20, 8870, 0, 99225, 100461
20, 8880, 0, 99225, 100526
20, 8890, 0, 99225, 99225
20, 8900, 0, 99225, 99225
20, 8910, 0, 99225, 99225
20, 8920, 0, 98547, 99225
20, 8930, 0, 98547, 98547
20, 8940, 0, 98547, 98547
20, 8950, 0, 98547, 98547
20, 8960, 0, 98547, 100547
20, 8970, 0, 98547, 98547
20, 8980, 0, 98547, 99504
20, 8990, 0, 98547, 98547
20, 9000, 0, 98414, 103909
20, 9010, 0, 98414, 101035
20, 9020, 0, 98414, 100145
20, 9030, 0, 98315, 98720
20, 9040, 0, 98315, 98315
20, 9050, 0, 98315, 99972
20, 9060, 0, 98315, 99971
20, 9070, 0, 97765, 97765
20, 9080, 0, 97765, 97765
20, 9090, 0, 97442, 97442
20, 9100, 0, 97431, 97431
20, 9110, 0, 97431, 99606
20, 9120, 0, 97291, 97431
20, 9130, 0, 96996, 97158
20, 9140, 0, 96902, 98758
20, 9150, 0, 96902, 96902
20, 9160, 0, 96117, 96366
20, 9170, 0, 96117, 96785
20, 9180, 0, 95997, 96117
20, 9190, 0, 95873, 98517
20, 9200, 0, 95873, 98289
20, 9210, 0, 95873, 95873
20, 9220, 0, 95873, 100115
20, 9230, 0, 95797, 98447
20, 9240, 0, 95797, 98967
20, 9250, 0, 95797, 95797
20, 9260, 0, 95764, 98347
20, 9270, 0, 95764, 96737
20, 9280, 0, 95764, 98209
20, 9290, 0, 95764, 98250
20, 9300, 0, 95764, 99369
20, 9310, 0, 95764, 95764
20, 9320, 0, 95764, 97359
20, 9330, 0, 95764, 99707
20, 9340, 0, 95764, 95764
20, 9350, 0, 95764, 98017
20, 9360, 0, 95764, 95764
20, 9370, 0, 95764, 96879
20, 9380, 0, 95764, 99044
20, 9390, 0, 95764, 98168
20, 9400, 0, 95764, 95764
20, 9410, 0, 95758, 95758
20, 9420, 0, 95376, 95376
20, 9430, 0, 95376, 96641
20, 9440, 0, 94832, 95376
20, 9450, 0, 94832, 95264
20, 9460, 0, 94767, 94832
20, 9470, 0, 94767, 96731
20, 9480, 0, 94767, 94767
20, 9490, 0, 94767, 95848
20, 9500, 0, 94724, 94953
20, 9510, 0, 94724, 96881
20, 9520, 0, 94724, 94724
20, 9530, 0, 94689, 96294
20, 9540, 0, 94689, 95780
20, 9550, 0, 94577, 94689
20, 9560, 0, 94577, 96788
20, 9570, 0, 94577, 96630
20, 9580, 0, 94577, 94577
20, 9590, 0, 94577, 98222
20, 9600, 0, 94577, 94577
20, 9610, 0, 94404, 96412
20, 9620, 0, 94404, 94404
20, 9630, 0, 94404, 96657
20, 9640, 0, 94230, 95348
20, 9650, 0, 94230, 97317
20, 9660, 0, 94230, 95430
20, 9670, 0, 94230, 94230
20, 9680, 0, 94227, 94230
20, 9690, 0, 94227, 94227
20, 9700, 0, 94171, 94171
20, 9710, 0, 94171, 95199
20, 9720, 0, 94171, 94171
20, 9730, 0, 94171, 97283
20, 9740, 0, 94171, 96743
20, 9750, 0, 94048, 94171
20, 9760, 0, 94048, 94048
20, 9770, 0, 93736, 94048
20, 9780, 0, 93736, 94707
20, 9790, 0, 93736, 93736
20, 9800, 0, 93736, 93736
20, 9810, 0, 93736, 96241
20, 9820, 0, 93736, 95333
20, 9830, 0, 93736, 93736
20, 9840, 0, 93736, 95803
20, 9850, 0, 93736, 93736
20, 9860, 0, 93693, 96853
20, 9870, 0, 93693, 95982
20, 9880, 0, 93693, 93693
20, 9890, 0, 93693, 94317
20, 9900, 0, 93693, 93693
20, 9910, 0, 93693, 93693
20, 9920, 0, 93693, 95234
20, 9930, 0, 93693, 93693
20, 9940, 0, 93675, 94605
20, 9950, 0, 93675, 95070
20, 9960, 0, 93675, 93675
20, 9970, 0, 93675, 93675
20, 9980, 0, 93675, 94819
20, 9990, 0, 93652, 94970
20, 10000, 0, 93652, 95636
20, 10010, 0, 93652, 96172
20, 10020, 0, 93652, 93652
20, 10030, 0, 93652, 97491
20, 10040, 0, 93652, 93652
20, 10050, 0, 93652, 93652
20, 10060, 0, 93643, 95367
20, 10070, 0, 93643, 94757
20, 10080, 0, 93643, 94586
20, 10090, 0, 93643, 96167
20, 10100, 0, 93504, 93504
20, 10110, 0, 93504, 93504
20, 10120, 0, 93504, 95741
20, 10130, 0, 93504, 93504
20, 10140, 0, 93504, 93504
20, 10150, 0, 93504, 93504
20, 10160, 0, 93504, 94561
20, 10170, 0, 93504, 95845
20, 10180, 0, 93504, 93504
20, 10190, 0, 93383, 94860
20, 10200, 0, 93383, 93383
20, 10210, 0, 93383, 93383
20, 10220, 0, 93256, 93383
20, 10230, 0, 93256, 93256
20, 10240, 0, 93256, 93256
20, 10250, 0, 93256, 93256
20, 10260, 0, 93256, 93256
20, 10270, 0, 93256, 94241
20, 10280, 0, 93113, 93117
20, 10290, 0, 93113, 93758
20, 10300, 0, 93113, 93113
20, 10310, 0, 92672, 93113
20, 10320, 0, 92672, 95694
20, 10330, 0, 92261, 92261
20, 10340, 0, 92261, 92261
20, 10350, 0, 92028, 92236
20, 10360, 0, 92028, 92651
20, 10370, 0, 92028, 92028
20, 10380, 0, 92028, 92028
20, 10390, 0, 92028, 92028
20, 10400, 0, 91970, 91970
20, 10410, 0, 91970, 92024
20, 10420, 0, 91876, 91970
20, 10430, 0, 91876, 91876
20, 10440, 0, 91876, 94288
20, 10450, 0, 91876, 93396
20, 10460, 0, 91832, 91876
20, 10470, 0, 91832, 91832
20, 10480, 0, 91814, 91832
20, 10490, 0, 91612, 91814
20, 10500, 0, 91612, 91612
20, 10510, 0, 91312, 91312
20, 10520, 0, 91312, 91312
20, 10530, 0, 91312, 93324
20, 10540, 0, 91312, 93834
20, 10550, 0, 91172, 91172
20, 10560, 0, 91125, 91172
20, 10570, 0, 91125, 93317
20, 10580, 0, 91046, 91046
20, 10590, 0, 90976, 90976
20, 10600, 0, 90976, 90976
20, 10610, 0, 90976, 90976
20, 10620, 0, 90868, 90976
20, 10630, 0, 90868, 90868
20, 10640, 0, 90868, 90868
20, 10650, 0, 90868, 90868
20, 10660, 0, 90868, 90868
20, 10670, 0, 90868, 90868
20, 10680, 0, 90807, 90868
20, 10690, 0, 90805, 90805
20, 10700, 0, 90805, 91809
20, 10710, 0, 90805, 90805
20, 10720, 0, 90805, 90805
20, 10730, 0, 90805, 90805
20, 10740, 0, 90805, 90805
20, 10750, 0, 90805, 90805
20, 10760, 0, 90805, 90805
20, 10770, 0, 90570, 91249
20, 10780, 0, 90570, 90570
20, 10790, 0, 90570, 90570
20, 10800, 0, 90381, 90570
20, 10810, 0, 90381, 90381
20, 10820, 0, 90381, 90381
20, 10830, 0, 90381, 90381
20, 10840, 0, 90163, 91191
20, 10850, 0, 90163, 94015
20, 10860, 0, 90156, 90163
20, 10870, 0, 90156, 90156
20, 10880, 0, 90156, 90156
20, 10890, 0, 90156, 90156
20, 10900, 0, 90156, 91543
20, 10910, 0, 90156, 92748
20, 10920, 0, 90156, 90156
20, 10930, 0, 90156, 90156
20, 10940, 0, 90156, 90156
20, 10950, 0, 90156, 92523
20, 10960, 0, 90156, 92092
20, 10970, 0, 90156, 90707
20, 10980, 0, 90156, 90156
20, 10990, 0, 89956, 91225
20, 11000, 0, 89956, 89956
20, 11010, 0, 89956, 89956
20, 11020, 0, 89956, 89956
20, 11030, 0, 89956, 89956
20, 11040, 0, 89956, 89956
20, 11050, 0, 89956, 89956
20, 11060, 0, 89956, 89956
20, 11070, 0, 89821, 89956
20, 11080, 0, 89821, 90598
20, 11090, 0, 89627, 92339
20, 11100, 0, 89627, 89627
20, 11110, 0, 89586, 91282
20, 11120, 0, 89586, 89586
20, 11130, 0, 89586, 89586
20, 11140, 0, 89586, 89586
20, 11150, 0, 89586, 90794
20, 11160, 0, 89586, 89716
20, 11170, 0, 89487, 89487
20, 11180, 0, 89354, 89487
20, 11190, 0, 89354, 91130
20, 11200, 0, 89097, 90038
20, 11210, 0, 89079, 89341
20, 11220, 0, 89079, 89079
20, 11230, 0, 89079, 89079
20, 11240, 0, 88996, 88996
20, 11250, 0, 88996, 88996
20, 11260, 0, 88837, 88837
20, 11270, 0, 88837, 88837
20, 11280, 0, 88837, 88837
20, 11290, 0, 88837, 88837
20, 11300, 0, 88837, 88837
20, 11310, 0, 88837, 88837
20, 11320, 0, 88837, 90273
20, 11330, 0, 88808, 88837
20, 11340, 0, 88808, 88808
20, 11350, 0, 88808, 88808
20, 11360, 0, 88808, 91174
20, 11370, 0, 88808, 89564
20, 11380, 0, 88808, 88808
20, 11390, 0, 88707, 88707
20, 11400, 0, 88599, 88599
20, 11410, 0, 88599, 88599
20, 11420, 0, 88599, 92649
20, 11430, 0, 88599, 88599
20, 11440, 0, 88522, 88522
20, 11450, 0, 88522, 89666
20, 11460, 0, 88522, 91251
20, 11470, 0, 88522, 88522
20, 11480, 0, 88522, 89948
20, 11490, 0, 88522, 88522
20, 11500, 0, 88522, 90840
20, 11510, 0, 88522, 88522
20, 11520, 0, 88522, 88522
20, 11530, 0, 88522, 90235
20, 11540, 0, 88522, 90675
20, 11550, 0, 88522, 88522
20, 11560, 0, 88522, 88522
20, 11570, 0, 88494, 88522
20, 11580, 0, 88494, 88494
20, 11590, 0, 88494, 89299
20, 11600, 0, 88494, 92024
20, 11610, 0, 88494, 88828
20, 11620, 0, 88494, 88494
20, 11630, 0, 88494, 89262
20, 11640, 0, 88294, 88494
20, 11650, 0, 88079, 88294
20, 11660, 0, 88079, 88079
20, 11670, 0, 88079, 88079
20, 11680, 0, 88079, 89605
20, 11690, 0, 88079, 88817
20, 11700, 0, 88079, 88079
20, 11710, 0, 88079, 88079
20, 11720, 0, 88079, 88273
20, 11730, 0, 88079, 90700
20, 11740, 0, 87948, 87948
20, 11750, 0, 87948, 87948
20, 11760, 0, 87948, 87948
20, 11770, 0, 87948, 87948
20, 11780, 0, 87948, 87948
20, 11790, 0, 87948, 87948
20, 11800, 0, 87948, 87948
20, 11810, 0, 87681, 87681
20, 11820, 0, 87681, 87681
20, 11830, 0, 87681, 87681
20, 11840, 0, 87681, 87681
20, 11850, 0, 87663, 87862
20, 11860, 0, 87663, 91383
20, 11870, 0, 87663, 89646
20, 11880, 0, 87663, 87663
20, 11890, 0, 87663, 87663
20, 11900, 0, 87623, 87623
20, 11910, 0, 87623, 87623
20, 11920, 0, 87623, 87623
20, 11930, 0, 87623, 87623
20, 11940, 0, 87623, 87623
20, 11950, 0, 87623, 87623
20, 11960, 0, 87545, 87558
20, 11970, 0, 87504, 87504
20, 11980, 0, 87504, 87504
20, 11990, 0, 87504, 87504
20, 12000, 0, 87504, 87504
20, 12010, 0, 87504, 87504
20, 12020, 0, 87504, 87775
20, 12030, 0, 87504, 87504
20, 12040, 0, 87504, 87504
20, 12050, 0, 87504, 87504
20, 12060, 0, 87504, 87504
20, 12070, 0, 87504, 87504
20, 12080, 0, 87504, 88354
20, 12090, 0, 87504, 87504
20, 12100, 0, 87504, 87504
20, 12110, 0, 87504, 91035
20, 12120, 0, 87504, 87504
20, 12130, 0, 87504, 87504
20, 12140, 0, 87504, 87504
20, 12150, 0, 87472, 90250
20, 12160, 0, 87472, 87472
20, 12170, 0, 87080, 87280
20, 12180, 0, 86992, 87080
20, 12190, 0, 86992, 86992
20, 12200, 0, 86992, 87926
20, 12210, 0, 86992, 86992
20, 12220, 0, 86992, 86992
20, 12230, 0, 86992, 89066
20, 12240, 0, 86992, 86992
20, 12250, 0, 86992, 86992
20, 12260, 0, 86992, 88439
20, 12270, 0, 86992, 86992
20, 12280, 0, 86992, 86992
20, 12290, 0, 86992, 86992
20, 12300, 0, 86917, 86992
20, 12310, 0, 86917, 86917
20, 12320, 0, 86817, 86917
20, 12330, 0, 86817, 86817
20, 12340, 0, 86817, 86817
20, 12350, 0, 86817, 86817
20, 12360, 0, 86817, 87646
20, 12370, 0, 86794, 89781
20, 12380, 0, 86794, 86794
20, 12390, 0, 86288, 86794
20, 12400, 0, 86288, 86288
20, 12410, 0, 86288, 86288
20, 12420, 0, 86288, 87053
20, 12430, 0, 86288, 86288
20, 12440, 0, 86288, 86288
20, 12450, 0, 86288, 88326
20, 12460, 0, 86288, 86288
20, 12470, 0, 86288, 86288
20, 12480, 0, 86100, 86100
20, 12490, 0, 86100, 86100
20, 12500, 0, 86100, 86100
20, 12510, 0, 86100, 86100
20, 12520, 0, 86100, 86100
20, 12530, 0, 86100, 86100
20, 12540, 0, 86100, 86100
20, 12550, 0, 86100, 86100
20, 12560, 0, 86100, 86100
20, 12570, 0, 86100, 86100
20, 12580, 0, 86100, 86100
20, 12590, 0, 86092, 86092
20, 12600, 0, 86092, 86092
20, 12610, 0, 86092, 86092
20, 12620, 0, 86092, 86092
20, 12630, 0, 86056, 86056
20, 12640, 0, 86056, 86056
20, 12650, 0, 86056, 86056
20, 12660, 0, 86056, 86056
20, 12670, 0, 86056, 86954
20, 12680, 0, 86056, 86056
20, 12690, 0, 86056, 86979
20, 12700, 0, 86056, 86056
20, 12710, 0, 86056, 86056
20, 12720, 0, 86056, 86056
20, 12730, 0, 86056, 86056
20, 12740, 0, 86056, 88984
20, 12750, 0, 86056, 86056
20, 12760, 0, 86056, 86056
20, 12770, 0, 86056, 86056
20, 12780, 0, 86056, 86056
20, 12790, 0, 86056, 86056
20, 12800, 0, 85932, 85932
20, 12810, 0, 85932, 85932
20, 12820, 0, 85726, 85726
20, 12830, 0, 85683, 85721
20, 12840, 0, 85683, 86472
20, 12850, 0, 85683, 85683
20, 12860, 0, 85683, 85683
20, 12870, 0, 85683, 85683
20, 12880, 0, 85683, 85683
20, 12890, 0, 85683, 85683
20, 12900, 0, 85683, 85683
20, 12910, 0, 85683, 87872
20, 12920, 0, 85683, 85683
20, 12930, 0, 85683, 85683
20, 12940, 0, 85623, 85623
20, 12950, 0, 85623, 85623
20, 12960, 0, 85432, 85432
20, 12970, 0, 85250, 85432
20, 12980, 0, 85167, 85167
20, 12990, 0, 85167, 85167
20, 13000, 0, 85167, 85167
20, 13010, 0, 85167, 85167
20, 13020, 0, 85167, 85167
20, 13030, 0, 85167, 86679
20, 13040, 0, 85167, 85167
20, 13050, 0, 85167, 85167
20, 13060, 0, 85090, 85167
20, 13070, 0, 85051, 85058
20, 13080, 0, 85051, 85051
20, 13090, 0, 85051, 85051
20, 13100, 0, 85051, 88494
20, 13110, 0, 84985, 84985
20, 13120, 0, 84985, 84985
20, 13130, 0, 84985, 84985
20, 13140, 0, 84985, 86008
20, 13150, 0, 84971, 84971
20, 13160, 0, 84971, 86778
20, 13170, 0, 84971, 84971
20, 13180, 0, 84971, 84971
20, 13190, 0, 84971, 88641
20, 13200, 0, 84971, 84971
20, 13210, 0, 84971, 84971
20, 13220, 0, 84971, 84971
20, 13230, 0, 84971, 84971
20, 13240, 0, 84971, 84971
20, 13250, 0, 84971, 84971
20, 13260, 0, 84594, 84594
20, 13270, 0, 84594, 84594
20, 13280, 0, 84594, 84594
20, 13290, 0, 84594, 86898
20, 13300, 0, 84594, 86552
20, 13310, 0, 84594, 84594
20, 13320, 0, 84371, 86190
20, 13330, 0, 84371, 84371
20, 13340, 0, 84371, 84371
20, 13350, 0, 84371, 84371
20, 13360, 0, 84371, 84371
20, 13370, 0, 84371, 84371
20, 13380, 0, 84371, 84371
20, 13390, 0, 84371, 84371
20, 13400, 0, 84371, 84371
20, 13410, 0, 84371, 84371
20, 13420, 0, 84371, 84371
20, 13430, 0, 84371, 84371
20, 13440, 0, 84371, 84371
20, 13450, 0, 84319, 84319
20, 13460, 0, 84319, 84319
20, 13470, 0, 84319, 85296
20, 13480, 0, 84319, 84319
20, 13490, 0, 84319, 84319
20, 13500, 0, 84236, 84236
20, 13510, 0, 84236, 84236
20, 13520, 0, 84236, 84236
20, 13530, 0, 84236, 84236
20, 13540, 0, 84211, 84236
20, 13550, 0, 84211, 86707
20, 13560, 0, 84211, 84211
20, 13570, 0, 84211, 84211
20, 13580, 0, 84211, 84211
20, 13590, 0, 83845, 84211
20, 13600, 0, 83845, 83845
20, 13610, 0, 83845, 83845
20, 13620, 0, 83845, 83845
20, 13630, 0, 83845, 84276
20, 13640, 0, 83721, 83721
20, 13650, 0, 83721, 83721
20, 13660, 0, 83721, 83721
20, 13670, 0, 83721, 83721
20, 13680, 0, 83721, 85736
20, 13690, 0, 83721, 83721
20, 13700, 0, 83721, 83721
20, 13710, 0, 83721, 83721
20, 13720, 0, 83713, 85498
20, 13730, 0, 83713, 83713
20, 13740, 0, 83703, 83703
20, 13750, 0, 83703, 87149
20, 13760, 0, 83703, 83703
20, 13770, 0, 83703, 83703
20, 13780, 0, 83699, 83699
20, 13790, 0, 83692, 83699
20, 13800, 0, 83692, 83692
20, 13810, 0, 83692, 83692
20, 13820, 0, 83692, 86077
20, 13830, 0, 83692, 85022
20, 13840, 0, 83581, 87929
20, 13850, 0, 83581, 83581
20, 13860, 0, 83581, 83581
20, 13870, 0, 83581, 83581
20, 13880, 0, 83581, 85769
20, 13890, 0, 83581, 85622
20, 13900, 0, 83581, 83581
20, 13910, 0, 83581, 86935
20, 13920, 0, 83581, 83581
20, 13930, 0, 83581, 83581
20, 13940, 0, 83581, 83581
20, 13950, 0, 83581, 83581
20, 13960, 0, 83581, 83581
20, 13970, 0, 83581, 83581
20, 13980, 0, 83581, 83581
20, 13990, 0, 83581, 83581
20, 14000, 0, 83581, 83581
20, 14010, 0, 83581, 83581
20, 14020, 0, 83581, 86599
20, 14030, 0, 83581, 83581
20, 14040, 0, 83581, 83581
20, 14050, 0, 83581, 83740
20, 14060, 0, 83581, 83581
20, 14070, 0, 83581, 83581
20, 14080, 0, 83581, 83581
20, 14090, 0, 83581, 83581
20, 14100, 0, 83581, 85230
20, 14110, 0, 83581, 83581
20, 14120, 0, 83206, 83206
20, 14130, 0, 83206, 83206
20, 14140, 0, 83206, 83206
20, 14150, 0, 83206, 83206
20, 14160, 0, 83206, 83206
20, 14170, 0, 83206, 83790
20, 14180, 0, 83206, 83206
20, 14190, 0, 83206, 83206
20, 14200, 0, 83206, 83206
20, 14210, 0, 83206, 83206
20, 14220, 0, 83206, 83206
20, 14230, 0, 83206, 83206
20, 14240, 0, 83206, 83206
20, 14250, 0, 83206, 83206
20, 14260, 0, 83165, 83165
20, 14270, 0, 83165, 83950
20, 14280, 0, 83165, 83165
20, 14290, 0, 83165, 83165
20, 14300, 0, 83165, 83165
20, 14310, 0, 83165, 83165
20, 14320, 0, 83165, 83197
20, 14330, 0, 83165, 83165
20, 14340, 0, 83165, 83165
20, 14350, 0, 83165, 83165
20, 14360, 0, 83165, 83165
20, 14370, 0, 83165, 83165
20, 14380, 0, 83165, 83165
20, 14390, 0, 82890, 83165
20, 14400, 0, 82890, 82890
20, 14410, 0, 82890, 82890
20, 14420, 0, 82890, 82947
20, 14430, 0, 82890, 82890
20, 14440, 0, 82890, 82890
20, 14450, 0, 82890, 82890
20, 14460, 0, 82831, 82890
20, 14470, 0, 82831, 82831
20, 14480, 0, 82765, 82831
20, 14490, 0, 82765, 82765
20, 14500, 0, 82765, 85554
20, 14510, 0, 82765, 82765
20, 14520, 0, 82765, 82765
20, 14530, 0, 82765, 82958
20, 14540, 0, 82761, 82761
20, 14550, 0, 82756, 82756
20, 14560, 0, 82756, 82756
20, 14570, 0, 82756, 82756
20, 14580, 0, 82756, 82756
20, 14590, 0, 82756, 82756
20, 14600, 0, 82756, 82756
20, 14610, 0, 82756, 82756
20, 14620, 0, 82756, 82756
20, 14630, 0, 82756, 82756
20, 14640, 0, 82756, 82756
20, 14650, 0, 82756, 82756
20, 14660, 0, 82756, 82756
20, 14670, 0, 82756, 82756
20, 14680, 0, 82756, 82756
20, 14690, 0, 82756, 82756
20, 14700, 0, 82756, 82756
20, 14710, 0, 82756, 82756
20, 14720, 0, 82756, 82756
20, 14730, 0, 82652, 82652
20, 14740, 0, 82652, 82652
20, 14750, 0, 82652, 83822
20, 14760, 0, 82646, 82652
20, 14770, 0, 82646, 83935
20, 14780, 0, 82566, 82566
20, 14790, 0, 82566, 82566
20, 14800, 0, 82199, 82199
20, 14810, 0, 82199, 82199
20, 14820, 0, 82199, 82199
20, 14830, 0, 82199, 84330
20, 14840, 0, 82199, 82199
20, 14850, 0, 82199, 82889
20, 14860, 0, 82199, 82199
20, 14870, 0, 82199, 82199
20, 14880, 0, 82199, 82199
20, 14890, 0, 82140, 82140
20, 14900, 0, 82140, 82140
20, 14910, 0, 82140, 82140
20, 14920, 0, 82140, 82140
20, 14930, 0, 82140, 82876
20, 14940, 0, 82140, 82140
20, 14950, 0, 82140, 82140
20, 14960, 0, 82085, 82085
20, 14970, 0, 82085, 82085
20, 14980, 0, 82085, 82874
20, 14990, 0, 82085, 82085
20, 15000, 0, 82085, 82085
20, 15010, 0, 82085, 82085
20, 15020, 0, 82085, 82085
20, 15030, 0, 82085, 82973
20, 15040, 0, 81865, 82085
20, 15050, 0, 81865, 81865
20, 15060, 0, 81865, 81865
20, 15070, 0, 81865, 81865
20, 15080, 0, 81865, 81865
20, 15090, 0, 81865, 83056
20, 15100, 0, 81865, 82999
20, 15110, 0, 81865, 81865
20, 15120, 0, 81815, 81815
20, 15130, 0, 81815, 81815
20, 15140, 0, 81769, 81769
20, 15150, 0, 81769, 81769
20, 15160, 0, 81769, 81769
20, 15170, 0, 81769, 81769
20, 15180, 0, 81769, 81769
20, 15190, 0, 81769, 81769
20, 15200, 0, 81769, 81769
20, 15210, 0, 81769, 81769
20, 15220, 0, 81769, 81769
20, 15230, 0, 81769, 81769
20, 15240, 0, 81769, 81769
20, 15250, 0, 81769, 81769
20, 15260, 0, 81747, 81769
20, 15270, 0, 81747, 81747
20, 15280, 0, 81747, 81747
20, 15290, 0, 81747, 81747
20, 15300, 0, 81747, 81747
20, 15310, 0, 81747, 81747
20, 15320, 0, 81747, 81871
20, 15330, 0, 81747, 81747
20, 15340, 0, 81747, 81747
20, 15350, 0, 81747, 81747
20, 15360, 0, 81747, 81747
20, 15370, 0, 81747, 81747
20, 15380, 0, 81642, 81747
20, 15390, 0, 81642, 81642
20, 15400, 0, 81642, 81642
20, 15410, 0, 81642, 81642
20, 15420, 0, 81642, 81642
20, 15430, 0, 81642, 81642
20, 15440, 0, 81442, 81642
20, 15450, 0, 81442, 81442
20, 15460, 0, 81442, 81442
20, 15470, 0, 81442, 81442
20, 15480, 0, 81404, 82305
20, 15490, 0, 81404, 81404
20, 15500, 0, 81404, 81404
20, 15510, 0, 81404, 81404
20, 15520, 0, 81404, 81404
20, 15530, 0, 81404, 81404
20, 15540, 0, 81404, 81404
20, 15550, 0, 81404, 81404
20, 15560, 0, 81352, 81404
20, 15570, 0, 81343, 81343
20, 15580, 0, 81343, 81343
20, 15590, 0, 81343, 81343
20, 15600, 0, 81343, 81343
20, 15610, 0, 81343, 81343
20, 15620, 0, 81343, 81343
20, 15630, 0, 81343, 81343
20, 15640, 0, 81343, 81343
20, 15650, 0, 81325, 81325
20, 15660, 0, 81325, 81325
20, 15670, 0, 81325, 81325
20, 15680, 0, 81325, 81325
20, 15690, 0, 81325, 81325
20, 15700, 0, 81325, 81325
20, 15710, 0, 81325, 81325
20, 15720, 0, 81264, 81325
20, 15730, 0, 81264, 81264
20, 15740, 0, 81264, 81264
20, 15750, 0, 81264, 81264
20, 15760, 0, 81264, 81264
20, 15770, 0, 81264, 81264
20, 15780, 0, 81264, 81264
20, 15790, 0, 81264, 81264
20, 15800, 0, 81264, 81264
20, 15810, 0, 81236, 81236
20, 15820, 0, 81236, 81236
20, 15830, 0, 81236, 81236
20, 15840, 0, 81170, 81170
20, 15850, 0, 81170, 81170
20, 15860, 0, 81170, 81170
20, 15870, 0, 81170, 81170
20, 15880, 0, 81170, 81170
20, 15890, 0, 81170, 81170
20, 15900, 0, 81170, 81170
20, 15910, 0, 81170, 81170
20, 15920, 0, 81170, 81170
20, 15930, 0, 81151, 81151
20, 15940, 0, 81151, 81151
20, 15950, 0, 81151, 81151
20, 15960, 0, 81151, 81151
20, 15970, 0, 81151, 81151
20, 15980, 0, 81151, 81151
20, 15990, 0, 81151, 81151
20, 16000, 0, 81151, 81151
20, 16010, 0, 81151, 81151
20, 16020, 0, 81151, 81151
20, 16030, 0, 81130, 81151
20, 16040, 0, 81130, 81130
20, 16050, 0, 80880, 80880
20, 16060, 0, 80880, 80880
20, 16070, 0, 80880, 80880
20, 16080, 0, 80880, 80880
20, 16090, 0, 80821, 80821
20, 16100, 0, 80821, 80821
20, 16110, 0, 80821, 80821
20, 16120, 0, 80821, 80821
20, 16130, 0, 80821, 80821
20, 16140, 0, 80821, 80821
20, 16150, 0, 80821, 80821
20, 16160, 0, 80821, 80821
20, 16170, 0, 80821, 80821
20, 16180, 0, 80721, 80721
20, 16190, 0, 80721, 80721
20, 16200, 0, 80721, 82087
20, 16210, 0, 80721, 80721
20, 16220, 0, 80721, 80721
20, 16230, 0, 80721, 80721
20, 16240, 0, 80721, 80721
20, 16250, 0, 80683, 80683
20, 16260, 0, 80683, 80683
20, 16270, 0, 80683, 80683
20, 16280, 0, 80683, 80683
20, 16290, 0, 80683, 80683
20, 16300, 0, 80683, 80683
20, 16310, 0, 80683, 80683
20, 16320, 0, 80683, 80683
20, 16330, 0, 80683, 80683
20, 16340, 0, 80683, 80683
20, 16350, 0, 80683, 80683
20, 16360, 0, 80683, 82336
20, 16370, 0, 80683, 80683
20, 16380, 0, 80683, 80683
20, 16390, 0, 80683, 80683
20, 16400, 0, 80683, 81273
20, 16410, 0, 80683, 80683
20, 16420, 0, 80683, 80845
20, 16430, 0, 80683, 80683
20, 16440, 0, 80683, 80683
20, 16450, 0, 80683, 80683
20, 16460, 0, 80683, 80683
20, 16470, 0, 80683, 80683
20, 16480, 0, 80683, 80683
20, 16490, 0, 80683, 80683
20, 16500, 0, 80683, 80683
20, 16510, 0, 80683, 80683
20, 16520, 0, 80505, 80683
20, 16530, 0, 80472, 80472
20, 16540, 0, 80472, 80472
20, 16550, 0, 80472, 80472
20, 16560, 0, 80472, 80472
20, 16570, 0, 80444, 80472
20, 16580, 0, 80444, 80444
20, 16590, 0, 80444, 80444
20, 16600, 0, 80444, 80444
20, 16610, 0, 80444, 80444
20, 16620, 0, 80444, 80444
20, 16630, 0, 80444, 80444
20, 16640, 0, 80444, 80444
20, 16650, 0, 80442, 82220
20, 16660, 0, 80442, 80442
20, 16670, 0, 80442, 80442
20, 16680, 0, 80442, 80442
20, 16690, 0, 80442, 80442
20, 16700, 0, 80442, 80442
20, 16710, 0, 80442, 80442
20, 16720, 0, 80442, 80442
20, 16730, 0, 80442, 80442
20, 16740, 0, 80442, 80728
20, 16750, 0, 80442, 80442
20, 16760, 0, 80442, 80442
20, 16770, 0, 80442, 80442
20, 16780, 0, 80442, 80442
20, 16790, 0, 80442, 80442
20, 16800, 0, 80353, 80353
20, 16810, 0, 80353, 80353
20, 16820, 0, 80353, 80353
20, 16830, 0, 80353, 80353
20, 16840, 0, 80353, 80353
20, 16850, 0, 80353, 80353
20, 16860, 0, 80353, 80353
20, 16870, 0, 80353, 80353
20, 16880, 0, 80184, 80353
20, 16890, 0, 80184, 80184
20, 16900, 0, 80184, 80184
20, 16910, 0, 80184, 80184
20, 16920, 0, 80184, 80184
20, 16930, 0, 80184, 80184
20, 16940, 0, 80184, 80184
20, 16950, 0, 80184, 80184
20, 16960, 0, 80184, 80184
20, 16970, 0, 80184, 80184
20, 16980, 0, 80184, 80184
20, 16990, 0, 80184, 80184
20, 17000, 0, 80008, 80184
20, 17010, 0, 80008, 80008
20, 17020, 0, 80008, 80008
20, 17030, 0, 79866, 79866
20, 17040, 0, 79866, 79866
20, 17050, 0, 79866, 79866
20, 17060, 0, 79866, 79866
20, 17070, 0, 79866, 79866
20, 17080, 0, 79866, 79866
20, 17090, 0, 79866, 79866
20, 17100, 0, 79866, 79866
20, 17110, 0, 79866, 79866
20, 17120, 0, 79866, 79866
20, 17130, 0, 79866, 79866
20, 17140, 0, 79846, 79846
20, 17150, 0, 79846, 82064
20, 17160, 0, 79846, 79846
20, 17170, 0, 79846, 79846
20, 17180, 0, 79846, 79846
20, 17190, 0, 79846, 79846
20, 17200, 0, 79846, 79846
20, 17210, 0, 79846, 79846
20, 17220, 0, 79846, 79846
20, 17230, 0, 79846, 79846
20, 17240, 0, 79846, 79846
20, 17250, 0, 79846, 79846
20, 17260, 0, 79846, 79846
20, 17270, 0, 79846, 79846
20, 17280, 0, 79846, 79846
20, 17290, 0, 79846, 79846
20, 17300, 0, 79846, 81019
20, 17310, 0, 79846, 79846
20, 17320, 0, 79846, 81195
20, 17330, 0, 79846, 79846
20, 17340, 0, 79846, 79846
20, 17350, 0, 79846, 79846
20, 17360, 0, 79653, 79846
20, 17370, 0, 79653, 79653
20, 17380, 0, 79653, 79653
20, 17390, 0, 79653, 79653
20, 17400, 0, 79578, 82377
20, 17410, 0, 79578, 79578
20, 17420, 0, 79578, 79578
20, 17430, 0, 79578, 79578
20, 17440, 0, 79578, 79578
20, 17450, 0, 79364, 79364
20, 17460, 0, 79364, 79364
20, 17470, 0, 79364, 79364
20, 17480, 0, 79364, 79364
20, 17490, 0, 79364, 79364
20, 17500, 0, 79364, 79364
20, 17510, 0, 79364, 79364
20, 17520, 0, 79364, 79364
20, 17530, 0, 79364, 79364
20, 17540, 0, 79364, 79364
20, 17550, 0, 79364, 79364
20, 17560, 0, 79364, 79364
20, 17570, 0, 79364, 79364
20, 17580, 0, 79364, 79364
20, 17590, 0, 79364, 79364
20, 17600, 0, 79364, 80832
20, 17610, 0, 79364, 79364
20, 17620, 0, 79364, 79364
20, 17630, 0, 79364, 79364
20, 17640, 0, 79364, 79364
20, 17650, 0, 79364, 79364
20, 17660, 0, 79364, 79364
20, 17670, 0, 79364, 79364
20, 17680, 0, 79364, 79364
20, 17690, 0, 79364, 79364
20, 17700, 0, 79354, 79354
20, 17710, 0, 79354, 79354
20, 17720, 0, 79354, 79354
20, 17730, 0, 79354, 79354
20, 17740, 0, 79354, 79354
20, 17750, 0, 79354, 79354
20, 17760, 0, 79354, 79354
20, 17770, 0, 79354, 79354
20, 17780, 0, 79354, 79354
20, 17790, 0, 79354, 79354
20, 17800, 0, 79354, 79354
20, 17810, 0, 79354, 79354
20, 17820, 0, 79354, 79354
20, 17830, 0, 79354, 79354
20, 17840, 0, 79354, 79354
20, 17850, 0, 79354, 79354
20, 17860, 0, 79354, 79354
20, 17870, 0, 79354, 79354
20, 17880, 0, 79354, 79354
20, 17890, 0, 79354, 79354
20, 17900, 0, 79354, 79354
20, 17910, 0, 79354, 79354
20, 17920, 0, 79354, 79354
20, 17930, 0, 79171, 79171
20, 17940, 0, 79171, 79171
20, 17950, 0, 79171, 79171
20, 17960, 0, 79171, 79171
20, 17970, 0, 79171, 79171
20, 17980, 0, 79171, 79171
20, 17990, 0, 79171, 79171
20, 18000, 0, 79171, 79171
20, 18010, 0, 79171, 79171
20, 18020, 0, 79171, 79171
20, 18030, 0, 79171, 79171
20, 18040, 0, 79171, 79171
20, 18050, 0, 79171, 79171
20, 18060, 0, 79171, 79171
20, 18070, 0, 79115, 79115
20, 18080, 0, 79115, 79115
20, 18090, 0, 78669, 78669
20, 18100, 0, 78669, 78669
20, 18110, 0, 78669, 78669
20, 18120, 0, 78649, 78669
20, 18130, 0, 78649, 78649
20, 18140, 0, 78649, 78649
20, 18150, 0, 78649, 78649
20, 18160, 0, 78649, 78649
20, 18170, 0, 78649, 78649
20, 18180, 0, 78649, 78649
20, 18190, 0, 78649, 78649
20, 18200, 0, 78649, 78649
20, 18210, 0, 78649, 78649
20, 18220, 0, 78649, 78649
20, 18230, 0, 78649, 78649
20, 18240, 0, 78623, 78649
20, 18250, 0, 78623, 78623
20, 18260, 0, 78623, 78623
20, 18270, 0, 78623, 78623
20, 18280, 0, 78623, 78623
20, 18290, 0, 78623, 78623
20, 18300, 0, 78623, 78623
20, 18310, 0, 78623, 78623
20, 18320, 0, 78623, 78623
20, 18330, 0, 78423, 78423
20, 18340, 0, 78423, 78423
20, 18350, 0, 78423, 78423
20, 18360, 0, 78423, 78423
20, 18370, 0, 78423, 78423
20, 18380, 0, 78423, 78423
20, 18390, 0, 78423, 78423
20, 18400, 0, 78423, 78423
20, 18410, 0, 78423, 78423
20, 18420, 0, 78423, 78423
20, 18430, 0, 78423, 78423
20, 18440, 0, 78353, 78353
20, 18450, 0, 78353, 78353
20, 18460, 0, 78353, 78353
20, 18470, 0, 78353, 78353
20, 18480, 0, 78333, 78353
20, 18490, 0, 78333, 79609
20, 18500, 0, 78263, 78263
20, 18510, 0, 78263, 78263
20, 18520, 0, 78263, 78263
20, 18530, 0, 78263, 78263
20, 18540, 0, 78263, 78263
20, 18550, 0, 78263, 78263
20, 18560, 0, 78263, 78263
20, 18570, 0, 78263, 78263
20, 18580, 0, 78263, 78263
20, 18590, 0, 78263, 78263
20, 18600, 0, 78263, 78263
20, 18610, 0, 78263, 78263
20, 18620, 0, 78263, 78263
20, 18630, 0, 78263, 78263
20, 18640, 0, 78263, 78263
20, 18650, 0, 78263, 78263
20, 18660, 0, 78263, 78263
20, 18670, 0, 78142, 78263
20, 18680, 0, 78142, 78142
20, 18690, 0, 78142, 78142
20, 18700, 0, 78142, 78142
20, 18710, 0, 78094, 78094
20, 18720, 0, 78094, 78094
20, 18730, 0, 78094, 78094
20, 18740, 0, 78094, 78094
20, 18750, 0, 78094, 78094
20, 18760, 0, 78094, 78094
20, 18770, 0, 78094, 78094
20, 18780, 0, 78094, 78094
20, 18790, 0, 78094, 78094
20, 18800, 0, 78094, 79482
20, 18810, 0, 78094, 78094
20, 18820, 0, 78094, 78094
20, 18830, 0, 78094, 78094
20, 18840, 0, 77927, 78094
20, 18850, 0, 77927, 77927
20, 18860, 0, 77927, 77927
20, 18870, 0, 77927, 77927
20, 18880, 0, 77927, 77927
20, 18890, 0, 77884, 77884
20, 18900, 0, 77884, 77884
20, 18910, 0, 77884, 77884
20, 18920, 0, 77884, 77884
20, 18930, 0, 77766, 77766
20, 18940, 0, 77757, 77757
20, 18950, 0, 77757, 77757
20, 18960, 0, 77757, 77757
20, 18970, 0, 77757, 77757
20, 18980, 0, 77757, 77757
20, 18990, 0, 77757, 77757
20, 19000, 0, 77757, 77757
20, 19010, 0, 77633, 77633
20, 19020, 0, 77633, 77633
20, 19030, 0, 77633, 77633
20, 19040, 0, 77633, 77633
20, 19050, 0, 77633, 77633
20, 19060, 0, 77633, 77633
20, 19070, 0, 77633, 77633
20, 19080, 0, 77633, 77633
20, 19090, 0, 77633, 77633
20, 19100, 0, 77633, 77633
20, 19110, 0, 77633, 77633
20, 19120, 0, 77633, 77633
20, 19130, 0, 77633, 77633
20, 19140, 0, 77633, 77633
20, 19150, 0, 77597, 77597
20, 19160, 0, 77597, 77597
20, 19170, 0, 77597, 77597
20, 19180, 0, 77597, 77597
20, 19190, 0, 77597, 77597
20, 19200, 0, 77597, 77597
20, 19210, 0, 77597, 77597
20, 19220, 0, 77597, 77597
20, 19230, 0, 77597, 77597
20, 19240, 0, 77597, 77597
20, 19250, 0, 77375, 77375
20, 19260, 0, 77375, 77375
20, 19270, 0, 77375, 77375
20, 19280, 0, 77375, 77375
20, 19290, 0, 77375, 77375
20, 19300, 0, 77375, 77375
20, 19310, 0, 77375, 77375
20, 19320, 0, 77375, 77375
20, 19330, 0, 77375, 77375
20, 19340, 0, 77375, 77375
20, 19350, 0, 77375, 77375
20, 19360, 0, 77375, 77375
20, 19370, 0, 77375, 77375
20, 19380, 0, 77375, 77375
20, 19390, 0, 77375, 77375
20, 19400, 0, 77375, 77375
20, 19410, 0, 77375, 77375
20, 19420, 0, 77375, 77375
20, 19430, 0, 77375, 77375
20, 19440, 0, 77375, 77375
20, 19450, 0, 77375, 77375
20, 19460, 0, 77375, 77375
20, 19470, 0, 77375, 77375
20, 19480, 0, 77375, 77375
20, 19490, 0, 77375, 77375
20, 19500, 0, 77375, 77375
20, 19510, 0, 77375, 77375
20, 19520, 0, 77375, 77375
20, 19530, 0, 77365, 77365
20, 19540, 0, 77365, 77365
20, 19550, 0, 77365, 77365
20, 19560, 0, 77365, 77365
20, 19570, 0, 77365, 77365
20, 19580, 0, 77328, 77365
20, 19590, 0, 77328, 77328
20, 19600, 0, 77328, 77328
20, 19610, 0, 77328, 77328
20, 19620, 0, 77328, 77328
20, 19630, 0, 77328, 77328
20, 19640, 0, 77328, 77328
20, 19650, 0, 77245, 77245
20, 19660, 0, 77245, 77245
20, 19670, 0, 77245, 77245
20, 19680, 0, 77202, 77202
20, 19690, 0, 77068, 77068
20, 19700, 0, 77068, 77068
20, 19710, 0, 77068, 77068
20, 19720, 0, 77061, 77061
20, 19730, 0, 77061, 77061
20, 19740, 0, 77061, 77061
20, 19750, 0, 77061, 77061
20, 19760, 0, 77061, 77061
20, 19770, 0, 77061, 77061
20, 19780, 0, 77061, 77061
20, 19790, 0, 77061, 77061
20, 19800, 0, 77061, 77061
20, 19810, 0, 77061, 77061
20, 19820, 0, 76920, 76920
20, 19830, 0, 76920, 76920
20, 19840, 0, 76920, 76920
20, 19850, 0, 76920, 76920
20, 19860, 0, 76920, 76920
20, 19870, 0, 76920, 76920
20, 19880, 0, 76920, 76920
20, 19890, 0, 76920, 78297
20, 19900, 0, 76920, 76920
20, 19910, 0, 76920, 76920
20, 19920, 0, 76920, 76920
20, 19930, 0, 76920, 76920
20, 19940, 0, 76920, 76920
20, 19950, 0, 76860, 76860
20, 19960, 0, 76860, 76860
20, 19970, 0, 76860, 76860
20, 19980, 0, 76860, 76860
20, 19990, 0, 76860, 76860
