Population Size, Generation Count, Repetition, Best Fitness, Median Fitness
100, 0, 8, 737139, 768556
100, 10, 8, 698907, 705682
100, 20, 8, 673225, 683352
100, 30, 8, 656134, 663051
100, 40, 8, 632646, 639110
100, 50, 8, 619127, 625652
100, 60, 8, 598444, 607170
100, 70, 8, 584943, 595149
100, 80, 8, 568723, 578142
100, 90, 8, 557554, 563572
100, 100, 8, 547498, 554126
100, 110, 8, 537177, 542309
100, 120, 8, 524514, 531899
100, 130, 8, 514478, 519316
100, 140, 8, 506982, 511020
100, 150, 8, 500573, 505101
100, 160, 8, 489990, 494428
100, 170, 8, 483425, 486966
100, 180, 8, 475355, 479368
100, 190, 8, 466474, 469905
100, 200, 8, 457199, 462483
100, 210, 8, 448905, 454052
100, 220, 8, 441659, 448008
100, 230, 8, 435502, 438930
100, 240, 8, 429242, 434394
100, 250, 8, 424388, 427562
100, 260, 8, 417392, 423474
100, 270, 8, 411631, 416045
100, 280, 8, 405040, 410215
100, 290, 8, 399098, 403578
100, 300, 8, 394610, 398442
100, 310, 8, 392029, 395701
100, 320, 8, 387014, 391769
100, 330, 8, 381800, 385621
100, 340, 8, 375414, 380490
100, 350, 8, 370780, 374607
100, 360, 8, 363595, 369417
100, 370, 8, 359090, 362202
100, 380, 8, 355812, 359090
100, 390, 8, 353917, 356948
100, 400, 8, 351438, 354391
100, 410, 8, 348376, 352959
100, 420, 8, 344187, 348770
100, 430, 8, 341890, 345759
100, 440, 8, 340092, 343413
100, 450, 8, 337472, 340293
100, 460, 8, 333109, 337736
100, 470, 8, 331288, 333576
100, 480, 8, 329029, 333122
100, 490, 8, 326213, 330008
100, 500, 8, 323897, 327407
100, 510, 8, 320980, 324195
100, 520, 8, 318772, 322497
100, 530, 8, 316551, 320419
100, 540, 8, 314073, 317356
100, 550, 8, 311079, 316087
100, 560, 8, 309034, 312104
100, 570, 8, 304631, 308559
100, 580, 8, 301859, 304659
100, 590, 8, 299093, 302906
100, 600, 8, 296477, 300350
100, 610, 8, 295154, 297052
100, 620, 8, 292787, 297012
100, 630, 8, 290662, 293552
100, 640, 8, 288966, 292594
100, 650, 8, 285165, 289725
100, 660, 8, 282616, 285615
100, 670, 8, 280739, 283659
100, 680, 8, 278444, 281765
100, 690, 8, 276734, 279398
100, 700, 8, 273855, 278313
100, 710, 8, 272920, 276515
100, 720, 8, 271700, 274168
100, 730, 8, 269671, 274103
100, 740, 8, 269019, 270787
100, 750, 8, 265993, 271008
100, 760, 8, 264979, 268632
100, 770, 8, 263359, 266475
100, 780, 8, 261093, 263749
100, 790, 8, 259683, 262562
100, 800, 8, 256565, 261217
100, 810, 8, 255209, 257665
100, 820, 8, 253748, 256941
100, 830, 8, 252292, 254491
100, 840, 8, 251195, 254733
100, 850, 8, 249723, 253594
100, 860, 8, 246981, 251987
100, 870, 8, 246402, 248002
100, 880, 8, 245091, 248203
100, 890, 8, 244405, 247615
100, 900, 8, 243179, 245381
100, 910, 8, 241955, 245127
100, 920, 8, 240436, 243328
100, 930, 8, 239099, 242394
100, 940, 8, 237481, 240323
100, 950, 8, 236577, 239197
100, 960, 8, 234891, 238225
100, 970, 8, 233362, 236659
100, 980, 8, 232394, 235909
100, 990, 8, 230771, 234488
100, 1000, 8, 229525, 233054
100, 1010, 8, 227501, 230865
100, 1020, 8, 225734, 229190
100, 1030, 8, 224864, 227940
100, 1040, 8, 222829, 226173
100, 1050, 8, 221982, 224857
100, 1060, 8, 220749, 223957
100, 1070, 8, 218696, 221994
100, 1080, 8, 218021, 219613
100, 1090, 8, 217306, 220161
100, 1100, 8, 216255, 219318
100, 1110, 8, 215048, 216845
100, 1120, 8, 213315, 216772
100, 1130, 8, 212137, 215203
100, 1140, 8, 211089, 212601
100, 1150, 8, 210140, 212575
100, 1160, 8, 209127, 212094
100, 1170, 8, 208504, 211621
100, 1180, 8, 207371, 210150
100, 1190, 8, 205967, 208357
100, 1200, 8, 204674, 207813
100, 1210, 8, 204031, 207751
100, 1220, 8, 203418, 205701
100, 1230, 8, 202345, 204674
100, 1240, 8, 199273, 202856
100, 1250, 8, 198653, 201620
100, 1260, 8, 195339, 200088
100, 1270, 8, 194810, 197983
100, 1280, 8, 194309, 196034
100, 1290, 8, 193233, 196063
100, 1300, 8, 192048, 194812
100, 1310, 8, 191921, 193960
100, 1320, 8, 191657, 194280
100, 1330, 8, 191159, 194863
100, 1340, 8, 190016, 193986
100, 1350, 8, 188744, 192388
100, 1360, 8, 188170, 191576
100, 1370, 8, 187270, 190642
100, 1380, 8, 187147, 189677
100, 1390, 8, 185400, 189828
100, 1400, 8, 184499, 187619
100, 1410, 8, 183567, 186445
100, 1420, 8, 182753, 185797
100, 1430, 8, 182071, 185214
100, 1440, 8, 181007, 184557
100, 1450, 8, 180445, 182110
100, 1460, 8, 179910, 184015
100, 1470, 8, 179088, 181378
100, 1480, 8, 178782, 181174
100, 1490, 8, 178223, 180848
100, 1500, 8, 177255, 180373
100, 1510, 8, 177061, 180237
100, 1520, 8, 176771, 179877
100, 1530, 8, 176532, 178813
100, 1540, 8, 175877, 178490
100, 1550, 8, 175619, 179125
100, 1560, 8, 174790, 177287
100, 1570, 8, 174447, 177162
100, 1580, 8, 173799, 176395
100, 1590, 8, 172509, 176913
100, 1600, 8, 172030, 174923
100, 1610, 8, 171168, 173601
100, 1620, 8, 170907, 173260
100, 1630, 8, 170597, 173982
100, 1640, 8, 169399, 172839
100, 1650, 8, 169119, 171962
100, 1660, 8, 168400, 171225
100, 1670, 8, 168004, 171281
100, 1680, 8, 167677, 170292
100, 1690, 8, 166802, 169430
100, 1700, 8, 166555, 170261
100, 1710, 8, 165249, 168248
100, 1720, 8, 164754, 168320
100, 1730, 8, 163898, 167442
100, 1740, 8, 163155, 165681
100, 1750, 8, 162418, 164964
100, 1760, 8, 161843, 164394
100, 1770, 8, 161050, 164107
100, 1780, 8, 160135, 163658
100, 1790, 8, 159741, 162421
100, 1800, 8, 159053, 161275
100, 1810, 8, 158620, 162415
100, 1820, 8, 157925, 159844
100, 1830, 8, 157527, 160478
100, 1840, 8, 157248, 159114
100, 1850, 8, 154773, 158376
100, 1860, 8, 153261, 158052
100, 1870, 8, 152988, 155887
100, 1880, 8, 152834, 154756
100, 1890, 8, 152492, 155381
100, 1900, 8, 151888, 154703
100, 1910, 8, 151127, 153405
100, 1920, 8, 150385, 153342
100, 1930, 8, 149771, 153319
100, 1940, 8, 149295, 152672
100, 1950, 8, 148964, 151636
100, 1960, 8, 148764, 152678
100, 1970, 8, 148544, 151998
100, 1980, 8, 148093, 150791
100, 1990, 8, 147711, 150189
100, 2000, 8, 147322, 148981
100, 2010, 8, 146546, 149434
100, 2020, 8, 146180, 149371
100, 2030, 8, 145838, 146940
100, 2040, 8, 145563, 149744
100, 2050, 8, 145237, 148949
100, 2060, 8, 145135, 146793
100, 2070, 8, 144871, 147690
100, 2080, 8, 144062, 146156
100, 2090, 8, 143381, 146370
100, 2100, 8, 142448, 144857
100, 2110, 8, 142108, 144843
100, 2120, 8, 140990, 143819
100, 2130, 8, 140624, 143338
100, 2140, 8, 140436, 143750
100, 2150, 8, 139656, 142549
100, 2160, 8, 139339, 141145
100, 2170, 8, 139247, 141677
100, 2180, 8, 138311, 141047
100, 2190, 8, 138175, 141445
100, 2200, 8, 137790, 141753
100, 2210, 8, 136663, 139390
100, 2220, 8, 136541, 138122
100, 2230, 8, 135993, 138654
100, 2240, 8, 135650, 137764
100, 2250, 8, 134222, 136905
100, 2260, 8, 134039, 136245
100, 2270, 8, 133574, 136876
100, 2280, 8, 133388, 136911
100, 2290, 8, 133185, 135905
100, 2300, 8, 132827, 134866
100, 2310, 8, 132827, 135616
100, 2320, 8, 131314, 133855
100, 2330, 8, 131114, 134133
100, 2340, 8, 130473, 133685
100, 2350, 8, 130222, 132433
100, 2360, 8, 130127, 131895
100, 2370, 8, 129946, 132402
100, 2380, 8, 129336, 131774
100, 2390, 8, 129049, 130774
100, 2400, 8, 128519, 130415
100, 2410, 8, 127879, 131324
100, 2420, 8, 127477, 130660
100, 2430, 8, 127051, 129228
100, 2440, 8, 125994, 128342
100, 2450, 8, 125470, 129101
100, 2460, 8, 125382, 127413
100, 2470, 8, 125379, 128461
100, 2480, 8, 125163, 128011
100, 2490, 8, 124683, 127413
100, 2500, 8, 124117, 127334
100, 2510, 8, 124017, 126676
100, 2520, 8, 123860, 126323
100, 2530, 8, 123704, 125297
100, 2540, 8, 123490, 125211
100, 2550, 8, 122950, 126174
100, 2560, 8, 122950, 125497
100, 2570, 8, 122642, 125594
100, 2580, 8, 122294, 125304
100, 2590, 8, 122073, 124524
100, 2600, 8, 121931, 124222
100, 2610, 8, 121823, 124629
100, 2620, 8, 121595, 123967
100, 2630, 8, 121456, 124025
100, 2640, 8, 121225, 125222
100, 2650, 8, 121138, 122860
100, 2660, 8, 120729, 121805
100, 2670, 8, 120666, 123093
100, 2680, 8, 120499, 123485
100, 2690, 8, 120111, 122348
100, 2700, 8, 119522, 122781
100, 2710, 8, 119366, 121091
100, 2720, 8, 118736, 121757
100, 2730, 8, 118678, 121411
100, 2740, 8, 118571, 122079
100, 2750, 8, 117291, 120327
100, 2760, 8, 116977, 118783
100, 2770, 8, 116977, 118823
100, 2780, 8, 116977, 119875
100, 2790, 8, 116047, 119059
100, 2800, 8, 115921, 116620
100, 2810, 8, 115472, 117712
100, 2820, 8, 115190, 118605
100, 2830, 8, 115014, 117001
100, 2840, 8, 114452, 117830
100, 2850, 8, 114282, 118236
100, 2860, 8, 114111, 115449
100, 2870, 8, 113797, 114697
100, 2880, 8, 112930, 114336
100, 2890, 8, 112916, 115631
100, 2900, 8, 112813, 115548
100, 2910, 8, 112766, 115081
100, 2920, 8, 112640, 114641
100, 2930, 8, 112362, 115699
100, 2940, 8, 112266, 114397
100, 2950, 8, 111849, 115652
100, 2960, 8, 111537, 114373
100, 2970, 8, 111436, 114078
100, 2980, 8, 110991, 113613
100, 2990, 8, 110991, 113183
100, 3000, 8, 110846, 113882
100, 3010, 8, 110833, 112709
100, 3020, 8, 110598, 113548
100, 3030, 8, 110323, 112109
100, 3040, 8, 110148, 113794
100, 3050, 8, 110099, 111305
100, 3060, 8, 109708, 111904
100, 3070, 8, 109708, 112049
100, 3080, 8, 109458, 111892
100, 3090, 8, 108978, 111540
100, 3100, 8, 108703, 110768
100, 3110, 8, 108399, 111564
100, 3120, 8, 108150, 109885
100, 3130, 8, 107817, 109977
100, 3140, 8, 107732, 109823
100, 3150, 8, 107656, 109252
100, 3160, 8, 107353, 110213
100, 3170, 8, 107353, 109360
100, 3180, 8, 107180, 109787
100, 3190, 8, 106980, 109474
100, 3200, 8, 106826, 109078
100, 3210, 8, 106714, 108674
100, 3220, 8, 106197, 108500
100, 3230, 8, 106197, 108769
100, 3240, 8, 105938, 107561
100, 3250, 8, 105883, 108790
100, 3260, 8, 105843, 107478
100, 3270, 8, 105546, 107811
100, 3280, 8, 105212, 108541
100, 3290, 8, 105185, 107253
100, 3300, 8, 105185, 107077
100, 3310, 8, 105184, 106228
100, 3320, 8, 104936, 106189
100, 3330, 8, 104758, 106228
100, 3340, 8, 104426, 106005
100, 3350, 8, 104135, 107299
100, 3360, 8, 103843, 107085
100, 3370, 8, 103726, 106293
100, 3380, 8, 103696, 105887
100, 3390, 8, 103345, 106545
100, 3400, 8, 103095, 104111
100, 3410, 8, 102941, 104808
100, 3420, 8, 102505, 104295
100, 3430, 8, 102089, 103564
100, 3440, 8, 102015, 104447
100, 3450, 8, 101833, 102698
100, 3460, 8, 101550, 103492
100, 3470, 8, 101464, 104188
100, 3480, 8, 101275, 103105
100, 3490, 8, 100801, 103872
100, 3500, 8, 100639, 103154
100, 3510, 8, 100257, 102203
100, 3520, 8, 100038, 103485
100, 3530, 8, 99763, 102492
100, 3540, 8, 99763, 101280
100, 3550, 8, 99437, 101730
100, 3560, 8, 99367, 100727
100, 3570, 8, 99282, 101999
100, 3580, 8, 98882, 101408
100, 3590, 8, 98666, 101016
100, 3600, 8, 98525, 99592
100, 3610, 8, 98426, 99777
100, 3620, 8, 98280, 100263
100, 3630, 8, 98164, 100696
100, 3640, 8, 98105, 101208
100, 3650, 8, 98099, 99961
100, 3660, 8, 97816, 101560
100, 3670, 8, 97737, 98612
100, 3680, 8, 97646, 99836
100, 3690, 8, 97646, 99544
100, 3700, 8, 97481, 99280
100, 3710, 8, 97285, 97461
100, 3720, 8, 96990, 100190
100, 3730, 8, 96680, 99267
100, 3740, 8, 96347, 100417
100, 3750, 8, 96347, 98948
100, 3760, 8, 96241, 98764
100, 3770, 8, 96241, 98337
100, 3780, 8, 95847, 98914
100, 3790, 8, 95847, 98056
100, 3800, 8, 95847, 97447
100, 3810, 8, 95295, 96851
100, 3820, 8, 95263, 98053
100, 3830, 8, 95190, 96642
100, 3840, 8, 95119, 97936
100, 3850, 8, 95119, 97134
100, 3860, 8, 94815, 96167
100, 3870, 8, 94747, 97462
100, 3880, 8, 94625, 96269
100, 3890, 8, 94325, 96334
100, 3900, 8, 94162, 96439
100, 3910, 8, 93803, 95088
100, 3920, 8, 93155, 95755
100, 3930, 8, 92968, 94907
100, 3940, 8, 92710, 92938
100, 3950, 8, 92610, 94937
100, 3960, 8, 92610, 94102
100, 3970, 8, 92426, 94199
100, 3980, 8, 92331, 93899
100, 3990, 8, 92247, 95058
100, 4000, 8, 92169, 94798
100, 4010, 8, 92083, 94854
100, 4020, 8, 91942, 94285
100, 4030, 8, 91942, 94068
100, 4040, 8, 91768, 93643
100, 4050, 8, 91532, 93254
100, 4060, 8, 91532, 93785
100, 4070, 8, 91332, 94307
100, 4080, 8, 91184, 93561
100, 4090, 8, 91169, 93542
100, 4100, 8, 91169, 93150
100, 4110, 8, 91169, 93646
100, 4120, 8, 90797, 92995
100, 4130, 8, 90758, 92234
100, 4140, 8, 90599, 92598
100, 4150, 8, 90266, 92993
100, 4160, 8, 90225, 91513
100, 4170, 8, 90117, 91007
100, 4180, 8, 90002, 91995
100, 4190, 8, 89838, 92343
100, 4200, 8, 89726, 92201
100, 4210, 8, 89640, 90241
100, 4220, 8, 89599, 90900
100, 4230, 8, 89390, 92003
100, 4240, 8, 89194, 89349
100, 4250, 8, 89136, 90836
100, 4260, 8, 88880, 91105
100, 4270, 8, 88815, 91616
100, 4280, 8, 88749, 90465
100, 4290, 8, 88408, 92316
100, 4300, 8, 88307, 90805
100, 4310, 8, 88166, 90374
100, 4320, 8, 87917, 90722
100, 4330, 8, 87852, 90219
100, 4340, 8, 87852, 89943
100, 4350, 8, 87852, 89489
100, 4360, 8, 87774, 89208
100, 4370, 8, 87473, 89604
100, 4380, 8, 87019, 90230
100, 4390, 8, 86823, 89750
100, 4400, 8, 86823, 88590
100, 4410, 8, 86590, 88653
100, 4420, 8, 86590, 87705
100, 4430, 8, 86590, 88251
100, 4440, 8, 86590, 86990
100, 4450, 8, 86570, 87768
100, 4460, 8, 86562, 86590
100, 4470, 8, 86475, 87217
100, 4480, 8, 86475, 88875
100, 4490, 8, 86432, 87629
100, 4500, 8, 86263, 87965
100, 4510, 8, 86043, 86263
100, 4520, 8, 85433, 87173
100, 4530, 8, 85433, 87659
100, 4540, 8, 85268, 87394
100, 4550, 8, 85154, 86331
100, 4560, 8, 85154, 85962
100, 4570, 8, 85077, 85154
100, 4580, 8, 84732, 86645
100, 4590, 8, 84632, 86554
100, 4600, 8, 84632, 85781
100, 4610, 8, 84550, 85622
100, 4620, 8, 84541, 87218
100, 4630, 8, 84541, 86626
100, 4640, 8, 84361, 86202
100, 4650, 8, 84076, 86100
100, 4660, 8, 83505, 85796
100, 4670, 8, 83505, 86223
100, 4680, 8, 83481, 86435
100, 4690, 8, 83408, 85815
100, 4700, 8, 83393, 86134
100, 4710, 8, 83393, 84647
100, 4720, 8, 83393, 85179
100, 4730, 8, 83368, 84234
100, 4740, 8, 83368, 84766
100, 4750, 8, 83321, 84049
100, 4760, 8, 83195, 83321
100, 4770, 8, 83147, 83828
100, 4780, 8, 82911, 84893
100, 4790, 8, 82911, 85539
100, 4800, 8, 82911, 84661
100, 4810, 8, 82844, 85606
100, 4820, 8, 82644, 84910
100, 4830, 8, 82615, 85081
100, 4840, 8, 82426, 83573
100, 4850, 8, 82112, 84818
100, 4860, 8, 81999, 84279
100, 4870, 8, 81997, 83060
100, 4880, 8, 81708, 84071
100, 4890, 8, 81597, 83758
100, 4900, 8, 81511, 82470
100, 4910, 8, 81511, 84332
100, 4920, 8, 81511, 82700
100, 4930, 8, 81414, 84299
100, 4940, 8, 81414, 83507
100, 4950, 8, 81073, 83694
100, 4960, 8, 81067, 82784
100, 4970, 8, 81032, 83180
100, 4980, 8, 80997, 83393
100, 4990, 8, 80997, 80997
100, 5000, 8, 80893, 82332
100, 5010, 8, 80701, 83823
100, 5020, 8, 80257, 83701
100, 5030, 8, 80203, 82153
100, 5040, 8, 79758, 82043
100, 5050, 8, 79758, 81459
100, 5060, 8, 79436, 80003
100, 5070, 8, 79348, 81540
100, 5080, 8, 79241, 82415
100, 5090, 8, 79241, 81449
100, 5100, 8, 79182, 81771
100, 5110, 8, 79097, 81198
100, 5120, 8, 79074, 80309
100, 5130, 8, 79049, 80712
100, 5140, 8, 79049, 80653
100, 5150, 8, 79049, 80674
100, 5160, 8, 79049, 79049
100, 5170, 8, 79049, 81341
100, 5180, 8, 79005, 79846
100, 5190, 8, 78947, 79915
100, 5200, 8, 78947, 80932
100, 5210, 8, 78947, 79330
100, 5220, 8, 78885, 80762
100, 5230, 8, 78874, 79317
100, 5240, 8, 78766, 78874
100, 5250, 8, 78581, 80219
100, 5260, 8, 78525, 79082
100, 5270, 8, 78525, 78773
100, 5280, 8, 78497, 79823
100, 5290, 8, 78490, 80619
100, 5300, 8, 78490, 80260
100, 5310, 8, 78490, 79902
100, 5320, 8, 78290, 79773
100, 5330, 8, 78290, 80091
100, 5340, 8, 78290, 79348
100, 5350, 8, 78290, 78631
100, 5360, 8, 78173, 80532
100, 5370, 8, 78034, 79285
100, 5380, 8, 78034, 79286
100, 5390, 8, 78002, 79967
100, 5400, 8, 78002, 79785
100, 5410, 8, 77984, 78002
100, 5420, 8, 77984, 80174
100, 5430, 8, 77950, 79529
100, 5440, 8, 77709, 78555
100, 5450, 8, 77474, 78690
100, 5460, 8, 77212, 78941
100, 5470, 8, 77147, 77734
100, 5480, 8, 76992, 79250
100, 5490, 8, 76992, 79744
100, 5500, 8, 76992, 78909
100, 5510, 8, 76992, 78479
100, 5520, 8, 76933, 77474
100, 5530, 8, 76933, 77751
100, 5540, 8, 76933, 77502
100, 5550, 8, 76933, 77965
100, 5560, 8, 76933, 77753
100, 5570, 8, 76933, 78697
100, 5580, 8, 76933, 77815
100, 5590, 8, 76904, 78575
100, 5600, 8, 76880, 79244
100, 5610, 8, 76880, 78984
100, 5620, 8, 76880, 79202
100, 5630, 8, 76801, 79409
100, 5640, 8, 76801, 77591
100, 5650, 8, 76752, 77670
100, 5660, 8, 76752, 77242
100, 5670, 8, 76618, 79056
100, 5680, 8, 76618, 78717
100, 5690, 8, 76489, 78385
100, 5700, 8, 76465, 77836
100, 5710, 8, 76465, 78432
100, 5720, 8, 76465, 78267
100, 5730, 8, 76395, 77856
100, 5740, 8, 76350, 76395
100, 5750, 8, 76281, 78325
100, 5760, 8, 76281, 76481
100, 5770, 8, 76281, 78225
100, 5780, 8, 76281, 78781
100, 5790, 8, 76276, 78790
100, 5800, 8, 76063, 77725
100, 5810, 8, 76063, 77051
100, 5820, 8, 75846, 77373
100, 5830, 8, 75846, 77429
100, 5840, 8, 75787, 77756
100, 5850, 8, 75787, 76335
100, 5860, 8, 75787, 76655
100, 5870, 8, 75787, 76948
100, 5880, 8, 75787, 77026
100, 5890, 8, 75787, 75787
100, 5900, 8, 75713, 76744
100, 5910, 8, 75707, 77253
100, 5920, 8, 75696, 76817
100, 5930, 8, 75696, 77008
100, 5940, 8, 75613, 76883
100, 5950, 8, 75613, 75613
100, 5960, 8, 75572, 76721
100, 5970, 8, 75486, 77714
100, 5980, 8, 75486, 76602
100, 5990, 8, 75403, 76939
100, 6000, 8, 75403, 77431
100, 6010, 8, 75403, 77381
100, 6020, 8, 75391, 77356
100, 6030, 8, 75315, 76451
100, 6040, 8, 75315, 76285
100, 6050, 8, 75256, 76018
100, 6060, 8, 74966, 75256
100, 6070, 8, 74966, 75906
100, 6080, 8, 74966, 76216
100, 6090, 8, 74825, 77222
100, 6100, 8, 74825, 75957
100, 6110, 8, 74701, 74825
100, 6120, 8, 74701, 76313
100, 6130, 8, 74683, 76192
100, 6140, 8, 74683, 76723
100, 6150, 8, 74683, 75170
100, 6160, 8, 74560, 75325
100, 6170, 8, 74411, 76123
100, 6180, 8, 74349, 75563
100, 6190, 8, 74349, 77037
100, 6200, 8, 74319, 74735
100, 6210, 8, 74319, 76043
100, 6220, 8, 74241, 76277
100, 6230, 8, 74102, 76593
100, 6240, 8, 73649, 74188
100, 6250, 8, 73305, 74022
100, 6260, 8, 72792, 74505
100, 6270, 8, 72774, 72792
100, 6280, 8, 72760, 74231
100, 6290, 8, 72462, 73875
100, 6300, 8, 72462, 73660
100, 6310, 8, 72462, 73065
100, 6320, 8, 72462, 73249
100, 6330, 8, 72462, 73172
100, 6340, 8, 72102, 72462
100, 6350, 8, 72030, 75227
100, 6360, 8, 72030, 72799
100, 6370, 8, 71985, 72805
100, 6380, 8, 71934, 73386
100, 6390, 8, 71893, 71934
100, 6400, 8, 71893, 71893
100, 6410, 8, 71693, 73755
100, 6420, 8, 71693, 71796
100, 6430, 8, 71559, 72072
100, 6440, 8, 71559, 73716
100, 6450, 8, 71559, 72079
100, 6460, 8, 71559, 72711
100, 6470, 8, 71559, 71559
100, 6480, 8, 71559, 72982
100, 6490, 8, 71475, 71559
100, 6500, 8, 71475, 71475
100, 6510, 8, 71475, 71858
100, 6520, 8, 71475, 71475
100, 6530, 8, 71475, 73348
100, 6540, 8, 71475, 73181
100, 6550, 8, 71475, 73513
100, 6560, 8, 71475, 73265
100, 6570, 8, 71475, 72484
100, 6580, 8, 70958, 72186
100, 6590, 8, 70940, 71043
100, 6600, 8, 70739, 73153
100, 6610, 8, 70675, 71815
100, 6620, 8, 70592, 70592
100, 6630, 8, 70592, 72372
100, 6640, 8, 70430, 71086
100, 6650, 8, 70430, 70430
100, 6660, 8, 70430, 71107
100, 6670, 8, 70334, 72041
100, 6680, 8, 70259, 72298
100, 6690, 8, 70259, 71470
100, 6700, 8, 70259, 71897
100, 6710, 8, 70259, 71890
100, 6720, 8, 70230, 72062
100, 6730, 8, 70146, 71456
100, 6740, 8, 70146, 72022
100, 6750, 8, 70146, 71583
100, 6760, 8, 70146, 70639
100, 6770, 8, 70146, 70658
100, 6780, 8, 70146, 70146
100, 6790, 8, 70146, 71479
100, 6800, 8, 70146, 72096
100, 6810, 8, 70113, 72301
100, 6820, 8, 70113, 70113
100, 6830, 8, 70113, 72116
100, 6840, 8, 70113, 72346
100, 6850, 8, 70113, 71167
100, 6860, 8, 70113, 71160
100, 6870, 8, 70113, 70113
100, 6880, 8, 70113, 70113
100, 6890, 8, 70113, 70113
100, 6900, 8, 70113, 70857
100, 6910, 8, 69902, 70113
100, 6920, 8, 69902, 69902
100, 6930, 8, 69902, 72707
100, 6940, 8, 69902, 70449
100, 6950, 8, 69848, 69902
100, 6960, 8, 69631, 70674
100, 6970, 8, 69551, 70249
100, 6980, 8, 69551, 69551
100, 6990, 8, 69551, 70958
100, 7000, 8, 69515, 70809
100, 7010, 8, 69515, 71589
100, 7020, 8, 69515, 72012
100, 7030, 8, 69515, 69515
100, 7040, 8, 69434, 70142
100, 7050, 8, 69433, 70538
100, 7060, 8, 69433, 69953
100, 7070, 8, 69433, 71838
100, 7080, 8, 69433, 70942
100, 7090, 8, 69433, 70881
100, 7100, 8, 69433, 69433
100, 7110, 8, 69433, 70765
100, 7120, 8, 69368, 70678
100, 7130, 8, 69368, 69433
100, 7140, 8, 69249, 70707
100, 7150, 8, 69249, 70275
100, 7160, 8, 69249, 70453
100, 7170, 8, 69249, 70487
100, 7180, 8, 69177, 69617
100, 7190, 8, 69177, 69910
100, 7200, 8, 69177, 70194
100, 7210, 8, 69054, 70660
100, 7220, 8, 69054, 69851
100, 7230, 8, 68889, 69333
100, 7240, 8, 68889, 68972
100, 7250, 8, 68889, 68889
100, 7260, 8, 68824, 68889
100, 7270, 8, 68824, 68824
100, 7280, 8, 68824, 68824
100, 7290, 8, 68644, 68824
100, 7300, 8, 68644, 69275
100, 7310, 8, 68644, 69333
100, 7320, 8, 68644, 69942
100, 7330, 8, 68644, 69770
100, 7340, 8, 68644, 68806
100, 7350, 8, 68644, 68702
100, 7360, 8, 68644, 68967
100, 7370, 8, 68644, 68644
100, 7380, 8, 68644, 69268
100, 7390, 8, 68424, 70259
100, 7400, 8, 68424, 68671
100, 7410, 8, 68369, 69224
100, 7420, 8, 68369, 69578
100, 7430, 8, 68369, 68369
100, 7440, 8, 68286, 68369
100, 7450, 8, 68249, 70057
100, 7460, 8, 68249, 70481
100, 7470, 8, 68249, 68249
100, 7480, 8, 68249, 68249
100, 7490, 8, 68249, 68249
100, 7500, 8, 68249, 69033
100, 7510, 8, 68249, 69456
100, 7520, 8, 68249, 68249
100, 7530, 8, 68249, 70339
100, 7540, 8, 68196, 68249
100, 7550, 8, 68196, 68196
100, 7560, 8, 68106, 69379
100, 7570, 8, 68106, 68106
100, 7580, 8, 68106, 68786
100, 7590, 8, 68048, 68106
100, 7600, 8, 68048, 68048
100, 7610, 8, 68008, 68048
100, 7620, 8, 67936, 68464
100, 7630, 8, 67936, 69319
100, 7640, 8, 67936, 68427
100, 7650, 8, 67936, 68253
100, 7660, 8, 67712, 69072
100, 7670, 8, 67712, 67712
100, 7680, 8, 67712, 67712
100, 7690, 8, 67712, 68577
100, 7700, 8, 67666, 67712
100, 7710, 8, 67466, 67712
100, 7720, 8, 67466, 68389
100, 7730, 8, 67466, 68819
100, 7740, 8, 67466, 69924
100, 7750, 8, 67466, 67507
100, 7760, 8, 67466, 69131
100, 7770, 8, 67218, 69718
100, 7780, 8, 67218, 67218
100, 7790, 8, 67218, 67218
100, 7800, 8, 67191, 67218
100, 7810, 8, 67108, 67191
100, 7820, 8, 67025, 67108
100, 7830, 8, 67001, 67025
100, 7840, 8, 67001, 68363
100, 7850, 8, 67001, 67001
100, 7860, 8, 67001, 68440
100, 7870, 8, 67001, 67001
100, 7880, 8, 67001, 67448
100, 7890, 8, 66556, 67440
100, 7900, 8, 66556, 66556
100, 7910, 8, 66514, 69293
100, 7920, 8, 66514, 66514
100, 7930, 8, 66514, 68174
100, 7940, 8, 66514, 67716
100, 7950, 8, 66514, 66514
100, 7960, 8, 66514, 67627
100, 7970, 8, 66234, 66514
100, 7980, 8, 66234, 68142
100, 7990, 8, 66140, 67845
100, 8000, 8, 66140, 67973
100, 8010, 8, 66140, 66258
100, 8020, 8, 66140, 67818
100, 8030, 8, 65952, 67745
100, 8040, 8, 65952, 66177
100, 8050, 8, 65952, 65952
100, 8060, 8, 65952, 66772
100, 8070, 8, 65894, 66888
100, 8080, 8, 65894, 67764
100, 8090, 8, 65883, 68189
100, 8100, 8, 65883, 66818
100, 8110, 8, 65789, 65883
100, 8120, 8, 65789, 67494
100, 8130, 8, 65749, 65749
100, 8140, 8, 65666, 67175
100, 8150, 8, 65608, 67943
100, 8160, 8, 65608, 65666
100, 8170, 8, 65608, 66317
100, 8180, 8, 65608, 65608
100, 8190, 8, 65608, 65608
100, 8200, 8, 65608, 65608
100, 8210, 8, 65608, 65608
100, 8220, 8, 65608, 67826
100, 8230, 8, 65557, 65608
100, 8240, 8, 65528, 66357
100, 8250, 8, 65528, 67339
100, 8260, 8, 65528, 65528
100, 8270, 8, 65528, 65528
100, 8280, 8, 65528, 65528
100, 8290, 8, 65521, 65769
100, 8300, 8, 65521, 67274
100, 8310, 8, 65521, 65521
100, 8320, 8, 65441, 65521
100, 8330, 8, 65441, 67136
100, 8340, 8, 65441, 66628
100, 8350, 8, 65441, 65441
100, 8360, 8, 65441, 65441
100, 8370, 8, 65441, 65441
100, 8380, 8, 65441, 66701
100, 8390, 8, 65441, 65441
100, 8400, 8, 65441, 66485
100, 8410, 8, 65375, 66458
100, 8420, 8, 65375, 66713
100, 8430, 8, 65375, 65375
100, 8440, 8, 65161, 66806
100, 8450, 8, 65161, 65161
100, 8460, 8, 65161, 67013
100, 8470, 8, 65161, 66097
100, 8480, 8, 65159, 65159
100, 8490, 8, 65159, 65530
100, 8500, 8, 65159, 65759
100, 8510, 8, 65159, 65647
100, 8520, 8, 65159, 65658
100, 8530, 8, 65159, 65159
100, 8540, 8, 65159, 66849
100, 8550, 8, 65159, 66997
100, 8560, 8, 65159, 66170
100, 8570, 8, 65159, 67165
100, 8580, 8, 65159, 67243
100, 8590, 8, 65159, 65159
100, 8600, 8, 65159, 65159
100, 8610, 8, 65159, 65159
100, 8620, 8, 65076, 66593
100, 8630, 8, 65076, 66093
100, 8640, 8, 65076, 65076
100, 8650, 8, 65076, 65076
100, 8660, 8, 65076, 65076
100, 8670, 8, 65076, 66319
100, 8680, 8, 64994, 65650
100, 8690, 8, 64994, 65917
100, 8700, 8, 64853, 65977
100, 8710, 8, 64853, 64853
100, 8720, 8, 64853, 66627
100, 8730, 8, 64853, 64853
100, 8740, 8, 64770, 66398
100, 8750, 8, 64770, 64770
100, 8760, 8, 64770, 64770
100, 8770, 8, 64687, 64770
100, 8780, 8, 64687, 65909
100, 8790, 8, 64559, 64675
100, 8800, 8, 64559, 66217
100, 8810, 8, 64559, 64559
100, 8820, 8, 64559, 64559
100, 8830, 8, 64559, 64559
100, 8840, 8, 64559, 64559
100, 8850, 8, 64559, 64559
100, 8860, 8, 64559, 64559
100, 8870, 8, 64559, 66482
100, 8880, 8, 64559, 64559
100, 8890, 8, 64559, 64559
100, 8900, 8, 64559, 64559
100, 8910, 8, 64367, 65890
100, 8920, 8, 64367, 64794
100, 8930, 8, 64367, 64367
100, 8940, 8, 64367, 64367
100, 8950, 8, 64270, 65531
100, 8960, 8, 64160, 64270
100, 8970, 8, 64143, 64160
100, 8980, 8, 64143, 64143
100, 8990, 8, 64143, 64143
100, 9000, 8, 64143, 64143
100, 9010, 8, 64143, 64143
100, 9020, 8, 64143, 64143
100, 9030, 8, 64143, 64143
100, 9040, 8, 64075, 64848
100, 9050, 8, 64075, 64174
100, 9060, 8, 64075, 65521
100, 9070, 8, 64075, 64075
100, 9080, 8, 64075, 64075
100, 9090, 8, 64075, 64075
100, 9100, 8, 64075, 64864
100, 9110, 8, 64075, 64075
100, 9120, 8, 64075, 64075
100, 9130, 8, 63861, 63909
100, 9140, 8, 63861, 63861
100, 9150, 8, 63810, 65320
100, 9160, 8, 63810, 65538
100, 9170, 8, 63766, 63810
100, 9180, 8, 63766, 63766
100, 9190, 8, 63705, 63966
100, 9200, 8, 63705, 63705
100, 9210, 8, 63705, 63705
100, 9220, 8, 63705, 63705
100, 9230, 8, 63705, 63705
100, 9240, 8, 63705, 63705
100, 9250, 8, 63705, 63705
100, 9260, 8, 63705, 63705
100, 9270, 8, 63705, 63705
100, 9280, 8, 63705, 63705
100, 9290, 8, 63705, 63705
100, 9300, 8, 63705, 63705
100, 9310, 8, 63705, 65496
100, 9320, 8, 63705, 63705
100, 9330, 8, 63699, 63705
100, 9340, 8, 63699, 63699
100, 9350, 8, 63634, 63699
100, 9360, 8, 63634, 63634
100, 9370, 8, 63634, 64480
100, 9380, 8, 63634, 63634
100, 9390, 8, 63634, 63634
100, 9400, 8, 63634, 63634
100, 9410, 8, 63634, 63634
100, 9420, 8, 63634, 65331
100, 9430, 8, 63634, 63634
100, 9440, 8, 63634, 63634
100, 9450, 8, 63634, 63634
100, 9460, 8, 63634, 63634
100, 9470, 8, 63147, 63634
100, 9480, 8, 63147, 63288
100, 9490, 8, 63147, 63147
100, 9500, 8, 63147, 63482
100, 9510, 8, 63147, 63147
100, 9520, 8, 63147, 64242
100, 9530, 8, 63147, 63770
100, 9540, 8, 63147, 63822
100, 9550, 8, 63147, 63147
100, 9560, 8, 63147, 63147
100, 9570, 8, 63147, 63147
100, 9580, 8, 63147, 63147
100, 9590, 8, 63106, 63147
100, 9600, 8, 63106, 63106
100, 9610, 8, 63023, 64110
100, 9620, 8, 63023, 63638
100, 9630, 8, 63023, 63023
100, 9640, 8, 62975, 63023
100, 9650, 8, 62975, 62975
100, 9660, 8, 62975, 62975
100, 9670, 8, 62975, 62975
100, 9680, 8, 62975, 62975
100, 9690, 8, 62933, 62975
100, 9700, 8, 62933, 62933
100, 9710, 8, 62933, 62933
100, 9720, 8, 62894, 64328
100, 9730, 8, 62894, 64345
100, 9740, 8, 62894, 62894
100, 9750, 8, 62894, 62894
100, 9760, 8, 62894, 62894
100, 9770, 8, 62894, 63555
100, 9780, 8, 62894, 62894
100, 9790, 8, 62894, 62894
100, 9800, 8, 62894, 65220
100, 9810, 8, 62894, 62894
100, 9820, 8, 62894, 62894
100, 9830, 8, 62894, 62894
100, 9840, 8, 62894, 62894
100, 9850, 8, 62894, 62894
100, 9860, 8, 62894, 64496
100, 9870, 8, 62894, 62894
100, 9880, 8, 62894, 63589
100, 9890, 8, 62894, 64527
100, 9900, 8, 62894, 62894
100, 9910, 8, 62894, 62894
100, 9920, 8, 62894, 62894
100, 9930, 8, 62894, 62894
100, 9940, 8, 62894, 62894
100, 9950, 8, 62869, 62894
100, 9960, 8, 62869, 62869
100, 9970, 8, 62869, 64180
100, 9980, 8, 62869, 62869
100, 9990, 8, 62869, 62869
100, 10000, 8, 62869, 62869
100, 10010, 8, 62869, 64197
100, 10020, 8, 62869, 62869
100, 10030, 8, 62869, 62869
100, 10040, 8, 62869, 65005
100, 10050, 8, 62869, 62869
100, 10060, 8, 62869, 62869
100, 10070, 8, 62869, 62869
100, 10080, 8, 62869, 62869
100, 10090, 8, 62869, 62869
100, 10100, 8, 62869, 62869
100, 10110, 8, 62869, 63037
100, 10120, 8, 62553, 62869
100, 10130, 8, 62553, 62553
100, 10140, 8, 62553, 62553
100, 10150, 8, 62553, 62553
100, 10160, 8, 62553, 62553
100, 10170, 8, 62553, 63684
100, 10180, 8, 62553, 62553
100, 10190, 8, 62553, 62553
100, 10200, 8, 62553, 62661
100, 10210, 8, 62538, 62553
100, 10220, 8, 62538, 62538
100, 10230, 8, 62538, 62538
100, 10240, 8, 62477, 62477
100, 10250, 8, 62477, 62477
100, 10260, 8, 62477, 62477
100, 10270, 8, 62477, 63434
100, 10280, 8, 62417, 62477
100, 10290, 8, 62298, 62417
100, 10300, 8, 62298, 62298
100, 10310, 8, 62298, 62298
100, 10320, 8, 62298, 63611
100, 10330, 8, 62269, 62298
100, 10340, 8, 62269, 62298
100, 10350, 8, 62269, 63038
100, 10360, 8, 62269, 62269
100, 10370, 8, 62269, 62269
100, 10380, 8, 62269, 62269
100, 10390, 8, 62269, 62269
100, 10400, 8, 62269, 62269
100, 10410, 8, 62269, 62269
100, 10420, 8, 62269, 62593
100, 10430, 8, 62269, 62352
100, 10440, 8, 62269, 62839
100, 10450, 8, 62269, 63161
100, 10460, 8, 62269, 62269
100, 10470, 8, 62269, 63449
100, 10480, 8, 62214, 63301
100, 10490, 8, 62214, 63224
100, 10500, 8, 62214, 62214
100, 10510, 8, 62214, 62214
100, 10520, 8, 62026, 62316
100, 10530, 8, 62026, 62026
100, 10540, 8, 61985, 61985
100, 10550, 8, 61985, 61985
100, 10560, 8, 61985, 61985
100, 10570, 8, 61985, 61985
100, 10580, 8, 61985, 64109
100, 10590, 8, 61985, 63293
100, 10600, 8, 61803, 61985
100, 10610, 8, 61803, 61803
100, 10620, 8, 61803, 61803
100, 10630, 8, 61803, 62074
100, 10640, 8, 61803, 61803
100, 10650, 8, 61803, 61803
100, 10660, 8, 61648, 61648
100, 10670, 8, 61648, 61648
100, 10680, 8, 61648, 61648
100, 10690, 8, 61648, 61648
100, 10700, 8, 61648, 61648
100, 10710, 8, 61648, 61648
100, 10720, 8, 61648, 61648
100, 10730, 8, 61630, 61630
100, 10740, 8, 61630, 61630
100, 10750, 8, 61630, 62904
100, 10760, 8, 61630, 61630
100, 10770, 8, 61630, 61630
100, 10780, 8, 61589, 61630
100, 10790, 8, 61447, 61589
100, 10800, 8, 61251, 61447
100, 10810, 8, 61251, 61251
100, 10820, 8, 61251, 61251
100, 10830, 8, 61251, 61251
100, 10840, 8, 61251, 61251
100, 10850, 8, 61251, 61251
100, 10860, 8, 61251, 61251
100, 10870, 8, 61251, 61251
100, 10880, 8, 61251, 61251
100, 10890, 8, 61251, 61251
100, 10900, 8, 61251, 61251
100, 10910, 8, 61251, 61251
100, 10920, 8, 61251, 61251
100, 10930, 8, 61251, 61251
100, 10940, 8, 61251, 61251
100, 10950, 8, 61251, 61251
100, 10960, 8, 61251, 61251
100, 10970, 8, 61251, 61251
100, 10980, 8, 61251, 61251
100, 10990, 8, 61251, 62574
100, 11000, 8, 61207, 61207
100, 11010, 8, 61207, 61207
100, 11020, 8, 61156, 61207
100, 11030, 8, 61156, 61156
100, 11040, 8, 61156, 61156
100, 11050, 8, 61156, 61156
100, 11060, 8, 61103, 61156
100, 11070, 8, 61103, 61103
100, 11080, 8, 61103, 61103
100, 11090, 8, 61103, 62757
100, 11100, 8, 61103, 61103
100, 11110, 8, 61103, 61103
100, 11120, 8, 61103, 61103
100, 11130, 8, 61103, 61103
100, 11140, 8, 61103, 61103
100, 11150, 8, 61103, 61103
100, 11160, 8, 61103, 61103
100, 11170, 8, 61103, 61103
100, 11180, 8, 61103, 62599
100, 11190, 8, 61064, 61103
100, 11200, 8, 61064, 61064
100, 11210, 8, 61064, 61064
100, 11220, 8, 61064, 61064
100, 11230, 8, 61064, 61064
100, 11240, 8, 61064, 61064
100, 11250, 8, 61064, 61064
100, 11260, 8, 61064, 61064
100, 11270, 8, 61064, 61064
100, 11280, 8, 60964, 60964
100, 11290, 8, 60964, 60964
100, 11300, 8, 60964, 60964
100, 11310, 8, 60964, 60964
100, 11320, 8, 60964, 60964
100, 11330, 8, 60964, 60964
100, 11340, 8, 60964, 60964
100, 11350, 8, 60881, 60964
100, 11360, 8, 60881, 60881
100, 11370, 8, 60881, 60881
100, 11380, 8, 60881, 60881
100, 11390, 8, 60881, 60881
100, 11400, 8, 60881, 60881
100, 11410, 8, 60784, 60881
100, 11420, 8, 60752, 60752
100, 11430, 8, 60752, 60752
100, 11440, 8, 60669, 60752
100, 11450, 8, 60669, 60669
100, 11460, 8, 60669, 60669
100, 11470, 8, 60543, 60669
100, 11480, 8, 60543, 60543
100, 11490, 8, 60543, 60543
100, 11500, 8, 60543, 60543
100, 11510, 8, 60543, 60543
100, 11520, 8, 60543, 60543
100, 11530, 8, 60543, 60543
100, 11540, 8, 60526, 60543
100, 11550, 8, 60526, 60526
100, 11560, 8, 60526, 60526
100, 11570, 8, 60459, 60526
100, 11580, 8, 60459, 60743
100, 11590, 8, 60459, 60459
100, 11600, 8, 60440, 60459
100, 11610, 8, 60440, 60440
100, 11620, 8, 60440, 60440
100, 11630, 8, 60440, 60440
100, 11640, 8, 60440, 60440
100, 11650, 8, 60440, 60440
100, 11660, 8, 60344, 60440
100, 11670, 8, 60344, 60344
100, 11680, 8, 60344, 60344
100, 11690, 8, 60344, 60344
100, 11700, 8, 60344, 60344
100, 11710, 8, 60327, 60344
100, 11720, 8, 60327, 60327
100, 11730, 8, 60327, 60327
100, 11740, 8, 60095, 60327
100, 11750, 8, 60095, 60095
100, 11760, 8, 60095, 60095
100, 11770, 8, 60095, 60095
100, 11780, 8, 60095, 60095
100, 11790, 8, 60095, 60095
100, 11800, 8, 60095, 60095
100, 11810, 8, 60095, 60095
100, 11820, 8, 60095, 60095
100, 11830, 8, 60095, 60095
100, 11840, 8, 60095, 60095
100, 11850, 8, 60095, 60095
100, 11860, 8, 60095, 60095
100, 11870, 8, 60095, 60095
100, 11880, 8, 60095, 60095
100, 11890, 8, 60095, 60095
100, 11900, 8, 60095, 60095
100, 11910, 8, 60095, 60095
100, 11920, 8, 60095, 60095
100, 11930, 8, 60095, 60095
100, 11940, 8, 60095, 60095
100, 11950, 8, 60095, 60095
100, 11960, 8, 60095, 60095
100, 11970, 8, 60095, 60095
100, 11980, 8, 60095, 60095
100, 11990, 8, 60095, 60095
100, 12000, 8, 60095, 60095
100, 12010, 8, 60095, 60095
100, 12020, 8, 60095, 60095
100, 12030, 8, 60095, 60095
100, 12040, 8, 60095, 60095
100, 12050, 8, 60064, 60095
100, 12060, 8, 60064, 60064
100, 12070, 8, 60064, 60064
100, 12080, 8, 60064, 60064
100, 12090, 8, 60064, 60064
100, 12100, 8, 60064, 60064
100, 12110, 8, 60064, 60064
100, 12120, 8, 60064, 60064
100, 12130, 8, 60064, 60064
100, 12140, 8, 60064, 60273
100, 12150, 8, 60064, 60064
100, 12160, 8, 60055, 60064
100, 12170, 8, 60055, 60055
100, 12180, 8, 60055, 60055
100, 12190, 8, 60055, 60055
100, 12200, 8, 60055, 60055
100, 12210, 8, 60055, 60055
100, 12220, 8, 60055, 60055
100, 12230, 8, 60055, 60055
100, 12240, 8, 60055, 60055
100, 12250, 8, 60055, 60055
100, 12260, 8, 60037, 60037
100, 12270, 8, 60037, 60037
100, 12280, 8, 60037, 60037
100, 12290, 8, 60037, 60037
100, 12300, 8, 60037, 60037
100, 12310, 8, 60037, 60037
100, 12320, 8, 60037, 60037
100, 12330, 8, 60037, 60037
100, 12340, 8, 60037, 60037
100, 12350, 8, 60037, 60037
100, 12360, 8, 60037, 60037
100, 12370, 8, 59968, 60037
100, 12380, 8, 59968, 59968
100, 12390, 8, 59968, 59968
100, 12400, 8, 59968, 59968
100, 12410, 8, 59968, 59968
100, 12420, 8, 59968, 59968
100, 12430, 8, 59968, 60368
100, 12440, 8, 59968, 59968
100, 12450, 8, 59968, 59968
100, 12460, 8, 59904, 59968
100, 12470, 8, 59904, 59904
100, 12480, 8, 59904, 59904
100, 12490, 8, 59886, 59886
100, 12500, 8, 59886, 59886
100, 12510, 8, 59886, 59886
100, 12520, 8, 59886, 59886
100, 12530, 8, 59886, 59886
100, 12540, 8, 59886, 59886
100, 12550, 8, 59828, 59886
100, 12560, 8, 59828, 59828
100, 12570, 8, 59828, 59828
100, 12580, 8, 59787, 59828
100, 12590, 8, 59787, 59787
100, 12600, 8, 59720, 59720
100, 12610, 8, 59720, 59720
100, 12620, 8, 59720, 59720
100, 12630, 8, 59720, 59720
100, 12640, 8, 59720, 59720
100, 12650, 8, 59681, 59720
100, 12660, 8, 59681, 59681
100, 12670, 8, 59681, 59681
100, 12680, 8, 59681, 59681
100, 12690, 8, 59681, 59681
100, 12700, 8, 59681, 59681
100, 12710, 8, 59681, 59681
100, 12720, 8, 59681, 59681
100, 12730, 8, 59681, 59681
100, 12740, 8, 59681, 59681
100, 12750, 8, 59681, 59681
100, 12760, 8, 59681, 59681
100, 12770, 8, 59681, 59681
100, 12780, 8, 59681, 59681
100, 12790, 8, 59681, 59681
100, 12800, 8, 59681, 59681
100, 12810, 8, 59681, 59681
100, 12820, 8, 59681, 59681
100, 12830, 8, 59681, 59681
100, 12840, 8, 59681, 59681
100, 12850, 8, 59681, 59681
100, 12860, 8, 59681, 59681
100, 12870, 8, 59681, 59681
100, 12880, 8, 59681, 59681
100, 12890, 8, 59681, 59681
100, 12900, 8, 59681, 59681
100, 12910, 8, 59596, 60334
100, 12920, 8, 59596, 59596
100, 12930, 8, 59596, 59596
100, 12940, 8, 59596, 59596
100, 12950, 8, 59596, 59596
100, 12960, 8, 59596, 59596
100, 12970, 8, 59533, 59596
100, 12980, 8, 59533, 59533
100, 12990, 8, 59533, 59533
100, 13000, 8, 59533, 59533
100, 13010, 8, 59533, 59533
100, 13020, 8, 59533, 59533
100, 13030, 8, 59528, 59533
100, 13040, 8, 59528, 59528
100, 13050, 8, 59528, 59528
100, 13060, 8, 59528, 59528
100, 13070, 8, 59528, 59528
100, 13080, 8, 59528, 59528
100, 13090, 8, 59528, 59528
100, 13100, 8, 59528, 59528
100, 13110, 8, 59528, 59528
100, 13120, 8, 59423, 59528
100, 13130, 8, 59423, 59423
100, 13140, 8, 59423, 59423
100, 13150, 8, 59423, 59423
100, 13160, 8, 59423, 59423
100, 13170, 8, 59423, 59423
100, 13180, 8, 59423, 59423
100, 13190, 8, 59423, 59423
100, 13200, 8, 59423, 59423
100, 13210, 8, 59423, 59423
100, 13220, 8, 59423, 59423
100, 13230, 8, 59423, 59423
100, 13240, 8, 59307, 59423
100, 13250, 8, 59307, 59307
100, 13260, 8, 59298, 59298
100, 13270, 8, 59298, 59298
100, 13280, 8, 59298, 59298
100, 13290, 8, 59298, 59298
100, 13300, 8, 59298, 59298
100, 13310, 8, 59298, 59298
100, 13320, 8, 59298, 59298
100, 13330, 8, 59298, 59298
100, 13340, 8, 59298, 59298
100, 13350, 8, 59298, 59298
100, 13360, 8, 59298, 59298
100, 13370, 8, 59298, 59298
100, 13380, 8, 59298, 59298
100, 13390, 8, 59298, 59298
100, 13400, 8, 59298, 59298
100, 13410, 8, 59298, 59298
100, 13420, 8, 59298, 59298
100, 13430, 8, 59298, 59298
100, 13440, 8, 59298, 59298
100, 13450, 8, 59298, 59298
100, 13460, 8, 59298, 59298
100, 13470, 8, 59298, 59298
100, 13480, 8, 59298, 59298
100, 13490, 8, 59298, 59298
100, 13500, 8, 59298, 59298
100, 13510, 8, 59298, 59298
100, 13520, 8, 59298, 59298
100, 13530, 8, 59298, 59298
100, 13540, 8, 59298, 59298
100, 13550, 8, 59298, 59298
100, 13560, 8, 59298, 59298
100, 13570, 8, 59201, 59298
100, 13580, 8, 59166, 59201
100, 13590, 8, 59166, 59166
100, 13600, 8, 59166, 59166
100, 13610, 8, 59166, 59166
100, 13620, 8, 59166, 59166
100, 13630, 8, 59166, 59166
100, 13640, 8, 59166, 59166
100, 13650, 8, 59166, 59166
100, 13660, 8, 59166, 59166
100, 13670, 8, 59166, 59166
100, 13680, 8, 59166, 59166
100, 13690, 8, 59166, 59166
100, 13700, 8, 59166, 59166
100, 13710, 8, 59166, 59166
100, 13720, 8, 59166, 59166
100, 13730, 8, 59166, 59166
100, 13740, 8, 59166, 59166
100, 13750, 8, 59166, 59166
100, 13760, 8, 59166, 59166
100, 13770, 8, 59166, 59166
100, 13780, 8, 59166, 59166
100, 13790, 8, 59166, 59166
100, 13800, 8, 59060, 59166
100, 13810, 8, 59060, 59060
100, 13820, 8, 59013, 59060
100, 13830, 8, 59013, 59013
100, 13840, 8, 59013, 59013
100, 13850, 8, 59013, 59013
100, 13860, 8, 59013, 59013
100, 13870, 8, 59013, 59013
100, 13880, 8, 59013, 59013
100, 13890, 8, 59013, 59013
100, 13900, 8, 59013, 59013
100, 13910, 8, 59013, 59013
100, 13920, 8, 59013, 59013
100, 13930, 8, 59013, 59013
100, 13940, 8, 59013, 59013
100, 13950, 8, 58977, 58977
100, 13960, 8, 58977, 58977
100, 13970, 8, 58977, 58977
100, 13980, 8, 58977, 58977
100, 13990, 8, 58977, 58977
100, 14000, 8, 58977, 58977
100, 14010, 8, 58977, 58977
100, 14020, 8, 58807, 58977
100, 14030, 8, 58807, 58807
100, 14040, 8, 58807, 58807
100, 14050, 8, 58807, 58807
100, 14060, 8, 58807, 58807
100, 14070, 8, 58807, 58807
100, 14080, 8, 58807, 58807
100, 14090, 8, 58807, 58807
100, 14100, 8, 58807, 58807
100, 14110, 8, 58807, 58807
100, 14120, 8, 58807, 58807
100, 14130, 8, 58807, 58807
100, 14140, 8, 58807, 58807
100, 14150, 8, 58807, 58807
100, 14160, 8, 58807, 58807
100, 14170, 8, 58807, 58807
100, 14180, 8, 58807, 58807
100, 14190, 8, 58807, 58807
100, 14200, 8, 58807, 58807
100, 14210, 8, 58807, 58807
100, 14220, 8, 58807, 58807
100, 14230, 8, 58807, 58807
100, 14240, 8, 58807, 58807
100, 14250, 8, 58807, 58807
100, 14260, 8, 58807, 58807
100, 14270, 8, 58807, 58807
100, 14280, 8, 58807, 58807
100, 14290, 8, 58807, 58807
100, 14300, 8, 58807, 58807
100, 14310, 8, 58807, 58807
100, 14320, 8, 58807, 58807
100, 14330, 8, 58807, 58807
100, 14340, 8, 58807, 58807
100, 14350, 8, 58807, 58807
100, 14360, 8, 58807, 58807
100, 14370, 8, 58807, 58807
100, 14380, 8, 58807, 58807
100, 14390, 8, 58807, 58807
100, 14400, 8, 58807, 58807
100, 14410, 8, 58807, 58807
100, 14420, 8, 58807, 58807
100, 14430, 8, 58807, 58807
100, 14440, 8, 58807, 58807
100, 14450, 8, 58807, 58807
100, 14460, 8, 58807, 58807
100, 14470, 8, 58807, 58807
100, 14480, 8, 58807, 58807
100, 14490, 8, 58807, 58807
100, 14500, 8, 58807, 58807
100, 14510, 8, 58807, 58807
100, 14520, 8, 58807, 58807
100, 14530, 8, 58807, 58807
100, 14540, 8, 58807, 58807
100, 14550, 8, 58807, 58807
100, 14560, 8, 58807, 58807
100, 14570, 8, 58807, 58807
100, 14580, 8, 58807, 58807
100, 14590, 8, 58807, 58807
100, 14600, 8, 58766, 58807
100, 14610, 8, 58766, 58766
100, 14620, 8, 58766, 58766
100, 14630, 8, 58766, 58766
100, 14640, 8, 58766, 58766
100, 14650, 8, 58642, 58642
100, 14660, 8, 58642, 58642
100, 14670, 8, 58642, 58642
100, 14680, 8, 58501, 58642
100, 14690, 8, 58501, 58501
100, 14700, 8, 58501, 58501
100, 14710, 8, 58501, 58501
100, 14720, 8, 58501, 58501
100, 14730, 8, 58489, 58489
100, 14740, 8, 58489, 58489
100, 14750, 8, 58489, 58489
100, 14760, 8, 58489, 58489
100, 14770, 8, 58489, 58489
100, 14780, 8, 58489, 58489
100, 14790, 8, 58489, 58489
100, 14800, 8, 58489, 58489
100, 14810, 8, 58489, 58489
100, 14820, 8, 58489, 58489
100, 14830, 8, 58489, 58489
100, 14840, 8, 58489, 58489
100, 14850, 8, 58489, 58489
100, 14860, 8, 58489, 58489
100, 14870, 8, 58489, 58489
100, 14880, 8, 58489, 58489
100, 14890, 8, 58489, 58489
100, 14900, 8, 58489, 58489
100, 14910, 8, 58489, 58489
100, 14920, 8, 58489, 58489
100, 14930, 8, 58489, 58489
100, 14940, 8, 58489, 58489
100, 14950, 8, 58489, 58489
100, 14960, 8, 58489, 58489
100, 14970, 8, 58489, 58489
100, 14980, 8, 58489, 58489
100, 14990, 8, 58489, 58489
100, 15000, 8, 58489, 58489
100, 15010, 8, 58489, 58489
100, 15020, 8, 58489, 58489
100, 15030, 8, 58489, 58489
100, 15040, 8, 58489, 58489
100, 15050, 8, 58406, 58489
100, 15060, 8, 58406, 58406
100, 15070, 8, 58406, 58406
100, 15080, 8, 58406, 58406
100, 15090, 8, 58406, 58406
100, 15100, 8, 58406, 58406
100, 15110, 8, 58406, 58406
100, 15120, 8, 58406, 58406
100, 15130, 8, 58406, 58406
100, 15140, 8, 58406, 58406
100, 15150, 8, 58406, 58406
100, 15160, 8, 58406, 58406
100, 15170, 8, 58406, 58406
100, 15180, 8, 58327, 58406
100, 15190, 8, 58327, 58327
100, 15200, 8, 58327, 58327
100, 15210, 8, 58327, 58327
100, 15220, 8, 58327, 58327
100, 15230, 8, 58327, 58327
100, 15240, 8, 58327, 58327
100, 15250, 8, 58327, 58327
100, 15260, 8, 58309, 58327
100, 15270, 8, 58309, 58309
100, 15280, 8, 58309, 58309
100, 15290, 8, 58309, 58309
100, 15300, 8, 58309, 58309
100, 15310, 8, 58309, 58309
100, 15320, 8, 58309, 58309
100, 15330, 8, 58309, 58309
100, 15340, 8, 58309, 58309
100, 15350, 8, 58309, 58309
100, 15360, 8, 58309, 58309
100, 15370, 8, 58309, 58309
100, 15380, 8, 58309, 58309
100, 15390, 8, 58309, 58309
100, 15400, 8, 58309, 58309
100, 15410, 8, 58309, 58309
100, 15420, 8, 58309, 58309
100, 15430, 8, 58309, 58309
100, 15440, 8, 58309, 58309
100, 15450, 8, 58309, 58309
100, 15460, 8, 58307, 58307
100, 15470, 8, 58307, 58307
100, 15480, 8, 58307, 58307
100, 15490, 8, 58307, 58307
100, 15500, 8, 58306, 58307
100, 15510, 8, 58306, 58306
100, 15520, 8, 58306, 58306
100, 15530, 8, 58306, 58306
100, 15540, 8, 58306, 58306
100, 15550, 8, 58306, 58306
100, 15560, 8, 58306, 58306
100, 15570, 8, 58306, 58306
100, 15580, 8, 58306, 58306
100, 15590, 8, 58306, 58306
100, 15600, 8, 58306, 58306
100, 15610, 8, 58306, 58306
100, 15620, 8, 58306, 58306
100, 15630, 8, 58306, 58306
100, 15640, 8, 58306, 58306
100, 15650, 8, 58306, 58306
100, 15660, 8, 58306, 58306
100, 15670, 8, 58306, 58306
100, 15680, 8, 58306, 58306
100, 15690, 8, 58223, 58306
100, 15700, 8, 58223, 58223
100, 15710, 8, 58223, 58223
100, 15720, 8, 58223, 58223
100, 15730, 8, 58223, 58223
100, 15740, 8, 58223, 58223
100, 15750, 8, 58223, 58223
100, 15760, 8, 58223, 58223
100, 15770, 8, 58223, 58223
100, 15780, 8, 58223, 58223
100, 15790, 8, 58223, 58223
100, 15800, 8, 58223, 58223
100, 15810, 8, 58223, 58223
100, 15820, 8, 58223, 58223
100, 15830, 8, 58223, 58223
100, 15840, 8, 58223, 58223
100, 15850, 8, 58223, 58223
100, 15860, 8, 58223, 58223
100, 15870, 8, 58223, 58223
100, 15880, 8, 58223, 58223
100, 15890, 8, 58223, 58223
100, 15900, 8, 58223, 58223
100, 15910, 8, 58223, 58223
100, 15920, 8, 58223, 58223
100, 15930, 8, 58223, 58223
100, 15940, 8, 58223, 58223
100, 15950, 8, 58223, 58223
100, 15960, 8, 58223, 58223
100, 15970, 8, 58223, 58223
100, 15980, 8, 58223, 58223
100, 15990, 8, 58223, 58223
100, 16000, 8, 58223, 58223
100, 16010, 8, 58223, 58223
100, 16020, 8, 58223, 58223
100, 16030, 8, 58223, 58223
100, 16040, 8, 58223, 58223
100, 16050, 8, 58223, 58223
100, 16060, 8, 58223, 58223
100, 16070, 8, 58223, 58223
100, 16080, 8, 58223, 58223
100, 16090, 8, 58223, 58223
100, 16100, 8, 58223, 58223
100, 16110, 8, 58223, 58223
100, 16120, 8, 58223, 58223
100, 16130, 8, 58223, 58223
100, 16140, 8, 58223, 58223
100, 16150, 8, 58223, 58223
100, 16160, 8, 58223, 58223
100, 16170, 8, 58223, 58223
100, 16180, 8, 58223, 58223
100, 16190, 8, 58223, 58223
100, 16200, 8, 58223, 58223
100, 16210, 8, 58223, 58223
100, 16220, 8, 58223, 58223
100, 16230, 8, 58223, 58223
100, 16240, 8, 58188, 58223
100, 16250, 8, 58188, 58188
100, 16260, 8, 58188, 58188
100, 16270, 8, 58188, 58188
100, 16280, 8, 58188, 58188
100, 16290, 8, 58188, 58188
100, 16300, 8, 58188, 58188
100, 16310, 8, 58188, 58188
100, 16320, 8, 58188, 58188
100, 16330, 8, 58188, 58188
100, 16340, 8, 58188, 58188
100, 16350, 8, 58188, 58188
100, 16360, 8, 58188, 58188
100, 16370, 8, 58188, 58188
100, 16380, 8, 58188, 58188
100, 16390, 8, 58188, 58188
100, 16400, 8, 58188, 58188
100, 16410, 8, 58188, 58188
100, 16420, 8, 58188, 58188
100, 16430, 8, 58188, 58188
100, 16440, 8, 58188, 58188
100, 16450, 8, 58188, 58188
100, 16460, 8, 58188, 58188
100, 16470, 8, 58188, 58188
100, 16480, 8, 58188, 58188
100, 16490, 8, 58188, 58188
100, 16500, 8, 58188, 58188
100, 16510, 8, 58188, 58188
100, 16520, 8, 58188, 58188
100, 16530, 8, 58188, 58188
100, 16540, 8, 58188, 58188
100, 16550, 8, 58188, 58188
100, 16560, 8, 58188, 58188
100, 16570, 8, 58148, 58148
100, 16580, 8, 58148, 58148
100, 16590, 8, 58148, 58148
100, 16600, 8, 58148, 58148
100, 16610, 8, 58148, 58148
100, 16620, 8, 57966, 58148
100, 16630, 8, 57890, 57890
100, 16640, 8, 57890, 57890
100, 16650, 8, 57890, 57890
100, 16660, 8, 57890, 57890
100, 16670, 8, 57890, 57890
100, 16680, 8, 57890, 57890
100, 16690, 8, 57890, 57890
100, 16700, 8, 57890, 57890
100, 16710, 8, 57890, 57890
100, 16720, 8, 57890, 57890
100, 16730, 8, 57890, 57890
100, 16740, 8, 57890, 57890
100, 16750, 8, 57890, 57890
100, 16760, 8, 57890, 57890
100, 16770, 8, 57890, 57890
100, 16780, 8, 57890, 57890
100, 16790, 8, 57890, 57890
100, 16800, 8, 57890, 57890
100, 16810, 8, 57890, 57890
100, 16820, 8, 57890, 57890
100, 16830, 8, 57890, 57890
100, 16840, 8, 57890, 57890
100, 16850, 8, 57890, 57890
100, 16860, 8, 57890, 57890
100, 16870, 8, 57890, 57890
100, 16880, 8, 57890, 57890
100, 16890, 8, 57890, 57890
100, 16900, 8, 57890, 57890
100, 16910, 8, 57890, 57890
100, 16920, 8, 57890, 57890
100, 16930, 8, 57890, 57890
100, 16940, 8, 57890, 57890
100, 16950, 8, 57890, 57890
100, 16960, 8, 57890, 57890
100, 16970, 8, 57890, 57890
100, 16980, 8, 57890, 57890
100, 16990, 8, 57890, 57890
100, 17000, 8, 57890, 57890
100, 17010, 8, 57890, 57890
100, 17020, 8, 57890, 57890
100, 17030, 8, 57890, 57890
100, 17040, 8, 57890, 57890
100, 17050, 8, 57890, 57890
100, 17060, 8, 57890, 57890
100, 17070, 8, 57890, 57890
100, 17080, 8, 57890, 57890
100, 17090, 8, 57890, 57890
100, 17100, 8, 57890, 57890
100, 17110, 8, 57860, 57890
100, 17120, 8, 57860, 57860
100, 17130, 8, 57860, 57860
100, 17140, 8, 57860, 57860
100, 17150, 8, 57570, 57860
100, 17160, 8, 57570, 57570
100, 17170, 8, 57570, 57570
100, 17180, 8, 57570, 57570
100, 17190, 8, 57570, 57570
100, 17200, 8, 57570, 57570
100, 17210, 8, 57570, 57570
100, 17220, 8, 57570, 57570
100, 17230, 8, 57570, 57570
100, 17240, 8, 57570, 57570
100, 17250, 8, 57570, 57570
100, 17260, 8, 57570, 57570
100, 17270, 8, 57570, 57570
100, 17280, 8, 57570, 57570
100, 17290, 8, 57570, 57570
100, 17300, 8, 57570, 57570
100, 17310, 8, 57570, 57570
100, 17320, 8, 57570, 57570
100, 17330, 8, 57570, 57570
100, 17340, 8, 57570, 57570
100, 17350, 8, 57570, 57570
100, 17360, 8, 57570, 57570
100, 17370, 8, 57570, 57570
100, 17380, 8, 57570, 57570
100, 17390, 8, 57570, 57570
100, 17400, 8, 57570, 57570
100, 17410, 8, 57570, 57570
100, 17420, 8, 57570, 57570
100, 17430, 8, 57570, 57570
100, 17440, 8, 57570, 57570
100, 17450, 8, 57570, 57570
100, 17460, 8, 57570, 57570
100, 17470, 8, 57570, 57570
100, 17480, 8, 57570, 57570
100, 17490, 8, 57570, 57570
100, 17500, 8, 57570, 57570
100, 17510, 8, 57570, 57570
100, 17520, 8, 57570, 57570
100, 17530, 8, 57570, 57570
100, 17540, 8, 57570, 57570
100, 17550, 8, 57570, 57570
100, 17560, 8, 57570, 57570
100, 17570, 8, 57570, 57570
100, 17580, 8, 57570, 57570
100, 17590, 8, 57570, 57570
100, 17600, 8, 57570, 57570
100, 17610, 8, 57570, 57570
100, 17620, 8, 57570, 57570
100, 17630, 8, 57570, 57570
100, 17640, 8, 57570, 57570
100, 17650, 8, 57570, 57570
100, 17660, 8, 57570, 57570
100, 17670, 8, 57570, 57570
100, 17680, 8, 57570, 57570
100, 17690, 8, 57570, 57570
100, 17700, 8, 57533, 57570
100, 17710, 8, 57533, 57533
100, 17720, 8, 57533, 57533
100, 17730, 8, 57533, 57533
100, 17740, 8, 57533, 57533
100, 17750, 8, 57533, 57533
100, 17760, 8, 57533, 57533
100, 17770, 8, 57533, 57533
100, 17780, 8, 57533, 57533
100, 17790, 8, 57533, 57533
100, 17800, 8, 57533, 57533
100, 17810, 8, 57533, 57533
100, 17820, 8, 57533, 57533
100, 17830, 8, 57533, 57533
100, 17840, 8, 57455, 57533
100, 17850, 8, 57455, 57455
100, 17860, 8, 57455, 57455
100, 17870, 8, 57455, 57455
100, 17880, 8, 57455, 57455
100, 17890, 8, 57455, 57455
100, 17900, 8, 57455, 57455
100, 17910, 8, 57455, 57455
100, 17920, 8, 57455, 57455
100, 17930, 8, 57455, 57455
100, 17940, 8, 57455, 57455
100, 17950, 8, 57455, 57455
100, 17960, 8, 57455, 57455
100, 17970, 8, 57455, 57455
100, 17980, 8, 57442, 57455
100, 17990, 8, 57442, 57442
100, 18000, 8, 57442, 57442
100, 18010, 8, 57442, 57442
100, 18020, 8, 57442, 57442
100, 18030, 8, 57442, 57442
100, 18040, 8, 57442, 57442
100, 18050, 8, 57442, 57442
100, 18060, 8, 57442, 57442
100, 18070, 8, 57442, 57442
100, 18080, 8, 57442, 57442
100, 18090, 8, 57442, 57442
100, 18100, 8, 57442, 57442
100, 18110, 8, 57442, 57442
100, 18120, 8, 57442, 57442
100, 18130, 8, 57442, 57442
100, 18140, 8, 57442, 57442
100, 18150, 8, 57442, 57442
100, 18160, 8, 57442, 57442
100, 18170, 8, 57442, 57442
100, 18180, 8, 57442, 57442
100, 18190, 8, 57442, 57442
100, 18200, 8, 57442, 57442
100, 18210, 8, 57442, 57442
100, 18220, 8, 57442, 57442
100, 18230, 8, 57442, 57442
100, 18240, 8, 57442, 57442
100, 18250, 8, 57318, 57442
100, 18260, 8, 57318, 57318
100, 18270, 8, 57318, 57318
100, 18280, 8, 57318, 57318
100, 18290, 8, 57318, 57318
100, 18300, 8, 57318, 57318
100, 18310, 8, 57318, 57318
100, 18320, 8, 57318, 57318
100, 18330, 8, 57318, 57318
100, 18340, 8, 57318, 57318
100, 18350, 8, 57318, 57318
100, 18360, 8, 57318, 57318
100, 18370, 8, 57318, 57318
100, 18380, 8, 57318, 57318
100, 18390, 8, 57318, 57318
100, 18400, 8, 57318, 57318
100, 18410, 8, 57318, 57318
100, 18420, 8, 57318, 57318
100, 18430, 8, 57318, 57318
100, 18440, 8, 57318, 57318
100, 18450, 8, 57318, 57318
100, 18460, 8, 57318, 57318
100, 18470, 8, 57318, 57318
100, 18480, 8, 57318, 57318
100, 18490, 8, 57318, 57318
100, 18500, 8, 57318, 57318
100, 18510, 8, 57318, 57318
100, 18520, 8, 57318, 57318
100, 18530, 8, 57318, 57318
100, 18540, 8, 57318, 57318
100, 18550, 8, 57318, 57318
100, 18560, 8, 57318, 57318
100, 18570, 8, 57318, 57318
100, 18580, 8, 57318, 57318
100, 18590, 8, 57318, 57318
100, 18600, 8, 57318, 57318
100, 18610, 8, 57318, 57318
100, 18620, 8, 57318, 57318
100, 18630, 8, 57318, 57318
100, 18640, 8, 57318, 57318
100, 18650, 8, 57318, 57318
100, 18660, 8, 57318, 57318
100, 18670, 8, 57318, 57318
100, 18680, 8, 57318, 57318
100, 18690, 8, 57318, 57318
100, 18700, 8, 57318, 57318
100, 18710, 8, 57318, 57318
100, 18720, 8, 57318, 57318
100, 18730, 8, 57318, 57318
100, 18740, 8, 57309, 57309
100, 18750, 8, 57309, 57309
100, 18760, 8, 57309, 57309
100, 18770, 8, 57309, 57309
100, 18780, 8, 57309, 57309
100, 18790, 8, 57309, 57309
100, 18800, 8, 57309, 57309
100, 18810, 8, 57309, 57309
100, 18820, 8, 57309, 57309
100, 18830, 8, 57309, 57309
100, 18840, 8, 57309, 57309
100, 18850, 8, 57309, 57309
100, 18860, 8, 57309, 57309
100, 18870, 8, 57309, 57309
100, 18880, 8, 57309, 57309
100, 18890, 8, 57309, 57309
100, 18900, 8, 57309, 57309
100, 18910, 8, 57309, 57309
100, 18920, 8, 57309, 57309
100, 18930, 8, 57309, 57309
100, 18940, 8, 57309, 57309
100, 18950, 8, 57309, 57309
100, 18960, 8, 57309, 57309
100, 18970, 8, 57309, 57309
100, 18980, 8, 57309, 57309
100, 18990, 8, 57309, 57309
100, 19000, 8, 57309, 57309
100, 19010, 8, 57309, 57309
100, 19020, 8, 57309, 57309
100, 19030, 8, 57309, 57309
100, 19040, 8, 57309, 57309
100, 19050, 8, 57309, 57309
100, 19060, 8, 57309, 57309
100, 19070, 8, 57309, 57309
100, 19080, 8, 57309, 57309
100, 19090, 8, 57309, 57309
100, 19100, 8, 57309, 57309
100, 19110, 8, 57309, 57309
100, 19120, 8, 57309, 57309
100, 19130, 8, 57309, 57309
100, 19140, 8, 57309, 57309
100, 19150, 8, 57309, 57309
100, 19160, 8, 57309, 57309
100, 19170, 8, 57309, 57309
100, 19180, 8, 57309, 57309
100, 19190, 8, 57309, 57309
100, 19200, 8, 57309, 57309
100, 19210, 8, 57309, 57309
100, 19220, 8, 57309, 57309
100, 19230, 8, 57309, 57309
100, 19240, 8, 57309, 57309
100, 19250, 8, 57309, 57309
100, 19260, 8, 57309, 57309
100, 19270, 8, 57309, 57309
100, 19280, 8, 57309, 57309
100, 19290, 8, 57309, 57309
100, 19300, 8, 57309, 57309
100, 19310, 8, 57309, 57309
100, 19320, 8, 57309, 57309
100, 19330, 8, 57309, 57309
100, 19340, 8, 57309, 57309
100, 19350, 8, 57309, 57309
100, 19360, 8, 57309, 57309
100, 19370, 8, 57309, 57309
100, 19380, 8, 57309, 57309
100, 19390, 8, 57309, 57309
100, 19400, 8, 57309, 57309
100, 19410, 8, 57309, 57309
100, 19420, 8, 57309, 57309
100, 19430, 8, 57309, 57309
100, 19440, 8, 57309, 57309
100, 19450, 8, 57309, 57309
100, 19460, 8, 57309, 57309
100, 19470, 8, 57309, 57309
100, 19480, 8, 57309, 57309
100, 19490, 8, 57309, 57309
100, 19500, 8, 57309, 57309
100, 19510, 8, 57309, 57309
100, 19520, 8, 57309, 57309
100, 19530, 8, 57309, 57309
100, 19540, 8, 57309, 57309
100, 19550, 8, 57309, 57309
100, 19560, 8, 57309, 57309
100, 19570, 8, 57309, 57309
100, 19580, 8, 57309, 57309
100, 19590, 8, 57309, 57309
100, 19600, 8, 57309, 57309
100, 19610, 8, 57309, 57309
100, 19620, 8, 57309, 57309
100, 19630, 8, 57309, 57309
100, 19640, 8, 57309, 57309
100, 19650, 8, 57309, 57309
100, 19660, 8, 57309, 57309
100, 19670, 8, 57309, 57309
100, 19680, 8, 57309, 57309
100, 19690, 8, 57309, 57309
100, 19700, 8, 57309, 57309
100, 19710, 8, 57309, 57309
100, 19720, 8, 57309, 57309
100, 19730, 8, 57309, 57309
100, 19740, 8, 57309, 57309
100, 19750, 8, 57309, 57309
100, 19760, 8, 57309, 57309
100, 19770, 8, 57309, 57309
100, 19780, 8, 57309, 57309
100, 19790, 8, 57309, 57309
100, 19800, 8, 57309, 57309
100, 19810, 8, 57309, 57309
100, 19820, 8, 57309, 57309
100, 19830, 8, 57309, 57309
100, 19840, 8, 57226, 57226
100, 19850, 8, 57226, 57226
100, 19860, 8, 57226, 57226
100, 19870, 8, 57226, 57226
100, 19880, 8, 57226, 57226
100, 19890, 8, 57226, 57226
100, 19900, 8, 57226, 57226
100, 19910, 8, 57226, 57226
100, 19920, 8, 57226, 57226
100, 19930, 8, 57226, 57226
100, 19940, 8, 57226, 57226
100, 19950, 8, 57226, 57226
100, 19960, 8, 57226, 57226
100, 19970, 8, 57226, 57226
100, 19980, 8, 57226, 57226
100, 19990, 8, 57226, 57226
