Population Size, Generation Count, Repetition, Best Fitness, Median Fitness
50, 0, 16, 732042, 772867
50, 10, 16, 703078, 711861
50, 20, 16, 681102, 690464
50, 30, 16, 664342, 672507
50, 40, 16, 635191, 647246
50, 50, 16, 621799, 629241
50, 60, 16, 608155, 614172
50, 70, 16, 596571, 599970
50, 80, 16, 580118, 584873
50, 90, 16, 570600, 575725
50, 100, 16, 561266, 565703
50, 110, 16, 549808, 556304
50, 120, 16, 533900, 543550
50, 130, 16, 525031, 528951
50, 140, 16, 514936, 520848
50, 150, 16, 502575, 507993
50, 160, 16, 495647, 500436
50, 170, 16, 487123, 490507
50, 180, 16, 480698, 485819
50, 190, 16, 475750, 479859
50, 200, 16, 468282, 474038
50, 210, 16, 461726, 464540
50, 220, 16, 456116, 460575
50, 230, 16, 451870, 456802
50, 240, 16, 445288, 449791
50, 250, 16, 441167, 443131
50, 260, 16, 435064, 440862
50, 270, 16, 427535, 431233
50, 280, 16, 421197, 425613
50, 290, 16, 412562, 418071
50, 300, 16, 408127, 414128
50, 310, 16, 402553, 405280
50, 320, 16, 398224, 401844
50, 330, 16, 392757, 398876
50, 340, 16, 389674, 392359
50, 350, 16, 384843, 388858
50, 360, 16, 381706, 384962
50, 370, 16, 377247, 381572
50, 380, 16, 374445, 377793
50, 390, 16, 367969, 370670
50, 400, 16, 361547, 368261
50, 410, 16, 358123, 361817
50, 420, 16, 354192, 358829
50, 430, 16, 352160, 356930
50, 440, 16, 349240, 352205
50, 450, 16, 347316, 350396
50, 460, 16, 344264, 348508
50, 470, 16, 341483, 346254
50, 480, 16, 339012, 341650
50, 490, 16, 337384, 340413
50, 500, 16, 332386, 334638
50, 510, 16, 328498, 331417
50, 520, 16, 325085, 328953
50, 530, 16, 322932, 326167
50, 540, 16, 321319, 324061
50, 550, 16, 319079, 321940
50, 560, 16, 315965, 319982
50, 570, 16, 311289, 316002
50, 580, 16, 308148, 310891
50, 590, 16, 305303, 308605
50, 600, 16, 302691, 304598
50, 610, 16, 300322, 304459
50, 620, 16, 298371, 300539
50, 630, 16, 297125, 299436
50, 640, 16, 294275, 298409
50, 650, 16, 293005, 295854
50, 660, 16, 291140, 294439
50, 670, 16, 286261, 291457
50, 680, 16, 285032, 287652
50, 690, 16, 282192, 286317
50, 700, 16, 280197, 283696
50, 710, 16, 277825, 281420
50, 720, 16, 276482, 279017
50, 730, 16, 274135, 277449
50, 740, 16, 272305, 275854
50, 750, 16, 270389, 273701
50, 760, 16, 267450, 270742
50, 770, 16, 266589, 269177
50, 780, 16, 264189, 267593
50, 790, 16, 263619, 266128
50, 800, 16, 260089, 263769
50, 810, 16, 259035, 261893
50, 820, 16, 258004, 259777
50, 830, 16, 256838, 260133
50, 840, 16, 254882, 258610
50, 850, 16, 253783, 257496
50, 860, 16, 252657, 256387
50, 870, 16, 251596, 252768
50, 880, 16, 250990, 253625
50, 890, 16, 249535, 254103
50, 900, 16, 249222, 251706
50, 910, 16, 248003, 251415
50, 920, 16, 246824, 248652
50, 930, 16, 245931, 247165
50, 940, 16, 243223, 246674
50, 950, 16, 241834, 244611
50, 960, 16, 240755, 242909
50, 970, 16, 238957, 241409
50, 980, 16, 238516, 241176
50, 990, 16, 235872, 239166
50, 1000, 16, 235439, 239363
50, 1010, 16, 233779, 238654
50, 1020, 16, 233025, 237219
50, 1030, 16, 230912, 233762
50, 1040, 16, 228864, 231772
50, 1050, 16, 227989, 231389
50, 1060, 16, 226537, 228832
50, 1070, 16, 226190, 228133
50, 1080, 16, 224923, 228089
50, 1090, 16, 222853, 226567
50, 1100, 16, 221345, 225457
50, 1110, 16, 220367, 224492
50, 1120, 16, 218890, 223042
50, 1130, 16, 218029, 220561
50, 1140, 16, 217349, 220565
50, 1150, 16, 215726, 218600
50, 1160, 16, 215380, 218546
50, 1170, 16, 214351, 217616
50, 1180, 16, 213738, 215874
50, 1190, 16, 212812, 216418
50, 1200, 16, 211365, 214637
50, 1210, 16, 211017, 212855
50, 1220, 16, 210348, 213962
50, 1230, 16, 209777, 212449
50, 1240, 16, 208690, 211109
50, 1250, 16, 208284, 212127
50, 1260, 16, 207832, 210187
50, 1270, 16, 207525, 211023
50, 1280, 16, 206214, 208681
50, 1290, 16, 205781, 209141
50, 1300, 16, 204530, 207525
50, 1310, 16, 203443, 206374
50, 1320, 16, 203224, 207319
50, 1330, 16, 202192, 205707
50, 1340, 16, 201577, 203736
50, 1350, 16, 200864, 205286
50, 1360, 16, 200479, 203160
50, 1370, 16, 199159, 201557
50, 1380, 16, 197778, 201078
50, 1390, 16, 197604, 200429
50, 1400, 16, 195290, 199675
50, 1410, 16, 194702, 196896
50, 1420, 16, 193103, 195676
50, 1430, 16, 192775, 195492
50, 1440, 16, 191055, 194386
50, 1450, 16, 191039, 193336
50, 1460, 16, 190210, 191101
50, 1470, 16, 189710, 190817
50, 1480, 16, 189028, 191889
50, 1490, 16, 187498, 190800
50, 1500, 16, 186580, 190494
50, 1510, 16, 185909, 188678
50, 1520, 16, 185126, 188715
50, 1530, 16, 184818, 186726
50, 1540, 16, 184298, 187053
50, 1550, 16, 183227, 185958
50, 1560, 16, 182619, 184604
50, 1570, 16, 182547, 185325
50, 1580, 16, 181576, 182148
50, 1590, 16, 181382, 184127
50, 1600, 16, 180849, 182596
50, 1610, 16, 180766, 183247
50, 1620, 16, 179729, 183034
50, 1630, 16, 179377, 180622
50, 1640, 16, 179204, 181846
50, 1650, 16, 178722, 181698
50, 1660, 16, 177739, 179912
50, 1670, 16, 176993, 180283
50, 1680, 16, 176427, 180092
50, 1690, 16, 175914, 179025
50, 1700, 16, 175618, 176967
50, 1710, 16, 175097, 179477
50, 1720, 16, 174727, 178294
50, 1730, 16, 174356, 176562
50, 1740, 16, 172195, 173896
50, 1750, 16, 172013, 174423
50, 1760, 16, 171441, 174834
50, 1770, 16, 170360, 174359
50, 1780, 16, 169797, 175956
50, 1790, 16, 167916, 171150
50, 1800, 16, 167332, 170457
50, 1810, 16, 166940, 168063
50, 1820, 16, 165434, 168953
50, 1830, 16, 164900, 169297
50, 1840, 16, 164702, 168409
50, 1850, 16, 164539, 167925
50, 1860, 16, 163917, 164982
50, 1870, 16, 163497, 165540
50, 1880, 16, 162663, 165878
50, 1890, 16, 161813, 165817
50, 1900, 16, 161111, 163934
50, 1910, 16, 160624, 164421
50, 1920, 16, 160179, 163530
50, 1930, 16, 160172, 161735
50, 1940, 16, 159464, 161564
50, 1950, 16, 159245, 161416
50, 1960, 16, 157964, 161033
50, 1970, 16, 157634, 161278
50, 1980, 16, 157218, 161200
50, 1990, 16, 156883, 159219
50, 2000, 16, 156831, 160454
50, 2010, 16, 156701, 159215
50, 2020, 16, 156341, 160125
50, 2030, 16, 156256, 159705
50, 2040, 16, 155740, 159671
50, 2050, 16, 154848, 157543
50, 2060, 16, 154243, 156784
50, 2070, 16, 154197, 157869
50, 2080, 16, 154065, 154847
50, 2090, 16, 153584, 156068
50, 2100, 16, 153212, 153584
50, 2110, 16, 153075, 155346
50, 2120, 16, 152942, 154289
50, 2130, 16, 152623, 155285
50, 2140, 16, 152418, 154967
50, 2150, 16, 151619, 154045
50, 2160, 16, 150939, 151619
50, 2170, 16, 150690, 153136
50, 2180, 16, 149957, 152540
50, 2190, 16, 149365, 153107
50, 2200, 16, 148753, 150628
50, 2210, 16, 148406, 150911
50, 2220, 16, 147857, 150284
50, 2230, 16, 147271, 150580
50, 2240, 16, 146505, 148550
50, 2250, 16, 146027, 147235
50, 2260, 16, 146027, 148622
50, 2270, 16, 145867, 148224
50, 2280, 16, 145776, 149022
50, 2290, 16, 145491, 146084
50, 2300, 16, 145421, 147187
50, 2310, 16, 145419, 149024
50, 2320, 16, 144972, 148377
50, 2330, 16, 144213, 146708
50, 2340, 16, 143757, 146965
50, 2350, 16, 143511, 145548
50, 2360, 16, 143263, 146680
50, 2370, 16, 142658, 144695
50, 2380, 16, 141622, 145450
50, 2390, 16, 141403, 143976
50, 2400, 16, 141178, 142783
50, 2410, 16, 140816, 144547
50, 2420, 16, 140257, 142369
50, 2430, 16, 140257, 141796
50, 2440, 16, 140257, 142192
50, 2450, 16, 139926, 142965
50, 2460, 16, 139877, 141408
50, 2470, 16, 139536, 143180
50, 2480, 16, 139257, 141987
50, 2490, 16, 138072, 141742
50, 2500, 16, 137786, 139741
50, 2510, 16, 137630, 140549
50, 2520, 16, 137602, 138420
50, 2530, 16, 136974, 139680
50, 2540, 16, 136725, 136781
50, 2550, 16, 136577, 137911
50, 2560, 16, 135894, 139731
50, 2570, 16, 135558, 139345
50, 2580, 16, 135248, 138755
50, 2590, 16, 135120, 137722
50, 2600, 16, 134542, 137212
50, 2610, 16, 134424, 135347
50, 2620, 16, 134335, 137327
50, 2630, 16, 133723, 136434
50, 2640, 16, 133367, 135858
50, 2650, 16, 133232, 136260
50, 2660, 16, 133017, 133141
50, 2670, 16, 132861, 135769
50, 2680, 16, 132861, 135653
50, 2690, 16, 132446, 135209
50, 2700, 16, 132125, 133567
50, 2710, 16, 131413, 134905
50, 2720, 16, 131105, 134414
50, 2730, 16, 130788, 133508
50, 2740, 16, 130465, 132994
50, 2750, 16, 130219, 133099
50, 2760, 16, 130201, 131145
50, 2770, 16, 130165, 132156
50, 2780, 16, 129847, 132284
50, 2790, 16, 129812, 132235
50, 2800, 16, 129401, 130068
50, 2810, 16, 129401, 131511
50, 2820, 16, 128705, 131907
50, 2830, 16, 128528, 131036
50, 2840, 16, 128452, 129930
50, 2850, 16, 128234, 129808
50, 2860, 16, 127654, 130776
50, 2870, 16, 127385, 129527
50, 2880, 16, 127385, 129002
50, 2890, 16, 127016, 128240
50, 2900, 16, 126930, 129799
50, 2910, 16, 126832, 129976
50, 2920, 16, 126632, 127326
50, 2930, 16, 126518, 129556
50, 2940, 16, 126284, 129320
50, 2950, 16, 126106, 128153
50, 2960, 16, 126106, 128309
50, 2970, 16, 125919, 127762
50, 2980, 16, 125740, 128593
50, 2990, 16, 125073, 126453
50, 3000, 16, 124607, 124782
50, 3010, 16, 124607, 126167
50, 3020, 16, 124423, 125495
50, 3030, 16, 124423, 126346
50, 3040, 16, 124038, 125953
50, 3050, 16, 124038, 125376
50, 3060, 16, 123876, 126047
50, 3070, 16, 123676, 125967
50, 3080, 16, 123580, 126274
50, 3090, 16, 123513, 126781
50, 3100, 16, 123348, 125031
50, 3110, 16, 123124, 124799
50, 3120, 16, 123052, 125028
50, 3130, 16, 123043, 126558
50, 3140, 16, 122862, 125842
50, 3150, 16, 122862, 125628
50, 3160, 16, 122745, 124559
50, 3170, 16, 122517, 124189
50, 3180, 16, 122435, 123305
50, 3190, 16, 122312, 123728
50, 3200, 16, 122286, 125023
50, 3210, 16, 122262, 124187
50, 3220, 16, 122083, 126095
50, 3230, 16, 122024, 123909
50, 3240, 16, 121792, 123107
50, 3250, 16, 121608, 123171
50, 3260, 16, 120828, 121608
50, 3270, 16, 120364, 121734
50, 3280, 16, 120274, 122500
50, 3290, 16, 120259, 121488
50, 3300, 16, 119960, 120511
50, 3310, 16, 119960, 121322
50, 3320, 16, 119467, 121170
50, 3330, 16, 119367, 122299
50, 3340, 16, 119228, 122182
50, 3350, 16, 118926, 120074
50, 3360, 16, 118912, 121169
50, 3370, 16, 118841, 122614
50, 3380, 16, 118769, 120002
50, 3390, 16, 118769, 120805
50, 3400, 16, 118610, 120205
50, 3410, 16, 118545, 120376
50, 3420, 16, 117764, 120095
50, 3430, 16, 117388, 119922
50, 3440, 16, 117137, 117686
50, 3450, 16, 117113, 120675
50, 3460, 16, 117093, 119242
50, 3470, 16, 117030, 120017
50, 3480, 16, 116727, 118333
50, 3490, 16, 116727, 117916
50, 3500, 16, 116727, 119560
50, 3510, 16, 116727, 116727
50, 3520, 16, 116542, 118851
50, 3530, 16, 116351, 119794
50, 3540, 16, 116231, 117552
50, 3550, 16, 116178, 119173
50, 3560, 16, 116038, 117126
50, 3570, 16, 115962, 119232
50, 3580, 16, 115854, 117102
50, 3590, 16, 115401, 119768
50, 3600, 16, 115328, 117326
50, 3610, 16, 115276, 117186
50, 3620, 16, 115230, 118105
50, 3630, 16, 115041, 115230
50, 3640, 16, 114841, 115757
50, 3650, 16, 114563, 116759
50, 3660, 16, 114563, 115745
50, 3670, 16, 114360, 116185
50, 3680, 16, 114360, 115826
50, 3690, 16, 114302, 117423
50, 3700, 16, 114160, 116421
50, 3710, 16, 113947, 117214
50, 3720, 16, 113906, 117061
50, 3730, 16, 113701, 115416
50, 3740, 16, 113701, 115914
50, 3750, 16, 113595, 116046
50, 3760, 16, 113375, 115474
50, 3770, 16, 113340, 115693
50, 3780, 16, 113320, 115573
50, 3790, 16, 113203, 115065
50, 3800, 16, 113032, 114054
50, 3810, 16, 112534, 115168
50, 3820, 16, 112205, 114625
50, 3830, 16, 111541, 114124
50, 3840, 16, 111148, 115276
50, 3850, 16, 111120, 112388
50, 3860, 16, 111120, 112421
50, 3870, 16, 110865, 113353
50, 3880, 16, 110865, 112387
50, 3890, 16, 110743, 112646
50, 3900, 16, 110040, 112285
50, 3910, 16, 109858, 110152
50, 3920, 16, 109739, 110078
50, 3930, 16, 109739, 109739
50, 3940, 16, 109516, 111567
50, 3950, 16, 109516, 112494
50, 3960, 16, 109423, 111683
50, 3970, 16, 109345, 110934
50, 3980, 16, 109345, 112251
50, 3990, 16, 109145, 111602
50, 4000, 16, 109145, 111916
50, 4010, 16, 109145, 110112
50, 4020, 16, 108945, 111091
50, 4030, 16, 108852, 111217
50, 4040, 16, 108820, 111470
50, 4050, 16, 108654, 110446
50, 4060, 16, 108654, 108654
50, 4070, 16, 108604, 110892
50, 4080, 16, 108545, 109948
50, 4090, 16, 108545, 110945
50, 4100, 16, 108357, 109680
50, 4110, 16, 108357, 109990
50, 4120, 16, 108164, 111238
50, 4130, 16, 107890, 109871
50, 4140, 16, 107890, 110347
50, 4150, 16, 107718, 109505
50, 4160, 16, 107718, 109449
50, 4170, 16, 107718, 111078
50, 4180, 16, 107718, 110681
50, 4190, 16, 107684, 110568
50, 4200, 16, 107466, 109781
50, 4210, 16, 107242, 112146
50, 4220, 16, 107057, 110019
50, 4230, 16, 106878, 109478
50, 4240, 16, 106878, 109848
50, 4250, 16, 106823, 109407
50, 4260, 16, 106803, 108289
50, 4270, 16, 106598, 107641
50, 4280, 16, 106553, 110455
50, 4290, 16, 106393, 107307
50, 4300, 16, 106316, 106850
50, 4310, 16, 106072, 109483
50, 4320, 16, 106072, 107869
50, 4330, 16, 106038, 108005
50, 4340, 16, 106038, 107710
50, 4350, 16, 105893, 107581
50, 4360, 16, 105522, 107737
50, 4370, 16, 105353, 108729
50, 4380, 16, 105008, 105917
50, 4390, 16, 104829, 106006
50, 4400, 16, 104377, 105096
50, 4410, 16, 104373, 105971
50, 4420, 16, 104373, 106241
50, 4430, 16, 104373, 106764
50, 4440, 16, 104299, 106916
50, 4450, 16, 104299, 106042
50, 4460, 16, 104216, 104732
50, 4470, 16, 104216, 107363
50, 4480, 16, 104072, 105455
50, 4490, 16, 104072, 106621
50, 4500, 16, 104036, 105748
50, 4510, 16, 104036, 106223
50, 4520, 16, 104020, 105861
50, 4530, 16, 103523, 107656
50, 4540, 16, 103497, 105351
50, 4550, 16, 103444, 104970
50, 4560, 16, 103039, 103419
50, 4570, 16, 102615, 106337
50, 4580, 16, 102615, 103837
50, 4590, 16, 102615, 104929
50, 4600, 16, 102600, 105269
50, 4610, 16, 102600, 104513
50, 4620, 16, 102367, 102604
50, 4630, 16, 102323, 104793
50, 4640, 16, 102237, 104914
50, 4650, 16, 102148, 102698
50, 4660, 16, 102148, 102148
50, 4670, 16, 102017, 103098
50, 4680, 16, 101384, 103075
50, 4690, 16, 101236, 104332
50, 4700, 16, 101094, 101236
50, 4710, 16, 101058, 101080
50, 4720, 16, 100924, 102791
50, 4730, 16, 100904, 101116
50, 4740, 16, 100904, 100904
50, 4750, 16, 100904, 102134
50, 4760, 16, 100904, 100904
50, 4770, 16, 100838, 102388
50, 4780, 16, 100838, 103227
50, 4790, 16, 100426, 102712
50, 4800, 16, 100351, 103370
50, 4810, 16, 100351, 100693
50, 4820, 16, 100351, 102469
50, 4830, 16, 100151, 102035
50, 4840, 16, 100074, 101872
50, 4850, 16, 99822, 103026
50, 4860, 16, 99822, 101923
50, 4870, 16, 99822, 99822
50, 4880, 16, 99816, 99822
50, 4890, 16, 99552, 101358
50, 4900, 16, 99420, 101162
50, 4910, 16, 99420, 100648
50, 4920, 16, 99306, 100410
50, 4930, 16, 99081, 102400
50, 4940, 16, 98898, 100488
50, 4950, 16, 98898, 100679
50, 4960, 16, 98898, 100239
50, 4970, 16, 98898, 99298
50, 4980, 16, 98816, 100483
50, 4990, 16, 98600, 98977
50, 5000, 16, 98586, 99894
50, 5010, 16, 98509, 101304
50, 5020, 16, 98322, 101125
50, 5030, 16, 98322, 102003
50, 5040, 16, 98322, 99939
50, 5050, 16, 98283, 98322
50, 5060, 16, 98207, 99393
50, 5070, 16, 98099, 101174
50, 5080, 16, 97600, 97938
50, 5090, 16, 97413, 98571
50, 5100, 16, 97302, 98759
50, 5110, 16, 97283, 101054
50, 5120, 16, 97283, 99284
50, 5130, 16, 97073, 99310
50, 5140, 16, 96811, 97773
50, 5150, 16, 96581, 98525
50, 5160, 16, 96454, 99347
50, 5170, 16, 96331, 98035
50, 5180, 16, 96045, 97645
50, 5190, 16, 95922, 97647
50, 5200, 16, 95881, 99344
50, 5210, 16, 95665, 98297
50, 5220, 16, 95665, 96701
50, 5230, 16, 95665, 96735
50, 5240, 16, 95665, 97776
50, 5250, 16, 95663, 98462
50, 5260, 16, 95645, 96486
50, 5270, 16, 95562, 97938
50, 5280, 16, 95544, 98680
50, 5290, 16, 95489, 98955
50, 5300, 16, 95401, 97182
50, 5310, 16, 95384, 97133
50, 5320, 16, 95181, 95524
50, 5330, 16, 95054, 96746
50, 5340, 16, 95054, 96561
50, 5350, 16, 95003, 96035
50, 5360, 16, 95003, 95003
50, 5370, 16, 94880, 95003
50, 5380, 16, 94874, 97193
50, 5390, 16, 94874, 95255
50, 5400, 16, 94691, 96081
50, 5410, 16, 94651, 96724
50, 5420, 16, 94651, 95630
50, 5430, 16, 94567, 97026
50, 5440, 16, 94567, 94567
50, 5450, 16, 94555, 96232
50, 5460, 16, 94555, 95092
50, 5470, 16, 94555, 97110
50, 5480, 16, 94555, 96656
50, 5490, 16, 94528, 94816
50, 5500, 16, 94214, 96218
50, 5510, 16, 94155, 96022
50, 5520, 16, 94070, 95687
50, 5530, 16, 94037, 96310
50, 5540, 16, 93996, 95771
50, 5550, 16, 93939, 95987
50, 5560, 16, 93939, 95303
50, 5570, 16, 93771, 94941
50, 5580, 16, 93771, 97205
50, 5590, 16, 93688, 93771
50, 5600, 16, 93688, 95724
50, 5610, 16, 93688, 96883
50, 5620, 16, 93688, 94488
50, 5630, 16, 93503, 94568
50, 5640, 16, 93459, 94644
50, 5650, 16, 93459, 94147
50, 5660, 16, 93364, 94946
50, 5670, 16, 93361, 96191
50, 5680, 16, 93361, 96801
50, 5690, 16, 93361, 94165
50, 5700, 16, 93361, 96153
50, 5710, 16, 93287, 95200
50, 5720, 16, 93201, 95387
50, 5730, 16, 93201, 94342
50, 5740, 16, 93201, 94183
50, 5750, 16, 93019, 95526
50, 5760, 16, 93019, 94850
50, 5770, 16, 93019, 94423
50, 5780, 16, 92619, 93782
50, 5790, 16, 92503, 92619
50, 5800, 16, 92503, 93691
50, 5810, 16, 92496, 93356
50, 5820, 16, 92430, 93870
50, 5830, 16, 92146, 94434
50, 5840, 16, 92036, 94286
50, 5850, 16, 91978, 94458
50, 5860, 16, 91874, 91978
50, 5870, 16, 91874, 91874
50, 5880, 16, 91474, 91933
50, 5890, 16, 91470, 93089
50, 5900, 16, 91470, 92738
50, 5910, 16, 91470, 91470
50, 5920, 16, 91470, 93267
50, 5930, 16, 91470, 93150
50, 5940, 16, 91470, 94035
50, 5950, 16, 91336, 91509
50, 5960, 16, 91286, 92966
50, 5970, 16, 91263, 92004
50, 5980, 16, 90969, 94761
50, 5990, 16, 90828, 91798
50, 6000, 16, 90828, 93003
50, 6010, 16, 90351, 92891
50, 6020, 16, 90351, 93051
50, 6030, 16, 90148, 94955
50, 6040, 16, 90140, 91235
50, 6050, 16, 90140, 90140
50, 6060, 16, 90140, 91598
50, 6070, 16, 90140, 90140
50, 6080, 16, 90075, 90140
50, 6090, 16, 90075, 92150
50, 6100, 16, 90075, 91415
50, 6110, 16, 89933, 90057
50, 6120, 16, 89933, 90497
50, 6130, 16, 89933, 89933
50, 6140, 16, 89926, 89933
50, 6150, 16, 89926, 93517
50, 6160, 16, 89886, 91608
50, 6170, 16, 89886, 90779
50, 6180, 16, 89821, 90574
50, 6190, 16, 89821, 90646
50, 6200, 16, 89814, 90205
50, 6210, 16, 89765, 92764
50, 6220, 16, 89765, 92035
50, 6230, 16, 89765, 90743
50, 6240, 16, 89765, 89765
50, 6250, 16, 89741, 91857
50, 6260, 16, 89683, 90259
50, 6270, 16, 89547, 91139
50, 6280, 16, 89547, 91371
50, 6290, 16, 89547, 92887
50, 6300, 16, 89547, 92390
50, 6310, 16, 89547, 90879
50, 6320, 16, 89446, 89547
50, 6330, 16, 89335, 91481
50, 6340, 16, 89135, 89335
50, 6350, 16, 88993, 89135
50, 6360, 16, 88993, 89791
50, 6370, 16, 88993, 90110
50, 6380, 16, 88893, 89617
50, 6390, 16, 88893, 90993
50, 6400, 16, 88868, 90689
50, 6410, 16, 88694, 91565
50, 6420, 16, 88627, 89147
50, 6430, 16, 88627, 90886
50, 6440, 16, 88627, 90006
50, 6450, 16, 88560, 88560
50, 6460, 16, 88560, 89894
50, 6470, 16, 88560, 91458
50, 6480, 16, 88560, 88560
50, 6490, 16, 88560, 88560
50, 6500, 16, 88502, 89970
50, 6510, 16, 88502, 90345
50, 6520, 16, 88502, 89466
50, 6530, 16, 88502, 90110
50, 6540, 16, 88502, 89302
50, 6550, 16, 88502, 90124
50, 6560, 16, 88420, 90259
50, 6570, 16, 88420, 90638
50, 6580, 16, 88420, 89452
50, 6590, 16, 88420, 90535
50, 6600, 16, 88374, 89970
50, 6610, 16, 88341, 90959
50, 6620, 16, 88341, 90383
50, 6630, 16, 88280, 88341
50, 6640, 16, 88219, 90400
50, 6650, 16, 88219, 89441
50, 6660, 16, 88219, 89413
50, 6670, 16, 88183, 89963
50, 6680, 16, 88183, 88183
50, 6690, 16, 87973, 87973
50, 6700, 16, 87890, 88164
50, 6710, 16, 87890, 87890
50, 6720, 16, 87890, 89719
50, 6730, 16, 87712, 89495
50, 6740, 16, 87712, 89839
50, 6750, 16, 87712, 87712
50, 6760, 16, 87536, 87712
50, 6770, 16, 87536, 87536
50, 6780, 16, 87536, 89839
50, 6790, 16, 87536, 88245
50, 6800, 16, 87441, 88485
50, 6810, 16, 87441, 89581
50, 6820, 16, 87227, 89384
50, 6830, 16, 87227, 88387
50, 6840, 16, 87001, 87201
50, 6850, 16, 87001, 90743
50, 6860, 16, 86879, 87001
50, 6870, 16, 86879, 88531
50, 6880, 16, 86822, 88775
50, 6890, 16, 86822, 88974
50, 6900, 16, 86523, 88248
50, 6910, 16, 86440, 88035
50, 6920, 16, 86440, 87715
50, 6930, 16, 86440, 88596
50, 6940, 16, 86440, 87638
50, 6950, 16, 86440, 86440
50, 6960, 16, 86227, 88817
50, 6970, 16, 86227, 86227
50, 6980, 16, 86227, 86227
50, 6990, 16, 86227, 86227
50, 7000, 16, 86225, 86796
50, 7010, 16, 86225, 86225
50, 7020, 16, 86040, 89041
50, 7030, 16, 86040, 86940
50, 7040, 16, 85981, 87405
50, 7050, 16, 85981, 87573
50, 7060, 16, 85903, 87077
50, 7070, 16, 85798, 85802
50, 7080, 16, 85601, 88057
50, 7090, 16, 85601, 86213
50, 7100, 16, 85542, 86849
50, 7110, 16, 85267, 87031
50, 7120, 16, 85258, 87364
50, 7130, 16, 85230, 87192
50, 7140, 16, 85189, 85230
50, 7150, 16, 85172, 85172
50, 7160, 16, 85172, 86356
50, 7170, 16, 84917, 85172
50, 7180, 16, 84917, 86137
50, 7190, 16, 84675, 84917
50, 7200, 16, 84675, 87164
50, 7210, 16, 84675, 85336
50, 7220, 16, 84551, 87139
50, 7230, 16, 84469, 86976
50, 7240, 16, 84469, 86283
50, 7250, 16, 84469, 86563
50, 7260, 16, 84469, 84469
50, 7270, 16, 84469, 87269
50, 7280, 16, 84469, 84469
50, 7290, 16, 84469, 84569
50, 7300, 16, 84391, 84469
50, 7310, 16, 84391, 85759
50, 7320, 16, 84391, 85470
50, 7330, 16, 84332, 86300
50, 7340, 16, 84299, 84332
50, 7350, 16, 84299, 86096
50, 7360, 16, 84299, 86034
50, 7370, 16, 84245, 84358
50, 7380, 16, 84194, 84216
50, 7390, 16, 84194, 84194
50, 7400, 16, 84194, 84891
50, 7410, 16, 84194, 84852
50, 7420, 16, 84194, 84194
50, 7430, 16, 84194, 84194
50, 7440, 16, 84194, 85065
50, 7450, 16, 84194, 85092
50, 7460, 16, 83981, 84194
50, 7470, 16, 83981, 83981
50, 7480, 16, 83839, 85463
50, 7490, 16, 83836, 83839
50, 7500, 16, 83836, 83836
50, 7510, 16, 83759, 83836
50, 7520, 16, 83759, 84939
50, 7530, 16, 83759, 83759
50, 7540, 16, 83759, 84823
50, 7550, 16, 83173, 84021
50, 7560, 16, 83173, 83173
50, 7570, 16, 83173, 84118
50, 7580, 16, 83173, 84680
50, 7590, 16, 83173, 83173
50, 7600, 16, 83173, 83882
50, 7610, 16, 83173, 83173
50, 7620, 16, 83173, 83747
50, 7630, 16, 83173, 85054
50, 7640, 16, 83084, 83850
50, 7650, 16, 83051, 83883
50, 7660, 16, 83051, 85005
50, 7670, 16, 83051, 84373
50, 7680, 16, 82927, 83080
50, 7690, 16, 82909, 82927
50, 7700, 16, 82909, 85664
50, 7710, 16, 82837, 82909
50, 7720, 16, 82653, 84031
50, 7730, 16, 82653, 84491
50, 7740, 16, 82653, 82653
50, 7750, 16, 82151, 83791
50, 7760, 16, 82151, 85931
50, 7770, 16, 82151, 83416
50, 7780, 16, 82151, 83637
50, 7790, 16, 82151, 83060
50, 7800, 16, 82151, 82151
50, 7810, 16, 82151, 83724
50, 7820, 16, 82151, 83402
50, 7830, 16, 82151, 82151
50, 7840, 16, 82038, 82856
50, 7850, 16, 82038, 82038
50, 7860, 16, 82017, 84816
50, 7870, 16, 81817, 81817
50, 7880, 16, 81817, 83930
50, 7890, 16, 81817, 84420
50, 7900, 16, 81668, 82989
50, 7910, 16, 81668, 82472
50, 7920, 16, 81668, 81668
50, 7930, 16, 81668, 81668
50, 7940, 16, 81668, 83150
50, 7950, 16, 81425, 82892
50, 7960, 16, 81286, 82508
50, 7970, 16, 81286, 81678
50, 7980, 16, 81195, 81286
50, 7990, 16, 81195, 81195
50, 8000, 16, 80962, 81545
50, 8010, 16, 80962, 80962
50, 8020, 16, 80962, 80962
50, 8030, 16, 80853, 80962
50, 8040, 16, 80580, 81495
50, 8050, 16, 80580, 80580
50, 8060, 16, 80574, 81648
50, 8070, 16, 80574, 80574
50, 8080, 16, 80574, 80574
50, 8090, 16, 80574, 80574
50, 8100, 16, 80258, 80574
50, 8110, 16, 80257, 81461
50, 8120, 16, 80257, 80257
50, 8130, 16, 80257, 81998
50, 8140, 16, 80165, 80234
50, 8150, 16, 80165, 80165
50, 8160, 16, 80165, 80165
50, 8170, 16, 80165, 81965
50, 8180, 16, 80165, 80165
50, 8190, 16, 80165, 80713
50, 8200, 16, 80165, 82225
50, 8210, 16, 80165, 80165
50, 8220, 16, 80165, 80165
50, 8230, 16, 79929, 81656
50, 8240, 16, 79917, 80036
50, 8250, 16, 79917, 79917
50, 8260, 16, 79917, 79917
50, 8270, 16, 79801, 81687
50, 8280, 16, 79485, 79801
50, 8290, 16, 79485, 79485
50, 8300, 16, 79485, 79485
50, 8310, 16, 79484, 80827
50, 8320, 16, 79484, 81066
50, 8330, 16, 79484, 80242
50, 8340, 16, 79484, 79484
50, 8350, 16, 79447, 81396
50, 8360, 16, 79447, 79447
50, 8370, 16, 79447, 81919
50, 8380, 16, 79447, 79447
50, 8390, 16, 79447, 79447
50, 8400, 16, 79447, 82653
50, 8410, 16, 79447, 79447
50, 8420, 16, 79179, 81940
50, 8430, 16, 79179, 79179
50, 8440, 16, 79179, 80290
50, 8450, 16, 79179, 80648
50, 8460, 16, 79179, 79179
50, 8470, 16, 79179, 79179
50, 8480, 16, 79179, 79179
50, 8490, 16, 79179, 79179
50, 8500, 16, 79179, 79179
50, 8510, 16, 79144, 80016
50, 8520, 16, 79144, 79144
50, 8530, 16, 79144, 80907
50, 8540, 16, 79144, 79144
50, 8550, 16, 79144, 81363
50, 8560, 16, 79144, 79144
50, 8570, 16, 79144, 79144
50, 8580, 16, 79144, 80288
50, 8590, 16, 79144, 80798
50, 8600, 16, 79144, 79642
50, 8610, 16, 79144, 79144
50, 8620, 16, 79144, 80686
50, 8630, 16, 79144, 79144
50, 8640, 16, 78948, 78948
50, 8650, 16, 78948, 80027
50, 8660, 16, 78948, 78948
50, 8670, 16, 78948, 78948
50, 8680, 16, 78948, 78948
50, 8690, 16, 78948, 78948
50, 8700, 16, 78948, 78948
50, 8710, 16, 78919, 80982
50, 8720, 16, 78919, 78919
50, 8730, 16, 78919, 80343
50, 8740, 16, 78919, 81480
50, 8750, 16, 78918, 82063
50, 8760, 16, 78918, 78918
50, 8770, 16, 78661, 78918
50, 8780, 16, 78661, 78661
50, 8790, 16, 78661, 78661
50, 8800, 16, 78661, 78661
50, 8810, 16, 78661, 79642
50, 8820, 16, 78537, 78661
50, 8830, 16, 78537, 78537
50, 8840, 16, 78537, 78537
50, 8850, 16, 78497, 80025
50, 8860, 16, 78497, 78497
50, 8870, 16, 78497, 78497
50, 8880, 16, 78497, 78497
50, 8890, 16, 78497, 78497
50, 8900, 16, 78497, 78497
50, 8910, 16, 78409, 78497
50, 8920, 16, 78352, 78409
50, 8930, 16, 78352, 78352
50, 8940, 16, 78352, 78352
50, 8950, 16, 78352, 78352
50, 8960, 16, 78293, 78352
50, 8970, 16, 78293, 79300
50, 8980, 16, 78160, 79292
50, 8990, 16, 78101, 78101
50, 9000, 16, 78101, 81239
50, 9010, 16, 77948, 78101
50, 9020, 16, 77948, 79456
50, 9030, 16, 77948, 77948
50, 9040, 16, 77948, 77948
50, 9050, 16, 77948, 77948
50, 9060, 16, 77872, 77948
50, 9070, 16, 77872, 77872
50, 9080, 16, 77771, 77771
50, 9090, 16, 77771, 77771
50, 9100, 16, 77771, 77771
50, 9110, 16, 77771, 79884
50, 9120, 16, 77771, 79585
50, 9130, 16, 77771, 77771
50, 9140, 16, 77771, 79246
50, 9150, 16, 77738, 78159
50, 9160, 16, 77738, 77738
50, 9170, 16, 77738, 77738
50, 9180, 16, 77738, 78805
50, 9190, 16, 77738, 79964
50, 9200, 16, 77717, 78664
50, 9210, 16, 77717, 78148
50, 9220, 16, 77717, 77717
50, 9230, 16, 77717, 78195
50, 9240, 16, 77717, 77717
50, 9250, 16, 77658, 79760
50, 9260, 16, 77658, 77658
50, 9270, 16, 77658, 77658
50, 9280, 16, 77658, 77658
50, 9290, 16, 77658, 78474
50, 9300, 16, 77658, 78352
50, 9310, 16, 77565, 79866
50, 9320, 16, 77565, 77565
50, 9330, 16, 77546, 78177
50, 9340, 16, 77546, 77546
50, 9350, 16, 77255, 77546
50, 9360, 16, 77255, 79250
50, 9370, 16, 77255, 77255
50, 9380, 16, 77255, 79297
50, 9390, 16, 77255, 77255
50, 9400, 16, 77255, 77255
50, 9410, 16, 77255, 77255
50, 9420, 16, 77255, 77346
50, 9430, 16, 77255, 77255
50, 9440, 16, 77255, 78913
50, 9450, 16, 77071, 77980
50, 9460, 16, 77071, 77071
50, 9470, 16, 77071, 79471
50, 9480, 16, 77071, 77071
50, 9490, 16, 77071, 78847
50, 9500, 16, 77071, 77071
50, 9510, 16, 77071, 79188
50, 9520, 16, 77071, 77271
50, 9530, 16, 76999, 77071
50, 9540, 16, 76999, 77884
50, 9550, 16, 76999, 76999
50, 9560, 16, 76999, 76999
50, 9570, 16, 76999, 76999
50, 9580, 16, 76999, 76999
50, 9590, 16, 76937, 76999
50, 9600, 16, 76811, 76937
50, 9610, 16, 76811, 77948
50, 9620, 16, 76695, 76811
50, 9630, 16, 76695, 78337
50, 9640, 16, 76695, 76695
50, 9650, 16, 76695, 76695
50, 9660, 16, 76695, 76695
50, 9670, 16, 76695, 76695
50, 9680, 16, 76695, 78012
50, 9690, 16, 76695, 76865
50, 9700, 16, 76661, 76695
50, 9710, 16, 76661, 78426
50, 9720, 16, 76545, 76937
50, 9730, 16, 76545, 77664
50, 9740, 16, 76192, 76242
50, 9750, 16, 76192, 76192
50, 9760, 16, 76192, 78037
50, 9770, 16, 76192, 76192
50, 9780, 16, 76192, 76192
50, 9790, 16, 76192, 76192
50, 9800, 16, 76192, 78116
50, 9810, 16, 76157, 76192
50, 9820, 16, 76157, 78777
50, 9830, 16, 76157, 76157
50, 9840, 16, 76157, 77264
50, 9850, 16, 76137, 76157
50, 9860, 16, 76137, 76137
50, 9870, 16, 76137, 76290
50, 9880, 16, 76137, 76597
50, 9890, 16, 76119, 76119
50, 9900, 16, 76119, 77840
50, 9910, 16, 76011, 76119
50, 9920, 16, 75737, 76754
50, 9930, 16, 75737, 77537
50, 9940, 16, 75713, 75861
50, 9950, 16, 75653, 76664
50, 9960, 16, 75653, 75653
50, 9970, 16, 75653, 75653
50, 9980, 16, 75653, 75653
50, 9990, 16, 75653, 75653
50, 10000, 16, 75653, 75653
50, 10010, 16, 75619, 75619
50, 10020, 16, 75619, 75619
50, 10030, 16, 75619, 75619
50, 10040, 16, 75619, 75619
50, 10050, 16, 75619, 75682
50, 10060, 16, 75566, 76655
50, 10070, 16, 75566, 75566
50, 10080, 16, 75566, 76632
50, 10090, 16, 75566, 77718
50, 10100, 16, 75550, 75550
50, 10110, 16, 75033, 75672
50, 10120, 16, 75033, 75033
50, 10130, 16, 75033, 75033
50, 10140, 16, 75033, 76457
50, 10150, 16, 75033, 76585
50, 10160, 16, 75033, 75033
50, 10170, 16, 74946, 76471
50, 10180, 16, 74703, 74946
50, 10190, 16, 74703, 75054
50, 10200, 16, 74599, 74650
50, 10210, 16, 74599, 74599
50, 10220, 16, 74599, 74599
50, 10230, 16, 74599, 74599
50, 10240, 16, 74599, 74599
50, 10250, 16, 74599, 74599
50, 10260, 16, 74502, 74902
50, 10270, 16, 74502, 74502
50, 10280, 16, 74502, 75369
50, 10290, 16, 74502, 74502
50, 10300, 16, 74492, 75333
50, 10310, 16, 74492, 74492
50, 10320, 16, 74425, 74463
50, 10330, 16, 74425, 74425
50, 10340, 16, 74425, 74425
50, 10350, 16, 74425, 74853
50, 10360, 16, 74421, 77130
50, 10370, 16, 74421, 74421
50, 10380, 16, 74346, 74346
50, 10390, 16, 74346, 74346
50, 10400, 16, 74004, 74346
50, 10410, 16, 74004, 74004
50, 10420, 16, 74004, 74004
50, 10430, 16, 74004, 74004
50, 10440, 16, 74004, 74004
50, 10450, 16, 74004, 74004
50, 10460, 16, 73954, 75897
50, 10470, 16, 73954, 75798
50, 10480, 16, 73925, 74566
50, 10490, 16, 73910, 73925
50, 10500, 16, 73910, 73910
50, 10510, 16, 73910, 75321
50, 10520, 16, 73869, 73910
50, 10530, 16, 73869, 73869
50, 10540, 16, 73638, 73858
50, 10550, 16, 73442, 73638
50, 10560, 16, 73442, 73442
50, 10570, 16, 73442, 73442
50, 10580, 16, 73442, 73442
50, 10590, 16, 73442, 73442
50, 10600, 16, 73442, 73442
50, 10610, 16, 73442, 73442
50, 10620, 16, 73442, 73442
50, 10630, 16, 73348, 75292
50, 10640, 16, 73348, 74669
50, 10650, 16, 73348, 73348
50, 10660, 16, 73185, 73185
50, 10670, 16, 73185, 73185
50, 10680, 16, 73185, 73185
50, 10690, 16, 73185, 73185
50, 10700, 16, 73185, 73185
50, 10710, 16, 73185, 73185
50, 10720, 16, 73031, 73185
50, 10730, 16, 72962, 73031
50, 10740, 16, 72807, 74503
50, 10750, 16, 72500, 72500
50, 10760, 16, 72500, 72500
50, 10770, 16, 72500, 72500
50, 10780, 16, 72500, 72500
50, 10790, 16, 72500, 72500
50, 10800, 16, 72500, 72500
50, 10810, 16, 72500, 72500
50, 10820, 16, 72500, 72500
50, 10830, 16, 72500, 72500
50, 10840, 16, 72500, 72500
50, 10850, 16, 72500, 72500
50, 10860, 16, 72500, 72500
50, 10870, 16, 72240, 72500
50, 10880, 16, 72205, 74045
50, 10890, 16, 72205, 72205
50, 10900, 16, 71987, 72205
50, 10910, 16, 71987, 71987
50, 10920, 16, 71987, 71987
50, 10930, 16, 71987, 71987
50, 10940, 16, 71987, 71987
50, 10950, 16, 71987, 71987
50, 10960, 16, 71987, 71987
50, 10970, 16, 71987, 71987
50, 10980, 16, 71987, 71987
50, 10990, 16, 71987, 71987
50, 11000, 16, 71987, 71987
50, 11010, 16, 71957, 71987
50, 11020, 16, 71957, 71957
50, 11030, 16, 71852, 71852
50, 11040, 16, 71852, 71852
50, 11050, 16, 71852, 71852
50, 11060, 16, 71852, 71852
50, 11070, 16, 71852, 71852
50, 11080, 16, 71852, 73447
50, 11090, 16, 71852, 72452
50, 11100, 16, 71852, 72581
50, 11110, 16, 71852, 71852
50, 11120, 16, 71852, 73062
50, 11130, 16, 71852, 71852
50, 11140, 16, 71852, 71852
50, 11150, 16, 71852, 71852
50, 11160, 16, 71823, 71852
50, 11170, 16, 71810, 71823
50, 11180, 16, 71810, 71810
50, 11190, 16, 71810, 71810
50, 11200, 16, 71804, 71810
50, 11210, 16, 71804, 71804
50, 11220, 16, 71804, 71804
50, 11230, 16, 71681, 71681
50, 11240, 16, 71644, 71681
50, 11250, 16, 71564, 71644
50, 11260, 16, 71564, 71564
50, 11270, 16, 71564, 71853
50, 11280, 16, 71564, 71564
50, 11290, 16, 71550, 71550
50, 11300, 16, 71550, 71550
50, 11310, 16, 71550, 71550
50, 11320, 16, 71550, 71550
50, 11330, 16, 71518, 71550
50, 11340, 16, 71518, 71518
50, 11350, 16, 71518, 71518
50, 11360, 16, 71518, 71518
50, 11370, 16, 71518, 71518
50, 11380, 16, 71518, 72421
50, 11390, 16, 71518, 74177
50, 11400, 16, 71518, 71518
50, 11410, 16, 71518, 71518
50, 11420, 16, 71518, 71518
50, 11430, 16, 71518, 71518
50, 11440, 16, 71464, 71464
50, 11450, 16, 71464, 71464
50, 11460, 16, 71464, 71464
50, 11470, 16, 71462, 71464
50, 11480, 16, 71462, 71462
50, 11490, 16, 71462, 71462
50, 11500, 16, 71462, 71462
50, 11510, 16, 71462, 71462
50, 11520, 16, 71451, 71451
50, 11530, 16, 71451, 71451
50, 11540, 16, 71451, 71451
50, 11550, 16, 71451, 71451
50, 11560, 16, 71451, 71451
50, 11570, 16, 71451, 71451
50, 11580, 16, 71451, 71451
50, 11590, 16, 71451, 71451
50, 11600, 16, 71451, 71451
50, 11610, 16, 71426, 71451
50, 11620, 16, 71426, 71426
50, 11630, 16, 71347, 71426
50, 11640, 16, 71347, 71347
50, 11650, 16, 71347, 71347
50, 11660, 16, 71264, 71264
50, 11670, 16, 71264, 71264
50, 11680, 16, 71264, 71264
50, 11690, 16, 71264, 71264
50, 11700, 16, 71264, 71264
50, 11710, 16, 71264, 71264
50, 11720, 16, 71264, 71264
50, 11730, 16, 71264, 71264
50, 11740, 16, 71264, 71264
50, 11750, 16, 71264, 72050
50, 11760, 16, 71264, 71264
50, 11770, 16, 71264, 71264
50, 11780, 16, 71264, 71264
50, 11790, 16, 71264, 72297
50, 11800, 16, 71264, 71264
50, 11810, 16, 71264, 71264
50, 11820, 16, 71264, 71264
50, 11830, 16, 71264, 71264
50, 11840, 16, 71075, 71264
50, 11850, 16, 71075, 71075
50, 11860, 16, 71075, 71075
50, 11870, 16, 71039, 71075
50, 11880, 16, 71039, 71039
50, 11890, 16, 71039, 71039
50, 11900, 16, 70917, 71039
50, 11910, 16, 70917, 72567
50, 11920, 16, 70917, 70917
50, 11930, 16, 70917, 70917
50, 11940, 16, 70917, 70917
50, 11950, 16, 70917, 70917
50, 11960, 16, 70857, 70917
50, 11970, 16, 70857, 72251
50, 11980, 16, 70645, 70857
50, 11990, 16, 70645, 71949
50, 12000, 16, 70645, 70645
50, 12010, 16, 70645, 70645
50, 12020, 16, 70645, 70645
50, 12030, 16, 70645, 70645
50, 12040, 16, 70645, 70645
50, 12050, 16, 70645, 70645
50, 12060, 16, 70645, 70645
50, 12070, 16, 70645, 70645
50, 12080, 16, 70645, 70645
50, 12090, 16, 70645, 70645
50, 12100, 16, 70645, 70645
50, 12110, 16, 70645, 70645
50, 12120, 16, 70645, 70645
50, 12130, 16, 70645, 70645
50, 12140, 16, 70645, 70645
50, 12150, 16, 70645, 70645
50, 12160, 16, 70411, 70645
50, 12170, 16, 70411, 70411
50, 12180, 16, 70411, 70411
50, 12190, 16, 70411, 70411
50, 12200, 16, 70411, 70411
50, 12210, 16, 70411, 70411
50, 12220, 16, 70411, 70411
50, 12230, 16, 70411, 70411
50, 12240, 16, 70411, 72631
50, 12250, 16, 70411, 70411
50, 12260, 16, 70411, 70411
50, 12270, 16, 70343, 70343
50, 12280, 16, 70343, 70343
50, 12290, 16, 70343, 70343
50, 12300, 16, 70343, 70343
50, 12310, 16, 70343, 72754
50, 12320, 16, 70343, 70343
50, 12330, 16, 70343, 70343
50, 12340, 16, 70295, 70295
50, 12350, 16, 70295, 70295
50, 12360, 16, 70295, 70295
50, 12370, 16, 70295, 70295
50, 12380, 16, 70295, 70295
50, 12390, 16, 70295, 70295
50, 12400, 16, 70295, 70295
50, 12410, 16, 70295, 70295
50, 12420, 16, 70215, 70295
50, 12430, 16, 70215, 70827
50, 12440, 16, 70215, 70215
50, 12450, 16, 70215, 70215
50, 12460, 16, 70215, 70215
50, 12470, 16, 70215, 70215
50, 12480, 16, 70215, 70215
50, 12490, 16, 70215, 70215
50, 12500, 16, 70197, 70215
50, 12510, 16, 70197, 70197
50, 12520, 16, 70197, 70197
50, 12530, 16, 70197, 70197
50, 12540, 16, 70197, 70197
50, 12550, 16, 70197, 70197
50, 12560, 16, 70197, 70197
50, 12570, 16, 70197, 70197
50, 12580, 16, 70197, 70197
50, 12590, 16, 70197, 70197
50, 12600, 16, 70197, 70197
50, 12610, 16, 70197, 70197
50, 12620, 16, 70197, 70197
50, 12630, 16, 70197, 70197
50, 12640, 16, 70197, 70197
50, 12650, 16, 70197, 70197
50, 12660, 16, 70119, 70197
50, 12670, 16, 70119, 70119
50, 12680, 16, 70119, 70119
50, 12690, 16, 70119, 70119
50, 12700, 16, 70119, 70119
50, 12710, 16, 70119, 70119
50, 12720, 16, 70090, 70119
50, 12730, 16, 70090, 70090
50, 12740, 16, 70090, 70090
50, 12750, 16, 70090, 70968
50, 12760, 16, 69978, 70090
50, 12770, 16, 69978, 69978
50, 12780, 16, 69870, 69978
50, 12790, 16, 69870, 69870
50, 12800, 16, 69870, 69870
50, 12810, 16, 69806, 69870
50, 12820, 16, 69806, 69806
50, 12830, 16, 69806, 69806
50, 12840, 16, 69806, 69806
50, 12850, 16, 69806, 69806
50, 12860, 16, 69806, 69806
50, 12870, 16, 69806, 69806
50, 12880, 16, 69806, 69806
50, 12890, 16, 69806, 69806
50, 12900, 16, 69806, 69806
50, 12910, 16, 69806, 69806
50, 12920, 16, 69806, 69806
50, 12930, 16, 69806, 69806
50, 12940, 16, 69806, 69806
50, 12950, 16, 69724, 69806
50, 12960, 16, 69675, 69675
50, 12970, 16, 69675, 69675
50, 12980, 16, 69675, 69675
50, 12990, 16, 69610, 69675
50, 13000, 16, 69610, 69610
50, 13010, 16, 69610, 69610
50, 13020, 16, 69610, 69610
50, 13030, 16, 69610, 69610
50, 13040, 16, 69610, 69610
50, 13050, 16, 69610, 69610
50, 13060, 16, 69610, 69610
50, 13070, 16, 69610, 69610
50, 13080, 16, 69610, 69610
50, 13090, 16, 69610, 69610
50, 13100, 16, 69610, 69610
50, 13110, 16, 69552, 69552
50, 13120, 16, 69552, 69552
50, 13130, 16, 69365, 69552
50, 13140, 16, 69288, 69365
50, 13150, 16, 69288, 70615
50, 13160, 16, 69288, 69288
50, 13170, 16, 69288, 69288
50, 13180, 16, 69288, 69288
50, 13190, 16, 69288, 69288
50, 13200, 16, 69288, 69288
50, 13210, 16, 69288, 69288
50, 13220, 16, 69288, 69288
50, 13230, 16, 69288, 69288
50, 13240, 16, 69288, 69288
50, 13250, 16, 69288, 69288
50, 13260, 16, 69288, 69288
50, 13270, 16, 69288, 69763
50, 13280, 16, 69288, 69288
50, 13290, 16, 69288, 69288
50, 13300, 16, 69003, 69003
50, 13310, 16, 69003, 69003
50, 13320, 16, 69003, 69003
50, 13330, 16, 69003, 69003
50, 13340, 16, 69003, 69003
50, 13350, 16, 69003, 70417
50, 13360, 16, 69003, 69003
50, 13370, 16, 69003, 69003
50, 13380, 16, 69003, 69003
50, 13390, 16, 69003, 69003
50, 13400, 16, 69003, 69003
50, 13410, 16, 69003, 69003
50, 13420, 16, 69003, 69003
50, 13430, 16, 69003, 69003
50, 13440, 16, 69003, 69003
50, 13450, 16, 68942, 69003
50, 13460, 16, 68908, 68908
50, 13470, 16, 68908, 68908
50, 13480, 16, 68908, 68908
50, 13490, 16, 68908, 68908
50, 13500, 16, 68908, 68908
50, 13510, 16, 68843, 68908
50, 13520, 16, 68843, 68843
50, 13530, 16, 68350, 68811
50, 13540, 16, 68350, 68811
50, 13550, 16, 68350, 68874
50, 13560, 16, 68350, 68350
50, 13570, 16, 68350, 68350
50, 13580, 16, 68350, 68350
50, 13590, 16, 68350, 68350
50, 13600, 16, 68147, 68350
50, 13610, 16, 68147, 68147
50, 13620, 16, 68063, 68147
50, 13630, 16, 68063, 68063
50, 13640, 16, 68063, 68063
50, 13650, 16, 67970, 68063
50, 13660, 16, 67970, 67970
50, 13670, 16, 67970, 67970
50, 13680, 16, 67929, 67970
50, 13690, 16, 67929, 67929
50, 13700, 16, 67929, 67929
50, 13710, 16, 67929, 67929
50, 13720, 16, 67929, 67929
50, 13730, 16, 67929, 67929
50, 13740, 16, 67929, 67929
50, 13750, 16, 67929, 67929
50, 13760, 16, 67929, 67929
50, 13770, 16, 67929, 67929
50, 13780, 16, 67929, 67929
50, 13790, 16, 67897, 67929
50, 13800, 16, 67897, 69593
50, 13810, 16, 67897, 67897
50, 13820, 16, 67897, 67897
50, 13830, 16, 67897, 67897
50, 13840, 16, 67897, 67897
50, 13850, 16, 67897, 67897
50, 13860, 16, 67712, 67794
50, 13870, 16, 67712, 67712
50, 13880, 16, 67712, 67712
50, 13890, 16, 67712, 67712
50, 13900, 16, 67664, 67664
50, 13910, 16, 67664, 67664
50, 13920, 16, 67664, 67664
50, 13930, 16, 67664, 67664
50, 13940, 16, 67664, 67664
50, 13950, 16, 67664, 67664
50, 13960, 16, 67664, 67664
50, 13970, 16, 67664, 67664
50, 13980, 16, 67664, 67664
50, 13990, 16, 67664, 67664
50, 14000, 16, 67482, 67664
50, 14010, 16, 67482, 67482
50, 14020, 16, 67482, 67482
50, 14030, 16, 67482, 67482
50, 14040, 16, 67482, 67482
50, 14050, 16, 67482, 67482
50, 14060, 16, 67482, 67482
50, 14070, 16, 67466, 67466
50, 14080, 16, 67466, 67466
50, 14090, 16, 67466, 67466
50, 14100, 16, 67466, 67466
50, 14110, 16, 67466, 67466
50, 14120, 16, 67342, 67466
50, 14130, 16, 67342, 67342
50, 14140, 16, 67342, 67342
50, 14150, 16, 67342, 67342
50, 14160, 16, 67342, 67342
50, 14170, 16, 67255, 67255
50, 14180, 16, 67255, 67255
50, 14190, 16, 67190, 67255
50, 14200, 16, 67190, 67190
50, 14210, 16, 67190, 67190
50, 14220, 16, 67190, 67190
50, 14230, 16, 67190, 67190
50, 14240, 16, 67190, 67190
50, 14250, 16, 67190, 67190
50, 14260, 16, 67190, 67190
50, 14270, 16, 67182, 67182
50, 14280, 16, 67182, 67182
50, 14290, 16, 67182, 67182
50, 14300, 16, 67182, 67182
50, 14310, 16, 67182, 67182
50, 14320, 16, 67182, 67182
50, 14330, 16, 67182, 67182
50, 14340, 16, 67182, 67182
50, 14350, 16, 67182, 67182
50, 14360, 16, 67182, 67182
50, 14370, 16, 67182, 67182
50, 14380, 16, 67182, 67182
50, 14390, 16, 67182, 67182
50, 14400, 16, 67182, 67182
50, 14410, 16, 67182, 67182
50, 14420, 16, 67182, 67182
50, 14430, 16, 67182, 67182
50, 14440, 16, 67099, 67182
50, 14450, 16, 67099, 67099
50, 14460, 16, 67099, 67099
50, 14470, 16, 67016, 67099
50, 14480, 16, 67016, 67016
50, 14490, 16, 66892, 66892
50, 14500, 16, 66892, 66892
50, 14510, 16, 66892, 66892
50, 14520, 16, 66892, 66892
50, 14530, 16, 66892, 68549
50, 14540, 16, 66892, 66892
50, 14550, 16, 66892, 66892
50, 14560, 16, 66892, 66892
50, 14570, 16, 66892, 66892
50, 14580, 16, 66892, 66892
50, 14590, 16, 66892, 66892
50, 14600, 16, 66892, 66892
50, 14610, 16, 66892, 66892
50, 14620, 16, 66892, 66892
50, 14630, 16, 66892, 66892
50, 14640, 16, 66892, 66892
50, 14650, 16, 66892, 66892
50, 14660, 16, 66892, 66892
50, 14670, 16, 66816, 66834
50, 14680, 16, 66816, 66816
50, 14690, 16, 66729, 66813
50, 14700, 16, 66432, 66432
50, 14710, 16, 66432, 66432
50, 14720, 16, 66432, 66432
50, 14730, 16, 66432, 66432
50, 14740, 16, 66432, 66432
50, 14750, 16, 66432, 66432
50, 14760, 16, 66432, 66432
50, 14770, 16, 66432, 66432
50, 14780, 16, 66432, 66432
50, 14790, 16, 66432, 66432
50, 14800, 16, 66308, 66432
50, 14810, 16, 66308, 66308
50, 14820, 16, 66291, 66291
50, 14830, 16, 66291, 66291
50, 14840, 16, 66291, 66291
50, 14850, 16, 66291, 66291
50, 14860, 16, 66291, 66291
50, 14870, 16, 66291, 66291
50, 14880, 16, 66291, 66291
50, 14890, 16, 66268, 66268
50, 14900, 16, 66202, 66268
50, 14910, 16, 66202, 66202
50, 14920, 16, 66202, 66202
50, 14930, 16, 66028, 66028
50, 14940, 16, 66028, 66028
50, 14950, 16, 65979, 65979
50, 14960, 16, 65979, 65979
50, 14970, 16, 65979, 65979
50, 14980, 16, 65979, 65979
50, 14990, 16, 65979, 65979
50, 15000, 16, 65855, 65896
50, 15010, 16, 65855, 65855
50, 15020, 16, 65855, 65855
50, 15030, 16, 65814, 65814
50, 15040, 16, 65814, 65814
50, 15050, 16, 65814, 65814
50, 15060, 16, 65814, 65814
50, 15070, 16, 65814, 65814
50, 15080, 16, 65814, 65814
50, 15090, 16, 65789, 65814
50, 15100, 16, 65789, 65789
50, 15110, 16, 65789, 65789
50, 15120, 16, 65789, 65789
50, 15130, 16, 65789, 65789
50, 15140, 16, 65789, 65789
50, 15150, 16, 65789, 65789
50, 15160, 16, 65789, 65789
50, 15170, 16, 65789, 65789
50, 15180, 16, 65789, 65789
50, 15190, 16, 65789, 65789
50, 15200, 16, 65789, 65789
50, 15210, 16, 65789, 65789
50, 15220, 16, 65789, 65789
50, 15230, 16, 65789, 65789
50, 15240, 16, 65699, 65735
50, 15250, 16, 65699, 65699
50, 15260, 16, 65699, 65699
50, 15270, 16, 65699, 66906
50, 15280, 16, 65699, 65699
50, 15290, 16, 65699, 65699
50, 15300, 16, 65699, 65699
50, 15310, 16, 65699, 65699
50, 15320, 16, 65699, 65699
50, 15330, 16, 65699, 65699
50, 15340, 16, 65614, 65699
50, 15350, 16, 65614, 65614
50, 15360, 16, 65614, 65614
50, 15370, 16, 65614, 65614
50, 15380, 16, 65614, 65614
50, 15390, 16, 65614, 65614
50, 15400, 16, 65614, 65614
50, 15410, 16, 65614, 65614
50, 15420, 16, 65614, 65614
50, 15430, 16, 65614, 65614
50, 15440, 16, 65614, 65614
50, 15450, 16, 65614, 65614
50, 15460, 16, 65614, 65614
50, 15470, 16, 65614, 65614
50, 15480, 16, 65614, 65614
50, 15490, 16, 65614, 65614
50, 15500, 16, 65614, 65614
50, 15510, 16, 65614, 65614
50, 15520, 16, 65614, 65614
50, 15530, 16, 65614, 65614
50, 15540, 16, 65614, 65614
50, 15550, 16, 65561, 65614
50, 15560, 16, 65561, 65561
50, 15570, 16, 65561, 65561
50, 15580, 16, 65561, 65561
50, 15590, 16, 65561, 65561
50, 15600, 16, 65561, 65561
50, 15610, 16, 65561, 65561
50, 15620, 16, 65561, 65561
50, 15630, 16, 65561, 65561
50, 15640, 16, 65561, 65561
50, 15650, 16, 65561, 65561
50, 15660, 16, 65561, 65561
50, 15670, 16, 65561, 65561
50, 15680, 16, 65561, 65561
50, 15690, 16, 65561, 65561
50, 15700, 16, 65561, 65561
50, 15710, 16, 65561, 65561
50, 15720, 16, 65404, 65561
50, 15730, 16, 65404, 65404
50, 15740, 16, 65404, 65404
50, 15750, 16, 65404, 65404
50, 15760, 16, 65404, 65404
50, 15770, 16, 65404, 65404
50, 15780, 16, 65404, 65404
50, 15790, 16, 65404, 65404
50, 15800, 16, 65404, 65404
50, 15810, 16, 65404, 65404
50, 15820, 16, 65404, 65404
50, 15830, 16, 65404, 65404
50, 15840, 16, 65404, 65404
50, 15850, 16, 65404, 65404
50, 15860, 16, 65404, 65404
50, 15870, 16, 65404, 65404
50, 15880, 16, 65404, 65404
50, 15890, 16, 65404, 65404
50, 15900, 16, 65404, 65404
50, 15910, 16, 65404, 65404
50, 15920, 16, 65404, 65404
50, 15930, 16, 65404, 65404
50, 15940, 16, 65404, 65404
50, 15950, 16, 65404, 65404
50, 15960, 16, 65404, 65404
50, 15970, 16, 65404, 65404
50, 15980, 16, 65404, 65404
50, 15990, 16, 65404, 65404
50, 16000, 16, 65404, 65404
50, 16010, 16, 65378, 65378
50, 16020, 16, 65378, 65378
50, 16030, 16, 65360, 65378
50, 16040, 16, 65360, 65360
50, 16050, 16, 65360, 65360
50, 16060, 16, 65360, 65360
50, 16070, 16, 65360, 65360
50, 16080, 16, 65360, 65360
50, 16090, 16, 65360, 65360
50, 16100, 16, 65360, 65360
50, 16110, 16, 65360, 65360
50, 16120, 16, 65360, 65360
50, 16130, 16, 65360, 65360
50, 16140, 16, 65360, 65360
50, 16150, 16, 65360, 65360
50, 16160, 16, 65360, 65360
50, 16170, 16, 65360, 65360
50, 16180, 16, 65360, 65360
50, 16190, 16, 65360, 65360
50, 16200, 16, 65360, 65360
50, 16210, 16, 65360, 65360
50, 16220, 16, 65360, 65360
50, 16230, 16, 65360, 65360
50, 16240, 16, 65360, 65360
50, 16250, 16, 65360, 65360
50, 16260, 16, 65360, 65360
50, 16270, 16, 65360, 65360
50, 16280, 16, 65360, 65360
50, 16290, 16, 65360, 65360
50, 16300, 16, 65360, 65360
50, 16310, 16, 65360, 65360
50, 16320, 16, 65360, 65360
50, 16330, 16, 65360, 65360
50, 16340, 16, 65171, 65171
50, 16350, 16, 65171, 65171
50, 16360, 16, 65171, 65171
50, 16370, 16, 65171, 65171
50, 16380, 16, 65171, 65171
50, 16390, 16, 65171, 65171
50, 16400, 16, 65171, 65171
50, 16410, 16, 65171, 65171
50, 16420, 16, 65171, 65171
50, 16430, 16, 65171, 65171
50, 16440, 16, 65093, 65093
50, 16450, 16, 65093, 65093
50, 16460, 16, 65093, 65093
50, 16470, 16, 65093, 65093
50, 16480, 16, 65063, 65063
50, 16490, 16, 65063, 65063
50, 16500, 16, 65063, 65063
50, 16510, 16, 65063, 65063
50, 16520, 16, 64744, 65063
50, 16530, 16, 64744, 64744
50, 16540, 16, 64744, 64744
50, 16550, 16, 64744, 64744
50, 16560, 16, 64744, 64744
50, 16570, 16, 64744, 64744
50, 16580, 16, 64744, 64744
50, 16590, 16, 64744, 64744
50, 16600, 16, 64744, 64744
50, 16610, 16, 64744, 64744
50, 16620, 16, 64744, 64744
50, 16630, 16, 64744, 64744
50, 16640, 16, 64744, 64744
50, 16650, 16, 64744, 64744
50, 16660, 16, 64744, 64744
50, 16670, 16, 64744, 64744
50, 16680, 16, 64744, 64744
50, 16690, 16, 64602, 64602
50, 16700, 16, 64602, 64602
50, 16710, 16, 64602, 64602
50, 16720, 16, 64602, 64602
50, 16730, 16, 64602, 64602
50, 16740, 16, 64602, 64602
50, 16750, 16, 64602, 64602
50, 16760, 16, 64602, 64602
50, 16770, 16, 64602, 64602
50, 16780, 16, 64602, 64602
50, 16790, 16, 64602, 64602
50, 16800, 16, 64602, 64602
50, 16810, 16, 64602, 64602
50, 16820, 16, 64602, 64602
50, 16830, 16, 64602, 64602
50, 16840, 16, 64602, 64602
50, 16850, 16, 64602, 64602
50, 16860, 16, 64602, 64602
50, 16870, 16, 64602, 64602
50, 16880, 16, 64602, 64602
50, 16890, 16, 64602, 64602
50, 16900, 16, 64602, 64602
50, 16910, 16, 64602, 64602
50, 16920, 16, 64602, 64602
50, 16930, 16, 64602, 64602
50, 16940, 16, 64602, 64602
50, 16950, 16, 64602, 64602
50, 16960, 16, 64602, 64602
50, 16970, 16, 64602, 64602
50, 16980, 16, 64602, 64602
50, 16990, 16, 64602, 64602
50, 17000, 16, 64602, 64602
50, 17010, 16, 64602, 64602
50, 17020, 16, 64370, 64602
50, 17030, 16, 64370, 64370
50, 17040, 16, 64370, 64370
50, 17050, 16, 64370, 64370
50, 17060, 16, 64370, 64370
50, 17070, 16, 64370, 64370
50, 17080, 16, 64370, 64370
50, 17090, 16, 64370, 64370
50, 17100, 16, 64370, 64370
50, 17110, 16, 64370, 64370
50, 17120, 16, 64370, 64370
50, 17130, 16, 64370, 64370
50, 17140, 16, 64370, 64370
50, 17150, 16, 64370, 64370
50, 17160, 16, 64370, 64370
50, 17170, 16, 64370, 64370
50, 17180, 16, 64370, 64370
50, 17190, 16, 64370, 64370
50, 17200, 16, 64254, 64370
50, 17210, 16, 64254, 64254
50, 17220, 16, 64254, 64254
50, 17230, 16, 64254, 64254
50, 17240, 16, 64254, 64254
50, 17250, 16, 64254, 64254
50, 17260, 16, 64254, 64254
50, 17270, 16, 64254, 64254
50, 17280, 16, 64254, 64254
50, 17290, 16, 64254, 64254
50, 17300, 16, 64254, 64254
50, 17310, 16, 64254, 64254
50, 17320, 16, 64254, 64254
50, 17330, 16, 64254, 64254
50, 17340, 16, 64254, 64254
50, 17350, 16, 64254, 64254
50, 17360, 16, 64254, 64254
50, 17370, 16, 64254, 64254
50, 17380, 16, 64254, 64254
50, 17390, 16, 64254, 64254
50, 17400, 16, 64254, 64254
50, 17410, 16, 64254, 64254
50, 17420, 16, 64254, 64254
50, 17430, 16, 64254, 64254
50, 17440, 16, 64154, 64154
50, 17450, 16, 64154, 64154
50, 17460, 16, 64123, 64154
50, 17470, 16, 64123, 64123
50, 17480, 16, 64075, 64075
50, 17490, 16, 64075, 64075
50, 17500, 16, 64075, 64075
50, 17510, 16, 64075, 64075
50, 17520, 16, 64075, 64075
50, 17530, 16, 64075, 64075
50, 17540, 16, 64075, 64075
50, 17550, 16, 64075, 64075
50, 17560, 16, 64075, 64075
50, 17570, 16, 64075, 64075
50, 17580, 16, 64075, 64075
50, 17590, 16, 64075, 64075
50, 17600, 16, 64075, 64075
50, 17610, 16, 64075, 64075
50, 17620, 16, 64075, 64075
50, 17630, 16, 64075, 64075
50, 17640, 16, 64075, 64075
50, 17650, 16, 64075, 64075
50, 17660, 16, 64075, 64075
50, 17670, 16, 64075, 64075
50, 17680, 16, 64075, 64075
50, 17690, 16, 64075, 64075
50, 17700, 16, 64075, 64075
50, 17710, 16, 64075, 64075
50, 17720, 16, 64075, 64075
50, 17730, 16, 64029, 64075
50, 17740, 16, 64029, 64029
50, 17750, 16, 64029, 64029
50, 17760, 16, 64029, 64029
50, 17770, 16, 64029, 64029
50, 17780, 16, 64029, 64029
50, 17790, 16, 64029, 64029
50, 17800, 16, 64029, 64029
50, 17810, 16, 64029, 64029
50, 17820, 16, 64029, 64029
50, 17830, 16, 64029, 64029
50, 17840, 16, 64029, 64029
50, 17850, 16, 64029, 64029
50, 17860, 16, 64029, 64029
50, 17870, 16, 64029, 64029
50, 17880, 16, 64029, 64029
50, 17890, 16, 64029, 64029
50, 17900, 16, 64029, 64029
50, 17910, 16, 64029, 64029
50, 17920, 16, 64029, 64029
50, 17930, 16, 64029, 64029
50, 17940, 16, 64029, 64029
50, 17950, 16, 64029, 64029
50, 17960, 16, 64029, 64029
50, 17970, 16, 64029, 64029
50, 17980, 16, 64029, 64029
50, 17990, 16, 64029, 64029
50, 18000, 16, 64015, 64029
50, 18010, 16, 64015, 64015
50, 18020, 16, 64015, 64015
50, 18030, 16, 64015, 64015
50, 18040, 16, 64015, 64015
50, 18050, 16, 64015, 64015
50, 18060, 16, 64015, 64015
50, 18070, 16, 64015, 64015
50, 18080, 16, 64015, 64015
50, 18090, 16, 64015, 64015
50, 18100, 16, 64015, 64015
50, 18110, 16, 64015, 64015
50, 18120, 16, 64015, 64015
50, 18130, 16, 64015, 64015
50, 18140, 16, 64015, 64015
50, 18150, 16, 64015, 64015
50, 18160, 16, 64015, 64015
50, 18170, 16, 64015, 64015
50, 18180, 16, 64015, 64015
50, 18190, 16, 64006, 64015
50, 18200, 16, 64006, 64006
50, 18210, 16, 64006, 64006
50, 18220, 16, 64006, 64006
50, 18230, 16, 64006, 64006
50, 18240, 16, 64006, 64006
50, 18250, 16, 64006, 64006
50, 18260, 16, 64006, 64006
50, 18270, 16, 64006, 64006
50, 18280, 16, 64006, 64006
50, 18290, 16, 64006, 64006
50, 18300, 16, 64006, 64006
50, 18310, 16, 64006, 64006
50, 18320, 16, 64006, 64006
50, 18330, 16, 64006, 64006
50, 18340, 16, 64006, 64006
50, 18350, 16, 64006, 64006
50, 18360, 16, 64006, 64006
50, 18370, 16, 64006, 64006
50, 18380, 16, 64006, 64006
50, 18390, 16, 64002, 64006
50, 18400, 16, 64002, 64002
50, 18410, 16, 64002, 64002
50, 18420, 16, 64002, 64002
50, 18430, 16, 64002, 64002
50, 18440, 16, 63981, 64002
50, 18450, 16, 63981, 63981
50, 18460, 16, 63981, 63981
50, 18470, 16, 63981, 63981
50, 18480, 16, 63981, 63981
50, 18490, 16, 63981, 63981
50, 18500, 16, 63981, 63981
50, 18510, 16, 63981, 63981
50, 18520, 16, 63981, 63981
50, 18530, 16, 63981, 63981
50, 18540, 16, 63981, 63981
50, 18550, 16, 63981, 63981
50, 18560, 16, 63981, 63981
50, 18570, 16, 63981, 63981
50, 18580, 16, 63941, 63941
50, 18590, 16, 63941, 63941
50, 18600, 16, 63941, 63941
50, 18610, 16, 63941, 63941
50, 18620, 16, 63941, 63941
50, 18630, 16, 63941, 63941
50, 18640, 16, 63941, 63941
50, 18650, 16, 63941, 63941
50, 18660, 16, 63941, 63941
50, 18670, 16, 63941, 63941
50, 18680, 16, 63941, 63941
50, 18690, 16, 63941, 63941
50, 18700, 16, 63941, 63941
50, 18710, 16, 63941, 63941
50, 18720, 16, 63804, 63941
50, 18730, 16, 63804, 63804
50, 18740, 16, 63738, 63738
50, 18750, 16, 63738, 63738
50, 18760, 16, 63738, 63738
50, 18770, 16, 63738, 63738
50, 18780, 16, 63738, 63738
50, 18790, 16, 63738, 63738
50, 18800, 16, 63738, 63738
50, 18810, 16, 63738, 63738
50, 18820, 16, 63738, 63738
50, 18830, 16, 63738, 63738
50, 18840, 16, 63738, 63738
50, 18850, 16, 63738, 63738
50, 18860, 16, 63738, 63738
50, 18870, 16, 63738, 63738
50, 18880, 16, 63738, 63738
50, 18890, 16, 63738, 63738
50, 18900, 16, 63738, 63738
50, 18910, 16, 63738, 63738
50, 18920, 16, 63738, 63738
50, 18930, 16, 63738, 63738
50, 18940, 16, 63738, 63738
50, 18950, 16, 63738, 63738
50, 18960, 16, 63738, 63738
50, 18970, 16, 63738, 63738
50, 18980, 16, 63738, 63738
50, 18990, 16, 63738, 63738
50, 19000, 16, 63738, 63738
50, 19010, 16, 63738, 63738
50, 19020, 16, 63738, 63738
50, 19030, 16, 63738, 63738
50, 19040, 16, 63738, 63738
50, 19050, 16, 63738, 63738
50, 19060, 16, 63738, 63738
50, 19070, 16, 63738, 63738
50, 19080, 16, 63738, 63738
50, 19090, 16, 63738, 63738
50, 19100, 16, 63738, 63738
50, 19110, 16, 63738, 63738
50, 19120, 16, 63738, 63738
50, 19130, 16, 63738, 63738
50, 19140, 16, 63738, 63738
50, 19150, 16, 63738, 63738
50, 19160, 16, 63738, 63738
50, 19170, 16, 63738, 63738
50, 19180, 16, 63738, 63738
50, 19190, 16, 63724, 63724
50, 19200, 16, 63724, 63724
50, 19210, 16, 63724, 63724
50, 19220, 16, 63724, 63724
50, 19230, 16, 63724, 63724
50, 19240, 16, 63724, 63724
50, 19250, 16, 63724, 63724
50, 19260, 16, 63665, 63724
50, 19270, 16, 63665, 63665
50, 19280, 16, 63665, 63665
50, 19290, 16, 63665, 63665
50, 19300, 16, 63665, 63665
50, 19310, 16, 63665, 63665
50, 19320, 16, 63665, 63665
50, 19330, 16, 63665, 63665
50, 19340, 16, 63665, 63665
50, 19350, 16, 63665, 63665
50, 19360, 16, 63665, 63665
50, 19370, 16, 63665, 63665
50, 19380, 16, 63665, 63665
50, 19390, 16, 63665, 63665
50, 19400, 16, 63665, 63665
50, 19410, 16, 63665, 63665
50, 19420, 16, 63665, 63665
50, 19430, 16, 63665, 63665
50, 19440, 16, 63665, 63665
50, 19450, 16, 63665, 63665
50, 19460, 16, 63665, 63665
50, 19470, 16, 63614, 63665
50, 19480, 16, 63614, 63614
50, 19490, 16, 63614, 63614
50, 19500, 16, 63614, 63614
50, 19510, 16, 63614, 63614
50, 19520, 16, 63614, 63614
50, 19530, 16, 63614, 63614
50, 19540, 16, 63614, 63614
50, 19550, 16, 63614, 63614
50, 19560, 16, 63614, 63614
50, 19570, 16, 63614, 63614
50, 19580, 16, 63614, 63614
50, 19590, 16, 63614, 63614
50, 19600, 16, 63614, 63614
50, 19610, 16, 63614, 63614
50, 19620, 16, 63614, 63614
50, 19630, 16, 63614, 63614
50, 19640, 16, 63614, 63614
50, 19650, 16, 63614, 63614
50, 19660, 16, 63614, 63614
50, 19670, 16, 63614, 63614
50, 19680, 16, 63614, 63614
50, 19690, 16, 63614, 63614
50, 19700, 16, 63614, 63614
50, 19710, 16, 63614, 63614
50, 19720, 16, 63614, 63614
50, 19730, 16, 63555, 63555
50, 19740, 16, 63555, 63555
50, 19750, 16, 63555, 63555
50, 19760, 16, 63555, 63555
50, 19770, 16, 63555, 63555
50, 19780, 16, 63555, 63555
50, 19790, 16, 63555, 63555
50, 19800, 16, 63555, 63555
50, 19810, 16, 63555, 63555
50, 19820, 16, 63555, 63555
50, 19830, 16, 63555, 63555
50, 19840, 16, 63555, 63555
50, 19850, 16, 63514, 63514
50, 19860, 16, 63514, 63514
50, 19870, 16, 63514, 63514
50, 19880, 16, 63514, 63514
50, 19890, 16, 63514, 63514
50, 19900, 16, 63514, 63514
50, 19910, 16, 63514, 63514
50, 19920, 16, 63514, 63514
50, 19930, 16, 63514, 63514
50, 19940, 16, 63514, 63514
50, 19950, 16, 63514, 63514
50, 19960, 16, 63514, 63514
50, 19970, 16, 63514, 63514
50, 19980, 16, 63514, 63514
50, 19990, 16, 63514, 63514
