Population Size, Generation Count, Repetition, Best Fitness, Median Fitness
50, 0, 26, 722440, 774277
50, 10, 26, 682184, 694908
50, 20, 26, 656841, 662494
50, 30, 26, 636342, 642689
50, 40, 26, 621242, 628388
50, 50, 26, 611251, 616541
50, 60, 26, 591180, 602196
50, 70, 26, 575856, 581408
50, 80, 26, 560288, 567645
50, 90, 26, 550179, 555824
50, 100, 26, 541126, 545414
50, 110, 26, 527580, 532971
50, 120, 26, 521179, 525855
50, 130, 26, 512224, 517559
50, 140, 26, 506609, 508634
50, 150, 26, 498854, 502103
50, 160, 26, 491268, 496954
50, 170, 26, 482786, 485209
50, 180, 26, 475953, 480112
50, 190, 26, 468895, 472604
50, 200, 26, 461545, 465915
50, 210, 26, 452302, 457736
50, 220, 26, 446826, 450747
50, 230, 26, 440861, 444730
50, 240, 26, 435060, 439542
50, 250, 26, 430753, 434341
50, 260, 26, 425540, 428474
50, 270, 26, 422201, 426350
50, 280, 26, 417548, 422550
50, 290, 26, 413810, 417911
50, 300, 26, 409745, 412378
50, 310, 26, 403713, 408558
50, 320, 26, 398241, 403455
50, 330, 26, 393409, 398467
50, 340, 26, 388402, 391440
50, 350, 26, 384336, 389197
50, 360, 26, 378811, 382722
50, 370, 26, 373861, 377927
50, 380, 26, 371618, 375168
50, 390, 26, 369406, 371622
50, 400, 26, 363881, 367755
50, 410, 26, 361244, 363454
50, 420, 26, 358333, 360869
50, 430, 26, 352922, 356901
50, 440, 26, 350555, 354397
50, 450, 26, 346701, 350592
50, 460, 26, 344088, 347686
50, 470, 26, 341215, 344838
50, 480, 26, 337764, 340701
50, 490, 26, 335197, 338617
50, 500, 26, 331438, 336752
50, 510, 26, 327486, 328783
50, 520, 26, 325751, 330400
50, 530, 26, 320384, 323994
50, 540, 26, 319358, 321413
50, 550, 26, 316942, 321634
50, 560, 26, 315124, 318521
50, 570, 26, 313193, 316512
50, 580, 26, 311151, 313184
50, 590, 26, 308565, 312386
50, 600, 26, 306339, 309628
50, 610, 26, 305198, 308455
50, 620, 26, 302485, 305527
50, 630, 26, 299312, 303122
50, 640, 26, 297013, 300481
50, 650, 26, 295451, 298079
50, 660, 26, 293365, 296455
50, 670, 26, 290148, 294396
50, 680, 26, 288772, 291358
50, 690, 26, 287953, 289932
50, 700, 26, 287318, 292193
50, 710, 26, 285379, 287352
50, 720, 26, 283606, 285668
50, 730, 26, 281029, 283883
50, 740, 26, 278667, 280699
50, 750, 26, 276489, 279239
50, 760, 26, 275561, 278093
50, 770, 26, 271864, 276192
50, 780, 26, 269574, 272846
50, 790, 26, 267954, 269695
50, 800, 26, 266949, 271083
50, 810, 26, 265144, 268733
50, 820, 26, 264325, 266529
50, 830, 26, 262613, 267121
50, 840, 26, 260626, 264650
50, 850, 26, 259636, 262606
50, 860, 26, 258053, 260776
50, 870, 26, 256834, 260370
50, 880, 26, 254975, 258195
50, 890, 26, 253823, 256560
50, 900, 26, 252741, 255314
50, 910, 26, 251875, 254857
50, 920, 26, 250722, 254433
50, 930, 26, 249784, 252004
50, 940, 26, 248260, 251127
50, 950, 26, 246848, 250103
50, 960, 26, 245455, 247963
50, 970, 26, 244447, 245685
50, 980, 26, 243343, 245808
50, 990, 26, 242340, 247389
50, 1000, 26, 241362, 243760
50, 1010, 26, 240928, 243863
50, 1020, 26, 240117, 243893
50, 1030, 26, 237008, 241248
50, 1040, 26, 235738, 239684
50, 1050, 26, 235112, 239500
50, 1060, 26, 232161, 236019
50, 1070, 26, 231756, 233808
50, 1080, 26, 230573, 232990
50, 1090, 26, 229417, 231978
50, 1100, 26, 228896, 230776
50, 1110, 26, 227775, 230477
50, 1120, 26, 226967, 229557
50, 1130, 26, 225286, 227525
50, 1140, 26, 224056, 227168
50, 1150, 26, 223043, 224334
50, 1160, 26, 222258, 224368
50, 1170, 26, 222015, 224986
50, 1180, 26, 220280, 224033
50, 1190, 26, 218371, 221650
50, 1200, 26, 217679, 218856
50, 1210, 26, 216258, 219839
50, 1220, 26, 214811, 218076
50, 1230, 26, 214364, 217496
50, 1240, 26, 212944, 215765
50, 1250, 26, 212482, 215457
50, 1260, 26, 211072, 213175
50, 1270, 26, 209864, 214065
50, 1280, 26, 209345, 212371
50, 1290, 26, 208398, 211802
50, 1300, 26, 207535, 209670
50, 1310, 26, 207305, 209417
50, 1320, 26, 206043, 209347
50, 1330, 26, 205318, 207545
50, 1340, 26, 204260, 206121
50, 1350, 26, 202817, 206128
50, 1360, 26, 202237, 206082
50, 1370, 26, 201686, 203787
50, 1380, 26, 201281, 203524
50, 1390, 26, 200767, 204247
50, 1400, 26, 200065, 202005
50, 1410, 26, 199723, 202705
50, 1420, 26, 198576, 201537
50, 1430, 26, 198222, 199797
50, 1440, 26, 197948, 201727
50, 1450, 26, 197695, 200078
50, 1460, 26, 196665, 200043
50, 1470, 26, 195715, 198231
50, 1480, 26, 195401, 197510
50, 1490, 26, 195115, 198154
50, 1500, 26, 194684, 197756
50, 1510, 26, 193754, 196822
50, 1520, 26, 193221, 195467
50, 1530, 26, 192717, 195656
50, 1540, 26, 192148, 195225
50, 1550, 26, 191541, 194805
50, 1560, 26, 190502, 191886
50, 1570, 26, 190015, 194198
50, 1580, 26, 188856, 191131
50, 1590, 26, 188274, 193929
50, 1600, 26, 187748, 190937
50, 1610, 26, 186444, 189246
50, 1620, 26, 185923, 188110
50, 1630, 26, 184789, 187383
50, 1640, 26, 183969, 186402
50, 1650, 26, 183051, 185397
50, 1660, 26, 182366, 183970
50, 1670, 26, 181377, 184824
50, 1680, 26, 180765, 183692
50, 1690, 26, 179914, 182770
50, 1700, 26, 179622, 182435
50, 1710, 26, 178433, 181722
50, 1720, 26, 177842, 180947
50, 1730, 26, 177128, 179564
50, 1740, 26, 176826, 179186
50, 1750, 26, 176155, 177941
50, 1760, 26, 176155, 178492
50, 1770, 26, 175778, 178882
50, 1780, 26, 175744, 179059
50, 1790, 26, 175616, 180181
50, 1800, 26, 175139, 177626
50, 1810, 26, 174311, 177012
50, 1820, 26, 173763, 177069
50, 1830, 26, 173168, 175327
50, 1840, 26, 172812, 176614
50, 1850, 26, 172655, 175547
50, 1860, 26, 171882, 173692
50, 1870, 26, 171722, 173201
50, 1880, 26, 170396, 172879
50, 1890, 26, 170396, 172132
50, 1900, 26, 169549, 171384
50, 1910, 26, 169179, 171383
50, 1920, 26, 168114, 169362
50, 1930, 26, 167128, 170725
50, 1940, 26, 165990, 169246
50, 1950, 26, 165990, 167764
50, 1960, 26, 165413, 166907
50, 1970, 26, 164351, 165930
50, 1980, 26, 163253, 168250
50, 1990, 26, 163146, 164826
50, 2000, 26, 162472, 165261
50, 2010, 26, 162271, 163739
50, 2020, 26, 162059, 166355
50, 2030, 26, 162059, 163301
50, 2040, 26, 161557, 162543
50, 2050, 26, 161040, 163799
50, 2060, 26, 160606, 162119
50, 2070, 26, 159814, 162331
50, 2080, 26, 159445, 162613
50, 2090, 26, 158995, 161341
50, 2100, 26, 158666, 160609
50, 2110, 26, 158267, 160937
50, 2120, 26, 158094, 161284
50, 2130, 26, 157042, 160111
50, 2140, 26, 156479, 160474
50, 2150, 26, 156479, 160143
50, 2160, 26, 156025, 158992
50, 2170, 26, 155306, 159027
50, 2180, 26, 154789, 157231
50, 2190, 26, 154249, 157238
50, 2200, 26, 153877, 155015
50, 2210, 26, 153300, 156183
50, 2220, 26, 152988, 155248
50, 2230, 26, 152705, 154448
50, 2240, 26, 152027, 153951
50, 2250, 26, 151827, 155257
50, 2260, 26, 151546, 153529
50, 2270, 26, 150971, 153566
50, 2280, 26, 150683, 153738
50, 2290, 26, 150491, 153624
50, 2300, 26, 149767, 151431
50, 2310, 26, 149546, 151694
50, 2320, 26, 148626, 149546
50, 2330, 26, 148538, 150146
50, 2340, 26, 147943, 150093
50, 2350, 26, 147943, 148797
50, 2360, 26, 147375, 150371
50, 2370, 26, 147035, 149691
50, 2380, 26, 146079, 147597
50, 2390, 26, 145409, 149464
50, 2400, 26, 144597, 146925
50, 2410, 26, 143472, 146476
50, 2420, 26, 143175, 144605
50, 2430, 26, 143121, 146120
50, 2440, 26, 142720, 143997
50, 2450, 26, 141986, 143703
50, 2460, 26, 141093, 143497
50, 2470, 26, 140552, 144784
50, 2480, 26, 140324, 142997
50, 2490, 26, 140324, 142012
50, 2500, 26, 140012, 143203
50, 2510, 26, 139730, 142127
50, 2520, 26, 138955, 141142
50, 2530, 26, 138886, 142048
50, 2540, 26, 138725, 143924
50, 2550, 26, 138373, 140045
50, 2560, 26, 137910, 140852
50, 2570, 26, 137191, 138404
50, 2580, 26, 136896, 142121
50, 2590, 26, 136417, 139127
50, 2600, 26, 136021, 137818
50, 2610, 26, 136007, 137389
50, 2620, 26, 135867, 137894
50, 2630, 26, 135754, 139304
50, 2640, 26, 134877, 137030
50, 2650, 26, 134258, 137770
50, 2660, 26, 134125, 135701
50, 2670, 26, 133784, 138111
50, 2680, 26, 133333, 134500
50, 2690, 26, 132813, 135797
50, 2700, 26, 132139, 135346
50, 2710, 26, 132139, 132717
50, 2720, 26, 131930, 134391
50, 2730, 26, 131482, 135237
50, 2740, 26, 130757, 132194
50, 2750, 26, 130757, 133549
50, 2760, 26, 130532, 133057
50, 2770, 26, 130438, 133452
50, 2780, 26, 130437, 132704
50, 2790, 26, 130235, 132874
50, 2800, 26, 130176, 133127
50, 2810, 26, 130092, 131609
50, 2820, 26, 130020, 134639
50, 2830, 26, 130020, 131673
50, 2840, 26, 129777, 130800
50, 2850, 26, 129777, 131316
50, 2860, 26, 129603, 130966
50, 2870, 26, 128944, 131141
50, 2880, 26, 128751, 131377
50, 2890, 26, 128526, 131641
50, 2900, 26, 128526, 130976
50, 2910, 26, 128227, 129775
50, 2920, 26, 128119, 130429
50, 2930, 26, 127936, 129095
50, 2940, 26, 127936, 130374
50, 2950, 26, 127757, 128689
50, 2960, 26, 127673, 130386
50, 2970, 26, 127247, 130567
50, 2980, 26, 126927, 128847
50, 2990, 26, 126872, 129082
50, 3000, 26, 126854, 130052
50, 3010, 26, 126654, 128670
50, 3020, 26, 126353, 129437
50, 3030, 26, 125999, 127224
50, 3040, 26, 125683, 128196
50, 3050, 26, 125667, 125724
50, 3060, 26, 125583, 126288
50, 3070, 26, 125378, 127013
50, 3080, 26, 125152, 126430
50, 3090, 26, 124768, 126049
50, 3100, 26, 124507, 125029
50, 3110, 26, 124191, 125937
50, 3120, 26, 123903, 126676
50, 3130, 26, 123370, 125507
50, 3140, 26, 123117, 126763
50, 3150, 26, 123033, 123117
50, 3160, 26, 122658, 125992
50, 3170, 26, 122442, 123162
50, 3180, 26, 122242, 124289
50, 3190, 26, 122181, 123820
50, 3200, 26, 121658, 123091
50, 3210, 26, 121658, 124389
50, 3220, 26, 121422, 126043
50, 3230, 26, 120618, 123257
50, 3240, 26, 120560, 121315
50, 3250, 26, 119880, 122937
50, 3260, 26, 119563, 122125
50, 3270, 26, 119302, 120907
50, 3280, 26, 119108, 120623
50, 3290, 26, 119034, 120651
50, 3300, 26, 118971, 120457
50, 3310, 26, 118880, 123829
50, 3320, 26, 118744, 121047
50, 3330, 26, 118234, 120493
50, 3340, 26, 118122, 120662
50, 3350, 26, 118085, 119954
50, 3360, 26, 118085, 120894
50, 3370, 26, 118003, 120018
50, 3380, 26, 116949, 119324
50, 3390, 26, 116826, 117976
50, 3400, 26, 116826, 119492
50, 3410, 26, 116341, 118739
50, 3420, 26, 115973, 118558
50, 3430, 26, 115495, 117644
50, 3440, 26, 115495, 117543
50, 3450, 26, 114195, 118316
50, 3460, 26, 114195, 115711
50, 3470, 26, 114157, 115889
50, 3480, 26, 113958, 116537
50, 3490, 26, 113902, 113954
50, 3500, 26, 112958, 115889
50, 3510, 26, 112837, 114032
50, 3520, 26, 112808, 115129
50, 3530, 26, 112619, 115573
50, 3540, 26, 112184, 114203
50, 3550, 26, 111887, 115674
50, 3560, 26, 111887, 115970
50, 3570, 26, 111836, 113833
50, 3580, 26, 111731, 114869
50, 3590, 26, 111665, 113890
50, 3600, 26, 111607, 113772
50, 3610, 26, 111285, 112483
50, 3620, 26, 111285, 113911
50, 3630, 26, 111091, 112642
50, 3640, 26, 110994, 112878
50, 3650, 26, 110994, 114429
50, 3660, 26, 110994, 113121
50, 3670, 26, 110994, 113252
50, 3680, 26, 110716, 113332
50, 3690, 26, 110458, 111751
50, 3700, 26, 110400, 112750
50, 3710, 26, 110300, 113502
50, 3720, 26, 110175, 113400
50, 3730, 26, 110175, 111705
50, 3740, 26, 110143, 112902
50, 3750, 26, 110143, 113280
50, 3760, 26, 110027, 111240
50, 3770, 26, 109565, 112590
50, 3780, 26, 109478, 110308
50, 3790, 26, 109073, 111764
50, 3800, 26, 108709, 109878
50, 3810, 26, 108689, 111866
50, 3820, 26, 108652, 112243
50, 3830, 26, 108652, 111462
50, 3840, 26, 108429, 109936
50, 3850, 26, 108065, 111189
50, 3860, 26, 107835, 110250
50, 3870, 26, 107516, 111084
50, 3880, 26, 107495, 111371
50, 3890, 26, 107468, 110913
50, 3900, 26, 107468, 110485
50, 3910, 26, 107439, 109430
50, 3920, 26, 107390, 108144
50, 3930, 26, 107328, 109870
50, 3940, 26, 106459, 110835
50, 3950, 26, 106335, 107781
50, 3960, 26, 106259, 107687
50, 3970, 26, 106259, 107488
50, 3980, 26, 106073, 107997
50, 3990, 26, 106073, 107569
50, 4000, 26, 105739, 106073
50, 4010, 26, 105386, 106840
50, 4020, 26, 104743, 108349
50, 4030, 26, 104743, 106098
50, 4040, 26, 104447, 106502
50, 4050, 26, 104272, 105125
50, 4060, 26, 104272, 106703
50, 4070, 26, 104049, 107572
50, 4080, 26, 104049, 106457
50, 4090, 26, 103848, 106813
50, 4100, 26, 103848, 105241
50, 4110, 26, 103758, 105549
50, 4120, 26, 103713, 105101
50, 4130, 26, 103517, 106618
50, 4140, 26, 103517, 105788
50, 4150, 26, 103517, 105873
50, 4160, 26, 103517, 106801
50, 4170, 26, 103440, 104876
50, 4180, 26, 103440, 106339
50, 4190, 26, 103440, 105860
50, 4200, 26, 103365, 103407
50, 4210, 26, 103246, 105226
50, 4220, 26, 103046, 103654
50, 4230, 26, 103046, 105185
50, 4240, 26, 102682, 103919
50, 4250, 26, 102651, 104851
50, 4260, 26, 102615, 104281
50, 4270, 26, 102550, 103563
50, 4280, 26, 102324, 103930
50, 4290, 26, 101816, 104033
50, 4300, 26, 101816, 104778
50, 4310, 26, 101755, 103081
50, 4320, 26, 101421, 103525
50, 4330, 26, 101421, 103189
50, 4340, 26, 101421, 103511
50, 4350, 26, 101367, 103592
50, 4360, 26, 101367, 103600
50, 4370, 26, 101283, 103557
50, 4380, 26, 101158, 104690
50, 4390, 26, 101158, 103463
50, 4400, 26, 100589, 101161
50, 4410, 26, 100310, 103138
50, 4420, 26, 100310, 102020
50, 4430, 26, 100310, 102876
50, 4440, 26, 99965, 101231
50, 4450, 26, 99851, 100764
50, 4460, 26, 99543, 101345
50, 4470, 26, 99543, 100316
50, 4480, 26, 99542, 100886
50, 4490, 26, 99525, 101946
50, 4500, 26, 99227, 102615
50, 4510, 26, 99227, 99350
50, 4520, 26, 99187, 101648
50, 4530, 26, 99187, 103591
50, 4540, 26, 99046, 100317
50, 4550, 26, 99046, 101406
50, 4560, 26, 98965, 101912
50, 4570, 26, 98958, 101922
50, 4580, 26, 98851, 98958
50, 4590, 26, 98851, 100912
50, 4600, 26, 98781, 101099
50, 4610, 26, 98760, 100420
50, 4620, 26, 98385, 100143
50, 4630, 26, 98385, 101027
50, 4640, 26, 97878, 99804
50, 4650, 26, 97878, 99847
50, 4660, 26, 97878, 99032
50, 4670, 26, 97663, 99465
50, 4680, 26, 97663, 99386
50, 4690, 26, 97601, 101082
50, 4700, 26, 97071, 97271
50, 4710, 26, 97071, 97271
50, 4720, 26, 97071, 98960
50, 4730, 26, 97071, 97614
50, 4740, 26, 97071, 100335
50, 4750, 26, 96944, 98865
50, 4760, 26, 96842, 99068
50, 4770, 26, 96747, 96842
50, 4780, 26, 96674, 96674
50, 4790, 26, 96651, 99296
50, 4800, 26, 96553, 96651
50, 4810, 26, 96553, 97040
50, 4820, 26, 96529, 97611
50, 4830, 26, 96430, 99675
50, 4840, 26, 96430, 96430
50, 4850, 26, 96429, 98091
50, 4860, 26, 96343, 99555
50, 4870, 26, 96343, 97670
50, 4880, 26, 96343, 99385
50, 4890, 26, 96310, 98249
50, 4900, 26, 96310, 97460
50, 4910, 26, 96310, 98582
50, 4920, 26, 96234, 98721
50, 4930, 26, 95956, 98254
50, 4940, 26, 95956, 97410
50, 4950, 26, 95956, 96917
50, 4960, 26, 95956, 98589
50, 4970, 26, 95956, 97150
50, 4980, 26, 95956, 99146
50, 4990, 26, 95956, 96912
50, 5000, 26, 95836, 99353
50, 5010, 26, 95836, 97634
50, 5020, 26, 95778, 97236
50, 5030, 26, 95778, 96376
50, 5040, 26, 95750, 98108
50, 5050, 26, 95750, 97721
50, 5060, 26, 95750, 98573
50, 5070, 26, 95750, 97080
50, 5080, 26, 95688, 98453
50, 5090, 26, 95688, 96851
50, 5100, 26, 95529, 99055
50, 5110, 26, 95511, 96899
50, 5120, 26, 95415, 98517
50, 5130, 26, 95415, 97140
50, 5140, 26, 95144, 97925
50, 5150, 26, 94700, 97425
50, 5160, 26, 94700, 96728
50, 5170, 26, 94487, 96763
50, 5180, 26, 94487, 94869
50, 5190, 26, 94487, 96726
50, 5200, 26, 94364, 95526
50, 5210, 26, 94364, 95988
50, 5220, 26, 94364, 96053
50, 5230, 26, 93897, 97482
50, 5240, 26, 93848, 94214
50, 5250, 26, 93790, 93921
50, 5260, 26, 93790, 96475
50, 5270, 26, 93635, 95878
50, 5280, 26, 93542, 95731
50, 5290, 26, 93542, 95122
50, 5300, 26, 93542, 95176
50, 5310, 26, 93542, 96179
50, 5320, 26, 93423, 96030
50, 5330, 26, 93223, 95069
50, 5340, 26, 93223, 93223
50, 5350, 26, 93223, 94557
50, 5360, 26, 93223, 95675
50, 5370, 26, 93205, 94402
50, 5380, 26, 93140, 95395
50, 5390, 26, 93105, 94169
50, 5400, 26, 92925, 93105
50, 5410, 26, 92811, 93966
50, 5420, 26, 92629, 94212
50, 5430, 26, 92611, 94572
50, 5440, 26, 92403, 94782
50, 5450, 26, 92119, 94785
50, 5460, 26, 92119, 92119
50, 5470, 26, 92119, 93034
50, 5480, 26, 92119, 94267
50, 5490, 26, 92119, 93765
50, 5500, 26, 92119, 93999
50, 5510, 26, 92046, 93266
50, 5520, 26, 92046, 92766
50, 5530, 26, 92017, 92046
50, 5540, 26, 92017, 94063
50, 5550, 26, 92017, 93012
50, 5560, 26, 92017, 94185
50, 5570, 26, 91493, 94085
50, 5580, 26, 91475, 94460
50, 5590, 26, 91192, 91834
50, 5600, 26, 91192, 91776
50, 5610, 26, 91192, 92038
50, 5620, 26, 91035, 91805
50, 5630, 26, 91031, 92839
50, 5640, 26, 91031, 93753
50, 5650, 26, 91023, 92487
50, 5660, 26, 91018, 93596
50, 5670, 26, 90978, 92662
50, 5680, 26, 90978, 91485
50, 5690, 26, 90831, 90831
50, 5700, 26, 90831, 93613
50, 5710, 26, 90831, 95137
50, 5720, 26, 90831, 90988
50, 5730, 26, 90725, 93242
50, 5740, 26, 90581, 90725
50, 5750, 26, 90581, 91928
50, 5760, 26, 90581, 91811
50, 5770, 26, 90499, 91530
50, 5780, 26, 90302, 92040
50, 5790, 26, 90302, 92660
50, 5800, 26, 90302, 90814
50, 5810, 26, 90269, 92608
50, 5820, 26, 90251, 91975
50, 5830, 26, 89805, 90269
50, 5840, 26, 89805, 92155
50, 5850, 26, 89742, 89805
50, 5860, 26, 89652, 92101
50, 5870, 26, 89481, 90121
50, 5880, 26, 89341, 90739
50, 5890, 26, 89341, 89532
50, 5900, 26, 89341, 89341
50, 5910, 26, 89283, 92037
50, 5920, 26, 89283, 89804
50, 5930, 26, 89283, 90983
50, 5940, 26, 89280, 92060
50, 5950, 26, 89280, 90632
50, 5960, 26, 88800, 89280
50, 5970, 26, 88800, 88800
50, 5980, 26, 88717, 88800
50, 5990, 26, 88717, 90569
50, 6000, 26, 88701, 88717
50, 6010, 26, 88701, 91090
50, 6020, 26, 88601, 90887
50, 6030, 26, 88601, 90107
50, 6040, 26, 88461, 91268
50, 6050, 26, 88400, 90172
50, 6060, 26, 88400, 90601
50, 6070, 26, 88400, 90584
50, 6080, 26, 88400, 89853
50, 6090, 26, 88200, 88200
50, 6100, 26, 88112, 88200
50, 6110, 26, 88055, 90273
50, 6120, 26, 88055, 89995
50, 6130, 26, 88055, 90224
50, 6140, 26, 87979, 88860
50, 6150, 26, 87979, 87979
50, 6160, 26, 87979, 87979
50, 6170, 26, 87979, 88418
50, 6180, 26, 87979, 90501
50, 6190, 26, 87640, 89996
50, 6200, 26, 87640, 90602
50, 6210, 26, 87498, 89131
50, 6220, 26, 87418, 90328
50, 6230, 26, 87418, 90107
50, 6240, 26, 87334, 87683
50, 6250, 26, 87215, 89651
50, 6260, 26, 87215, 89726
50, 6270, 26, 87051, 88214
50, 6280, 26, 87051, 87393
50, 6290, 26, 87041, 88048
50, 6300, 26, 86976, 88628
50, 6310, 26, 86976, 88082
50, 6320, 26, 86976, 88361
50, 6330, 26, 86976, 87538
50, 6340, 26, 86830, 86942
50, 6350, 26, 86830, 86830
50, 6360, 26, 86648, 86830
50, 6370, 26, 86648, 87205
50, 6380, 26, 86648, 87694
50, 6390, 26, 86630, 89029
50, 6400, 26, 86493, 88983
50, 6410, 26, 86328, 89030
50, 6420, 26, 86205, 86328
50, 6430, 26, 86205, 88235
50, 6440, 26, 86205, 88527
50, 6450, 26, 86205, 88169
50, 6460, 26, 86081, 86205
50, 6470, 26, 86081, 87481
50, 6480, 26, 86081, 86081
50, 6490, 26, 86081, 88561
50, 6500, 26, 85906, 86901
50, 6510, 26, 85906, 89342
50, 6520, 26, 85906, 87530
50, 6530, 26, 85906, 86820
50, 6540, 26, 85622, 86088
50, 6550, 26, 85622, 86970
50, 6560, 26, 85622, 87415
50, 6570, 26, 85556, 86556
50, 6580, 26, 85515, 86271
50, 6590, 26, 85515, 85515
50, 6600, 26, 85515, 87101
50, 6610, 26, 85246, 88260
50, 6620, 26, 85246, 85940
50, 6630, 26, 85246, 85246
50, 6640, 26, 85246, 88492
50, 6650, 26, 85045, 86558
50, 6660, 26, 84921, 85010
50, 6670, 26, 84772, 86282
50, 6680, 26, 84772, 86156
50, 6690, 26, 84772, 87209
50, 6700, 26, 84757, 85948
50, 6710, 26, 84521, 85976
50, 6720, 26, 84521, 85637
50, 6730, 26, 84281, 84521
50, 6740, 26, 84150, 84567
50, 6750, 26, 84126, 86135
50, 6760, 26, 84126, 84126
50, 6770, 26, 84126, 84126
50, 6780, 26, 84126, 84126
50, 6790, 26, 84126, 85877
50, 6800, 26, 84126, 86549
50, 6810, 26, 84126, 85497
50, 6820, 26, 84126, 84126
50, 6830, 26, 84057, 85995
50, 6840, 26, 84057, 85677
50, 6850, 26, 83768, 83774
50, 6860, 26, 83534, 83768
50, 6870, 26, 83531, 83534
50, 6880, 26, 83435, 85925
50, 6890, 26, 83389, 84926
50, 6900, 26, 83389, 83389
50, 6910, 26, 83389, 86245
50, 6920, 26, 83389, 83389
50, 6930, 26, 83389, 84278
50, 6940, 26, 83389, 83389
50, 6950, 26, 83389, 86137
50, 6960, 26, 83389, 85234
50, 6970, 26, 83389, 85739
50, 6980, 26, 83328, 86227
50, 6990, 26, 83328, 85748
50, 7000, 26, 83248, 83910
50, 7010, 26, 83248, 83680
50, 7020, 26, 82617, 83248
50, 7030, 26, 82617, 85280
50, 7040, 26, 82617, 84815
50, 7050, 26, 82617, 83490
50, 7060, 26, 82617, 83509
50, 7070, 26, 82475, 84657
50, 7080, 26, 82475, 84555
50, 7090, 26, 82475, 84307
50, 7100, 26, 82475, 85817
50, 7110, 26, 82375, 82475
50, 7120, 26, 82313, 83875
50, 7130, 26, 82269, 83399
50, 7140, 26, 81963, 82806
50, 7150, 26, 81963, 81963
50, 7160, 26, 81963, 81963
50, 7170, 26, 81963, 81963
50, 7180, 26, 81963, 83815
50, 7190, 26, 81963, 81963
50, 7200, 26, 81963, 83940
50, 7210, 26, 81963, 85807
50, 7220, 26, 81963, 81963
50, 7230, 26, 81850, 84338
50, 7240, 26, 81850, 81850
50, 7250, 26, 81806, 84329
50, 7260, 26, 81806, 85165
50, 7270, 26, 81803, 83801
50, 7280, 26, 81786, 81803
50, 7290, 26, 81786, 82273
50, 7300, 26, 81786, 81786
50, 7310, 26, 81786, 82168
50, 7320, 26, 81671, 81786
50, 7330, 26, 81671, 82003
50, 7340, 26, 81547, 82910
50, 7350, 26, 81547, 82679
50, 7360, 26, 81547, 81547
50, 7370, 26, 81547, 81547
50, 7380, 26, 81525, 82724
50, 7390, 26, 81525, 82643
50, 7400, 26, 81525, 83288
50, 7410, 26, 81525, 82719
50, 7420, 26, 81433, 86277
50, 7430, 26, 81433, 83234
50, 7440, 26, 81433, 81433
50, 7450, 26, 81433, 81433
50, 7460, 26, 81433, 83136
50, 7470, 26, 81433, 81433
50, 7480, 26, 81311, 81433
50, 7490, 26, 81297, 81311
50, 7500, 26, 81297, 82555
50, 7510, 26, 81072, 81243
50, 7520, 26, 80913, 81182
50, 7530, 26, 80913, 80913
50, 7540, 26, 80913, 81249
50, 7550, 26, 80913, 82753
50, 7560, 26, 80913, 80913
50, 7570, 26, 80913, 83183
50, 7580, 26, 80913, 80913
50, 7590, 26, 80849, 81449
50, 7600, 26, 80849, 80849
50, 7610, 26, 80789, 82879
50, 7620, 26, 80789, 80789
50, 7630, 26, 80789, 85407
50, 7640, 26, 80789, 84720
50, 7650, 26, 80789, 81675
50, 7660, 26, 80781, 81709
50, 7670, 26, 80781, 81782
50, 7680, 26, 80781, 83621
50, 7690, 26, 80708, 82709
50, 7700, 26, 80603, 81234
50, 7710, 26, 80603, 80603
50, 7720, 26, 80291, 80794
50, 7730, 26, 80231, 81050
50, 7740, 26, 80231, 80245
50, 7750, 26, 80015, 81213
50, 7760, 26, 80015, 81582
50, 7770, 26, 80015, 80015
50, 7780, 26, 80015, 80955
50, 7790, 26, 80015, 80015
50, 7800, 26, 80015, 81021
50, 7810, 26, 80015, 80015
50, 7820, 26, 80015, 81537
50, 7830, 26, 79876, 81062
50, 7840, 26, 79876, 81411
50, 7850, 26, 79876, 79876
50, 7860, 26, 79759, 79876
50, 7870, 26, 79759, 79759
50, 7880, 26, 79759, 81429
50, 7890, 26, 79646, 83416
50, 7900, 26, 79536, 79646
50, 7910, 26, 79536, 79935
50, 7920, 26, 79536, 80606
50, 7930, 26, 79536, 79536
50, 7940, 26, 79536, 82299
50, 7950, 26, 79536, 79536
50, 7960, 26, 79536, 81136
50, 7970, 26, 79526, 81395
50, 7980, 26, 79526, 80934
50, 7990, 26, 79526, 81232
50, 8000, 26, 79526, 80894
50, 8010, 26, 79526, 79526
50, 8020, 26, 79526, 79526
50, 8030, 26, 79526, 79526
50, 8040, 26, 79467, 79526
50, 8050, 26, 79467, 79467
50, 8060, 26, 79409, 81019
50, 8070, 26, 79409, 81452
50, 8080, 26, 79409, 79409
50, 8090, 26, 79409, 79495
50, 8100, 26, 79409, 79409
50, 8110, 26, 79409, 79409
50, 8120, 26, 79409, 80409
50, 8130, 26, 79409, 79550
50, 8140, 26, 78966, 79409
50, 8150, 26, 78966, 81389
50, 8160, 26, 78966, 79073
50, 8170, 26, 78856, 80842
50, 8180, 26, 78781, 81672
50, 8190, 26, 78781, 78781
50, 8200, 26, 78781, 78781
50, 8210, 26, 78781, 80922
50, 8220, 26, 78781, 79836
50, 8230, 26, 78781, 79163
50, 8240, 26, 78781, 81683
50, 8250, 26, 78769, 78769
50, 8260, 26, 78710, 81092
50, 8270, 26, 78634, 78710
50, 8280, 26, 78634, 78634
50, 8290, 26, 78517, 81299
50, 8300, 26, 78517, 78517
50, 8310, 26, 78448, 80485
50, 8320, 26, 78248, 78448
50, 8330, 26, 78048, 78312
50, 8340, 26, 77920, 78519
50, 8350, 26, 77819, 78225
50, 8360, 26, 77619, 78335
50, 8370, 26, 77569, 78428
50, 8380, 26, 77569, 77569
50, 8390, 26, 77569, 78055
50, 8400, 26, 77518, 78540
50, 8410, 26, 77518, 79759
50, 8420, 26, 77494, 77518
50, 8430, 26, 77357, 77494
50, 8440, 26, 77357, 77357
50, 8450, 26, 77235, 77357
50, 8460, 26, 77235, 77235
50, 8470, 26, 77235, 77235
50, 8480, 26, 77212, 80338
50, 8490, 26, 77165, 79034
50, 8500, 26, 77165, 80669
50, 8510, 26, 77112, 78147
50, 8520, 26, 77112, 77690
50, 8530, 26, 77112, 77112
50, 8540, 26, 77112, 77112
50, 8550, 26, 77112, 78866
50, 8560, 26, 77112, 78142
50, 8570, 26, 77112, 77112
50, 8580, 26, 77112, 79397
50, 8590, 26, 76956, 79319
50, 8600, 26, 76956, 76956
50, 8610, 26, 76750, 77015
50, 8620, 26, 76750, 76750
50, 8630, 26, 76750, 76750
50, 8640, 26, 76606, 76750
50, 8650, 26, 76606, 77320
50, 8660, 26, 76596, 76606
50, 8670, 26, 76596, 78850
50, 8680, 26, 76140, 76596
50, 8690, 26, 76140, 77387
50, 8700, 26, 76084, 76140
50, 8710, 26, 75979, 75979
50, 8720, 26, 75933, 77979
50, 8730, 26, 75933, 78266
50, 8740, 26, 75933, 78380
50, 8750, 26, 75933, 77158
50, 8760, 26, 75933, 77019
50, 8770, 26, 75933, 75933
50, 8780, 26, 75933, 77167
50, 8790, 26, 75933, 75933
50, 8800, 26, 75875, 75933
50, 8810, 26, 75875, 75875
50, 8820, 26, 75824, 75824
50, 8830, 26, 75824, 76640
50, 8840, 26, 75824, 75824
50, 8850, 26, 75824, 75824
50, 8860, 26, 75824, 75824
50, 8870, 26, 75824, 76754
50, 8880, 26, 75764, 75764
50, 8890, 26, 75764, 76180
50, 8900, 26, 75629, 75785
50, 8910, 26, 75629, 75629
50, 8920, 26, 75629, 75629
50, 8930, 26, 75629, 75629
50, 8940, 26, 75629, 75971
50, 8950, 26, 75451, 77061
50, 8960, 26, 75438, 77559
50, 8970, 26, 75438, 77420
50, 8980, 26, 75438, 75438
50, 8990, 26, 75438, 77193
50, 9000, 26, 75438, 76337
50, 9010, 26, 75438, 75438
50, 9020, 26, 75264, 75264
50, 9030, 26, 75264, 75264
50, 9040, 26, 75264, 75264
50, 9050, 26, 75239, 76680
50, 9060, 26, 75239, 76846
50, 9070, 26, 75239, 77660
50, 9080, 26, 75239, 76645
50, 9090, 26, 75239, 76879
50, 9100, 26, 75239, 75239
50, 9110, 26, 75239, 77619
50, 9120, 26, 75239, 75239
50, 9130, 26, 75239, 75239
50, 9140, 26, 75239, 75239
50, 9150, 26, 75100, 76423
50, 9160, 26, 75100, 75100
50, 9170, 26, 75100, 75100
50, 9180, 26, 75100, 75100
50, 9190, 26, 74921, 76132
50, 9200, 26, 74824, 74921
50, 9210, 26, 74824, 76909
50, 9220, 26, 74824, 75298
50, 9230, 26, 74745, 74824
50, 9240, 26, 74745, 74745
50, 9250, 26, 74721, 74745
50, 9260, 26, 74683, 74721
50, 9270, 26, 74683, 74758
50, 9280, 26, 74645, 74683
50, 9290, 26, 74645, 74645
50, 9300, 26, 74570, 74857
50, 9310, 26, 74446, 74446
50, 9320, 26, 74446, 76657
50, 9330, 26, 74446, 74446
50, 9340, 26, 74446, 74446
50, 9350, 26, 74263, 74371
50, 9360, 26, 74263, 75394
50, 9370, 26, 74070, 74878
50, 9380, 26, 74070, 76653
50, 9390, 26, 74027, 74070
50, 9400, 26, 74027, 74027
50, 9410, 26, 74027, 74027
50, 9420, 26, 74027, 74027
50, 9430, 26, 74027, 74027
50, 9440, 26, 74027, 74027
50, 9450, 26, 74027, 74189
50, 9460, 26, 74027, 75926
50, 9470, 26, 74027, 74027
50, 9480, 26, 74027, 74027
50, 9490, 26, 74017, 74027
50, 9500, 26, 74017, 74017
50, 9510, 26, 74017, 74017
50, 9520, 26, 74017, 74017
50, 9530, 26, 74017, 74017
50, 9540, 26, 73930, 74017
50, 9550, 26, 73930, 73930
50, 9560, 26, 73930, 73930
50, 9570, 26, 73930, 73930
50, 9580, 26, 73930, 73930
50, 9590, 26, 73930, 73930
50, 9600, 26, 73930, 73930
50, 9610, 26, 73730, 73747
50, 9620, 26, 73730, 76173
50, 9630, 26, 73702, 73702
50, 9640, 26, 73702, 73702
50, 9650, 26, 73702, 73702
50, 9660, 26, 73691, 73691
50, 9670, 26, 73691, 73691
50, 9680, 26, 73691, 73691
50, 9690, 26, 73398, 75958
50, 9700, 26, 73398, 73398
50, 9710, 26, 73398, 73398
50, 9720, 26, 73259, 73398
50, 9730, 26, 73259, 73259
50, 9740, 26, 73200, 73200
50, 9750, 26, 73159, 73159
50, 9760, 26, 73159, 73159
50, 9770, 26, 73159, 73159
50, 9780, 26, 73159, 73159
50, 9790, 26, 73127, 73159
50, 9800, 26, 73127, 73127
50, 9810, 26, 73127, 73127
50, 9820, 26, 73127, 75570
50, 9830, 26, 73127, 73127
50, 9840, 26, 73127, 73127
50, 9850, 26, 73027, 74791
50, 9860, 26, 73027, 73027
50, 9870, 26, 73027, 74359
50, 9880, 26, 72933, 73027
50, 9890, 26, 72915, 72933
50, 9900, 26, 72904, 72915
50, 9910, 26, 72904, 72904
50, 9920, 26, 72904, 72904
50, 9930, 26, 72836, 72836
50, 9940, 26, 72836, 72911
50, 9950, 26, 72836, 72836
50, 9960, 26, 72836, 74096
50, 9970, 26, 72836, 73507
50, 9980, 26, 72836, 72836
50, 9990, 26, 72836, 73604
50, 10000, 26, 72836, 72836
50, 10010, 26, 72836, 73819
50, 10020, 26, 72533, 72733
50, 10030, 26, 72533, 72593
50, 10040, 26, 72450, 72450
50, 10050, 26, 72409, 74832
50, 10060, 26, 72409, 72409
50, 10070, 26, 72409, 72409
50, 10080, 26, 72409, 72409
50, 10090, 26, 72409, 72409
50, 10100, 26, 72409, 73805
50, 10110, 26, 72409, 73837
50, 10120, 26, 72409, 72409
50, 10130, 26, 72373, 72409
50, 10140, 26, 72333, 72373
50, 10150, 26, 72333, 72333
50, 10160, 26, 72315, 72333
50, 10170, 26, 72315, 73921
50, 10180, 26, 72315, 72315
50, 10190, 26, 72315, 72315
50, 10200, 26, 72315, 72420
50, 10210, 26, 72315, 72315
50, 10220, 26, 72315, 72315
50, 10230, 26, 72315, 72315
50, 10240, 26, 72254, 72315
50, 10250, 26, 72254, 72254
50, 10260, 26, 72178, 72254
50, 10270, 26, 72117, 72299
50, 10280, 26, 72117, 72117
50, 10290, 26, 72117, 72117
50, 10300, 26, 72117, 72117
50, 10310, 26, 72117, 72117
50, 10320, 26, 72117, 72117
50, 10330, 26, 72117, 72117
50, 10340, 26, 72117, 72117
50, 10350, 26, 72117, 72117
50, 10360, 26, 72117, 72117
50, 10370, 26, 72117, 72117
50, 10380, 26, 72058, 72117
50, 10390, 26, 72058, 72058
50, 10400, 26, 72058, 72058
50, 10410, 26, 72058, 72058
50, 10420, 26, 72058, 72058
50, 10430, 26, 71909, 72058
50, 10440, 26, 71909, 71909
50, 10450, 26, 71909, 73623
50, 10460, 26, 71768, 71909
50, 10470, 26, 71768, 71768
50, 10480, 26, 71768, 71768
50, 10490, 26, 71768, 73292
50, 10500, 26, 71768, 71768
50, 10510, 26, 71680, 72645
50, 10520, 26, 71563, 71563
50, 10530, 26, 71479, 71563
50, 10540, 26, 71479, 71479
50, 10550, 26, 71479, 73350
50, 10560, 26, 71479, 71479
50, 10570, 26, 71342, 72199
50, 10580, 26, 70837, 71121
50, 10590, 26, 70837, 70837
50, 10600, 26, 70837, 71549
50, 10610, 26, 70837, 72697
50, 10620, 26, 70837, 70837
50, 10630, 26, 70837, 70837
50, 10640, 26, 70837, 70837
50, 10650, 26, 70837, 72159
50, 10660, 26, 70837, 70837
50, 10670, 26, 70837, 72650
50, 10680, 26, 70837, 70837
50, 10690, 26, 70819, 70819
50, 10700, 26, 70819, 70819
50, 10710, 26, 70700, 70819
50, 10720, 26, 70700, 70700
50, 10730, 26, 70693, 70700
50, 10740, 26, 70693, 70693
50, 10750, 26, 70569, 71980
50, 10760, 26, 70566, 70569
50, 10770, 26, 70566, 70566
50, 10780, 26, 70366, 70566
50, 10790, 26, 70366, 70900
50, 10800, 26, 70366, 70366
50, 10810, 26, 70357, 71389
50, 10820, 26, 70357, 70357
50, 10830, 26, 70357, 70357
50, 10840, 26, 70357, 70357
50, 10850, 26, 70357, 70357
50, 10860, 26, 70357, 70638
50, 10870, 26, 70357, 71660
50, 10880, 26, 70332, 70357
50, 10890, 26, 70332, 70332
50, 10900, 26, 70232, 70232
50, 10910, 26, 70056, 70232
50, 10920, 26, 70056, 70056
50, 10930, 26, 70015, 70015
50, 10940, 26, 70015, 70015
50, 10950, 26, 70015, 70015
50, 10960, 26, 69975, 69975
50, 10970, 26, 69975, 69975
50, 10980, 26, 69691, 69975
50, 10990, 26, 69691, 69691
50, 11000, 26, 69691, 69691
50, 11010, 26, 69691, 69691
50, 11020, 26, 69691, 70007
50, 11030, 26, 69691, 69691
50, 11040, 26, 69608, 70803
50, 11050, 26, 69608, 69608
50, 11060, 26, 69608, 69608
50, 11070, 26, 69608, 69608
50, 11080, 26, 69608, 69608
50, 11090, 26, 69608, 69755
50, 11100, 26, 69608, 69608
50, 11110, 26, 69608, 69608
50, 11120, 26, 69466, 69608
50, 11130, 26, 69466, 69466
50, 11140, 26, 69347, 69466
50, 11150, 26, 68989, 69347
50, 11160, 26, 68989, 68989
50, 11170, 26, 68989, 68989
50, 11180, 26, 68989, 68989
50, 11190, 26, 68989, 68989
50, 11200, 26, 68989, 68989
50, 11210, 26, 68989, 68989
50, 11220, 26, 68989, 68989
50, 11230, 26, 68931, 68931
50, 11240, 26, 68931, 68931
50, 11250, 26, 68931, 70612
50, 11260, 26, 68931, 69072
50, 11270, 26, 68931, 68931
50, 11280, 26, 68931, 71169
50, 11290, 26, 68931, 68931
50, 11300, 26, 68931, 68931
50, 11310, 26, 68931, 68931
50, 11320, 26, 68931, 68931
50, 11330, 26, 68848, 68931
50, 11340, 26, 68848, 68848
50, 11350, 26, 68848, 68848
50, 11360, 26, 68848, 69513
50, 11370, 26, 68848, 68848
50, 11380, 26, 68848, 68848
50, 11390, 26, 68848, 69557
50, 11400, 26, 68848, 68848
50, 11410, 26, 68848, 68848
50, 11420, 26, 68726, 68848
50, 11430, 26, 68726, 68726
50, 11440, 26, 68726, 68726
50, 11450, 26, 68726, 68726
50, 11460, 26, 68725, 68726
50, 11470, 26, 68725, 68725
50, 11480, 26, 68666, 68725
50, 11490, 26, 68666, 68666
50, 11500, 26, 68666, 70363
50, 11510, 26, 68666, 68666
50, 11520, 26, 68666, 68666
50, 11530, 26, 68666, 69750
50, 11540, 26, 68666, 68666
50, 11550, 26, 68666, 70098
50, 11560, 26, 68666, 68666
50, 11570, 26, 68666, 68666
50, 11580, 26, 68666, 69938
50, 11590, 26, 68666, 68666
50, 11600, 26, 68666, 68666
50, 11610, 26, 68608, 68608
50, 11620, 26, 68608, 69326
50, 11630, 26, 68608, 68608
50, 11640, 26, 68608, 68608
50, 11650, 26, 68608, 68608
50, 11660, 26, 68549, 68608
50, 11670, 26, 68549, 68549
50, 11680, 26, 68549, 68549
50, 11690, 26, 68549, 68549
50, 11700, 26, 68549, 68549
50, 11710, 26, 68465, 68998
50, 11720, 26, 68465, 68465
50, 11730, 26, 68465, 68465
50, 11740, 26, 68405, 68465
50, 11750, 26, 68405, 68405
50, 11760, 26, 68405, 68405
50, 11770, 26, 68405, 68405
50, 11780, 26, 68405, 68405
50, 11790, 26, 68405, 68405
50, 11800, 26, 68405, 68405
50, 11810, 26, 68405, 68405
50, 11820, 26, 68399, 68405
50, 11830, 26, 68399, 69341
50, 11840, 26, 68399, 69096
50, 11850, 26, 68399, 68399
50, 11860, 26, 68399, 68399
50, 11870, 26, 68399, 68681
50, 11880, 26, 68399, 70651
50, 11890, 26, 68399, 68399
50, 11900, 26, 68399, 68399
50, 11910, 26, 68399, 68399
50, 11920, 26, 68399, 68399
50, 11930, 26, 68390, 68390
50, 11940, 26, 68390, 68390
50, 11950, 26, 68356, 68356
50, 11960, 26, 68356, 69897
50, 11970, 26, 68356, 68356
50, 11980, 26, 68356, 68356
50, 11990, 26, 68356, 68356
50, 12000, 26, 68356, 68356
50, 12010, 26, 68356, 68356
50, 12020, 26, 68296, 68356
50, 12030, 26, 68296, 68296
50, 12040, 26, 68296, 69142
50, 12050, 26, 68296, 68296
50, 12060, 26, 68296, 68296
50, 12070, 26, 68296, 68296
50, 12080, 26, 68296, 68296
50, 12090, 26, 68296, 68296
50, 12100, 26, 68296, 68296
50, 12110, 26, 68296, 68296
50, 12120, 26, 68296, 68296
50, 12130, 26, 68296, 68296
50, 12140, 26, 68296, 68296
50, 12150, 26, 68244, 68296
50, 12160, 26, 68162, 68162
50, 12170, 26, 68162, 68162
50, 12180, 26, 68162, 68162
50, 12190, 26, 68162, 68162
50, 12200, 26, 68162, 68162
50, 12210, 26, 68162, 68162
50, 12220, 26, 68162, 68162
50, 12230, 26, 68162, 68162
50, 12240, 26, 68162, 68162
50, 12250, 26, 68048, 68048
50, 12260, 26, 68048, 68048
50, 12270, 26, 68048, 68048
50, 12280, 26, 68048, 68048
50, 12290, 26, 68048, 68048
50, 12300, 26, 68048, 68048
50, 12310, 26, 68048, 68048
50, 12320, 26, 68048, 68107
50, 12330, 26, 68048, 68763
50, 12340, 26, 68048, 68048
50, 12350, 26, 68048, 68048
50, 12360, 26, 68048, 68048
50, 12370, 26, 68048, 68048
50, 12380, 26, 68048, 68048
50, 12390, 26, 68048, 68048
50, 12400, 26, 68048, 68048
50, 12410, 26, 68048, 68048
50, 12420, 26, 68048, 68048
50, 12430, 26, 68048, 68048
50, 12440, 26, 68048, 68425
50, 12450, 26, 68048, 68048
50, 12460, 26, 68048, 68048
50, 12470, 26, 67887, 68028
50, 12480, 26, 67887, 67887
50, 12490, 26, 67887, 67887
50, 12500, 26, 67887, 67887
50, 12510, 26, 67887, 68063
50, 12520, 26, 67887, 68287
50, 12530, 26, 67887, 67887
50, 12540, 26, 67887, 67887
50, 12550, 26, 67887, 67887
50, 12560, 26, 67887, 67887
50, 12570, 26, 67887, 67887
50, 12580, 26, 67810, 67810
50, 12590, 26, 67810, 67810
50, 12600, 26, 67810, 67810
50, 12610, 26, 67810, 67810
50, 12620, 26, 67810, 67810
50, 12630, 26, 67810, 67810
50, 12640, 26, 67810, 67810
50, 12650, 26, 67810, 67810
50, 12660, 26, 67810, 67810
50, 12670, 26, 67792, 67792
50, 12680, 26, 67792, 67792
50, 12690, 26, 67792, 67792
50, 12700, 26, 67792, 67792
50, 12710, 26, 67792, 67792
50, 12720, 26, 67713, 67792
50, 12730, 26, 67713, 67713
50, 12740, 26, 67713, 67713
50, 12750, 26, 67713, 67713
50, 12760, 26, 67713, 67713
50, 12770, 26, 67713, 67713
50, 12780, 26, 67713, 67713
50, 12790, 26, 67713, 70661
50, 12800, 26, 67713, 67713
50, 12810, 26, 67713, 67713
50, 12820, 26, 67713, 67713
50, 12830, 26, 67713, 67713
50, 12840, 26, 67713, 67713
50, 12850, 26, 67713, 67713
50, 12860, 26, 67713, 67713
50, 12870, 26, 67713, 67713
50, 12880, 26, 67713, 67713
50, 12890, 26, 67713, 68468
50, 12900, 26, 67713, 67713
50, 12910, 26, 67713, 67713
50, 12920, 26, 67713, 67713
50, 12930, 26, 67713, 67713
50, 12940, 26, 67713, 67713
50, 12950, 26, 67713, 68482
50, 12960, 26, 67713, 67713
50, 12970, 26, 67713, 67713
50, 12980, 26, 67713, 67713
50, 12990, 26, 67713, 67713
50, 13000, 26, 67713, 67713
50, 13010, 26, 67713, 67713
50, 13020, 26, 67713, 67713
50, 13030, 26, 67713, 67713
50, 13040, 26, 67571, 68113
50, 13050, 26, 67571, 67571
50, 13060, 26, 67489, 67571
50, 13070, 26, 67314, 67448
50, 13080, 26, 67314, 67314
50, 13090, 26, 67314, 68104
50, 13100, 26, 67314, 67314
50, 13110, 26, 67314, 67314
50, 13120, 26, 67314, 67314
50, 13130, 26, 67314, 68119
50, 13140, 26, 67314, 67314
50, 13150, 26, 67314, 67314
50, 13160, 26, 67314, 67314
50, 13170, 26, 67314, 67314
50, 13180, 26, 67314, 67314
50, 13190, 26, 67314, 67314
50, 13200, 26, 67314, 67314
50, 13210, 26, 67314, 67314
50, 13220, 26, 67314, 67314
50, 13230, 26, 67314, 67314
50, 13240, 26, 67314, 68130
50, 13250, 26, 67314, 67314
50, 13260, 26, 67314, 67314
50, 13270, 26, 67314, 67314
50, 13280, 26, 67314, 67314
50, 13290, 26, 67314, 67314
50, 13300, 26, 67273, 67273
50, 13310, 26, 67273, 67273
50, 13320, 26, 67273, 67273
50, 13330, 26, 67273, 67273
50, 13340, 26, 67273, 67273
50, 13350, 26, 67273, 67273
50, 13360, 26, 67273, 67273
50, 13370, 26, 67273, 67273
50, 13380, 26, 67273, 67273
50, 13390, 26, 67273, 67273
50, 13400, 26, 67216, 67273
50, 13410, 26, 67216, 67216
50, 13420, 26, 67216, 67216
50, 13430, 26, 67216, 67216
50, 13440, 26, 67216, 67216
50, 13450, 26, 67155, 67155
50, 13460, 26, 67155, 67155
50, 13470, 26, 67155, 67155
50, 13480, 26, 67155, 67155
50, 13490, 26, 67155, 67155
50, 13500, 26, 67155, 67155
50, 13510, 26, 67155, 67155
50, 13520, 26, 67155, 67155
50, 13530, 26, 67155, 67362
50, 13540, 26, 67155, 67155
50, 13550, 26, 67141, 67155
50, 13560, 26, 67141, 67141
50, 13570, 26, 67141, 67141
50, 13580, 26, 67141, 67141
50, 13590, 26, 67141, 67141
50, 13600, 26, 67141, 67141
50, 13610, 26, 67141, 67141
50, 13620, 26, 67141, 67141
50, 13630, 26, 67141, 67141
50, 13640, 26, 67141, 67141
50, 13650, 26, 67141, 67141
50, 13660, 26, 67141, 67141
50, 13670, 26, 67141, 67141
50, 13680, 26, 67141, 67141
50, 13690, 26, 67141, 67141
50, 13700, 26, 67141, 67141
50, 13710, 26, 67141, 67141
50, 13720, 26, 67141, 67141
50, 13730, 26, 67141, 67141
50, 13740, 26, 67141, 67141
50, 13750, 26, 67141, 67141
50, 13760, 26, 67043, 67141
50, 13770, 26, 67043, 67043
50, 13780, 26, 67043, 67043
50, 13790, 26, 67043, 67043
50, 13800, 26, 67043, 67043
50, 13810, 26, 66782, 66782
50, 13820, 26, 66782, 66782
50, 13830, 26, 66668, 66782
50, 13840, 26, 66668, 66668
50, 13850, 26, 66668, 67882
50, 13860, 26, 66668, 66668
50, 13870, 26, 66668, 66668
50, 13880, 26, 66668, 66668
50, 13890, 26, 66668, 66668
50, 13900, 26, 66668, 66668
50, 13910, 26, 66668, 66668
50, 13920, 26, 66668, 66668
50, 13930, 26, 66668, 66668
50, 13940, 26, 66668, 66668
50, 13950, 26, 66668, 66668
50, 13960, 26, 66668, 66668
50, 13970, 26, 66668, 66668
50, 13980, 26, 66668, 66668
50, 13990, 26, 66668, 66668
50, 14000, 26, 66668, 66668
50, 14010, 26, 66668, 66668
50, 14020, 26, 66668, 66668
50, 14030, 26, 66668, 66668
50, 14040, 26, 66668, 66668
50, 14050, 26, 66581, 66668
50, 14060, 26, 66581, 66581
50, 14070, 26, 66556, 67969
50, 14080, 26, 66556, 66556
50, 14090, 26, 66498, 66498
50, 14100, 26, 66498, 66498
50, 14110, 26, 66498, 66498
50, 14120, 26, 66407, 66498
50, 14130, 26, 66407, 66407
50, 14140, 26, 66407, 66407
50, 14150, 26, 66407, 66407
50, 14160, 26, 66407, 66407
50, 14170, 26, 66407, 66407
50, 14180, 26, 66407, 66407
50, 14190, 26, 66407, 66407
50, 14200, 26, 66407, 66407
50, 14210, 26, 66407, 66407
50, 14220, 26, 66407, 66407
50, 14230, 26, 66407, 66407
50, 14240, 26, 66407, 66407
50, 14250, 26, 66407, 66407
50, 14260, 26, 66407, 66407
50, 14270, 26, 66407, 66407
50, 14280, 26, 66407, 66407
50, 14290, 26, 66407, 66407
50, 14300, 26, 66407, 66407
50, 14310, 26, 66407, 66407
50, 14320, 26, 66389, 66389
50, 14330, 26, 66389, 66530
50, 14340, 26, 66389, 66389
50, 14350, 26, 66389, 66389
50, 14360, 26, 66389, 66389
50, 14370, 26, 66389, 66389
50, 14380, 26, 66389, 66389
50, 14390, 26, 66302, 66389
50, 14400, 26, 66302, 66302
50, 14410, 26, 66302, 66302
50, 14420, 26, 66243, 66302
50, 14430, 26, 66243, 66243
50, 14440, 26, 66243, 66243
50, 14450, 26, 66243, 66243
50, 14460, 26, 66243, 66243
50, 14470, 26, 66243, 66243
50, 14480, 26, 66243, 66243
50, 14490, 26, 66243, 66243
50, 14500, 26, 66243, 66243
50, 14510, 26, 66184, 66243
50, 14520, 26, 66184, 66184
50, 14530, 26, 66184, 66184
50, 14540, 26, 66184, 66184
50, 14550, 26, 66184, 67614
50, 14560, 26, 66184, 66184
50, 14570, 26, 66184, 66184
50, 14580, 26, 66155, 66155
50, 14590, 26, 66155, 66155
50, 14600, 26, 66155, 66155
50, 14610, 26, 66155, 66155
50, 14620, 26, 66155, 66155
50, 14630, 26, 66155, 66155
50, 14640, 26, 66155, 66155
50, 14650, 26, 66155, 66155
50, 14660, 26, 66126, 66155
50, 14670, 26, 66126, 66126
50, 14680, 26, 66126, 66126
50, 14690, 26, 66126, 66126
50, 14700, 26, 66126, 66126
50, 14710, 26, 66126, 66126
50, 14720, 26, 66126, 66126
50, 14730, 26, 66008, 66008
50, 14740, 26, 65992, 65992
50, 14750, 26, 65992, 65992
50, 14760, 26, 65992, 65992
50, 14770, 26, 65992, 65992
50, 14780, 26, 65992, 65992
50, 14790, 26, 65992, 65992
50, 14800, 26, 65992, 65992
50, 14810, 26, 65992, 65992
50, 14820, 26, 65992, 65992
50, 14830, 26, 65992, 65992
50, 14840, 26, 65992, 65992
50, 14850, 26, 65992, 65992
50, 14860, 26, 65865, 65865
50, 14870, 26, 65865, 65865
50, 14880, 26, 65806, 65865
50, 14890, 26, 65806, 67160
50, 14900, 26, 65806, 65806
50, 14910, 26, 65806, 65806
50, 14920, 26, 65806, 67318
50, 14930, 26, 65716, 65806
50, 14940, 26, 65716, 65716
50, 14950, 26, 65716, 65716
50, 14960, 26, 65716, 65716
50, 14970, 26, 65716, 65716
50, 14980, 26, 65716, 65716
50, 14990, 26, 65592, 65716
50, 15000, 26, 65592, 65592
50, 15010, 26, 65592, 65592
50, 15020, 26, 65592, 65592
50, 15030, 26, 65592, 65592
50, 15040, 26, 65592, 65592
50, 15050, 26, 65592, 65592
50, 15060, 26, 65592, 65592
50, 15070, 26, 65592, 65592
50, 15080, 26, 65592, 65592
50, 15090, 26, 65592, 65592
50, 15100, 26, 65592, 65592
50, 15110, 26, 65592, 65592
50, 15120, 26, 65592, 65592
50, 15130, 26, 65588, 65592
50, 15140, 26, 65588, 65588
50, 15150, 26, 65588, 65588
50, 15160, 26, 65588, 65588
50, 15170, 26, 65570, 65588
50, 15180, 26, 65570, 65570
50, 15190, 26, 65570, 65570
50, 15200, 26, 65570, 65570
50, 15210, 26, 65570, 65570
50, 15220, 26, 65570, 65570
50, 15230, 26, 65570, 65570
50, 15240, 26, 65570, 65570
50, 15250, 26, 65570, 65570
50, 15260, 26, 65570, 65570
50, 15270, 26, 65570, 65570
50, 15280, 26, 65570, 65570
50, 15290, 26, 65570, 65570
50, 15300, 26, 65570, 65570
50, 15310, 26, 65495, 65495
50, 15320, 26, 65443, 65443
50, 15330, 26, 65443, 65443
50, 15340, 26, 65443, 65443
50, 15350, 26, 65443, 65443
50, 15360, 26, 65443, 65443
50, 15370, 26, 65421, 65421
50, 15380, 26, 65421, 65421
50, 15390, 26, 65421, 65421
50, 15400, 26, 65421, 65421
50, 15410, 26, 65421, 65421
50, 15420, 26, 65421, 65421
50, 15430, 26, 65421, 65421
50, 15440, 26, 65421, 65421
50, 15450, 26, 65421, 65421
50, 15460, 26, 65421, 65421
50, 15470, 26, 65421, 65421
50, 15480, 26, 65421, 65421
50, 15490, 26, 65421, 65421
50, 15500, 26, 65324, 65349
50, 15510, 26, 65324, 65324
50, 15520, 26, 65324, 65324
50, 15530, 26, 65324, 65324
50, 15540, 26, 65324, 65324
50, 15550, 26, 65091, 65324
50, 15560, 26, 65091, 65091
50, 15570, 26, 65091, 65091
50, 15580, 26, 65091, 65091
50, 15590, 26, 65091, 65091
50, 15600, 26, 65091, 65091
50, 15610, 26, 65091, 65091
50, 15620, 26, 65091, 65091
50, 15630, 26, 65091, 65091
50, 15640, 26, 65091, 65091
50, 15650, 26, 65091, 65091
50, 15660, 26, 65008, 65091
50, 15670, 26, 65008, 65008
50, 15680, 26, 65008, 65008
50, 15690, 26, 65008, 65008
50, 15700, 26, 65008, 65008
50, 15710, 26, 65008, 65008
50, 15720, 26, 65008, 65008
50, 15730, 26, 65008, 65008
50, 15740, 26, 64877, 64920
50, 15750, 26, 64877, 64877
50, 15760, 26, 64877, 64877
50, 15770, 26, 64877, 64877
50, 15780, 26, 64877, 64877
50, 15790, 26, 64877, 64877
50, 15800, 26, 64877, 64877
50, 15810, 26, 64877, 64877
50, 15820, 26, 64877, 64877
50, 15830, 26, 64877, 64877
50, 15840, 26, 64877, 64877
50, 15850, 26, 64877, 64877
50, 15860, 26, 64705, 64705
50, 15870, 26, 64705, 64705
50, 15880, 26, 64564, 64705
50, 15890, 26, 64564, 64564
50, 15900, 26, 64564, 64564
50, 15910, 26, 64564, 64564
50, 15920, 26, 64564, 64564
50, 15930, 26, 64564, 64564
50, 15940, 26, 64564, 64564
50, 15950, 26, 64564, 64564
50, 15960, 26, 64382, 64382
50, 15970, 26, 64382, 64382
50, 15980, 26, 64349, 64349
50, 15990, 26, 64349, 64349
50, 16000, 26, 64331, 64349
50, 16010, 26, 64331, 64331
50, 16020, 26, 64331, 64331
50, 16030, 26, 64331, 64331
50, 16040, 26, 64331, 64331
50, 16050, 26, 64329, 64329
50, 16060, 26, 64329, 64329
50, 16070, 26, 64329, 64329
50, 16080, 26, 64329, 64329
50, 16090, 26, 64329, 64329
50, 16100, 26, 64329, 64329
50, 16110, 26, 64329, 64329
50, 16120, 26, 64329, 64329
50, 16130, 26, 64329, 64329
50, 16140, 26, 64329, 64329
50, 16150, 26, 64329, 64329
50, 16160, 26, 64329, 64329
50, 16170, 26, 64329, 64329
50, 16180, 26, 64329, 64329
50, 16190, 26, 64329, 64329
50, 16200, 26, 64329, 64329
50, 16210, 26, 64329, 64329
50, 16220, 26, 64329, 64329
50, 16230, 26, 64329, 64329
50, 16240, 26, 64329, 64329
50, 16250, 26, 64329, 64329
50, 16260, 26, 64329, 64329
50, 16270, 26, 64329, 64329
50, 16280, 26, 64329, 64329
50, 16290, 26, 64329, 64329
50, 16300, 26, 64329, 64329
50, 16310, 26, 64329, 64329
50, 16320, 26, 64329, 64329
50, 16330, 26, 64329, 64329
50, 16340, 26, 64329, 64329
50, 16350, 26, 64329, 64329
50, 16360, 26, 64329, 64329
50, 16370, 26, 64329, 64329
50, 16380, 26, 64329, 64329
50, 16390, 26, 64329, 64329
50, 16400, 26, 64329, 64329
50, 16410, 26, 64329, 64329
50, 16420, 26, 64329, 64329
50, 16430, 26, 64329, 64329
50, 16440, 26, 64329, 64329
50, 16450, 26, 64329, 64329
50, 16460, 26, 64329, 64329
50, 16470, 26, 64329, 64329
50, 16480, 26, 64329, 64329
50, 16490, 26, 64252, 64329
50, 16500, 26, 64252, 64252
50, 16510, 26, 64252, 64252
50, 16520, 26, 64252, 64252
50, 16530, 26, 64252, 64252
50, 16540, 26, 64241, 64252
50, 16550, 26, 64241, 64241
50, 16560, 26, 64241, 64241
50, 16570, 26, 64200, 64241
50, 16580, 26, 64200, 64200
50, 16590, 26, 64200, 64200
50, 16600, 26, 64200, 64200
50, 16610, 26, 64200, 64200
50, 16620, 26, 64200, 64200
50, 16630, 26, 64200, 64200
50, 16640, 26, 64200, 64200
50, 16650, 26, 64200, 64200
50, 16660, 26, 64200, 64200
50, 16670, 26, 64200, 64200
50, 16680, 26, 64200, 64200
50, 16690, 26, 64200, 64200
50, 16700, 26, 64200, 64200
50, 16710, 26, 64200, 64200
50, 16720, 26, 64200, 64200
50, 16730, 26, 64137, 64200
50, 16740, 26, 64137, 64137
50, 16750, 26, 64137, 64137
50, 16760, 26, 64137, 64137
50, 16770, 26, 64074, 64137
50, 16780, 26, 64045, 64074
50, 16790, 26, 64045, 64045
50, 16800, 26, 64045, 64045
50, 16810, 26, 64045, 64045
50, 16820, 26, 64045, 64045
50, 16830, 26, 64045, 64045
50, 16840, 26, 64045, 64045
50, 16850, 26, 64045, 64045
50, 16860, 26, 64045, 64045
50, 16870, 26, 64045, 64045
50, 16880, 26, 64045, 64045
50, 16890, 26, 64045, 64045
50, 16900, 26, 64045, 64045
50, 16910, 26, 64045, 64045
50, 16920, 26, 64045, 64045
50, 16930, 26, 64045, 64045
50, 16940, 26, 64045, 64045
50, 16950, 26, 64045, 64045
50, 16960, 26, 64045, 64045
50, 16970, 26, 64045, 64045
50, 16980, 26, 64045, 64045
50, 16990, 26, 64045, 64045
50, 17000, 26, 64045, 64045
50, 17010, 26, 64045, 64045
50, 17020, 26, 64045, 64045
50, 17030, 26, 64045, 64045
50, 17040, 26, 64045, 64045
50, 17050, 26, 64045, 64045
50, 17060, 26, 64045, 64045
50, 17070, 26, 64045, 64045
50, 17080, 26, 64045, 64045
50, 17090, 26, 64045, 64045
50, 17100, 26, 64045, 64045
50, 17110, 26, 64045, 64045
50, 17120, 26, 64045, 64045
50, 17130, 26, 64045, 64045
50, 17140, 26, 64045, 64045
50, 17150, 26, 64045, 64045
50, 17160, 26, 63907, 63992
50, 17170, 26, 63854, 63854
50, 17180, 26, 63854, 63854
50, 17190, 26, 63854, 63854
50, 17200, 26, 63854, 63854
50, 17210, 26, 63854, 63854
50, 17220, 26, 63854, 63854
50, 17230, 26, 63854, 63854
50, 17240, 26, 63854, 63854
50, 17250, 26, 63681, 63854
50, 17260, 26, 63681, 63681
50, 17270, 26, 63681, 63681
50, 17280, 26, 63681, 63681
50, 17290, 26, 63681, 63681
50, 17300, 26, 63681, 63681
50, 17310, 26, 63681, 63681
50, 17320, 26, 63681, 63681
50, 17330, 26, 63681, 63681
50, 17340, 26, 63681, 63681
50, 17350, 26, 63681, 63681
50, 17360, 26, 63681, 63681
50, 17370, 26, 63681, 63681
50, 17380, 26, 63681, 63681
50, 17390, 26, 63681, 63681
50, 17400, 26, 63681, 63681
50, 17410, 26, 63681, 63681
50, 17420, 26, 63681, 63681
50, 17430, 26, 63681, 63681
50, 17440, 26, 63628, 63681
50, 17450, 26, 63628, 63628
50, 17460, 26, 63447, 63447
50, 17470, 26, 63447, 63447
50, 17480, 26, 63447, 63447
50, 17490, 26, 63447, 63447
50, 17500, 26, 63447, 63447
50, 17510, 26, 63447, 63447
50, 17520, 26, 63447, 63447
50, 17530, 26, 63447, 63447
50, 17540, 26, 63447, 63447
50, 17550, 26, 63447, 63447
50, 17560, 26, 63417, 63447
50, 17570, 26, 63417, 63417
50, 17580, 26, 63417, 63417
50, 17590, 26, 63417, 63417
50, 17600, 26, 63417, 63417
50, 17610, 26, 63417, 63417
50, 17620, 26, 63334, 63417
50, 17630, 26, 63334, 63334
50, 17640, 26, 63334, 63334
50, 17650, 26, 63334, 63334
50, 17660, 26, 63334, 63334
50, 17670, 26, 63334, 63334
50, 17680, 26, 63334, 63334
50, 17690, 26, 63334, 63334
50, 17700, 26, 63334, 63334
50, 17710, 26, 63334, 63334
50, 17720, 26, 63334, 63334
50, 17730, 26, 63334, 63334
50, 17740, 26, 63334, 63334
50, 17750, 26, 63252, 63252
50, 17760, 26, 63252, 63252
50, 17770, 26, 63252, 63252
50, 17780, 26, 63252, 63252
50, 17790, 26, 63252, 63252
50, 17800, 26, 63252, 63252
50, 17810, 26, 63252, 63252
50, 17820, 26, 63128, 63252
50, 17830, 26, 63128, 63128
50, 17840, 26, 63128, 63128
50, 17850, 26, 63128, 63128
50, 17860, 26, 63128, 63128
50, 17870, 26, 63128, 63128
50, 17880, 26, 63128, 63128
50, 17890, 26, 63128, 63128
50, 17900, 26, 63128, 63128
50, 17910, 26, 63128, 63128
50, 17920, 26, 63128, 63128
50, 17930, 26, 63128, 63128
50, 17940, 26, 63128, 63128
50, 17950, 26, 63128, 63128
50, 17960, 26, 63128, 63128
50, 17970, 26, 63128, 63128
50, 17980, 26, 63128, 63128
50, 17990, 26, 63128, 63128
50, 18000, 26, 63128, 63128
50, 18010, 26, 63128, 63128
50, 18020, 26, 63128, 63128
50, 18030, 26, 63128, 63128
50, 18040, 26, 63128, 63128
50, 18050, 26, 63110, 63110
50, 18060, 26, 63110, 63110
50, 18070, 26, 63110, 63110
50, 18080, 26, 63068, 63110
50, 18090, 26, 63068, 63068
50, 18100, 26, 63068, 63068
50, 18110, 26, 63068, 63068
50, 18120, 26, 63068, 63068
50, 18130, 26, 63068, 63068
50, 18140, 26, 63068, 63068
50, 18150, 26, 63068, 63068
50, 18160, 26, 63068, 63068
50, 18170, 26, 63068, 63068
50, 18180, 26, 63068, 63068
50, 18190, 26, 63068, 63068
50, 18200, 26, 63068, 63068
50, 18210, 26, 63068, 63068
50, 18220, 26, 63068, 63068
50, 18230, 26, 63068, 63068
50, 18240, 26, 63068, 63068
50, 18250, 26, 63068, 63068
50, 18260, 26, 63068, 63068
50, 18270, 26, 63068, 63068
50, 18280, 26, 63068, 63068
50, 18290, 26, 63068, 63068
50, 18300, 26, 63068, 63068
50, 18310, 26, 63068, 63068
50, 18320, 26, 63068, 63068
50, 18330, 26, 63068, 63068
50, 18340, 26, 63068, 63068
50, 18350, 26, 63068, 63068
50, 18360, 26, 63068, 63068
50, 18370, 26, 63068, 63068
50, 18380, 26, 63068, 63068
50, 18390, 26, 63068, 63068
50, 18400, 26, 63068, 63068
50, 18410, 26, 63068, 63068
50, 18420, 26, 63068, 63068
50, 18430, 26, 63068, 63068
50, 18440, 26, 63068, 63068
50, 18450, 26, 63068, 63068
50, 18460, 26, 63068, 63068
50, 18470, 26, 63068, 63068
50, 18480, 26, 63068, 63068
50, 18490, 26, 63068, 63068
50, 18500, 26, 63068, 63068
50, 18510, 26, 63068, 63068
50, 18520, 26, 63068, 63068
50, 18530, 26, 63068, 63068
50, 18540, 26, 63068, 63068
50, 18550, 26, 63068, 63068
50, 18560, 26, 63068, 63068
50, 18570, 26, 63010, 63010
50, 18580, 26, 63010, 63010
50, 18590, 26, 63010, 63010
50, 18600, 26, 62810, 62810
50, 18610, 26, 62810, 62810
50, 18620, 26, 62810, 62810
50, 18630, 26, 62810, 62810
50, 18640, 26, 62810, 62810
50, 18650, 26, 62810, 62810
50, 18660, 26, 62810, 62810
50, 18670, 26, 62810, 62810
50, 18680, 26, 62810, 62810
50, 18690, 26, 62810, 62810
50, 18700, 26, 62810, 62810
50, 18710, 26, 62810, 62810
50, 18720, 26, 62810, 62810
50, 18730, 26, 62810, 62810
50, 18740, 26, 62810, 62810
50, 18750, 26, 62810, 62810
50, 18760, 26, 62810, 62810
50, 18770, 26, 62810, 62810
50, 18780, 26, 62810, 62810
50, 18790, 26, 62810, 62810
50, 18800, 26, 62810, 62810
50, 18810, 26, 62810, 62810
50, 18820, 26, 62810, 62810
50, 18830, 26, 62810, 62810
50, 18840, 26, 62810, 62810
50, 18850, 26, 62810, 62810
50, 18860, 26, 62810, 62810
50, 18870, 26, 62810, 62810
50, 18880, 26, 62810, 62810
50, 18890, 26, 62810, 62810
50, 18900, 26, 62810, 62810
50, 18910, 26, 62810, 62810
50, 18920, 26, 62810, 62810
50, 18930, 26, 62810, 62810
50, 18940, 26, 62810, 62810
50, 18950, 26, 62810, 62810
50, 18960, 26, 62810, 62810
50, 18970, 26, 62810, 62810
50, 18980, 26, 62810, 62810
50, 18990, 26, 62810, 62810
50, 19000, 26, 62810, 62810
50, 19010, 26, 62810, 62810
50, 19020, 26, 62810, 62810
50, 19030, 26, 62810, 62810
50, 19040, 26, 62810, 62810
50, 19050, 26, 62810, 62810
50, 19060, 26, 62810, 62810
50, 19070, 26, 62810, 62810
50, 19080, 26, 62810, 62810
50, 19090, 26, 62810, 62810
50, 19100, 26, 62810, 62810
50, 19110, 26, 62810, 62810
50, 19120, 26, 62810, 62810
50, 19130, 26, 62810, 62810
50, 19140, 26, 62810, 62810
50, 19150, 26, 62810, 62810
50, 19160, 26, 62810, 62810
50, 19170, 26, 62810, 62810
50, 19180, 26, 62810, 62810
50, 19190, 26, 62810, 62810
50, 19200, 26, 62810, 62810
50, 19210, 26, 62810, 62810
50, 19220, 26, 62810, 62810
50, 19230, 26, 62810, 62810
50, 19240, 26, 62810, 62810
50, 19250, 26, 62810, 62810
50, 19260, 26, 62810, 62810
50, 19270, 26, 62810, 62810
50, 19280, 26, 62810, 62810
50, 19290, 26, 62810, 62810
50, 19300, 26, 62810, 62810
50, 19310, 26, 62810, 62810
50, 19320, 26, 62810, 62810
50, 19330, 26, 62810, 62810
50, 19340, 26, 62810, 62810
50, 19350, 26, 62810, 62810
50, 19360, 26, 62810, 62810
50, 19370, 26, 62810, 62810
50, 19380, 26, 62810, 62810
50, 19390, 26, 62810, 62810
50, 19400, 26, 62810, 62810
50, 19410, 26, 62810, 62810
50, 19420, 26, 62810, 62810
50, 19430, 26, 62810, 62810
50, 19440, 26, 62810, 62810
50, 19450, 26, 62810, 62810
50, 19460, 26, 62810, 62810
50, 19470, 26, 62810, 62810
50, 19480, 26, 62810, 62810
50, 19490, 26, 62810, 62810
50, 19500, 26, 62810, 62810
50, 19510, 26, 62810, 62810
50, 19520, 26, 62810, 62810
50, 19530, 26, 62810, 62810
50, 19540, 26, 62810, 62810
50, 19550, 26, 62810, 62810
50, 19560, 26, 62810, 62810
50, 19570, 26, 62727, 62810
50, 19580, 26, 62727, 62727
50, 19590, 26, 62727, 62727
50, 19600, 26, 62727, 62727
50, 19610, 26, 62727, 62727
50, 19620, 26, 62727, 62727
50, 19630, 26, 62727, 62727
50, 19640, 26, 62727, 62727
50, 19650, 26, 62727, 62727
50, 19660, 26, 62727, 62727
50, 19670, 26, 62727, 62727
50, 19680, 26, 62727, 62727
50, 19690, 26, 62727, 62727
50, 19700, 26, 62727, 62727
50, 19710, 26, 62727, 62727
50, 19720, 26, 62727, 62727
50, 19730, 26, 62727, 62727
50, 19740, 26, 62727, 62727
50, 19750, 26, 62727, 62727
50, 19760, 26, 62727, 62727
50, 19770, 26, 62727, 62727
50, 19780, 26, 62727, 62727
50, 19790, 26, 62727, 62727
50, 19800, 26, 62727, 62727
50, 19810, 26, 62693, 62727
50, 19820, 26, 62693, 62693
50, 19830, 26, 62693, 62693
50, 19840, 26, 62652, 62693
50, 19850, 26, 62652, 62652
50, 19860, 26, 62652, 62652
50, 19870, 26, 62652, 62652
50, 19880, 26, 62652, 62652
50, 19890, 26, 62652, 62652
50, 19900, 26, 62652, 62652
50, 19910, 26, 62652, 62652
50, 19920, 26, 62652, 62652
50, 19930, 26, 62652, 62652
50, 19940, 26, 62652, 62652
50, 19950, 26, 62652, 62652
50, 19960, 26, 62652, 62652
50, 19970, 26, 62652, 62652
50, 19980, 26, 62652, 62652
50, 19990, 26, 62652, 62652
