Population Size, Generation Count, Repetition, Best Fitness, Median Fitness
100, 0, 16, 744446, 769524
100, 10, 16, 689813, 698358
100, 20, 16, 658867, 671023
100, 30, 16, 640165, 649065
100, 40, 16, 622359, 629567
100, 50, 16, 600573, 608636
100, 60, 16, 576563, 585772
100, 70, 16, 563134, 566115
100, 80, 16, 551148, 556012
100, 90, 16, 539265, 544988
100, 100, 16, 530591, 534775
100, 110, 16, 520350, 524784
100, 120, 16, 513380, 516472
100, 130, 16, 502838, 506689
100, 140, 16, 491075, 495596
100, 150, 16, 481364, 487037
100, 160, 16, 475607, 480783
100, 170, 16, 466718, 473073
100, 180, 16, 458416, 463229
100, 190, 16, 450008, 454859
100, 200, 16, 442586, 448085
100, 210, 16, 435102, 440449
100, 220, 16, 429329, 434566
100, 230, 16, 424085, 427757
100, 240, 16, 417850, 422699
100, 250, 16, 413501, 417252
100, 260, 16, 406957, 412060
100, 270, 16, 401794, 404609
100, 280, 16, 397570, 400507
100, 290, 16, 390306, 395156
100, 300, 16, 384116, 389513
100, 310, 16, 380139, 382983
100, 320, 16, 375342, 378860
100, 330, 16, 371149, 374608
100, 340, 16, 366145, 371174
100, 350, 16, 362669, 367636
100, 360, 16, 360039, 363071
100, 370, 16, 356320, 360331
100, 380, 16, 352393, 355655
100, 390, 16, 349571, 353033
100, 400, 16, 346293, 350512
100, 410, 16, 342673, 346293
100, 420, 16, 338917, 341206
100, 430, 16, 334475, 338246
100, 440, 16, 331319, 334609
100, 450, 16, 328152, 331701
100, 460, 16, 325582, 328865
100, 470, 16, 322742, 326525
100, 480, 16, 319440, 323953
100, 490, 16, 317857, 320078
100, 500, 16, 313005, 316830
100, 510, 16, 308078, 312310
100, 520, 16, 305811, 309067
100, 530, 16, 305000, 307816
100, 540, 16, 302110, 305631
100, 550, 16, 301113, 303743
100, 560, 16, 298664, 303431
100, 570, 16, 296752, 299611
100, 580, 16, 293724, 297315
100, 590, 16, 289932, 294800
100, 600, 16, 287469, 291287
100, 610, 16, 285283, 288582
100, 620, 16, 283443, 286880
100, 630, 16, 281521, 283581
100, 640, 16, 279781, 281595
100, 650, 16, 277932, 280939
100, 660, 16, 275550, 279894
100, 670, 16, 274177, 276396
100, 680, 16, 272825, 275222
100, 690, 16, 271368, 274300
100, 700, 16, 269703, 273331
100, 710, 16, 268957, 270261
100, 720, 16, 267288, 270662
100, 730, 16, 266719, 270252
100, 740, 16, 264030, 268518
100, 750, 16, 261863, 264856
100, 760, 16, 260414, 264182
100, 770, 16, 258827, 261830
100, 780, 16, 255904, 259628
100, 790, 16, 254925, 258404
100, 800, 16, 253784, 256090
100, 810, 16, 251350, 255423
100, 820, 16, 249724, 252478
100, 830, 16, 247949, 251389
100, 840, 16, 246008, 249922
100, 850, 16, 243980, 246504
100, 860, 16, 240939, 245567
100, 870, 16, 240731, 244140
100, 880, 16, 238249, 242596
100, 890, 16, 236866, 240585
100, 900, 16, 234700, 239034
100, 910, 16, 232792, 236600
100, 920, 16, 231445, 235069
100, 930, 16, 230868, 232800
100, 940, 16, 227921, 231594
100, 950, 16, 227199, 229407
100, 960, 16, 225468, 228932
100, 970, 16, 224051, 227704
100, 980, 16, 222428, 225721
100, 990, 16, 221437, 224820
100, 1000, 16, 220390, 223307
100, 1010, 16, 219682, 222375
100, 1020, 16, 218215, 221760
100, 1030, 16, 217907, 221657
100, 1040, 16, 216540, 219489
100, 1050, 16, 215779, 219348
100, 1060, 16, 214948, 217821
100, 1070, 16, 213448, 215711
100, 1080, 16, 212630, 216204
100, 1090, 16, 211799, 215127
100, 1100, 16, 210432, 212361
100, 1110, 16, 208534, 212698
100, 1120, 16, 208208, 211053
100, 1130, 16, 206162, 209807
100, 1140, 16, 204987, 208413
100, 1150, 16, 203365, 206689
100, 1160, 16, 201613, 205372
100, 1170, 16, 200845, 202688
100, 1180, 16, 200470, 203501
100, 1190, 16, 199991, 202235
100, 1200, 16, 198973, 202461
100, 1210, 16, 197441, 200153
100, 1220, 16, 196747, 199139
100, 1230, 16, 195830, 199477
100, 1240, 16, 195135, 197325
100, 1250, 16, 194098, 196987
100, 1260, 16, 193657, 195943
100, 1270, 16, 193025, 195898
100, 1280, 16, 192016, 194160
100, 1290, 16, 191007, 194215
100, 1300, 16, 190525, 193098
100, 1310, 16, 189471, 193351
100, 1320, 16, 188873, 191495
100, 1330, 16, 187847, 191021
100, 1340, 16, 187049, 189679
100, 1350, 16, 186727, 189304
100, 1360, 16, 185755, 188797
100, 1370, 16, 185275, 188387
100, 1380, 16, 184711, 187997
100, 1390, 16, 183845, 186892
100, 1400, 16, 181961, 184234
100, 1410, 16, 181493, 184214
100, 1420, 16, 180215, 185174
100, 1430, 16, 179354, 181802
100, 1440, 16, 178330, 180927
100, 1450, 16, 177245, 180237
100, 1460, 16, 176094, 178434
100, 1470, 16, 175436, 177431
100, 1480, 16, 175170, 177411
100, 1490, 16, 173967, 177231
100, 1500, 16, 173038, 175696
100, 1510, 16, 172428, 175455
100, 1520, 16, 171325, 175541
100, 1530, 16, 171089, 173240
100, 1540, 16, 170696, 173683
100, 1550, 16, 169904, 173608
100, 1560, 16, 169043, 171950
100, 1570, 16, 167941, 171542
100, 1580, 16, 167014, 169598
100, 1590, 16, 166708, 170362
100, 1600, 16, 165969, 169159
100, 1610, 16, 165639, 168447
100, 1620, 16, 165320, 168868
100, 1630, 16, 163698, 166621
100, 1640, 16, 162767, 167191
100, 1650, 16, 161816, 164680
100, 1660, 16, 161594, 163092
100, 1670, 16, 161261, 163657
100, 1680, 16, 160874, 163249
100, 1690, 16, 160423, 162152
100, 1700, 16, 160368, 163154
100, 1710, 16, 159969, 162992
100, 1720, 16, 159969, 162143
100, 1730, 16, 159769, 162586
100, 1740, 16, 158719, 161947
100, 1750, 16, 157990, 160762
100, 1760, 16, 157848, 159882
100, 1770, 16, 157228, 159771
100, 1780, 16, 156648, 160224
100, 1790, 16, 155925, 159008
100, 1800, 16, 155761, 158615
100, 1810, 16, 155178, 158180
100, 1820, 16, 153960, 157421
100, 1830, 16, 153651, 155589
100, 1840, 16, 152052, 155800
100, 1850, 16, 151791, 155719
100, 1860, 16, 151280, 153732
100, 1870, 16, 150742, 153191
100, 1880, 16, 150309, 153077
100, 1890, 16, 150106, 152179
100, 1900, 16, 149379, 152711
100, 1910, 16, 148821, 151299
100, 1920, 16, 148118, 151856
100, 1930, 16, 147899, 149812
100, 1940, 16, 147361, 149014
100, 1950, 16, 147095, 149820
100, 1960, 16, 146600, 149336
100, 1970, 16, 145549, 147631
100, 1980, 16, 145164, 147499
100, 1990, 16, 144646, 147301
100, 2000, 16, 144231, 146372
100, 2010, 16, 143809, 146604
100, 2020, 16, 143076, 145098
100, 2030, 16, 142576, 145885
100, 2040, 16, 141975, 145260
100, 2050, 16, 141597, 143669
100, 2060, 16, 141377, 144635
100, 2070, 16, 141169, 143631
100, 2080, 16, 140854, 143402
100, 2090, 16, 140223, 142973
100, 2100, 16, 139639, 142965
100, 2110, 16, 139142, 141605
100, 2120, 16, 138947, 141232
100, 2130, 16, 138376, 140798
100, 2140, 16, 138043, 141304
100, 2150, 16, 137712, 140177
100, 2160, 16, 137636, 140474
100, 2170, 16, 137094, 140193
100, 2180, 16, 136774, 138976
100, 2190, 16, 135840, 136774
100, 2200, 16, 135840, 138032
100, 2210, 16, 135416, 137450
100, 2220, 16, 135101, 137720
100, 2230, 16, 134885, 136789
100, 2240, 16, 134352, 138380
100, 2250, 16, 133947, 137259
100, 2260, 16, 133899, 135662
100, 2270, 16, 133520, 136058
100, 2280, 16, 133206, 134841
100, 2290, 16, 132487, 135325
100, 2300, 16, 132154, 134589
100, 2310, 16, 132116, 135472
100, 2320, 16, 131944, 134912
100, 2330, 16, 131881, 134195
100, 2340, 16, 131604, 133827
100, 2350, 16, 130930, 134291
100, 2360, 16, 130124, 134585
100, 2370, 16, 130007, 132120
100, 2380, 16, 129007, 131227
100, 2390, 16, 128610, 129918
100, 2400, 16, 128293, 131598
100, 2410, 16, 127840, 130886
100, 2420, 16, 127273, 129304
100, 2430, 16, 127022, 129550
100, 2440, 16, 126784, 129142
100, 2450, 16, 126442, 129396
100, 2460, 16, 126084, 128448
100, 2470, 16, 125839, 128993
100, 2480, 16, 125490, 126998
100, 2490, 16, 125329, 127457
100, 2500, 16, 124715, 127420
100, 2510, 16, 124361, 126508
100, 2520, 16, 124228, 126690
100, 2530, 16, 124049, 126983
100, 2540, 16, 123819, 126087
100, 2550, 16, 123411, 126274
100, 2560, 16, 122535, 125542
100, 2570, 16, 122341, 124452
100, 2580, 16, 121937, 122936
100, 2590, 16, 121591, 125123
100, 2600, 16, 121293, 124364
100, 2610, 16, 121085, 125368
100, 2620, 16, 121082, 124172
100, 2630, 16, 120761, 123797
100, 2640, 16, 120660, 123804
100, 2650, 16, 120288, 121887
100, 2660, 16, 120288, 122442
100, 2670, 16, 119887, 122148
100, 2680, 16, 119724, 122917
100, 2690, 16, 119626, 121641
100, 2700, 16, 119380, 121834
100, 2710, 16, 119380, 121145
100, 2720, 16, 118815, 122023
100, 2730, 16, 118274, 121742
100, 2740, 16, 118122, 119894
100, 2750, 16, 117946, 121197
100, 2760, 16, 117242, 119102
100, 2770, 16, 117012, 119447
100, 2780, 16, 116965, 119365
100, 2790, 16, 116827, 119038
100, 2800, 16, 116640, 119155
100, 2810, 16, 116528, 118542
100, 2820, 16, 116386, 119312
100, 2830, 16, 116201, 117568
100, 2840, 16, 116101, 119460
100, 2850, 16, 116009, 118784
100, 2860, 16, 114890, 118571
100, 2870, 16, 114656, 115911
100, 2880, 16, 114334, 118131
100, 2890, 16, 113944, 116296
100, 2900, 16, 113650, 116771
100, 2910, 16, 113417, 116276
100, 2920, 16, 113077, 115234
100, 2930, 16, 112868, 114664
100, 2940, 16, 112813, 114406
100, 2950, 16, 112573, 114459
100, 2960, 16, 111930, 114594
100, 2970, 16, 111592, 114591
100, 2980, 16, 111348, 115533
100, 2990, 16, 110777, 114256
100, 3000, 16, 110682, 114164
100, 3010, 16, 110076, 113110
100, 3020, 16, 110024, 112755
100, 3030, 16, 109682, 112246
100, 3040, 16, 109673, 110118
100, 3050, 16, 109673, 113088
100, 3060, 16, 109403, 111564
100, 3070, 16, 109047, 111527
100, 3080, 16, 108933, 111476
100, 3090, 16, 108719, 108933
100, 3100, 16, 108332, 109853
100, 3110, 16, 108113, 110101
100, 3120, 16, 107582, 108254
100, 3130, 16, 107118, 109708
100, 3140, 16, 107118, 108438
100, 3150, 16, 106832, 108376
100, 3160, 16, 106414, 108429
100, 3170, 16, 105286, 109776
100, 3180, 16, 104607, 107110
100, 3190, 16, 104082, 105368
100, 3200, 16, 104082, 105580
100, 3210, 16, 104038, 106054
100, 3220, 16, 103427, 105341
100, 3230, 16, 103368, 105647
100, 3240, 16, 103235, 106357
100, 3250, 16, 102786, 104626
100, 3260, 16, 102407, 105867
100, 3270, 16, 102147, 105476
100, 3280, 16, 101996, 103242
100, 3290, 16, 101830, 103770
100, 3300, 16, 101475, 103534
100, 3310, 16, 101288, 103385
100, 3320, 16, 101130, 104409
100, 3330, 16, 100730, 103183
100, 3340, 16, 100479, 102279
100, 3350, 16, 100177, 102856
100, 3360, 16, 99709, 100990
100, 3370, 16, 99328, 101934
100, 3380, 16, 99328, 101339
100, 3390, 16, 99007, 100939
100, 3400, 16, 99000, 100467
100, 3410, 16, 98694, 100609
100, 3420, 16, 98636, 101091
100, 3430, 16, 98447, 101077
100, 3440, 16, 98376, 100126
100, 3450, 16, 98376, 101057
100, 3460, 16, 98260, 100711
100, 3470, 16, 98000, 100396
100, 3480, 16, 97835, 100192
100, 3490, 16, 97311, 99078
100, 3500, 16, 97228, 99417
100, 3510, 16, 97094, 99643
100, 3520, 16, 96875, 99810
100, 3530, 16, 96644, 97707
100, 3540, 16, 96612, 98963
100, 3550, 16, 96554, 98256
100, 3560, 16, 96269, 98498
100, 3570, 16, 96269, 98667
100, 3580, 16, 96170, 99668
100, 3590, 16, 95875, 97270
100, 3600, 16, 95803, 98464
100, 3610, 16, 95319, 96879
100, 3620, 16, 95319, 97065
100, 3630, 16, 95319, 97448
100, 3640, 16, 95151, 98583
100, 3650, 16, 95139, 96830
100, 3660, 16, 95011, 97706
100, 3670, 16, 94841, 96314
100, 3680, 16, 94718, 97978
100, 3690, 16, 94718, 97740
100, 3700, 16, 94718, 96035
100, 3710, 16, 94499, 97326
100, 3720, 16, 94383, 96297
100, 3730, 16, 94352, 97512
100, 3740, 16, 94297, 96470
100, 3750, 16, 94126, 95551
100, 3760, 16, 93930, 95411
100, 3770, 16, 93828, 95516
100, 3780, 16, 93713, 95837
100, 3790, 16, 93680, 95441
100, 3800, 16, 93600, 95986
100, 3810, 16, 93600, 95322
100, 3820, 16, 93408, 96299
100, 3830, 16, 93225, 94844
100, 3840, 16, 92949, 96046
100, 3850, 16, 92949, 94845
100, 3860, 16, 92682, 93841
100, 3870, 16, 92487, 93913
100, 3880, 16, 92408, 94019
100, 3890, 16, 92408, 93753
100, 3900, 16, 92301, 94331
100, 3910, 16, 92008, 94297
100, 3920, 16, 91939, 94721
100, 3930, 16, 91872, 92533
100, 3940, 16, 91684, 94577
100, 3950, 16, 91418, 93860
100, 3960, 16, 91276, 94103
100, 3970, 16, 90948, 93031
100, 3980, 16, 90925, 93567
100, 3990, 16, 90908, 91876
100, 4000, 16, 90764, 93295
100, 4010, 16, 90764, 92669
100, 4020, 16, 90764, 92375
100, 4030, 16, 90686, 90764
100, 4040, 16, 90686, 91935
100, 4050, 16, 90547, 92134
100, 4060, 16, 90533, 93075
100, 4070, 16, 90286, 91692
100, 4080, 16, 90261, 92783
100, 4090, 16, 90025, 92274
100, 4100, 16, 89637, 91955
100, 4110, 16, 89607, 91791
100, 4120, 16, 89064, 91969
100, 4130, 16, 89062, 90865
100, 4140, 16, 88845, 91874
100, 4150, 16, 88845, 89827
100, 4160, 16, 88845, 90663
100, 4170, 16, 88740, 89632
100, 4180, 16, 88740, 89288
100, 4190, 16, 88722, 90487
100, 4200, 16, 88710, 90531
100, 4210, 16, 88078, 90300
100, 4220, 16, 87818, 88078
100, 4230, 16, 87818, 89697
100, 4240, 16, 87737, 90225
100, 4250, 16, 87235, 88488
100, 4260, 16, 87192, 89874
100, 4270, 16, 87041, 89838
100, 4280, 16, 87041, 88801
100, 4290, 16, 86876, 88848
100, 4300, 16, 86812, 88840
100, 4310, 16, 86422, 87825
100, 4320, 16, 86372, 87791
100, 4330, 16, 86372, 88463
100, 4340, 16, 85910, 89021
100, 4350, 16, 85786, 89180
100, 4360, 16, 85478, 85808
100, 4370, 16, 85478, 86861
100, 4380, 16, 85211, 86599
100, 4390, 16, 85171, 86780
100, 4400, 16, 85124, 86715
100, 4410, 16, 84945, 86517
100, 4420, 16, 84916, 86791
100, 4430, 16, 84916, 85572
100, 4440, 16, 84907, 85905
100, 4450, 16, 84646, 85744
100, 4460, 16, 84646, 85426
100, 4470, 16, 84621, 86888
100, 4480, 16, 84592, 87769
100, 4490, 16, 84534, 85346
100, 4500, 16, 84534, 85082
100, 4510, 16, 84534, 85972
100, 4520, 16, 84394, 86419
100, 4530, 16, 84394, 85177
100, 4540, 16, 84394, 87481
100, 4550, 16, 84394, 86074
100, 4560, 16, 84311, 86412
100, 4570, 16, 84212, 86318
100, 4580, 16, 84212, 86870
100, 4590, 16, 83530, 85907
100, 4600, 16, 83340, 85644
100, 4610, 16, 83249, 85927
100, 4620, 16, 83232, 86519
100, 4630, 16, 83232, 86102
100, 4640, 16, 83232, 84511
100, 4650, 16, 83140, 84847
100, 4660, 16, 83046, 86117
100, 4670, 16, 82991, 84533
100, 4680, 16, 82991, 84612
100, 4690, 16, 82991, 84516
100, 4700, 16, 82932, 85090
100, 4710, 16, 82928, 83734
100, 4720, 16, 82912, 85086
100, 4730, 16, 82770, 85100
100, 4740, 16, 82770, 83540
100, 4750, 16, 82660, 85221
100, 4760, 16, 82529, 84726
100, 4770, 16, 82529, 83913
100, 4780, 16, 82490, 84408
100, 4790, 16, 81474, 83054
100, 4800, 16, 81390, 82430
100, 4810, 16, 81390, 82382
100, 4820, 16, 81202, 81390
100, 4830, 16, 81202, 82964
100, 4840, 16, 81032, 83407
100, 4850, 16, 81032, 82699
100, 4860, 16, 80984, 82707
100, 4870, 16, 80984, 81728
100, 4880, 16, 80984, 82045
100, 4890, 16, 80697, 82445
100, 4900, 16, 80172, 81304
100, 4910, 16, 80068, 80900
100, 4920, 16, 80027, 81668
100, 4930, 16, 80027, 81461
100, 4940, 16, 79981, 81561
100, 4950, 16, 79924, 81039
100, 4960, 16, 79847, 81369
100, 4970, 16, 79847, 81951
100, 4980, 16, 79847, 82604
100, 4990, 16, 79727, 81794
100, 5000, 16, 79727, 81496
100, 5010, 16, 79698, 81170
100, 5020, 16, 79498, 81684
100, 5030, 16, 79498, 81658
100, 5040, 16, 79440, 79657
100, 5050, 16, 79316, 82485
100, 5060, 16, 79159, 80836
100, 5070, 16, 79053, 80536
100, 5080, 16, 78914, 79838
100, 5090, 16, 78914, 80399
100, 5100, 16, 78902, 80762
100, 5110, 16, 78855, 81004
100, 5120, 16, 78804, 80939
100, 5130, 16, 78804, 78804
100, 5140, 16, 78587, 81306
100, 5150, 16, 78458, 80084
100, 5160, 16, 78280, 78458
100, 5170, 16, 78230, 80491
100, 5180, 16, 77977, 79779
100, 5190, 16, 77977, 80435
100, 5200, 16, 77977, 80399
100, 5210, 16, 77977, 79170
100, 5220, 16, 77919, 78237
100, 5230, 16, 77919, 79125
100, 5240, 16, 77919, 79956
100, 5250, 16, 77919, 80012
100, 5260, 16, 77919, 79054
100, 5270, 16, 77919, 80799
100, 5280, 16, 77919, 80435
100, 5290, 16, 77910, 79438
100, 5300, 16, 77689, 79428
100, 5310, 16, 77555, 79952
100, 5320, 16, 77555, 79156
100, 5330, 16, 77524, 80429
100, 5340, 16, 77504, 79824
100, 5350, 16, 77286, 79200
100, 5360, 16, 77274, 79806
100, 5370, 16, 77274, 78128
100, 5380, 16, 77274, 79210
100, 5390, 16, 77133, 79836
100, 5400, 16, 77026, 78409
100, 5410, 16, 76691, 78959
100, 5420, 16, 76478, 78316
100, 5430, 16, 76478, 76977
100, 5440, 16, 76478, 79442
100, 5450, 16, 76363, 78300
100, 5460, 16, 76309, 78457
100, 5470, 16, 76309, 78481
100, 5480, 16, 75916, 76896
100, 5490, 16, 75916, 75916
100, 5500, 16, 75916, 77738
100, 5510, 16, 75625, 76780
100, 5520, 16, 75625, 76985
100, 5530, 16, 75625, 77866
100, 5540, 16, 75425, 77351
100, 5550, 16, 75425, 77385
100, 5560, 16, 75288, 75425
100, 5570, 16, 75205, 76002
100, 5580, 16, 74992, 75882
100, 5590, 16, 74923, 75872
100, 5600, 16, 74923, 76515
100, 5610, 16, 74923, 76086
100, 5620, 16, 74805, 76268
100, 5630, 16, 74782, 77271
100, 5640, 16, 74652, 75750
100, 5650, 16, 74652, 77626
100, 5660, 16, 74479, 76063
100, 5670, 16, 74371, 76455
100, 5680, 16, 74123, 76267
100, 5690, 16, 74007, 75890
100, 5700, 16, 74007, 74565
100, 5710, 16, 74007, 75500
100, 5720, 16, 73974, 74007
100, 5730, 16, 73974, 73974
100, 5740, 16, 73954, 73974
100, 5750, 16, 73954, 75924
100, 5760, 16, 73889, 76091
100, 5770, 16, 73855, 74889
100, 5780, 16, 73855, 75654
100, 5790, 16, 73812, 74917
100, 5800, 16, 73812, 75123
100, 5810, 16, 73812, 76448
100, 5820, 16, 73812, 73812
100, 5830, 16, 73812, 76678
100, 5840, 16, 73812, 75420
100, 5850, 16, 73812, 75887
100, 5860, 16, 73812, 75380
100, 5870, 16, 73807, 75224
100, 5880, 16, 73596, 73807
100, 5890, 16, 73311, 75894
100, 5900, 16, 73195, 75275
100, 5910, 16, 73195, 75185
100, 5920, 16, 73195, 74482
100, 5930, 16, 73195, 73196
100, 5940, 16, 73195, 74653
100, 5950, 16, 73195, 76340
100, 5960, 16, 73010, 74322
100, 5970, 16, 72959, 73414
100, 5980, 16, 72959, 73274
100, 5990, 16, 72835, 74321
100, 6000, 16, 72835, 74792
100, 6010, 16, 72835, 72835
100, 6020, 16, 72835, 73953
100, 6030, 16, 72777, 74846
100, 6040, 16, 72777, 75306
100, 6050, 16, 72727, 74599
100, 6060, 16, 72727, 72727
100, 6070, 16, 72727, 74142
100, 6080, 16, 72583, 72727
100, 6090, 16, 72506, 74508
100, 6100, 16, 72430, 73185
100, 6110, 16, 72430, 72430
100, 6120, 16, 72430, 74373
100, 6130, 16, 72430, 74576
100, 6140, 16, 72430, 73589
100, 6150, 16, 72430, 74158
100, 6160, 16, 72406, 75159
100, 6170, 16, 72388, 74256
100, 6180, 16, 72324, 74469
100, 6190, 16, 72318, 73316
100, 6200, 16, 72311, 72739
100, 6210, 16, 72311, 73645
100, 6220, 16, 72311, 74043
100, 6230, 16, 72311, 73911
100, 6240, 16, 72229, 72377
100, 6250, 16, 72105, 72229
100, 6260, 16, 72105, 72105
100, 6270, 16, 72040, 73567
100, 6280, 16, 72040, 72252
100, 6290, 16, 71953, 73607
100, 6300, 16, 71889, 71953
100, 6310, 16, 71715, 73897
100, 6320, 16, 71607, 73832
100, 6330, 16, 71315, 72638
100, 6340, 16, 71281, 73964
100, 6350, 16, 71255, 71255
100, 6360, 16, 71255, 71255
100, 6370, 16, 71255, 72287
100, 6380, 16, 71255, 72926
100, 6390, 16, 71190, 72592
100, 6400, 16, 71137, 72174
100, 6410, 16, 71113, 72578
100, 6420, 16, 71113, 72631
100, 6430, 16, 70990, 72626
100, 6440, 16, 70856, 70932
100, 6450, 16, 70856, 70856
100, 6460, 16, 70661, 72696
100, 6470, 16, 70573, 72025
100, 6480, 16, 70573, 71270
100, 6490, 16, 70573, 70573
100, 6500, 16, 70562, 70936
100, 6510, 16, 70562, 71632
100, 6520, 16, 70562, 70562
100, 6530, 16, 70562, 70854
100, 6540, 16, 70562, 72652
100, 6550, 16, 70562, 71812
100, 6560, 16, 70562, 70562
100, 6570, 16, 70507, 71823
100, 6580, 16, 70448, 70507
100, 6590, 16, 70416, 71374
100, 6600, 16, 70297, 72306
100, 6610, 16, 70297, 72852
100, 6620, 16, 70280, 70755
100, 6630, 16, 70059, 72010
100, 6640, 16, 70036, 71242
100, 6650, 16, 69738, 71041
100, 6660, 16, 69738, 71683
100, 6670, 16, 69738, 70462
100, 6680, 16, 69738, 71570
100, 6690, 16, 69632, 71275
100, 6700, 16, 69632, 72858
100, 6710, 16, 69432, 69558
100, 6720, 16, 69432, 69432
100, 6730, 16, 69432, 70632
100, 6740, 16, 69367, 69432
100, 6750, 16, 69367, 70848
100, 6760, 16, 68957, 69484
100, 6770, 16, 68957, 71449
100, 6780, 16, 68957, 68957
100, 6790, 16, 68910, 69534
100, 6800, 16, 68910, 69880
100, 6810, 16, 68845, 70133
100, 6820, 16, 68845, 69833
100, 6830, 16, 68845, 69729
100, 6840, 16, 68845, 69984
100, 6850, 16, 68666, 68845
100, 6860, 16, 68666, 70405
100, 6870, 16, 68387, 69165
100, 6880, 16, 68387, 70080
100, 6890, 16, 68387, 69419
100, 6900, 16, 68387, 68387
100, 6910, 16, 68387, 68510
100, 6920, 16, 68387, 68581
100, 6930, 16, 68363, 70093
100, 6940, 16, 68363, 69797
100, 6950, 16, 68332, 70095
100, 6960, 16, 68332, 69210
100, 6970, 16, 68264, 70039
100, 6980, 16, 68264, 70584
100, 6990, 16, 68264, 68789
100, 7000, 16, 68209, 69117
100, 7010, 16, 68138, 69878
100, 7020, 16, 68120, 68764
100, 7030, 16, 68120, 68363
100, 7040, 16, 68080, 69856
100, 7050, 16, 68080, 68080
100, 7060, 16, 68043, 68080
100, 7070, 16, 68043, 70367
100, 7080, 16, 68043, 71417
100, 7090, 16, 68043, 68472
100, 7100, 16, 68019, 69873
100, 7110, 16, 68002, 68019
100, 7120, 16, 68002, 70110
100, 7130, 16, 68002, 69437
100, 7140, 16, 68002, 69516
100, 7150, 16, 68002, 68002
100, 7160, 16, 67858, 70152
100, 7170, 16, 67858, 67858
100, 7180, 16, 67858, 67858
100, 7190, 16, 67688, 69489
100, 7200, 16, 67657, 68566
100, 7210, 16, 67657, 67657
100, 7220, 16, 67382, 67657
100, 7230, 16, 67317, 68452
100, 7240, 16, 67317, 68957
100, 7250, 16, 67317, 68110
100, 7260, 16, 67317, 67581
100, 7270, 16, 67317, 68793
100, 7280, 16, 67317, 67317
100, 7290, 16, 67317, 67454
100, 7300, 16, 67305, 67317
100, 7310, 16, 67218, 69424
100, 7320, 16, 67177, 67218
100, 7330, 16, 67141, 68394
100, 7340, 16, 66980, 68002
100, 7350, 16, 66980, 68626
100, 7360, 16, 66980, 68528
100, 7370, 16, 66980, 66980
100, 7380, 16, 66980, 68125
100, 7390, 16, 66780, 69100
100, 7400, 16, 66780, 67600
100, 7410, 16, 66760, 66780
100, 7420, 16, 66760, 68485
100, 7430, 16, 66759, 67159
100, 7440, 16, 66663, 67191
100, 7450, 16, 66588, 66663
100, 7460, 16, 66588, 67172
100, 7470, 16, 66464, 66588
100, 7480, 16, 66464, 68339
100, 7490, 16, 66464, 66464
100, 7500, 16, 66464, 66464
100, 7510, 16, 66464, 66867
100, 7520, 16, 66399, 68293
100, 7530, 16, 66320, 66399
100, 7540, 16, 66263, 66320
100, 7550, 16, 66187, 67214
100, 7560, 16, 66187, 66187
100, 7570, 16, 66187, 66187
100, 7580, 16, 66101, 67250
100, 7590, 16, 66101, 66753
100, 7600, 16, 66078, 66620
100, 7610, 16, 66078, 67353
100, 7620, 16, 65954, 67487
100, 7630, 16, 65954, 67642
100, 7640, 16, 65954, 66478
100, 7650, 16, 65954, 66810
100, 7660, 16, 65954, 65954
100, 7670, 16, 65885, 67199
100, 7680, 16, 65885, 67771
100, 7690, 16, 65885, 65885
100, 7700, 16, 65865, 66367
100, 7710, 16, 65807, 65865
100, 7720, 16, 65807, 66974
100, 7730, 16, 65612, 67291
100, 7740, 16, 65612, 65612
100, 7750, 16, 65612, 66732
100, 7760, 16, 65551, 66876
100, 7770, 16, 65402, 67462
100, 7780, 16, 65402, 65402
100, 7790, 16, 65289, 65918
100, 7800, 16, 65289, 67642
100, 7810, 16, 65289, 65289
100, 7820, 16, 65148, 65987
100, 7830, 16, 65148, 65148
100, 7840, 16, 65148, 66560
100, 7850, 16, 65089, 65568
100, 7860, 16, 65058, 65089
100, 7870, 16, 65058, 65058
100, 7880, 16, 65058, 65058
100, 7890, 16, 65058, 66252
100, 7900, 16, 65058, 65058
100, 7910, 16, 65058, 65121
100, 7920, 16, 65053, 65840
100, 7930, 16, 65053, 65235
100, 7940, 16, 65053, 66723
100, 7950, 16, 65053, 65053
100, 7960, 16, 65053, 66001
100, 7970, 16, 65025, 65963
100, 7980, 16, 65025, 65025
100, 7990, 16, 65025, 66524
100, 8000, 16, 65025, 66234
100, 8010, 16, 65025, 65025
100, 8020, 16, 64872, 65536
100, 8030, 16, 64740, 65466
100, 8040, 16, 64737, 64740
100, 8050, 16, 64590, 66259
100, 8060, 16, 64538, 66208
100, 8070, 16, 64538, 64846
100, 8080, 16, 64538, 64696
100, 8090, 16, 64538, 65731
100, 8100, 16, 64502, 66669
100, 8110, 16, 64502, 65902
100, 8120, 16, 64502, 64502
100, 8130, 16, 64502, 64502
100, 8140, 16, 64502, 64502
100, 8150, 16, 64297, 64502
100, 8160, 16, 64297, 65862
100, 8170, 16, 64297, 64297
100, 8180, 16, 64297, 65831
100, 8190, 16, 64297, 64297
100, 8200, 16, 64255, 64297
100, 8210, 16, 64073, 65015
100, 8220, 16, 64073, 64661
100, 8230, 16, 64073, 65017
100, 8240, 16, 64073, 64772
100, 8250, 16, 63948, 64396
100, 8260, 16, 63948, 63948
100, 8270, 16, 63948, 64214
100, 8280, 16, 63948, 64944
100, 8290, 16, 63948, 63948
100, 8300, 16, 63948, 63948
100, 8310, 16, 63948, 64007
100, 8320, 16, 63948, 63948
100, 8330, 16, 63748, 63748
100, 8340, 16, 63748, 63748
100, 8350, 16, 63748, 63748
100, 8360, 16, 63607, 65169
100, 8370, 16, 63607, 63607
100, 8380, 16, 63607, 63607
100, 8390, 16, 63566, 63975
100, 8400, 16, 63566, 63566
100, 8410, 16, 63566, 63956
100, 8420, 16, 63504, 63837
100, 8430, 16, 63504, 63504
100, 8440, 16, 63504, 63504
100, 8450, 16, 63504, 65046
100, 8460, 16, 63421, 64417
100, 8470, 16, 63380, 63421
100, 8480, 16, 63380, 63380
100, 8490, 16, 63326, 63380
100, 8500, 16, 63326, 63326
100, 8510, 16, 63244, 65502
100, 8520, 16, 63194, 65811
100, 8530, 16, 63194, 64245
100, 8540, 16, 63194, 63194
100, 8550, 16, 63194, 63194
100, 8560, 16, 63194, 63194
100, 8570, 16, 63194, 63194
100, 8580, 16, 63194, 63194
100, 8590, 16, 63155, 63155
100, 8600, 16, 63155, 63155
100, 8610, 16, 63155, 63955
100, 8620, 16, 63155, 63155
100, 8630, 16, 63155, 63155
100, 8640, 16, 63155, 63420
100, 8650, 16, 63143, 63155
100, 8660, 16, 63061, 63480
100, 8670, 16, 62984, 63061
100, 8680, 16, 62984, 63078
100, 8690, 16, 62984, 62984
100, 8700, 16, 62984, 62984
100, 8710, 16, 62984, 62984
100, 8720, 16, 62984, 62984
100, 8730, 16, 62984, 63955
100, 8740, 16, 62984, 62984
100, 8750, 16, 62984, 62984
100, 8760, 16, 62984, 63384
100, 8770, 16, 62984, 62984
100, 8780, 16, 62984, 62984
100, 8790, 16, 62928, 65266
100, 8800, 16, 62928, 62928
100, 8810, 16, 62928, 62928
100, 8820, 16, 62928, 63454
100, 8830, 16, 62917, 62928
100, 8840, 16, 62917, 62917
100, 8850, 16, 62917, 62917
100, 8860, 16, 62917, 62917
100, 8870, 16, 62917, 62917
100, 8880, 16, 62917, 64593
100, 8890, 16, 62917, 62917
100, 8900, 16, 62917, 62917
100, 8910, 16, 62917, 62917
100, 8920, 16, 62917, 62917
100, 8930, 16, 62917, 62917
100, 8940, 16, 62917, 62917
100, 8950, 16, 62917, 62917
100, 8960, 16, 62776, 64654
100, 8970, 16, 62693, 64088
100, 8980, 16, 62693, 62693
100, 8990, 16, 62493, 63009
100, 9000, 16, 62493, 62900
100, 9010, 16, 62493, 62493
100, 9020, 16, 62493, 62493
100, 9030, 16, 62493, 62493
100, 9040, 16, 62493, 62493
100, 9050, 16, 62482, 62482
100, 9060, 16, 62482, 64209
100, 9070, 16, 62482, 62482
100, 9080, 16, 62482, 62482
100, 9090, 16, 62482, 62482
100, 9100, 16, 62482, 62482
100, 9110, 16, 62482, 62482
100, 9120, 16, 62307, 63553
100, 9130, 16, 62281, 62307
100, 9140, 16, 62281, 62937
100, 9150, 16, 62281, 62281
100, 9160, 16, 62281, 62793
100, 9170, 16, 62157, 62281
100, 9180, 16, 62157, 62157
100, 9190, 16, 62157, 62157
100, 9200, 16, 62157, 62157
100, 9210, 16, 62157, 62157
100, 9220, 16, 62157, 62157
100, 9230, 16, 62157, 63135
100, 9240, 16, 62135, 63593
100, 9250, 16, 62026, 62392
100, 9260, 16, 62026, 62026
100, 9270, 16, 62026, 62026
100, 9280, 16, 62026, 62026
100, 9290, 16, 62004, 62026
100, 9300, 16, 61939, 62201
100, 9310, 16, 61939, 61939
100, 9320, 16, 61939, 61939
100, 9330, 16, 61939, 61939
100, 9340, 16, 61939, 61939
100, 9350, 16, 61939, 63208
100, 9360, 16, 61918, 61918
100, 9370, 16, 61859, 61859
100, 9380, 16, 61859, 61859
100, 9390, 16, 61859, 61859
100, 9400, 16, 61735, 61859
100, 9410, 16, 61735, 61735
100, 9420, 16, 61735, 63438
100, 9430, 16, 61735, 61735
100, 9440, 16, 61735, 62930
100, 9450, 16, 61735, 61735
100, 9460, 16, 61735, 61735
100, 9470, 16, 61735, 61735
100, 9480, 16, 61735, 61735
100, 9490, 16, 61735, 63479
100, 9500, 16, 61650, 61735
100, 9510, 16, 61650, 61650
100, 9520, 16, 61650, 63250
100, 9530, 16, 61650, 61650
100, 9540, 16, 61650, 62211
100, 9550, 16, 61650, 61650
100, 9560, 16, 61650, 61650
100, 9570, 16, 61650, 62193
100, 9580, 16, 61650, 61650
100, 9590, 16, 61496, 61994
100, 9600, 16, 61496, 61496
100, 9610, 16, 61496, 61496
100, 9620, 16, 61496, 61496
100, 9630, 16, 61496, 61496
100, 9640, 16, 61496, 61496
100, 9650, 16, 61496, 61496
100, 9660, 16, 61496, 61496
100, 9670, 16, 61496, 61905
100, 9680, 16, 61496, 61745
100, 9690, 16, 61496, 62202
100, 9700, 16, 61496, 61496
100, 9710, 16, 61496, 63165
100, 9720, 16, 61496, 61496
100, 9730, 16, 61395, 61496
100, 9740, 16, 61395, 61395
100, 9750, 16, 61395, 61395
100, 9760, 16, 61395, 61395
100, 9770, 16, 61395, 61995
100, 9780, 16, 61395, 61395
100, 9790, 16, 61395, 61395
100, 9800, 16, 61381, 62988
100, 9810, 16, 61374, 61374
100, 9820, 16, 61374, 61695
100, 9830, 16, 61374, 61374
100, 9840, 16, 61374, 61374
100, 9850, 16, 61374, 61374
100, 9860, 16, 61374, 61374
100, 9870, 16, 61374, 61374
100, 9880, 16, 61374, 61374
100, 9890, 16, 60962, 61374
100, 9900, 16, 60962, 61777
100, 9910, 16, 60962, 60962
100, 9920, 16, 60962, 60962
100, 9930, 16, 60853, 62715
100, 9940, 16, 60853, 60853
100, 9950, 16, 60853, 60853
100, 9960, 16, 60853, 60853
100, 9970, 16, 60853, 60853
100, 9980, 16, 60853, 60853
100, 9990, 16, 60853, 60853
100, 10000, 16, 60853, 60853
100, 10010, 16, 60853, 61453
100, 10020, 16, 60853, 61959
100, 10030, 16, 60853, 60853
100, 10040, 16, 60853, 60853
100, 10050, 16, 60853, 60853
100, 10060, 16, 60812, 62577
100, 10070, 16, 60812, 62200
100, 10080, 16, 60812, 60812
100, 10090, 16, 60812, 63141
100, 10100, 16, 60812, 60812
100, 10110, 16, 60812, 60812
100, 10120, 16, 60812, 61212
100, 10130, 16, 60812, 62524
100, 10140, 16, 60812, 60812
100, 10150, 16, 60812, 60812
100, 10160, 16, 60812, 60812
100, 10170, 16, 60790, 60790
100, 10180, 16, 60790, 60790
100, 10190, 16, 60593, 60790
100, 10200, 16, 60593, 60593
100, 10210, 16, 60593, 60593
100, 10220, 16, 60593, 60593
100, 10230, 16, 60593, 60593
100, 10240, 16, 60593, 60593
100, 10250, 16, 60593, 60593
100, 10260, 16, 60593, 60593
100, 10270, 16, 60593, 60593
100, 10280, 16, 60593, 60593
100, 10290, 16, 60593, 60593
100, 10300, 16, 60593, 60593
100, 10310, 16, 60593, 62721
100, 10320, 16, 60593, 60593
100, 10330, 16, 60593, 60593
100, 10340, 16, 60593, 60593
100, 10350, 16, 60593, 60593
100, 10360, 16, 60593, 60593
100, 10370, 16, 60593, 60593
100, 10380, 16, 60593, 60593
100, 10390, 16, 60593, 60593
100, 10400, 16, 60593, 60593
100, 10410, 16, 60535, 60593
100, 10420, 16, 60535, 60535
100, 10430, 16, 60535, 60535
100, 10440, 16, 60535, 60535
100, 10450, 16, 60535, 60535
100, 10460, 16, 60535, 60535
100, 10470, 16, 60535, 60535
100, 10480, 16, 60420, 60535
100, 10490, 16, 60420, 60420
100, 10500, 16, 60420, 60433
100, 10510, 16, 60298, 60420
100, 10520, 16, 60298, 60298
100, 10530, 16, 60298, 60298
100, 10540, 16, 60298, 60298
100, 10550, 16, 60298, 60563
100, 10560, 16, 60298, 60298
100, 10570, 16, 60298, 60298
100, 10580, 16, 60298, 60298
100, 10590, 16, 60298, 60298
100, 10600, 16, 60298, 60298
100, 10610, 16, 60298, 60298
100, 10620, 16, 60298, 60298
100, 10630, 16, 60298, 60298
100, 10640, 16, 60247, 60247
100, 10650, 16, 60247, 60247
100, 10660, 16, 60247, 61387
100, 10670, 16, 60247, 60247
100, 10680, 16, 60247, 60247
100, 10690, 16, 60191, 60247
100, 10700, 16, 60191, 60191
100, 10710, 16, 60191, 60191
100, 10720, 16, 60191, 60191
100, 10730, 16, 60191, 60191
100, 10740, 16, 60191, 60191
100, 10750, 16, 60191, 60191
100, 10760, 16, 60079, 60191
100, 10770, 16, 60079, 60079
100, 10780, 16, 60079, 60079
100, 10790, 16, 60079, 60079
100, 10800, 16, 60079, 60079
100, 10810, 16, 60079, 60079
100, 10820, 16, 60079, 60079
100, 10830, 16, 60079, 60079
100, 10840, 16, 60079, 60079
100, 10850, 16, 60079, 60079
100, 10860, 16, 60079, 60079
100, 10870, 16, 60079, 60079
100, 10880, 16, 60079, 60079
100, 10890, 16, 60079, 60079
100, 10900, 16, 60079, 60079
100, 10910, 16, 60079, 60079
100, 10920, 16, 60079, 60079
100, 10930, 16, 60079, 60079
100, 10940, 16, 60079, 60079
100, 10950, 16, 60079, 60079
100, 10960, 16, 60079, 60079
100, 10970, 16, 60079, 60079
100, 10980, 16, 59996, 61003
100, 10990, 16, 59996, 59996
100, 11000, 16, 59996, 59996
100, 11010, 16, 59996, 59996
100, 11020, 16, 59996, 59996
100, 11030, 16, 59996, 59996
100, 11040, 16, 59996, 59996
100, 11050, 16, 59996, 59996
100, 11060, 16, 59996, 59996
100, 11070, 16, 59996, 59996
100, 11080, 16, 59996, 59996
100, 11090, 16, 59996, 59996
100, 11100, 16, 59996, 59996
100, 11110, 16, 59996, 59996
100, 11120, 16, 59996, 59996
100, 11130, 16, 59996, 59996
100, 11140, 16, 59996, 59996
100, 11150, 16, 59996, 59996
100, 11160, 16, 59996, 59996
100, 11170, 16, 59838, 59838
100, 11180, 16, 59838, 59838
100, 11190, 16, 59838, 59838
100, 11200, 16, 59838, 59838
100, 11210, 16, 59838, 60162
100, 11220, 16, 59838, 59838
100, 11230, 16, 59797, 59797
100, 11240, 16, 59797, 59797
100, 11250, 16, 59797, 59797
100, 11260, 16, 59797, 59797
100, 11270, 16, 59797, 59797
100, 11280, 16, 59797, 59797
100, 11290, 16, 59797, 59797
100, 11300, 16, 59797, 59797
100, 11310, 16, 59797, 59797
100, 11320, 16, 59738, 59738
100, 11330, 16, 59738, 59738
100, 11340, 16, 59738, 59738
100, 11350, 16, 59738, 59738
100, 11360, 16, 59738, 59738
100, 11370, 16, 59581, 59738
100, 11380, 16, 59581, 59581
100, 11390, 16, 59581, 59581
100, 11400, 16, 59581, 59581
100, 11410, 16, 59581, 59581
100, 11420, 16, 59581, 59581
100, 11430, 16, 59581, 59581
100, 11440, 16, 59581, 59581
100, 11450, 16, 59522, 59522
100, 11460, 16, 59522, 59522
100, 11470, 16, 59522, 59522
100, 11480, 16, 59522, 59522
100, 11490, 16, 59522, 59522
100, 11500, 16, 59522, 60234
100, 11510, 16, 59522, 59522
100, 11520, 16, 59522, 59522
100, 11530, 16, 59522, 60601
100, 11540, 16, 59522, 59522
100, 11550, 16, 59522, 59522
100, 11560, 16, 59522, 59522
100, 11570, 16, 59522, 59522
100, 11580, 16, 59522, 59522
100, 11590, 16, 59522, 59522
100, 11600, 16, 59522, 60199
100, 11610, 16, 59522, 59522
100, 11620, 16, 59522, 59522
100, 11630, 16, 59522, 59522
100, 11640, 16, 59522, 59522
100, 11650, 16, 59500, 59500
100, 11660, 16, 59500, 59500
100, 11670, 16, 59500, 59500
100, 11680, 16, 59500, 59500
100, 11690, 16, 59500, 59500
100, 11700, 16, 59500, 59500
100, 11710, 16, 59500, 59500
100, 11720, 16, 59500, 59500
100, 11730, 16, 59500, 59500
100, 11740, 16, 59500, 59500
100, 11750, 16, 59500, 59500
100, 11760, 16, 59500, 59500
100, 11770, 16, 59500, 61183
100, 11780, 16, 59500, 59500
100, 11790, 16, 59500, 59500
100, 11800, 16, 59500, 59500
100, 11810, 16, 59500, 59960
100, 11820, 16, 59500, 59500
100, 11830, 16, 59500, 59500
100, 11840, 16, 59500, 59500
100, 11850, 16, 59500, 59500
100, 11860, 16, 59500, 59500
100, 11870, 16, 59500, 59500
100, 11880, 16, 59500, 59500
100, 11890, 16, 59500, 59500
100, 11900, 16, 59500, 59500
100, 11910, 16, 59500, 59500
100, 11920, 16, 59500, 59500
100, 11930, 16, 59500, 59500
100, 11940, 16, 59500, 59500
100, 11950, 16, 59500, 59500
100, 11960, 16, 59500, 59500
100, 11970, 16, 59500, 59500
100, 11980, 16, 59500, 59500
100, 11990, 16, 59500, 59500
100, 12000, 16, 59500, 59500
100, 12010, 16, 59500, 59500
100, 12020, 16, 59500, 59500
100, 12030, 16, 59500, 59500
100, 12040, 16, 59500, 59500
100, 12050, 16, 59500, 59500
100, 12060, 16, 59500, 59500
100, 12070, 16, 59500, 59500
100, 12080, 16, 59500, 59500
100, 12090, 16, 59500, 59500
100, 12100, 16, 59376, 59500
100, 12110, 16, 59301, 59376
100, 12120, 16, 59242, 59242
100, 12130, 16, 59242, 59242
100, 12140, 16, 59242, 59242
100, 12150, 16, 59242, 59242
100, 12160, 16, 59236, 59242
100, 12170, 16, 59236, 59236
100, 12180, 16, 59236, 59236
100, 12190, 16, 59175, 59236
100, 12200, 16, 59175, 59798
100, 12210, 16, 59175, 59175
100, 12220, 16, 59175, 59175
100, 12230, 16, 59175, 59175
100, 12240, 16, 59175, 59175
100, 12250, 16, 59175, 59175
100, 12260, 16, 59175, 59175
100, 12270, 16, 59175, 59175
100, 12280, 16, 59175, 59175
100, 12290, 16, 59175, 59175
100, 12300, 16, 59175, 59175
100, 12310, 16, 59175, 59175
100, 12320, 16, 59175, 59175
100, 12330, 16, 59175, 59175
100, 12340, 16, 59153, 59175
100, 12350, 16, 59146, 59146
100, 12360, 16, 59146, 59146
100, 12370, 16, 59146, 59146
100, 12380, 16, 59146, 59146
100, 12390, 16, 59146, 59146
100, 12400, 16, 59146, 59146
100, 12410, 16, 59146, 59146
100, 12420, 16, 59146, 59146
100, 12430, 16, 59146, 59539
100, 12440, 16, 59146, 59146
100, 12450, 16, 59146, 59146
100, 12460, 16, 59146, 59146
100, 12470, 16, 59146, 59146
100, 12480, 16, 59146, 59146
100, 12490, 16, 59146, 59146
100, 12500, 16, 59146, 59146
100, 12510, 16, 59069, 59146
100, 12520, 16, 59069, 59069
100, 12530, 16, 59069, 59069
100, 12540, 16, 59069, 59069
100, 12550, 16, 59069, 59069
100, 12560, 16, 59069, 59069
100, 12570, 16, 59042, 59069
100, 12580, 16, 59042, 59042
100, 12590, 16, 59042, 59042
100, 12600, 16, 59042, 59042
100, 12610, 16, 59042, 59042
100, 12620, 16, 58900, 59042
100, 12630, 16, 58900, 58900
100, 12640, 16, 58900, 58900
100, 12650, 16, 58900, 58900
100, 12660, 16, 58900, 58900
100, 12670, 16, 58900, 58900
100, 12680, 16, 58900, 58900
100, 12690, 16, 58900, 58900
100, 12700, 16, 58900, 58900
100, 12710, 16, 58872, 58900
100, 12720, 16, 58872, 58872
100, 12730, 16, 58872, 58872
100, 12740, 16, 58872, 58872
100, 12750, 16, 58872, 58872
100, 12760, 16, 58872, 58872
100, 12770, 16, 58872, 58872
100, 12780, 16, 58872, 58872
100, 12790, 16, 58872, 58872
100, 12800, 16, 58872, 58872
100, 12810, 16, 58872, 58872
100, 12820, 16, 58872, 58872
100, 12830, 16, 58872, 58872
100, 12840, 16, 58872, 58872
100, 12850, 16, 58872, 58872
100, 12860, 16, 58872, 58872
100, 12870, 16, 58872, 58872
100, 12880, 16, 58872, 58872
100, 12890, 16, 58872, 58872
100, 12900, 16, 58844, 58872
100, 12910, 16, 58844, 58844
100, 12920, 16, 58844, 58844
100, 12930, 16, 58844, 58844
100, 12940, 16, 58844, 58844
100, 12950, 16, 58844, 58844
100, 12960, 16, 58844, 58844
100, 12970, 16, 58844, 58844
100, 12980, 16, 58844, 58844
100, 12990, 16, 58844, 58844
100, 13000, 16, 58844, 58844
100, 13010, 16, 58708, 58708
100, 13020, 16, 58708, 58708
100, 13030, 16, 58708, 58708
100, 13040, 16, 58708, 58708
100, 13050, 16, 58708, 58708
100, 13060, 16, 58708, 58708
100, 13070, 16, 58608, 58708
100, 13080, 16, 58608, 58608
100, 13090, 16, 58608, 58608
100, 13100, 16, 58608, 58608
100, 13110, 16, 58569, 58608
100, 13120, 16, 58569, 58569
100, 13130, 16, 58569, 59746
100, 13140, 16, 58569, 58569
100, 13150, 16, 58569, 58569
100, 13160, 16, 58569, 58569
100, 13170, 16, 58569, 58569
100, 13180, 16, 58569, 58569
100, 13190, 16, 58569, 58569
100, 13200, 16, 58486, 58486
100, 13210, 16, 58486, 58486
100, 13220, 16, 58439, 58486
100, 13230, 16, 58439, 58439
100, 13240, 16, 58439, 58439
100, 13250, 16, 58439, 58439
100, 13260, 16, 58439, 58439
100, 13270, 16, 58439, 58439
100, 13280, 16, 58439, 58439
100, 13290, 16, 58439, 58439
100, 13300, 16, 58439, 58439
100, 13310, 16, 58439, 58439
100, 13320, 16, 58439, 58439
100, 13330, 16, 58439, 58439
100, 13340, 16, 58439, 58439
100, 13350, 16, 58439, 58439
100, 13360, 16, 58439, 58439
100, 13370, 16, 58439, 58439
100, 13380, 16, 58439, 58439
100, 13390, 16, 58439, 58439
100, 13400, 16, 58439, 58439
100, 13410, 16, 58439, 58439
100, 13420, 16, 58439, 58439
100, 13430, 16, 58439, 58439
100, 13440, 16, 58439, 58439
100, 13450, 16, 58439, 58439
100, 13460, 16, 58439, 58439
100, 13470, 16, 58439, 58439
100, 13480, 16, 58439, 58439
100, 13490, 16, 58439, 58439
100, 13500, 16, 58439, 58439
100, 13510, 16, 58439, 58439
100, 13520, 16, 58439, 58439
100, 13530, 16, 58439, 58439
100, 13540, 16, 58439, 58439
100, 13550, 16, 58439, 58439
100, 13560, 16, 58439, 58439
100, 13570, 16, 58439, 58439
100, 13580, 16, 58439, 58439
100, 13590, 16, 58439, 58439
100, 13600, 16, 58439, 58439
100, 13610, 16, 58375, 58375
100, 13620, 16, 58375, 58375
100, 13630, 16, 58375, 58375
100, 13640, 16, 58375, 58375
100, 13650, 16, 58375, 58375
100, 13660, 16, 58375, 58375
100, 13670, 16, 58375, 58375
100, 13680, 16, 58375, 58375
100, 13690, 16, 58375, 58375
100, 13700, 16, 58375, 58375
100, 13710, 16, 58375, 58375
100, 13720, 16, 58375, 58375
100, 13730, 16, 58375, 58375
100, 13740, 16, 58375, 58375
100, 13750, 16, 58375, 58375
100, 13760, 16, 58375, 58375
100, 13770, 16, 58375, 58375
100, 13780, 16, 58375, 58375
100, 13790, 16, 58375, 58375
100, 13800, 16, 58375, 58375
100, 13810, 16, 58375, 58375
100, 13820, 16, 58375, 58375
100, 13830, 16, 58366, 58375
100, 13840, 16, 58366, 58366
100, 13850, 16, 58366, 58366
100, 13860, 16, 58366, 58366
100, 13870, 16, 58366, 58366
100, 13880, 16, 58366, 58366
100, 13890, 16, 58366, 58366
100, 13900, 16, 58366, 58366
100, 13910, 16, 58366, 58366
100, 13920, 16, 58366, 58366
100, 13930, 16, 58366, 58366
100, 13940, 16, 58366, 58366
100, 13950, 16, 58366, 58366
100, 13960, 16, 58133, 58366
100, 13970, 16, 58133, 58133
100, 13980, 16, 58133, 58133
100, 13990, 16, 58094, 58133
100, 14000, 16, 58094, 58094
100, 14010, 16, 58094, 58094
100, 14020, 16, 58094, 58094
100, 14030, 16, 58094, 58094
100, 14040, 16, 58094, 58094
100, 14050, 16, 58094, 58094
100, 14060, 16, 58094, 58094
100, 14070, 16, 58094, 58094
100, 14080, 16, 58094, 58094
100, 14090, 16, 58094, 58094
100, 14100, 16, 58094, 58094
100, 14110, 16, 58094, 58094
100, 14120, 16, 58094, 58094
100, 14130, 16, 58094, 58094
100, 14140, 16, 58050, 58094
100, 14150, 16, 58050, 58050
100, 14160, 16, 58050, 58050
100, 14170, 16, 58050, 58050
100, 14180, 16, 58050, 58050
100, 14190, 16, 58050, 58050
100, 14200, 16, 58050, 58050
100, 14210, 16, 58050, 58050
100, 14220, 16, 58050, 58050
100, 14230, 16, 58050, 58050
100, 14240, 16, 58050, 58050
100, 14250, 16, 58050, 58050
100, 14260, 16, 58050, 58050
100, 14270, 16, 58050, 58050
100, 14280, 16, 58050, 58050
100, 14290, 16, 58050, 58050
100, 14300, 16, 58050, 58050
100, 14310, 16, 57681, 58050
100, 14320, 16, 57681, 57681
100, 14330, 16, 57681, 57681
100, 14340, 16, 57681, 57681
100, 14350, 16, 57681, 57681
100, 14360, 16, 57681, 57681
100, 14370, 16, 57681, 57681
100, 14380, 16, 57681, 57681
100, 14390, 16, 57679, 57681
100, 14400, 16, 57679, 57679
100, 14410, 16, 57679, 57679
100, 14420, 16, 57679, 57679
100, 14430, 16, 57679, 57679
100, 14440, 16, 57679, 57679
100, 14450, 16, 57679, 57679
100, 14460, 16, 57679, 57679
100, 14470, 16, 57679, 57679
100, 14480, 16, 57679, 57679
100, 14490, 16, 57679, 57679
100, 14500, 16, 57679, 57679
100, 14510, 16, 57679, 57679
100, 14520, 16, 57679, 57679
100, 14530, 16, 57679, 57679
100, 14540, 16, 57679, 57679
100, 14550, 16, 57679, 57679
100, 14560, 16, 57615, 57679
100, 14570, 16, 57615, 57615
100, 14580, 16, 57615, 57615
100, 14590, 16, 57615, 57615
100, 14600, 16, 57615, 57615
100, 14610, 16, 57615, 57615
100, 14620, 16, 57615, 57615
100, 14630, 16, 57615, 57615
100, 14640, 16, 57615, 57615
100, 14650, 16, 57615, 57615
100, 14660, 16, 57615, 57615
100, 14670, 16, 57615, 57615
100, 14680, 16, 57460, 57615
100, 14690, 16, 57460, 57460
100, 14700, 16, 57460, 57460
100, 14710, 16, 57460, 57460
100, 14720, 16, 57460, 57460
100, 14730, 16, 57460, 57460
100, 14740, 16, 57460, 57460
100, 14750, 16, 57460, 57460
100, 14760, 16, 57460, 57460
100, 14770, 16, 57460, 57460
100, 14780, 16, 57460, 57460
100, 14790, 16, 57460, 57460
100, 14800, 16, 57460, 57460
100, 14810, 16, 57403, 57460
100, 14820, 16, 57403, 57403
100, 14830, 16, 57403, 57403
100, 14840, 16, 57403, 57403
100, 14850, 16, 57403, 57403
100, 14860, 16, 57403, 57403
100, 14870, 16, 57403, 57403
100, 14880, 16, 57403, 57403
100, 14890, 16, 57403, 58290
100, 14900, 16, 57403, 57403
100, 14910, 16, 57403, 57403
100, 14920, 16, 57403, 57403
100, 14930, 16, 57403, 57403
100, 14940, 16, 57403, 57403
100, 14950, 16, 57403, 57403
100, 14960, 16, 57403, 57403
100, 14970, 16, 57403, 57403
100, 14980, 16, 57403, 57403
100, 14990, 16, 57403, 57403
100, 15000, 16, 57403, 57403
100, 15010, 16, 57403, 57403
100, 15020, 16, 57403, 57403
100, 15030, 16, 57403, 57403
100, 15040, 16, 57403, 57403
100, 15050, 16, 57403, 57403
100, 15060, 16, 57403, 57403
100, 15070, 16, 57403, 57403
100, 15080, 16, 57403, 57403
100, 15090, 16, 57403, 57403
100, 15100, 16, 57403, 57403
100, 15110, 16, 57403, 57403
100, 15120, 16, 57403, 57403
100, 15130, 16, 57403, 57403
100, 15140, 16, 57403, 57403
100, 15150, 16, 57403, 57403
100, 15160, 16, 57403, 57403
100, 15170, 16, 57403, 57403
100, 15180, 16, 57403, 57403
100, 15190, 16, 57403, 57403
100, 15200, 16, 57403, 57403
100, 15210, 16, 57403, 57403
100, 15220, 16, 57403, 57403
100, 15230, 16, 57403, 57403
100, 15240, 16, 57403, 57403
100, 15250, 16, 57403, 57403
100, 15260, 16, 57353, 57353
100, 15270, 16, 57353, 57353
100, 15280, 16, 57353, 57353
100, 15290, 16, 57353, 57353
100, 15300, 16, 57353, 57353
100, 15310, 16, 57353, 57353
100, 15320, 16, 57353, 57353
100, 15330, 16, 57353, 57353
100, 15340, 16, 57353, 57353
100, 15350, 16, 57353, 57353
100, 15360, 16, 57353, 57353
100, 15370, 16, 57353, 57353
100, 15380, 16, 57353, 57353
100, 15390, 16, 57353, 57353
100, 15400, 16, 57353, 57353
100, 15410, 16, 57353, 57353
100, 15420, 16, 57353, 57353
100, 15430, 16, 57353, 57353
100, 15440, 16, 57353, 57353
100, 15450, 16, 57353, 57353
100, 15460, 16, 57353, 57353
100, 15470, 16, 57353, 57353
100, 15480, 16, 57353, 57353
100, 15490, 16, 57353, 57353
100, 15500, 16, 57353, 57353
100, 15510, 16, 57353, 57353
100, 15520, 16, 57353, 57353
100, 15530, 16, 57353, 57353
100, 15540, 16, 57353, 57353
100, 15550, 16, 57353, 57353
100, 15560, 16, 57353, 57353
100, 15570, 16, 57353, 57353
100, 15580, 16, 57353, 57353
100, 15590, 16, 57353, 57353
100, 15600, 16, 57353, 57353
100, 15610, 16, 57353, 57353
100, 15620, 16, 57353, 57353
100, 15630, 16, 57353, 57353
100, 15640, 16, 57353, 57353
100, 15650, 16, 57353, 57353
100, 15660, 16, 57353, 57353
100, 15670, 16, 57353, 57353
100, 15680, 16, 57353, 57353
100, 15690, 16, 57353, 57353
100, 15700, 16, 57353, 57353
100, 15710, 16, 57353, 57353
100, 15720, 16, 57353, 57353
100, 15730, 16, 57326, 57353
100, 15740, 16, 57326, 57326
100, 15750, 16, 57326, 57326
100, 15760, 16, 57326, 57326
100, 15770, 16, 57326, 57326
100, 15780, 16, 57326, 57326
100, 15790, 16, 57326, 57326
100, 15800, 16, 57326, 57326
100, 15810, 16, 57268, 57326
100, 15820, 16, 57268, 57268
100, 15830, 16, 57268, 57268
100, 15840, 16, 57268, 57268
100, 15850, 16, 57152, 57152
100, 15860, 16, 57152, 57152
100, 15870, 16, 57152, 57152
100, 15880, 16, 57152, 57152
100, 15890, 16, 57152, 57152
100, 15900, 16, 57152, 57152
100, 15910, 16, 57152, 57152
100, 15920, 16, 57152, 57152
100, 15930, 16, 57152, 57152
100, 15940, 16, 57152, 57152
100, 15950, 16, 57152, 57152
100, 15960, 16, 57152, 57152
100, 15970, 16, 57152, 57152
100, 15980, 16, 57152, 57152
100, 15990, 16, 57152, 57152
100, 16000, 16, 57152, 57152
100, 16010, 16, 57152, 57152
100, 16020, 16, 57152, 57152
100, 16030, 16, 57088, 57088
100, 16040, 16, 57088, 57088
100, 16050, 16, 57088, 57088
100, 16060, 16, 57088, 57088
100, 16070, 16, 57088, 57088
100, 16080, 16, 57088, 57088
100, 16090, 16, 57088, 57088
100, 16100, 16, 57088, 57088
100, 16110, 16, 57088, 57088
100, 16120, 16, 57088, 57088
100, 16130, 16, 57088, 57088
100, 16140, 16, 57088, 57088
100, 16150, 16, 57088, 57088
100, 16160, 16, 57088, 57088
100, 16170, 16, 57088, 57088
100, 16180, 16, 57088, 57088
100, 16190, 16, 57088, 57088
100, 16200, 16, 57088, 57088
100, 16210, 16, 57088, 57088
100, 16220, 16, 57088, 57088
100, 16230, 16, 57088, 57088
100, 16240, 16, 57088, 57088
100, 16250, 16, 57088, 57088
100, 16260, 16, 57088, 57088
100, 16270, 16, 57088, 57088
100, 16280, 16, 57088, 57088
100, 16290, 16, 57088, 57088
100, 16300, 16, 57088, 57088
100, 16310, 16, 57088, 57088
100, 16320, 16, 57088, 57088
100, 16330, 16, 57088, 57088
100, 16340, 16, 57088, 57088
100, 16350, 16, 57088, 57088
100, 16360, 16, 57088, 57088
100, 16370, 16, 57088, 57088
100, 16380, 16, 57088, 57088
100, 16390, 16, 57088, 57088
100, 16400, 16, 57088, 57088
100, 16410, 16, 57088, 57088
100, 16420, 16, 57088, 57088
100, 16430, 16, 57088, 57088
100, 16440, 16, 57068, 57088
100, 16450, 16, 57068, 57068
100, 16460, 16, 57068, 57068
100, 16470, 16, 57068, 57068
100, 16480, 16, 57068, 57068
100, 16490, 16, 57068, 57068
100, 16500, 16, 57068, 57068
100, 16510, 16, 57068, 57068
100, 16520, 16, 57068, 57068
100, 16530, 16, 57068, 57068
100, 16540, 16, 57027, 57068
100, 16550, 16, 57027, 57027
100, 16560, 16, 57027, 57027
100, 16570, 16, 57027, 57027
100, 16580, 16, 57027, 57027
100, 16590, 16, 57027, 57027
100, 16600, 16, 57027, 57027
100, 16610, 16, 57027, 57027
100, 16620, 16, 57027, 57027
100, 16630, 16, 57027, 57027
100, 16640, 16, 57027, 57027
100, 16650, 16, 57027, 57027
100, 16660, 16, 57027, 57027
100, 16670, 16, 57007, 57027
100, 16680, 16, 57007, 57007
100, 16690, 16, 57007, 57007
100, 16700, 16, 57007, 57007
100, 16710, 16, 57007, 57007
100, 16720, 16, 57007, 57007
100, 16730, 16, 57007, 57007
100, 16740, 16, 57007, 57007
100, 16750, 16, 57007, 57007
100, 16760, 16, 57007, 57007
100, 16770, 16, 57007, 57007
100, 16780, 16, 57007, 57007
100, 16790, 16, 57007, 57007
100, 16800, 16, 57007, 57007
100, 16810, 16, 57007, 57007
100, 16820, 16, 57007, 57007
100, 16830, 16, 57007, 57007
100, 16840, 16, 57007, 57007
100, 16850, 16, 57007, 57007
100, 16860, 16, 57007, 57007
100, 16870, 16, 57007, 57007
100, 16880, 16, 57007, 57007
100, 16890, 16, 57007, 57007
100, 16900, 16, 57007, 57007
100, 16910, 16, 57007, 57007
100, 16920, 16, 57007, 57007
100, 16930, 16, 57007, 57007
100, 16940, 16, 57007, 57007
100, 16950, 16, 57007, 57007
100, 16960, 16, 57007, 57007
100, 16970, 16, 57007, 57007
100, 16980, 16, 57007, 57007
100, 16990, 16, 57007, 57007
100, 17000, 16, 57007, 57007
100, 17010, 16, 57007, 57007
100, 17020, 16, 57007, 57007
100, 17030, 16, 57007, 57007
100, 17040, 16, 57007, 57007
100, 17050, 16, 56924, 57007
100, 17060, 16, 56924, 56924
100, 17070, 16, 56924, 56924
100, 17080, 16, 56924, 56924
100, 17090, 16, 56924, 56924
100, 17100, 16, 56924, 56924
100, 17110, 16, 56924, 56924
100, 17120, 16, 56924, 56924
100, 17130, 16, 56924, 56924
100, 17140, 16, 56924, 56924
100, 17150, 16, 56924, 56924
100, 17160, 16, 56924, 56924
100, 17170, 16, 56924, 56924
100, 17180, 16, 56924, 56924
100, 17190, 16, 56924, 56924
100, 17200, 16, 56924, 56924
100, 17210, 16, 56924, 56924
100, 17220, 16, 56924, 56924
100, 17230, 16, 56924, 56924
100, 17240, 16, 56924, 56924
100, 17250, 16, 56924, 56924
100, 17260, 16, 56924, 56924
100, 17270, 16, 56924, 56924
100, 17280, 16, 56924, 56924
100, 17290, 16, 56924, 56924
100, 17300, 16, 56924, 56924
100, 17310, 16, 56924, 56924
100, 17320, 16, 56924, 56924
100, 17330, 16, 56924, 56924
100, 17340, 16, 56924, 56924
100, 17350, 16, 56924, 56924
100, 17360, 16, 56868, 56924
100, 17370, 16, 56868, 56868
100, 17380, 16, 56868, 56868
100, 17390, 16, 56868, 56868
100, 17400, 16, 56868, 56868
100, 17410, 16, 56868, 56868
100, 17420, 16, 56868, 56868
100, 17430, 16, 56868, 56868
100, 17440, 16, 56868, 56868
100, 17450, 16, 56868, 56868
100, 17460, 16, 56868, 56868
100, 17470, 16, 56868, 56868
100, 17480, 16, 56868, 56868
100, 17490, 16, 56868, 56868
100, 17500, 16, 56868, 56868
100, 17510, 16, 56868, 56868
100, 17520, 16, 56868, 56868
100, 17530, 16, 56868, 56868
100, 17540, 16, 56868, 56868
100, 17550, 16, 56868, 56868
100, 17560, 16, 56868, 56868
100, 17570, 16, 56868, 56868
100, 17580, 16, 56868, 56868
100, 17590, 16, 56868, 56868
100, 17600, 16, 56868, 56868
100, 17610, 16, 56868, 56868
100, 17620, 16, 56868, 56868
100, 17630, 16, 56868, 56868
100, 17640, 16, 56868, 56868
100, 17650, 16, 56868, 56868
100, 17660, 16, 56868, 56868
100, 17670, 16, 56868, 56868
100, 17680, 16, 56868, 56868
100, 17690, 16, 56868, 56868
100, 17700, 16, 56868, 56868
100, 17710, 16, 56868, 56868
100, 17720, 16, 56868, 56868
100, 17730, 16, 56868, 56868
100, 17740, 16, 56868, 56868
100, 17750, 16, 56868, 56868
100, 17760, 16, 56868, 56868
100, 17770, 16, 56868, 56868
100, 17780, 16, 56868, 56868
100, 17790, 16, 56868, 56868
100, 17800, 16, 56868, 56868
100, 17810, 16, 56868, 56868
100, 17820, 16, 56868, 56868
100, 17830, 16, 56868, 56868
100, 17840, 16, 56868, 56868
100, 17850, 16, 56868, 56868
100, 17860, 16, 56868, 56868
100, 17870, 16, 56868, 56868
100, 17880, 16, 56868, 56868
100, 17890, 16, 56868, 56868
100, 17900, 16, 56868, 56868
100, 17910, 16, 56868, 56868
100, 17920, 16, 56868, 56868
100, 17930, 16, 56868, 56868
100, 17940, 16, 56868, 56868
100, 17950, 16, 56868, 56868
100, 17960, 16, 56868, 56868
100, 17970, 16, 56868, 56868
100, 17980, 16, 56868, 56868
100, 17990, 16, 56868, 56868
100, 18000, 16, 56868, 56868
100, 18010, 16, 56868, 56868
100, 18020, 16, 56868, 56868
100, 18030, 16, 56868, 56868
100, 18040, 16, 56868, 56868
100, 18050, 16, 56868, 56868
100, 18060, 16, 56868, 56868
100, 18070, 16, 56868, 56868
100, 18080, 16, 56868, 56868
100, 18090, 16, 56868, 56868
100, 18100, 16, 56868, 56868
100, 18110, 16, 56747, 56747
100, 18120, 16, 56747, 56747
100, 18130, 16, 56747, 56747
100, 18140, 16, 56747, 56747
100, 18150, 16, 56747, 56747
100, 18160, 16, 56747, 56747
100, 18170, 16, 56747, 56747
100, 18180, 16, 56747, 56747
100, 18190, 16, 56747, 56747
100, 18200, 16, 56747, 56747
100, 18210, 16, 56747, 56747
100, 18220, 16, 56747, 56747
100, 18230, 16, 56747, 56747
100, 18240, 16, 56747, 56747
100, 18250, 16, 56747, 56747
100, 18260, 16, 56747, 56747
100, 18270, 16, 56747, 56747
100, 18280, 16, 56747, 56747
100, 18290, 16, 56747, 56747
100, 18300, 16, 56747, 56747
100, 18310, 16, 56747, 56747
100, 18320, 16, 56747, 56747
100, 18330, 16, 56747, 56747
100, 18340, 16, 56747, 56747
100, 18350, 16, 56747, 56747
100, 18360, 16, 56747, 56747
100, 18370, 16, 56747, 56747
100, 18380, 16, 56747, 56747
100, 18390, 16, 56747, 56747
100, 18400, 16, 56747, 56747
100, 18410, 16, 56747, 56747
100, 18420, 16, 56747, 56747
100, 18430, 16, 56747, 56747
100, 18440, 16, 56747, 56747
100, 18450, 16, 56747, 56747
100, 18460, 16, 56747, 56747
100, 18470, 16, 56747, 56747
100, 18480, 16, 56747, 56747
100, 18490, 16, 56747, 56747
100, 18500, 16, 56747, 56747
100, 18510, 16, 56747, 56747
100, 18520, 16, 56747, 56747
100, 18530, 16, 56747, 56747
100, 18540, 16, 56747, 56747
100, 18550, 16, 56747, 56747
100, 18560, 16, 56747, 56747
100, 18570, 16, 56747, 56747
100, 18580, 16, 56747, 56747
100, 18590, 16, 56747, 56747
100, 18600, 16, 56747, 56747
100, 18610, 16, 56747, 56747
100, 18620, 16, 56747, 56747
100, 18630, 16, 56747, 56747
100, 18640, 16, 56747, 56747
100, 18650, 16, 56747, 56747
100, 18660, 16, 56747, 56747
100, 18670, 16, 56747, 56747
100, 18680, 16, 56747, 56747
100, 18690, 16, 56747, 56747
100, 18700, 16, 56747, 56747
100, 18710, 16, 56747, 56747
100, 18720, 16, 56747, 56747
100, 18730, 16, 56747, 56747
100, 18740, 16, 56747, 56747
100, 18750, 16, 56747, 56747
100, 18760, 16, 56747, 56747
100, 18770, 16, 56747, 56747
100, 18780, 16, 56747, 56747
100, 18790, 16, 56747, 56747
100, 18800, 16, 56747, 56747
100, 18810, 16, 56747, 56747
100, 18820, 16, 56747, 56747
100, 18830, 16, 56747, 56747
100, 18840, 16, 56742, 56742
100, 18850, 16, 56742, 56742
100, 18860, 16, 56742, 56742
100, 18870, 16, 56742, 56742
100, 18880, 16, 56742, 56742
100, 18890, 16, 56742, 56742
100, 18900, 16, 56742, 56742
100, 18910, 16, 56742, 56742
100, 18920, 16, 56742, 56742
100, 18930, 16, 56742, 56742
100, 18940, 16, 56742, 56742
100, 18950, 16, 56742, 56742
100, 18960, 16, 56742, 56742
100, 18970, 16, 56742, 56742
100, 18980, 16, 56742, 56742
100, 18990, 16, 56742, 56742
100, 19000, 16, 56742, 56742
100, 19010, 16, 56742, 56742
100, 19020, 16, 56742, 56742
100, 19030, 16, 56742, 56742
100, 19040, 16, 56742, 56742
100, 19050, 16, 56742, 56742
100, 19060, 16, 56742, 56742
100, 19070, 16, 56742, 56742
100, 19080, 16, 56742, 56742
100, 19090, 16, 56742, 56742
100, 19100, 16, 56742, 56742
100, 19110, 16, 56742, 56742
100, 19120, 16, 56742, 56742
100, 19130, 16, 56742, 56742
100, 19140, 16, 56742, 56742
100, 19150, 16, 56742, 56742
100, 19160, 16, 56742, 56742
100, 19170, 16, 56742, 56742
100, 19180, 16, 56742, 56742
100, 19190, 16, 56742, 56742
100, 19200, 16, 56742, 56742
100, 19210, 16, 56742, 56742
100, 19220, 16, 56742, 56742
100, 19230, 16, 56742, 56742
100, 19240, 16, 56742, 56742
100, 19250, 16, 56742, 56742
100, 19260, 16, 56742, 56742
100, 19270, 16, 56742, 56742
100, 19280, 16, 56742, 56742
100, 19290, 16, 56742, 56742
100, 19300, 16, 56742, 56742
100, 19310, 16, 56742, 56742
100, 19320, 16, 56742, 56742
100, 19330, 16, 56742, 56742
100, 19340, 16, 56742, 56742
100, 19350, 16, 56742, 56742
100, 19360, 16, 56742, 56742
100, 19370, 16, 56742, 56742
100, 19380, 16, 56742, 56742
100, 19390, 16, 56742, 56742
100, 19400, 16, 56742, 56742
100, 19410, 16, 56742, 56742
100, 19420, 16, 56742, 56742
100, 19430, 16, 56742, 56742
100, 19440, 16, 56742, 56742
100, 19450, 16, 56742, 56742
100, 19460, 16, 56742, 56742
100, 19470, 16, 56742, 56742
100, 19480, 16, 56742, 56742
100, 19490, 16, 56742, 56742
100, 19500, 16, 56742, 56742
100, 19510, 16, 56742, 56742
100, 19520, 16, 56742, 56742
100, 19530, 16, 56742, 56742
100, 19540, 16, 56742, 56742
100, 19550, 16, 56742, 56742
100, 19560, 16, 56742, 56742
100, 19570, 16, 56742, 56742
100, 19580, 16, 56742, 56742
100, 19590, 16, 56742, 56742
100, 19600, 16, 56742, 56742
100, 19610, 16, 56742, 56742
100, 19620, 16, 56742, 56742
100, 19630, 16, 56742, 56742
100, 19640, 16, 56742, 56742
100, 19650, 16, 56742, 56742
100, 19660, 16, 56742, 56742
100, 19670, 16, 56742, 56742
100, 19680, 16, 56742, 56742
100, 19690, 16, 56742, 56742
100, 19700, 16, 56742, 56742
100, 19710, 16, 56742, 56742
100, 19720, 16, 56742, 56742
100, 19730, 16, 56742, 56742
100, 19740, 16, 56742, 56742
100, 19750, 16, 56742, 56742
100, 19760, 16, 56742, 56742
100, 19770, 16, 56742, 56742
100, 19780, 16, 56742, 56742
100, 19790, 16, 56742, 56742
100, 19800, 16, 56742, 56742
100, 19810, 16, 56742, 56742
100, 19820, 16, 56742, 56742
100, 19830, 16, 56742, 56742
100, 19840, 16, 56742, 56742
100, 19850, 16, 56742, 56742
100, 19860, 16, 56742, 56742
100, 19870, 16, 56742, 56742
100, 19880, 16, 56742, 56742
100, 19890, 16, 56742, 56742
100, 19900, 16, 56742, 56742
100, 19910, 16, 56742, 56742
100, 19920, 16, 56742, 56742
100, 19930, 16, 56742, 56742
100, 19940, 16, 56742, 56742
100, 19950, 16, 56742, 56742
100, 19960, 16, 56742, 56742
100, 19970, 16, 56742, 56742
100, 19980, 16, 56742, 56742
100, 19990, 16, 56706, 56742
