Population Size, Generation Count, Repetition, Best Fitness, Median Fitness
100, 0, 4, 727637, 766950
100, 10, 4, 676567, 694311
100, 20, 4, 655981, 664176
100, 30, 4, 635044, 643469
100, 40, 4, 613842, 625830
100, 50, 4, 596082, 606463
100, 60, 4, 583973, 590132
100, 70, 4, 566064, 572831
100, 80, 4, 556359, 560867
100, 90, 4, 545168, 550583
100, 100, 4, 530295, 539304
100, 110, 4, 519732, 525699
100, 120, 4, 510017, 514761
100, 130, 4, 497922, 505041
100, 140, 4, 488514, 495417
100, 150, 4, 483250, 487169
100, 160, 4, 473718, 477984
100, 170, 4, 466167, 472469
100, 180, 4, 459403, 465996
100, 190, 4, 455074, 458791
100, 200, 4, 450639, 454526
100, 210, 4, 445052, 449115
100, 220, 4, 438323, 443210
100, 230, 4, 428341, 434458
100, 240, 4, 423738, 427286
100, 250, 4, 419648, 422958
100, 260, 4, 414075, 418646
100, 270, 4, 407654, 412915
100, 280, 4, 405962, 408865
100, 290, 4, 400966, 404589
100, 300, 4, 396027, 400004
100, 310, 4, 393383, 396445
100, 320, 4, 388795, 392558
100, 330, 4, 385189, 388592
100, 340, 4, 379353, 385371
100, 350, 4, 376463, 379038
100, 360, 4, 373024, 377754
100, 370, 4, 370787, 374848
100, 380, 4, 365127, 370239
100, 390, 4, 360302, 365066
100, 400, 4, 355349, 358245
100, 410, 4, 351968, 355128
100, 420, 4, 349237, 352102
100, 430, 4, 345318, 348062
100, 440, 4, 341915, 344889
100, 450, 4, 336599, 341140
100, 460, 4, 334378, 337667
100, 470, 4, 331675, 334794
100, 480, 4, 329040, 332108
100, 490, 4, 327326, 330680
100, 500, 4, 323585, 327878
100, 510, 4, 321733, 325002
100, 520, 4, 319898, 322727
100, 530, 4, 316001, 319732
100, 540, 4, 313883, 317101
100, 550, 4, 310805, 314871
100, 560, 4, 308629, 312563
100, 570, 4, 307272, 309633
100, 580, 4, 304578, 307673
100, 590, 4, 300888, 304057
100, 600, 4, 298050, 302888
100, 610, 4, 294373, 299131
100, 620, 4, 292767, 295689
100, 630, 4, 289422, 293716
100, 640, 4, 288255, 291200
100, 650, 4, 286551, 288873
100, 660, 4, 284131, 288996
100, 670, 4, 280895, 284937
100, 680, 4, 276530, 280563
100, 690, 4, 275404, 278644
100, 700, 4, 273015, 276532
100, 710, 4, 271610, 274966
100, 720, 4, 269581, 273624
100, 730, 4, 268577, 270817
100, 740, 4, 265670, 269040
100, 750, 4, 264340, 267430
100, 760, 4, 263359, 266207
100, 770, 4, 261210, 264628
100, 780, 4, 259232, 263482
100, 790, 4, 256383, 260193
100, 800, 4, 255054, 259179
100, 810, 4, 251964, 255999
100, 820, 4, 249817, 252507
100, 830, 4, 248387, 251463
100, 840, 4, 246371, 248737
100, 850, 4, 244702, 248134
100, 860, 4, 244156, 246501
100, 870, 4, 242462, 245392
100, 880, 4, 241689, 245287
100, 890, 4, 240110, 242792
100, 900, 4, 239679, 243149
100, 910, 4, 237233, 241049
100, 920, 4, 236286, 238572
100, 930, 4, 233903, 237410
100, 940, 4, 232229, 234381
100, 950, 4, 230413, 233451
100, 960, 4, 229593, 232658
100, 970, 4, 228807, 231940
100, 980, 4, 226683, 230107
100, 990, 4, 225268, 228077
100, 1000, 4, 224199, 227221
100, 1010, 4, 222622, 225415
100, 1020, 4, 221358, 225210
100, 1030, 4, 219232, 222705
100, 1040, 4, 218532, 221358
100, 1050, 4, 216807, 219450
100, 1060, 4, 215878, 219548
100, 1070, 4, 214850, 217226
100, 1080, 4, 213917, 215821
100, 1090, 4, 213246, 215809
100, 1100, 4, 211674, 213300
100, 1110, 4, 209766, 213177
100, 1120, 4, 208406, 211809
100, 1130, 4, 207543, 211776
100, 1140, 4, 206329, 209421
100, 1150, 4, 205248, 209429
100, 1160, 4, 204090, 207026
100, 1170, 4, 202062, 205808
100, 1180, 4, 201751, 204878
100, 1190, 4, 200540, 203895
100, 1200, 4, 200169, 202787
100, 1210, 4, 199818, 202088
100, 1220, 4, 199177, 202160
100, 1230, 4, 198483, 200923
100, 1240, 4, 196823, 200053
100, 1250, 4, 195141, 197090
100, 1260, 4, 194603, 198112
100, 1270, 4, 193393, 196413
100, 1280, 4, 192431, 195506
100, 1290, 4, 191596, 193532
100, 1300, 4, 190810, 194312
100, 1310, 4, 189394, 192358
100, 1320, 4, 188563, 191044
100, 1330, 4, 186573, 189450
100, 1340, 4, 185986, 188983
100, 1350, 4, 185422, 188650
100, 1360, 4, 184800, 188029
100, 1370, 4, 183529, 186587
100, 1380, 4, 182239, 185050
100, 1390, 4, 181774, 184804
100, 1400, 4, 181007, 183990
100, 1410, 4, 179940, 182082
100, 1420, 4, 179282, 181096
100, 1430, 4, 178441, 181710
100, 1440, 4, 177689, 181551
100, 1450, 4, 177088, 179734
100, 1460, 4, 175569, 179526
100, 1470, 4, 174906, 177040
100, 1480, 4, 174834, 177491
100, 1490, 4, 173639, 176483
100, 1500, 4, 173500, 176507
100, 1510, 4, 173256, 176989
100, 1520, 4, 171279, 174981
100, 1530, 4, 170610, 174599
100, 1540, 4, 169494, 172598
100, 1550, 4, 168783, 172349
100, 1560, 4, 168132, 170418
100, 1570, 4, 167539, 170173
100, 1580, 4, 165679, 171150
100, 1590, 4, 165423, 167880
100, 1600, 4, 165114, 168491
100, 1610, 4, 164458, 166622
100, 1620, 4, 163085, 165147
100, 1630, 4, 162469, 165266
100, 1640, 4, 161843, 164527
100, 1650, 4, 160782, 164505
100, 1660, 4, 160464, 162972
100, 1670, 4, 160023, 163167
100, 1680, 4, 159171, 161759
100, 1690, 4, 158946, 161241
100, 1700, 4, 158600, 161490
100, 1710, 4, 157994, 161130
100, 1720, 4, 157669, 160809
100, 1730, 4, 157021, 158779
100, 1740, 4, 156612, 158656
100, 1750, 4, 155687, 159241
100, 1760, 4, 155613, 158220
100, 1770, 4, 155018, 157733
100, 1780, 4, 154689, 157639
100, 1790, 4, 153885, 157103
100, 1800, 4, 153233, 156310
100, 1810, 4, 152607, 155522
100, 1820, 4, 152020, 153959
100, 1830, 4, 150754, 154175
100, 1840, 4, 150067, 152087
100, 1850, 4, 149505, 152577
100, 1860, 4, 149286, 152457
100, 1870, 4, 148507, 151490
100, 1880, 4, 147985, 150404
100, 1890, 4, 147797, 149375
100, 1900, 4, 146852, 149436
100, 1910, 4, 146245, 148568
100, 1920, 4, 145695, 147748
100, 1930, 4, 145270, 147362
100, 1940, 4, 145087, 147842
100, 1950, 4, 144259, 146695
100, 1960, 4, 143770, 145870
100, 1970, 4, 143271, 145777
100, 1980, 4, 142722, 145112
100, 1990, 4, 142436, 145474
100, 2000, 4, 141836, 143344
100, 2010, 4, 141687, 143716
100, 2020, 4, 141039, 144203
100, 2030, 4, 140500, 142554
100, 2040, 4, 140137, 142714
100, 2050, 4, 139661, 142852
100, 2060, 4, 138317, 141538
100, 2070, 4, 137562, 140673
100, 2080, 4, 137562, 141158
100, 2090, 4, 137165, 140385
100, 2100, 4, 136418, 139747
100, 2110, 4, 135908, 138556
100, 2120, 4, 135615, 138215
100, 2130, 4, 135260, 138055
100, 2140, 4, 135220, 138624
100, 2150, 4, 135178, 137908
100, 2160, 4, 134921, 137196
100, 2170, 4, 134553, 137077
100, 2180, 4, 134165, 138495
100, 2190, 4, 133710, 136274
100, 2200, 4, 133338, 135519
100, 2210, 4, 132655, 135493
100, 2220, 4, 132165, 133823
100, 2230, 4, 131468, 134158
100, 2240, 4, 130938, 133105
100, 2250, 4, 130622, 131683
100, 2260, 4, 130237, 132205
100, 2270, 4, 130050, 132027
100, 2280, 4, 129612, 132214
100, 2290, 4, 128884, 131464
100, 2300, 4, 128216, 131479
100, 2310, 4, 127849, 131962
100, 2320, 4, 127170, 129180
100, 2330, 4, 127064, 128859
100, 2340, 4, 126567, 129789
100, 2350, 4, 125931, 128127
100, 2360, 4, 125355, 127521
100, 2370, 4, 125132, 127872
100, 2380, 4, 124997, 128524
100, 2390, 4, 124993, 127604
100, 2400, 4, 124908, 127181
100, 2410, 4, 124114, 126643
100, 2420, 4, 123863, 126892
100, 2430, 4, 123260, 126513
100, 2440, 4, 122934, 125617
100, 2450, 4, 122839, 125100
100, 2460, 4, 122121, 126297
100, 2470, 4, 121674, 124400
100, 2480, 4, 121388, 125149
100, 2490, 4, 121076, 122735
100, 2500, 4, 120563, 123192
100, 2510, 4, 120385, 123896
100, 2520, 4, 119675, 123570
100, 2530, 4, 119257, 121375
100, 2540, 4, 119133, 122148
100, 2550, 4, 118917, 119409
100, 2560, 4, 118700, 121523
100, 2570, 4, 118099, 120163
100, 2580, 4, 118099, 120889
100, 2590, 4, 117735, 120175
100, 2600, 4, 117438, 120598
100, 2610, 4, 117239, 118627
100, 2620, 4, 116978, 119347
100, 2630, 4, 116792, 118751
100, 2640, 4, 116498, 119707
100, 2650, 4, 116125, 118591
100, 2660, 4, 115781, 117291
100, 2670, 4, 115721, 118246
100, 2680, 4, 115503, 118360
100, 2690, 4, 115372, 117575
100, 2700, 4, 115032, 117127
100, 2710, 4, 114727, 117161
100, 2720, 4, 114482, 117505
100, 2730, 4, 114394, 117249
100, 2740, 4, 114372, 116081
100, 2750, 4, 114065, 116785
100, 2760, 4, 114065, 114497
100, 2770, 4, 113675, 116087
100, 2780, 4, 113120, 115908
100, 2790, 4, 112998, 115130
100, 2800, 4, 112372, 114985
100, 2810, 4, 111938, 114151
100, 2820, 4, 111934, 115545
100, 2830, 4, 111800, 114502
100, 2840, 4, 111490, 114594
100, 2850, 4, 111058, 113279
100, 2860, 4, 111035, 113732
100, 2870, 4, 110861, 113675
100, 2880, 4, 110619, 113197
100, 2890, 4, 110510, 112956
100, 2900, 4, 110475, 113710
100, 2910, 4, 110365, 113177
100, 2920, 4, 110154, 111974
100, 2930, 4, 109942, 111306
100, 2940, 4, 109942, 112387
100, 2950, 4, 109620, 112511
100, 2960, 4, 109377, 111397
100, 2970, 4, 109237, 110841
100, 2980, 4, 108977, 111624
100, 2990, 4, 108252, 110739
100, 3000, 4, 108052, 110275
100, 3010, 4, 107726, 110696
100, 3020, 4, 107442, 110894
100, 3030, 4, 107165, 110310
100, 3040, 4, 107008, 109949
100, 3050, 4, 106930, 109402
100, 3060, 4, 106730, 108346
100, 3070, 4, 106643, 110357
100, 3080, 4, 106377, 108487
100, 3090, 4, 105685, 108648
100, 3100, 4, 105513, 108500
100, 3110, 4, 105312, 107941
100, 3120, 4, 105096, 107389
100, 3130, 4, 105016, 107694
100, 3140, 4, 104776, 106288
100, 3150, 4, 104446, 106128
100, 3160, 4, 104263, 106610
100, 3170, 4, 103861, 106172
100, 3180, 4, 103257, 104695
100, 3190, 4, 103257, 105465
100, 3200, 4, 103257, 106962
100, 3210, 4, 102779, 106629
100, 3220, 4, 102752, 103642
100, 3230, 4, 102176, 105185
100, 3240, 4, 102176, 104892
100, 3250, 4, 101729, 105528
100, 3260, 4, 101647, 103571
100, 3270, 4, 101359, 103019
100, 3280, 4, 101359, 103061
100, 3290, 4, 101359, 104249
100, 3300, 4, 100898, 103036
100, 3310, 4, 100663, 103865
100, 3320, 4, 100288, 103810
100, 3330, 4, 99972, 101090
100, 3340, 4, 99749, 101816
100, 3350, 4, 99738, 102255
100, 3360, 4, 99644, 101176
100, 3370, 4, 99309, 101274
100, 3380, 4, 98936, 101452
100, 3390, 4, 98753, 100814
100, 3400, 4, 98676, 101275
100, 3410, 4, 98392, 100286
100, 3420, 4, 97796, 100029
100, 3430, 4, 97796, 98868
100, 3440, 4, 97763, 99940
100, 3450, 4, 97627, 99353
100, 3460, 4, 97535, 101277
100, 3470, 4, 97503, 99240
100, 3480, 4, 97380, 100332
100, 3490, 4, 96813, 99683
100, 3500, 4, 96550, 98208
100, 3510, 4, 96550, 98007
100, 3520, 4, 96550, 98238
100, 3530, 4, 96283, 98802
100, 3540, 4, 95932, 97119
100, 3550, 4, 95844, 98094
100, 3560, 4, 95742, 97900
100, 3570, 4, 95623, 96851
100, 3580, 4, 95623, 98175
100, 3590, 4, 95524, 96908
100, 3600, 4, 95524, 97911
100, 3610, 4, 95429, 97174
100, 3620, 4, 95250, 97684
100, 3630, 4, 95238, 96938
100, 3640, 4, 95238, 96476
100, 3650, 4, 95180, 96277
100, 3660, 4, 95180, 97497
100, 3670, 4, 94908, 98012
100, 3680, 4, 94767, 96537
100, 3690, 4, 94675, 97182
100, 3700, 4, 94131, 96937
100, 3710, 4, 93712, 96751
100, 3720, 4, 93707, 95650
100, 3730, 4, 93529, 95086
100, 3740, 4, 93251, 93904
100, 3750, 4, 92941, 95504
100, 3760, 4, 92679, 94565
100, 3770, 4, 92679, 93710
100, 3780, 4, 92555, 94463
100, 3790, 4, 92555, 94780
100, 3800, 4, 92243, 95123
100, 3810, 4, 92083, 94127
100, 3820, 4, 91938, 92667
100, 3830, 4, 91788, 94281
100, 3840, 4, 91573, 93914
100, 3850, 4, 91475, 92977
100, 3860, 4, 91377, 94843
100, 3870, 4, 91324, 93099
100, 3880, 4, 91308, 93409
100, 3890, 4, 91230, 93897
100, 3900, 4, 91217, 93217
100, 3910, 4, 91114, 92744
100, 3920, 4, 91092, 92621
100, 3930, 4, 91054, 92518
100, 3940, 4, 90406, 93057
100, 3950, 4, 90285, 93012
100, 3960, 4, 90201, 91748
100, 3970, 4, 90060, 91777
100, 3980, 4, 89736, 92769
100, 3990, 4, 89689, 91320
100, 4000, 4, 89577, 92349
100, 4010, 4, 89439, 89520
100, 4020, 4, 89150, 90888
100, 4030, 4, 89150, 90736
100, 4040, 4, 88538, 90171
100, 4050, 4, 88538, 89146
100, 4060, 4, 88538, 90443
100, 4070, 4, 88363, 90815
100, 4080, 4, 88253, 91153
100, 4090, 4, 88253, 90108
100, 4100, 4, 88253, 90574
100, 4110, 4, 88253, 90336
100, 4120, 4, 88048, 89623
100, 4130, 4, 88048, 89766
100, 4140, 4, 87964, 89918
100, 4150, 4, 87827, 89457
100, 4160, 4, 87613, 87827
100, 4170, 4, 87411, 88731
100, 4180, 4, 87365, 90428
100, 4190, 4, 87079, 89516
100, 4200, 4, 86829, 89662
100, 4210, 4, 86804, 87229
100, 4220, 4, 86663, 88344
100, 4230, 4, 86663, 88840
100, 4240, 4, 86539, 88398
100, 4250, 4, 86489, 89353
100, 4260, 4, 86489, 88595
100, 4270, 4, 86489, 88198
100, 4280, 4, 86441, 89118
100, 4290, 4, 85861, 88118
100, 4300, 4, 85814, 86693
100, 4310, 4, 85638, 88437
100, 4320, 4, 85638, 87954
100, 4330, 4, 85638, 87451
100, 4340, 4, 85080, 86914
100, 4350, 4, 85080, 87138
100, 4360, 4, 84914, 86370
100, 4370, 4, 84343, 86883
100, 4380, 4, 84151, 85844
100, 4390, 4, 84151, 86964
100, 4400, 4, 83836, 86161
100, 4410, 4, 83785, 86237
100, 4420, 4, 83662, 85282
100, 4430, 4, 83535, 85482
100, 4440, 4, 83535, 84032
100, 4450, 4, 83535, 85341
100, 4460, 4, 83506, 84948
100, 4470, 4, 83488, 84766
100, 4480, 4, 83488, 85370
100, 4490, 4, 83288, 86430
100, 4500, 4, 82911, 86303
100, 4510, 4, 82911, 83733
100, 4520, 4, 82889, 84594
100, 4530, 4, 82889, 84417
100, 4540, 4, 82889, 85189
100, 4550, 4, 82747, 85541
100, 4560, 4, 82617, 85891
100, 4570, 4, 82430, 83322
100, 4580, 4, 82430, 85176
100, 4590, 4, 82401, 83527
100, 4600, 4, 82196, 84423
100, 4610, 4, 82120, 84372
100, 4620, 4, 82120, 84014
100, 4630, 4, 82032, 84262
100, 4640, 4, 81974, 83690
100, 4650, 4, 81885, 85024
100, 4660, 4, 81847, 82847
100, 4670, 4, 81847, 84509
100, 4680, 4, 81738, 83235
100, 4690, 4, 81332, 84180
100, 4700, 4, 81332, 81332
100, 4710, 4, 81332, 83750
100, 4720, 4, 81132, 83154
100, 4730, 4, 81018, 82362
100, 4740, 4, 80731, 82018
100, 4750, 4, 80731, 82300
100, 4760, 4, 80649, 82811
100, 4770, 4, 80408, 83267
100, 4780, 4, 80408, 81288
100, 4790, 4, 80331, 82698
100, 4800, 4, 80296, 81836
100, 4810, 4, 80237, 82397
100, 4820, 4, 80161, 81400
100, 4830, 4, 80000, 81835
100, 4840, 4, 80000, 82051
100, 4850, 4, 80000, 82770
100, 4860, 4, 80000, 82363
100, 4870, 4, 80000, 81003
100, 4880, 4, 79856, 81498
100, 4890, 4, 79856, 81548
100, 4900, 4, 79623, 81246
100, 4910, 4, 79212, 81075
100, 4920, 4, 79212, 80481
100, 4930, 4, 79212, 81538
100, 4940, 4, 79212, 81117
100, 4950, 4, 78943, 81718
100, 4960, 4, 78881, 80518
100, 4970, 4, 78727, 80148
100, 4980, 4, 78727, 81312
100, 4990, 4, 78673, 79863
100, 5000, 4, 78614, 78673
100, 5010, 4, 78614, 80232
100, 5020, 4, 78614, 80953
100, 5030, 4, 78589, 79597
100, 5040, 4, 78400, 80727
100, 5050, 4, 78340, 80942
100, 5060, 4, 78299, 78340
100, 5070, 4, 78299, 78726
100, 5080, 4, 78033, 80110
100, 5090, 4, 77699, 79300
100, 5100, 4, 77699, 79990
100, 5110, 4, 77659, 78758
100, 5120, 4, 77624, 78599
100, 5130, 4, 77606, 80100
100, 5140, 4, 77606, 79990
100, 5150, 4, 77541, 78321
100, 5160, 4, 77464, 78479
100, 5170, 4, 77464, 79040
100, 5180, 4, 77464, 78556
100, 5190, 4, 77303, 78751
100, 5200, 4, 77303, 79173
100, 5210, 4, 77074, 79181
100, 5220, 4, 76918, 79045
100, 5230, 4, 76830, 78452
100, 5240, 4, 76830, 78211
100, 5250, 4, 76606, 78782
100, 5260, 4, 76504, 77972
100, 5270, 4, 76326, 78379
100, 5280, 4, 76286, 79432
100, 5290, 4, 76216, 78084
100, 5300, 4, 76127, 76364
100, 5310, 4, 76055, 78145
100, 5320, 4, 76055, 77031
100, 5330, 4, 75743, 77414
100, 5340, 4, 75743, 77066
100, 5350, 4, 75743, 76542
100, 5360, 4, 75734, 77612
100, 5370, 4, 75716, 78053
100, 5380, 4, 75716, 77641
100, 5390, 4, 75716, 77463
100, 5400, 4, 75716, 75820
100, 5410, 4, 75699, 75716
100, 5420, 4, 75678, 76827
100, 5430, 4, 75678, 75678
100, 5440, 4, 75555, 76129
100, 5450, 4, 75555, 77888
100, 5460, 4, 75555, 76705
100, 5470, 4, 75401, 77078
100, 5480, 4, 75401, 76782
100, 5490, 4, 75401, 75477
100, 5500, 4, 75401, 76536
100, 5510, 4, 75163, 77027
100, 5520, 4, 74963, 75787
100, 5530, 4, 74963, 74963
100, 5540, 4, 74963, 77120
100, 5550, 4, 74698, 77737
100, 5560, 4, 74698, 75533
100, 5570, 4, 74698, 76889
100, 5580, 4, 74698, 74698
100, 5590, 4, 74698, 76921
100, 5600, 4, 74522, 76822
100, 5610, 4, 74522, 76521
100, 5620, 4, 74375, 75670
100, 5630, 4, 74375, 76322
100, 5640, 4, 74241, 74375
100, 5650, 4, 73976, 76591
100, 5660, 4, 73645, 76031
100, 5670, 4, 73599, 74891
100, 5680, 4, 73599, 74843
100, 5690, 4, 73599, 75579
100, 5700, 4, 73487, 74882
100, 5710, 4, 73487, 76529
100, 5720, 4, 73487, 74519
100, 5730, 4, 73487, 74742
100, 5740, 4, 73487, 74265
100, 5750, 4, 73487, 75956
100, 5760, 4, 73487, 75364
100, 5770, 4, 73317, 75156
100, 5780, 4, 73317, 73789
100, 5790, 4, 73065, 73317
100, 5800, 4, 73017, 74790
100, 5810, 4, 72997, 74272
100, 5820, 4, 72997, 74332
100, 5830, 4, 72797, 74323
100, 5840, 4, 72797, 73063
100, 5850, 4, 72797, 74839
100, 5860, 4, 72720, 73469
100, 5870, 4, 72720, 74094
100, 5880, 4, 72720, 73808
100, 5890, 4, 72452, 74941
100, 5900, 4, 72452, 72720
100, 5910, 4, 72452, 74817
100, 5920, 4, 72385, 72452
100, 5930, 4, 72102, 74629
100, 5940, 4, 72102, 73261
100, 5950, 4, 72102, 73585
100, 5960, 4, 72102, 74260
100, 5970, 4, 71949, 72443
100, 5980, 4, 71913, 74528
100, 5990, 4, 71913, 71913
100, 6000, 4, 71775, 73121
100, 6010, 4, 71749, 73384
100, 6020, 4, 71749, 71749
100, 6030, 4, 71749, 72047
100, 6040, 4, 71749, 74430
100, 6050, 4, 71741, 73211
100, 6060, 4, 71741, 73650
100, 6070, 4, 71620, 72588
100, 6080, 4, 71555, 72504
100, 6090, 4, 71555, 71871
100, 6100, 4, 71555, 72877
100, 6110, 4, 71555, 72742
100, 6120, 4, 71464, 72608
100, 6130, 4, 71405, 73771
100, 6140, 4, 71085, 73779
100, 6150, 4, 71069, 73233
100, 6160, 4, 71069, 71840
100, 6170, 4, 71029, 73567
100, 6180, 4, 71029, 72478
100, 6190, 4, 71028, 72935
100, 6200, 4, 71028, 71028
100, 6210, 4, 70829, 71558
100, 6220, 4, 70727, 72243
100, 6230, 4, 70666, 70851
100, 6240, 4, 70607, 71236
100, 6250, 4, 70607, 72124
100, 6260, 4, 70365, 71491
100, 6270, 4, 70282, 71730
100, 6280, 4, 70282, 72901
100, 6290, 4, 70163, 71253
100, 6300, 4, 70163, 71896
100, 6310, 4, 70163, 71048
100, 6320, 4, 70163, 72249
100, 6330, 4, 70163, 71857
100, 6340, 4, 70163, 72210
100, 6350, 4, 70163, 71102
100, 6360, 4, 70163, 72253
100, 6370, 4, 70163, 70163
100, 6380, 4, 70163, 72068
100, 6390, 4, 70025, 71482
100, 6400, 4, 70025, 72824
100, 6410, 4, 69992, 71270
100, 6420, 4, 69985, 71409
100, 6430, 4, 69985, 71541
100, 6440, 4, 69985, 70804
100, 6450, 4, 69985, 69985
100, 6460, 4, 69985, 71770
100, 6470, 4, 69985, 72292
100, 6480, 4, 69946, 70819
100, 6490, 4, 69863, 71312
100, 6500, 4, 69839, 71784
100, 6510, 4, 69599, 70419
100, 6520, 4, 69442, 69759
100, 6530, 4, 69442, 71227
100, 6540, 4, 69421, 69920
100, 6550, 4, 69421, 69421
100, 6560, 4, 69421, 69421
100, 6570, 4, 69421, 69421
100, 6580, 4, 69421, 70447
100, 6590, 4, 69412, 70966
100, 6600, 4, 69412, 69412
100, 6610, 4, 69412, 69412
100, 6620, 4, 69125, 70231
100, 6630, 4, 68933, 69125
100, 6640, 4, 68933, 69873
100, 6650, 4, 68933, 68933
100, 6660, 4, 68933, 70285
100, 6670, 4, 68933, 71161
100, 6680, 4, 68933, 71103
100, 6690, 4, 68933, 68933
100, 6700, 4, 68933, 70498
100, 6710, 4, 68832, 68933
100, 6720, 4, 68791, 68832
100, 6730, 4, 68791, 70567
100, 6740, 4, 68791, 70744
100, 6750, 4, 68590, 71171
100, 6760, 4, 68590, 69896
100, 6770, 4, 68456, 69701
100, 6780, 4, 68456, 68590
100, 6790, 4, 68456, 68456
100, 6800, 4, 68395, 69961
100, 6810, 4, 68395, 68395
100, 6820, 4, 68395, 68395
100, 6830, 4, 68349, 69169
100, 6840, 4, 68118, 68349
100, 6850, 4, 68118, 69538
100, 6860, 4, 68118, 69461
100, 6870, 4, 67922, 68118
100, 6880, 4, 67922, 67922
100, 6890, 4, 67884, 70169
100, 6900, 4, 67818, 68704
100, 6910, 4, 67695, 68279
100, 6920, 4, 67571, 68581
100, 6930, 4, 67560, 69299
100, 6940, 4, 67560, 67560
100, 6950, 4, 67560, 70231
100, 6960, 4, 67560, 69770
100, 6970, 4, 67526, 67701
100, 6980, 4, 67526, 68569
100, 6990, 4, 67471, 68086
100, 7000, 4, 67471, 67471
100, 7010, 4, 67471, 67471
100, 7020, 4, 67471, 67471
100, 7030, 4, 67388, 69012
100, 7040, 4, 67388, 68887
100, 7050, 4, 67388, 67388
100, 7060, 4, 67147, 67566
100, 7070, 4, 67147, 68735
100, 7080, 4, 67147, 67247
100, 7090, 4, 67147, 68159
100, 7100, 4, 67079, 69321
100, 7110, 4, 67079, 68943
100, 7120, 4, 67079, 68629
100, 7130, 4, 67079, 68036
100, 7140, 4, 67079, 69151
100, 7150, 4, 67079, 67079
100, 7160, 4, 67079, 68958
100, 7170, 4, 67021, 67440
100, 7180, 4, 67021, 67261
100, 7190, 4, 67021, 67835
100, 7200, 4, 66965, 67021
100, 7210, 4, 66959, 66959
100, 7220, 4, 66959, 68739
100, 7230, 4, 66959, 66959
100, 7240, 4, 66959, 69290
100, 7250, 4, 66959, 68294
100, 7260, 4, 66959, 68122
100, 7270, 4, 66882, 68332
100, 7280, 4, 66882, 67424
100, 7290, 4, 66882, 66882
100, 7300, 4, 66882, 67853
100, 7310, 4, 66882, 66882
100, 7320, 4, 66882, 68207
100, 7330, 4, 66759, 67647
100, 7340, 4, 66759, 68143
100, 7350, 4, 66759, 66759
100, 7360, 4, 66759, 67708
100, 7370, 4, 66759, 68582
100, 7380, 4, 66759, 66759
100, 7390, 4, 66759, 66759
100, 7400, 4, 66759, 66759
100, 7410, 4, 66759, 67244
100, 7420, 4, 66759, 66759
100, 7430, 4, 66759, 67483
100, 7440, 4, 66759, 67588
100, 7450, 4, 66759, 67699
100, 7460, 4, 66759, 66759
100, 7470, 4, 66676, 67028
100, 7480, 4, 66673, 69115
100, 7490, 4, 66673, 66673
100, 7500, 4, 66605, 67078
100, 7510, 4, 66605, 67521
100, 7520, 4, 66605, 68584
100, 7530, 4, 66471, 68843
100, 7540, 4, 66471, 68717
100, 7550, 4, 66471, 68658
100, 7560, 4, 66471, 67518
100, 7570, 4, 66471, 67664
100, 7580, 4, 66363, 69174
100, 7590, 4, 66363, 66471
100, 7600, 4, 66363, 66363
100, 7610, 4, 66363, 68987
100, 7620, 4, 66239, 68067
100, 7630, 4, 66239, 66239
100, 7640, 4, 66039, 67404
100, 7650, 4, 66039, 67474
100, 7660, 4, 66039, 66039
100, 7670, 4, 65852, 67081
100, 7680, 4, 65852, 65852
100, 7690, 4, 65852, 66665
100, 7700, 4, 65852, 65852
100, 7710, 4, 65652, 67162
100, 7720, 4, 65449, 66909
100, 7730, 4, 65449, 65652
100, 7740, 4, 65449, 65449
100, 7750, 4, 65449, 65449
100, 7760, 4, 65449, 66887
100, 7770, 4, 65449, 65449
100, 7780, 4, 65449, 65449
100, 7790, 4, 65424, 65449
100, 7800, 4, 65424, 65424
100, 7810, 4, 65335, 66172
100, 7820, 4, 65335, 65535
100, 7830, 4, 65335, 65690
100, 7840, 4, 65335, 65575
100, 7850, 4, 65217, 65217
100, 7860, 4, 65217, 65217
100, 7870, 4, 65217, 66227
100, 7880, 4, 65176, 65217
100, 7890, 4, 65176, 65176
100, 7900, 4, 65176, 65576
100, 7910, 4, 65176, 65281
100, 7920, 4, 65176, 66027
100, 7930, 4, 65176, 65176
100, 7940, 4, 65176, 65686
100, 7950, 4, 65123, 65176
100, 7960, 4, 65123, 65123
100, 7970, 4, 65123, 65123
100, 7980, 4, 65123, 65123
100, 7990, 4, 65123, 65123
100, 8000, 4, 65123, 65123
100, 8010, 4, 65063, 65123
100, 8020, 4, 65063, 66602
100, 8030, 4, 65063, 65965
100, 8040, 4, 65063, 65063
100, 8050, 4, 65063, 66991
100, 8060, 4, 65063, 65063
100, 8070, 4, 65063, 65063
100, 8080, 4, 64955, 66866
100, 8090, 4, 64955, 66999
100, 8100, 4, 64955, 66894
100, 8110, 4, 64953, 64955
100, 8120, 4, 64953, 64953
100, 8130, 4, 64953, 64953
100, 8140, 4, 64953, 64953
100, 8150, 4, 64936, 64953
100, 8160, 4, 64908, 64908
100, 8170, 4, 64824, 65704
100, 8180, 4, 64824, 66523
100, 8190, 4, 64824, 64824
100, 8200, 4, 64824, 66469
100, 8210, 4, 64824, 64824
100, 8220, 4, 64824, 67006
100, 8230, 4, 64824, 65789
100, 8240, 4, 64783, 65120
100, 8250, 4, 64783, 65165
100, 8260, 4, 64783, 65373
100, 8270, 4, 64783, 65616
100, 8280, 4, 64783, 64783
100, 8290, 4, 64783, 64783
100, 8300, 4, 64783, 65495
100, 8310, 4, 64776, 64783
100, 8320, 4, 64776, 64783
100, 8330, 4, 64776, 66284
100, 8340, 4, 64776, 66715
100, 8350, 4, 64776, 65767
100, 8360, 4, 64740, 64776
100, 8370, 4, 64591, 66711
100, 8380, 4, 64514, 65370
100, 8390, 4, 64514, 66562
100, 8400, 4, 64514, 64514
100, 8410, 4, 64514, 64514
100, 8420, 4, 64514, 65880
100, 8430, 4, 64514, 66402
100, 8440, 4, 64514, 64514
100, 8450, 4, 64514, 64514
100, 8460, 4, 64514, 64514
100, 8470, 4, 64514, 64514
100, 8480, 4, 64514, 65367
100, 8490, 4, 64514, 64514
100, 8500, 4, 64514, 64514
100, 8510, 4, 64514, 66325
100, 8520, 4, 64514, 64514
100, 8530, 4, 64514, 64514
100, 8540, 4, 64441, 64831
100, 8550, 4, 64383, 64441
100, 8560, 4, 64333, 64383
100, 8570, 4, 64333, 64333
100, 8580, 4, 64333, 64333
100, 8590, 4, 64333, 64333
100, 8600, 4, 64333, 64333
100, 8610, 4, 64333, 65533
100, 8620, 4, 64333, 64333
100, 8630, 4, 64333, 65244
100, 8640, 4, 64333, 64333
100, 8650, 4, 64333, 64333
100, 8660, 4, 64316, 64333
100, 8670, 4, 64316, 64316
100, 8680, 4, 64316, 64316
100, 8690, 4, 64316, 64316
100, 8700, 4, 64316, 64316
100, 8710, 4, 64259, 64642
100, 8720, 4, 64225, 65441
100, 8730, 4, 64172, 64419
100, 8740, 4, 64172, 64172
100, 8750, 4, 64172, 64172
100, 8760, 4, 64172, 64172
100, 8770, 4, 64172, 64172
100, 8780, 4, 63993, 64172
100, 8790, 4, 63993, 63993
100, 8800, 4, 63993, 64872
100, 8810, 4, 63993, 63993
100, 8820, 4, 63993, 63993
100, 8830, 4, 63993, 63993
100, 8840, 4, 63993, 63993
100, 8850, 4, 63993, 64796
100, 8860, 4, 63954, 63993
100, 8870, 4, 63754, 63954
100, 8880, 4, 63754, 65041
100, 8890, 4, 63754, 64142
100, 8900, 4, 63629, 63754
100, 8910, 4, 63629, 63629
100, 8920, 4, 63629, 63629
100, 8930, 4, 63629, 63629
100, 8940, 4, 63629, 63629
100, 8950, 4, 63629, 63629
100, 8960, 4, 63629, 63629
100, 8970, 4, 63629, 63629
100, 8980, 4, 63629, 64386
100, 8990, 4, 63607, 63629
100, 9000, 4, 63607, 65093
100, 9010, 4, 63607, 63607
100, 9020, 4, 63607, 64230
100, 9030, 4, 63607, 63607
100, 9040, 4, 62958, 62958
100, 9050, 4, 62776, 64147
100, 9060, 4, 62776, 62776
100, 9070, 4, 62776, 62776
100, 9080, 4, 62776, 62982
100, 9090, 4, 62776, 62776
100, 9100, 4, 62776, 62776
100, 9110, 4, 62711, 64586
100, 9120, 4, 62711, 62711
100, 9130, 4, 62711, 62711
100, 9140, 4, 62711, 62711
100, 9150, 4, 62674, 62711
100, 9160, 4, 62674, 64562
100, 9170, 4, 62674, 62674
100, 9180, 4, 62529, 63819
100, 9190, 4, 62529, 62529
100, 9200, 4, 62447, 62447
100, 9210, 4, 62447, 62880
100, 9220, 4, 62434, 62447
100, 9230, 4, 62209, 62434
100, 9240, 4, 62209, 62209
100, 9250, 4, 62209, 62456
100, 9260, 4, 62209, 62209
100, 9270, 4, 62209, 62209
100, 9280, 4, 62209, 63189
100, 9290, 4, 62209, 62209
100, 9300, 4, 62209, 63744
100, 9310, 4, 62209, 63658
100, 9320, 4, 61764, 62209
100, 9330, 4, 61764, 61764
100, 9340, 4, 61708, 62784
100, 9350, 4, 61708, 61708
100, 9360, 4, 61708, 62787
100, 9370, 4, 61708, 62108
100, 9380, 4, 61708, 62083
100, 9390, 4, 61688, 61708
100, 9400, 4, 61688, 61688
100, 9410, 4, 61688, 62853
100, 9420, 4, 61688, 63784
100, 9430, 4, 61688, 61940
100, 9440, 4, 61688, 62609
100, 9450, 4, 61688, 61688
100, 9460, 4, 61688, 61688
100, 9470, 4, 61688, 61688
100, 9480, 4, 61688, 61688
100, 9490, 4, 61616, 61688
100, 9500, 4, 61616, 61616
100, 9510, 4, 61616, 62012
100, 9520, 4, 61616, 62330
100, 9530, 4, 61616, 63408
100, 9540, 4, 61616, 61616
100, 9550, 4, 61531, 61616
100, 9560, 4, 61531, 61531
100, 9570, 4, 61531, 61531
100, 9580, 4, 61531, 62724
100, 9590, 4, 61531, 61531
100, 9600, 4, 61531, 61531
100, 9610, 4, 61531, 61531
100, 9620, 4, 61531, 61531
100, 9630, 4, 61531, 61531
100, 9640, 4, 61531, 61531
100, 9650, 4, 61531, 61531
100, 9660, 4, 61531, 61531
100, 9670, 4, 61531, 61531
100, 9680, 4, 61531, 61531
100, 9690, 4, 61531, 61531
100, 9700, 4, 61531, 61531
100, 9710, 4, 61531, 61614
100, 9720, 4, 61531, 61531
100, 9730, 4, 61531, 61531
100, 9740, 4, 61531, 63424
100, 9750, 4, 61531, 62675
100, 9760, 4, 61531, 61531
100, 9770, 4, 61531, 62393
100, 9780, 4, 61531, 62047
100, 9790, 4, 61531, 61531
100, 9800, 4, 61531, 61531
100, 9810, 4, 61531, 61531
100, 9820, 4, 61490, 61531
100, 9830, 4, 61490, 61490
100, 9840, 4, 61490, 62334
100, 9850, 4, 61490, 63665
100, 9860, 4, 61490, 62040
100, 9870, 4, 61453, 61490
100, 9880, 4, 61453, 61453
100, 9890, 4, 61423, 61423
100, 9900, 4, 61423, 61423
100, 9910, 4, 61340, 61423
100, 9920, 4, 61216, 61340
100, 9930, 4, 61216, 61216
100, 9940, 4, 61216, 61841
100, 9950, 4, 61216, 61216
100, 9960, 4, 61216, 61216
100, 9970, 4, 61216, 61216
100, 9980, 4, 61216, 61216
100, 9990, 4, 61216, 61216
100, 10000, 4, 61216, 61216
100, 10010, 4, 61216, 61216
100, 10020, 4, 61216, 61216
100, 10030, 4, 61180, 61180
100, 10040, 4, 61180, 61180
100, 10050, 4, 61124, 61180
100, 10060, 4, 61064, 61064
100, 10070, 4, 61064, 61064
100, 10080, 4, 61064, 61064
100, 10090, 4, 61064, 61064
100, 10100, 4, 60981, 61064
100, 10110, 4, 60981, 60981
100, 10120, 4, 60981, 60981
100, 10130, 4, 60981, 60981
100, 10140, 4, 60981, 62378
100, 10150, 4, 60981, 61039
100, 10160, 4, 60981, 60981
100, 10170, 4, 60981, 60981
100, 10180, 4, 60981, 60981
100, 10190, 4, 60981, 60981
100, 10200, 4, 60981, 60981
100, 10210, 4, 60973, 61245
100, 10220, 4, 60935, 60973
100, 10230, 4, 60935, 60935
100, 10240, 4, 60935, 60935
100, 10250, 4, 60935, 60935
100, 10260, 4, 60742, 60935
100, 10270, 4, 60742, 60742
100, 10280, 4, 60742, 60742
100, 10290, 4, 60742, 60742
100, 10300, 4, 60742, 60742
100, 10310, 4, 60565, 61255
100, 10320, 4, 60565, 60565
100, 10330, 4, 60565, 60565
100, 10340, 4, 60565, 60565
100, 10350, 4, 60565, 60565
100, 10360, 4, 60565, 60565
100, 10370, 4, 60565, 60565
100, 10380, 4, 60565, 61562
100, 10390, 4, 60565, 60565
100, 10400, 4, 60565, 60565
100, 10410, 4, 60565, 60565
100, 10420, 4, 60565, 60565
100, 10430, 4, 60565, 60565
100, 10440, 4, 60565, 62387
100, 10450, 4, 60565, 60565
100, 10460, 4, 60565, 60565
100, 10470, 4, 60565, 60565
100, 10480, 4, 60565, 60565
100, 10490, 4, 60565, 60565
100, 10500, 4, 60565, 60565
100, 10510, 4, 60565, 60565
100, 10520, 4, 60565, 60565
100, 10530, 4, 60522, 60565
100, 10540, 4, 60522, 60522
100, 10550, 4, 60522, 60522
100, 10560, 4, 60522, 60522
100, 10570, 4, 60522, 60522
100, 10580, 4, 60522, 60522
100, 10590, 4, 60522, 60522
100, 10600, 4, 60522, 60522
100, 10610, 4, 60384, 60522
100, 10620, 4, 60384, 60384
100, 10630, 4, 60384, 60384
100, 10640, 4, 60384, 61384
100, 10650, 4, 60384, 62073
100, 10660, 4, 60384, 60384
100, 10670, 4, 60384, 60384
100, 10680, 4, 60384, 60384
100, 10690, 4, 60384, 60384
100, 10700, 4, 60384, 60384
100, 10710, 4, 60384, 60384
100, 10720, 4, 60384, 60384
100, 10730, 4, 60384, 61305
100, 10740, 4, 60384, 60384
100, 10750, 4, 60384, 61096
100, 10760, 4, 60384, 60384
100, 10770, 4, 60366, 60384
100, 10780, 4, 60366, 60366
100, 10790, 4, 60366, 60366
100, 10800, 4, 60366, 60366
100, 10810, 4, 60366, 60366
100, 10820, 4, 60366, 60366
100, 10830, 4, 60366, 60366
100, 10840, 4, 60366, 61487
100, 10850, 4, 60366, 60366
100, 10860, 4, 60366, 60366
100, 10870, 4, 60366, 60366
100, 10880, 4, 60366, 60366
100, 10890, 4, 60366, 60366
100, 10900, 4, 60366, 60490
100, 10910, 4, 60306, 60366
100, 10920, 4, 60306, 61272
100, 10930, 4, 60306, 60306
100, 10940, 4, 60306, 60306
100, 10950, 4, 60306, 60306
100, 10960, 4, 60306, 60306
100, 10970, 4, 60306, 60306
100, 10980, 4, 60306, 60306
100, 10990, 4, 60306, 60306
100, 11000, 4, 60306, 60306
100, 11010, 4, 60306, 61438
100, 11020, 4, 60303, 60303
100, 11030, 4, 60303, 60303
100, 11040, 4, 60303, 60303
100, 11050, 4, 60303, 61149
100, 11060, 4, 60303, 60303
100, 11070, 4, 60303, 60303
100, 11080, 4, 60303, 60303
100, 11090, 4, 60303, 60303
100, 11100, 4, 60303, 60303
100, 11110, 4, 60219, 60303
100, 11120, 4, 60219, 60219
100, 11130, 4, 60219, 60219
100, 11140, 4, 60219, 60219
100, 11150, 4, 60219, 60219
100, 11160, 4, 60178, 60219
100, 11170, 4, 60178, 60178
100, 11180, 4, 60178, 60178
100, 11190, 4, 60178, 60178
100, 11200, 4, 60178, 60178
100, 11210, 4, 60178, 60178
100, 11220, 4, 60178, 60178
100, 11230, 4, 60178, 60178
100, 11240, 4, 60178, 60178
100, 11250, 4, 60178, 60178
100, 11260, 4, 60178, 60178
100, 11270, 4, 60178, 60178
100, 11280, 4, 60178, 60178
100, 11290, 4, 60178, 60178
100, 11300, 4, 60178, 60178
100, 11310, 4, 60178, 60178
100, 11320, 4, 60178, 60178
100, 11330, 4, 60178, 60178
100, 11340, 4, 60178, 60178
100, 11350, 4, 60178, 60178
100, 11360, 4, 60178, 60178
100, 11370, 4, 60178, 60178
100, 11380, 4, 60178, 60178
100, 11390, 4, 60178, 60178
100, 11400, 4, 60133, 60178
100, 11410, 4, 60133, 60133
100, 11420, 4, 60133, 60413
100, 11430, 4, 60133, 60133
100, 11440, 4, 60133, 60133
100, 11450, 4, 60051, 60133
100, 11460, 4, 60009, 60051
100, 11470, 4, 60009, 60009
100, 11480, 4, 60009, 60009
100, 11490, 4, 60009, 60009
100, 11500, 4, 60009, 60009
100, 11510, 4, 60009, 60009
100, 11520, 4, 60009, 60009
100, 11530, 4, 60009, 60009
100, 11540, 4, 60009, 60009
100, 11550, 4, 60009, 60009
100, 11560, 4, 59926, 60009
100, 11570, 4, 59926, 59926
100, 11580, 4, 59926, 59926
100, 11590, 4, 59926, 59926
100, 11600, 4, 59926, 59926
100, 11610, 4, 59926, 59926
100, 11620, 4, 59926, 59926
100, 11630, 4, 59926, 59926
100, 11640, 4, 59843, 59926
100, 11650, 4, 59843, 59843
100, 11660, 4, 59815, 59815
100, 11670, 4, 59800, 59800
100, 11680, 4, 59800, 59800
100, 11690, 4, 59800, 59800
100, 11700, 4, 59800, 59800
100, 11710, 4, 59784, 59800
100, 11720, 4, 59784, 59784
100, 11730, 4, 59784, 59784
100, 11740, 4, 59784, 59784
100, 11750, 4, 59784, 59784
100, 11760, 4, 59780, 59784
100, 11770, 4, 59686, 59780
100, 11780, 4, 59626, 59686
100, 11790, 4, 59626, 59626
100, 11800, 4, 59626, 59626
100, 11810, 4, 59626, 59626
100, 11820, 4, 59626, 59626
100, 11830, 4, 59626, 59626
100, 11840, 4, 59626, 59626
100, 11850, 4, 59626, 59626
100, 11860, 4, 59626, 59626
100, 11870, 4, 59626, 59626
100, 11880, 4, 59626, 59626
100, 11890, 4, 59626, 59626
100, 11900, 4, 59626, 59626
100, 11910, 4, 59626, 59626
100, 11920, 4, 59626, 59626
100, 11930, 4, 59626, 59626
100, 11940, 4, 59626, 59626
100, 11950, 4, 59365, 59365
100, 11960, 4, 59365, 59365
100, 11970, 4, 59365, 59365
100, 11980, 4, 59365, 59365
100, 11990, 4, 59365, 59365
100, 12000, 4, 59365, 59365
100, 12010, 4, 59365, 59365
100, 12020, 4, 59365, 59365
100, 12030, 4, 59365, 59365
100, 12040, 4, 59365, 59365
100, 12050, 4, 59365, 59365
100, 12060, 4, 59365, 59365
100, 12070, 4, 59365, 59365
100, 12080, 4, 59365, 59365
100, 12090, 4, 59148, 59148
100, 12100, 4, 59148, 59148
100, 12110, 4, 59148, 59148
100, 12120, 4, 59148, 59148
100, 12130, 4, 59148, 59148
100, 12140, 4, 59148, 59148
100, 12150, 4, 59148, 59148
100, 12160, 4, 59148, 59148
100, 12170, 4, 59148, 59148
100, 12180, 4, 59148, 59148
100, 12190, 4, 59148, 59148
100, 12200, 4, 59148, 59148
100, 12210, 4, 59148, 59148
100, 12220, 4, 59143, 59148
100, 12230, 4, 59143, 59143
100, 12240, 4, 59143, 59143
100, 12250, 4, 59143, 59143
100, 12260, 4, 59143, 59143
100, 12270, 4, 59143, 59143
100, 12280, 4, 59143, 59143
100, 12290, 4, 59143, 59143
100, 12300, 4, 59143, 59143
100, 12310, 4, 59143, 59143
100, 12320, 4, 59143, 59143
100, 12330, 4, 59139, 59143
100, 12340, 4, 59139, 59139
100, 12350, 4, 58997, 59139
100, 12360, 4, 58997, 58997
100, 12370, 4, 58997, 58997
100, 12380, 4, 58997, 58997
100, 12390, 4, 58997, 58997
100, 12400, 4, 58997, 58997
100, 12410, 4, 58997, 58997
100, 12420, 4, 58997, 58997
100, 12430, 4, 58997, 58997
100, 12440, 4, 58997, 58997
100, 12450, 4, 58997, 58997
100, 12460, 4, 58997, 58997
100, 12470, 4, 58854, 58854
100, 12480, 4, 58854, 58854
100, 12490, 4, 58854, 58854
100, 12500, 4, 58854, 58854
100, 12510, 4, 58854, 58854
100, 12520, 4, 58854, 58854
100, 12530, 4, 58854, 58854
100, 12540, 4, 58854, 58854
100, 12550, 4, 58854, 58854
100, 12560, 4, 58854, 58854
100, 12570, 4, 58854, 58854
100, 12580, 4, 58854, 58854
100, 12590, 4, 58854, 58854
100, 12600, 4, 58854, 58854
100, 12610, 4, 58854, 58854
100, 12620, 4, 58854, 58854
100, 12630, 4, 58854, 58854
100, 12640, 4, 58854, 58854
100, 12650, 4, 58854, 59256
100, 12660, 4, 58854, 58854
100, 12670, 4, 58854, 58854
100, 12680, 4, 58730, 58730
100, 12690, 4, 58730, 58730
100, 12700, 4, 58730, 58730
100, 12710, 4, 58730, 58730
100, 12720, 4, 58730, 58730
100, 12730, 4, 58730, 58730
100, 12740, 4, 58730, 58730
100, 12750, 4, 58730, 58730
100, 12760, 4, 58730, 58730
100, 12770, 4, 58730, 58730
100, 12780, 4, 58730, 58730
100, 12790, 4, 58730, 58730
100, 12800, 4, 58730, 58730
100, 12810, 4, 58730, 58730
100, 12820, 4, 58730, 58730
100, 12830, 4, 58330, 58330
100, 12840, 4, 58330, 58330
100, 12850, 4, 58330, 58330
100, 12860, 4, 58275, 58330
100, 12870, 4, 58275, 58275
100, 12880, 4, 58275, 58275
100, 12890, 4, 58275, 58275
100, 12900, 4, 58275, 58275
100, 12910, 4, 58275, 58275
100, 12920, 4, 58275, 58275
100, 12930, 4, 58258, 58275
100, 12940, 4, 58258, 58258
100, 12950, 4, 58258, 58258
100, 12960, 4, 58258, 58258
100, 12970, 4, 58258, 58258
100, 12980, 4, 58258, 58258
100, 12990, 4, 58258, 58258
100, 13000, 4, 58258, 58258
100, 13010, 4, 58258, 58258
100, 13020, 4, 58258, 58258
100, 13030, 4, 58258, 58258
100, 13040, 4, 58258, 58258
100, 13050, 4, 58258, 58258
100, 13060, 4, 58258, 58258
100, 13070, 4, 58258, 58258
100, 13080, 4, 58258, 58258
100, 13090, 4, 58258, 58258
100, 13100, 4, 58258, 58258
100, 13110, 4, 58258, 58258
100, 13120, 4, 58258, 58258
100, 13130, 4, 58258, 58258
100, 13140, 4, 58258, 58258
100, 13150, 4, 58258, 58258
100, 13160, 4, 58258, 58258
100, 13170, 4, 58258, 58258
100, 13180, 4, 58258, 58258
100, 13190, 4, 58258, 58258
100, 13200, 4, 58258, 58258
100, 13210, 4, 58258, 58258
100, 13220, 4, 58258, 58258
100, 13230, 4, 58258, 58258
100, 13240, 4, 58258, 58258
100, 13250, 4, 58146, 58258
100, 13260, 4, 58146, 58146
100, 13270, 4, 58146, 58146
100, 13280, 4, 58146, 58146
100, 13290, 4, 58146, 58146
100, 13300, 4, 58146, 58146
100, 13310, 4, 58146, 58146
100, 13320, 4, 58146, 58146
100, 13330, 4, 58146, 58146
100, 13340, 4, 58146, 58146
100, 13350, 4, 58090, 58146
100, 13360, 4, 58090, 58090
100, 13370, 4, 58065, 58090
100, 13380, 4, 58065, 58065
100, 13390, 4, 58065, 58065
100, 13400, 4, 58065, 58065
100, 13410, 4, 58065, 58065
100, 13420, 4, 58065, 58065
100, 13430, 4, 58065, 58065
100, 13440, 4, 58065, 58065
100, 13450, 4, 58065, 58065
100, 13460, 4, 58065, 58065
100, 13470, 4, 58065, 58065
100, 13480, 4, 58065, 58065
100, 13490, 4, 57942, 58065
100, 13500, 4, 57942, 57942
100, 13510, 4, 57942, 57942
100, 13520, 4, 57942, 57942
100, 13530, 4, 57942, 57942
100, 13540, 4, 57942, 57942
100, 13550, 4, 57942, 57942
100, 13560, 4, 57942, 57942
100, 13570, 4, 57942, 57942
100, 13580, 4, 57942, 57942
100, 13590, 4, 57942, 57942
100, 13600, 4, 57942, 57942
100, 13610, 4, 57842, 57942
100, 13620, 4, 57842, 57842
100, 13630, 4, 57842, 57842
100, 13640, 4, 57840, 57840
100, 13650, 4, 57840, 57840
100, 13660, 4, 57840, 57840
100, 13670, 4, 57840, 57840
100, 13680, 4, 57840, 57840
100, 13690, 4, 57840, 57840
100, 13700, 4, 57840, 57840
100, 13710, 4, 57840, 57840
100, 13720, 4, 57840, 57840
100, 13730, 4, 57840, 57840
100, 13740, 4, 57840, 57840
100, 13750, 4, 57840, 57840
100, 13760, 4, 57840, 57840
100, 13770, 4, 57840, 57840
100, 13780, 4, 57840, 57840
100, 13790, 4, 57840, 57840
100, 13800, 4, 57840, 57840
100, 13810, 4, 57840, 57840
100, 13820, 4, 57840, 57840
100, 13830, 4, 57840, 57840
100, 13840, 4, 57840, 57840
100, 13850, 4, 57840, 57840
100, 13860, 4, 57840, 57840
100, 13870, 4, 57840, 57840
100, 13880, 4, 57840, 57840
100, 13890, 4, 57840, 57840
100, 13900, 4, 57840, 57840
100, 13910, 4, 57840, 57840
100, 13920, 4, 57840, 57840
100, 13930, 4, 57840, 57840
100, 13940, 4, 57791, 57791
100, 13950, 4, 57708, 57791
100, 13960, 4, 57708, 57708
100, 13970, 4, 57708, 57708
100, 13980, 4, 57708, 57708
100, 13990, 4, 57708, 57708
100, 14000, 4, 57708, 57708
100, 14010, 4, 57708, 57708
100, 14020, 4, 57708, 57708
100, 14030, 4, 57708, 57708
100, 14040, 4, 57708, 57708
100, 14050, 4, 57708, 57708
100, 14060, 4, 57708, 57708
100, 14070, 4, 57708, 57708
100, 14080, 4, 57708, 57708
100, 14090, 4, 57708, 57708
100, 14100, 4, 57708, 57708
100, 14110, 4, 57708, 57708
100, 14120, 4, 57708, 57708
100, 14130, 4, 57708, 57708
100, 14140, 4, 57708, 57708
100, 14150, 4, 57708, 57708
100, 14160, 4, 57708, 57708
100, 14170, 4, 57708, 57708
100, 14180, 4, 57708, 57708
100, 14190, 4, 57708, 57708
100, 14200, 4, 57708, 57708
100, 14210, 4, 57708, 57708
100, 14220, 4, 57708, 57708
100, 14230, 4, 57708, 57708
100, 14240, 4, 57708, 57708
100, 14250, 4, 57708, 57708
100, 14260, 4, 57708, 57708
100, 14270, 4, 57708, 57708
100, 14280, 4, 57708, 57708
100, 14290, 4, 57708, 57708
100, 14300, 4, 57708, 57708
100, 14310, 4, 57629, 57708
100, 14320, 4, 57472, 57516
100, 14330, 4, 57472, 57472
100, 14340, 4, 57472, 57472
100, 14350, 4, 57472, 57472
100, 14360, 4, 57472, 57472
100, 14370, 4, 57472, 57472
100, 14380, 4, 57472, 57472
100, 14390, 4, 57472, 57472
100, 14400, 4, 57472, 57472
100, 14410, 4, 57472, 57472
100, 14420, 4, 57472, 57472
100, 14430, 4, 57472, 57472
100, 14440, 4, 57472, 57472
100, 14450, 4, 57472, 57472
100, 14460, 4, 57472, 57472
100, 14470, 4, 57472, 57472
100, 14480, 4, 57472, 57472
100, 14490, 4, 57472, 57472
100, 14500, 4, 57472, 57472
100, 14510, 4, 57472, 57472
100, 14520, 4, 57472, 57472
100, 14530, 4, 57472, 57472
100, 14540, 4, 57472, 57472
100, 14550, 4, 57472, 57472
100, 14560, 4, 57472, 57472
100, 14570, 4, 57472, 57472
100, 14580, 4, 57472, 57472
100, 14590, 4, 57472, 57472
100, 14600, 4, 57472, 57472
100, 14610, 4, 57472, 57472
100, 14620, 4, 57472, 57472
100, 14630, 4, 57472, 57472
100, 14640, 4, 57472, 57472
100, 14650, 4, 57472, 57472
100, 14660, 4, 57472, 57472
100, 14670, 4, 57472, 57472
100, 14680, 4, 57472, 57472
100, 14690, 4, 57472, 57472
100, 14700, 4, 57472, 57472
100, 14710, 4, 57472, 57472
100, 14720, 4, 57472, 57472
100, 14730, 4, 57472, 57472
100, 14740, 4, 57472, 57472
100, 14750, 4, 57472, 57472
100, 14760, 4, 57472, 57472
100, 14770, 4, 57472, 57472
100, 14780, 4, 57390, 57390
100, 14790, 4, 57390, 57390
100, 14800, 4, 57390, 57390
100, 14810, 4, 57304, 57390
100, 14820, 4, 57216, 57216
100, 14830, 4, 57216, 57216
100, 14840, 4, 57216, 57216
100, 14850, 4, 57216, 57216
100, 14860, 4, 57216, 57216
100, 14870, 4, 57216, 57216
100, 14880, 4, 57216, 57216
100, 14890, 4, 57216, 57216
100, 14900, 4, 57216, 57216
100, 14910, 4, 57216, 57216
100, 14920, 4, 57216, 57216
100, 14930, 4, 57216, 57216
100, 14940, 4, 57216, 57216
100, 14950, 4, 57216, 57216
100, 14960, 4, 57216, 57216
100, 14970, 4, 57216, 57216
100, 14980, 4, 57216, 57216
100, 14990, 4, 57216, 57216
100, 15000, 4, 57216, 57216
100, 15010, 4, 57216, 57216
100, 15020, 4, 57216, 57216
100, 15030, 4, 57216, 57216
100, 15040, 4, 57216, 57216
100, 15050, 4, 57216, 57216
100, 15060, 4, 57216, 57216
100, 15070, 4, 57216, 57216
100, 15080, 4, 57216, 57216
100, 15090, 4, 57216, 57216
100, 15100, 4, 57191, 57216
100, 15110, 4, 57191, 57191
100, 15120, 4, 57191, 57191
100, 15130, 4, 57191, 57191
100, 15140, 4, 57191, 57191
100, 15150, 4, 57191, 57191
100, 15160, 4, 57191, 57191
100, 15170, 4, 57191, 57191
100, 15180, 4, 57191, 57191
100, 15190, 4, 57191, 57191
100, 15200, 4, 57191, 57191
100, 15210, 4, 57191, 57191
100, 15220, 4, 57191, 57191
100, 15230, 4, 57191, 57191
100, 15240, 4, 57191, 57191
100, 15250, 4, 57191, 57191
100, 15260, 4, 57191, 57191
100, 15270, 4, 57191, 57191
100, 15280, 4, 57191, 57191
100, 15290, 4, 57191, 57191
100, 15300, 4, 57191, 57191
100, 15310, 4, 57191, 57191
100, 15320, 4, 57190, 57191
100, 15330, 4, 57190, 57190
100, 15340, 4, 57190, 57190
100, 15350, 4, 57190, 57190
100, 15360, 4, 57148, 57190
100, 15370, 4, 57148, 57148
100, 15380, 4, 57148, 57148
100, 15390, 4, 57148, 57148
100, 15400, 4, 57148, 57148
100, 15410, 4, 57148, 57148
100, 15420, 4, 57148, 57148
100, 15430, 4, 57148, 57148
100, 15440, 4, 57148, 57148
100, 15450, 4, 57148, 57148
100, 15460, 4, 57148, 57148
100, 15470, 4, 57148, 57148
100, 15480, 4, 57148, 57148
100, 15490, 4, 57148, 57148
100, 15500, 4, 57148, 57148
100, 15510, 4, 57148, 57148
100, 15520, 4, 57148, 57148
100, 15530, 4, 57148, 57148
100, 15540, 4, 57148, 57148
100, 15550, 4, 57148, 57148
100, 15560, 4, 57148, 57148
100, 15570, 4, 57148, 57148
100, 15580, 4, 57148, 57148
100, 15590, 4, 57148, 57148
100, 15600, 4, 57148, 57148
100, 15610, 4, 57148, 57148
100, 15620, 4, 57148, 57148
100, 15630, 4, 57148, 57148
100, 15640, 4, 57148, 57148
100, 15650, 4, 57148, 57148
100, 15660, 4, 57148, 57148
100, 15670, 4, 57148, 57148
100, 15680, 4, 57148, 57148
100, 15690, 4, 57148, 57148
100, 15700, 4, 57148, 57148
100, 15710, 4, 57148, 57148
100, 15720, 4, 57148, 57148
100, 15730, 4, 57148, 57148
100, 15740, 4, 57148, 57148
100, 15750, 4, 57148, 57148
100, 15760, 4, 57148, 57148
100, 15770, 4, 57148, 57148
100, 15780, 4, 56961, 57148
100, 15790, 4, 56961, 56961
100, 15800, 4, 56961, 56961
100, 15810, 4, 56961, 56961
100, 15820, 4, 56961, 56961
100, 15830, 4, 56961, 56961
100, 15840, 4, 56961, 56961
100, 15850, 4, 56961, 56961
100, 15860, 4, 56961, 56961
100, 15870, 4, 56961, 56961
100, 15880, 4, 56961, 56961
100, 15890, 4, 56961, 56961
100, 15900, 4, 56961, 56961
100, 15910, 4, 56961, 56961
100, 15920, 4, 56961, 56961
100, 15930, 4, 56961, 56961
100, 15940, 4, 56961, 56961
100, 15950, 4, 56961, 56961
100, 15960, 4, 56961, 56961
100, 15970, 4, 56961, 56961
100, 15980, 4, 56961, 56961
100, 15990, 4, 56961, 56961
100, 16000, 4, 56961, 56961
100, 16010, 4, 56961, 56961
100, 16020, 4, 56961, 56961
100, 16030, 4, 56961, 56961
100, 16040, 4, 56961, 56961
100, 16050, 4, 56961, 56961
100, 16060, 4, 56961, 56961
100, 16070, 4, 56961, 56961
100, 16080, 4, 56961, 56961
100, 16090, 4, 56932, 56932
100, 16100, 4, 56932, 56932
100, 16110, 4, 56932, 56932
100, 16120, 4, 56932, 56932
100, 16130, 4, 56932, 56932
100, 16140, 4, 56919, 56919
100, 16150, 4, 56919, 56919
100, 16160, 4, 56919, 56919
100, 16170, 4, 56919, 56919
100, 16180, 4, 56919, 56919
100, 16190, 4, 56919, 56919
100, 16200, 4, 56919, 56919
100, 16210, 4, 56919, 56919
100, 16220, 4, 56919, 56919
100, 16230, 4, 56919, 56919
100, 16240, 4, 56741, 56741
100, 16250, 4, 56741, 56741
100, 16260, 4, 56741, 56741
100, 16270, 4, 56741, 56741
100, 16280, 4, 56741, 56741
100, 16290, 4, 56741, 56741
100, 16300, 4, 56741, 56741
100, 16310, 4, 56741, 56741
100, 16320, 4, 56741, 56741
100, 16330, 4, 56741, 56741
100, 16340, 4, 56741, 56741
100, 16350, 4, 56741, 56741
100, 16360, 4, 56741, 56741
100, 16370, 4, 56707, 56741
100, 16380, 4, 56673, 56707
100, 16390, 4, 56673, 56673
100, 16400, 4, 56673, 56673
100, 16410, 4, 56673, 56673
100, 16420, 4, 56673, 56673
100, 16430, 4, 56673, 56673
100, 16440, 4, 56673, 56673
100, 16450, 4, 56673, 56673
100, 16460, 4, 56673, 56673
100, 16470, 4, 56673, 56673
100, 16480, 4, 56673, 56673
100, 16490, 4, 56673, 56673
100, 16500, 4, 56673, 56673
100, 16510, 4, 56673, 56673
100, 16520, 4, 56673, 56673
100, 16530, 4, 56673, 56673
100, 16540, 4, 56673, 56673
100, 16550, 4, 56673, 56673
100, 16560, 4, 56673, 56673
100, 16570, 4, 56673, 56673
100, 16580, 4, 56673, 56673
100, 16590, 4, 56673, 56673
100, 16600, 4, 56673, 56673
100, 16610, 4, 56673, 56673
100, 16620, 4, 56673, 56673
100, 16630, 4, 56673, 56673
100, 16640, 4, 56673, 56673
100, 16650, 4, 56673, 56673
100, 16660, 4, 56673, 56673
100, 16670, 4, 56673, 56673
100, 16680, 4, 56673, 56673
100, 16690, 4, 56673, 56673
100, 16700, 4, 56673, 56673
100, 16710, 4, 56673, 56673
100, 16720, 4, 56673, 56673
100, 16730, 4, 56673, 56673
100, 16740, 4, 56673, 56673
100, 16750, 4, 56673, 56673
100, 16760, 4, 56673, 56673
100, 16770, 4, 56673, 56673
100, 16780, 4, 56673, 56673
100, 16790, 4, 56673, 56673
100, 16800, 4, 56673, 56673
100, 16810, 4, 56673, 56673
100, 16820, 4, 56590, 56673
100, 16830, 4, 56590, 56590
100, 16840, 4, 56590, 56590
100, 16850, 4, 56590, 56590
100, 16860, 4, 56590, 56590
100, 16870, 4, 56590, 56590
100, 16880, 4, 56590, 56590
100, 16890, 4, 56590, 56590
100, 16900, 4, 56590, 56590
100, 16910, 4, 56590, 56590
100, 16920, 4, 56590, 56590
100, 16930, 4, 56590, 56590
100, 16940, 4, 56590, 56590
100, 16950, 4, 56530, 56530
100, 16960, 4, 56530, 56530
100, 16970, 4, 56530, 56530
100, 16980, 4, 56530, 56530
100, 16990, 4, 56530, 56530
100, 17000, 4, 56530, 56530
100, 17010, 4, 56530, 56530
100, 17020, 4, 56530, 56530
100, 17030, 4, 56530, 56530
100, 17040, 4, 56530, 56530
100, 17050, 4, 56530, 56530
100, 17060, 4, 56530, 56530
100, 17070, 4, 56530, 56530
100, 17080, 4, 56530, 56530
100, 17090, 4, 56530, 56530
100, 17100, 4, 56487, 56530
100, 17110, 4, 56487, 56487
100, 17120, 4, 56487, 56487
100, 17130, 4, 56487, 56487
100, 17140, 4, 56487, 56487
100, 17150, 4, 56487, 56487
100, 17160, 4, 56487, 56487
100, 17170, 4, 56487, 56487
100, 17180, 4, 56487, 56487
100, 17190, 4, 56487, 56487
100, 17200, 4, 56487, 56487
100, 17210, 4, 56487, 56487
100, 17220, 4, 56487, 56487
100, 17230, 4, 56487, 56487
100, 17240, 4, 56487, 56487
100, 17250, 4, 56487, 56487
100, 17260, 4, 56487, 56487
100, 17270, 4, 56487, 56487
100, 17280, 4, 56487, 56487
100, 17290, 4, 56487, 56487
100, 17300, 4, 56487, 56487
100, 17310, 4, 56487, 56487
100, 17320, 4, 56487, 56487
100, 17330, 4, 56487, 56487
100, 17340, 4, 56487, 56487
100, 17350, 4, 56487, 56487
100, 17360, 4, 56487, 56487
100, 17370, 4, 56487, 56487
100, 17380, 4, 56487, 56487
100, 17390, 4, 56487, 56487
100, 17400, 4, 56487, 56487
100, 17410, 4, 56487, 56487
100, 17420, 4, 56388, 56487
100, 17430, 4, 56388, 56388
100, 17440, 4, 56388, 56388
100, 17450, 4, 56388, 56388
100, 17460, 4, 56388, 56388
100, 17470, 4, 56339, 56388
100, 17480, 4, 56339, 56339
100, 17490, 4, 56339, 56339
100, 17500, 4, 56339, 56339
100, 17510, 4, 56339, 56339
100, 17520, 4, 56339, 56339
100, 17530, 4, 56339, 56339
100, 17540, 4, 56339, 56339
100, 17550, 4, 56339, 56339
100, 17560, 4, 56339, 56339
100, 17570, 4, 56339, 56339
100, 17580, 4, 56339, 56339
100, 17590, 4, 56339, 56339
100, 17600, 4, 56339, 56339
100, 17610, 4, 56339, 56339
100, 17620, 4, 56339, 56339
100, 17630, 4, 56339, 56339
100, 17640, 4, 56339, 56339
100, 17650, 4, 56339, 56339
100, 17660, 4, 56339, 56339
100, 17670, 4, 56339, 56339
100, 17680, 4, 56339, 56339
100, 17690, 4, 56339, 56339
100, 17700, 4, 56339, 56339
100, 17710, 4, 56339, 56339
100, 17720, 4, 56339, 56339
100, 17730, 4, 56339, 56339
100, 17740, 4, 56339, 56339
100, 17750, 4, 56339, 56339
100, 17760, 4, 56339, 56339
100, 17770, 4, 56339, 56339
100, 17780, 4, 56339, 56339
100, 17790, 4, 56339, 56339
100, 17800, 4, 56339, 56339
100, 17810, 4, 56339, 56339
100, 17820, 4, 56339, 56339
100, 17830, 4, 56239, 56239
100, 17840, 4, 56239, 56239
100, 17850, 4, 56239, 56239
100, 17860, 4, 56239, 56239
100, 17870, 4, 56239, 56239
100, 17880, 4, 56239, 56239
100, 17890, 4, 56239, 56239
100, 17900, 4, 56239, 56239
100, 17910, 4, 56239, 56239
100, 17920, 4, 56239, 56239
100, 17930, 4, 56239, 56239
100, 17940, 4, 56239, 56239
100, 17950, 4, 56239, 56239
100, 17960, 4, 56239, 56239
100, 17970, 4, 56239, 56239
100, 17980, 4, 56239, 56239
100, 17990, 4, 56239, 56239
100, 18000, 4, 56239, 56239
100, 18010, 4, 56239, 56239
100, 18020, 4, 56239, 56239
100, 18030, 4, 56239, 56239
100, 18040, 4, 56239, 56239
100, 18050, 4, 56239, 56239
100, 18060, 4, 56239, 56239
100, 18070, 4, 56239, 56239
100, 18080, 4, 56239, 56239
100, 18090, 4, 56239, 56239
100, 18100, 4, 56239, 56239
100, 18110, 4, 56239, 56239
100, 18120, 4, 56239, 56239
100, 18130, 4, 56239, 56239
100, 18140, 4, 56239, 56239
100, 18150, 4, 56239, 56239
100, 18160, 4, 56239, 56239
100, 18170, 4, 56239, 56239
100, 18180, 4, 56239, 56239
100, 18190, 4, 56239, 56239
100, 18200, 4, 56239, 56239
100, 18210, 4, 56213, 56239
100, 18220, 4, 56213, 56213
100, 18230, 4, 56213, 56213
100, 18240, 4, 56213, 56213
100, 18250, 4, 56213, 56213
100, 18260, 4, 56213, 56213
100, 18270, 4, 56213, 56213
100, 18280, 4, 56213, 56213
100, 18290, 4, 56213, 56213
100, 18300, 4, 56213, 56213
100, 18310, 4, 56213, 56213
100, 18320, 4, 56213, 56213
100, 18330, 4, 56213, 56213
100, 18340, 4, 56213, 56213
100, 18350, 4, 56213, 56213
100, 18360, 4, 56172, 56172
100, 18370, 4, 56172, 56172
100, 18380, 4, 56172, 56172
100, 18390, 4, 56172, 56172
100, 18400, 4, 56172, 56172
100, 18410, 4, 56172, 56172
100, 18420, 4, 56172, 56172
100, 18430, 4, 56172, 56172
100, 18440, 4, 56172, 56172
100, 18450, 4, 56172, 56172
100, 18460, 4, 56172, 56172
100, 18470, 4, 56172, 56172
100, 18480, 4, 56172, 56172
100, 18490, 4, 56172, 56172
100, 18500, 4, 56172, 56172
100, 18510, 4, 56172, 56172
100, 18520, 4, 56172, 56172
100, 18530, 4, 56172, 56172
100, 18540, 4, 56172, 56172
100, 18550, 4, 56172, 56172
100, 18560, 4, 56172, 56172
100, 18570, 4, 56172, 56172
100, 18580, 4, 56172, 56172
100, 18590, 4, 56172, 56172
100, 18600, 4, 56172, 56172
100, 18610, 4, 56172, 56172
100, 18620, 4, 56172, 56172
100, 18630, 4, 56172, 56172
100, 18640, 4, 56172, 56172
100, 18650, 4, 56172, 56172
100, 18660, 4, 56172, 56172
100, 18670, 4, 56172, 56172
100, 18680, 4, 56172, 56172
100, 18690, 4, 56172, 56172
100, 18700, 4, 56172, 56172
100, 18710, 4, 56172, 56172
100, 18720, 4, 56172, 56172
100, 18730, 4, 56172, 56172
100, 18740, 4, 56172, 56172
100, 18750, 4, 56172, 56172
100, 18760, 4, 56172, 56172
100, 18770, 4, 56172, 56172
100, 18780, 4, 56172, 56172
100, 18790, 4, 56172, 56172
100, 18800, 4, 56172, 56172
100, 18810, 4, 56172, 56172
100, 18820, 4, 56172, 56172
100, 18830, 4, 56172, 56172
100, 18840, 4, 56172, 56172
100, 18850, 4, 56172, 56172
100, 18860, 4, 56172, 56172
100, 18870, 4, 56172, 56172
100, 18880, 4, 56172, 56172
100, 18890, 4, 56172, 56172
100, 18900, 4, 56172, 56172
100, 18910, 4, 56172, 56172
100, 18920, 4, 56172, 56172
100, 18930, 4, 56172, 56172
100, 18940, 4, 56172, 56172
100, 18950, 4, 56172, 56172
100, 18960, 4, 56172, 56172
100, 18970, 4, 56172, 56172
100, 18980, 4, 56172, 56172
100, 18990, 4, 56172, 56172
100, 19000, 4, 56172, 56172
100, 19010, 4, 56172, 56172
100, 19020, 4, 56172, 56172
100, 19030, 4, 56172, 56172
100, 19040, 4, 56142, 56172
100, 19050, 4, 56142, 56142
100, 19060, 4, 56142, 56142
100, 19070, 4, 56142, 56142
100, 19080, 4, 56142, 56142
100, 19090, 4, 56142, 56142
100, 19100, 4, 56142, 56142
100, 19110, 4, 56142, 56142
100, 19120, 4, 56142, 56142
100, 19130, 4, 56142, 56142
100, 19140, 4, 56142, 56142
100, 19150, 4, 56142, 56142
100, 19160, 4, 56142, 56142
100, 19170, 4, 56142, 56142
100, 19180, 4, 56142, 56142
100, 19190, 4, 56142, 56142
100, 19200, 4, 56142, 56142
100, 19210, 4, 56076, 56142
100, 19220, 4, 56076, 56076
100, 19230, 4, 56076, 56076
100, 19240, 4, 56076, 56076
100, 19250, 4, 56076, 56076
100, 19260, 4, 56076, 56076
100, 19270, 4, 56076, 56076
100, 19280, 4, 56076, 56076
100, 19290, 4, 56076, 56076
100, 19300, 4, 56076, 56076
100, 19310, 4, 56076, 56076
100, 19320, 4, 56076, 56076
100, 19330, 4, 56076, 56076
100, 19340, 4, 56076, 56076
100, 19350, 4, 56076, 56076
100, 19360, 4, 56076, 56076
100, 19370, 4, 56076, 56076
100, 19380, 4, 56076, 56076
100, 19390, 4, 56076, 56076
100, 19400, 4, 56076, 56076
100, 19410, 4, 56076, 56076
100, 19420, 4, 56076, 56076
100, 19430, 4, 56076, 56076
100, 19440, 4, 56076, 56076
100, 19450, 4, 56076, 56076
100, 19460, 4, 56076, 56076
100, 19470, 4, 56076, 56076
100, 19480, 4, 56076, 56076
100, 19490, 4, 56076, 56076
100, 19500, 4, 56076, 56076
100, 19510, 4, 56076, 56076
100, 19520, 4, 56076, 56076
100, 19530, 4, 56076, 56076
100, 19540, 4, 56076, 56076
100, 19550, 4, 56076, 56076
100, 19560, 4, 56076, 56076
100, 19570, 4, 56076, 56076
100, 19580, 4, 56076, 56076
100, 19590, 4, 56076, 56076
100, 19600, 4, 56076, 56076
100, 19610, 4, 56076, 56076
100, 19620, 4, 56076, 56076
100, 19630, 4, 56076, 56076
100, 19640, 4, 56076, 56076
100, 19650, 4, 56076, 56076
100, 19660, 4, 56076, 56076
100, 19670, 4, 56076, 56076
100, 19680, 4, 56076, 56076
100, 19690, 4, 56076, 56076
100, 19700, 4, 56076, 56076
100, 19710, 4, 56076, 56076
100, 19720, 4, 56076, 56076
100, 19730, 4, 56076, 56076
100, 19740, 4, 56076, 56076
100, 19750, 4, 56076, 56076
100, 19760, 4, 56076, 56076
100, 19770, 4, 55993, 56076
100, 19780, 4, 55993, 55993
100, 19790, 4, 55993, 55993
100, 19800, 4, 55993, 55993
100, 19810, 4, 55993, 55993
100, 19820, 4, 55993, 55993
100, 19830, 4, 55993, 55993
100, 19840, 4, 55993, 55993
100, 19850, 4, 55993, 55993
100, 19860, 4, 55993, 55993
100, 19870, 4, 55993, 55993
100, 19880, 4, 55993, 55993
100, 19890, 4, 55993, 55993
100, 19900, 4, 55993, 55993
100, 19910, 4, 55993, 55993
100, 19920, 4, 55993, 55993
100, 19930, 4, 55993, 55993
100, 19940, 4, 55993, 55993
100, 19950, 4, 55993, 55993
100, 19960, 4, 55993, 55993
100, 19970, 4, 55993, 55993
100, 19980, 4, 55993, 55993
100, 19990, 4, 55993, 55993
