Population Size, Generation Count, Repetition, Best Fitness, Median Fitness
100, 0, 19, 728275, 770927
100, 10, 19, 700264, 707975
100, 20, 19, 674675, 682485
100, 30, 19, 645700, 658711
100, 40, 19, 623899, 637190
100, 50, 19, 605616, 614450
100, 60, 19, 586743, 595446
100, 70, 19, 570553, 580084
100, 80, 19, 554844, 565952
100, 90, 19, 543909, 550202
100, 100, 19, 530949, 536179
100, 110, 19, 520895, 526625
100, 120, 19, 510533, 515345
100, 130, 19, 501444, 506827
100, 140, 19, 494757, 497851
100, 150, 19, 488823, 492801
100, 160, 19, 477495, 485199
100, 170, 19, 469915, 475312
100, 180, 19, 462571, 467019
100, 190, 19, 457219, 461199
100, 200, 19, 448755, 455256
100, 210, 19, 441092, 445743
100, 220, 19, 437723, 440743
100, 230, 19, 430503, 434812
100, 240, 19, 424191, 429750
100, 250, 19, 416519, 421521
100, 260, 19, 410891, 414884
100, 270, 19, 402399, 408603
100, 280, 19, 398535, 402390
100, 290, 19, 391449, 395077
100, 300, 19, 386899, 391471
100, 310, 19, 381925, 386335
100, 320, 19, 378002, 382192
100, 330, 19, 374304, 377206
100, 340, 19, 369243, 373507
100, 350, 19, 364091, 368758
100, 360, 19, 360648, 364582
100, 370, 19, 357344, 360863
100, 380, 19, 353844, 357626
100, 390, 19, 349940, 354736
100, 400, 19, 345714, 349438
100, 410, 19, 341920, 346583
100, 420, 19, 337658, 342029
100, 430, 19, 334905, 338925
100, 440, 19, 331850, 337182
100, 450, 19, 328404, 333147
100, 460, 19, 325986, 328836
100, 470, 19, 322146, 326793
100, 480, 19, 319653, 323901
100, 490, 19, 317663, 320390
100, 500, 19, 314212, 318464
100, 510, 19, 311734, 314934
100, 520, 19, 309071, 313079
100, 530, 19, 306433, 311412
100, 540, 19, 303060, 307041
100, 550, 19, 299984, 304362
100, 560, 19, 297110, 301553
100, 570, 19, 295368, 297940
100, 580, 19, 292070, 296091
100, 590, 19, 289076, 292544
100, 600, 19, 286025, 288814
100, 610, 19, 284103, 286256
100, 620, 19, 281355, 284617
100, 630, 19, 279490, 283551
100, 640, 19, 277198, 279772
100, 650, 19, 276157, 279743
100, 660, 19, 273624, 276954
100, 670, 19, 272661, 275576
100, 680, 19, 271357, 273337
100, 690, 19, 268532, 273637
100, 700, 19, 266470, 270092
100, 710, 19, 264913, 267307
100, 720, 19, 263443, 266968
100, 730, 19, 262290, 264787
100, 740, 19, 260108, 265624
100, 750, 19, 258891, 261694
100, 760, 19, 257315, 260029
100, 770, 19, 256075, 259150
100, 780, 19, 253845, 257213
100, 790, 19, 252770, 255205
100, 800, 19, 251862, 254000
100, 810, 19, 249519, 252535
100, 820, 19, 247845, 251623
100, 830, 19, 246174, 249728
100, 840, 19, 244842, 247661
100, 850, 19, 242453, 245050
100, 860, 19, 240891, 245091
100, 870, 19, 239456, 241574
100, 880, 19, 238187, 241247
100, 890, 19, 236346, 239962
100, 900, 19, 234973, 237560
100, 910, 19, 233350, 235996
100, 920, 19, 231926, 235156
100, 930, 19, 230277, 234394
100, 940, 19, 228393, 231453
100, 950, 19, 226789, 229502
100, 960, 19, 224460, 228934
100, 970, 19, 223694, 226695
100, 980, 19, 223368, 226154
100, 990, 19, 222346, 225574
100, 1000, 19, 221575, 224837
100, 1010, 19, 220617, 223877
100, 1020, 19, 218538, 223352
100, 1030, 19, 217523, 219777
100, 1040, 19, 216122, 220356
100, 1050, 19, 215030, 217844
100, 1060, 19, 213660, 216218
100, 1070, 19, 212325, 214774
100, 1080, 19, 210363, 213695
100, 1090, 19, 208934, 212859
100, 1100, 19, 208148, 211384
100, 1110, 19, 206969, 210568
100, 1120, 19, 205277, 207512
100, 1130, 19, 204039, 206394
100, 1140, 19, 203496, 207261
100, 1150, 19, 202491, 205358
100, 1160, 19, 201335, 203788
100, 1170, 19, 200554, 202814
100, 1180, 19, 199740, 203363
100, 1190, 19, 199100, 202413
100, 1200, 19, 197991, 200224
100, 1210, 19, 196789, 200326
100, 1220, 19, 194733, 197641
100, 1230, 19, 193942, 195477
100, 1240, 19, 192859, 196520
100, 1250, 19, 192398, 195612
100, 1260, 19, 191788, 194619
100, 1270, 19, 191332, 193940
100, 1280, 19, 190838, 193311
100, 1290, 19, 189459, 192720
100, 1300, 19, 188622, 191286
100, 1310, 19, 188062, 190502
100, 1320, 19, 186499, 188910
100, 1330, 19, 185798, 189529
100, 1340, 19, 184811, 187514
100, 1350, 19, 183754, 186886
100, 1360, 19, 183244, 186125
100, 1370, 19, 183165, 185753
100, 1380, 19, 182278, 185018
100, 1390, 19, 181369, 183100
100, 1400, 19, 180827, 182497
100, 1410, 19, 180410, 182334
100, 1420, 19, 179560, 182386
100, 1430, 19, 179352, 182184
100, 1440, 19, 178202, 182369
100, 1450, 19, 177595, 179531
100, 1460, 19, 176891, 179824
100, 1470, 19, 175082, 178296
100, 1480, 19, 174582, 176651
100, 1490, 19, 174459, 176395
100, 1500, 19, 173999, 176848
100, 1510, 19, 173611, 176060
100, 1520, 19, 172836, 174892
100, 1530, 19, 172836, 175291
100, 1540, 19, 172476, 175094
100, 1550, 19, 171373, 175004
100, 1560, 19, 170756, 173148
100, 1570, 19, 169641, 172969
100, 1580, 19, 169066, 170724
100, 1590, 19, 168586, 172087
100, 1600, 19, 167717, 171186
100, 1610, 19, 167231, 168903
100, 1620, 19, 166540, 169075
100, 1630, 19, 166020, 168376
100, 1640, 19, 164932, 167126
100, 1650, 19, 164631, 167874
100, 1660, 19, 163834, 165910
100, 1670, 19, 163339, 166217
100, 1680, 19, 162979, 165072
100, 1690, 19, 162338, 164461
100, 1700, 19, 162020, 164251
100, 1710, 19, 160779, 164049
100, 1720, 19, 159457, 162990
100, 1730, 19, 158156, 161412
100, 1740, 19, 157727, 159870
100, 1750, 19, 157560, 160217
100, 1760, 19, 157200, 161017
100, 1770, 19, 156717, 159659
100, 1780, 19, 156264, 159413
100, 1790, 19, 155431, 158171
100, 1800, 19, 155431, 158840
100, 1810, 19, 153787, 157354
100, 1820, 19, 153454, 156705
100, 1830, 19, 152153, 154777
100, 1840, 19, 150467, 154837
100, 1850, 19, 149884, 151732
100, 1860, 19, 149576, 152100
100, 1870, 19, 148941, 152068
100, 1880, 19, 148440, 150776
100, 1890, 19, 147718, 150655
100, 1900, 19, 147564, 149510
100, 1910, 19, 147125, 149011
100, 1920, 19, 146427, 149420
100, 1930, 19, 146290, 148038
100, 1940, 19, 145966, 149246
100, 1950, 19, 144835, 147834
100, 1960, 19, 144276, 147230
100, 1970, 19, 143585, 147535
100, 1980, 19, 143116, 146301
100, 1990, 19, 142932, 145196
100, 2000, 19, 142507, 145045
100, 2010, 19, 142267, 143510
100, 2020, 19, 142035, 144850
100, 2030, 19, 141777, 144143
100, 2040, 19, 141454, 143978
100, 2050, 19, 141210, 143821
100, 2060, 19, 141014, 142439
100, 2070, 19, 140926, 143310
100, 2080, 19, 140787, 142924
100, 2090, 19, 140375, 142586
100, 2100, 19, 139978, 143072
100, 2110, 19, 139494, 143636
100, 2120, 19, 139201, 141300
100, 2130, 19, 138774, 141964
100, 2140, 19, 138177, 140402
100, 2150, 19, 137682, 141182
100, 2160, 19, 137316, 139670
100, 2170, 19, 137033, 139211
100, 2180, 19, 136528, 138839
100, 2190, 19, 136094, 139010
100, 2200, 19, 135972, 138076
100, 2210, 19, 135570, 138731
100, 2220, 19, 135085, 136689
100, 2230, 19, 134577, 137238
100, 2240, 19, 134155, 135713
100, 2250, 19, 133865, 137138
100, 2260, 19, 133541, 137998
100, 2270, 19, 133176, 135522
100, 2280, 19, 132741, 134440
100, 2290, 19, 132307, 135461
100, 2300, 19, 132028, 134914
100, 2310, 19, 131785, 133829
100, 2320, 19, 131555, 134219
100, 2330, 19, 131145, 133876
100, 2340, 19, 131005, 133931
100, 2350, 19, 130878, 133556
100, 2360, 19, 130526, 132936
100, 2370, 19, 130088, 133403
100, 2380, 19, 129353, 130795
100, 2390, 19, 129015, 131081
100, 2400, 19, 128709, 130103
100, 2410, 19, 128206, 130151
100, 2420, 19, 127696, 129850
100, 2430, 19, 127448, 130198
100, 2440, 19, 127017, 129786
100, 2450, 19, 126477, 129664
100, 2460, 19, 126477, 129303
100, 2470, 19, 125718, 127576
100, 2480, 19, 125593, 127558
100, 2490, 19, 125333, 127741
100, 2500, 19, 124286, 127499
100, 2510, 19, 123571, 126133
100, 2520, 19, 123120, 126485
100, 2530, 19, 123004, 124645
100, 2540, 19, 123004, 125084
100, 2550, 19, 122625, 124634
100, 2560, 19, 122467, 124213
100, 2570, 19, 122076, 124178
100, 2580, 19, 121542, 124418
100, 2590, 19, 121535, 123451
100, 2600, 19, 121215, 124006
100, 2610, 19, 121059, 123505
100, 2620, 19, 120779, 123435
100, 2630, 19, 119992, 122316
100, 2640, 19, 119962, 121556
100, 2650, 19, 119288, 122911
100, 2660, 19, 119227, 122245
100, 2670, 19, 118980, 122712
100, 2680, 19, 118587, 121079
100, 2690, 19, 118313, 120864
100, 2700, 19, 118090, 121173
100, 2710, 19, 117814, 121038
100, 2720, 19, 117615, 119612
100, 2730, 19, 117438, 119871
100, 2740, 19, 117333, 119353
100, 2750, 19, 116952, 119781
100, 2760, 19, 116891, 119240
100, 2770, 19, 116723, 120843
100, 2780, 19, 116356, 119264
100, 2790, 19, 115990, 119045
100, 2800, 19, 115746, 118906
100, 2810, 19, 115488, 117077
100, 2820, 19, 114952, 117460
100, 2830, 19, 114470, 118081
100, 2840, 19, 114077, 117689
100, 2850, 19, 114027, 115680
100, 2860, 19, 113687, 117852
100, 2870, 19, 113439, 116485
100, 2880, 19, 112426, 115884
100, 2890, 19, 112129, 112882
100, 2900, 19, 112047, 113790
100, 2910, 19, 112047, 113951
100, 2920, 19, 111591, 114348
100, 2930, 19, 111467, 112964
100, 2940, 19, 111267, 113030
100, 2950, 19, 111267, 114056
100, 2960, 19, 111014, 112426
100, 2970, 19, 110676, 112646
100, 2980, 19, 110522, 112560
100, 2990, 19, 110300, 113332
100, 3000, 19, 110021, 112958
100, 3010, 19, 109996, 112880
100, 3020, 19, 109796, 112004
100, 3030, 19, 109731, 112472
100, 3040, 19, 109564, 111051
100, 3050, 19, 109442, 112046
100, 3060, 19, 109384, 111913
100, 3070, 19, 109158, 112772
100, 3080, 19, 108910, 110428
100, 3090, 19, 108878, 110728
100, 3100, 19, 108878, 110849
100, 3110, 19, 108818, 111167
100, 3120, 19, 108516, 110537
100, 3130, 19, 108406, 111005
100, 3140, 19, 108287, 110506
100, 3150, 19, 107935, 110950
100, 3160, 19, 107751, 110735
100, 3170, 19, 107551, 109443
100, 3180, 19, 107276, 109465
100, 3190, 19, 107092, 107873
100, 3200, 19, 106982, 109287
100, 3210, 19, 106830, 109317
100, 3220, 19, 106691, 108164
100, 3230, 19, 106537, 109351
100, 3240, 19, 106366, 108847
100, 3250, 19, 106055, 108892
100, 3260, 19, 106015, 109005
100, 3270, 19, 105898, 108886
100, 3280, 19, 105646, 107817
100, 3290, 19, 105304, 107041
100, 3300, 19, 105125, 108970
100, 3310, 19, 105085, 106995
100, 3320, 19, 104707, 106469
100, 3330, 19, 104696, 106714
100, 3340, 19, 104619, 105998
100, 3350, 19, 104364, 106358
100, 3360, 19, 104184, 107461
100, 3370, 19, 103741, 106034
100, 3380, 19, 103062, 105173
100, 3390, 19, 102946, 106221
100, 3400, 19, 102757, 104416
100, 3410, 19, 102545, 104248
100, 3420, 19, 102534, 104468
100, 3430, 19, 102511, 105687
100, 3440, 19, 102511, 104306
100, 3450, 19, 102168, 104709
100, 3460, 19, 101790, 102961
100, 3470, 19, 101429, 103370
100, 3480, 19, 101211, 103268
100, 3490, 19, 100920, 102173
100, 3500, 19, 100745, 102473
100, 3510, 19, 100627, 103901
100, 3520, 19, 100616, 102075
100, 3530, 19, 100474, 103885
100, 3540, 19, 100238, 103065
100, 3550, 19, 99914, 102922
100, 3560, 19, 99771, 102544
100, 3570, 19, 99771, 101615
100, 3580, 19, 99542, 101785
100, 3590, 19, 99383, 101107
100, 3600, 19, 98944, 101274
100, 3610, 19, 98423, 100597
100, 3620, 19, 98423, 101132
100, 3630, 19, 98316, 100385
100, 3640, 19, 98303, 100718
100, 3650, 19, 97757, 98917
100, 3660, 19, 97280, 99056
100, 3670, 19, 97280, 98982
100, 3680, 19, 97112, 100224
100, 3690, 19, 96958, 99972
100, 3700, 19, 96776, 99403
100, 3710, 19, 96657, 99728
100, 3720, 19, 96655, 97165
100, 3730, 19, 96578, 98921
100, 3740, 19, 96002, 98208
100, 3750, 19, 95910, 97537
100, 3760, 19, 95910, 96699
100, 3770, 19, 95842, 98521
100, 3780, 19, 95801, 97996
100, 3790, 19, 95616, 97948
100, 3800, 19, 95207, 98127
100, 3810, 19, 94839, 96388
100, 3820, 19, 94780, 95886
100, 3830, 19, 94389, 97750
100, 3840, 19, 94200, 97174
100, 3850, 19, 94100, 95670
100, 3860, 19, 93968, 94734
100, 3870, 19, 93918, 95623
100, 3880, 19, 93875, 95649
100, 3890, 19, 93411, 95807
100, 3900, 19, 93353, 95016
100, 3910, 19, 93353, 95157
100, 3920, 19, 93030, 95014
100, 3930, 19, 92940, 94482
100, 3940, 19, 92775, 94716
100, 3950, 19, 92156, 94318
100, 3960, 19, 91994, 92774
100, 3970, 19, 91951, 94371
100, 3980, 19, 91876, 94179
100, 3990, 19, 91709, 94532
100, 4000, 19, 91709, 93244
100, 4010, 19, 91549, 92988
100, 4020, 19, 91284, 93368
100, 4030, 19, 91284, 94540
100, 4040, 19, 91216, 93071
100, 4050, 19, 91032, 94038
100, 4060, 19, 90843, 92921
100, 4070, 19, 90500, 92481
100, 4080, 19, 90453, 92352
100, 4090, 19, 89893, 91631
100, 4100, 19, 89871, 92590
100, 4110, 19, 89859, 91064
100, 4120, 19, 89734, 91081
100, 4130, 19, 89596, 91946
100, 4140, 19, 89584, 90959
100, 4150, 19, 89386, 91940
100, 4160, 19, 89180, 91028
100, 4170, 19, 89180, 91096
100, 4180, 19, 88725, 91243
100, 4190, 19, 88725, 91083
100, 4200, 19, 88616, 90115
100, 4210, 19, 88539, 90572
100, 4220, 19, 88282, 91323
100, 4230, 19, 88282, 91171
100, 4240, 19, 88036, 89149
100, 4250, 19, 88027, 89414
100, 4260, 19, 87938, 89271
100, 4270, 19, 87938, 88792
100, 4280, 19, 87938, 90338
100, 4290, 19, 87796, 88951
100, 4300, 19, 87651, 89587
100, 4310, 19, 87592, 89909
100, 4320, 19, 87463, 89814
100, 4330, 19, 87297, 90207
100, 4340, 19, 87174, 89669
100, 4350, 19, 87099, 88990
100, 4360, 19, 87026, 89489
100, 4370, 19, 86887, 88320
100, 4380, 19, 86617, 89413
100, 4390, 19, 86386, 88308
100, 4400, 19, 86212, 88585
100, 4410, 19, 86212, 89321
100, 4420, 19, 86046, 87415
100, 4430, 19, 85993, 88200
100, 4440, 19, 85869, 86894
100, 4450, 19, 85592, 86101
100, 4460, 19, 85515, 85807
100, 4470, 19, 85351, 87216
100, 4480, 19, 85245, 86555
100, 4490, 19, 85070, 85245
100, 4500, 19, 85070, 87359
100, 4510, 19, 84930, 85806
100, 4520, 19, 84930, 86970
100, 4530, 19, 84843, 87243
100, 4540, 19, 84774, 87145
100, 4550, 19, 84690, 86879
100, 4560, 19, 84512, 86473
100, 4570, 19, 84426, 86179
100, 4580, 19, 84344, 85078
100, 4590, 19, 84144, 86479
100, 4600, 19, 84051, 86399
100, 4610, 19, 83892, 86730
100, 4620, 19, 83809, 85891
100, 4630, 19, 83809, 86250
100, 4640, 19, 83472, 85849
100, 4650, 19, 83029, 84974
100, 4660, 19, 82920, 85380
100, 4670, 19, 82768, 84686
100, 4680, 19, 82608, 83583
100, 4690, 19, 82600, 84562
100, 4700, 19, 82530, 84303
100, 4710, 19, 82472, 84234
100, 4720, 19, 82402, 83324
100, 4730, 19, 82354, 83629
100, 4740, 19, 82354, 84629
100, 4750, 19, 82354, 84230
100, 4760, 19, 82354, 82354
100, 4770, 19, 82239, 83916
100, 4780, 19, 82239, 84677
100, 4790, 19, 82239, 84624
100, 4800, 19, 82153, 84598
100, 4810, 19, 82153, 83834
100, 4820, 19, 82031, 83542
100, 4830, 19, 81995, 84340
100, 4840, 19, 81992, 84645
100, 4850, 19, 81831, 84390
100, 4860, 19, 81795, 82430
100, 4870, 19, 81795, 81831
100, 4880, 19, 81648, 84680
100, 4890, 19, 81576, 84478
100, 4900, 19, 81576, 82784
100, 4910, 19, 81551, 83023
100, 4920, 19, 81551, 81551
100, 4930, 19, 81505, 84201
100, 4940, 19, 81505, 82290
100, 4950, 19, 81440, 82053
100, 4960, 19, 81324, 82716
100, 4970, 19, 81324, 82712
100, 4980, 19, 81246, 83785
100, 4990, 19, 81207, 82844
100, 5000, 19, 81207, 82779
100, 5010, 19, 81189, 83727
100, 5020, 19, 80896, 81669
100, 5030, 19, 80791, 82835
100, 5040, 19, 80640, 82495
100, 5050, 19, 80640, 82823
100, 5060, 19, 80640, 82102
100, 5070, 19, 80474, 81224
100, 5080, 19, 80449, 81732
100, 5090, 19, 80441, 82489
100, 5100, 19, 80441, 81442
100, 5110, 19, 80441, 82306
100, 5120, 19, 80441, 83103
100, 5130, 19, 80055, 81609
100, 5140, 19, 79655, 80292
100, 5150, 19, 79655, 82555
100, 5160, 19, 79555, 79655
100, 5170, 19, 79310, 79555
100, 5180, 19, 79287, 81313
100, 5190, 19, 79114, 79287
100, 5200, 19, 79093, 79114
100, 5210, 19, 79093, 79093
100, 5220, 19, 79089, 79293
100, 5230, 19, 79073, 80709
100, 5240, 19, 78991, 81171
100, 5250, 19, 78857, 80039
100, 5260, 19, 78751, 80218
100, 5270, 19, 78476, 79292
100, 5280, 19, 78462, 79136
100, 5290, 19, 78221, 80971
100, 5300, 19, 78196, 79533
100, 5310, 19, 78196, 79592
100, 5320, 19, 78196, 78376
100, 5330, 19, 77988, 78566
100, 5340, 19, 77988, 79218
100, 5350, 19, 77968, 77988
100, 5360, 19, 77840, 79141
100, 5370, 19, 77580, 77840
100, 5380, 19, 77580, 79214
100, 5390, 19, 77569, 77569
100, 5400, 19, 77569, 80061
100, 5410, 19, 77569, 79166
100, 5420, 19, 77461, 79353
100, 5430, 19, 77461, 78439
100, 5440, 19, 77360, 78490
100, 5450, 19, 77210, 79517
100, 5460, 19, 77093, 79079
100, 5470, 19, 77093, 78424
100, 5480, 19, 77093, 77287
100, 5490, 19, 77093, 78225
100, 5500, 19, 77091, 78134
100, 5510, 19, 76967, 79082
100, 5520, 19, 76967, 78578
100, 5530, 19, 76954, 78697
100, 5540, 19, 76949, 79178
100, 5550, 19, 76883, 78741
100, 5560, 19, 76715, 77445
100, 5570, 19, 76533, 78098
100, 5580, 19, 76457, 77911
100, 5590, 19, 76408, 76457
100, 5600, 19, 76380, 76812
100, 5610, 19, 76334, 77743
100, 5620, 19, 76213, 77400
100, 5630, 19, 76154, 78945
100, 5640, 19, 76071, 78482
100, 5650, 19, 75906, 77328
100, 5660, 19, 75706, 76089
100, 5670, 19, 75583, 76475
100, 5680, 19, 75479, 75825
100, 5690, 19, 75479, 77001
100, 5700, 19, 75479, 79283
100, 5710, 19, 75355, 77229
100, 5720, 19, 75342, 75468
100, 5730, 19, 75252, 76733
100, 5740, 19, 75252, 77933
100, 5750, 19, 75046, 77711
100, 5760, 19, 74981, 76684
100, 5770, 19, 74838, 77760
100, 5780, 19, 74838, 75427
100, 5790, 19, 74838, 75972
100, 5800, 19, 74838, 76414
100, 5810, 19, 74788, 75905
100, 5820, 19, 74705, 77064
100, 5830, 19, 74681, 76110
100, 5840, 19, 74681, 74681
100, 5850, 19, 74681, 75979
100, 5860, 19, 74598, 76015
100, 5870, 19, 74575, 75960
100, 5880, 19, 74534, 76244
100, 5890, 19, 74534, 76709
100, 5900, 19, 74450, 76655
100, 5910, 19, 74450, 75536
100, 5920, 19, 74450, 74450
100, 5930, 19, 74220, 75050
100, 5940, 19, 74220, 76458
100, 5950, 19, 74220, 75128
100, 5960, 19, 74220, 75891
100, 5970, 19, 74020, 76266
100, 5980, 19, 73960, 75005
100, 5990, 19, 73580, 76015
100, 6000, 19, 73533, 76212
100, 6010, 19, 73527, 74402
100, 6020, 19, 73382, 75536
100, 6030, 19, 73382, 73521
100, 6040, 19, 73382, 74344
100, 6050, 19, 73382, 73982
100, 6060, 19, 73196, 73382
100, 6070, 19, 73138, 75808
100, 6080, 19, 73112, 74188
100, 6090, 19, 73013, 74558
100, 6100, 19, 72943, 74805
100, 6110, 19, 72803, 75619
100, 6120, 19, 72725, 73379
100, 6130, 19, 72676, 75611
100, 6140, 19, 72676, 72676
100, 6150, 19, 72676, 72923
100, 6160, 19, 72676, 74331
100, 6170, 19, 72676, 72676
100, 6180, 19, 72548, 73085
100, 6190, 19, 72498, 74256
100, 6200, 19, 72227, 73751
100, 6210, 19, 72227, 72592
100, 6220, 19, 72227, 72725
100, 6230, 19, 72175, 74179
100, 6240, 19, 72056, 72175
100, 6250, 19, 71939, 73210
100, 6260, 19, 71793, 71939
100, 6270, 19, 71793, 74008
100, 6280, 19, 71793, 73899
100, 6290, 19, 71793, 72900
100, 6300, 19, 71793, 73931
100, 6310, 19, 71793, 72386
100, 6320, 19, 71793, 71793
100, 6330, 19, 71793, 73150
100, 6340, 19, 71771, 72275
100, 6350, 19, 71771, 73355
100, 6360, 19, 71771, 73550
100, 6370, 19, 71771, 71771
100, 6380, 19, 71771, 71771
100, 6390, 19, 71771, 71771
100, 6400, 19, 71771, 73201
100, 6410, 19, 71771, 71771
100, 6420, 19, 71771, 72452
100, 6430, 19, 71771, 71771
100, 6440, 19, 71771, 74316
100, 6450, 19, 71764, 72630
100, 6460, 19, 71764, 72883
100, 6470, 19, 71764, 73785
100, 6480, 19, 71671, 74089
100, 6490, 19, 71671, 71671
100, 6500, 19, 71671, 73349
100, 6510, 19, 71671, 72743
100, 6520, 19, 71671, 73543
100, 6530, 19, 71580, 71929
100, 6540, 19, 71580, 72405
100, 6550, 19, 71580, 73037
100, 6560, 19, 71573, 73977
100, 6570, 19, 71573, 73441
100, 6580, 19, 71428, 72605
100, 6590, 19, 71428, 71428
100, 6600, 19, 71428, 71428
100, 6610, 19, 71428, 72350
100, 6620, 19, 71428, 71758
100, 6630, 19, 71424, 71870
100, 6640, 19, 71424, 72307
100, 6650, 19, 71424, 71424
100, 6660, 19, 71424, 73219
100, 6670, 19, 71424, 71687
100, 6680, 19, 71424, 71500
100, 6690, 19, 71056, 72837
100, 6700, 19, 71056, 73455
100, 6710, 19, 70968, 72673
100, 6720, 19, 70886, 72820
100, 6730, 19, 70886, 70886
100, 6740, 19, 70886, 72313
100, 6750, 19, 70886, 70886
100, 6760, 19, 70886, 71972
100, 6770, 19, 70703, 72110
100, 6780, 19, 70703, 71569
100, 6790, 19, 70638, 71181
100, 6800, 19, 70625, 72588
100, 6810, 19, 70625, 70741
100, 6820, 19, 70625, 70625
100, 6830, 19, 70560, 70763
100, 6840, 19, 70542, 70828
100, 6850, 19, 70542, 71409
100, 6860, 19, 70542, 71170
100, 6870, 19, 70476, 72212
100, 6880, 19, 70399, 71676
100, 6890, 19, 70316, 71524
100, 6900, 19, 70316, 71585
100, 6910, 19, 70316, 71513
100, 6920, 19, 70316, 70316
100, 6930, 19, 70316, 71891
100, 6940, 19, 70316, 70421
100, 6950, 19, 70316, 71970
100, 6960, 19, 70316, 70316
100, 6970, 19, 70316, 72601
100, 6980, 19, 70316, 70316
100, 6990, 19, 70290, 70316
100, 7000, 19, 70290, 70834
100, 7010, 19, 70290, 70813
100, 7020, 19, 70278, 70695
100, 7030, 19, 70278, 71675
100, 7040, 19, 70278, 71784
100, 7050, 19, 70225, 70278
100, 7060, 19, 70207, 70225
100, 7070, 19, 70106, 70207
100, 7080, 19, 70089, 71652
100, 7090, 19, 70089, 70659
100, 7100, 19, 69961, 72523
100, 7110, 19, 69436, 70264
100, 7120, 19, 69436, 70303
100, 7130, 19, 69419, 71062
100, 7140, 19, 69419, 70755
100, 7150, 19, 69278, 70599
100, 7160, 19, 69253, 69714
100, 7170, 19, 69253, 69253
100, 7180, 19, 69253, 69253
100, 7190, 19, 69253, 69253
100, 7200, 19, 69253, 70505
100, 7210, 19, 69119, 70593
100, 7220, 19, 69086, 70565
100, 7230, 19, 69071, 70030
100, 7240, 19, 69066, 69902
100, 7250, 19, 69066, 69066
100, 7260, 19, 69066, 69190
100, 7270, 19, 69051, 69066
100, 7280, 19, 69051, 69051
100, 7290, 19, 69051, 69051
100, 7300, 19, 69051, 70382
100, 7310, 19, 69051, 69858
100, 7320, 19, 69051, 69517
100, 7330, 19, 68927, 71269
100, 7340, 19, 68927, 68927
100, 7350, 19, 68915, 70527
100, 7360, 19, 68915, 70890
100, 7370, 19, 68915, 70570
100, 7380, 19, 68915, 69945
100, 7390, 19, 68915, 69097
100, 7400, 19, 68915, 68915
100, 7410, 19, 68915, 70625
100, 7420, 19, 68734, 71281
100, 7430, 19, 68734, 70492
100, 7440, 19, 68719, 69380
100, 7450, 19, 68719, 70643
100, 7460, 19, 68663, 68864
100, 7470, 19, 68663, 70937
100, 7480, 19, 68540, 71316
100, 7490, 19, 68540, 68967
100, 7500, 19, 68540, 68540
100, 7510, 19, 68394, 68799
100, 7520, 19, 68394, 68394
100, 7530, 19, 68394, 68394
100, 7540, 19, 68394, 68394
100, 7550, 19, 68161, 69492
100, 7560, 19, 68161, 68831
100, 7570, 19, 68161, 68161
100, 7580, 19, 68140, 70146
100, 7590, 19, 68057, 68140
100, 7600, 19, 67537, 69085
100, 7610, 19, 67537, 68057
100, 7620, 19, 67537, 69320
100, 7630, 19, 67537, 67537
100, 7640, 19, 67518, 68689
100, 7650, 19, 67518, 67518
100, 7660, 19, 67518, 67518
100, 7670, 19, 67518, 67518
100, 7680, 19, 67518, 68626
100, 7690, 19, 67518, 69213
100, 7700, 19, 67518, 67518
100, 7710, 19, 67518, 67518
100, 7720, 19, 67518, 67918
100, 7730, 19, 67404, 68863
100, 7740, 19, 67404, 67404
100, 7750, 19, 67404, 67404
100, 7760, 19, 67404, 68170
100, 7770, 19, 67404, 68649
100, 7780, 19, 67339, 68659
100, 7790, 19, 67339, 68492
100, 7800, 19, 67339, 67339
100, 7810, 19, 67298, 67339
100, 7820, 19, 67298, 68814
100, 7830, 19, 67298, 67298
100, 7840, 19, 67298, 67298
100, 7850, 19, 67244, 69164
100, 7860, 19, 67200, 67415
100, 7870, 19, 67200, 67200
100, 7880, 19, 67200, 67200
100, 7890, 19, 67200, 67200
100, 7900, 19, 67200, 67687
100, 7910, 19, 67200, 67200
100, 7920, 19, 67200, 68706
100, 7930, 19, 67193, 67400
100, 7940, 19, 67193, 67193
100, 7950, 19, 67193, 67876
100, 7960, 19, 67193, 67193
100, 7970, 19, 67093, 68205
100, 7980, 19, 67093, 67093
100, 7990, 19, 67076, 67093
100, 8000, 19, 67076, 68265
100, 8010, 19, 67076, 67709
100, 8020, 19, 67076, 69592
100, 8030, 19, 67076, 67076
100, 8040, 19, 67006, 67573
100, 8050, 19, 67006, 67425
100, 8060, 19, 67006, 67406
100, 8070, 19, 67001, 67001
100, 8080, 19, 66835, 67001
100, 8090, 19, 66835, 66835
100, 8100, 19, 66808, 67962
100, 8110, 19, 66779, 67406
100, 8120, 19, 66779, 66779
100, 8130, 19, 66779, 68167
100, 8140, 19, 66723, 67614
100, 8150, 19, 66723, 67717
100, 8160, 19, 66723, 67241
100, 8170, 19, 66723, 66723
100, 8180, 19, 66723, 66723
100, 8190, 19, 66723, 67677
100, 8200, 19, 66723, 67494
100, 8210, 19, 66723, 68551
100, 8220, 19, 66693, 66723
100, 8230, 19, 66693, 66693
100, 8240, 19, 66693, 66693
100, 8250, 19, 66526, 66693
100, 8260, 19, 66526, 66609
100, 8270, 19, 66526, 67145
100, 8280, 19, 66511, 66526
100, 8290, 19, 66511, 66511
100, 8300, 19, 66511, 66758
100, 8310, 19, 66511, 66568
100, 8320, 19, 66511, 66511
100, 8330, 19, 66511, 66934
100, 8340, 19, 66511, 66511
100, 8350, 19, 66511, 66943
100, 8360, 19, 66511, 66511
100, 8370, 19, 66511, 67313
100, 8380, 19, 66511, 66511
100, 8390, 19, 66511, 68158
100, 8400, 19, 66511, 66718
100, 8410, 19, 66511, 67158
100, 8420, 19, 66511, 66511
100, 8430, 19, 66511, 66511
100, 8440, 19, 66511, 66511
100, 8450, 19, 66511, 67082
100, 8460, 19, 66511, 66511
100, 8470, 19, 66511, 66511
100, 8480, 19, 66477, 68498
100, 8490, 19, 66477, 68392
100, 8500, 19, 66477, 66477
100, 8510, 19, 66477, 69770
100, 8520, 19, 66459, 66940
100, 8530, 19, 66459, 68259
100, 8540, 19, 66459, 67661
100, 8550, 19, 66459, 66459
100, 8560, 19, 66459, 67298
100, 8570, 19, 66459, 66459
100, 8580, 19, 66459, 66459
100, 8590, 19, 66459, 66459
100, 8600, 19, 66459, 67992
100, 8610, 19, 66459, 67861
100, 8620, 19, 66459, 67459
100, 8630, 19, 66459, 68235
100, 8640, 19, 66459, 67208
100, 8650, 19, 66459, 66459
100, 8660, 19, 66459, 67468
100, 8670, 19, 66459, 66459
100, 8680, 19, 66274, 66459
100, 8690, 19, 66274, 66274
100, 8700, 19, 66274, 67932
100, 8710, 19, 66274, 67414
100, 8720, 19, 66090, 66784
100, 8730, 19, 66090, 66090
100, 8740, 19, 66090, 66461
100, 8750, 19, 66090, 66090
100, 8760, 19, 66090, 66090
100, 8770, 19, 66090, 66090
100, 8780, 19, 66078, 68186
100, 8790, 19, 66078, 66078
100, 8800, 19, 66018, 67856
100, 8810, 19, 66018, 66018
100, 8820, 19, 66018, 66018
100, 8830, 19, 66018, 66018
100, 8840, 19, 66018, 66465
100, 8850, 19, 66018, 66018
100, 8860, 19, 65960, 66018
100, 8870, 19, 65960, 65960
100, 8880, 19, 65960, 65960
100, 8890, 19, 65931, 65960
100, 8900, 19, 65931, 65969
100, 8910, 19, 65931, 67696
100, 8920, 19, 65931, 67761
100, 8930, 19, 65931, 65931
100, 8940, 19, 65890, 66715
100, 8950, 19, 65890, 67534
100, 8960, 19, 65890, 65890
100, 8970, 19, 65820, 65890
100, 8980, 19, 65820, 65820
100, 8990, 19, 65704, 65820
100, 9000, 19, 65704, 65704
100, 9010, 19, 65704, 65704
100, 9020, 19, 65704, 65704
100, 9030, 19, 65704, 65704
100, 9040, 19, 65479, 67080
100, 9050, 19, 65479, 66949
100, 9060, 19, 65414, 65520
100, 9070, 19, 65414, 65414
100, 9080, 19, 65414, 65722
100, 9090, 19, 65414, 65414
100, 9100, 19, 65414, 65414
100, 9110, 19, 65414, 66733
100, 9120, 19, 65314, 67223
100, 9130, 19, 65314, 66498
100, 9140, 19, 65314, 66024
100, 9150, 19, 65224, 66380
100, 9160, 19, 65224, 65224
100, 9170, 19, 65224, 65224
100, 9180, 19, 65224, 65224
100, 9190, 19, 65224, 67024
100, 9200, 19, 65224, 66850
100, 9210, 19, 65224, 65854
100, 9220, 19, 65224, 65224
100, 9230, 19, 65224, 65242
100, 9240, 19, 65224, 65609
100, 9250, 19, 65224, 65224
100, 9260, 19, 65224, 65224
100, 9270, 19, 65166, 67433
100, 9280, 19, 65166, 65166
100, 9290, 19, 65166, 65166
100, 9300, 19, 65166, 65166
100, 9310, 19, 65166, 65166
100, 9320, 19, 65124, 66140
100, 9330, 19, 65124, 65124
100, 9340, 19, 65124, 65843
100, 9350, 19, 65124, 67085
100, 9360, 19, 65059, 65124
100, 9370, 19, 65059, 65059
100, 9380, 19, 65059, 65059
100, 9390, 19, 65059, 65059
100, 9400, 19, 65059, 66098
100, 9410, 19, 65014, 65059
100, 9420, 19, 64942, 65014
100, 9430, 19, 64942, 66282
100, 9440, 19, 64942, 66225
100, 9450, 19, 64942, 64942
100, 9460, 19, 64935, 66017
100, 9470, 19, 64935, 66738
100, 9480, 19, 64922, 64935
100, 9490, 19, 64922, 65687
100, 9500, 19, 64922, 64922
100, 9510, 19, 64922, 64922
100, 9520, 19, 64922, 66470
100, 9530, 19, 64922, 64922
100, 9540, 19, 64845, 65806
100, 9550, 19, 64845, 65134
100, 9560, 19, 64650, 65992
100, 9570, 19, 64448, 64650
100, 9580, 19, 64419, 64419
100, 9590, 19, 64419, 64419
100, 9600, 19, 64419, 64419
100, 9610, 19, 64419, 64419
100, 9620, 19, 64419, 64782
100, 9630, 19, 64419, 65743
100, 9640, 19, 64419, 65127
100, 9650, 19, 64419, 64419
100, 9660, 19, 64419, 64419
100, 9670, 19, 64404, 64419
100, 9680, 19, 64404, 64404
100, 9690, 19, 64404, 64404
100, 9700, 19, 64404, 64404
100, 9710, 19, 64404, 64404
100, 9720, 19, 64404, 64404
100, 9730, 19, 64404, 64404
100, 9740, 19, 64300, 64300
100, 9750, 19, 64100, 64300
100, 9760, 19, 64100, 64100
100, 9770, 19, 64100, 64100
100, 9780, 19, 64100, 64100
100, 9790, 19, 64100, 64100
100, 9800, 19, 64100, 64100
100, 9810, 19, 64100, 64100
100, 9820, 19, 64100, 64691
100, 9830, 19, 64100, 64100
100, 9840, 19, 64100, 64100
100, 9850, 19, 64100, 64100
100, 9860, 19, 64100, 64806
100, 9870, 19, 64044, 64044
100, 9880, 19, 64039, 64044
100, 9890, 19, 64039, 64039
100, 9900, 19, 64039, 64039
100, 9910, 19, 64039, 64528
100, 9920, 19, 64039, 64039
100, 9930, 19, 64004, 64039
100, 9940, 19, 64004, 64004
100, 9950, 19, 64004, 64004
100, 9960, 19, 64004, 64004
100, 9970, 19, 63833, 64004
100, 9980, 19, 63703, 63833
100, 9990, 19, 63580, 64381
100, 10000, 19, 63580, 63580
100, 10010, 19, 63580, 63580
100, 10020, 19, 63580, 63580
100, 10030, 19, 63580, 63580
100, 10040, 19, 63580, 63580
100, 10050, 19, 63580, 63580
100, 10060, 19, 63580, 64796
100, 10070, 19, 63580, 63580
100, 10080, 19, 63580, 63962
100, 10090, 19, 63580, 63580
100, 10100, 19, 63580, 63580
100, 10110, 19, 63580, 65731
100, 10120, 19, 63580, 63871
100, 10130, 19, 63580, 63580
100, 10140, 19, 63580, 63580
100, 10150, 19, 63580, 63580
100, 10160, 19, 63580, 63580
100, 10170, 19, 63580, 63580
100, 10180, 19, 63580, 63580
100, 10190, 19, 63580, 63580
100, 10200, 19, 63580, 63580
100, 10210, 19, 63580, 63580
100, 10220, 19, 63580, 64786
100, 10230, 19, 63580, 63580
100, 10240, 19, 63580, 63580
100, 10250, 19, 63580, 63580
100, 10260, 19, 63580, 63580
100, 10270, 19, 63580, 63580
100, 10280, 19, 63580, 63580
100, 10290, 19, 63580, 63580
100, 10300, 19, 63580, 64783
100, 10310, 19, 63580, 63580
100, 10320, 19, 63580, 63580
100, 10330, 19, 63580, 63580
100, 10340, 19, 63580, 63580
100, 10350, 19, 63580, 63580
100, 10360, 19, 63580, 63580
100, 10370, 19, 63580, 63580
100, 10380, 19, 63580, 63580
100, 10390, 19, 63580, 63580
100, 10400, 19, 63580, 63580
100, 10410, 19, 63580, 63580
100, 10420, 19, 63580, 63580
100, 10430, 19, 63515, 64376
100, 10440, 19, 63445, 63515
100, 10450, 19, 63445, 63445
100, 10460, 19, 63445, 63445
100, 10470, 19, 63339, 63445
100, 10480, 19, 63339, 64327
100, 10490, 19, 63339, 63339
100, 10500, 19, 63339, 64253
100, 10510, 19, 63298, 63298
100, 10520, 19, 63298, 63298
100, 10530, 19, 63298, 64107
100, 10540, 19, 63298, 63298
100, 10550, 19, 63298, 63298
100, 10560, 19, 63298, 63298
100, 10570, 19, 63298, 63298
100, 10580, 19, 63298, 63298
100, 10590, 19, 63298, 63298
100, 10600, 19, 63298, 63298
100, 10610, 19, 63298, 63660
100, 10620, 19, 63298, 63298
100, 10630, 19, 63298, 63298
100, 10640, 19, 63177, 63298
100, 10650, 19, 63177, 63177
100, 10660, 19, 63108, 63177
100, 10670, 19, 63108, 63108
100, 10680, 19, 63108, 63108
100, 10690, 19, 63108, 63108
100, 10700, 19, 63108, 63108
100, 10710, 19, 63059, 63059
100, 10720, 19, 63059, 63059
100, 10730, 19, 63059, 63059
100, 10740, 19, 63059, 63059
100, 10750, 19, 63059, 63059
100, 10760, 19, 63059, 63059
100, 10770, 19, 63059, 63059
100, 10780, 19, 63001, 63059
100, 10790, 19, 63001, 63001
100, 10800, 19, 62902, 63001
100, 10810, 19, 62902, 62902
100, 10820, 19, 62902, 62902
100, 10830, 19, 62902, 62902
100, 10840, 19, 62902, 62902
100, 10850, 19, 62902, 62902
100, 10860, 19, 62902, 62902
100, 10870, 19, 62902, 62902
100, 10880, 19, 62902, 62902
100, 10890, 19, 62902, 62902
100, 10900, 19, 62902, 62902
100, 10910, 19, 62902, 62902
100, 10920, 19, 62902, 62902
100, 10930, 19, 62902, 62902
100, 10940, 19, 62833, 62833
100, 10950, 19, 62811, 62833
100, 10960, 19, 62811, 62811
100, 10970, 19, 62742, 62811
100, 10980, 19, 62742, 62742
100, 10990, 19, 62742, 62742
100, 11000, 19, 62742, 62742
100, 11010, 19, 62742, 62742
100, 11020, 19, 62742, 62742
100, 11030, 19, 62742, 62742
100, 11040, 19, 62742, 62742
100, 11050, 19, 62742, 62742
100, 11060, 19, 62742, 62742
100, 11070, 19, 62742, 62742
100, 11080, 19, 62742, 62742
100, 11090, 19, 62742, 62742
100, 11100, 19, 62742, 62742
100, 11110, 19, 62742, 62742
100, 11120, 19, 62742, 62742
100, 11130, 19, 62742, 62742
100, 11140, 19, 62742, 62742
100, 11150, 19, 62742, 62742
100, 11160, 19, 62742, 62742
100, 11170, 19, 62742, 62742
100, 11180, 19, 62742, 62742
100, 11190, 19, 62742, 62935
100, 11200, 19, 62722, 62742
100, 11210, 19, 62722, 62722
100, 11220, 19, 62722, 62722
100, 11230, 19, 62722, 62722
100, 11240, 19, 62722, 62722
100, 11250, 19, 62722, 62722
100, 11260, 19, 62713, 63411
100, 11270, 19, 62713, 62713
100, 11280, 19, 62713, 62713
100, 11290, 19, 62713, 62713
100, 11300, 19, 62713, 62713
100, 11310, 19, 62713, 62713
100, 11320, 19, 62713, 63537
100, 11330, 19, 62713, 62713
100, 11340, 19, 62713, 62713
100, 11350, 19, 62713, 62713
100, 11360, 19, 62713, 62713
100, 11370, 19, 62713, 62713
100, 11380, 19, 62713, 62713
100, 11390, 19, 62713, 62713
100, 11400, 19, 62713, 63102
100, 11410, 19, 62713, 62713
100, 11420, 19, 62713, 64920
100, 11430, 19, 62576, 62713
100, 11440, 19, 62576, 62576
100, 11450, 19, 62576, 62576
100, 11460, 19, 62576, 62576
100, 11470, 19, 62576, 62576
100, 11480, 19, 62576, 62576
100, 11490, 19, 62576, 62576
100, 11500, 19, 62576, 62576
100, 11510, 19, 62576, 62576
100, 11520, 19, 62576, 62576
100, 11530, 19, 62552, 62576
100, 11540, 19, 62552, 62552
100, 11550, 19, 62552, 62552
100, 11560, 19, 62552, 62552
100, 11570, 19, 62552, 62552
100, 11580, 19, 62552, 62552
100, 11590, 19, 62552, 62552
100, 11600, 19, 62552, 62552
100, 11610, 19, 62552, 62552
100, 11620, 19, 62552, 62552
100, 11630, 19, 62552, 62552
100, 11640, 19, 62552, 62552
100, 11650, 19, 62552, 62552
100, 11660, 19, 62552, 62552
100, 11670, 19, 62552, 62552
100, 11680, 19, 62552, 62552
100, 11690, 19, 62552, 62552
100, 11700, 19, 62552, 62552
100, 11710, 19, 62552, 62552
100, 11720, 19, 62552, 62552
100, 11730, 19, 62552, 62552
100, 11740, 19, 62436, 63901
100, 11750, 19, 62436, 62436
100, 11760, 19, 62436, 62436
100, 11770, 19, 62436, 62436
100, 11780, 19, 62436, 62436
100, 11790, 19, 62436, 62436
100, 11800, 19, 62415, 62436
100, 11810, 19, 62415, 62415
100, 11820, 19, 62415, 62415
100, 11830, 19, 62415, 62415
100, 11840, 19, 62415, 62415
100, 11850, 19, 62415, 62415
100, 11860, 19, 62415, 62415
100, 11870, 19, 62415, 62415
100, 11880, 19, 62415, 62415
100, 11890, 19, 62415, 62415
100, 11900, 19, 62415, 62415
100, 11910, 19, 62415, 62415
100, 11920, 19, 62415, 62415
100, 11930, 19, 62415, 62415
100, 11940, 19, 62415, 62415
100, 11950, 19, 62374, 62374
100, 11960, 19, 62374, 62374
100, 11970, 19, 62358, 62374
100, 11980, 19, 62358, 62874
100, 11990, 19, 62358, 62358
100, 12000, 19, 62358, 62358
100, 12010, 19, 62358, 62358
100, 12020, 19, 62358, 62358
100, 12030, 19, 62358, 62358
100, 12040, 19, 62358, 62358
100, 12050, 19, 62358, 62358
100, 12060, 19, 62358, 62358
100, 12070, 19, 62358, 62358
100, 12080, 19, 62358, 62358
100, 12090, 19, 62356, 62356
100, 12100, 19, 62356, 62356
100, 12110, 19, 62300, 62300
100, 12120, 19, 62300, 62300
100, 12130, 19, 62300, 62300
100, 12140, 19, 62300, 63100
100, 12150, 19, 62300, 62300
100, 12160, 19, 62300, 62300
100, 12170, 19, 62300, 62300
100, 12180, 19, 62300, 62300
100, 12190, 19, 62300, 62300
100, 12200, 19, 62300, 62300
100, 12210, 19, 62185, 62268
100, 12220, 19, 62185, 62185
100, 12230, 19, 62185, 62185
100, 12240, 19, 62185, 62185
100, 12250, 19, 62185, 62185
100, 12260, 19, 62185, 62185
100, 12270, 19, 62185, 62185
100, 12280, 19, 62185, 62185
100, 12290, 19, 62173, 62173
100, 12300, 19, 62173, 62173
100, 12310, 19, 62173, 62173
100, 12320, 19, 62145, 62145
100, 12330, 19, 62145, 62145
100, 12340, 19, 62145, 62145
100, 12350, 19, 62145, 62145
100, 12360, 19, 62145, 62145
100, 12370, 19, 62145, 62145
100, 12380, 19, 62145, 62145
100, 12390, 19, 62145, 62145
100, 12400, 19, 62145, 62145
100, 12410, 19, 62145, 62145
100, 12420, 19, 62145, 62145
100, 12430, 19, 62145, 62145
100, 12440, 19, 62145, 62145
100, 12450, 19, 62145, 62145
100, 12460, 19, 62145, 62145
100, 12470, 19, 62145, 62145
100, 12480, 19, 62145, 62145
100, 12490, 19, 62145, 62145
100, 12500, 19, 62145, 62145
100, 12510, 19, 62145, 62145
100, 12520, 19, 62145, 62145
100, 12530, 19, 62145, 62145
100, 12540, 19, 62145, 62145
100, 12550, 19, 62084, 62145
100, 12560, 19, 62084, 62084
100, 12570, 19, 62084, 62084
100, 12580, 19, 62084, 62084
100, 12590, 19, 62084, 62084
100, 12600, 19, 62084, 62084
100, 12610, 19, 62084, 62084
100, 12620, 19, 62032, 62084
100, 12630, 19, 62032, 62032
100, 12640, 19, 62032, 62032
100, 12650, 19, 62032, 62032
100, 12660, 19, 62032, 62032
100, 12670, 19, 62032, 62032
100, 12680, 19, 62032, 62032
100, 12690, 19, 62032, 62032
100, 12700, 19, 62032, 62032
100, 12710, 19, 62032, 62032
100, 12720, 19, 62032, 62032
100, 12730, 19, 62032, 62032
100, 12740, 19, 62032, 62032
100, 12750, 19, 61927, 61927
100, 12760, 19, 61927, 61927
100, 12770, 19, 61927, 61927
100, 12780, 19, 61927, 61927
100, 12790, 19, 61927, 61927
100, 12800, 19, 61927, 62628
100, 12810, 19, 61927, 61927
100, 12820, 19, 61927, 61927
100, 12830, 19, 61858, 61927
100, 12840, 19, 61858, 61858
100, 12850, 19, 61858, 61858
100, 12860, 19, 61858, 61858
100, 12870, 19, 61858, 61858
100, 12880, 19, 61858, 61858
100, 12890, 19, 61858, 61858
100, 12900, 19, 61858, 61858
100, 12910, 19, 61858, 61858
100, 12920, 19, 61858, 61858
100, 12930, 19, 61858, 61858
100, 12940, 19, 61858, 61858
100, 12950, 19, 61858, 61858
100, 12960, 19, 61858, 61858
100, 12970, 19, 61858, 61858
100, 12980, 19, 61858, 61858
100, 12990, 19, 61858, 61858
100, 13000, 19, 61858, 61858
100, 13010, 19, 61772, 61858
100, 13020, 19, 61772, 61772
100, 13030, 19, 61772, 61772
100, 13040, 19, 61772, 61772
100, 13050, 19, 61772, 61772
100, 13060, 19, 61772, 61772
100, 13070, 19, 61714, 61714
100, 13080, 19, 61714, 61714
100, 13090, 19, 61714, 61714
100, 13100, 19, 61714, 61714
100, 13110, 19, 61714, 61714
100, 13120, 19, 61689, 61714
100, 13130, 19, 61689, 61689
100, 13140, 19, 61689, 61689
100, 13150, 19, 61689, 61689
100, 13160, 19, 61689, 61689
100, 13170, 19, 61606, 61689
100, 13180, 19, 61606, 61606
100, 13190, 19, 61606, 61606
100, 13200, 19, 61606, 61606
100, 13210, 19, 61606, 61606
100, 13220, 19, 61606, 61606
100, 13230, 19, 61606, 61606
100, 13240, 19, 61606, 61606
100, 13250, 19, 61606, 61606
100, 13260, 19, 61558, 61558
100, 13270, 19, 61558, 61558
100, 13280, 19, 61558, 61558
100, 13290, 19, 61558, 61558
100, 13300, 19, 61558, 61558
100, 13310, 19, 61558, 61558
100, 13320, 19, 61558, 61558
100, 13330, 19, 61558, 61558
100, 13340, 19, 61558, 61558
100, 13350, 19, 61558, 61558
100, 13360, 19, 61558, 61558
100, 13370, 19, 61558, 61558
100, 13380, 19, 61558, 61558
100, 13390, 19, 61558, 61558
100, 13400, 19, 61558, 61558
100, 13410, 19, 61558, 61558
100, 13420, 19, 61558, 61558
100, 13430, 19, 61558, 61558
100, 13440, 19, 61558, 61558
100, 13450, 19, 61558, 61558
100, 13460, 19, 61558, 61558
100, 13470, 19, 61558, 61558
100, 13480, 19, 61431, 63433
100, 13490, 19, 61431, 61431
100, 13500, 19, 61431, 61431
100, 13510, 19, 61431, 61431
100, 13520, 19, 61431, 61431
100, 13530, 19, 61431, 61431
100, 13540, 19, 61431, 61431
100, 13550, 19, 61431, 61431
100, 13560, 19, 61431, 61431
100, 13570, 19, 61431, 61431
100, 13580, 19, 61431, 61431
100, 13590, 19, 61431, 61431
100, 13600, 19, 61431, 61431
100, 13610, 19, 61431, 61431
100, 13620, 19, 61431, 61431
100, 13630, 19, 61431, 61431
100, 13640, 19, 61431, 61431
100, 13650, 19, 61431, 61431
100, 13660, 19, 61431, 61431
100, 13670, 19, 61431, 61431
100, 13680, 19, 61431, 61431
100, 13690, 19, 61431, 61431
100, 13700, 19, 61431, 61431
100, 13710, 19, 61431, 61431
100, 13720, 19, 61431, 61431
100, 13730, 19, 61431, 61431
100, 13740, 19, 61431, 61431
100, 13750, 19, 61431, 61431
100, 13760, 19, 61431, 61431
100, 13770, 19, 61431, 61431
100, 13780, 19, 61431, 61431
100, 13790, 19, 61431, 61431
100, 13800, 19, 61431, 61431
100, 13810, 19, 61431, 61431
100, 13820, 19, 61431, 61431
100, 13830, 19, 61431, 61431
100, 13840, 19, 61431, 61431
100, 13850, 19, 61431, 61431
100, 13860, 19, 61377, 61431
100, 13870, 19, 61377, 61377
100, 13880, 19, 61377, 61377
100, 13890, 19, 61377, 61377
100, 13900, 19, 61377, 61377
100, 13910, 19, 61377, 61377
100, 13920, 19, 61377, 61377
100, 13930, 19, 61377, 61377
100, 13940, 19, 61377, 61377
100, 13950, 19, 61377, 61377
100, 13960, 19, 61377, 61377
100, 13970, 19, 61377, 61377
100, 13980, 19, 61377, 61377
100, 13990, 19, 61377, 61377
100, 14000, 19, 61377, 61377
100, 14010, 19, 61377, 61377
100, 14020, 19, 61377, 61377
100, 14030, 19, 61377, 61377
100, 14040, 19, 61377, 61377
100, 14050, 19, 61377, 61377
100, 14060, 19, 61377, 61377
100, 14070, 19, 61377, 61377
100, 14080, 19, 61377, 61377
100, 14090, 19, 61377, 61377
100, 14100, 19, 61377, 61377
100, 14110, 19, 61377, 61377
100, 14120, 19, 61377, 61377
100, 14130, 19, 61368, 61377
100, 14140, 19, 61368, 61368
100, 14150, 19, 61368, 61368
100, 14160, 19, 61368, 61368
100, 14170, 19, 61368, 61368
100, 14180, 19, 61368, 61368
100, 14190, 19, 61368, 61368
100, 14200, 19, 61368, 61368
100, 14210, 19, 61368, 61368
100, 14220, 19, 61368, 61368
100, 14230, 19, 61368, 61368
100, 14240, 19, 61368, 61368
100, 14250, 19, 61368, 61368
100, 14260, 19, 61368, 61368
100, 14270, 19, 61368, 61368
100, 14280, 19, 61368, 61368
100, 14290, 19, 61368, 61368
100, 14300, 19, 61368, 61368
100, 14310, 19, 61368, 61368
100, 14320, 19, 61368, 61368
100, 14330, 19, 61368, 61368
100, 14340, 19, 61368, 61368
100, 14350, 19, 61350, 61368
100, 14360, 19, 61350, 61350
100, 14370, 19, 61350, 61350
100, 14380, 19, 61350, 61350
100, 14390, 19, 61350, 61350
100, 14400, 19, 61350, 61350
100, 14410, 19, 61350, 61350
100, 14420, 19, 61350, 61350
100, 14430, 19, 61350, 61350
100, 14440, 19, 61350, 61350
100, 14450, 19, 61268, 61350
100, 14460, 19, 61268, 61268
100, 14470, 19, 61268, 61268
100, 14480, 19, 61268, 61268
100, 14490, 19, 61268, 61268
100, 14500, 19, 61268, 61268
100, 14510, 19, 61268, 61268
100, 14520, 19, 61268, 61268
100, 14530, 19, 61268, 61268
100, 14540, 19, 61268, 61268
100, 14550, 19, 61268, 61268
100, 14560, 19, 61268, 61268
100, 14570, 19, 61268, 61268
100, 14580, 19, 61268, 61268
100, 14590, 19, 61268, 61268
100, 14600, 19, 61268, 61268
100, 14610, 19, 61268, 61268
100, 14620, 19, 61268, 61268
100, 14630, 19, 61268, 61268
100, 14640, 19, 61268, 61268
100, 14650, 19, 61268, 61268
100, 14660, 19, 61268, 61268
100, 14670, 19, 61268, 61268
100, 14680, 19, 61254, 61254
100, 14690, 19, 61254, 61254
100, 14700, 19, 61254, 61254
100, 14710, 19, 61254, 61254
100, 14720, 19, 61254, 61254
100, 14730, 19, 61254, 61254
100, 14740, 19, 61254, 61254
100, 14750, 19, 61254, 61254
100, 14760, 19, 61254, 61254
100, 14770, 19, 61254, 61254
100, 14780, 19, 61244, 61254
100, 14790, 19, 61244, 61244
100, 14800, 19, 61244, 61244
100, 14810, 19, 61244, 61244
100, 14820, 19, 61185, 61185
100, 14830, 19, 61185, 61185
100, 14840, 19, 61185, 61185
100, 14850, 19, 61185, 61185
100, 14860, 19, 61185, 61185
100, 14870, 19, 61185, 61185
100, 14880, 19, 61185, 61185
100, 14890, 19, 61185, 61185
100, 14900, 19, 61185, 61185
100, 14910, 19, 61185, 61185
100, 14920, 19, 61185, 61185
100, 14930, 19, 61185, 61185
100, 14940, 19, 61185, 61185
100, 14950, 19, 61185, 61185
100, 14960, 19, 61185, 61185
100, 14970, 19, 61185, 61185
100, 14980, 19, 61185, 61185
100, 14990, 19, 61185, 61185
100, 15000, 19, 61185, 61185
100, 15010, 19, 61185, 61185
100, 15020, 19, 61185, 61185
100, 15030, 19, 61185, 61185
100, 15040, 19, 61185, 61185
100, 15050, 19, 61185, 61185
100, 15060, 19, 61185, 61185
100, 15070, 19, 61185, 61185
100, 15080, 19, 61185, 61185
100, 15090, 19, 61185, 61185
100, 15100, 19, 61185, 61185
100, 15110, 19, 61185, 61185
100, 15120, 19, 61185, 61185
100, 15130, 19, 61185, 61185
100, 15140, 19, 61185, 61185
100, 15150, 19, 61185, 61185
100, 15160, 19, 61185, 61185
100, 15170, 19, 61185, 61185
100, 15180, 19, 61185, 61185
100, 15190, 19, 61185, 61185
100, 15200, 19, 61185, 61185
100, 15210, 19, 61185, 61185
100, 15220, 19, 61185, 61185
100, 15230, 19, 61185, 61185
100, 15240, 19, 61185, 61185
100, 15250, 19, 61185, 61185
100, 15260, 19, 61185, 61185
100, 15270, 19, 61185, 61185
100, 15280, 19, 61185, 61185
100, 15290, 19, 61185, 61185
100, 15300, 19, 61185, 61185
100, 15310, 19, 61185, 61185
100, 15320, 19, 61185, 61185
100, 15330, 19, 61185, 61185
100, 15340, 19, 61185, 61185
100, 15350, 19, 61185, 61185
100, 15360, 19, 61185, 61185
100, 15370, 19, 61185, 61185
100, 15380, 19, 61185, 61185
100, 15390, 19, 61185, 61185
100, 15400, 19, 61185, 61185
100, 15410, 19, 61185, 61185
100, 15420, 19, 61185, 61185
100, 15430, 19, 61185, 61185
100, 15440, 19, 61185, 61185
100, 15450, 19, 61185, 61185
100, 15460, 19, 61185, 61185
100, 15470, 19, 61156, 61156
100, 15480, 19, 61156, 61156
100, 15490, 19, 61156, 61156
100, 15500, 19, 61156, 61156
100, 15510, 19, 61156, 61156
100, 15520, 19, 61156, 61156
100, 15530, 19, 61156, 61156
100, 15540, 19, 61156, 61156
100, 15550, 19, 61156, 61156
100, 15560, 19, 61156, 61156
100, 15570, 19, 61156, 61156
100, 15580, 19, 61156, 61156
100, 15590, 19, 61156, 61156
100, 15600, 19, 61156, 61156
100, 15610, 19, 61156, 61156
100, 15620, 19, 61156, 61156
100, 15630, 19, 61156, 61156
100, 15640, 19, 61156, 61156
100, 15650, 19, 61156, 61156
100, 15660, 19, 61156, 61156
100, 15670, 19, 61156, 61156
100, 15680, 19, 61156, 61156
100, 15690, 19, 61115, 61115
100, 15700, 19, 61115, 61115
100, 15710, 19, 61115, 61115
100, 15720, 19, 61115, 61115
100, 15730, 19, 61115, 61115
100, 15740, 19, 61115, 61115
100, 15750, 19, 61115, 61115
100, 15760, 19, 61115, 61115
100, 15770, 19, 61115, 61115
100, 15780, 19, 61115, 61115
100, 15790, 19, 61115, 61115
100, 15800, 19, 61115, 61115
100, 15810, 19, 61115, 61115
100, 15820, 19, 61115, 61115
100, 15830, 19, 61115, 61115
100, 15840, 19, 61115, 61115
100, 15850, 19, 61115, 61115
100, 15860, 19, 61115, 61115
100, 15870, 19, 61115, 61115
100, 15880, 19, 61115, 61115
100, 15890, 19, 61115, 61115
100, 15900, 19, 60975, 61115
100, 15910, 19, 60975, 60975
100, 15920, 19, 60975, 60975
100, 15930, 19, 60975, 60975
100, 15940, 19, 60975, 60975
100, 15950, 19, 60975, 60975
100, 15960, 19, 60975, 60975
100, 15970, 19, 60975, 60975
100, 15980, 19, 60975, 60975
100, 15990, 19, 60975, 60975
100, 16000, 19, 60975, 60975
100, 16010, 19, 60975, 60975
100, 16020, 19, 60975, 60975
100, 16030, 19, 60975, 60975
100, 16040, 19, 60975, 60975
100, 16050, 19, 60975, 60975
100, 16060, 19, 60975, 60975
100, 16070, 19, 60975, 60975
100, 16080, 19, 60975, 60975
100, 16090, 19, 60975, 60975
100, 16100, 19, 60975, 60975
100, 16110, 19, 60975, 60975
100, 16120, 19, 60975, 60975
100, 16130, 19, 60975, 60975
100, 16140, 19, 60975, 60975
100, 16150, 19, 60975, 60975
100, 16160, 19, 60975, 60975
100, 16170, 19, 60972, 60975
100, 16180, 19, 60972, 60972
100, 16190, 19, 60972, 60972
100, 16200, 19, 60972, 60972
100, 16210, 19, 60972, 60972
100, 16220, 19, 60972, 60972
100, 16230, 19, 60972, 60972
100, 16240, 19, 60972, 60972
100, 16250, 19, 60972, 60972
100, 16260, 19, 60972, 60972
100, 16270, 19, 60896, 60972
100, 16280, 19, 60896, 60896
100, 16290, 19, 60896, 60896
100, 16300, 19, 60896, 60896
100, 16310, 19, 60896, 60896
100, 16320, 19, 60888, 60896
100, 16330, 19, 60888, 60888
100, 16340, 19, 60888, 60888
100, 16350, 19, 60823, 60888
100, 16360, 19, 60823, 60823
100, 16370, 19, 60703, 60763
100, 16380, 19, 60703, 60703
100, 16390, 19, 60703, 60703
100, 16400, 19, 60703, 60703
100, 16410, 19, 60587, 60703
100, 16420, 19, 60587, 60587
100, 16430, 19, 60587, 60587
100, 16440, 19, 60587, 60587
100, 16450, 19, 60587, 60587
100, 16460, 19, 60587, 60587
100, 16470, 19, 60587, 60587
100, 16480, 19, 60587, 60587
100, 16490, 19, 60587, 60587
100, 16500, 19, 60587, 60587
100, 16510, 19, 60587, 60587
100, 16520, 19, 60587, 60587
100, 16530, 19, 60587, 60587
100, 16540, 19, 60587, 60587
100, 16550, 19, 60587, 60587
100, 16560, 19, 60587, 60587
100, 16570, 19, 60587, 60587
100, 16580, 19, 60587, 60587
100, 16590, 19, 60587, 60587
100, 16600, 19, 60587, 60587
100, 16610, 19, 60587, 60587
100, 16620, 19, 60587, 60587
100, 16630, 19, 60587, 60587
100, 16640, 19, 60587, 60587
100, 16650, 19, 60587, 60587
100, 16660, 19, 60587, 60587
100, 16670, 19, 60587, 60587
100, 16680, 19, 60587, 60587
100, 16690, 19, 60587, 60587
100, 16700, 19, 60587, 60587
100, 16710, 19, 60587, 60587
100, 16720, 19, 60587, 60587
100, 16730, 19, 60587, 60587
100, 16740, 19, 60587, 60587
100, 16750, 19, 60587, 60587
100, 16760, 19, 60587, 60587
100, 16770, 19, 60563, 60587
100, 16780, 19, 60563, 60563
100, 16790, 19, 60486, 60486
100, 16800, 19, 60486, 60486
100, 16810, 19, 60486, 60486
100, 16820, 19, 60486, 60486
100, 16830, 19, 60486, 60486
100, 16840, 19, 60486, 60486
100, 16850, 19, 60453, 60486
100, 16860, 19, 60453, 60453
100, 16870, 19, 60404, 60404
100, 16880, 19, 60404, 60404
100, 16890, 19, 60404, 60404
100, 16900, 19, 60404, 60404
100, 16910, 19, 60404, 60404
100, 16920, 19, 60404, 60404
100, 16930, 19, 60404, 60404
100, 16940, 19, 60404, 60404
100, 16950, 19, 60404, 60404
100, 16960, 19, 60404, 60404
100, 16970, 19, 60404, 60404
100, 16980, 19, 60404, 60404
100, 16990, 19, 60404, 60404
100, 17000, 19, 60404, 60404
100, 17010, 19, 60404, 60404
100, 17020, 19, 60404, 60404
100, 17030, 19, 60404, 60404
100, 17040, 19, 60404, 60404
100, 17050, 19, 60404, 60404
100, 17060, 19, 60404, 60404
100, 17070, 19, 60404, 60404
100, 17080, 19, 60404, 60404
100, 17090, 19, 60404, 60404
100, 17100, 19, 60404, 60404
100, 17110, 19, 60404, 60404
100, 17120, 19, 60404, 60404
100, 17130, 19, 60404, 60404
100, 17140, 19, 60404, 60404
100, 17150, 19, 60404, 60404
100, 17160, 19, 60360, 60360
100, 17170, 19, 60360, 60360
100, 17180, 19, 60360, 60360
100, 17190, 19, 60360, 60360
100, 17200, 19, 60336, 60360
100, 17210, 19, 60336, 60336
100, 17220, 19, 60336, 60336
100, 17230, 19, 60336, 60336
100, 17240, 19, 60336, 60336
100, 17250, 19, 60336, 60336
100, 17260, 19, 60336, 60336
100, 17270, 19, 60336, 60336
100, 17280, 19, 60189, 60189
100, 17290, 19, 60189, 60189
100, 17300, 19, 60189, 60189
100, 17310, 19, 60189, 60189
100, 17320, 19, 60189, 60189
100, 17330, 19, 60189, 60189
100, 17340, 19, 60189, 60189
100, 17350, 19, 60189, 60189
100, 17360, 19, 60189, 60189
100, 17370, 19, 60189, 60189
100, 17380, 19, 60174, 60189
100, 17390, 19, 60174, 60174
100, 17400, 19, 60174, 60174
100, 17410, 19, 60174, 60174
100, 17420, 19, 60174, 60174
100, 17430, 19, 60174, 60174
100, 17440, 19, 60174, 60174
100, 17450, 19, 60174, 60174
100, 17460, 19, 60174, 60174
100, 17470, 19, 60174, 60174
100, 17480, 19, 60174, 60174
100, 17490, 19, 60174, 60174
100, 17500, 19, 60174, 60174
100, 17510, 19, 60174, 60174
100, 17520, 19, 60174, 60174
100, 17530, 19, 60174, 60174
100, 17540, 19, 60174, 60174
100, 17550, 19, 60174, 60174
100, 17560, 19, 60174, 60174
100, 17570, 19, 60174, 60174
100, 17580, 19, 60174, 60174
100, 17590, 19, 60174, 60174
100, 17600, 19, 60174, 60174
100, 17610, 19, 60174, 60174
100, 17620, 19, 60115, 60174
100, 17630, 19, 60115, 60115
100, 17640, 19, 60115, 60115
100, 17650, 19, 60115, 60115
100, 17660, 19, 60115, 60115
100, 17670, 19, 60115, 60115
100, 17680, 19, 60115, 60115
100, 17690, 19, 60115, 60115
100, 17700, 19, 60115, 60115
100, 17710, 19, 60115, 60115
100, 17720, 19, 60115, 60115
100, 17730, 19, 60115, 60115
100, 17740, 19, 60082, 60082
100, 17750, 19, 60082, 60082
100, 17760, 19, 60082, 60082
100, 17770, 19, 60082, 60082
100, 17780, 19, 60082, 60082
100, 17790, 19, 60082, 60082
100, 17800, 19, 60082, 60082
100, 17810, 19, 60082, 60082
100, 17820, 19, 60082, 60082
100, 17830, 19, 60082, 60082
100, 17840, 19, 60082, 60082
100, 17850, 19, 60082, 60082
100, 17860, 19, 60082, 60082
100, 17870, 19, 60082, 60082
100, 17880, 19, 60082, 60082
100, 17890, 19, 60082, 60082
100, 17900, 19, 60082, 60082
100, 17910, 19, 60082, 60082
100, 17920, 19, 60082, 60082
100, 17930, 19, 60082, 60082
100, 17940, 19, 60082, 60082
100, 17950, 19, 60082, 60082
100, 17960, 19, 60082, 60082
100, 17970, 19, 60082, 60082
100, 17980, 19, 60082, 60082
100, 17990, 19, 60082, 60082
100, 18000, 19, 60082, 60082
100, 18010, 19, 60082, 60082
100, 18020, 19, 60082, 60082
100, 18030, 19, 60082, 60082
100, 18040, 19, 60082, 60082
100, 18050, 19, 60082, 60082
100, 18060, 19, 60082, 60082
100, 18070, 19, 60082, 60082
100, 18080, 19, 60082, 60082
100, 18090, 19, 60082, 60082
100, 18100, 19, 60082, 60082
100, 18110, 19, 60082, 60082
100, 18120, 19, 60082, 60082
100, 18130, 19, 60082, 60082
100, 18140, 19, 60082, 60082
100, 18150, 19, 60068, 60068
100, 18160, 19, 60068, 60068
100, 18170, 19, 60062, 60068
100, 18180, 19, 60062, 60062
100, 18190, 19, 60062, 60062
100, 18200, 19, 60062, 60062
100, 18210, 19, 60062, 60062
100, 18220, 19, 60062, 60062
100, 18230, 19, 60062, 60062
100, 18240, 19, 60062, 60062
100, 18250, 19, 60062, 60062
100, 18260, 19, 60062, 60062
100, 18270, 19, 60062, 60062
100, 18280, 19, 60062, 60062
100, 18290, 19, 60062, 60062
100, 18300, 19, 60062, 60062
100, 18310, 19, 60062, 60062
100, 18320, 19, 60062, 60062
100, 18330, 19, 60062, 60062
100, 18340, 19, 60062, 60062
100, 18350, 19, 60062, 60062
100, 18360, 19, 60062, 60062
100, 18370, 19, 60062, 60062
100, 18380, 19, 60062, 60062
100, 18390, 19, 60062, 60062
100, 18400, 19, 60062, 60062
100, 18410, 19, 60062, 60062
100, 18420, 19, 60062, 60062
100, 18430, 19, 60022, 60062
100, 18440, 19, 60022, 60022
100, 18450, 19, 60022, 60022
100, 18460, 19, 60022, 60022
100, 18470, 19, 60022, 60022
100, 18480, 19, 60022, 60022
100, 18490, 19, 60022, 60022
100, 18500, 19, 60022, 60022
100, 18510, 19, 60022, 60022
100, 18520, 19, 60022, 60022
100, 18530, 19, 60022, 60022
100, 18540, 19, 60022, 60022
100, 18550, 19, 60022, 60022
100, 18560, 19, 60022, 60022
100, 18570, 19, 59866, 60022
100, 18580, 19, 59866, 59866
100, 18590, 19, 59866, 59866
100, 18600, 19, 59866, 59866
100, 18610, 19, 59866, 59866
100, 18620, 19, 59866, 59866
100, 18630, 19, 59866, 59866
100, 18640, 19, 59866, 59866
100, 18650, 19, 59866, 59866
100, 18660, 19, 59866, 59866
100, 18670, 19, 59866, 59866
100, 18680, 19, 59866, 59866
100, 18690, 19, 59866, 59866
100, 18700, 19, 59866, 59866
100, 18710, 19, 59866, 59866
100, 18720, 19, 59866, 59866
100, 18730, 19, 59866, 59866
100, 18740, 19, 59866, 59866
100, 18750, 19, 59859, 59859
100, 18760, 19, 59859, 59859
100, 18770, 19, 59859, 59859
100, 18780, 19, 59859, 59859
100, 18790, 19, 59859, 59859
100, 18800, 19, 59859, 59859
100, 18810, 19, 59859, 59859
100, 18820, 19, 59859, 59859
100, 18830, 19, 59859, 59859
100, 18840, 19, 59859, 59859
100, 18850, 19, 59859, 59859
100, 18860, 19, 59859, 59859
100, 18870, 19, 59859, 59859
100, 18880, 19, 59859, 59859
100, 18890, 19, 59859, 59859
100, 18900, 19, 59859, 59859
100, 18910, 19, 59859, 59859
100, 18920, 19, 59859, 59859
100, 18930, 19, 59859, 59859
100, 18940, 19, 59859, 59859
100, 18950, 19, 59859, 59859
100, 18960, 19, 59859, 59859
100, 18970, 19, 59853, 59853
100, 18980, 19, 59845, 59845
100, 18990, 19, 59845, 59845
100, 19000, 19, 59845, 59845
100, 19010, 19, 59845, 59845
100, 19020, 19, 59845, 59845
100, 19030, 19, 59845, 59845
100, 19040, 19, 59845, 59845
100, 19050, 19, 59845, 59845
100, 19060, 19, 59845, 59845
100, 19070, 19, 59845, 59845
100, 19080, 19, 59845, 59845
100, 19090, 19, 59845, 59845
100, 19100, 19, 59845, 59845
100, 19110, 19, 59845, 59845
100, 19120, 19, 59845, 59845
100, 19130, 19, 59845, 59845
100, 19140, 19, 59845, 59845
100, 19150, 19, 59845, 59845
100, 19160, 19, 59845, 59845
100, 19170, 19, 59845, 59845
100, 19180, 19, 59845, 59845
100, 19190, 19, 59845, 59845
100, 19200, 19, 59845, 59845
100, 19210, 19, 59845, 59845
100, 19220, 19, 59845, 59845
100, 19230, 19, 59845, 59845
100, 19240, 19, 59845, 59845
100, 19250, 19, 59845, 59845
100, 19260, 19, 59845, 59845
100, 19270, 19, 59845, 59845
100, 19280, 19, 59845, 59845
100, 19290, 19, 59845, 59845
100, 19300, 19, 59845, 59845
100, 19310, 19, 59845, 59845
100, 19320, 19, 59845, 59845
100, 19330, 19, 59845, 59845
100, 19340, 19, 59845, 59845
100, 19350, 19, 59845, 59845
100, 19360, 19, 59845, 59845
100, 19370, 19, 59845, 59845
100, 19380, 19, 59845, 59845
100, 19390, 19, 59845, 59845
100, 19400, 19, 59845, 59845
100, 19410, 19, 59845, 59845
100, 19420, 19, 59845, 59845
100, 19430, 19, 59845, 59845
100, 19440, 19, 59845, 59845
100, 19450, 19, 59845, 59845
100, 19460, 19, 59781, 59781
100, 19470, 19, 59781, 59781
100, 19480, 19, 59781, 59781
100, 19490, 19, 59781, 59781
100, 19500, 19, 59781, 59781
100, 19510, 19, 59781, 59781
100, 19520, 19, 59781, 59781
100, 19530, 19, 59781, 59781
100, 19540, 19, 59781, 59781
100, 19550, 19, 59781, 59781
100, 19560, 19, 59781, 59781
100, 19570, 19, 59781, 59781
100, 19580, 19, 59781, 59781
100, 19590, 19, 59781, 59781
100, 19600, 19, 59781, 59781
100, 19610, 19, 59781, 59781
100, 19620, 19, 59781, 59781
100, 19630, 19, 59781, 59781
100, 19640, 19, 59781, 59781
100, 19650, 19, 59781, 59781
100, 19660, 19, 59781, 59781
100, 19670, 19, 59781, 59781
100, 19680, 19, 59781, 59781
100, 19690, 19, 59781, 59781
100, 19700, 19, 59781, 59781
100, 19710, 19, 59781, 59781
100, 19720, 19, 59781, 59781
100, 19730, 19, 59781, 59781
100, 19740, 19, 59781, 59781
100, 19750, 19, 59781, 59781
100, 19760, 19, 59781, 59781
100, 19770, 19, 59781, 59781
100, 19780, 19, 59781, 59781
100, 19790, 19, 59781, 59781
100, 19800, 19, 59781, 59781
100, 19810, 19, 59781, 59781
100, 19820, 19, 59781, 59781
100, 19830, 19, 59781, 59781
100, 19840, 19, 59781, 59781
100, 19850, 19, 59781, 59781
100, 19860, 19, 59781, 59781
100, 19870, 19, 59781, 59781
100, 19880, 19, 59781, 59781
100, 19890, 19, 59781, 59781
100, 19900, 19, 59781, 59781
100, 19910, 19, 59781, 59781
100, 19920, 19, 59781, 59781
100, 19930, 19, 59781, 59781
100, 19940, 19, 59781, 59781
100, 19950, 19, 59781, 59781
100, 19960, 19, 59781, 59781
100, 19970, 19, 59781, 59781
100, 19980, 19, 59781, 59781
100, 19990, 19, 59781, 59781
