Population Size, Generation Count, Repetition, Best Fitness, Median Fitness
100, 0, 5, 720778, 767752
100, 10, 5, 687660, 695850
100, 20, 5, 656777, 676074
100, 30, 5, 640583, 647779
100, 40, 5, 619985, 628672
100, 50, 5, 597650, 608199
100, 60, 5, 581265, 590648
100, 70, 5, 568873, 576258
100, 80, 5, 558040, 565071
100, 90, 5, 545655, 554156
100, 100, 5, 534945, 541343
100, 110, 5, 524549, 529408
100, 120, 5, 514370, 519125
100, 130, 5, 504030, 509528
100, 140, 5, 496292, 501132
100, 150, 5, 487721, 493426
100, 160, 5, 479570, 484750
100, 170, 5, 473108, 477483
100, 180, 5, 467618, 470987
100, 190, 5, 461038, 465496
100, 200, 5, 450310, 455370
100, 210, 5, 443459, 446910
100, 220, 5, 437111, 441548
100, 230, 5, 431846, 436255
100, 240, 5, 424406, 429738
100, 250, 5, 419279, 422778
100, 260, 5, 414090, 418013
100, 270, 5, 408916, 411902
100, 280, 5, 404066, 407708
100, 290, 5, 400842, 403775
100, 300, 5, 396028, 398701
100, 310, 5, 390156, 395987
100, 320, 5, 386468, 389905
100, 330, 5, 381151, 384098
100, 340, 5, 377488, 381570
100, 350, 5, 374315, 376913
100, 360, 5, 369686, 374399
100, 370, 5, 366484, 370947
100, 380, 5, 363301, 366369
100, 390, 5, 360956, 363301
100, 400, 5, 358742, 361674
100, 410, 5, 355364, 358739
100, 420, 5, 352437, 356824
100, 430, 5, 350273, 353722
100, 440, 5, 345515, 348977
100, 450, 5, 341957, 346184
100, 460, 5, 338696, 341098
100, 470, 5, 336812, 339317
100, 480, 5, 332543, 336707
100, 490, 5, 329187, 332582
100, 500, 5, 325929, 329525
100, 510, 5, 322407, 327206
100, 520, 5, 319011, 323527
100, 530, 5, 315664, 319630
100, 540, 5, 314201, 317371
100, 550, 5, 311398, 315353
100, 560, 5, 308394, 312526
100, 570, 5, 304605, 307811
100, 580, 5, 302020, 304375
100, 590, 5, 300920, 303417
100, 600, 5, 298057, 302880
100, 610, 5, 296186, 300505
100, 620, 5, 294457, 298455
100, 630, 5, 293156, 297701
100, 640, 5, 291637, 295067
100, 650, 5, 289976, 293478
100, 660, 5, 287271, 290657
100, 670, 5, 286246, 289149
100, 680, 5, 283367, 286380
100, 690, 5, 282487, 284993
100, 700, 5, 279743, 283107
100, 710, 5, 277933, 280648
100, 720, 5, 276427, 279646
100, 730, 5, 273187, 276588
100, 740, 5, 270937, 273197
100, 750, 5, 266543, 272790
100, 760, 5, 266036, 269250
100, 770, 5, 263867, 268330
100, 780, 5, 261900, 265139
100, 790, 5, 260853, 263050
100, 800, 5, 257984, 261339
100, 810, 5, 256557, 259045
100, 820, 5, 255705, 257752
100, 830, 5, 254550, 259168
100, 840, 5, 253189, 256590
100, 850, 5, 249806, 253829
100, 860, 5, 248804, 251567
100, 870, 5, 247343, 250837
100, 880, 5, 245947, 248700
100, 890, 5, 245052, 248082
100, 900, 5, 243788, 246617
100, 910, 5, 242111, 245226
100, 920, 5, 240503, 243330
100, 930, 5, 239635, 242161
100, 940, 5, 237800, 241026
100, 950, 5, 235122, 239522
100, 960, 5, 233894, 236541
100, 970, 5, 232591, 235535
100, 980, 5, 230138, 234059
100, 990, 5, 229337, 231993
100, 1000, 5, 227786, 231702
100, 1010, 5, 226651, 228347
100, 1020, 5, 225533, 227928
100, 1030, 5, 224101, 226740
100, 1040, 5, 222723, 224644
100, 1050, 5, 221359, 223671
100, 1060, 5, 220150, 222794
100, 1070, 5, 219216, 222731
100, 1080, 5, 217722, 221187
100, 1090, 5, 216664, 219700
100, 1100, 5, 215358, 219142
100, 1110, 5, 213652, 217168
100, 1120, 5, 213202, 215397
100, 1130, 5, 212495, 214820
100, 1140, 5, 211513, 214066
100, 1150, 5, 209866, 214080
100, 1160, 5, 209478, 212337
100, 1170, 5, 208836, 211070
100, 1180, 5, 208424, 211231
100, 1190, 5, 206404, 209405
100, 1200, 5, 205452, 208960
100, 1210, 5, 204704, 207639
100, 1220, 5, 203895, 206116
100, 1230, 5, 203352, 205638
100, 1240, 5, 200961, 205954
100, 1250, 5, 200272, 203057
100, 1260, 5, 199279, 202763
100, 1270, 5, 198956, 201127
100, 1280, 5, 198062, 200438
100, 1290, 5, 197405, 199644
100, 1300, 5, 197102, 199641
100, 1310, 5, 195598, 197971
100, 1320, 5, 194895, 197199
100, 1330, 5, 193327, 198246
100, 1340, 5, 192576, 195527
100, 1350, 5, 191882, 194361
100, 1360, 5, 191454, 193551
100, 1370, 5, 190453, 193890
100, 1380, 5, 189007, 193320
100, 1390, 5, 188813, 191396
100, 1400, 5, 187964, 190570
100, 1410, 5, 186441, 189546
100, 1420, 5, 186008, 188567
100, 1430, 5, 185461, 189277
100, 1440, 5, 184718, 187065
100, 1450, 5, 183674, 186780
100, 1460, 5, 182750, 185621
100, 1470, 5, 182441, 185606
100, 1480, 5, 181545, 184106
100, 1490, 5, 181110, 182757
100, 1500, 5, 179945, 182880
100, 1510, 5, 179146, 182401
100, 1520, 5, 177889, 180432
100, 1530, 5, 176775, 179116
100, 1540, 5, 176421, 178895
100, 1550, 5, 175353, 177898
100, 1560, 5, 174668, 178129
100, 1570, 5, 173837, 177140
100, 1580, 5, 173246, 177754
100, 1590, 5, 172884, 175669
100, 1600, 5, 172167, 175265
100, 1610, 5, 171651, 174030
100, 1620, 5, 171073, 173772
100, 1630, 5, 169748, 173766
100, 1640, 5, 169067, 171466
100, 1650, 5, 168911, 171271
100, 1660, 5, 168364, 170785
100, 1670, 5, 167387, 170560
100, 1680, 5, 166890, 170009
100, 1690, 5, 166614, 169361
100, 1700, 5, 166255, 168464
100, 1710, 5, 165590, 168785
100, 1720, 5, 164355, 167645
100, 1730, 5, 163353, 166406
100, 1740, 5, 163298, 166249
100, 1750, 5, 162881, 166237
100, 1760, 5, 162370, 164784
100, 1770, 5, 161758, 164596
100, 1780, 5, 161203, 164062
100, 1790, 5, 160007, 162663
100, 1800, 5, 159001, 162464
100, 1810, 5, 158540, 161712
100, 1820, 5, 157966, 160999
100, 1830, 5, 157919, 161132
100, 1840, 5, 157376, 160033
100, 1850, 5, 155950, 157966
100, 1860, 5, 155287, 158202
100, 1870, 5, 154839, 158400
100, 1880, 5, 152872, 155803
100, 1890, 5, 152559, 154741
100, 1900, 5, 151906, 153509
100, 1910, 5, 151662, 154185
100, 1920, 5, 151271, 153691
100, 1930, 5, 151088, 154361
100, 1940, 5, 150374, 153780
100, 1950, 5, 150374, 153282
100, 1960, 5, 150075, 153139
100, 1970, 5, 149735, 153009
100, 1980, 5, 149001, 153004
100, 1990, 5, 148428, 150344
100, 2000, 5, 147818, 150327
100, 2010, 5, 147805, 149297
100, 2020, 5, 147298, 150101
100, 2030, 5, 146587, 149660
100, 2040, 5, 145990, 148402
100, 2050, 5, 145686, 148591
100, 2060, 5, 145497, 148587
100, 2070, 5, 145019, 149238
100, 2080, 5, 144787, 148379
100, 2090, 5, 144387, 147131
100, 2100, 5, 143773, 146051
100, 2110, 5, 143108, 145695
100, 2120, 5, 142846, 145719
100, 2130, 5, 142598, 145448
100, 2140, 5, 142199, 145226
100, 2150, 5, 141882, 143303
100, 2160, 5, 141332, 144542
100, 2170, 5, 141035, 142863
100, 2180, 5, 140919, 142928
100, 2190, 5, 140607, 143330
100, 2200, 5, 140333, 142725
100, 2210, 5, 139569, 142275
100, 2220, 5, 139341, 141663
100, 2230, 5, 138703, 140446
100, 2240, 5, 138703, 142212
100, 2250, 5, 138694, 140283
100, 2260, 5, 138236, 140435
100, 2270, 5, 138092, 141384
100, 2280, 5, 137889, 140210
100, 2290, 5, 137635, 139831
100, 2300, 5, 136504, 138856
100, 2310, 5, 135616, 138560
100, 2320, 5, 135455, 138848
100, 2330, 5, 134986, 137890
100, 2340, 5, 134385, 137792
100, 2350, 5, 133919, 137586
100, 2360, 5, 133478, 135093
100, 2370, 5, 133428, 135361
100, 2380, 5, 133373, 135865
100, 2390, 5, 132498, 134557
100, 2400, 5, 131807, 134161
100, 2410, 5, 131118, 134274
100, 2420, 5, 130900, 134310
100, 2430, 5, 130796, 134894
100, 2440, 5, 130477, 133526
100, 2450, 5, 130323, 130783
100, 2460, 5, 130102, 132162
100, 2470, 5, 129630, 132892
100, 2480, 5, 129344, 131085
100, 2490, 5, 128907, 130402
100, 2500, 5, 128824, 130683
100, 2510, 5, 128293, 130505
100, 2520, 5, 128262, 131046
100, 2530, 5, 128122, 130583
100, 2540, 5, 127661, 129615
100, 2550, 5, 127315, 130405
100, 2560, 5, 127023, 129408
100, 2570, 5, 126167, 130134
100, 2580, 5, 125555, 128642
100, 2590, 5, 125288, 126054
100, 2600, 5, 124322, 125885
100, 2610, 5, 124078, 126382
100, 2620, 5, 123604, 125887
100, 2630, 5, 123136, 124574
100, 2640, 5, 122564, 124933
100, 2650, 5, 122371, 125342
100, 2660, 5, 121783, 123714
100, 2670, 5, 121159, 122920
100, 2680, 5, 120910, 122784
100, 2690, 5, 120438, 122834
100, 2700, 5, 119936, 122539
100, 2710, 5, 119630, 122422
100, 2720, 5, 119517, 121861
100, 2730, 5, 119222, 121726
100, 2740, 5, 118848, 121866
100, 2750, 5, 118218, 121346
100, 2760, 5, 118043, 121373
100, 2770, 5, 117363, 121363
100, 2780, 5, 117363, 119445
100, 2790, 5, 116839, 118612
100, 2800, 5, 116613, 118070
100, 2810, 5, 116226, 119162
100, 2820, 5, 115918, 119260
100, 2830, 5, 115889, 117880
100, 2840, 5, 115424, 117636
100, 2850, 5, 115315, 116622
100, 2860, 5, 114871, 117384
100, 2870, 5, 114786, 118062
100, 2880, 5, 114631, 117007
100, 2890, 5, 114476, 116940
100, 2900, 5, 114343, 116899
100, 2910, 5, 113913, 115339
100, 2920, 5, 113858, 116019
100, 2930, 5, 113647, 115294
100, 2940, 5, 113363, 115179
100, 2950, 5, 113251, 115881
100, 2960, 5, 113104, 114846
100, 2970, 5, 112438, 115169
100, 2980, 5, 111805, 114474
100, 2990, 5, 111605, 113510
100, 3000, 5, 111260, 112404
100, 3010, 5, 110960, 112831
100, 3020, 5, 110688, 112668
100, 3030, 5, 110622, 112318
100, 3040, 5, 110173, 111880
100, 3050, 5, 109599, 113349
100, 3060, 5, 109517, 112038
100, 3070, 5, 108704, 112022
100, 3080, 5, 108444, 111244
100, 3090, 5, 108123, 111190
100, 3100, 5, 107849, 110447
100, 3110, 5, 107715, 108704
100, 3120, 5, 107478, 110984
100, 3130, 5, 106973, 108919
100, 3140, 5, 106777, 108400
100, 3150, 5, 106772, 110125
100, 3160, 5, 106156, 108671
100, 3170, 5, 105815, 107191
100, 3180, 5, 105542, 107415
100, 3190, 5, 105202, 108067
100, 3200, 5, 104906, 106917
100, 3210, 5, 104816, 106796
100, 3220, 5, 104599, 107842
100, 3230, 5, 104532, 106276
100, 3240, 5, 104164, 107310
100, 3250, 5, 103937, 105687
100, 3260, 5, 103785, 106360
100, 3270, 5, 103159, 103785
100, 3280, 5, 102364, 104939
100, 3290, 5, 102295, 104802
100, 3300, 5, 102161, 104938
100, 3310, 5, 102073, 104769
100, 3320, 5, 101823, 103547
100, 3330, 5, 101524, 104019
100, 3340, 5, 101374, 104269
100, 3350, 5, 101315, 102763
100, 3360, 5, 101160, 103003
100, 3370, 5, 100909, 103209
100, 3380, 5, 100850, 103807
100, 3390, 5, 100794, 102642
100, 3400, 5, 100569, 102785
100, 3410, 5, 100569, 103723
100, 3420, 5, 100196, 102321
100, 3430, 5, 99912, 102870
100, 3440, 5, 99729, 101597
100, 3450, 5, 99493, 102158
100, 3460, 5, 99333, 100477
100, 3470, 5, 99141, 101392
100, 3480, 5, 98896, 100759
100, 3490, 5, 98761, 100633
100, 3500, 5, 98674, 102069
100, 3510, 5, 98420, 101030
100, 3520, 5, 98418, 100982
100, 3530, 5, 98418, 100576
100, 3540, 5, 98018, 100392
100, 3550, 5, 97799, 99787
100, 3560, 5, 97283, 98678
100, 3570, 5, 96903, 98167
100, 3580, 5, 96771, 98920
100, 3590, 5, 96430, 98494
100, 3600, 5, 96232, 97961
100, 3610, 5, 96196, 98543
100, 3620, 5, 95710, 98125
100, 3630, 5, 95610, 96469
100, 3640, 5, 95610, 98234
100, 3650, 5, 95271, 97786
100, 3660, 5, 95108, 96547
100, 3670, 5, 94761, 97311
100, 3680, 5, 94217, 95327
100, 3690, 5, 94176, 95419
100, 3700, 5, 94053, 95928
100, 3710, 5, 93685, 94742
100, 3720, 5, 93420, 95520
100, 3730, 5, 93420, 94890
100, 3740, 5, 93420, 95806
100, 3750, 5, 93420, 96650
100, 3760, 5, 93416, 95408
100, 3770, 5, 93382, 96062
100, 3780, 5, 93220, 95883
100, 3790, 5, 93073, 95157
100, 3800, 5, 92708, 93860
100, 3810, 5, 92473, 94981
100, 3820, 5, 92473, 94123
100, 3830, 5, 92390, 96041
100, 3840, 5, 92292, 94432
100, 3850, 5, 92292, 95565
100, 3860, 5, 92200, 93940
100, 3870, 5, 92017, 93863
100, 3880, 5, 91905, 94248
100, 3890, 5, 91629, 93781
100, 3900, 5, 91510, 94540
100, 3910, 5, 90799, 93731
100, 3920, 5, 90528, 93095
100, 3930, 5, 90411, 92572
100, 3940, 5, 90411, 92540
100, 3950, 5, 90307, 93094
100, 3960, 5, 90069, 91301
100, 3970, 5, 89881, 91598
100, 3980, 5, 89836, 92286
100, 3990, 5, 89836, 91554
100, 4000, 5, 89699, 92548
100, 4010, 5, 89436, 90870
100, 4020, 5, 89429, 93072
100, 4030, 5, 89429, 90879
100, 4040, 5, 89287, 92645
100, 4050, 5, 89114, 90639
100, 4060, 5, 88945, 92072
100, 4070, 5, 88801, 89106
100, 4080, 5, 88586, 89956
100, 4090, 5, 88499, 90508
100, 4100, 5, 88321, 91848
100, 4110, 5, 87892, 89474
100, 4120, 5, 87892, 88835
100, 4130, 5, 87827, 89264
100, 4140, 5, 87714, 89079
100, 4150, 5, 87714, 89539
100, 4160, 5, 87256, 89360
100, 4170, 5, 87256, 89556
100, 4180, 5, 87207, 89156
100, 4190, 5, 87092, 88380
100, 4200, 5, 86850, 88079
100, 4210, 5, 86636, 88820
100, 4220, 5, 86462, 88827
100, 4230, 5, 86259, 87947
100, 4240, 5, 85758, 87621
100, 4250, 5, 85758, 87958
100, 4260, 5, 85716, 88484
100, 4270, 5, 85639, 87908
100, 4280, 5, 85297, 88080
100, 4290, 5, 85165, 87317
100, 4300, 5, 85131, 86021
100, 4310, 5, 85010, 86050
100, 4320, 5, 85010, 85811
100, 4330, 5, 85010, 86431
100, 4340, 5, 84775, 88313
100, 4350, 5, 84556, 85412
100, 4360, 5, 84308, 85248
100, 4370, 5, 83899, 87105
100, 4380, 5, 83899, 85767
100, 4390, 5, 83659, 86401
100, 4400, 5, 83255, 84905
100, 4410, 5, 83255, 84257
100, 4420, 5, 83255, 85081
100, 4430, 5, 83199, 83822
100, 4440, 5, 83027, 85089
100, 4450, 5, 83027, 84357
100, 4460, 5, 83027, 85614
100, 4470, 5, 82954, 85048
100, 4480, 5, 82954, 85795
100, 4490, 5, 82878, 87008
100, 4500, 5, 82685, 85323
100, 4510, 5, 82650, 83127
100, 4520, 5, 82547, 84787
100, 4530, 5, 82529, 84235
100, 4540, 5, 82140, 84699
100, 4550, 5, 82140, 83133
100, 4560, 5, 82140, 82140
100, 4570, 5, 82140, 84867
100, 4580, 5, 82140, 84410
100, 4590, 5, 82024, 84057
100, 4600, 5, 82024, 85096
100, 4610, 5, 81853, 83507
100, 4620, 5, 81853, 84017
100, 4630, 5, 81853, 84027
100, 4640, 5, 81853, 82801
100, 4650, 5, 81545, 82442
100, 4660, 5, 81401, 82122
100, 4670, 5, 81311, 84021
100, 4680, 5, 81234, 83565
100, 4690, 5, 81234, 84850
100, 4700, 5, 81234, 82379
100, 4710, 5, 81189, 83442
100, 4720, 5, 81189, 83757
100, 4730, 5, 81007, 81189
100, 4740, 5, 80669, 83042
100, 4750, 5, 80642, 83101
100, 4760, 5, 80559, 81402
100, 4770, 5, 80479, 81031
100, 4780, 5, 80461, 81902
100, 4790, 5, 80220, 80620
100, 4800, 5, 80220, 81057
100, 4810, 5, 80220, 80385
100, 4820, 5, 80213, 81197
100, 4830, 5, 80213, 81395
100, 4840, 5, 80099, 81436
100, 4850, 5, 79616, 82003
100, 4860, 5, 79473, 81471
100, 4870, 5, 79279, 81734
100, 4880, 5, 78991, 81355
100, 4890, 5, 78991, 81527
100, 4900, 5, 78991, 79748
100, 4910, 5, 78991, 81357
100, 4920, 5, 78558, 80047
100, 4930, 5, 78417, 79905
100, 4940, 5, 78288, 80868
100, 4950, 5, 78133, 78692
100, 4960, 5, 77909, 79354
100, 4970, 5, 77909, 78832
100, 4980, 5, 77836, 79675
100, 4990, 5, 77710, 78918
100, 5000, 5, 77661, 80289
100, 5010, 5, 77661, 80216
100, 5020, 5, 77661, 79708
100, 5030, 5, 77524, 79066
100, 5040, 5, 77524, 79060
100, 5050, 5, 77484, 77668
100, 5060, 5, 77484, 78637
100, 5070, 5, 77484, 79588
100, 5080, 5, 77481, 77880
100, 5090, 5, 77481, 79456
100, 5100, 5, 77377, 78395
100, 5110, 5, 77254, 80170
100, 5120, 5, 77254, 79104
100, 5130, 5, 77254, 77927
100, 5140, 5, 76926, 77572
100, 5150, 5, 76810, 78119
100, 5160, 5, 76810, 78295
100, 5170, 5, 76641, 78362
100, 5180, 5, 76641, 76810
100, 5190, 5, 76641, 77969
100, 5200, 5, 76641, 78632
100, 5210, 5, 76537, 77572
100, 5220, 5, 76331, 78484
100, 5230, 5, 76214, 77499
100, 5240, 5, 76214, 78709
100, 5250, 5, 76161, 78346
100, 5260, 5, 76161, 77690
100, 5270, 5, 76161, 78421
100, 5280, 5, 76161, 78323
100, 5290, 5, 76124, 76585
100, 5300, 5, 76111, 78122
100, 5310, 5, 76101, 78390
100, 5320, 5, 76101, 78222
100, 5330, 5, 76101, 78342
100, 5340, 5, 76101, 76101
100, 5350, 5, 76063, 77115
100, 5360, 5, 76055, 77843
100, 5370, 5, 75939, 77536
100, 5380, 5, 75939, 77663
100, 5390, 5, 75795, 77792
100, 5400, 5, 75781, 78568
100, 5410, 5, 75781, 77525
100, 5420, 5, 75581, 77059
100, 5430, 5, 75381, 76896
100, 5440, 5, 75186, 77343
100, 5450, 5, 75186, 76063
100, 5460, 5, 74903, 75514
100, 5470, 5, 74903, 74903
100, 5480, 5, 74837, 76221
100, 5490, 5, 74837, 76095
100, 5500, 5, 74837, 76759
100, 5510, 5, 74837, 76285
100, 5520, 5, 74703, 74837
100, 5530, 5, 74703, 76321
100, 5540, 5, 74626, 76103
100, 5550, 5, 74626, 76525
100, 5560, 5, 74626, 75195
100, 5570, 5, 74626, 74626
100, 5580, 5, 74626, 76631
100, 5590, 5, 74626, 77289
100, 5600, 5, 74604, 76887
100, 5610, 5, 74572, 75770
100, 5620, 5, 74572, 74572
100, 5630, 5, 74429, 74429
100, 5640, 5, 74355, 75548
100, 5650, 5, 74355, 76805
100, 5660, 5, 74290, 75707
100, 5670, 5, 74290, 76578
100, 5680, 5, 74242, 76365
100, 5690, 5, 74011, 75479
100, 5700, 5, 73928, 74425
100, 5710, 5, 73928, 76975
100, 5720, 5, 73795, 74317
100, 5730, 5, 73621, 74892
100, 5740, 5, 73621, 74950
100, 5750, 5, 73621, 75636
100, 5760, 5, 73621, 75505
100, 5770, 5, 73621, 74622
100, 5780, 5, 73519, 74841
100, 5790, 5, 73474, 75044
100, 5800, 5, 73346, 75280
100, 5810, 5, 73346, 74390
100, 5820, 5, 73346, 74059
100, 5830, 5, 73337, 73346
100, 5840, 5, 73337, 75035
100, 5850, 5, 73263, 75545
100, 5860, 5, 73263, 74849
100, 5870, 5, 73142, 73263
100, 5880, 5, 73072, 73664
100, 5890, 5, 73060, 73852
100, 5900, 5, 72835, 74039
100, 5910, 5, 72822, 73857
100, 5920, 5, 72822, 74988
100, 5930, 5, 72822, 74955
100, 5940, 5, 72822, 72822
100, 5950, 5, 72822, 73441
100, 5960, 5, 72678, 73651
100, 5970, 5, 72678, 75254
100, 5980, 5, 72595, 73474
100, 5990, 5, 72595, 74278
100, 6000, 5, 72537, 73494
100, 6010, 5, 72537, 72737
100, 6020, 5, 72537, 73269
100, 6030, 5, 72537, 74141
100, 6040, 5, 72522, 74159
100, 6050, 5, 72522, 74427
100, 6060, 5, 72439, 72439
100, 6070, 5, 72439, 73950
100, 6080, 5, 72439, 74147
100, 6090, 5, 72351, 72439
100, 6100, 5, 72351, 73776
100, 6110, 5, 72294, 73981
100, 6120, 5, 72258, 74705
100, 6130, 5, 72258, 73774
100, 6140, 5, 72202, 72258
100, 6150, 5, 72202, 74134
100, 6160, 5, 72202, 73597
100, 6170, 5, 72081, 73072
100, 6180, 5, 72081, 73362
100, 6190, 5, 72081, 73778
100, 6200, 5, 71922, 72917
100, 6210, 5, 71717, 71922
100, 6220, 5, 71717, 71717
100, 6230, 5, 71717, 74413
100, 6240, 5, 71717, 74952
100, 6250, 5, 71576, 72167
100, 6260, 5, 71576, 72741
100, 6270, 5, 71576, 71576
100, 6280, 5, 71498, 71576
100, 6290, 5, 71447, 72246
100, 6300, 5, 71427, 71769
100, 6310, 5, 71427, 71959
100, 6320, 5, 71402, 72706
100, 6330, 5, 71402, 71402
100, 6340, 5, 71237, 71936
100, 6350, 5, 71179, 71237
100, 6360, 5, 71179, 72885
100, 6370, 5, 71179, 71179
100, 6380, 5, 71134, 71179
100, 6390, 5, 71115, 73769
100, 6400, 5, 71115, 71115
100, 6410, 5, 71115, 73323
100, 6420, 5, 71096, 71115
100, 6430, 5, 71067, 71456
100, 6440, 5, 71067, 71067
100, 6450, 5, 70991, 72259
100, 6460, 5, 70853, 71558
100, 6470, 5, 70778, 70853
100, 6480, 5, 70593, 72016
100, 6490, 5, 70593, 71193
100, 6500, 5, 70549, 72362
100, 6510, 5, 70549, 70577
100, 6520, 5, 70549, 71906
100, 6530, 5, 70549, 72671
100, 6540, 5, 70549, 71658
100, 6550, 5, 70549, 71368
100, 6560, 5, 70549, 71644
100, 6570, 5, 70526, 71528
100, 6580, 5, 70443, 70526
100, 6590, 5, 70381, 70443
100, 6600, 5, 70381, 71038
100, 6610, 5, 70232, 70381
100, 6620, 5, 70232, 70232
100, 6630, 5, 70232, 71889
100, 6640, 5, 70232, 71724
100, 6650, 5, 70199, 70857
100, 6660, 5, 70140, 71084
100, 6670, 5, 70140, 70140
100, 6680, 5, 69964, 70140
100, 6690, 5, 69964, 69964
100, 6700, 5, 69964, 71418
100, 6710, 5, 69906, 72085
100, 6720, 5, 69886, 73573
100, 6730, 5, 69645, 70307
100, 6740, 5, 69495, 71857
100, 6750, 5, 69495, 70804
100, 6760, 5, 69462, 70560
100, 6770, 5, 69462, 69462
100, 6780, 5, 69338, 70318
100, 6790, 5, 69308, 71971
100, 6800, 5, 69249, 69308
100, 6810, 5, 69249, 69249
100, 6820, 5, 69162, 69249
100, 6830, 5, 69162, 69162
100, 6840, 5, 69156, 69162
100, 6850, 5, 69156, 71106
100, 6860, 5, 69156, 70066
100, 6870, 5, 69156, 70579
100, 6880, 5, 69073, 69522
100, 6890, 5, 69073, 70142
100, 6900, 5, 69073, 69073
100, 6910, 5, 69073, 69786
100, 6920, 5, 68934, 69073
100, 6930, 5, 68884, 71388
100, 6940, 5, 68884, 68884
100, 6950, 5, 68746, 70130
100, 6960, 5, 68660, 68746
100, 6970, 5, 68422, 70882
100, 6980, 5, 68321, 71099
100, 6990, 5, 68195, 68321
100, 7000, 5, 68087, 70067
100, 7010, 5, 68087, 68087
100, 7020, 5, 68087, 68624
100, 7030, 5, 68006, 68087
100, 7040, 5, 68006, 71208
100, 7050, 5, 68006, 68806
100, 7060, 5, 67827, 69371
100, 7070, 5, 67827, 68487
100, 7080, 5, 67805, 67827
100, 7090, 5, 67805, 70555
100, 7100, 5, 67518, 67601
100, 7110, 5, 67518, 67518
100, 7120, 5, 67518, 68228
100, 7130, 5, 67518, 67958
100, 7140, 5, 67395, 69274
100, 7150, 5, 67395, 68938
100, 7160, 5, 67310, 68271
100, 7170, 5, 67297, 67310
100, 7180, 5, 67288, 69241
100, 7190, 5, 67288, 67288
100, 7200, 5, 67288, 67288
100, 7210, 5, 67288, 67894
100, 7220, 5, 67288, 67288
100, 7230, 5, 67288, 67880
100, 7240, 5, 67288, 68652
100, 7250, 5, 67288, 67532
100, 7260, 5, 67288, 68368
100, 7270, 5, 67288, 67288
100, 7280, 5, 67288, 68180
100, 7290, 5, 67288, 69161
100, 7300, 5, 67152, 69851
100, 7310, 5, 67135, 69089
100, 7320, 5, 67135, 67135
100, 7330, 5, 66933, 67135
100, 7340, 5, 66799, 66857
100, 7350, 5, 66799, 67907
100, 7360, 5, 66799, 67069
100, 7370, 5, 66665, 66799
100, 7380, 5, 66590, 66665
100, 7390, 5, 66590, 66590
100, 7400, 5, 66539, 68899
100, 7410, 5, 66474, 67053
100, 7420, 5, 66474, 67710
100, 7430, 5, 66240, 66474
100, 7440, 5, 66117, 66240
100, 7450, 5, 66054, 66240
100, 7460, 5, 65977, 66039
100, 7470, 5, 65777, 67081
100, 7480, 5, 65741, 65777
100, 7490, 5, 65717, 65941
100, 7500, 5, 65494, 67787
100, 7510, 5, 65155, 66000
100, 7520, 5, 65155, 65693
100, 7530, 5, 65155, 65155
100, 7540, 5, 65155, 65155
100, 7550, 5, 65155, 66354
100, 7560, 5, 65155, 66529
100, 7570, 5, 65155, 66330
100, 7580, 5, 65069, 65520
100, 7590, 5, 65069, 67364
100, 7600, 5, 65069, 65069
100, 7610, 5, 65069, 65690
100, 7620, 5, 65054, 66077
100, 7630, 5, 64923, 67156
100, 7640, 5, 64923, 64923
100, 7650, 5, 64881, 64940
100, 7660, 5, 64881, 66390
100, 7670, 5, 64794, 65314
100, 7680, 5, 64794, 66134
100, 7690, 5, 64757, 64794
100, 7700, 5, 64757, 66237
100, 7710, 5, 64757, 64757
100, 7720, 5, 64736, 64736
100, 7730, 5, 64637, 66629
100, 7740, 5, 64637, 64637
100, 7750, 5, 64637, 65070
100, 7760, 5, 64418, 67266
100, 7770, 5, 64418, 64418
100, 7780, 5, 64218, 64418
100, 7790, 5, 64218, 64818
100, 7800, 5, 64218, 64218
100, 7810, 5, 64218, 64218
100, 7820, 5, 64218, 64218
100, 7830, 5, 64152, 65343
100, 7840, 5, 64111, 65290
100, 7850, 5, 64111, 64905
100, 7860, 5, 64111, 64111
100, 7870, 5, 64111, 64569
100, 7880, 5, 64111, 64676
100, 7890, 5, 64111, 65452
100, 7900, 5, 64111, 65111
100, 7910, 5, 64111, 64957
100, 7920, 5, 64111, 65051
100, 7930, 5, 64111, 64926
100, 7940, 5, 64111, 64111
100, 7950, 5, 64111, 64111
100, 7960, 5, 64111, 65643
100, 7970, 5, 64108, 64736
100, 7980, 5, 64108, 64624
100, 7990, 5, 64030, 64940
100, 8000, 5, 63979, 63979
100, 8010, 5, 63958, 63979
100, 8020, 5, 63958, 63958
100, 8030, 5, 63958, 65851
100, 8040, 5, 63958, 63958
100, 8050, 5, 63929, 65016
100, 8060, 5, 63729, 63929
100, 8070, 5, 63729, 63729
100, 8080, 5, 63729, 63729
100, 8090, 5, 63729, 64186
100, 8100, 5, 63729, 65350
100, 8110, 5, 63729, 63729
100, 8120, 5, 63729, 63729
100, 8130, 5, 63729, 63729
100, 8140, 5, 63729, 63852
100, 8150, 5, 63729, 64269
100, 8160, 5, 63729, 63729
100, 8170, 5, 63706, 64686
100, 8180, 5, 63706, 63888
100, 8190, 5, 63706, 63706
100, 8200, 5, 63706, 63706
100, 8210, 5, 63706, 63706
100, 8220, 5, 63706, 63706
100, 8230, 5, 63706, 63834
100, 8240, 5, 63597, 63706
100, 8250, 5, 63422, 63422
100, 8260, 5, 63422, 63688
100, 8270, 5, 63422, 63422
100, 8280, 5, 63422, 63422
100, 8290, 5, 63422, 64960
100, 8300, 5, 63422, 65111
100, 8310, 5, 63385, 63422
100, 8320, 5, 63385, 64085
100, 8330, 5, 63353, 63385
100, 8340, 5, 63353, 64628
100, 8350, 5, 63341, 64442
100, 8360, 5, 63341, 63341
100, 8370, 5, 63341, 65200
100, 8380, 5, 63341, 63399
100, 8390, 5, 63341, 63341
100, 8400, 5, 63341, 63905
100, 8410, 5, 63341, 64409
100, 8420, 5, 63218, 63471
100, 8430, 5, 63049, 63218
100, 8440, 5, 63049, 64474
100, 8450, 5, 63049, 63049
100, 8460, 5, 63049, 63049
100, 8470, 5, 63049, 63937
100, 8480, 5, 63049, 63576
100, 8490, 5, 63049, 63049
100, 8500, 5, 63049, 64434
100, 8510, 5, 62990, 63049
100, 8520, 5, 62990, 63809
100, 8530, 5, 62990, 65372
100, 8540, 5, 62949, 62990
100, 8550, 5, 62949, 63718
100, 8560, 5, 62949, 64300
100, 8570, 5, 62949, 63421
100, 8580, 5, 62949, 62949
100, 8590, 5, 62749, 64151
100, 8600, 5, 62749, 62749
100, 8610, 5, 62749, 63858
100, 8620, 5, 62749, 63149
100, 8630, 5, 62684, 62749
100, 8640, 5, 62684, 65512
100, 8650, 5, 62684, 62684
100, 8660, 5, 62684, 62981
100, 8670, 5, 62684, 62684
100, 8680, 5, 62684, 62684
100, 8690, 5, 62684, 62684
100, 8700, 5, 62684, 62684
100, 8710, 5, 62684, 63735
100, 8720, 5, 62684, 62684
100, 8730, 5, 62684, 63602
100, 8740, 5, 62684, 62684
100, 8750, 5, 62684, 62684
100, 8760, 5, 62684, 62932
100, 8770, 5, 62684, 62684
100, 8780, 5, 62684, 62684
100, 8790, 5, 62684, 62684
100, 8800, 5, 62684, 62684
100, 8810, 5, 62684, 62684
100, 8820, 5, 62684, 62684
100, 8830, 5, 62684, 62684
100, 8840, 5, 62684, 62684
100, 8850, 5, 62660, 63208
100, 8860, 5, 62660, 62660
100, 8870, 5, 62660, 63201
100, 8880, 5, 62660, 62660
100, 8890, 5, 62660, 62660
100, 8900, 5, 62660, 62660
100, 8910, 5, 62660, 62660
100, 8920, 5, 62660, 62774
100, 8930, 5, 62573, 62573
100, 8940, 5, 62499, 62573
100, 8950, 5, 62364, 62779
100, 8960, 5, 62364, 62364
100, 8970, 5, 62364, 62364
100, 8980, 5, 62364, 62364
100, 8990, 5, 62364, 62364
100, 9000, 5, 62364, 62364
100, 9010, 5, 62364, 62364
100, 9020, 5, 62358, 62558
100, 9030, 5, 62358, 62358
100, 9040, 5, 62358, 62358
100, 9050, 5, 62358, 62358
100, 9060, 5, 62358, 62358
100, 9070, 5, 62234, 62358
100, 9080, 5, 62154, 62234
100, 9090, 5, 62098, 63368
100, 9100, 5, 62093, 62093
100, 9110, 5, 62093, 62623
100, 9120, 5, 61791, 62093
100, 9130, 5, 61791, 61791
100, 9140, 5, 61791, 62774
100, 9150, 5, 61454, 61509
100, 9160, 5, 61094, 61436
100, 9170, 5, 61094, 61148
100, 9180, 5, 61094, 61094
100, 9190, 5, 61094, 62059
100, 9200, 5, 61094, 61094
100, 9210, 5, 61053, 61094
100, 9220, 5, 60967, 61392
100, 9230, 5, 60967, 60967
100, 9240, 5, 60967, 60967
100, 9250, 5, 60967, 60967
100, 9260, 5, 60967, 61702
100, 9270, 5, 60967, 60967
100, 9280, 5, 60967, 60967
100, 9290, 5, 60911, 60911
100, 9300, 5, 60911, 60911
100, 9310, 5, 60911, 60911
100, 9320, 5, 60856, 62149
100, 9330, 5, 60856, 60923
100, 9340, 5, 60856, 60856
100, 9350, 5, 60856, 60856
100, 9360, 5, 60817, 60856
100, 9370, 5, 60817, 60817
100, 9380, 5, 60817, 60817
100, 9390, 5, 60773, 60817
100, 9400, 5, 60573, 62275
100, 9410, 5, 60573, 60573
100, 9420, 5, 60573, 60573
100, 9430, 5, 60573, 60827
100, 9440, 5, 60573, 60573
100, 9450, 5, 60573, 61164
100, 9460, 5, 60573, 60573
100, 9470, 5, 60511, 60573
100, 9480, 5, 60438, 60511
100, 9490, 5, 60438, 60511
100, 9500, 5, 60438, 60438
100, 9510, 5, 60438, 61773
100, 9520, 5, 60438, 60438
100, 9530, 5, 60438, 60839
100, 9540, 5, 60438, 60438
100, 9550, 5, 60438, 60438
100, 9560, 5, 60438, 60438
100, 9570, 5, 60438, 60438
100, 9580, 5, 60438, 60438
100, 9590, 5, 60438, 60438
100, 9600, 5, 60426, 60438
100, 9610, 5, 60370, 60426
100, 9620, 5, 60370, 60370
100, 9630, 5, 60370, 60370
100, 9640, 5, 60370, 60370
100, 9650, 5, 60311, 60370
100, 9660, 5, 60311, 60311
100, 9670, 5, 60311, 60711
100, 9680, 5, 60311, 60863
100, 9690, 5, 60311, 60311
100, 9700, 5, 60311, 60311
100, 9710, 5, 60311, 60311
100, 9720, 5, 60311, 60311
100, 9730, 5, 60311, 61689
100, 9740, 5, 60311, 60311
100, 9750, 5, 60311, 60311
100, 9760, 5, 60311, 60311
100, 9770, 5, 60311, 60311
100, 9780, 5, 60311, 60311
100, 9790, 5, 60311, 60311
100, 9800, 5, 60301, 60311
100, 9810, 5, 60301, 60311
100, 9820, 5, 60301, 60301
100, 9830, 5, 60301, 60301
100, 9840, 5, 60301, 60301
100, 9850, 5, 60301, 60301
100, 9860, 5, 60301, 60301
100, 9870, 5, 60301, 60301
100, 9880, 5, 60263, 60301
100, 9890, 5, 60263, 60263
100, 9900, 5, 60263, 61972
100, 9910, 5, 60263, 60263
100, 9920, 5, 60263, 61600
100, 9930, 5, 60162, 61171
100, 9940, 5, 60162, 60162
100, 9950, 5, 60151, 60537
100, 9960, 5, 60151, 61053
100, 9970, 5, 60151, 60151
100, 9980, 5, 60151, 60151
100, 9990, 5, 60151, 60776
100, 10000, 5, 60151, 61473
100, 10010, 5, 60151, 60151
100, 10020, 5, 60151, 60151
100, 10030, 5, 60151, 60275
100, 10040, 5, 60151, 60151
100, 10050, 5, 60106, 60106
100, 10060, 5, 60105, 60703
100, 10070, 5, 60105, 60105
100, 10080, 5, 60105, 60105
100, 10090, 5, 60105, 60105
100, 10100, 5, 60105, 60105
100, 10110, 5, 60105, 60105
100, 10120, 5, 60105, 60105
100, 10130, 5, 60105, 60837
100, 10140, 5, 60105, 61219
100, 10150, 5, 60105, 60105
100, 10160, 5, 60105, 60105
100, 10170, 5, 60073, 60444
100, 10180, 5, 60073, 60964
100, 10190, 5, 60073, 60825
100, 10200, 5, 60073, 60073
100, 10210, 5, 60073, 60073
100, 10220, 5, 60073, 60073
100, 10230, 5, 60073, 60658
100, 10240, 5, 60073, 60073
100, 10250, 5, 60073, 60073
100, 10260, 5, 60073, 60073
100, 10270, 5, 60073, 60073
100, 10280, 5, 60073, 60073
100, 10290, 5, 60073, 61246
100, 10300, 5, 60073, 60073
100, 10310, 5, 60009, 60073
100, 10320, 5, 60009, 60009
100, 10330, 5, 60009, 60009
100, 10340, 5, 60009, 60009
100, 10350, 5, 60009, 60009
100, 10360, 5, 60009, 60009
100, 10370, 5, 60009, 60009
100, 10380, 5, 60009, 60009
100, 10390, 5, 60009, 60009
100, 10400, 5, 60009, 60009
100, 10410, 5, 60009, 60009
100, 10420, 5, 60009, 60009
100, 10430, 5, 60009, 60009
100, 10440, 5, 60009, 60009
100, 10450, 5, 60009, 60009
100, 10460, 5, 60009, 60009
100, 10470, 5, 60009, 60009
100, 10480, 5, 60009, 60009
100, 10490, 5, 60009, 60009
100, 10500, 5, 60009, 60637
100, 10510, 5, 59998, 60009
100, 10520, 5, 59998, 59998
100, 10530, 5, 59971, 59998
100, 10540, 5, 59971, 59971
100, 10550, 5, 59933, 59971
100, 10560, 5, 59892, 59933
100, 10570, 5, 59892, 59892
100, 10580, 5, 59892, 59892
100, 10590, 5, 59892, 59892
100, 10600, 5, 59892, 60726
100, 10610, 5, 59892, 59892
100, 10620, 5, 59892, 59892
100, 10630, 5, 59892, 59892
100, 10640, 5, 59892, 59892
100, 10650, 5, 59892, 59892
100, 10660, 5, 59892, 59892
100, 10670, 5, 59892, 60350
100, 10680, 5, 59892, 59892
100, 10690, 5, 59892, 60292
100, 10700, 5, 59892, 59892
100, 10710, 5, 59892, 59892
100, 10720, 5, 59892, 59892
100, 10730, 5, 59892, 59892
100, 10740, 5, 59779, 61489
100, 10750, 5, 59779, 59779
100, 10760, 5, 59779, 59779
100, 10770, 5, 59779, 59779
100, 10780, 5, 59779, 59779
100, 10790, 5, 59779, 59779
100, 10800, 5, 59779, 59779
100, 10810, 5, 59779, 59779
100, 10820, 5, 59779, 59779
100, 10830, 5, 59779, 61370
100, 10840, 5, 59779, 59779
100, 10850, 5, 59779, 59779
100, 10860, 5, 59779, 59779
100, 10870, 5, 59779, 59779
100, 10880, 5, 59779, 59779
100, 10890, 5, 59779, 59779
100, 10900, 5, 59779, 59779
100, 10910, 5, 59779, 59779
100, 10920, 5, 59779, 60179
100, 10930, 5, 59779, 61025
100, 10940, 5, 59779, 59779
100, 10950, 5, 59779, 59779
100, 10960, 5, 59779, 59779
100, 10970, 5, 59779, 60579
100, 10980, 5, 59779, 59779
100, 10990, 5, 59779, 60062
100, 11000, 5, 59779, 59779
100, 11010, 5, 59779, 59779
100, 11020, 5, 59779, 59779
100, 11030, 5, 59779, 59779
100, 11040, 5, 59779, 59779
100, 11050, 5, 59684, 59779
100, 11060, 5, 59684, 59684
100, 11070, 5, 59684, 59684
100, 11080, 5, 59684, 59684
100, 11090, 5, 59684, 59684
100, 11100, 5, 59684, 59684
100, 11110, 5, 59684, 59684
100, 11120, 5, 59684, 61406
100, 11130, 5, 59684, 59684
100, 11140, 5, 59684, 59684
100, 11150, 5, 59684, 59684
100, 11160, 5, 59684, 59684
100, 11170, 5, 59684, 59684
100, 11180, 5, 59684, 60200
100, 11190, 5, 59525, 59684
100, 11200, 5, 59525, 59525
100, 11210, 5, 59525, 59525
100, 11220, 5, 59525, 59525
100, 11230, 5, 59525, 59525
100, 11240, 5, 59525, 59525
100, 11250, 5, 59525, 59525
100, 11260, 5, 59525, 59525
100, 11270, 5, 59525, 59525
100, 11280, 5, 59525, 59525
100, 11290, 5, 59525, 59525
100, 11300, 5, 59525, 59525
100, 11310, 5, 59525, 59525
100, 11320, 5, 59525, 59525
100, 11330, 5, 59525, 59525
100, 11340, 5, 59525, 59525
100, 11350, 5, 59525, 59525
100, 11360, 5, 59462, 60680
100, 11370, 5, 59462, 59462
100, 11380, 5, 59462, 59462
100, 11390, 5, 59438, 59462
100, 11400, 5, 59438, 59438
100, 11410, 5, 59438, 59438
100, 11420, 5, 59438, 59438
100, 11430, 5, 59377, 59438
100, 11440, 5, 59377, 59377
100, 11450, 5, 59377, 59377
100, 11460, 5, 59377, 59377
100, 11470, 5, 59377, 59377
100, 11480, 5, 59377, 59377
100, 11490, 5, 59369, 59369
100, 11500, 5, 59369, 59369
100, 11510, 5, 59369, 59369
100, 11520, 5, 59369, 59369
100, 11530, 5, 59369, 59369
100, 11540, 5, 59369, 59369
100, 11550, 5, 59369, 59369
100, 11560, 5, 59369, 59369
100, 11570, 5, 59369, 59369
100, 11580, 5, 59369, 59369
100, 11590, 5, 59369, 59369
100, 11600, 5, 59369, 59369
100, 11610, 5, 59322, 59369
100, 11620, 5, 59322, 59322
100, 11630, 5, 59322, 59322
100, 11640, 5, 59322, 59322
100, 11650, 5, 59322, 59322
100, 11660, 5, 59135, 59135
100, 11670, 5, 59135, 59135
100, 11680, 5, 59135, 59573
100, 11690, 5, 59135, 59135
100, 11700, 5, 59135, 59135
100, 11710, 5, 59135, 59135
100, 11720, 5, 59135, 59135
100, 11730, 5, 59135, 59135
100, 11740, 5, 59135, 59135
100, 11750, 5, 59135, 59135
100, 11760, 5, 59135, 59135
100, 11770, 5, 59135, 59276
100, 11780, 5, 59135, 59135
100, 11790, 5, 59135, 59135
100, 11800, 5, 59135, 59135
100, 11810, 5, 59135, 59135
100, 11820, 5, 59135, 59135
100, 11830, 5, 59135, 59135
100, 11840, 5, 59135, 59135
100, 11850, 5, 59135, 59135
100, 11860, 5, 59135, 59135
100, 11870, 5, 59135, 59135
100, 11880, 5, 59018, 59135
100, 11890, 5, 58893, 58893
100, 11900, 5, 58893, 58893
100, 11910, 5, 58893, 58893
100, 11920, 5, 58893, 58893
100, 11930, 5, 58893, 58893
100, 11940, 5, 58893, 58893
100, 11950, 5, 58810, 58810
100, 11960, 5, 58810, 58810
100, 11970, 5, 58810, 58810
100, 11980, 5, 58810, 58810
100, 11990, 5, 58810, 58810
100, 12000, 5, 58810, 58810
100, 12010, 5, 58810, 58810
100, 12020, 5, 58810, 58810
100, 12030, 5, 58810, 58810
100, 12040, 5, 58810, 58810
100, 12050, 5, 58810, 58810
100, 12060, 5, 58810, 58810
100, 12070, 5, 58810, 58810
100, 12080, 5, 58810, 58810
100, 12090, 5, 58810, 58810
100, 12100, 5, 58810, 58810
100, 12110, 5, 58769, 58810
100, 12120, 5, 58769, 58769
100, 12130, 5, 58769, 58769
100, 12140, 5, 58769, 58769
100, 12150, 5, 58769, 58769
100, 12160, 5, 58769, 58769
100, 12170, 5, 58769, 58769
100, 12180, 5, 58769, 58769
100, 12190, 5, 58769, 58769
100, 12200, 5, 58769, 58769
100, 12210, 5, 58769, 58769
100, 12220, 5, 58769, 58769
100, 12230, 5, 58769, 58769
100, 12240, 5, 58769, 58769
100, 12250, 5, 58769, 58769
100, 12260, 5, 58769, 58769
100, 12270, 5, 58769, 58769
100, 12280, 5, 58769, 58769
100, 12290, 5, 58769, 58769
100, 12300, 5, 58769, 58769
100, 12310, 5, 58769, 58769
100, 12320, 5, 58769, 60720
100, 12330, 5, 58769, 58769
100, 12340, 5, 58769, 58769
100, 12350, 5, 58769, 58769
100, 12360, 5, 58769, 58769
100, 12370, 5, 58710, 58710
100, 12380, 5, 58710, 58710
100, 12390, 5, 58644, 58710
100, 12400, 5, 58644, 58644
100, 12410, 5, 58627, 58644
100, 12420, 5, 58627, 58627
100, 12430, 5, 58627, 58627
100, 12440, 5, 58627, 58627
100, 12450, 5, 58627, 58627
100, 12460, 5, 58627, 58627
100, 12470, 5, 58544, 58627
100, 12480, 5, 58544, 58544
100, 12490, 5, 58544, 58544
100, 12500, 5, 58544, 58544
100, 12510, 5, 58544, 58544
100, 12520, 5, 58465, 58544
100, 12530, 5, 58465, 58465
100, 12540, 5, 58465, 58465
100, 12550, 5, 58465, 58465
100, 12560, 5, 58364, 58407
100, 12570, 5, 58254, 58279
100, 12580, 5, 58254, 58254
100, 12590, 5, 58254, 58254
100, 12600, 5, 58254, 58254
100, 12610, 5, 58254, 58254
100, 12620, 5, 58254, 58254
100, 12630, 5, 58254, 58254
100, 12640, 5, 58254, 58254
100, 12650, 5, 58254, 58254
100, 12660, 5, 58254, 58254
100, 12670, 5, 58254, 58254
100, 12680, 5, 58254, 58254
100, 12690, 5, 58254, 58254
100, 12700, 5, 58254, 58254
100, 12710, 5, 58254, 58254
100, 12720, 5, 58254, 58254
100, 12730, 5, 58254, 58254
100, 12740, 5, 58254, 58254
100, 12750, 5, 58254, 58254
100, 12760, 5, 58254, 58254
100, 12770, 5, 58171, 58254
100, 12780, 5, 58171, 58171
100, 12790, 5, 58171, 58171
100, 12800, 5, 58171, 58171
100, 12810, 5, 58171, 58171
100, 12820, 5, 58171, 58171
100, 12830, 5, 58171, 58171
100, 12840, 5, 58171, 58171
100, 12850, 5, 58171, 58171
100, 12860, 5, 58171, 58171
100, 12870, 5, 58171, 58171
100, 12880, 5, 58171, 58171
100, 12890, 5, 58130, 58130
100, 12900, 5, 58108, 59588
100, 12910, 5, 58108, 58108
100, 12920, 5, 58108, 58108
100, 12930, 5, 58108, 58108
100, 12940, 5, 58108, 58108
100, 12950, 5, 58108, 58108
100, 12960, 5, 58108, 58108
100, 12970, 5, 58108, 58108
100, 12980, 5, 58108, 58108
100, 12990, 5, 58108, 58108
100, 13000, 5, 58108, 58108
100, 13010, 5, 58108, 58108
100, 13020, 5, 58108, 58108
100, 13030, 5, 58108, 58108
100, 13040, 5, 58108, 58108
100, 13050, 5, 58108, 58108
100, 13060, 5, 58108, 58108
100, 13070, 5, 58108, 58108
100, 13080, 5, 58108, 58108
100, 13090, 5, 58108, 58108
100, 13100, 5, 58108, 58108
100, 13110, 5, 58108, 58108
100, 13120, 5, 58108, 58108
100, 13130, 5, 58108, 58108
100, 13140, 5, 58108, 58108
100, 13150, 5, 58108, 58108
100, 13160, 5, 58108, 58108
100, 13170, 5, 58108, 58108
100, 13180, 5, 58108, 58108
100, 13190, 5, 58108, 58108
100, 13200, 5, 58108, 58108
100, 13210, 5, 58108, 58108
100, 13220, 5, 58026, 58026
100, 13230, 5, 58026, 58026
100, 13240, 5, 58026, 58026
100, 13250, 5, 58012, 58012
100, 13260, 5, 58012, 58012
100, 13270, 5, 58012, 58012
100, 13280, 5, 58012, 58012
100, 13290, 5, 58012, 58012
100, 13300, 5, 58012, 58012
100, 13310, 5, 58012, 58012
100, 13320, 5, 58012, 58012
100, 13330, 5, 58012, 58012
100, 13340, 5, 58012, 58012
100, 13350, 5, 58012, 58012
100, 13360, 5, 58012, 58012
100, 13370, 5, 58012, 58012
100, 13380, 5, 58012, 58012
100, 13390, 5, 58012, 58012
100, 13400, 5, 58012, 58012
100, 13410, 5, 58012, 58012
100, 13420, 5, 58012, 58012
100, 13430, 5, 58012, 58012
100, 13440, 5, 58012, 58012
100, 13450, 5, 58012, 58012
100, 13460, 5, 58012, 58012
100, 13470, 5, 57970, 58012
100, 13480, 5, 57970, 57970
100, 13490, 5, 57970, 57970
100, 13500, 5, 57970, 57970
100, 13510, 5, 57970, 57970
100, 13520, 5, 57970, 57970
100, 13530, 5, 57970, 57970
100, 13540, 5, 57970, 57970
100, 13550, 5, 57970, 57970
100, 13560, 5, 57970, 57970
100, 13570, 5, 57970, 57970
100, 13580, 5, 57970, 57970
100, 13590, 5, 57970, 57970
100, 13600, 5, 57970, 57970
100, 13610, 5, 57889, 57889
100, 13620, 5, 57889, 57889
100, 13630, 5, 57889, 57889
100, 13640, 5, 57889, 57889
100, 13650, 5, 57889, 57889
100, 13660, 5, 57889, 57889
100, 13670, 5, 57889, 57889
100, 13680, 5, 57885, 57889
100, 13690, 5, 57885, 57885
100, 13700, 5, 57885, 57885
100, 13710, 5, 57885, 57885
100, 13720, 5, 57885, 57885
100, 13730, 5, 57885, 57885
100, 13740, 5, 57885, 57885
100, 13750, 5, 57885, 57885
100, 13760, 5, 57885, 57885
100, 13770, 5, 57885, 57885
100, 13780, 5, 57885, 57885
100, 13790, 5, 57885, 57885
100, 13800, 5, 57812, 57885
100, 13810, 5, 57812, 57812
100, 13820, 5, 57812, 57812
100, 13830, 5, 57812, 57812
100, 13840, 5, 57812, 57812
100, 13850, 5, 57812, 57812
100, 13860, 5, 57812, 57812
100, 13870, 5, 57812, 57812
100, 13880, 5, 57812, 57812
100, 13890, 5, 57812, 57812
100, 13900, 5, 57812, 57812
100, 13910, 5, 57812, 57812
100, 13920, 5, 57812, 57812
100, 13930, 5, 57812, 57812
100, 13940, 5, 57812, 57812
100, 13950, 5, 57812, 57812
100, 13960, 5, 57812, 57812
100, 13970, 5, 57812, 57812
100, 13980, 5, 57812, 57812
100, 13990, 5, 57812, 57812
100, 14000, 5, 57812, 57812
100, 14010, 5, 57812, 57812
100, 14020, 5, 57812, 57812
100, 14030, 5, 57812, 57812
100, 14040, 5, 57812, 57812
100, 14050, 5, 57812, 57812
100, 14060, 5, 57549, 57812
100, 14070, 5, 57549, 57549
100, 14080, 5, 57549, 57549
100, 14090, 5, 57538, 57549
100, 14100, 5, 57538, 57538
100, 14110, 5, 57538, 57538
100, 14120, 5, 57538, 57538
100, 14130, 5, 57455, 57538
100, 14140, 5, 57455, 57455
100, 14150, 5, 57455, 57455
100, 14160, 5, 57455, 57455
100, 14170, 5, 57455, 57455
100, 14180, 5, 57455, 57455
100, 14190, 5, 57455, 57455
100, 14200, 5, 57455, 57455
100, 14210, 5, 57455, 57655
100, 14220, 5, 57437, 57455
100, 14230, 5, 57437, 57437
100, 14240, 5, 57437, 57437
100, 14250, 5, 57437, 57437
100, 14260, 5, 57437, 57437
100, 14270, 5, 57437, 57437
100, 14280, 5, 57437, 57437
100, 14290, 5, 57437, 57437
100, 14300, 5, 57437, 57437
100, 14310, 5, 57437, 57437
100, 14320, 5, 57437, 57437
100, 14330, 5, 57437, 57437
100, 14340, 5, 57437, 57437
100, 14350, 5, 57437, 57437
100, 14360, 5, 57437, 57437
100, 14370, 5, 57437, 57437
100, 14380, 5, 57437, 57437
100, 14390, 5, 57437, 57437
100, 14400, 5, 57437, 57437
100, 14410, 5, 57437, 57437
100, 14420, 5, 57437, 57437
100, 14430, 5, 57437, 57437
100, 14440, 5, 57437, 57437
100, 14450, 5, 57437, 57437
100, 14460, 5, 57437, 57437
100, 14470, 5, 57437, 57437
100, 14480, 5, 57437, 57437
100, 14490, 5, 57437, 57437
100, 14500, 5, 57437, 57437
100, 14510, 5, 57437, 57437
100, 14520, 5, 57437, 57437
100, 14530, 5, 57437, 57437
100, 14540, 5, 57437, 57437
100, 14550, 5, 57437, 57437
100, 14560, 5, 57437, 57437
100, 14570, 5, 57437, 57437
100, 14580, 5, 57437, 57437
100, 14590, 5, 57437, 57437
100, 14600, 5, 57437, 57437
100, 14610, 5, 57379, 57437
100, 14620, 5, 57379, 57379
100, 14630, 5, 57379, 57379
100, 14640, 5, 57379, 57379
100, 14650, 5, 57379, 57379
100, 14660, 5, 57379, 57379
100, 14670, 5, 57379, 57379
100, 14680, 5, 57379, 57379
100, 14690, 5, 57379, 57379
100, 14700, 5, 57379, 57379
100, 14710, 5, 57379, 57379
100, 14720, 5, 57379, 57379
100, 14730, 5, 57379, 57379
100, 14740, 5, 57255, 57379
100, 14750, 5, 57255, 57255
100, 14760, 5, 57255, 57255
100, 14770, 5, 57255, 57255
100, 14780, 5, 57255, 57255
100, 14790, 5, 57255, 57255
100, 14800, 5, 57255, 57255
100, 14810, 5, 57255, 57255
100, 14820, 5, 57255, 57255
100, 14830, 5, 57255, 57255
100, 14840, 5, 57255, 57255
100, 14850, 5, 57255, 57255
100, 14860, 5, 57255, 57255
100, 14870, 5, 57255, 57255
100, 14880, 5, 57255, 57255
100, 14890, 5, 57255, 57255
100, 14900, 5, 57255, 57255
100, 14910, 5, 57255, 57255
100, 14920, 5, 57255, 57255
100, 14930, 5, 57255, 57255
100, 14940, 5, 57255, 57255
100, 14950, 5, 57255, 57255
100, 14960, 5, 57255, 57255
100, 14970, 5, 57255, 57255
100, 14980, 5, 57255, 57255
100, 14990, 5, 57255, 57255
100, 15000, 5, 57255, 57255
100, 15010, 5, 57255, 57255
100, 15020, 5, 57255, 57255
100, 15030, 5, 57255, 57255
100, 15040, 5, 57172, 57172
100, 15050, 5, 57172, 57172
100, 15060, 5, 57172, 57172
100, 15070, 5, 57172, 57172
100, 15080, 5, 57172, 57172
100, 15090, 5, 57172, 57172
100, 15100, 5, 57172, 57172
100, 15110, 5, 57172, 57172
100, 15120, 5, 57172, 57172
100, 15130, 5, 57172, 57172
100, 15140, 5, 57172, 57172
100, 15150, 5, 57172, 57172
100, 15160, 5, 57172, 57172
100, 15170, 5, 57172, 57172
100, 15180, 5, 57172, 57172
100, 15190, 5, 57172, 57172
100, 15200, 5, 57172, 57172
100, 15210, 5, 57172, 57172
100, 15220, 5, 57172, 57172
100, 15230, 5, 57172, 57172
100, 15240, 5, 57172, 57172
100, 15250, 5, 57172, 57172
100, 15260, 5, 57158, 57158
100, 15270, 5, 57158, 57158
100, 15280, 5, 57158, 57158
100, 15290, 5, 57158, 57158
100, 15300, 5, 57158, 57158
100, 15310, 5, 57158, 57158
100, 15320, 5, 57158, 57158
100, 15330, 5, 57158, 57158
100, 15340, 5, 57158, 57158
100, 15350, 5, 57158, 57158
100, 15360, 5, 57158, 57158
100, 15370, 5, 57158, 57158
100, 15380, 5, 57158, 57158
100, 15390, 5, 57158, 57158
100, 15400, 5, 57158, 57158
100, 15410, 5, 57158, 57158
100, 15420, 5, 57158, 57158
100, 15430, 5, 57158, 57158
100, 15440, 5, 57158, 57158
100, 15450, 5, 57158, 57158
100, 15460, 5, 57158, 57158
100, 15470, 5, 57158, 57158
100, 15480, 5, 57158, 57158
100, 15490, 5, 57158, 57158
100, 15500, 5, 57158, 57158
100, 15510, 5, 57075, 57158
100, 15520, 5, 57075, 57075
100, 15530, 5, 57075, 57075
100, 15540, 5, 57075, 57075
100, 15550, 5, 57075, 57075
100, 15560, 5, 57075, 57075
100, 15570, 5, 57075, 57075
100, 15580, 5, 57075, 57075
100, 15590, 5, 57075, 57075
100, 15600, 5, 57075, 57075
100, 15610, 5, 57075, 57075
100, 15620, 5, 57075, 57075
100, 15630, 5, 57075, 57075
100, 15640, 5, 57075, 57075
100, 15650, 5, 57075, 57075
100, 15660, 5, 57075, 57075
100, 15670, 5, 57075, 57075
100, 15680, 5, 57075, 57075
100, 15690, 5, 57075, 57075
100, 15700, 5, 57075, 57075
100, 15710, 5, 57075, 57075
100, 15720, 5, 57075, 57075
100, 15730, 5, 57075, 57075
100, 15740, 5, 57075, 57075
100, 15750, 5, 57075, 57075
100, 15760, 5, 57075, 57075
100, 15770, 5, 57075, 57075
100, 15780, 5, 57075, 57075
100, 15790, 5, 57075, 57075
100, 15800, 5, 57075, 57075
100, 15810, 5, 57075, 57075
100, 15820, 5, 57075, 57075
100, 15830, 5, 57075, 57075
100, 15840, 5, 57075, 57075
100, 15850, 5, 57075, 57075
100, 15860, 5, 56962, 56962
100, 15870, 5, 56962, 56962
100, 15880, 5, 56962, 56962
100, 15890, 5, 56962, 56962
100, 15900, 5, 56962, 56962
100, 15910, 5, 56861, 56962
100, 15920, 5, 56861, 56861
100, 15930, 5, 56861, 56861
100, 15940, 5, 56861, 56861
100, 15950, 5, 56861, 56861
100, 15960, 5, 56861, 56861
100, 15970, 5, 56861, 56861
100, 15980, 5, 56861, 56861
100, 15990, 5, 56861, 56861
100, 16000, 5, 56861, 56861
100, 16010, 5, 56861, 56861
100, 16020, 5, 56861, 56861
100, 16030, 5, 56861, 56861
100, 16040, 5, 56861, 56861
100, 16050, 5, 56861, 56861
100, 16060, 5, 56861, 56861
100, 16070, 5, 56861, 56861
100, 16080, 5, 56861, 56861
100, 16090, 5, 56861, 56861
100, 16100, 5, 56861, 56861
100, 16110, 5, 56861, 56861
100, 16120, 5, 56861, 56861
100, 16130, 5, 56861, 56861
100, 16140, 5, 56861, 56861
100, 16150, 5, 56861, 56861
100, 16160, 5, 56861, 56861
100, 16170, 5, 56861, 56861
100, 16180, 5, 56861, 56861
100, 16190, 5, 56861, 56861
100, 16200, 5, 56861, 56861
100, 16210, 5, 56861, 56861
100, 16220, 5, 56861, 56861
100, 16230, 5, 56861, 56861
100, 16240, 5, 56773, 56861
100, 16250, 5, 56773, 56773
100, 16260, 5, 56773, 56773
100, 16270, 5, 56773, 56773
100, 16280, 5, 56773, 56773
100, 16290, 5, 56773, 56773
100, 16300, 5, 56773, 56773
100, 16310, 5, 56773, 56773
100, 16320, 5, 56773, 56773
100, 16330, 5, 56773, 56773
100, 16340, 5, 56773, 56773
100, 16350, 5, 56727, 56773
100, 16360, 5, 56727, 56727
100, 16370, 5, 56727, 56727
100, 16380, 5, 56727, 56727
100, 16390, 5, 56727, 56727
100, 16400, 5, 56727, 56727
100, 16410, 5, 56727, 56727
100, 16420, 5, 56727, 56727
100, 16430, 5, 56727, 56727
100, 16440, 5, 56727, 56727
100, 16450, 5, 56727, 56727
100, 16460, 5, 56727, 56727
100, 16470, 5, 56727, 56727
100, 16480, 5, 56727, 56727
100, 16490, 5, 56727, 56727
100, 16500, 5, 56727, 56727
100, 16510, 5, 56727, 56727
100, 16520, 5, 56727, 56727
100, 16530, 5, 56727, 56727
100, 16540, 5, 56727, 56727
100, 16550, 5, 56727, 56727
100, 16560, 5, 56727, 56727
100, 16570, 5, 56727, 56727
100, 16580, 5, 56727, 56727
100, 16590, 5, 56727, 56727
100, 16600, 5, 56727, 56727
100, 16610, 5, 56727, 56727
100, 16620, 5, 56727, 56727
100, 16630, 5, 56727, 56727
100, 16640, 5, 56727, 56727
100, 16650, 5, 56727, 56727
100, 16660, 5, 56727, 56727
100, 16670, 5, 56727, 56727
100, 16680, 5, 56727, 56727
100, 16690, 5, 56727, 56727
100, 16700, 5, 56727, 56727
100, 16710, 5, 56727, 56727
100, 16720, 5, 56727, 56727
100, 16730, 5, 56727, 56727
100, 16740, 5, 56727, 56727
100, 16750, 5, 56727, 56727
100, 16760, 5, 56727, 56727
100, 16770, 5, 56727, 56727
100, 16780, 5, 56727, 56727
100, 16790, 5, 56727, 56727
100, 16800, 5, 56727, 56727
100, 16810, 5, 56727, 56727
100, 16820, 5, 56727, 56727
100, 16830, 5, 56727, 56727
100, 16840, 5, 56727, 56727
100, 16850, 5, 56665, 56727
100, 16860, 5, 56665, 56665
100, 16870, 5, 56665, 56665
100, 16880, 5, 56665, 56665
100, 16890, 5, 56665, 56665
100, 16900, 5, 56665, 56665
100, 16910, 5, 56665, 56665
100, 16920, 5, 56665, 56665
100, 16930, 5, 56665, 56665
100, 16940, 5, 56665, 56665
100, 16950, 5, 56665, 56665
100, 16960, 5, 56665, 56665
100, 16970, 5, 56665, 56665
100, 16980, 5, 56665, 56665
100, 16990, 5, 56665, 56665
100, 17000, 5, 56665, 56665
100, 17010, 5, 56665, 56665
100, 17020, 5, 56665, 56665
100, 17030, 5, 56665, 56665
100, 17040, 5, 56665, 56665
100, 17050, 5, 56665, 56665
100, 17060, 5, 56665, 56665
100, 17070, 5, 56665, 56665
100, 17080, 5, 56665, 56665
100, 17090, 5, 56659, 56665
100, 17100, 5, 56659, 56659
100, 17110, 5, 56659, 56659
100, 17120, 5, 56659, 56659
100, 17130, 5, 56659, 56659
100, 17140, 5, 56659, 56659
100, 17150, 5, 56659, 56659
100, 17160, 5, 56659, 56659
100, 17170, 5, 56659, 56659
100, 17180, 5, 56659, 56659
100, 17190, 5, 56659, 56659
100, 17200, 5, 56659, 56659
100, 17210, 5, 56659, 56659
100, 17220, 5, 56659, 56659
100, 17230, 5, 56659, 56659
100, 17240, 5, 56659, 56659
100, 17250, 5, 56659, 56659
100, 17260, 5, 56659, 56659
100, 17270, 5, 56659, 56659
100, 17280, 5, 56659, 56659
100, 17290, 5, 56659, 56659
100, 17300, 5, 56659, 56659
100, 17310, 5, 56659, 56659
100, 17320, 5, 56659, 56659
100, 17330, 5, 56659, 56659
100, 17340, 5, 56659, 56659
100, 17350, 5, 56659, 56659
100, 17360, 5, 56625, 56625
100, 17370, 5, 56625, 56625
100, 17380, 5, 56625, 56625
100, 17390, 5, 56625, 56625
100, 17400, 5, 56625, 56625
100, 17410, 5, 56625, 56625
100, 17420, 5, 56625, 56625
100, 17430, 5, 56607, 56625
100, 17440, 5, 56607, 56607
100, 17450, 5, 56607, 56607
100, 17460, 5, 56607, 56607
100, 17470, 5, 56607, 56607
100, 17480, 5, 56607, 56607
100, 17490, 5, 56607, 56607
100, 17500, 5, 56607, 56607
100, 17510, 5, 56607, 56607
100, 17520, 5, 56607, 56607
100, 17530, 5, 56607, 56607
100, 17540, 5, 56607, 56607
100, 17550, 5, 56607, 56607
100, 17560, 5, 56607, 56607
100, 17570, 5, 56607, 56607
100, 17580, 5, 56607, 56607
100, 17590, 5, 56607, 56607
100, 17600, 5, 56607, 56607
100, 17610, 5, 56607, 56607
100, 17620, 5, 56607, 56607
100, 17630, 5, 56607, 56607
100, 17640, 5, 56607, 56607
100, 17650, 5, 56607, 56607
100, 17660, 5, 56607, 56607
100, 17670, 5, 56607, 56607
100, 17680, 5, 56607, 56607
100, 17690, 5, 56607, 56607
100, 17700, 5, 56607, 56607
100, 17710, 5, 56607, 56607
100, 17720, 5, 56607, 56607
100, 17730, 5, 56607, 56607
100, 17740, 5, 56607, 56607
100, 17750, 5, 56607, 56607
100, 17760, 5, 56607, 56607
100, 17770, 5, 56607, 56607
100, 17780, 5, 56607, 56607
100, 17790, 5, 56607, 56607
100, 17800, 5, 56607, 56607
100, 17810, 5, 56607, 56607
100, 17820, 5, 56607, 56607
100, 17830, 5, 56607, 56607
100, 17840, 5, 56607, 56607
100, 17850, 5, 56607, 56607
100, 17860, 5, 56607, 56607
100, 17870, 5, 56607, 56607
100, 17880, 5, 56607, 56607
100, 17890, 5, 56607, 56607
100, 17900, 5, 56607, 56607
100, 17910, 5, 56511, 56511
100, 17920, 5, 56511, 56511
100, 17930, 5, 56511, 56511
100, 17940, 5, 56511, 56511
100, 17950, 5, 56511, 56511
100, 17960, 5, 56511, 56511
100, 17970, 5, 56511, 56511
100, 17980, 5, 56511, 56511
100, 17990, 5, 56511, 56511
100, 18000, 5, 56511, 56511
100, 18010, 5, 56511, 56511
100, 18020, 5, 56511, 56511
100, 18030, 5, 56511, 56511
100, 18040, 5, 56511, 56511
100, 18050, 5, 56428, 56511
100, 18060, 5, 56428, 56428
100, 18070, 5, 56428, 56428
100, 18080, 5, 56428, 56428
100, 18090, 5, 56428, 56428
100, 18100, 5, 56428, 56428
100, 18110, 5, 56428, 56428
100, 18120, 5, 56428, 56428
100, 18130, 5, 56428, 56428
100, 18140, 5, 56428, 56428
100, 18150, 5, 56428, 56428
100, 18160, 5, 56428, 56428
100, 18170, 5, 56428, 56428
100, 18180, 5, 56428, 56428
100, 18190, 5, 56428, 56428
100, 18200, 5, 56428, 56428
100, 18210, 5, 56428, 56428
100, 18220, 5, 56428, 56428
100, 18230, 5, 56428, 56428
100, 18240, 5, 56428, 56428
100, 18250, 5, 56428, 56428
100, 18260, 5, 56428, 56428
100, 18270, 5, 56428, 56428
100, 18280, 5, 56428, 56428
100, 18290, 5, 56428, 56428
100, 18300, 5, 56428, 56428
100, 18310, 5, 56428, 56428
100, 18320, 5, 56428, 56428
100, 18330, 5, 56428, 56428
100, 18340, 5, 56428, 56428
100, 18350, 5, 56428, 56428
100, 18360, 5, 56428, 56428
100, 18370, 5, 56428, 56428
100, 18380, 5, 56428, 56428
100, 18390, 5, 56428, 56428
100, 18400, 5, 56428, 56428
100, 18410, 5, 56428, 56428
100, 18420, 5, 56419, 56428
100, 18430, 5, 56419, 56419
100, 18440, 5, 56419, 56419
100, 18450, 5, 56419, 56419
100, 18460, 5, 56419, 56419
100, 18470, 5, 56419, 56419
100, 18480, 5, 56419, 56419
100, 18490, 5, 56419, 56419
100, 18500, 5, 56419, 56419
100, 18510, 5, 56419, 56419
100, 18520, 5, 56419, 56419
100, 18530, 5, 56419, 56419
100, 18540, 5, 56419, 56419
100, 18550, 5, 56340, 56419
100, 18560, 5, 56340, 56340
100, 18570, 5, 56340, 56340
100, 18580, 5, 56340, 56340
100, 18590, 5, 56340, 56340
100, 18600, 5, 56340, 56340
100, 18610, 5, 56340, 56340
100, 18620, 5, 56340, 56340
100, 18630, 5, 56340, 56340
100, 18640, 5, 56340, 56340
100, 18650, 5, 56340, 56340
100, 18660, 5, 56340, 56340
100, 18670, 5, 56340, 56340
100, 18680, 5, 56340, 56340
100, 18690, 5, 56340, 56340
100, 18700, 5, 56340, 56340
100, 18710, 5, 56340, 56340
100, 18720, 5, 56340, 56340
100, 18730, 5, 56340, 56340
100, 18740, 5, 56340, 56340
100, 18750, 5, 56340, 56340
100, 18760, 5, 56340, 56340
100, 18770, 5, 56340, 56340
100, 18780, 5, 56340, 56340
100, 18790, 5, 56340, 56340
100, 18800, 5, 56340, 56340
100, 18810, 5, 56340, 56340
100, 18820, 5, 56340, 56340
100, 18830, 5, 56340, 56340
100, 18840, 5, 56340, 56340
100, 18850, 5, 56340, 56340
100, 18860, 5, 56340, 56340
100, 18870, 5, 56340, 56340
100, 18880, 5, 56340, 56340
100, 18890, 5, 56340, 56340
100, 18900, 5, 56340, 56340
100, 18910, 5, 56340, 56340
100, 18920, 5, 56340, 56340
100, 18930, 5, 56340, 56340
100, 18940, 5, 56340, 56340
100, 18950, 5, 56340, 56340
100, 18960, 5, 56340, 56340
100, 18970, 5, 56340, 56340
100, 18980, 5, 56340, 56340
100, 18990, 5, 56340, 56340
100, 19000, 5, 56340, 56340
100, 19010, 5, 56340, 56340
100, 19020, 5, 56340, 56340
100, 19030, 5, 56340, 56340
100, 19040, 5, 56340, 56340
100, 19050, 5, 56311, 56311
100, 19060, 5, 56311, 56311
100, 19070, 5, 56311, 56311
100, 19080, 5, 56311, 56311
100, 19090, 5, 56311, 56311
100, 19100, 5, 56311, 56311
100, 19110, 5, 56311, 56311
100, 19120, 5, 56311, 56311
100, 19130, 5, 56311, 56311
100, 19140, 5, 56311, 56311
100, 19150, 5, 56311, 56311
100, 19160, 5, 56311, 56311
100, 19170, 5, 56311, 56311
100, 19180, 5, 56311, 56311
100, 19190, 5, 56311, 56311
100, 19200, 5, 56311, 56311
100, 19210, 5, 56311, 56311
100, 19220, 5, 56311, 56311
100, 19230, 5, 56311, 56311
100, 19240, 5, 56311, 56311
100, 19250, 5, 56311, 56311
100, 19260, 5, 56311, 56311
100, 19270, 5, 56311, 56311
100, 19280, 5, 56311, 56311
100, 19290, 5, 56311, 56311
100, 19300, 5, 56311, 56311
100, 19310, 5, 56311, 56311
100, 19320, 5, 56311, 56311
100, 19330, 5, 56311, 56311
100, 19340, 5, 56311, 56311
100, 19350, 5, 56311, 56311
100, 19360, 5, 56311, 56311
100, 19370, 5, 56311, 56311
100, 19380, 5, 56311, 56311
100, 19390, 5, 56311, 56311
100, 19400, 5, 56311, 56311
100, 19410, 5, 56311, 56311
100, 19420, 5, 56311, 56311
100, 19430, 5, 56311, 56311
100, 19440, 5, 56311, 56311
100, 19450, 5, 56311, 56311
100, 19460, 5, 56311, 56311
100, 19470, 5, 56311, 56311
100, 19480, 5, 56310, 56310
100, 19490, 5, 56310, 56310
100, 19500, 5, 56310, 56310
100, 19510, 5, 56310, 56310
100, 19520, 5, 56310, 56310
100, 19530, 5, 56310, 56310
100, 19540, 5, 56310, 56310
100, 19550, 5, 56310, 56310
100, 19560, 5, 56310, 56310
100, 19570, 5, 56310, 56310
100, 19580, 5, 56229, 56310
100, 19590, 5, 56229, 56229
100, 19600, 5, 56229, 56229
100, 19610, 5, 56229, 56229
100, 19620, 5, 56229, 56229
100, 19630, 5, 56229, 56229
100, 19640, 5, 56229, 56229
100, 19650, 5, 56229, 56229
100, 19660, 5, 56229, 56229
100, 19670, 5, 56229, 56229
100, 19680, 5, 56229, 56229
100, 19690, 5, 56229, 56229
100, 19700, 5, 56229, 56229
100, 19710, 5, 56229, 56229
100, 19720, 5, 56229, 56229
100, 19730, 5, 56229, 56229
100, 19740, 5, 56229, 56229
100, 19750, 5, 56229, 56229
100, 19760, 5, 56229, 56229
100, 19770, 5, 56229, 56229
100, 19780, 5, 56229, 56229
100, 19790, 5, 56229, 56229
100, 19800, 5, 56229, 56229
100, 19810, 5, 56229, 56229
100, 19820, 5, 56229, 56229
100, 19830, 5, 56229, 56229
100, 19840, 5, 56229, 56229
100, 19850, 5, 56229, 56229
100, 19860, 5, 56229, 56229
100, 19870, 5, 56229, 56229
100, 19880, 5, 56229, 56229
100, 19890, 5, 56229, 56229
100, 19900, 5, 56229, 56229
100, 19910, 5, 56229, 56229
100, 19920, 5, 56229, 56229
100, 19930, 5, 56229, 56229
100, 19940, 5, 56229, 56229
100, 19950, 5, 56229, 56229
100, 19960, 5, 56229, 56229
100, 19970, 5, 56229, 56229
100, 19980, 5, 56229, 56229
100, 19990, 5, 56229, 56229
