Population Size, Generation Count, Repetition, Best Fitness, Median Fitness
20, 0, 20, 735548, 771300
20, 10, 20, 716655, 722678
20, 20, 20, 691698, 697000
20, 30, 20, 671475, 675571
20, 40, 20, 654375, 665406
20, 50, 20, 643586, 647276
20, 60, 20, 629492, 635616
20, 70, 20, 618927, 622554
20, 80, 20, 608519, 610764
20, 90, 20, 603244, 604733
20, 100, 20, 593551, 594508
20, 110, 20, 580652, 585258
20, 120, 20, 574183, 580239
20, 130, 20, 568385, 570956
20, 140, 20, 562401, 565950
20, 150, 20, 555325, 561105
20, 160, 20, 542415, 548551
20, 170, 20, 531333, 533554
20, 180, 20, 524787, 527719
20, 190, 20, 510207, 515901
20, 200, 20, 504357, 507292
20, 210, 20, 498755, 500822
20, 220, 20, 494925, 496279
20, 230, 20, 491043, 493732
20, 240, 20, 485416, 489417
20, 250, 20, 477201, 480276
20, 260, 20, 472371, 475522
20, 270, 20, 468516, 470750
20, 280, 20, 460408, 464089
20, 290, 20, 452909, 457692
20, 300, 20, 448633, 455383
20, 310, 20, 445581, 448431
20, 320, 20, 441123, 443703
20, 330, 20, 436452, 441572
20, 340, 20, 432356, 437320
20, 350, 20, 426911, 433623
20, 360, 20, 423223, 426859
20, 370, 20, 421964, 424168
20, 380, 20, 419248, 421337
20, 390, 20, 415379, 417445
20, 400, 20, 409666, 413455
20, 410, 20, 408041, 412040
20, 420, 20, 406021, 406674
20, 430, 20, 401740, 403122
20, 440, 20, 397206, 400652
20, 450, 20, 395628, 399137
20, 460, 20, 393601, 394662
20, 470, 20, 389827, 392746
20, 480, 20, 385013, 388869
20, 490, 20, 384517, 385555
20, 500, 20, 382857, 385780
20, 510, 20, 380004, 383088
20, 520, 20, 377994, 378497
20, 530, 20, 376453, 378687
20, 540, 20, 372933, 378383
20, 550, 20, 370860, 375241
20, 560, 20, 368419, 370886
20, 570, 20, 364381, 367527
20, 580, 20, 361496, 365379
20, 590, 20, 358690, 360883
20, 600, 20, 357013, 358967
20, 610, 20, 354466, 357117
20, 620, 20, 352990, 355594
20, 630, 20, 350113, 352990
20, 640, 20, 348914, 350084
20, 650, 20, 346558, 350347
20, 660, 20, 344209, 347381
20, 670, 20, 341709, 345823
20, 680, 20, 340892, 345178
20, 690, 20, 339833, 340749
20, 700, 20, 336844, 340551
20, 710, 20, 334456, 339539
20, 720, 20, 332764, 336221
20, 730, 20, 331037, 333449
20, 740, 20, 329823, 332340
20, 750, 20, 328090, 330081
20, 760, 20, 326435, 329101
20, 770, 20, 325166, 329082
20, 780, 20, 322434, 326483
20, 790, 20, 321436, 325086
20, 800, 20, 320665, 321536
20, 810, 20, 319951, 321502
20, 820, 20, 318257, 321493
20, 830, 20, 315218, 318738
20, 840, 20, 315051, 316638
20, 850, 20, 314377, 317120
20, 860, 20, 310883, 315118
20, 870, 20, 309529, 313842
20, 880, 20, 308871, 311082
20, 890, 20, 306828, 308119
20, 900, 20, 305415, 309916
20, 910, 20, 302424, 306041
20, 920, 20, 300000, 303108
20, 930, 20, 299981, 301654
20, 940, 20, 298642, 302549
20, 950, 20, 296709, 302243
20, 960, 20, 294354, 295674
20, 970, 20, 293525, 295794
20, 980, 20, 291444, 295416
20, 990, 20, 289621, 292486
20, 1000, 20, 288086, 293145
20, 1010, 20, 286200, 287882
20, 1020, 20, 285201, 288379
20, 1030, 20, 284622, 285897
20, 1040, 20, 282369, 284855
20, 1050, 20, 281729, 284701
20, 1060, 20, 280505, 285132
20, 1070, 20, 278395, 281503
20, 1080, 20, 277403, 279135
20, 1090, 20, 276557, 278781
20, 1100, 20, 275609, 277181
20, 1110, 20, 273571, 276778
20, 1120, 20, 272273, 279027
20, 1130, 20, 271658, 274820
20, 1140, 20, 270293, 271486
20, 1150, 20, 269301, 272923
20, 1160, 20, 267277, 273316
20, 1170, 20, 265945, 270130
20, 1180, 20, 265623, 267777
20, 1190, 20, 263829, 267681
20, 1200, 20, 263680, 265318
20, 1210, 20, 262681, 263914
20, 1220, 20, 261737, 264437
20, 1230, 20, 260032, 261558
20, 1240, 20, 258589, 260935
20, 1250, 20, 257520, 259741
20, 1260, 20, 256363, 259632
20, 1270, 20, 255795, 260345
20, 1280, 20, 254561, 256942
20, 1290, 20, 253295, 254759
20, 1300, 20, 251012, 252941
20, 1310, 20, 249980, 253965
20, 1320, 20, 248366, 250445
20, 1330, 20, 247957, 249211
20, 1340, 20, 247052, 250374
20, 1350, 20, 246099, 250665
20, 1360, 20, 244023, 246292
20, 1370, 20, 243366, 247015
20, 1380, 20, 242331, 244440
20, 1390, 20, 241511, 244837
20, 1400, 20, 241492, 243540
20, 1410, 20, 240937, 243099
20, 1420, 20, 240276, 242038
20, 1430, 20, 239255, 242489
20, 1440, 20, 238369, 240775
20, 1450, 20, 237968, 241037
20, 1460, 20, 237503, 238373
20, 1470, 20, 236902, 239879
20, 1480, 20, 236526, 237915
20, 1490, 20, 235517, 240204
20, 1500, 20, 235120, 239067
20, 1510, 20, 235120, 237565
20, 1520, 20, 234688, 238875
20, 1530, 20, 234248, 235780
20, 1540, 20, 233858, 236856
20, 1550, 20, 232998, 236396
20, 1560, 20, 232895, 236267
20, 1570, 20, 232420, 237192
20, 1580, 20, 231181, 231961
20, 1590, 20, 229794, 231181
20, 1600, 20, 229287, 231168
20, 1610, 20, 228857, 230987
20, 1620, 20, 226839, 230696
20, 1630, 20, 226638, 229319
20, 1640, 20, 225574, 226744
20, 1650, 20, 225574, 227238
20, 1660, 20, 224758, 224958
20, 1670, 20, 224758, 225567
20, 1680, 20, 224442, 225944
20, 1690, 20, 224442, 226004
20, 1700, 20, 222568, 223960
20, 1710, 20, 221684, 222272
20, 1720, 20, 221408, 225590
20, 1730, 20, 221046, 222340
20, 1740, 20, 220261, 222407
20, 1750, 20, 219965, 223206
20, 1760, 20, 219728, 223636
20, 1770, 20, 219723, 221310
20, 1780, 20, 218772, 221424
20, 1790, 20, 217849, 219809
20, 1800, 20, 217369, 218654
20, 1810, 20, 217242, 218903
20, 1820, 20, 216810, 217746
20, 1830, 20, 216461, 220948
20, 1840, 20, 215162, 218828
20, 1850, 20, 214946, 217817
20, 1860, 20, 214674, 216352
20, 1870, 20, 214492, 215479
20, 1880, 20, 213370, 216105
20, 1890, 20, 213213, 214689
20, 1900, 20, 212557, 213213
20, 1910, 20, 212193, 213917
20, 1920, 20, 211638, 216325
20, 1930, 20, 211417, 214361
20, 1940, 20, 211323, 211815
20, 1950, 20, 210510, 212378
20, 1960, 20, 210510, 214131
20, 1970, 20, 208521, 212721
20, 1980, 20, 208521, 211716
20, 1990, 20, 208033, 211393
20, 2000, 20, 207646, 210112
20, 2010, 20, 207523, 210451
20, 2020, 20, 207036, 209590
20, 2030, 20, 206302, 208287
20, 2040, 20, 205274, 209028
20, 2050, 20, 204728, 206103
20, 2060, 20, 203453, 207329
20, 2070, 20, 203378, 205716
20, 2080, 20, 202906, 205298
20, 2090, 20, 202536, 204555
20, 2100, 20, 202425, 205647
20, 2110, 20, 202292, 204436
20, 2120, 20, 200666, 202522
20, 2130, 20, 200666, 200731
20, 2140, 20, 197793, 200427
20, 2150, 20, 197512, 200540
20, 2160, 20, 197500, 198224
20, 2170, 20, 196097, 199337
20, 2180, 20, 195977, 198279
20, 2190, 20, 195648, 197688
20, 2200, 20, 195437, 196502
20, 2210, 20, 195437, 197615
20, 2220, 20, 194096, 195435
20, 2230, 20, 193787, 196435
20, 2240, 20, 193239, 196031
20, 2250, 20, 193206, 193461
20, 2260, 20, 192869, 195439
20, 2270, 20, 192552, 195271
20, 2280, 20, 190890, 192870
20, 2290, 20, 190456, 190613
20, 2300, 20, 189501, 192423
20, 2310, 20, 189392, 190687
20, 2320, 20, 188954, 189861
20, 2330, 20, 188068, 189056
20, 2340, 20, 187973, 188066
20, 2350, 20, 187973, 187973
20, 2360, 20, 187902, 191190
20, 2370, 20, 187170, 189926
20, 2380, 20, 186392, 188145
20, 2390, 20, 185918, 188553
20, 2400, 20, 185862, 187768
20, 2410, 20, 185422, 188817
20, 2420, 20, 184798, 188784
20, 2430, 20, 184798, 185493
20, 2440, 20, 184715, 188052
20, 2450, 20, 183957, 185852
20, 2460, 20, 183957, 189241
20, 2470, 20, 183957, 187541
20, 2480, 20, 183624, 186980
20, 2490, 20, 182387, 186645
20, 2500, 20, 182217, 186131
20, 2510, 20, 182042, 184229
20, 2520, 20, 181778, 184695
20, 2530, 20, 181505, 185293
20, 2540, 20, 181505, 183106
20, 2550, 20, 180753, 185256
20, 2560, 20, 179391, 182736
20, 2570, 20, 178593, 179391
20, 2580, 20, 178393, 179516
20, 2590, 20, 177986, 179757
20, 2600, 20, 177986, 179860
20, 2610, 20, 177926, 180968
20, 2620, 20, 177678, 179118
20, 2630, 20, 177280, 177523
20, 2640, 20, 176775, 178429
20, 2650, 20, 176767, 177925
20, 2660, 20, 175873, 179587
20, 2670, 20, 175653, 177754
20, 2680, 20, 175165, 178189
20, 2690, 20, 175165, 178210
20, 2700, 20, 175165, 177108
20, 2710, 20, 175135, 177753
20, 2720, 20, 175135, 179887
20, 2730, 20, 175135, 176805
20, 2740, 20, 175135, 181909
20, 2750, 20, 174820, 177841
20, 2760, 20, 173871, 175334
20, 2770, 20, 173285, 173357
20, 2780, 20, 173202, 176672
20, 2790, 20, 173057, 175931
20, 2800, 20, 173057, 175836
20, 2810, 20, 172559, 174822
20, 2820, 20, 172559, 174563
20, 2830, 20, 171552, 172559
20, 2840, 20, 171250, 173128
20, 2850, 20, 171095, 174730
20, 2860, 20, 171095, 174914
20, 2870, 20, 170495, 172730
20, 2880, 20, 169302, 171534
20, 2890, 20, 169012, 169302
20, 2900, 20, 168766, 171174
20, 2910, 20, 168515, 168854
20, 2920, 20, 168515, 171792
20, 2930, 20, 167948, 168838
20, 2940, 20, 167070, 170682
20, 2950, 20, 167070, 170391
20, 2960, 20, 166376, 171829
20, 2970, 20, 165976, 168168
20, 2980, 20, 165660, 168442
20, 2990, 20, 165660, 168322
20, 3000, 20, 165452, 168694
20, 3010, 20, 165382, 166940
20, 3020, 20, 165020, 168451
20, 3030, 20, 164894, 168324
20, 3040, 20, 164894, 167405
20, 3050, 20, 164549, 167220
20, 3060, 20, 164549, 168089
20, 3070, 20, 163843, 165837
20, 3080, 20, 163843, 163843
20, 3090, 20, 163504, 169536
20, 3100, 20, 163452, 165599
20, 3110, 20, 163200, 165394
20, 3120, 20, 162547, 165497
20, 3130, 20, 162485, 167040
20, 3140, 20, 162485, 164526
20, 3150, 20, 162322, 164264
20, 3160, 20, 162120, 164789
20, 3170, 20, 161720, 164925
20, 3180, 20, 161501, 161960
20, 3190, 20, 161333, 165283
20, 3200, 20, 161185, 161456
20, 3210, 20, 161079, 162285
20, 3220, 20, 161079, 161877
20, 3230, 20, 160272, 161134
20, 3240, 20, 160224, 163461
20, 3250, 20, 160040, 161773
20, 3260, 20, 159855, 162470
20, 3270, 20, 159601, 162022
20, 3280, 20, 159432, 163760
20, 3290, 20, 159391, 161466
20, 3300, 20, 159317, 162723
20, 3310, 20, 159131, 160771
20, 3320, 20, 159091, 163070
20, 3330, 20, 159003, 161063
20, 3340, 20, 158575, 160125
20, 3350, 20, 158028, 159675
20, 3360, 20, 158028, 160694
20, 3370, 20, 157598, 159860
20, 3380, 20, 157576, 158070
20, 3390, 20, 157197, 157197
20, 3400, 20, 157167, 159828
20, 3410, 20, 156982, 160575
20, 3420, 20, 156534, 161990
20, 3430, 20, 156399, 157172
20, 3440, 20, 156103, 158402
20, 3450, 20, 155392, 157492
20, 3460, 20, 155392, 155417
20, 3470, 20, 155379, 159735
20, 3480, 20, 155379, 155379
20, 3490, 20, 155091, 156745
20, 3500, 20, 154731, 155622
20, 3510, 20, 154699, 157739
20, 3520, 20, 154505, 158022
20, 3530, 20, 153355, 156783
20, 3540, 20, 153355, 156827
20, 3550, 20, 153346, 153398
20, 3560, 20, 153278, 154800
20, 3570, 20, 153278, 156638
20, 3580, 20, 153203, 158513
20, 3590, 20, 153203, 154814
20, 3600, 20, 153145, 153802
20, 3610, 20, 153089, 153089
20, 3620, 20, 153089, 154966
20, 3630, 20, 153057, 156221
20, 3640, 20, 152262, 153228
20, 3650, 20, 152262, 155375
20, 3660, 20, 152095, 153146
20, 3670, 20, 152095, 154451
20, 3680, 20, 152095, 153903
20, 3690, 20, 151631, 154659
20, 3700, 20, 151536, 152297
20, 3710, 20, 151536, 153616
20, 3720, 20, 151536, 154730
20, 3730, 20, 151401, 153997
20, 3740, 20, 151277, 155184
20, 3750, 20, 151159, 151277
20, 3760, 20, 150729, 153330
20, 3770, 20, 150245, 153021
20, 3780, 20, 150245, 153917
20, 3790, 20, 150188, 155931
20, 3800, 20, 149810, 152035
20, 3810, 20, 149417, 149673
20, 3820, 20, 149283, 151854
20, 3830, 20, 148094, 148228
20, 3840, 20, 147812, 150914
20, 3850, 20, 147525, 148154
20, 3860, 20, 147295, 150934
20, 3870, 20, 147295, 148817
20, 3880, 20, 147177, 149612
20, 3890, 20, 147177, 148344
20, 3900, 20, 146994, 150818
20, 3910, 20, 146994, 148575
20, 3920, 20, 146649, 150214
20, 3930, 20, 146649, 150365
20, 3940, 20, 146588, 150331
20, 3950, 20, 146588, 146588
20, 3960, 20, 146498, 149531
20, 3970, 20, 146286, 146498
20, 3980, 20, 145728, 151667
20, 3990, 20, 145674, 149602
20, 4000, 20, 145093, 147340
20, 4010, 20, 145093, 147918
20, 4020, 20, 145093, 145354
20, 4030, 20, 145093, 147898
20, 4040, 20, 145093, 147671
20, 4050, 20, 145093, 146991
20, 4060, 20, 144813, 147692
20, 4070, 20, 144468, 146803
20, 4080, 20, 144123, 145819
20, 4090, 20, 143717, 146039
20, 4100, 20, 143416, 146807
20, 4110, 20, 143416, 143416
20, 4120, 20, 143151, 145326
20, 4130, 20, 142576, 144944
20, 4140, 20, 142355, 144768
20, 4150, 20, 142282, 145373
20, 4160, 20, 142138, 142790
20, 4170, 20, 141898, 143733
20, 4180, 20, 141708, 142410
20, 4190, 20, 141708, 143064
20, 4200, 20, 141708, 144914
20, 4210, 20, 141708, 141708
20, 4220, 20, 141708, 145343
20, 4230, 20, 141708, 143906
20, 4240, 20, 141510, 146241
20, 4250, 20, 141265, 146983
20, 4260, 20, 141122, 144633
20, 4270, 20, 140848, 142154
20, 4280, 20, 140848, 142763
20, 4290, 20, 140622, 142082
20, 4300, 20, 140622, 144770
20, 4310, 20, 140622, 144726
20, 4320, 20, 140622, 140622
20, 4330, 20, 140182, 141673
20, 4340, 20, 140170, 142525
20, 4350, 20, 139984, 140762
20, 4360, 20, 139965, 141501
20, 4370, 20, 139965, 144811
20, 4380, 20, 139965, 142293
20, 4390, 20, 139885, 142455
20, 4400, 20, 139885, 139885
20, 4410, 20, 139577, 142515
20, 4420, 20, 139577, 142732
20, 4430, 20, 139417, 142092
20, 4440, 20, 139417, 142396
20, 4450, 20, 139376, 143495
20, 4460, 20, 139376, 141809
20, 4470, 20, 139376, 142725
20, 4480, 20, 139122, 142864
20, 4490, 20, 139122, 140933
20, 4500, 20, 139098, 139122
20, 4510, 20, 138076, 141666
20, 4520, 20, 138076, 138076
20, 4530, 20, 138064, 141811
20, 4540, 20, 138064, 139854
20, 4550, 20, 138064, 141191
20, 4560, 20, 137979, 140354
20, 4570, 20, 137801, 139779
20, 4580, 20, 137316, 137801
20, 4590, 20, 137316, 140820
20, 4600, 20, 137316, 137316
20, 4610, 20, 137276, 140184
20, 4620, 20, 137139, 140198
20, 4630, 20, 136948, 138150
20, 4640, 20, 136464, 136884
20, 4650, 20, 136375, 136464
20, 4660, 20, 136375, 139669
20, 4670, 20, 135901, 137706
20, 4680, 20, 135817, 138378
20, 4690, 20, 135597, 138343
20, 4700, 20, 135597, 136381
20, 4710, 20, 135523, 135523
20, 4720, 20, 135380, 137512
20, 4730, 20, 135380, 135380
20, 4740, 20, 135380, 138042
20, 4750, 20, 135261, 136317
20, 4760, 20, 135069, 138196
20, 4770, 20, 135069, 135069
20, 4780, 20, 134691, 136168
20, 4790, 20, 134554, 134691
20, 4800, 20, 134554, 134554
20, 4810, 20, 134554, 137061
20, 4820, 20, 134444, 134554
20, 4830, 20, 134357, 135232
20, 4840, 20, 134217, 134217
20, 4850, 20, 133901, 136844
20, 4860, 20, 133109, 133566
20, 4870, 20, 132588, 136178
20, 4880, 20, 132588, 135111
20, 4890, 20, 132444, 132543
20, 4900, 20, 132351, 135967
20, 4910, 20, 132351, 132510
20, 4920, 20, 132162, 135145
20, 4930, 20, 131011, 132392
20, 4940, 20, 131011, 134426
20, 4950, 20, 130339, 131594
20, 4960, 20, 130204, 130359
20, 4970, 20, 130204, 130520
20, 4980, 20, 129893, 133633
20, 4990, 20, 129520, 131430
20, 5000, 20, 129520, 134253
20, 5010, 20, 129520, 134827
20, 5020, 20, 129520, 132920
20, 5030, 20, 129520, 133329
20, 5040, 20, 129520, 129520
20, 5050, 20, 129520, 129520
20, 5060, 20, 129520, 130522
20, 5070, 20, 129520, 129520
20, 5080, 20, 129056, 129427
20, 5090, 20, 128838, 130846
20, 5100, 20, 128838, 132754
20, 5110, 20, 128550, 132548
20, 5120, 20, 128550, 130617
20, 5130, 20, 128550, 129661
20, 5140, 20, 128403, 132973
20, 5150, 20, 128327, 128403
20, 5160, 20, 128247, 129459
20, 5170, 20, 128054, 131487
20, 5180, 20, 128054, 130297
20, 5190, 20, 128054, 129931
20, 5200, 20, 128054, 130418
20, 5210, 20, 128004, 128054
20, 5220, 20, 127526, 127880
20, 5230, 20, 127449, 130675
20, 5240, 20, 127103, 127410
20, 5250, 20, 127103, 130737
20, 5260, 20, 126407, 126407
20, 5270, 20, 126407, 127521
20, 5280, 20, 126333, 126333
20, 5290, 20, 126333, 127998
20, 5300, 20, 126205, 129015
20, 5310, 20, 125871, 127724
20, 5320, 20, 125871, 127681
20, 5330, 20, 125738, 126493
20, 5340, 20, 125082, 126079
20, 5350, 20, 124881, 124956
20, 5360, 20, 123410, 124881
20, 5370, 20, 123270, 126436
20, 5380, 20, 123270, 125580
20, 5390, 20, 123270, 127019
20, 5400, 20, 123270, 124788
20, 5410, 20, 122942, 126243
20, 5420, 20, 122914, 124639
20, 5430, 20, 122825, 125107
20, 5440, 20, 122795, 123058
20, 5450, 20, 122117, 122223
20, 5460, 20, 122117, 122117
20, 5470, 20, 121659, 125849
20, 5480, 20, 121659, 123402
20, 5490, 20, 121636, 125408
20, 5500, 20, 121636, 123668
20, 5510, 20, 121636, 122819
20, 5520, 20, 121636, 122777
20, 5530, 20, 121636, 121636
20, 5540, 20, 121636, 124919
20, 5550, 20, 121550, 123811
20, 5560, 20, 121409, 121806
20, 5570, 20, 121242, 123805
20, 5580, 20, 121100, 124421
20, 5590, 20, 121100, 123784
20, 5600, 20, 121100, 121594
20, 5610, 20, 120919, 122738
20, 5620, 20, 120919, 123924
20, 5630, 20, 120919, 120919
20, 5640, 20, 120864, 123409
20, 5650, 20, 120864, 121958
20, 5660, 20, 120864, 126131
20, 5670, 20, 120864, 123583
20, 5680, 20, 120864, 120864
20, 5690, 20, 120695, 123036
20, 5700, 20, 120597, 121939
20, 5710, 20, 120597, 120889
20, 5720, 20, 120539, 121528
20, 5730, 20, 120510, 120844
20, 5740, 20, 120510, 120510
20, 5750, 20, 120510, 124148
20, 5760, 20, 120510, 123890
20, 5770, 20, 119863, 123331
20, 5780, 20, 119863, 121970
20, 5790, 20, 119863, 120922
20, 5800, 20, 119815, 120053
20, 5810, 20, 119444, 123069
20, 5820, 20, 119386, 119444
20, 5830, 20, 119160, 119386
20, 5840, 20, 119055, 119660
20, 5850, 20, 118586, 122783
20, 5860, 20, 118586, 120480
20, 5870, 20, 118586, 121446
20, 5880, 20, 118586, 119057
20, 5890, 20, 118496, 119505
20, 5900, 20, 118473, 119900
20, 5910, 20, 118213, 119888
20, 5920, 20, 118213, 119166
20, 5930, 20, 118060, 118822
20, 5940, 20, 118060, 118060
20, 5950, 20, 118060, 120301
20, 5960, 20, 118060, 119949
20, 5970, 20, 118005, 120511
20, 5980, 20, 118005, 118005
20, 5990, 20, 117983, 120325
20, 6000, 20, 117972, 121025
20, 6010, 20, 117878, 121223
20, 6020, 20, 117364, 117429
20, 6030, 20, 117364, 118655
20, 6040, 20, 117234, 117364
20, 6050, 20, 117234, 118893
20, 6060, 20, 116862, 117234
20, 6070, 20, 116759, 122923
20, 6080, 20, 116759, 121510
20, 6090, 20, 116759, 117685
20, 6100, 20, 116759, 118732
20, 6110, 20, 116759, 118393
20, 6120, 20, 116759, 119278
20, 6130, 20, 116759, 120023
20, 6140, 20, 116655, 119698
20, 6150, 20, 116513, 116584
20, 6160, 20, 116183, 120047
20, 6170, 20, 116183, 116662
20, 6180, 20, 115780, 119418
20, 6190, 20, 115644, 115780
20, 6200, 20, 115644, 117309
20, 6210, 20, 115613, 117054
20, 6220, 20, 115613, 118684
20, 6230, 20, 115613, 115613
20, 6240, 20, 115597, 117556
20, 6250, 20, 115597, 116772
20, 6260, 20, 115575, 118123
20, 6270, 20, 115362, 118973
20, 6280, 20, 115362, 116501
20, 6290, 20, 115362, 118762
20, 6300, 20, 115280, 117460
20, 6310, 20, 115280, 116651
20, 6320, 20, 115280, 117213
20, 6330, 20, 114861, 117644
20, 6340, 20, 114861, 114861
20, 6350, 20, 114861, 116126
20, 6360, 20, 114823, 114861
20, 6370, 20, 114816, 116044
20, 6380, 20, 114769, 116125
20, 6390, 20, 114769, 118322
20, 6400, 20, 114769, 115190
20, 6410, 20, 114769, 115214
20, 6420, 20, 114589, 116679
20, 6430, 20, 114589, 116707
20, 6440, 20, 114589, 118292
20, 6450, 20, 114589, 117061
20, 6460, 20, 114200, 114200
20, 6470, 20, 113998, 114559
20, 6480, 20, 113883, 117484
20, 6490, 20, 113724, 115208
20, 6500, 20, 113698, 115320
20, 6510, 20, 113698, 113698
20, 6520, 20, 113698, 114640
20, 6530, 20, 113399, 114606
20, 6540, 20, 113348, 116627
20, 6550, 20, 113348, 114348
20, 6560, 20, 113348, 113348
20, 6570, 20, 113309, 113348
20, 6580, 20, 113309, 114756
20, 6590, 20, 113309, 114308
20, 6600, 20, 113183, 113309
20, 6610, 20, 113183, 116366
20, 6620, 20, 113084, 115832
20, 6630, 20, 112992, 112992
20, 6640, 20, 112992, 113667
20, 6650, 20, 112992, 116399
20, 6660, 20, 112850, 113449
20, 6670, 20, 112839, 113890
20, 6680, 20, 112761, 112761
20, 6690, 20, 112761, 112761
20, 6700, 20, 112244, 114708
20, 6710, 20, 112179, 112244
20, 6720, 20, 111950, 112134
20, 6730, 20, 111950, 113652
20, 6740, 20, 111950, 113450
20, 6750, 20, 111950, 116565
20, 6760, 20, 111779, 114264
20, 6770, 20, 111779, 113364
20, 6780, 20, 111448, 114021
20, 6790, 20, 111448, 112443
20, 6800, 20, 111448, 111448
20, 6810, 20, 111279, 114875
20, 6820, 20, 111279, 111279
20, 6830, 20, 111279, 112460
20, 6840, 20, 111238, 115226
20, 6850, 20, 111238, 111238
20, 6860, 20, 111223, 111359
20, 6870, 20, 111121, 113226
20, 6880, 20, 111121, 111121
20, 6890, 20, 110921, 111630
20, 6900, 20, 110921, 113168
20, 6910, 20, 110830, 111024
20, 6920, 20, 110830, 110830
20, 6930, 20, 110830, 113933
20, 6940, 20, 110614, 111899
20, 6950, 20, 110614, 110614
20, 6960, 20, 110614, 110641
20, 6970, 20, 110614, 111781
20, 6980, 20, 110490, 112621
20, 6990, 20, 110276, 112099
20, 7000, 20, 110276, 110276
20, 7010, 20, 110276, 110276
20, 7020, 20, 110276, 112043
20, 7030, 20, 110276, 112525
20, 7040, 20, 110276, 111181
20, 7050, 20, 110182, 110182
20, 7060, 20, 109955, 112461
20, 7070, 20, 109352, 114523
20, 7080, 20, 109352, 110973
20, 7090, 20, 109352, 110454
20, 7100, 20, 109352, 110772
20, 7110, 20, 109352, 110860
20, 7120, 20, 109287, 110922
20, 7130, 20, 109145, 112868
20, 7140, 20, 109145, 109293
20, 7150, 20, 108976, 113035
20, 7160, 20, 108876, 110913
20, 7170, 20, 108876, 108876
20, 7180, 20, 108876, 110367
20, 7190, 20, 108809, 108809
20, 7200, 20, 108809, 108809
20, 7210, 20, 108727, 108809
20, 7220, 20, 108727, 110647
20, 7230, 20, 108727, 108727
20, 7240, 20, 108727, 110269
20, 7250, 20, 108727, 109376
20, 7260, 20, 108583, 109145
20, 7270, 20, 108583, 108583
20, 7280, 20, 108508, 110347
20, 7290, 20, 108508, 108508
20, 7300, 20, 108262, 108508
20, 7310, 20, 108262, 109699
20, 7320, 20, 108205, 110577
20, 7330, 20, 108205, 110850
20, 7340, 20, 108205, 108205
20, 7350, 20, 108205, 108205
20, 7360, 20, 108205, 108205
20, 7370, 20, 108205, 109486
20, 7380, 20, 107912, 109579
20, 7390, 20, 107912, 109719
20, 7400, 20, 107912, 107912
20, 7410, 20, 107761, 107796
20, 7420, 20, 107761, 107761
20, 7430, 20, 107761, 108021
20, 7440, 20, 107761, 107761
20, 7450, 20, 107761, 107761
20, 7460, 20, 107671, 109361
20, 7470, 20, 107671, 109763
20, 7480, 20, 107561, 108786
20, 7490, 20, 107561, 108577
20, 7500, 20, 107503, 107503
20, 7510, 20, 107450, 108280
20, 7520, 20, 107450, 108971
20, 7530, 20, 107450, 107450
20, 7540, 20, 107450, 108743
20, 7550, 20, 107450, 110321
20, 7560, 20, 107450, 107450
20, 7570, 20, 107344, 107450
20, 7580, 20, 107344, 110065
20, 7590, 20, 107344, 107344
20, 7600, 20, 107344, 111055
20, 7610, 20, 107344, 109594
20, 7620, 20, 107344, 111063
20, 7630, 20, 107344, 107344
20, 7640, 20, 107344, 108633
20, 7650, 20, 107230, 107630
20, 7660, 20, 107230, 107230
20, 7670, 20, 107230, 109158
20, 7680, 20, 107230, 108612
20, 7690, 20, 107189, 110145
20, 7700, 20, 107055, 107189
20, 7710, 20, 107055, 108183
20, 7720, 20, 107055, 109902
20, 7730, 20, 106631, 106631
20, 7740, 20, 106631, 109094
20, 7750, 20, 106631, 106631
20, 7760, 20, 106631, 107209
20, 7770, 20, 106599, 107939
20, 7780, 20, 106599, 106599
20, 7790, 20, 106583, 108978
20, 7800, 20, 106583, 109484
20, 7810, 20, 106554, 108040
20, 7820, 20, 106496, 110583
20, 7830, 20, 106496, 108183
20, 7840, 20, 106496, 108390
20, 7850, 20, 106496, 107886
20, 7860, 20, 106496, 106496
20, 7870, 20, 106496, 106496
20, 7880, 20, 106372, 106496
20, 7890, 20, 106372, 106372
20, 7900, 20, 106372, 108884
20, 7910, 20, 106318, 106372
20, 7920, 20, 106299, 106299
20, 7930, 20, 106281, 106299
20, 7940, 20, 106281, 108195
20, 7950, 20, 106281, 106281
20, 7960, 20, 106281, 108341
20, 7970, 20, 106206, 106206
20, 7980, 20, 105809, 105809
20, 7990, 20, 105809, 106464
20, 8000, 20, 105750, 106253
20, 8010, 20, 105686, 105750
20, 8020, 20, 105686, 105686
20, 8030, 20, 105686, 105686
20, 8040, 20, 105686, 106747
20, 8050, 20, 105686, 109295
20, 8060, 20, 105686, 107776
20, 8070, 20, 105684, 108136
20, 8080, 20, 105684, 107621
20, 8090, 20, 105684, 109374
20, 8100, 20, 105684, 105684
20, 8110, 20, 105453, 109402
20, 8120, 20, 105453, 105453
20, 8130, 20, 105235, 106188
20, 8140, 20, 105217, 105235
20, 8150, 20, 105217, 105217
20, 8160, 20, 105144, 105217
20, 8170, 20, 105032, 105144
20, 8180, 20, 105032, 105032
20, 8190, 20, 104992, 107040
20, 8200, 20, 104992, 104992
20, 8210, 20, 104992, 106837
20, 8220, 20, 104992, 108144
20, 8230, 20, 104992, 107083
20, 8240, 20, 103870, 104712
20, 8250, 20, 103870, 104059
20, 8260, 20, 103870, 105036
20, 8270, 20, 103870, 107094
20, 8280, 20, 103813, 103870
20, 8290, 20, 103813, 105740
20, 8300, 20, 103813, 107515
20, 8310, 20, 103813, 106141
20, 8320, 20, 103813, 103813
20, 8330, 20, 103813, 104161
20, 8340, 20, 103813, 103813
20, 8350, 20, 103544, 109441
20, 8360, 20, 103544, 108202
20, 8370, 20, 103544, 103544
20, 8380, 20, 103544, 103544
20, 8390, 20, 103544, 105571
20, 8400, 20, 103544, 104544
20, 8410, 20, 103421, 105648
20, 8420, 20, 103190, 105196
20, 8430, 20, 103125, 103190
20, 8440, 20, 103125, 103125
20, 8450, 20, 103121, 103121
20, 8460, 20, 103069, 103121
20, 8470, 20, 103069, 104652
20, 8480, 20, 103069, 105030
20, 8490, 20, 103069, 107415
20, 8500, 20, 103069, 103069
20, 8510, 20, 103051, 103069
20, 8520, 20, 103025, 104564
20, 8530, 20, 102495, 104391
20, 8540, 20, 102495, 102495
20, 8550, 20, 102495, 102495
20, 8560, 20, 102495, 104039
20, 8570, 20, 102324, 102324
20, 8580, 20, 102259, 106074
20, 8590, 20, 102259, 102259
20, 8600, 20, 101904, 102259
20, 8610, 20, 101804, 101804
20, 8620, 20, 101449, 101849
20, 8630, 20, 101449, 101858
20, 8640, 20, 101449, 101449
20, 8650, 20, 101449, 102221
20, 8660, 20, 101449, 101449
20, 8670, 20, 101449, 101449
20, 8680, 20, 101362, 101449
20, 8690, 20, 101296, 101300
20, 8700, 20, 101296, 103003
20, 8710, 20, 101296, 102142
20, 8720, 20, 101137, 102892
20, 8730, 20, 101137, 101137
20, 8740, 20, 101137, 101968
20, 8750, 20, 101137, 103833
20, 8760, 20, 101078, 101137
20, 8770, 20, 100966, 100966
20, 8780, 20, 100603, 100603
20, 8790, 20, 100583, 100583
20, 8800, 20, 100501, 101093
20, 8810, 20, 100501, 100501
20, 8820, 20, 100501, 100501
20, 8830, 20, 100493, 100501
20, 8840, 20, 100428, 100493
20, 8850, 20, 100428, 101527
20, 8860, 20, 100428, 102621
20, 8870, 20, 100410, 100410
20, 8880, 20, 100410, 100410
20, 8890, 20, 100372, 100410
20, 8900, 20, 99928, 100372
20, 8910, 20, 99896, 99896
20, 8920, 20, 99839, 101520
20, 8930, 20, 99792, 99839
20, 8940, 20, 99728, 103069
20, 8950, 20, 99728, 99728
20, 8960, 20, 99728, 100735
20, 8970, 20, 99482, 100627
20, 8980, 20, 99482, 99482
20, 8990, 20, 99399, 102537
20, 9000, 20, 99347, 99399
20, 9010, 20, 99129, 99347
20, 9020, 20, 99129, 101288
20, 9030, 20, 99067, 100225
20, 9040, 20, 99067, 101412
20, 9050, 20, 99050, 99830
20, 9060, 20, 99050, 100834
20, 9070, 20, 98997, 99050
20, 9080, 20, 98780, 102001
20, 9090, 20, 98780, 98780
20, 9100, 20, 98617, 98617
20, 9110, 20, 98617, 101681
20, 9120, 20, 98617, 100789
20, 9130, 20, 98617, 98617
20, 9140, 20, 98617, 99733
20, 9150, 20, 98617, 101003
20, 9160, 20, 98562, 98715
20, 9170, 20, 98562, 101361
20, 9180, 20, 98562, 98562
20, 9190, 20, 98562, 101663
20, 9200, 20, 98562, 98989
20, 9210, 20, 98562, 103075
20, 9220, 20, 98562, 98562
20, 9230, 20, 98562, 98562
20, 9240, 20, 98562, 98562
20, 9250, 20, 98366, 98366
20, 9260, 20, 98366, 101655
20, 9270, 20, 98366, 98366
20, 9280, 20, 98297, 98366
20, 9290, 20, 98297, 98297
20, 9300, 20, 98297, 101117
20, 9310, 20, 98279, 99597
20, 9320, 20, 98279, 98279
20, 9330, 20, 98279, 99056
20, 9340, 20, 98279, 98279
20, 9350, 20, 98279, 98279
20, 9360, 20, 98279, 100950
20, 9370, 20, 98173, 99539
20, 9380, 20, 98173, 99148
20, 9390, 20, 98173, 99787
20, 9400, 20, 98173, 98173
20, 9410, 20, 97998, 99536
20, 9420, 20, 97998, 97998
20, 9430, 20, 97769, 99776
20, 9440, 20, 97769, 97769
20, 9450, 20, 97751, 100538
20, 9460, 20, 97751, 98243
20, 9470, 20, 97551, 97551
20, 9480, 20, 97551, 97551
20, 9490, 20, 97551, 98839
20, 9500, 20, 97551, 100208
20, 9510, 20, 97551, 97551
20, 9520, 20, 97441, 97441
20, 9530, 20, 97361, 97382
20, 9540, 20, 97240, 97240
20, 9550, 20, 97240, 97240
20, 9560, 20, 97131, 100131
20, 9570, 20, 96662, 97589
20, 9580, 20, 96597, 97614
20, 9590, 20, 96597, 97528
20, 9600, 20, 96428, 96597
20, 9610, 20, 96294, 96350
20, 9620, 20, 96294, 99426
20, 9630, 20, 96065, 96294
20, 9640, 20, 96065, 96065
20, 9650, 20, 96065, 96065
20, 9660, 20, 96009, 97004
20, 9670, 20, 95881, 96009
20, 9680, 20, 95881, 95881
20, 9690, 20, 95881, 95881
20, 9700, 20, 95881, 95881
20, 9710, 20, 95535, 96347
20, 9720, 20, 95402, 95460
20, 9730, 20, 95402, 96201
20, 9740, 20, 95402, 96211
20, 9750, 20, 95402, 95402
20, 9760, 20, 95319, 96443
20, 9770, 20, 95319, 97863
20, 9780, 20, 95319, 96540
20, 9790, 20, 95319, 99135
20, 9800, 20, 95319, 95319
20, 9810, 20, 95319, 95319
20, 9820, 20, 95319, 95319
20, 9830, 20, 95319, 95319
20, 9840, 20, 95202, 95319
20, 9850, 20, 95202, 96412
20, 9860, 20, 95202, 96658
20, 9870, 20, 95143, 96896
20, 9880, 20, 95143, 97000
20, 9890, 20, 95143, 99527
20, 9900, 20, 94943, 95318
20, 9910, 20, 94936, 94943
20, 9920, 20, 94915, 96047
20, 9930, 20, 94915, 95857
20, 9940, 20, 94805, 100775
20, 9950, 20, 94805, 98672
20, 9960, 20, 94741, 94805
20, 9970, 20, 94741, 95217
20, 9980, 20, 94741, 94741
20, 9990, 20, 94741, 94741
20, 10000, 20, 94709, 94709
20, 10010, 20, 93928, 94501
20, 10020, 20, 93822, 93822
20, 10030, 20, 93762, 93822
20, 10040, 20, 93762, 93762
20, 10050, 20, 93762, 94420
20, 10060, 20, 93762, 93762
20, 10070, 20, 93762, 93762
20, 10080, 20, 93762, 93762
20, 10090, 20, 93762, 93762
20, 10100, 20, 93696, 93762
20, 10110, 20, 93462, 95992
20, 10120, 20, 93462, 93462
20, 10130, 20, 93462, 93462
20, 10140, 20, 93397, 94721
20, 10150, 20, 93397, 93397
20, 10160, 20, 93317, 93317
20, 10170, 20, 93317, 93317
20, 10180, 20, 93315, 93441
20, 10190, 20, 93315, 94023
20, 10200, 20, 93258, 95470
20, 10210, 20, 93258, 96314
20, 10220, 20, 93258, 93258
20, 10230, 20, 93258, 93258
20, 10240, 20, 93258, 95287
20, 10250, 20, 93258, 93258
20, 10260, 20, 93199, 93199
20, 10270, 20, 93199, 95203
20, 10280, 20, 92608, 92608
20, 10290, 20, 92608, 92608
20, 10300, 20, 92608, 94553
20, 10310, 20, 92608, 94632
20, 10320, 20, 92608, 92736
20, 10330, 20, 92608, 92608
20, 10340, 20, 92608, 94655
20, 10350, 20, 92608, 92608
20, 10360, 20, 92608, 92774
20, 10370, 20, 92608, 92608
20, 10380, 20, 92608, 92608
20, 10390, 20, 92608, 93917
20, 10400, 20, 92608, 92608
20, 10410, 20, 92608, 94993
20, 10420, 20, 92608, 92608
20, 10430, 20, 92608, 92608
20, 10440, 20, 92608, 95629
20, 10450, 20, 92549, 94334
20, 10460, 20, 92549, 92549
20, 10470, 20, 92549, 92549
20, 10480, 20, 92471, 92549
20, 10490, 20, 92415, 94049
20, 10500, 20, 92415, 94292
20, 10510, 20, 92415, 92415
20, 10520, 20, 92415, 92738
20, 10530, 20, 92410, 92410
20, 10540, 20, 92410, 93428
20, 10550, 20, 92226, 92410
20, 10560, 20, 92226, 92226
20, 10570, 20, 92177, 92177
20, 10580, 20, 91836, 92177
20, 10590, 20, 91836, 91836
20, 10600, 20, 91836, 91836
20, 10610, 20, 91790, 91975
20, 10620, 20, 91790, 91790
20, 10630, 20, 91790, 91790
20, 10640, 20, 91790, 91790
20, 10650, 20, 91696, 93505
20, 10660, 20, 91093, 95004
20, 10670, 20, 91093, 91093
20, 10680, 20, 91093, 92059
20, 10690, 20, 91093, 92623
20, 10700, 20, 91093, 91093
20, 10710, 20, 91093, 91093
20, 10720, 20, 91093, 91093
20, 10730, 20, 91093, 91093
20, 10740, 20, 91093, 91093
20, 10750, 20, 91093, 91093
20, 10760, 20, 91041, 91093
20, 10770, 20, 91041, 91041
20, 10780, 20, 91041, 94462
20, 10790, 20, 91041, 91041
20, 10800, 20, 91041, 91602
20, 10810, 20, 91041, 91841
20, 10820, 20, 91041, 91693
20, 10830, 20, 91041, 93028
20, 10840, 20, 91041, 91041
20, 10850, 20, 90852, 90852
20, 10860, 20, 90723, 93374
20, 10870, 20, 90707, 91682
20, 10880, 20, 90707, 90707
20, 10890, 20, 90707, 90707
20, 10900, 20, 90413, 90413
20, 10910, 20, 90374, 90374
20, 10920, 20, 90374, 90374
20, 10930, 20, 90374, 92143
20, 10940, 20, 90374, 92582
20, 10950, 20, 90374, 91426
20, 10960, 20, 90094, 90094
20, 10970, 20, 90094, 91349
20, 10980, 20, 90094, 92272
20, 10990, 20, 90094, 90094
20, 11000, 20, 90094, 90094
20, 11010, 20, 90094, 90094
20, 11020, 20, 90094, 90094
20, 11030, 20, 90040, 90094
20, 11040, 20, 90040, 90040
20, 11050, 20, 90040, 90040
20, 11060, 20, 90040, 90040
20, 11070, 20, 90040, 90040
20, 11080, 20, 90040, 92321
20, 11090, 20, 90040, 90040
20, 11100, 20, 89839, 93936
20, 11110, 20, 89839, 89839
20, 11120, 20, 89839, 89839
20, 11130, 20, 89607, 89839
20, 11140, 20, 89259, 89259
20, 11150, 20, 89152, 89422
20, 11160, 20, 89110, 89110
20, 11170, 20, 89110, 89110
20, 11180, 20, 89110, 89110
20, 11190, 20, 89110, 89110
20, 11200, 20, 89110, 89110
20, 11210, 20, 89110, 89110
20, 11220, 20, 89110, 89110
20, 11230, 20, 89110, 89110
20, 11240, 20, 89110, 89110
20, 11250, 20, 89110, 89110
20, 11260, 20, 89110, 89110
20, 11270, 20, 89029, 91553
20, 11280, 20, 89029, 90230
20, 11290, 20, 89029, 89029
20, 11300, 20, 88860, 88860
20, 11310, 20, 88860, 90225
20, 11320, 20, 88860, 91117
20, 11330, 20, 88860, 90049
20, 11340, 20, 88454, 88454
20, 11350, 20, 88454, 88454
20, 11360, 20, 88454, 88454
20, 11370, 20, 88398, 89787
20, 11380, 20, 88398, 89594
20, 11390, 20, 88398, 88398
20, 11400, 20, 88398, 88398
20, 11410, 20, 88385, 88626
20, 11420, 20, 88385, 88385
20, 11430, 20, 88382, 88385
20, 11440, 20, 88382, 90216
20, 11450, 20, 88382, 88382
20, 11460, 20, 88382, 88382
20, 11470, 20, 88382, 88382
20, 11480, 20, 88382, 88382
20, 11490, 20, 88369, 88369
20, 11500, 20, 88369, 90824
20, 11510, 20, 88369, 88369
20, 11520, 20, 88332, 88369
20, 11530, 20, 88332, 88332
20, 11540, 20, 87600, 88132
20, 11550, 20, 87417, 87600
20, 11560, 20, 87417, 88510
20, 11570, 20, 87417, 87417
20, 11580, 20, 87417, 87417
20, 11590, 20, 87417, 87417
20, 11600, 20, 87061, 87195
20, 11610, 20, 87029, 87029
20, 11620, 20, 87029, 87096
20, 11630, 20, 87029, 87029
20, 11640, 20, 87029, 87029
20, 11650, 20, 86996, 86996
20, 11660, 20, 86996, 89142
20, 11670, 20, 86996, 86996
20, 11680, 20, 86861, 86861
20, 11690, 20, 86861, 89927
20, 11700, 20, 86513, 87094
20, 11710, 20, 86513, 86513
20, 11720, 20, 86513, 86513
20, 11730, 20, 86513, 86513
20, 11740, 20, 86513, 87680
20, 11750, 20, 86513, 87101
20, 11760, 20, 86513, 86513
20, 11770, 20, 86513, 87513
20, 11780, 20, 86513, 86513
20, 11790, 20, 86513, 87587
20, 11800, 20, 86513, 88084
20, 11810, 20, 86513, 86772
20, 11820, 20, 86513, 86513
20, 11830, 20, 86513, 88400
20, 11840, 20, 86513, 86513
20, 11850, 20, 86513, 88081
20, 11860, 20, 86513, 86513
20, 11870, 20, 86297, 88929
20, 11880, 20, 86232, 86232
20, 11890, 20, 86232, 86232
20, 11900, 20, 86090, 88618
20, 11910, 20, 86090, 86090
20, 11920, 20, 86067, 86090
20, 11930, 20, 86067, 86067
20, 11940, 20, 86002, 88190
20, 11950, 20, 86002, 86002
20, 11960, 20, 86002, 89451
20, 11970, 20, 86002, 86002
20, 11980, 20, 86002, 86002
20, 11990, 20, 85982, 86002
20, 12000, 20, 85982, 85982
20, 12010, 20, 85722, 86155
20, 12020, 20, 85493, 85493
20, 12030, 20, 85493, 85493
20, 12040, 20, 85489, 87054
20, 12050, 20, 85489, 85489
20, 12060, 20, 85489, 85489
20, 12070, 20, 85489, 85489
20, 12080, 20, 85472, 86152
20, 12090, 20, 85432, 87336
20, 12100, 20, 85432, 86418
20, 12110, 20, 85432, 85432
20, 12120, 20, 85262, 85432
20, 12130, 20, 85176, 85262
20, 12140, 20, 85176, 85176
20, 12150, 20, 85176, 87197
20, 12160, 20, 85161, 85161
20, 12170, 20, 85161, 85161
20, 12180, 20, 85061, 85161
20, 12190, 20, 85061, 85061
20, 12200, 20, 85061, 85061
20, 12210, 20, 84861, 86601
20, 12220, 20, 84802, 84861
20, 12230, 20, 84802, 84802
20, 12240, 20, 84802, 84802
20, 12250, 20, 84802, 87793
20, 12260, 20, 84802, 84802
20, 12270, 20, 84802, 84802
20, 12280, 20, 84802, 84802
20, 12290, 20, 84802, 84802
20, 12300, 20, 84802, 84802
20, 12310, 20, 84802, 84802
20, 12320, 20, 84802, 84802
20, 12330, 20, 84802, 86232
20, 12340, 20, 84802, 84802
20, 12350, 20, 84802, 86153
20, 12360, 20, 84802, 84802
20, 12370, 20, 84802, 89293
20, 12380, 20, 84802, 84802
20, 12390, 20, 84802, 84802
20, 12400, 20, 84802, 84802
20, 12410, 20, 84695, 84695
20, 12420, 20, 84695, 84695
20, 12430, 20, 84695, 84695
20, 12440, 20, 84686, 84695
20, 12450, 20, 84686, 84686
20, 12460, 20, 84686, 84686
20, 12470, 20, 84686, 85316
20, 12480, 20, 84097, 85625
20, 12490, 20, 84097, 84097
20, 12500, 20, 84097, 84097
20, 12510, 20, 84097, 84097
20, 12520, 20, 84097, 84097
20, 12530, 20, 84097, 84097
20, 12540, 20, 84097, 84097
20, 12550, 20, 84097, 84097
20, 12560, 20, 84097, 84097
20, 12570, 20, 84097, 84097
20, 12580, 20, 84097, 84097
20, 12590, 20, 84097, 87228
20, 12600, 20, 83830, 83830
20, 12610, 20, 83821, 83830
20, 12620, 20, 83821, 83821
20, 12630, 20, 83821, 83821
20, 12640, 20, 83821, 85329
20, 12650, 20, 83821, 83821
20, 12660, 20, 83821, 83821
20, 12670, 20, 83821, 84542
20, 12680, 20, 83821, 83821
20, 12690, 20, 83807, 83807
20, 12700, 20, 83807, 83807
20, 12710, 20, 83807, 83807
20, 12720, 20, 83807, 83807
20, 12730, 20, 83807, 83807
20, 12740, 20, 83807, 83807
20, 12750, 20, 83807, 83807
20, 12760, 20, 83807, 83807
20, 12770, 20, 83767, 83767
20, 12780, 20, 83767, 83767
20, 12790, 20, 83767, 83767
20, 12800, 20, 83767, 83853
20, 12810, 20, 83767, 83767
20, 12820, 20, 83730, 86005
20, 12830, 20, 83730, 83730
20, 12840, 20, 83647, 83730
20, 12850, 20, 83647, 83647
20, 12860, 20, 83647, 83647
20, 12870, 20, 83647, 83647
20, 12880, 20, 83647, 83647
20, 12890, 20, 83647, 83647
20, 12900, 20, 83647, 83647
20, 12910, 20, 83647, 83647
20, 12920, 20, 83647, 86272
20, 12930, 20, 83647, 83647
20, 12940, 20, 83647, 83647
20, 12950, 20, 83647, 83647
20, 12960, 20, 83647, 83647
20, 12970, 20, 83647, 83647
20, 12980, 20, 83647, 83647
20, 12990, 20, 83647, 83647
20, 13000, 20, 83647, 83647
20, 13010, 20, 83513, 83647
20, 13020, 20, 83513, 83513
20, 13030, 20, 83394, 83394
20, 13040, 20, 83394, 83394
20, 13050, 20, 83394, 83394
20, 13060, 20, 83394, 84595
20, 13070, 20, 83394, 83394
20, 13080, 20, 83394, 83394
20, 13090, 20, 83394, 83394
20, 13100, 20, 83394, 83394
20, 13110, 20, 83394, 83394
20, 13120, 20, 83394, 83394
20, 13130, 20, 83376, 83376
20, 13140, 20, 83376, 83376
20, 13150, 20, 83376, 83376
20, 13160, 20, 83330, 83330
20, 13170, 20, 83330, 83330
20, 13180, 20, 83330, 83330
20, 13190, 20, 83330, 83330
20, 13200, 20, 83330, 83330
20, 13210, 20, 83330, 83330
20, 13220, 20, 83330, 83330
20, 13230, 20, 83330, 83330
20, 13240, 20, 83330, 83330
20, 13250, 20, 83330, 83330
20, 13260, 20, 83330, 83330
20, 13270, 20, 83330, 84301
20, 13280, 20, 83330, 83330
20, 13290, 20, 83330, 86612
20, 13300, 20, 83330, 83330
20, 13310, 20, 83330, 83330
20, 13320, 20, 83330, 84322
20, 13330, 20, 83330, 83330
20, 13340, 20, 83330, 83330
20, 13350, 20, 83330, 83330
20, 13360, 20, 83330, 83330
20, 13370, 20, 83330, 83330
20, 13380, 20, 83330, 83330
20, 13390, 20, 83330, 83330
20, 13400, 20, 83330, 83330
20, 13410, 20, 83330, 83330
20, 13420, 20, 83330, 83330
20, 13430, 20, 83330, 83330
20, 13440, 20, 83330, 83330
20, 13450, 20, 83330, 83330
20, 13460, 20, 83330, 83330
20, 13470, 20, 83330, 83330
20, 13480, 20, 83330, 83472
20, 13490, 20, 83330, 85083
20, 13500, 20, 83330, 83330
20, 13510, 20, 83330, 83330
20, 13520, 20, 83330, 83330
20, 13530, 20, 83330, 83330
20, 13540, 20, 83330, 83330
20, 13550, 20, 83133, 86024
20, 13560, 20, 83074, 83074
20, 13570, 20, 83045, 83051
20, 13580, 20, 83045, 83045
20, 13590, 20, 82936, 82936
20, 13600, 20, 82936, 82936
20, 13610, 20, 82936, 82936
20, 13620, 20, 82936, 82936
20, 13630, 20, 82936, 84745
20, 13640, 20, 82936, 84041
20, 13650, 20, 82936, 82936
20, 13660, 20, 82936, 82936
20, 13670, 20, 82936, 82936
20, 13680, 20, 82936, 82936
20, 13690, 20, 82936, 87924
20, 13700, 20, 82936, 83136
20, 13710, 20, 82736, 82936
20, 13720, 20, 82736, 82736
20, 13730, 20, 82736, 82736
20, 13740, 20, 82612, 82612
20, 13750, 20, 82612, 82612
20, 13760, 20, 82612, 82612
20, 13770, 20, 82612, 84117
20, 13780, 20, 82612, 82612
20, 13790, 20, 82329, 83590
20, 13800, 20, 82329, 82329
20, 13810, 20, 82329, 82329
20, 13820, 20, 82323, 82329
20, 13830, 20, 82323, 82323
20, 13840, 20, 82323, 82323
20, 13850, 20, 82323, 82323
20, 13860, 20, 82323, 82323
20, 13870, 20, 82323, 82323
20, 13880, 20, 82268, 82323
20, 13890, 20, 82268, 84192
20, 13900, 20, 82268, 82268
20, 13910, 20, 82268, 82854
20, 13920, 20, 82268, 82268
20, 13930, 20, 82268, 82268
20, 13940, 20, 82257, 82257
20, 13950, 20, 82257, 82257
20, 13960, 20, 82257, 82257
20, 13970, 20, 82257, 82257
20, 13980, 20, 82257, 82257
20, 13990, 20, 82257, 82257
20, 14000, 20, 82257, 82257
20, 14010, 20, 82257, 82257
20, 14020, 20, 82257, 82257
20, 14030, 20, 82257, 82257
20, 14040, 20, 82257, 85105
20, 14050, 20, 82257, 82257
20, 14060, 20, 82257, 86120
20, 14070, 20, 82257, 82257
20, 14080, 20, 82257, 83648
20, 14090, 20, 82257, 82257
20, 14100, 20, 82257, 82257
20, 14110, 20, 82257, 82257
20, 14120, 20, 82257, 82257
20, 14130, 20, 82118, 85277
20, 14140, 20, 82118, 83572
20, 14150, 20, 82118, 82118
20, 14160, 20, 82118, 82118
20, 14170, 20, 82118, 82118
20, 14180, 20, 82078, 82118
20, 14190, 20, 82078, 82078
20, 14200, 20, 81867, 81867
20, 14210, 20, 81867, 82578
20, 14220, 20, 81867, 81867
20, 14230, 20, 81867, 81867
20, 14240, 20, 81867, 81867
20, 14250, 20, 81867, 81867
20, 14260, 20, 81867, 81867
20, 14270, 20, 81867, 81867
20, 14280, 20, 81867, 81867
20, 14290, 20, 81867, 81867
20, 14300, 20, 81867, 81867
20, 14310, 20, 81867, 81867
20, 14320, 20, 81867, 81867
20, 14330, 20, 81867, 82389
20, 14340, 20, 81867, 81867
20, 14350, 20, 81867, 81867
20, 14360, 20, 81867, 81867
20, 14370, 20, 81794, 81867
20, 14380, 20, 81794, 81794
20, 14390, 20, 81794, 82819
20, 14400, 20, 81794, 81794
20, 14410, 20, 81794, 85959
20, 14420, 20, 81794, 81794
20, 14430, 20, 81794, 81794
20, 14440, 20, 81794, 81794
20, 14450, 20, 81794, 81794
20, 14460, 20, 81794, 81794
20, 14470, 20, 81722, 81722
20, 14480, 20, 81722, 81722
20, 14490, 20, 81722, 81722
20, 14500, 20, 81540, 81540
20, 14510, 20, 81263, 81540
20, 14520, 20, 81263, 82234
20, 14530, 20, 81263, 81263
20, 14540, 20, 81263, 81263
20, 14550, 20, 81263, 81263
20, 14560, 20, 81263, 81263
20, 14570, 20, 81263, 81263
20, 14580, 20, 81263, 81263
20, 14590, 20, 81263, 82462
20, 14600, 20, 81263, 81263
20, 14610, 20, 81263, 81263
20, 14620, 20, 81263, 81263
20, 14630, 20, 81263, 81263
20, 14640, 20, 81263, 81263
20, 14650, 20, 81263, 81263
20, 14660, 20, 81263, 81263
20, 14670, 20, 81263, 81263
20, 14680, 20, 81263, 81263
20, 14690, 20, 81263, 81263
20, 14700, 20, 81263, 81263
20, 14710, 20, 81263, 81263
20, 14720, 20, 81263, 81263
20, 14730, 20, 81263, 81263
20, 14740, 20, 81122, 81122
20, 14750, 20, 81122, 81122
20, 14760, 20, 81122, 81122
20, 14770, 20, 81122, 81122
20, 14780, 20, 81122, 81122
20, 14790, 20, 81122, 81122
20, 14800, 20, 80986, 81122
20, 14810, 20, 80986, 83659
20, 14820, 20, 80986, 80986
20, 14830, 20, 80969, 80969
20, 14840, 20, 80969, 80969
20, 14850, 20, 80969, 80969
20, 14860, 20, 80969, 80969
20, 14870, 20, 80969, 80969
20, 14880, 20, 80964, 80964
20, 14890, 20, 80964, 85931
20, 14900, 20, 80964, 80964
20, 14910, 20, 80964, 80964
20, 14920, 20, 80964, 80964
20, 14930, 20, 80964, 80964
20, 14940, 20, 80964, 80964
20, 14950, 20, 80964, 80964
20, 14960, 20, 80881, 81906
20, 14970, 20, 80881, 80881
20, 14980, 20, 80881, 80881
20, 14990, 20, 80881, 80881
20, 15000, 20, 80881, 80881
20, 15010, 20, 80881, 80881
20, 15020, 20, 80881, 80881
20, 15030, 20, 80789, 83657
20, 15040, 20, 80710, 80789
20, 15050, 20, 80710, 80710
20, 15060, 20, 80692, 80692
20, 15070, 20, 80645, 80645
20, 15080, 20, 80645, 80645
20, 15090, 20, 80645, 80645
20, 15100, 20, 80645, 81874
20, 15110, 20, 80645, 80645
20, 15120, 20, 80645, 80645
20, 15130, 20, 80645, 80645
20, 15140, 20, 80645, 81994
20, 15150, 20, 80645, 80645
20, 15160, 20, 80645, 80645
20, 15170, 20, 80645, 80645
20, 15180, 20, 80533, 80645
20, 15190, 20, 80533, 80533
20, 15200, 20, 80533, 80533
20, 15210, 20, 80484, 80484
20, 15220, 20, 80484, 80484
20, 15230, 20, 80346, 80346
20, 15240, 20, 80346, 80346
20, 15250, 20, 80346, 80346
20, 15260, 20, 80346, 80346
20, 15270, 20, 80346, 80346
20, 15280, 20, 80346, 80346
20, 15290, 20, 80287, 81580
20, 15300, 20, 80287, 81182
20, 15310, 20, 80287, 80287
20, 15320, 20, 80287, 80287
20, 15330, 20, 80287, 80387
20, 15340, 20, 80287, 80287
20, 15350, 20, 80287, 80887
20, 15360, 20, 80287, 80287
20, 15370, 20, 80287, 80287
20, 15380, 20, 80287, 80287
20, 15390, 20, 80277, 80277
20, 15400, 20, 80277, 80277
20, 15410, 20, 80277, 80277
20, 15420, 20, 80277, 80277
20, 15430, 20, 80277, 80277
20, 15440, 20, 80077, 80077
20, 15450, 20, 80077, 80077
20, 15460, 20, 80077, 80077
20, 15470, 20, 80077, 80077
20, 15480, 20, 80077, 80077
20, 15490, 20, 79963, 79963
20, 15500, 20, 79963, 79963
20, 15510, 20, 79854, 79963
20, 15520, 20, 79854, 79854
20, 15530, 20, 79854, 79854
20, 15540, 20, 79854, 83538
20, 15550, 20, 79854, 79854
20, 15560, 20, 79854, 79854
20, 15570, 20, 79854, 79854
20, 15580, 20, 79854, 79854
20, 15590, 20, 79854, 79854
20, 15600, 20, 79854, 79854
20, 15610, 20, 79684, 79684
20, 15620, 20, 79684, 79684
20, 15630, 20, 79684, 79684
20, 15640, 20, 79684, 79684
20, 15650, 20, 79532, 79684
20, 15660, 20, 79532, 79532
20, 15670, 20, 79532, 79532
20, 15680, 20, 79532, 79532
20, 15690, 20, 79532, 79532
20, 15700, 20, 79532, 79532
20, 15710, 20, 79532, 79532
20, 15720, 20, 79532, 79532
20, 15730, 20, 79532, 79532
20, 15740, 20, 79532, 79532
20, 15750, 20, 79532, 79532
20, 15760, 20, 79532, 79532
20, 15770, 20, 79532, 79532
20, 15780, 20, 79532, 79532
20, 15790, 20, 79532, 79532
20, 15800, 20, 79532, 79532
20, 15810, 20, 79532, 79532
20, 15820, 20, 79532, 79532
20, 15830, 20, 79442, 79532
20, 15840, 20, 79442, 80725
20, 15850, 20, 79442, 79442
20, 15860, 20, 79442, 79442
20, 15870, 20, 79442, 80660
20, 15880, 20, 79442, 79442
20, 15890, 20, 79442, 79442
20, 15900, 20, 79442, 79442
20, 15910, 20, 79442, 83161
20, 15920, 20, 79442, 79442
20, 15930, 20, 79442, 79442
20, 15940, 20, 79442, 79442
20, 15950, 20, 79442, 79442
20, 15960, 20, 79442, 79442
20, 15970, 20, 79318, 79442
20, 15980, 20, 79318, 79318
20, 15990, 20, 79318, 79318
20, 16000, 20, 79318, 79318
20, 16010, 20, 79318, 79318
20, 16020, 20, 79318, 79318
20, 16030, 20, 79318, 79318
20, 16040, 20, 79318, 79318
20, 16050, 20, 79318, 79318
20, 16060, 20, 79318, 79318
20, 16070, 20, 79318, 79318
20, 16080, 20, 79318, 79318
20, 16090, 20, 79318, 79318
20, 16100, 20, 79318, 79318
20, 16110, 20, 79318, 79318
20, 16120, 20, 79318, 79318
20, 16130, 20, 79318, 79318
20, 16140, 20, 79318, 79318
20, 16150, 20, 79318, 79318
20, 16160, 20, 79318, 79318
20, 16170, 20, 79318, 81883
20, 16180, 20, 79318, 79318
20, 16190, 20, 79318, 79318
20, 16200, 20, 79318, 79318
20, 16210, 20, 79318, 79318
20, 16220, 20, 79318, 79318
20, 16230, 20, 79318, 79318
20, 16240, 20, 79201, 79201
20, 16250, 20, 79201, 79201
20, 16260, 20, 79201, 79201
20, 16270, 20, 79183, 79201
20, 16280, 20, 79183, 79183
20, 16290, 20, 79183, 81195
20, 16300, 20, 79183, 79183
20, 16310, 20, 79183, 79183
20, 16320, 20, 79183, 79183
20, 16330, 20, 79183, 79183
20, 16340, 20, 79109, 79183
20, 16350, 20, 78954, 78954
20, 16360, 20, 78954, 78954
20, 16370, 20, 78954, 78954
20, 16380, 20, 78954, 78954
20, 16390, 20, 78954, 78954
20, 16400, 20, 78693, 78954
20, 16410, 20, 78693, 78693
20, 16420, 20, 78693, 79416
20, 16430, 20, 78693, 78693
20, 16440, 20, 78693, 78693
20, 16450, 20, 78693, 79775
20, 16460, 20, 78693, 78693
20, 16470, 20, 78693, 78693
20, 16480, 20, 78693, 78693
20, 16490, 20, 78693, 78693
20, 16500, 20, 78693, 78693
20, 16510, 20, 78693, 78693
20, 16520, 20, 78693, 78693
20, 16530, 20, 78693, 78693
20, 16540, 20, 78693, 78693
20, 16550, 20, 78693, 81490
20, 16560, 20, 78693, 78693
20, 16570, 20, 78693, 78693
20, 16580, 20, 78693, 78693
20, 16590, 20, 78693, 78693
20, 16600, 20, 78693, 78693
20, 16610, 20, 78693, 79694
20, 16620, 20, 78693, 78693
20, 16630, 20, 78693, 78693
20, 16640, 20, 78522, 78522
20, 16650, 20, 78522, 78522
20, 16660, 20, 78522, 78522
20, 16670, 20, 78522, 78522
20, 16680, 20, 78522, 78522
20, 16690, 20, 78483, 78522
20, 16700, 20, 78483, 78483
20, 16710, 20, 78483, 78483
20, 16720, 20, 78365, 78365
20, 16730, 20, 78365, 78365
20, 16740, 20, 78334, 78365
20, 16750, 20, 78334, 78334
20, 16760, 20, 78334, 79510
20, 16770, 20, 78334, 79220
20, 16780, 20, 78334, 78334
20, 16790, 20, 78334, 78334
20, 16800, 20, 78334, 78334
20, 16810, 20, 78334, 78334
20, 16820, 20, 78334, 78334
20, 16830, 20, 78134, 78334
20, 16840, 20, 78134, 78134
20, 16850, 20, 78134, 78134
20, 16860, 20, 78134, 78134
20, 16870, 20, 78062, 78062
20, 16880, 20, 78039, 78039
20, 16890, 20, 77901, 77901
20, 16900, 20, 77901, 77901
20, 16910, 20, 77901, 77901
20, 16920, 20, 77901, 77901
20, 16930, 20, 77879, 77879
20, 16940, 20, 77879, 77879
20, 16950, 20, 77879, 77879
20, 16960, 20, 77879, 77879
20, 16970, 20, 77879, 77879
20, 16980, 20, 77879, 77879
20, 16990, 20, 77879, 77879
20, 17000, 20, 77879, 77879
20, 17010, 20, 77879, 77879
20, 17020, 20, 77879, 77879
20, 17030, 20, 77879, 77879
20, 17040, 20, 77879, 77879
20, 17050, 20, 77875, 77879
20, 17060, 20, 77875, 77875
20, 17070, 20, 77875, 77875
20, 17080, 20, 77875, 77875
20, 17090, 20, 77875, 77875
20, 17100, 20, 77875, 77875
20, 17110, 20, 77798, 77875
20, 17120, 20, 77798, 77798
20, 17130, 20, 77798, 77798
20, 17140, 20, 77798, 77798
20, 17150, 20, 77798, 77798
20, 17160, 20, 77798, 77798
20, 17170, 20, 77798, 77798
20, 17180, 20, 77798, 77798
20, 17190, 20, 77798, 77798
20, 17200, 20, 77780, 77798
20, 17210, 20, 77780, 81132
20, 17220, 20, 77780, 77780
20, 17230, 20, 77780, 77780
20, 17240, 20, 77780, 77780
20, 17250, 20, 77780, 77780
20, 17260, 20, 77780, 77780
20, 17270, 20, 77780, 77780
20, 17280, 20, 77780, 77780
20, 17290, 20, 77780, 77780
20, 17300, 20, 77380, 77380
20, 17310, 20, 77380, 77380
20, 17320, 20, 77380, 77380
20, 17330, 20, 77380, 77380
20, 17340, 20, 77380, 77380
20, 17350, 20, 77380, 77380
20, 17360, 20, 77380, 77380
20, 17370, 20, 77380, 77380
20, 17380, 20, 77380, 77380
20, 17390, 20, 77380, 77380
20, 17400, 20, 77380, 77380
20, 17410, 20, 77380, 77380
20, 17420, 20, 77319, 77380
20, 17430, 20, 77319, 77319
20, 17440, 20, 77319, 77319
20, 17450, 20, 77319, 77319
20, 17460, 20, 77319, 77319
20, 17470, 20, 77319, 77319
20, 17480, 20, 77319, 78913
20, 17490, 20, 77319, 78970
20, 17500, 20, 77319, 77319
20, 17510, 20, 77319, 77319
20, 17520, 20, 77319, 77319
20, 17530, 20, 77319, 77319
20, 17540, 20, 77319, 77319
20, 17550, 20, 77319, 77319
20, 17560, 20, 77319, 77319
20, 17570, 20, 77319, 77319
20, 17580, 20, 77319, 77319
20, 17590, 20, 77319, 77319
20, 17600, 20, 77319, 77319
20, 17610, 20, 77319, 77319
20, 17620, 20, 77319, 77319
20, 17630, 20, 77319, 77319
20, 17640, 20, 77231, 77231
20, 17650, 20, 77231, 77231
20, 17660, 20, 77223, 77223
20, 17670, 20, 77223, 77223
20, 17680, 20, 77223, 77223
20, 17690, 20, 77223, 77223
20, 17700, 20, 77199, 77199
20, 17710, 20, 77199, 77199
20, 17720, 20, 77199, 77199
20, 17730, 20, 77199, 77199
20, 17740, 20, 77199, 77199
20, 17750, 20, 77115, 77115
20, 17760, 20, 77115, 77115
20, 17770, 20, 77115, 77115
20, 17780, 20, 77115, 77115
20, 17790, 20, 77115, 77115
20, 17800, 20, 77115, 77115
20, 17810, 20, 77115, 77115
20, 17820, 20, 77115, 77115
20, 17830, 20, 77115, 77115
20, 17840, 20, 77115, 77115
20, 17850, 20, 77115, 77115
20, 17860, 20, 77115, 77115
20, 17870, 20, 77115, 77115
20, 17880, 20, 76915, 76915
20, 17890, 20, 76915, 76915
20, 17900, 20, 76915, 76915
20, 17910, 20, 76915, 76915
20, 17920, 20, 76915, 76915
20, 17930, 20, 76915, 76915
20, 17940, 20, 76915, 76915
20, 17950, 20, 76915, 76915
20, 17960, 20, 76788, 76788
20, 17970, 20, 76788, 76788
20, 17980, 20, 76788, 76788
20, 17990, 20, 76788, 76788
20, 18000, 20, 76788, 76788
20, 18010, 20, 76788, 76788
20, 18020, 20, 76788, 76788
20, 18030, 20, 76788, 76788
20, 18040, 20, 76788, 76788
20, 18050, 20, 76788, 76788
20, 18060, 20, 76788, 76788
20, 18070, 20, 76788, 76788
20, 18080, 20, 76788, 76788
20, 18090, 20, 76788, 76788
20, 18100, 20, 76788, 76788
20, 18110, 20, 76699, 76699
20, 18120, 20, 76699, 76699
20, 18130, 20, 76619, 76619
20, 18140, 20, 76619, 76619
20, 18150, 20, 76619, 76619
20, 18160, 20, 76619, 76619
20, 18170, 20, 76619, 76619
20, 18180, 20, 76619, 76619
20, 18190, 20, 76619, 76619
20, 18200, 20, 76619, 76619
20, 18210, 20, 76619, 76619
20, 18220, 20, 76619, 76619
20, 18230, 20, 76619, 76619
20, 18240, 20, 76619, 76619
20, 18250, 20, 76619, 76619
20, 18260, 20, 76619, 76619
20, 18270, 20, 76619, 76619
20, 18280, 20, 76619, 76619
20, 18290, 20, 76619, 76619
20, 18300, 20, 76619, 76619
20, 18310, 20, 76619, 76619
20, 18320, 20, 76619, 76619
20, 18330, 20, 76619, 76619
20, 18340, 20, 76619, 76619
20, 18350, 20, 76619, 76619
20, 18360, 20, 76619, 76619
20, 18370, 20, 76619, 76619
20, 18380, 20, 76619, 76619
20, 18390, 20, 76619, 76619
20, 18400, 20, 76619, 76619
20, 18410, 20, 76619, 76619
20, 18420, 20, 76619, 76619
20, 18430, 20, 76619, 76619
20, 18440, 20, 76619, 76619
20, 18450, 20, 76619, 76619
20, 18460, 20, 76619, 76619
20, 18470, 20, 76619, 76619
20, 18480, 20, 76619, 76619
20, 18490, 20, 76619, 76619
20, 18500, 20, 76619, 76619
20, 18510, 20, 76619, 76619
20, 18520, 20, 76619, 76619
20, 18530, 20, 76619, 76619
20, 18540, 20, 76619, 76619
20, 18550, 20, 76619, 76619
20, 18560, 20, 76619, 76619
20, 18570, 20, 76619, 76619
20, 18580, 20, 76619, 76619
20, 18590, 20, 76619, 76619
20, 18600, 20, 76619, 76619
20, 18610, 20, 76619, 76619
20, 18620, 20, 76619, 76619
20, 18630, 20, 76619, 76619
20, 18640, 20, 76619, 76619
20, 18650, 20, 76619, 76619
20, 18660, 20, 76619, 76619
20, 18670, 20, 76619, 76619
20, 18680, 20, 76619, 76619
20, 18690, 20, 76579, 76579
20, 18700, 20, 76579, 76579
20, 18710, 20, 76579, 76579
20, 18720, 20, 76579, 76579
20, 18730, 20, 76579, 76579
20, 18740, 20, 76538, 76538
20, 18750, 20, 76538, 76538
20, 18760, 20, 76538, 76538
20, 18770, 20, 76538, 76538
20, 18780, 20, 76538, 76538
20, 18790, 20, 76538, 76538
20, 18800, 20, 76338, 79594
20, 18810, 20, 76338, 76338
20, 18820, 20, 76338, 76338
20, 18830, 20, 76338, 76338
20, 18840, 20, 76338, 76338
20, 18850, 20, 76338, 76338
20, 18860, 20, 76338, 76338
20, 18870, 20, 76338, 76338
20, 18880, 20, 76338, 76338
20, 18890, 20, 76338, 76338
20, 18900, 20, 76338, 76338
20, 18910, 20, 76186, 76186
20, 18920, 20, 76186, 76186
20, 18930, 20, 76186, 76186
20, 18940, 20, 76186, 76186
20, 18950, 20, 76186, 76186
20, 18960, 20, 76186, 76186
20, 18970, 20, 76062, 76062
20, 18980, 20, 76062, 76062
20, 18990, 20, 76062, 76062
20, 19000, 20, 76062, 76062
20, 19010, 20, 76062, 76062
20, 19020, 20, 76062, 76062
20, 19030, 20, 76062, 76062
20, 19040, 20, 76062, 76062
20, 19050, 20, 76062, 76062
20, 19060, 20, 76001, 76009
20, 19070, 20, 76001, 76001
20, 19080, 20, 75984, 76001
20, 19090, 20, 75984, 75984
20, 19100, 20, 75984, 75984
20, 19110, 20, 75984, 75984
20, 19120, 20, 75984, 75984
20, 19130, 20, 75984, 75984
20, 19140, 20, 75984, 75984
20, 19150, 20, 75984, 75984
20, 19160, 20, 75984, 75984
20, 19170, 20, 75984, 75984
20, 19180, 20, 75984, 75984
20, 19190, 20, 75777, 75777
20, 19200, 20, 75777, 75777
20, 19210, 20, 75777, 75777
20, 19220, 20, 75777, 75777
20, 19230, 20, 75777, 75777
20, 19240, 20, 75777, 75777
20, 19250, 20, 75777, 75777
20, 19260, 20, 75777, 75777
20, 19270, 20, 75777, 75777
20, 19280, 20, 75777, 75777
20, 19290, 20, 75777, 75777
20, 19300, 20, 75777, 75777
20, 19310, 20, 75777, 75777
20, 19320, 20, 75777, 75777
20, 19330, 20, 75777, 77353
20, 19340, 20, 75777, 75777
20, 19350, 20, 75777, 75777
20, 19360, 20, 75777, 75777
20, 19370, 20, 75777, 75777
20, 19380, 20, 75777, 75777
20, 19390, 20, 75651, 75777
20, 19400, 20, 75651, 75651
20, 19410, 20, 75618, 75651
20, 19420, 20, 75618, 75618
20, 19430, 20, 75618, 75618
20, 19440, 20, 75618, 75618
20, 19450, 20, 75618, 75618
20, 19460, 20, 75618, 75618
20, 19470, 20, 75618, 75618
20, 19480, 20, 75618, 75618
20, 19490, 20, 75618, 75618
20, 19500, 20, 75618, 75618
20, 19510, 20, 75618, 75618
20, 19520, 20, 75618, 75618
20, 19530, 20, 75618, 75618
20, 19540, 20, 75618, 75618
20, 19550, 20, 75618, 75618
20, 19560, 20, 75618, 75618
20, 19570, 20, 75618, 75618
20, 19580, 20, 75618, 75618
20, 19590, 20, 75508, 75508
20, 19600, 20, 75508, 75508
20, 19610, 20, 75508, 75508
20, 19620, 20, 75508, 75508
20, 19630, 20, 75508, 75508
20, 19640, 20, 75508, 75508
20, 19650, 20, 75505, 75505
20, 19660, 20, 75505, 75505
20, 19670, 20, 75505, 75505
20, 19680, 20, 75505, 75505
20, 19690, 20, 75505, 75505
20, 19700, 20, 75505, 75505
20, 19710, 20, 75505, 75505
20, 19720, 20, 75464, 75505
20, 19730, 20, 75464, 75464
20, 19740, 20, 75464, 75464
20, 19750, 20, 75464, 75464
20, 19760, 20, 75464, 75464
20, 19770, 20, 75464, 75464
20, 19780, 20, 75464, 75464
20, 19790, 20, 75464, 75464
20, 19800, 20, 75464, 75464
20, 19810, 20, 75464, 75464
20, 19820, 20, 75464, 75464
20, 19830, 20, 75464, 75464
20, 19840, 20, 75464, 75464
20, 19850, 20, 75464, 77673
20, 19860, 20, 75464, 75464
20, 19870, 20, 75378, 75378
20, 19880, 20, 75378, 75378
20, 19890, 20, 75378, 75378
20, 19900, 20, 75378, 75378
20, 19910, 20, 75378, 75378
20, 19920, 20, 75378, 75378
20, 19930, 20, 75378, 75378
20, 19940, 20, 75378, 75378
20, 19950, 20, 75378, 75378
20, 19960, 20, 75378, 75378
20, 19970, 20, 75378, 75378
20, 19980, 20, 75378, 75378
20, 19990, 20, 75378, 75378
