Population Size, Generation Count, Repetition, Best Fitness, Median Fitness
50, 0, 18, 738272, 771004
50, 10, 18, 711339, 720058
50, 20, 18, 685408, 692439
50, 30, 18, 661781, 666949
50, 40, 18, 645097, 651279
50, 50, 18, 627512, 632596
50, 60, 18, 614038, 619263
50, 70, 18, 600657, 606286
50, 80, 18, 586003, 592353
50, 90, 18, 573930, 577457
50, 100, 18, 565880, 567852
50, 110, 18, 555061, 560462
50, 120, 18, 547886, 551515
50, 130, 18, 537354, 542457
50, 140, 18, 529683, 533021
50, 150, 18, 517453, 522778
50, 160, 18, 508083, 511517
50, 170, 18, 497906, 501545
50, 180, 18, 494069, 496990
50, 190, 18, 486133, 491681
50, 200, 18, 479147, 483068
50, 210, 18, 472184, 477688
50, 220, 18, 466263, 469894
50, 230, 18, 459674, 463143
50, 240, 18, 451861, 455755
50, 250, 18, 447102, 450947
50, 260, 18, 442413, 444456
50, 270, 18, 438673, 440936
50, 280, 18, 428501, 434236
50, 290, 18, 425400, 427499
50, 300, 18, 420477, 422615
50, 310, 18, 416535, 419156
50, 320, 18, 411225, 416100
50, 330, 18, 408132, 410282
50, 340, 18, 403882, 405927
50, 350, 18, 399782, 405071
50, 360, 18, 396453, 399517
50, 370, 18, 390232, 393271
50, 380, 18, 386958, 390876
50, 390, 18, 382731, 385552
50, 400, 18, 378581, 381543
50, 410, 18, 374369, 378473
50, 420, 18, 372212, 376717
50, 430, 18, 369149, 371080
50, 440, 18, 365333, 367813
50, 450, 18, 362723, 365860
50, 460, 18, 360064, 364026
50, 470, 18, 357061, 359104
50, 480, 18, 350414, 353605
50, 490, 18, 347357, 349917
50, 500, 18, 341926, 345221
50, 510, 18, 339533, 342030
50, 520, 18, 335986, 339209
50, 530, 18, 330809, 334732
50, 540, 18, 327989, 331027
50, 550, 18, 325372, 327457
50, 560, 18, 322389, 326363
50, 570, 18, 320560, 324412
50, 580, 18, 318996, 320542
50, 590, 18, 317127, 319847
50, 600, 18, 314861, 318088
50, 610, 18, 312680, 315843
50, 620, 18, 310745, 314072
50, 630, 18, 308162, 311353
50, 640, 18, 306591, 308396
50, 650, 18, 304132, 307595
50, 660, 18, 301539, 303639
50, 670, 18, 299979, 303555
50, 680, 18, 298319, 300995
50, 690, 18, 295555, 299569
50, 700, 18, 294010, 298104
50, 710, 18, 293314, 294941
50, 720, 18, 291767, 294691
50, 730, 18, 290889, 293261
50, 740, 18, 287866, 291534
50, 750, 18, 286595, 287956
50, 760, 18, 285330, 288206
50, 770, 18, 281384, 284668
50, 780, 18, 279927, 284137
50, 790, 18, 278392, 280374
50, 800, 18, 277501, 279844
50, 810, 18, 275268, 279406
50, 820, 18, 274024, 275939
50, 830, 18, 271709, 276070
50, 840, 18, 270823, 273114
50, 850, 18, 268629, 270363
50, 860, 18, 267712, 270531
50, 870, 18, 266282, 269828
50, 880, 18, 264871, 267431
50, 890, 18, 263045, 265816
50, 900, 18, 262065, 264817
50, 910, 18, 258135, 262934
50, 920, 18, 256578, 259898
50, 930, 18, 255392, 257772
50, 940, 18, 253718, 255420
50, 950, 18, 252575, 255059
50, 960, 18, 250762, 253327
50, 970, 18, 250174, 253054
50, 980, 18, 248808, 252471
50, 990, 18, 248363, 250409
50, 1000, 18, 246708, 249844
50, 1010, 18, 245624, 247998
50, 1020, 18, 245066, 249346
50, 1030, 18, 244299, 246525
50, 1040, 18, 243257, 245767
50, 1050, 18, 240722, 242880
50, 1060, 18, 240241, 242593
50, 1070, 18, 239326, 243460
50, 1080, 18, 238417, 241949
50, 1090, 18, 237383, 240752
50, 1100, 18, 235884, 240162
50, 1110, 18, 234329, 237345
50, 1120, 18, 233803, 236369
50, 1130, 18, 232668, 234159
50, 1140, 18, 230548, 233424
50, 1150, 18, 228870, 231855
50, 1160, 18, 227266, 230808
50, 1170, 18, 226486, 228626
50, 1180, 18, 225633, 227597
50, 1190, 18, 225037, 226438
50, 1200, 18, 223921, 227252
50, 1210, 18, 222403, 224932
50, 1220, 18, 220681, 223863
50, 1230, 18, 219524, 223039
50, 1240, 18, 218674, 222066
50, 1250, 18, 217802, 220512
50, 1260, 18, 215703, 217736
50, 1270, 18, 214671, 216586
50, 1280, 18, 213181, 215840
50, 1290, 18, 211991, 214059
50, 1300, 18, 210999, 216612
50, 1310, 18, 210106, 213467
50, 1320, 18, 209030, 211604
50, 1330, 18, 208885, 212345
50, 1340, 18, 208263, 210734
50, 1350, 18, 207703, 208951
50, 1360, 18, 207152, 209427
50, 1370, 18, 205821, 209543
50, 1380, 18, 205023, 207380
50, 1390, 18, 204058, 206351
50, 1400, 18, 202411, 206424
50, 1410, 18, 201981, 204641
50, 1420, 18, 199573, 203215
50, 1430, 18, 199091, 201347
50, 1440, 18, 198474, 201581
50, 1450, 18, 197651, 201922
50, 1460, 18, 197391, 198912
50, 1470, 18, 197269, 199127
50, 1480, 18, 196800, 199615
50, 1490, 18, 196097, 197998
50, 1500, 18, 195323, 196746
50, 1510, 18, 194690, 196480
50, 1520, 18, 192791, 197662
50, 1530, 18, 192442, 194155
50, 1540, 18, 191715, 193203
50, 1550, 18, 191046, 193607
50, 1560, 18, 190471, 195515
50, 1570, 18, 188498, 191326
50, 1580, 18, 188438, 190673
50, 1590, 18, 187133, 190717
50, 1600, 18, 186849, 190554
50, 1610, 18, 186618, 188275
50, 1620, 18, 184916, 188446
50, 1630, 18, 184372, 187972
50, 1640, 18, 183530, 186789
50, 1650, 18, 183034, 185108
50, 1660, 18, 182004, 183344
50, 1670, 18, 181779, 184224
50, 1680, 18, 181016, 182715
50, 1690, 18, 180624, 183429
50, 1700, 18, 179941, 181958
50, 1710, 18, 179308, 182041
50, 1720, 18, 178635, 182908
50, 1730, 18, 177463, 181695
50, 1740, 18, 176748, 180032
50, 1750, 18, 176070, 179445
50, 1760, 18, 175564, 178320
50, 1770, 18, 175074, 177024
50, 1780, 18, 174947, 176874
50, 1790, 18, 174225, 178216
50, 1800, 18, 173807, 176536
50, 1810, 18, 173712, 175093
50, 1820, 18, 172194, 177291
50, 1830, 18, 171899, 174420
50, 1840, 18, 171601, 176271
50, 1850, 18, 170885, 174848
50, 1860, 18, 170878, 171891
50, 1870, 18, 170570, 172837
50, 1880, 18, 170098, 173159
50, 1890, 18, 169957, 171514
50, 1900, 18, 169416, 172465
50, 1910, 18, 169284, 171473
50, 1920, 18, 168995, 172359
50, 1930, 18, 168827, 172533
50, 1940, 18, 167679, 170932
50, 1950, 18, 167406, 168936
50, 1960, 18, 167289, 168874
50, 1970, 18, 166591, 169000
50, 1980, 18, 166193, 169058
50, 1990, 18, 165873, 168331
50, 2000, 18, 164315, 168435
50, 2010, 18, 163856, 167850
50, 2020, 18, 163157, 167051
50, 2030, 18, 162437, 165798
50, 2040, 18, 162134, 164227
50, 2050, 18, 161557, 163890
50, 2060, 18, 161281, 163122
50, 2070, 18, 160994, 164225
50, 2080, 18, 160848, 163253
50, 2090, 18, 160430, 162772
50, 2100, 18, 159269, 163181
50, 2110, 18, 159024, 162275
50, 2120, 18, 159011, 161652
50, 2130, 18, 158304, 160683
50, 2140, 18, 158200, 159893
50, 2150, 18, 157959, 161756
50, 2160, 18, 157908, 159089
50, 2170, 18, 157170, 158755
50, 2180, 18, 156614, 158705
50, 2190, 18, 156013, 159423
50, 2200, 18, 155405, 156697
50, 2210, 18, 154982, 156466
50, 2220, 18, 154328, 156818
50, 2230, 18, 154142, 156155
50, 2240, 18, 154062, 156210
50, 2250, 18, 153070, 157262
50, 2260, 18, 152744, 153892
50, 2270, 18, 152690, 154444
50, 2280, 18, 151598, 154734
50, 2290, 18, 151133, 153785
50, 2300, 18, 150670, 152919
50, 2310, 18, 150195, 153075
50, 2320, 18, 149808, 151749
50, 2330, 18, 149539, 152087
50, 2340, 18, 148983, 150949
50, 2350, 18, 148798, 152371
50, 2360, 18, 148180, 151967
50, 2370, 18, 148072, 149923
50, 2380, 18, 147528, 149913
50, 2390, 18, 146472, 147964
50, 2400, 18, 146271, 148157
50, 2410, 18, 145705, 146948
50, 2420, 18, 145293, 148004
50, 2430, 18, 145075, 147021
50, 2440, 18, 144524, 146995
50, 2450, 18, 144353, 145149
50, 2460, 18, 143780, 146107
50, 2470, 18, 143572, 145641
50, 2480, 18, 143096, 145580
50, 2490, 18, 142342, 146100
50, 2500, 18, 142183, 143887
50, 2510, 18, 141540, 145326
50, 2520, 18, 141193, 142634
50, 2530, 18, 141150, 143141
50, 2540, 18, 141020, 143628
50, 2550, 18, 140675, 140985
50, 2560, 18, 140285, 143386
50, 2570, 18, 139437, 142928
50, 2580, 18, 139346, 142075
50, 2590, 18, 139245, 142192
50, 2600, 18, 139245, 141295
50, 2610, 18, 139005, 141374
50, 2620, 18, 138485, 140130
50, 2630, 18, 138287, 141285
50, 2640, 18, 137778, 140757
50, 2650, 18, 137202, 139501
50, 2660, 18, 136923, 139246
50, 2670, 18, 136173, 136771
50, 2680, 18, 135686, 138445
50, 2690, 18, 135538, 138335
50, 2700, 18, 135538, 138984
50, 2710, 18, 134377, 136476
50, 2720, 18, 133834, 134403
50, 2730, 18, 133589, 134096
50, 2740, 18, 133305, 134806
50, 2750, 18, 133305, 134634
50, 2760, 18, 133202, 136535
50, 2770, 18, 133202, 134614
50, 2780, 18, 133070, 136298
50, 2790, 18, 132786, 134718
50, 2800, 18, 132622, 136332
50, 2810, 18, 132216, 133920
50, 2820, 18, 132216, 135219
50, 2830, 18, 132027, 132158
50, 2840, 18, 131075, 133696
50, 2850, 18, 130875, 132442
50, 2860, 18, 130791, 132956
50, 2870, 18, 130675, 133009
50, 2880, 18, 130506, 132499
50, 2890, 18, 130150, 132788
50, 2900, 18, 130018, 133245
50, 2910, 18, 129789, 131900
50, 2920, 18, 129756, 133247
50, 2930, 18, 129514, 132941
50, 2940, 18, 129419, 131998
50, 2950, 18, 129236, 131639
50, 2960, 18, 128848, 130928
50, 2970, 18, 128693, 131319
50, 2980, 18, 128435, 131991
50, 2990, 18, 128324, 129782
50, 3000, 18, 127874, 129993
50, 3010, 18, 127752, 129377
50, 3020, 18, 127608, 129040
50, 3030, 18, 127558, 129308
50, 3040, 18, 127539, 130963
50, 3050, 18, 126649, 129824
50, 3060, 18, 126590, 128505
50, 3070, 18, 126535, 128688
50, 3080, 18, 126170, 126606
50, 3090, 18, 125670, 127534
50, 3100, 18, 125174, 128535
50, 3110, 18, 125043, 126389
50, 3120, 18, 124954, 126344
50, 3130, 18, 124688, 124719
50, 3140, 18, 124472, 127150
50, 3150, 18, 124444, 127119
50, 3160, 18, 124444, 128349
50, 3170, 18, 124444, 126296
50, 3180, 18, 123784, 124563
50, 3190, 18, 123566, 125534
50, 3200, 18, 123380, 125685
50, 3210, 18, 123053, 124910
50, 3220, 18, 122594, 125364
50, 3230, 18, 122065, 124500
50, 3240, 18, 121638, 123894
50, 3250, 18, 121518, 125863
50, 3260, 18, 121325, 123377
50, 3270, 18, 121281, 123602
50, 3280, 18, 120590, 123840
50, 3290, 18, 120467, 120590
50, 3300, 18, 120019, 123318
50, 3310, 18, 119581, 120788
50, 3320, 18, 119443, 120917
50, 3330, 18, 118440, 119103
50, 3340, 18, 118287, 119978
50, 3350, 18, 118125, 119396
50, 3360, 18, 118069, 119888
50, 3370, 18, 117408, 121318
50, 3380, 18, 117275, 120182
50, 3390, 18, 117174, 118456
50, 3400, 18, 117174, 118216
50, 3410, 18, 117169, 119010
50, 3420, 18, 116911, 120333
50, 3430, 18, 116911, 120525
50, 3440, 18, 116911, 119179
50, 3450, 18, 116819, 119211
50, 3460, 18, 116272, 118161
50, 3470, 18, 116214, 119473
50, 3480, 18, 116214, 119166
50, 3490, 18, 116062, 118370
50, 3500, 18, 115844, 119601
50, 3510, 18, 115844, 118590
50, 3520, 18, 115826, 118382
50, 3530, 18, 115821, 118251
50, 3540, 18, 115030, 116729
50, 3550, 18, 114952, 117784
50, 3560, 18, 114952, 116108
50, 3570, 18, 114833, 117824
50, 3580, 18, 114158, 116490
50, 3590, 18, 114017, 115957
50, 3600, 18, 113715, 115191
50, 3610, 18, 113590, 117045
50, 3620, 18, 113272, 117241
50, 3630, 18, 113272, 115017
50, 3640, 18, 112986, 117324
50, 3650, 18, 112986, 113176
50, 3660, 18, 112903, 115264
50, 3670, 18, 112423, 112903
50, 3680, 18, 112367, 114017
50, 3690, 18, 112226, 115470
50, 3700, 18, 112226, 114700
50, 3710, 18, 112226, 114291
50, 3720, 18, 112226, 112226
50, 3730, 18, 111983, 112226
50, 3740, 18, 111783, 114185
50, 3750, 18, 111605, 113368
50, 3760, 18, 111561, 114441
50, 3770, 18, 111441, 114334
50, 3780, 18, 111142, 115032
50, 3790, 18, 111026, 112463
50, 3800, 18, 111026, 113608
50, 3810, 18, 110918, 111947
50, 3820, 18, 110918, 111461
50, 3830, 18, 110791, 113769
50, 3840, 18, 110738, 113044
50, 3850, 18, 110537, 112840
50, 3860, 18, 110367, 112365
50, 3870, 18, 109586, 111416
50, 3880, 18, 109586, 112330
50, 3890, 18, 108930, 110837
50, 3900, 18, 108610, 110492
50, 3910, 18, 108303, 110866
50, 3920, 18, 108210, 110060
50, 3930, 18, 108210, 109580
50, 3940, 18, 108120, 111148
50, 3950, 18, 108120, 110864
50, 3960, 18, 107862, 110819
50, 3970, 18, 107535, 109283
50, 3980, 18, 107535, 109742
50, 3990, 18, 107525, 110469
50, 4000, 18, 107525, 109017
50, 4010, 18, 107461, 108833
50, 4020, 18, 107163, 110385
50, 4030, 18, 107074, 108295
50, 4040, 18, 106975, 108668
50, 4050, 18, 106889, 107874
50, 4060, 18, 106876, 108463
50, 4070, 18, 106876, 109862
50, 4080, 18, 106736, 109683
50, 4090, 18, 106736, 109253
50, 4100, 18, 106736, 109343
50, 4110, 18, 106678, 109399
50, 4120, 18, 106678, 108698
50, 4130, 18, 106651, 108591
50, 4140, 18, 106276, 109680
50, 4150, 18, 106064, 108109
50, 4160, 18, 105920, 107588
50, 4170, 18, 105803, 107976
50, 4180, 18, 105783, 108040
50, 4190, 18, 105564, 107974
50, 4200, 18, 105348, 107268
50, 4210, 18, 105185, 108352
50, 4220, 18, 105185, 107429
50, 4230, 18, 105185, 107483
50, 4240, 18, 105185, 107346
50, 4250, 18, 105185, 106469
50, 4260, 18, 105185, 105636
50, 4270, 18, 104919, 107241
50, 4280, 18, 104919, 106939
50, 4290, 18, 104919, 105945
50, 4300, 18, 104831, 107891
50, 4310, 18, 104831, 108584
50, 4320, 18, 104586, 108200
50, 4330, 18, 104432, 106939
50, 4340, 18, 104244, 104350
50, 4350, 18, 104244, 105734
50, 4360, 18, 104244, 106113
50, 4370, 18, 104205, 105397
50, 4380, 18, 104071, 105729
50, 4390, 18, 104071, 108671
50, 4400, 18, 104015, 107969
50, 4410, 18, 103848, 104689
50, 4420, 18, 103848, 106516
50, 4430, 18, 103543, 106219
50, 4440, 18, 103450, 105367
50, 4450, 18, 103450, 105045
50, 4460, 18, 103254, 104850
50, 4470, 18, 103254, 104624
50, 4480, 18, 103178, 105281
50, 4490, 18, 102760, 104574
50, 4500, 18, 102466, 104675
50, 4510, 18, 102466, 106032
50, 4520, 18, 102466, 104144
50, 4530, 18, 102466, 105794
50, 4540, 18, 102368, 104256
50, 4550, 18, 102168, 104985
50, 4560, 18, 102137, 104028
50, 4570, 18, 101849, 104924
50, 4580, 18, 101849, 103421
50, 4590, 18, 101670, 105915
50, 4600, 18, 101637, 102461
50, 4610, 18, 101637, 103285
50, 4620, 18, 101279, 102835
50, 4630, 18, 101279, 102809
50, 4640, 18, 101279, 102276
50, 4650, 18, 101154, 102772
50, 4660, 18, 101154, 104718
50, 4670, 18, 101154, 102491
50, 4680, 18, 101154, 101354
50, 4690, 18, 101044, 101466
50, 4700, 18, 101008, 103536
50, 4710, 18, 100880, 102747
50, 4720, 18, 100880, 102460
50, 4730, 18, 100880, 103570
50, 4740, 18, 100601, 103669
50, 4750, 18, 100025, 102429
50, 4760, 18, 99809, 103914
50, 4770, 18, 99657, 99809
50, 4780, 18, 99657, 100908
50, 4790, 18, 99615, 101431
50, 4800, 18, 99615, 102945
50, 4810, 18, 99440, 100360
50, 4820, 18, 98941, 101449
50, 4830, 18, 98789, 99784
50, 4840, 18, 98447, 100182
50, 4850, 18, 98447, 101172
50, 4860, 18, 98447, 100287
50, 4870, 18, 98218, 98447
50, 4880, 18, 98218, 99896
50, 4890, 18, 98073, 98338
50, 4900, 18, 98073, 98770
50, 4910, 18, 98017, 100067
50, 4920, 18, 98017, 100153
50, 4930, 18, 97954, 99409
50, 4940, 18, 97354, 99754
50, 4950, 18, 97218, 97218
50, 4960, 18, 97218, 99071
50, 4970, 18, 97218, 98514
50, 4980, 18, 97218, 98624
50, 4990, 18, 97218, 97218
50, 5000, 18, 96687, 98405
50, 5010, 18, 96567, 97090
50, 5020, 18, 96426, 99064
50, 5030, 18, 96226, 97208
50, 5040, 18, 96226, 97971
50, 5050, 18, 96226, 98911
50, 5060, 18, 96154, 99425
50, 5070, 18, 95930, 97339
50, 5080, 18, 95717, 98753
50, 5090, 18, 95682, 98106
50, 5100, 18, 95682, 96981
50, 5110, 18, 95682, 99346
50, 5120, 18, 95452, 98162
50, 5130, 18, 95393, 99508
50, 5140, 18, 94968, 97451
50, 5150, 18, 94968, 97079
50, 5160, 18, 94940, 95607
50, 5170, 18, 94940, 96700
50, 5180, 18, 94940, 96753
50, 5190, 18, 94940, 95593
50, 5200, 18, 94940, 98039
50, 5210, 18, 94940, 95270
50, 5220, 18, 94857, 97170
50, 5230, 18, 94692, 97534
50, 5240, 18, 94682, 95944
50, 5250, 18, 94650, 95834
50, 5260, 18, 94650, 94650
50, 5270, 18, 94650, 97566
50, 5280, 18, 94650, 95635
50, 5290, 18, 94600, 98617
50, 5300, 18, 94542, 97896
50, 5310, 18, 94152, 94897
50, 5320, 18, 94152, 95990
50, 5330, 18, 93504, 95442
50, 5340, 18, 93483, 95520
50, 5350, 18, 93462, 96528
50, 5360, 18, 93370, 96069
50, 5370, 18, 93370, 95323
50, 5380, 18, 93198, 93906
50, 5390, 18, 93198, 94272
50, 5400, 18, 93198, 95598
50, 5410, 18, 93152, 93198
50, 5420, 18, 93152, 95690
50, 5430, 18, 93132, 94681
50, 5440, 18, 93037, 93132
50, 5450, 18, 92921, 93412
50, 5460, 18, 92772, 93788
50, 5470, 18, 92772, 92772
50, 5480, 18, 92772, 95664
50, 5490, 18, 92772, 94030
50, 5500, 18, 92566, 92672
50, 5510, 18, 92566, 93354
50, 5520, 18, 92566, 96091
50, 5530, 18, 92566, 92566
50, 5540, 18, 92566, 92566
50, 5550, 18, 92566, 92566
50, 5560, 18, 92547, 94828
50, 5570, 18, 92547, 94471
50, 5580, 18, 92547, 94652
50, 5590, 18, 92547, 94424
50, 5600, 18, 92547, 95584
50, 5610, 18, 92456, 93358
50, 5620, 18, 92456, 93456
50, 5630, 18, 92284, 93376
50, 5640, 18, 92284, 93331
50, 5650, 18, 92284, 92284
50, 5660, 18, 92281, 93202
50, 5670, 18, 92281, 94256
50, 5680, 18, 92164, 92225
50, 5690, 18, 91803, 93671
50, 5700, 18, 91803, 93231
50, 5710, 18, 91803, 93008
50, 5720, 18, 91803, 92559
50, 5730, 18, 91727, 91727
50, 5740, 18, 91727, 91951
50, 5750, 18, 91727, 92874
50, 5760, 18, 91415, 92682
50, 5770, 18, 91254, 93552
50, 5780, 18, 91096, 92219
50, 5790, 18, 91096, 94264
50, 5800, 18, 91051, 93295
50, 5810, 18, 90705, 93193
50, 5820, 18, 90705, 91426
50, 5830, 18, 90705, 92001
50, 5840, 18, 90705, 94091
50, 5850, 18, 90607, 91844
50, 5860, 18, 90607, 90607
50, 5870, 18, 90589, 93334
50, 5880, 18, 90445, 92022
50, 5890, 18, 90445, 90445
50, 5900, 18, 90321, 92845
50, 5910, 18, 90177, 91568
50, 5920, 18, 90177, 92595
50, 5930, 18, 90143, 90935
50, 5940, 18, 90027, 92488
50, 5950, 18, 89953, 91573
50, 5960, 18, 89953, 93009
50, 5970, 18, 89852, 89917
50, 5980, 18, 89793, 91768
50, 5990, 18, 89793, 92151
50, 6000, 18, 89793, 90534
50, 6010, 18, 89566, 91699
50, 6020, 18, 89514, 91038
50, 6030, 18, 89268, 90985
50, 6040, 18, 89209, 90049
50, 6050, 18, 89209, 90367
50, 6060, 18, 89209, 91241
50, 6070, 18, 89209, 91789
50, 6080, 18, 89151, 91540
50, 6090, 18, 89151, 92977
50, 6100, 18, 89030, 89030
50, 6110, 18, 88949, 89938
50, 6120, 18, 88922, 90727
50, 6130, 18, 88922, 89484
50, 6140, 18, 88914, 91396
50, 6150, 18, 88914, 91361
50, 6160, 18, 88914, 91109
50, 6170, 18, 88770, 89575
50, 6180, 18, 88770, 90436
50, 6190, 18, 88651, 89199
50, 6200, 18, 88378, 89033
50, 6210, 18, 88309, 90539
50, 6220, 18, 88197, 88309
50, 6230, 18, 88137, 89080
50, 6240, 18, 87908, 89164
50, 6250, 18, 87908, 88789
50, 6260, 18, 87908, 89138
50, 6270, 18, 87908, 90693
50, 6280, 18, 87808, 87808
50, 6290, 18, 87784, 89707
50, 6300, 18, 87784, 88565
50, 6310, 18, 87627, 89944
50, 6320, 18, 87627, 89774
50, 6330, 18, 87427, 89028
50, 6340, 18, 87427, 89026
50, 6350, 18, 87427, 87427
50, 6360, 18, 87408, 87427
50, 6370, 18, 87312, 88202
50, 6380, 18, 87312, 88885
50, 6390, 18, 87312, 88165
50, 6400, 18, 87281, 90146
50, 6410, 18, 87281, 88063
50, 6420, 18, 87281, 88540
50, 6430, 18, 87281, 88337
50, 6440, 18, 87166, 87229
50, 6450, 18, 87084, 90278
50, 6460, 18, 87074, 87084
50, 6470, 18, 86974, 87074
50, 6480, 18, 86852, 86974
50, 6490, 18, 86765, 88492
50, 6500, 18, 86765, 87764
50, 6510, 18, 86765, 87673
50, 6520, 18, 86581, 86765
50, 6530, 18, 86581, 87958
50, 6540, 18, 86309, 87347
50, 6550, 18, 86309, 86309
50, 6560, 18, 86309, 87802
50, 6570, 18, 86309, 88236
50, 6580, 18, 86309, 87882
50, 6590, 18, 85923, 88869
50, 6600, 18, 85923, 86407
50, 6610, 18, 85807, 88642
50, 6620, 18, 85807, 85807
50, 6630, 18, 85807, 89040
50, 6640, 18, 85807, 87975
50, 6650, 18, 85804, 89464
50, 6660, 18, 85804, 87690
50, 6670, 18, 85749, 88552
50, 6680, 18, 85742, 87047
50, 6690, 18, 85547, 86065
50, 6700, 18, 85547, 86456
50, 6710, 18, 85547, 85547
50, 6720, 18, 85547, 85547
50, 6730, 18, 84949, 85146
50, 6740, 18, 84949, 84949
50, 6750, 18, 84949, 84949
50, 6760, 18, 84949, 87814
50, 6770, 18, 84949, 84949
50, 6780, 18, 84949, 87525
50, 6790, 18, 84949, 87363
50, 6800, 18, 84949, 85722
50, 6810, 18, 84835, 85122
50, 6820, 18, 84835, 84835
50, 6830, 18, 84835, 84835
50, 6840, 18, 84722, 88043
50, 6850, 18, 84706, 86930
50, 6860, 18, 84706, 85978
50, 6870, 18, 84706, 84706
50, 6880, 18, 84706, 85393
50, 6890, 18, 84422, 86524
50, 6900, 18, 84422, 87399
50, 6910, 18, 84422, 85157
50, 6920, 18, 84350, 84350
50, 6930, 18, 84350, 84350
50, 6940, 18, 84295, 86783
50, 6950, 18, 84295, 85798
50, 6960, 18, 84235, 86750
50, 6970, 18, 84235, 86703
50, 6980, 18, 84199, 85202
50, 6990, 18, 84199, 85167
50, 7000, 18, 84058, 85107
50, 7010, 18, 84058, 84935
50, 7020, 18, 84058, 84058
50, 7030, 18, 84058, 86331
50, 7040, 18, 83999, 84602
50, 7050, 18, 83999, 83999
50, 7060, 18, 83999, 86585
50, 7070, 18, 83999, 85933
50, 7080, 18, 83999, 83999
50, 7090, 18, 83999, 83999
50, 7100, 18, 83999, 83999
50, 7110, 18, 83999, 83999
50, 7120, 18, 83981, 84357
50, 7130, 18, 83981, 84122
50, 7140, 18, 83981, 84867
50, 7150, 18, 83981, 84925
50, 7160, 18, 83981, 85973
50, 7170, 18, 83981, 83981
50, 7180, 18, 83981, 84607
50, 7190, 18, 83981, 85997
50, 7200, 18, 83981, 83981
50, 7210, 18, 83981, 85496
50, 7220, 18, 83966, 83966
50, 7230, 18, 82948, 84819
50, 7240, 18, 82948, 83925
50, 7250, 18, 82948, 84759
50, 7260, 18, 82948, 82948
50, 7270, 18, 82948, 83170
50, 7280, 18, 82948, 82948
50, 7290, 18, 82935, 83227
50, 7300, 18, 82931, 82935
50, 7310, 18, 82931, 83243
50, 7320, 18, 82931, 83300
50, 7330, 18, 82931, 84320
50, 7340, 18, 82931, 84739
50, 7350, 18, 82931, 84026
50, 7360, 18, 82931, 82931
50, 7370, 18, 82931, 82931
50, 7380, 18, 82931, 82931
50, 7390, 18, 82931, 82931
50, 7400, 18, 82931, 85847
50, 7410, 18, 82915, 83911
50, 7420, 18, 82915, 82915
50, 7430, 18, 82745, 84106
50, 7440, 18, 82662, 83634
50, 7450, 18, 82528, 82662
50, 7460, 18, 82528, 82528
50, 7470, 18, 82161, 82528
50, 7480, 18, 82161, 83538
50, 7490, 18, 82049, 82161
50, 7500, 18, 81987, 82049
50, 7510, 18, 81917, 82802
50, 7520, 18, 81835, 81917
50, 7530, 18, 81587, 83592
50, 7540, 18, 81495, 82246
50, 7550, 18, 81312, 83953
50, 7560, 18, 81171, 83838
50, 7570, 18, 81029, 81454
50, 7580, 18, 81029, 83393
50, 7590, 18, 81029, 81029
50, 7600, 18, 81024, 81029
50, 7610, 18, 80607, 83175
50, 7620, 18, 80484, 80657
50, 7630, 18, 80484, 82759
50, 7640, 18, 80484, 80484
50, 7650, 18, 80443, 81894
50, 7660, 18, 79974, 80443
50, 7670, 18, 79891, 81775
50, 7680, 18, 79891, 80425
50, 7690, 18, 79891, 81389
50, 7700, 18, 79799, 79891
50, 7710, 18, 79799, 79799
50, 7720, 18, 79751, 79751
50, 7730, 18, 79751, 82339
50, 7740, 18, 79751, 79751
50, 7750, 18, 79751, 81456
50, 7760, 18, 79733, 79751
50, 7770, 18, 79708, 83421
50, 7780, 18, 79708, 79708
50, 7790, 18, 79708, 81791
50, 7800, 18, 79529, 79529
50, 7810, 18, 79529, 81143
50, 7820, 18, 79497, 80886
50, 7830, 18, 79497, 81535
50, 7840, 18, 79497, 80063
50, 7850, 18, 79497, 81313
50, 7860, 18, 79497, 79497
50, 7870, 18, 79393, 79517
50, 7880, 18, 79383, 79393
50, 7890, 18, 79383, 79383
50, 7900, 18, 79307, 79307
50, 7910, 18, 79248, 79307
50, 7920, 18, 79248, 79248
50, 7930, 18, 79248, 79248
50, 7940, 18, 79248, 79248
50, 7950, 18, 79248, 79873
50, 7960, 18, 79248, 79248
50, 7970, 18, 79161, 80100
50, 7980, 18, 79161, 79245
50, 7990, 18, 79024, 80330
50, 8000, 18, 79024, 79024
50, 8010, 18, 78931, 82069
50, 8020, 18, 78931, 78931
50, 8030, 18, 78931, 80716
50, 8040, 18, 78931, 78931
50, 8050, 18, 78885, 78885
50, 8060, 18, 78885, 78885
50, 8070, 18, 78845, 79939
50, 8080, 18, 78845, 79597
50, 8090, 18, 78845, 80820
50, 8100, 18, 78845, 78879
50, 8110, 18, 78567, 78738
50, 8120, 18, 78533, 80306
50, 8130, 18, 78409, 78874
50, 8140, 18, 78409, 79456
50, 8150, 18, 78393, 80739
50, 8160, 18, 78393, 79736
50, 8170, 18, 78393, 78597
50, 8180, 18, 78393, 80490
50, 8190, 18, 78393, 79655
50, 8200, 18, 78321, 80595
50, 8210, 18, 78321, 78782
50, 8220, 18, 78321, 78321
50, 8230, 18, 78140, 79193
50, 8240, 18, 78133, 79276
50, 8250, 18, 78133, 78845
50, 8260, 18, 78133, 79038
50, 8270, 18, 78133, 79653
50, 8280, 18, 78133, 78133
50, 8290, 18, 77993, 78133
50, 8300, 18, 77993, 79193
50, 8310, 18, 77993, 77993
50, 8320, 18, 77949, 78891
50, 8330, 18, 77949, 77949
50, 8340, 18, 77936, 77949
50, 8350, 18, 77936, 77936
50, 8360, 18, 77936, 80463
50, 8370, 18, 77903, 77936
50, 8380, 18, 77879, 79464
50, 8390, 18, 77879, 77879
50, 8400, 18, 77879, 77879
50, 8410, 18, 77756, 77879
50, 8420, 18, 77756, 78913
50, 8430, 18, 77714, 79362
50, 8440, 18, 77714, 77714
50, 8450, 18, 77714, 77714
50, 8460, 18, 77714, 77714
50, 8470, 18, 77714, 77714
50, 8480, 18, 77714, 79540
50, 8490, 18, 77714, 79243
50, 8500, 18, 77714, 77714
50, 8510, 18, 77714, 78147
50, 8520, 18, 77714, 77714
50, 8530, 18, 77714, 78059
50, 8540, 18, 77204, 77591
50, 8550, 18, 77181, 78239
50, 8560, 18, 76749, 78029
50, 8570, 18, 76749, 76749
50, 8580, 18, 76743, 78312
50, 8590, 18, 76743, 76743
50, 8600, 18, 76674, 77269
50, 8610, 18, 76674, 78478
50, 8620, 18, 76674, 77747
50, 8630, 18, 76674, 77891
50, 8640, 18, 76674, 76674
50, 8650, 18, 76674, 76674
50, 8660, 18, 76674, 76674
50, 8670, 18, 76674, 78890
50, 8680, 18, 76674, 76797
50, 8690, 18, 76674, 77510
50, 8700, 18, 76674, 76674
50, 8710, 18, 76674, 77755
50, 8720, 18, 76674, 78225
50, 8730, 18, 76674, 76692
50, 8740, 18, 76674, 76674
50, 8750, 18, 76674, 76674
50, 8760, 18, 76591, 76674
50, 8770, 18, 76565, 76591
50, 8780, 18, 76241, 76998
50, 8790, 18, 76241, 76241
50, 8800, 18, 76241, 76241
50, 8810, 18, 76241, 76241
50, 8820, 18, 76241, 76241
50, 8830, 18, 76241, 76865
50, 8840, 18, 76241, 76241
50, 8850, 18, 76185, 76716
50, 8860, 18, 76092, 77772
50, 8870, 18, 76092, 76805
50, 8880, 18, 76092, 77379
50, 8890, 18, 76092, 77287
50, 8900, 18, 76000, 77452
50, 8910, 18, 76000, 76000
50, 8920, 18, 75963, 76000
50, 8930, 18, 75963, 76363
50, 8940, 18, 75963, 76280
50, 8950, 18, 75963, 75963
50, 8960, 18, 75777, 75963
50, 8970, 18, 75777, 78642
50, 8980, 18, 75771, 75777
50, 8990, 18, 75771, 75771
50, 9000, 18, 75771, 77073
50, 9010, 18, 75771, 75771
50, 9020, 18, 75771, 76144
50, 9030, 18, 75771, 77237
50, 9040, 18, 75771, 75771
50, 9050, 18, 75771, 75771
50, 9060, 18, 75735, 75771
50, 9070, 18, 75711, 78461
50, 9080, 18, 75711, 75711
50, 9090, 18, 75711, 75711
50, 9100, 18, 75628, 75628
50, 9110, 18, 75449, 78038
50, 9120, 18, 75449, 75449
50, 9130, 18, 75449, 75449
50, 9140, 18, 75421, 75434
50, 9150, 18, 75421, 75421
50, 9160, 18, 75421, 77232
50, 9170, 18, 75421, 75421
50, 9180, 18, 75338, 75338
50, 9190, 18, 75338, 75338
50, 9200, 18, 75338, 75338
50, 9210, 18, 75338, 75338
50, 9220, 18, 75338, 77976
50, 9230, 18, 75338, 75338
50, 9240, 18, 75179, 76174
50, 9250, 18, 75158, 75179
50, 9260, 18, 75158, 75158
50, 9270, 18, 75158, 75158
50, 9280, 18, 75158, 76056
50, 9290, 18, 75158, 75158
50, 9300, 18, 75158, 75158
50, 9310, 18, 75158, 75691
50, 9320, 18, 75158, 75158
50, 9330, 18, 75108, 75509
50, 9340, 18, 75108, 77157
50, 9350, 18, 74934, 76783
50, 9360, 18, 74797, 74934
50, 9370, 18, 74797, 75421
50, 9380, 18, 74797, 77301
50, 9390, 18, 74797, 74797
50, 9400, 18, 74797, 75233
50, 9410, 18, 74797, 75445
50, 9420, 18, 74797, 75421
50, 9430, 18, 74649, 74797
50, 9440, 18, 74649, 74649
50, 9450, 18, 74649, 75937
50, 9460, 18, 74649, 74649
50, 9470, 18, 74649, 76672
50, 9480, 18, 74649, 74649
50, 9490, 18, 74578, 75220
50, 9500, 18, 74578, 74578
50, 9510, 18, 74513, 74578
50, 9520, 18, 74513, 74513
50, 9530, 18, 74513, 74513
50, 9540, 18, 74513, 74513
50, 9550, 18, 74486, 74504
50, 9560, 18, 74486, 74486
50, 9570, 18, 74486, 74486
50, 9580, 18, 74486, 74795
50, 9590, 18, 74461, 74486
50, 9600, 18, 73896, 74664
50, 9610, 18, 73896, 73896
50, 9620, 18, 73896, 73896
50, 9630, 18, 73896, 74554
50, 9640, 18, 73874, 73896
50, 9650, 18, 73874, 75256
50, 9660, 18, 73874, 73874
50, 9670, 18, 73874, 73874
50, 9680, 18, 73874, 73874
50, 9690, 18, 73874, 74872
50, 9700, 18, 73708, 73733
50, 9710, 18, 73708, 73708
50, 9720, 18, 73708, 73708
50, 9730, 18, 73708, 75077
50, 9740, 18, 73708, 73708
50, 9750, 18, 73708, 75088
50, 9760, 18, 73708, 73708
50, 9770, 18, 73669, 73708
50, 9780, 18, 73669, 73669
50, 9790, 18, 73669, 73669
50, 9800, 18, 73669, 73669
50, 9810, 18, 73669, 73669
50, 9820, 18, 73553, 73553
50, 9830, 18, 73553, 74803
50, 9840, 18, 73553, 73553
50, 9850, 18, 73291, 75238
50, 9860, 18, 73291, 74391
50, 9870, 18, 73291, 73291
50, 9880, 18, 73291, 73291
50, 9890, 18, 73291, 73291
50, 9900, 18, 73291, 73432
50, 9910, 18, 73291, 73291
50, 9920, 18, 73291, 73291
50, 9930, 18, 73291, 73607
50, 9940, 18, 73291, 73291
50, 9950, 18, 73291, 73291
50, 9960, 18, 73291, 73291
50, 9970, 18, 73291, 75049
50, 9980, 18, 73282, 73282
50, 9990, 18, 73282, 73282
50, 10000, 18, 73282, 73282
50, 10010, 18, 73282, 73282
50, 10020, 18, 73282, 73282
50, 10030, 18, 73107, 74224
50, 10040, 18, 73107, 74307
50, 10050, 18, 73107, 74135
50, 10060, 18, 73107, 73107
50, 10070, 18, 72923, 73107
50, 10080, 18, 72923, 73976
50, 10090, 18, 72923, 73607
50, 10100, 18, 72923, 74709
50, 10110, 18, 72923, 72923
50, 10120, 18, 72923, 72923
50, 10130, 18, 72923, 72923
50, 10140, 18, 72923, 73278
50, 10150, 18, 72923, 72999
50, 10160, 18, 72923, 72923
50, 10170, 18, 72923, 73123
50, 10180, 18, 72923, 73603
50, 10190, 18, 72923, 74500
50, 10200, 18, 72923, 74963
50, 10210, 18, 72896, 72923
50, 10220, 18, 72896, 72896
50, 10230, 18, 72896, 74134
50, 10240, 18, 72896, 72896
50, 10250, 18, 72696, 72896
50, 10260, 18, 72656, 73114
50, 10270, 18, 72656, 72839
50, 10280, 18, 72597, 72656
50, 10290, 18, 72597, 72597
50, 10300, 18, 72597, 72997
50, 10310, 18, 72597, 72597
50, 10320, 18, 72597, 72597
50, 10330, 18, 72513, 72513
50, 10340, 18, 72390, 72513
50, 10350, 18, 72390, 72390
50, 10360, 18, 72390, 72390
50, 10370, 18, 72319, 72390
50, 10380, 18, 72319, 72319
50, 10390, 18, 72319, 72319
50, 10400, 18, 72319, 72319
50, 10410, 18, 72319, 72319
50, 10420, 18, 72319, 72319
50, 10430, 18, 72319, 72319
50, 10440, 18, 72319, 72319
50, 10450, 18, 72319, 72319
50, 10460, 18, 72319, 72319
50, 10470, 18, 72319, 72319
50, 10480, 18, 72319, 73575
50, 10490, 18, 72155, 73495
50, 10500, 18, 71973, 72798
50, 10510, 18, 71973, 72221
50, 10520, 18, 71973, 71973
50, 10530, 18, 71973, 71973
50, 10540, 18, 71973, 73022
50, 10550, 18, 71973, 71973
50, 10560, 18, 71973, 71973
50, 10570, 18, 71973, 71973
50, 10580, 18, 71973, 71973
50, 10590, 18, 71973, 73038
50, 10600, 18, 71973, 72899
50, 10610, 18, 71668, 71973
50, 10620, 18, 71668, 71668
50, 10630, 18, 71668, 71668
50, 10640, 18, 71639, 71668
50, 10650, 18, 71639, 72945
50, 10660, 18, 71639, 71639
50, 10670, 18, 71639, 71639
50, 10680, 18, 71591, 71639
50, 10690, 18, 71591, 71591
50, 10700, 18, 71591, 71591
50, 10710, 18, 71591, 71591
50, 10720, 18, 71591, 71591
50, 10730, 18, 71591, 71591
50, 10740, 18, 71591, 71591
50, 10750, 18, 71591, 71591
50, 10760, 18, 71591, 71591
50, 10770, 18, 71591, 71591
50, 10780, 18, 71591, 71591
50, 10790, 18, 71591, 71591
50, 10800, 18, 71591, 71591
50, 10810, 18, 71533, 71533
50, 10820, 18, 71533, 71533
50, 10830, 18, 71533, 71533
50, 10840, 18, 71511, 71511
50, 10850, 18, 71335, 71335
50, 10860, 18, 71335, 71335
50, 10870, 18, 71330, 71330
50, 10880, 18, 71330, 71330
50, 10890, 18, 71330, 71330
50, 10900, 18, 71330, 72478
50, 10910, 18, 71278, 71330
50, 10920, 18, 71278, 71278
50, 10930, 18, 71278, 71278
50, 10940, 18, 71278, 71278
50, 10950, 18, 70987, 70987
50, 10960, 18, 70987, 73162
50, 10970, 18, 70987, 70987
50, 10980, 18, 70987, 70987
50, 10990, 18, 70987, 70987
50, 11000, 18, 70904, 70987
50, 11010, 18, 70904, 71474
50, 11020, 18, 70769, 71793
50, 11030, 18, 70769, 70769
50, 11040, 18, 70769, 70769
50, 11050, 18, 70769, 70769
50, 11060, 18, 70769, 70769
50, 11070, 18, 70769, 70769
50, 11080, 18, 70769, 70769
50, 11090, 18, 70769, 70769
50, 11100, 18, 70769, 70769
50, 11110, 18, 70769, 70769
50, 11120, 18, 70769, 70769
50, 11130, 18, 70769, 70769
50, 11140, 18, 70769, 70769
50, 11150, 18, 70769, 70769
50, 11160, 18, 70769, 70769
50, 11170, 18, 70769, 71557
50, 11180, 18, 70769, 72994
50, 11190, 18, 70769, 71005
50, 11200, 18, 70741, 71211
50, 11210, 18, 70741, 70741
50, 11220, 18, 70741, 70741
50, 11230, 18, 70741, 70741
50, 11240, 18, 70741, 71171
50, 11250, 18, 70741, 70741
50, 11260, 18, 70741, 70741
50, 11270, 18, 70741, 70741
50, 11280, 18, 70741, 70741
50, 11290, 18, 70741, 70741
50, 11300, 18, 70741, 71248
50, 11310, 18, 70477, 70741
50, 11320, 18, 70045, 70773
50, 11330, 18, 70045, 71931
50, 11340, 18, 70045, 70045
50, 11350, 18, 70045, 70045
50, 11360, 18, 70045, 71352
50, 11370, 18, 70045, 70045
50, 11380, 18, 70045, 70045
50, 11390, 18, 70045, 70045
50, 11400, 18, 70045, 71505
50, 11410, 18, 70045, 70045
50, 11420, 18, 70027, 70045
50, 11430, 18, 70027, 70757
50, 11440, 18, 70027, 70027
50, 11450, 18, 70027, 70027
50, 11460, 18, 70027, 71260
50, 11470, 18, 70027, 70027
50, 11480, 18, 70027, 70027
50, 11490, 18, 70027, 71831
50, 11500, 18, 70027, 70027
50, 11510, 18, 70027, 70027
50, 11520, 18, 70027, 70027
50, 11530, 18, 70027, 70027
50, 11540, 18, 69930, 69930
50, 11550, 18, 69930, 71784
50, 11560, 18, 69930, 69930
50, 11570, 18, 69930, 69930
50, 11580, 18, 69930, 69930
50, 11590, 18, 69930, 69930
50, 11600, 18, 69806, 69930
50, 11610, 18, 69806, 69806
50, 11620, 18, 69806, 71158
50, 11630, 18, 69806, 69806
50, 11640, 18, 69806, 69806
50, 11650, 18, 69806, 69806
50, 11660, 18, 69806, 69806
50, 11670, 18, 69806, 69806
50, 11680, 18, 69806, 69806
50, 11690, 18, 69692, 69806
50, 11700, 18, 69692, 69692
50, 11710, 18, 69692, 69692
50, 11720, 18, 69692, 70192
50, 11730, 18, 69692, 69692
50, 11740, 18, 69572, 69572
50, 11750, 18, 69572, 69572
50, 11760, 18, 69572, 69572
50, 11770, 18, 69572, 69572
50, 11780, 18, 69572, 69753
50, 11790, 18, 69572, 69572
50, 11800, 18, 69572, 69572
50, 11810, 18, 69572, 69572
50, 11820, 18, 69572, 69572
50, 11830, 18, 69572, 69572
50, 11840, 18, 69572, 69572
50, 11850, 18, 69572, 69572
50, 11860, 18, 69572, 69572
50, 11870, 18, 69572, 69572
50, 11880, 18, 69572, 69572
50, 11890, 18, 69572, 69572
50, 11900, 18, 69572, 69572
50, 11910, 18, 69572, 69572
50, 11920, 18, 69572, 69572
50, 11930, 18, 69572, 69572
50, 11940, 18, 69456, 69572
50, 11950, 18, 69293, 69456
50, 11960, 18, 69293, 69293
50, 11970, 18, 69293, 69293
50, 11980, 18, 69293, 69293
50, 11990, 18, 69293, 69293
50, 12000, 18, 69293, 69293
50, 12010, 18, 69293, 69293
50, 12020, 18, 69293, 69293
50, 12030, 18, 69293, 69293
50, 12040, 18, 69293, 69293
50, 12050, 18, 69293, 69293
50, 12060, 18, 69293, 71348
50, 12070, 18, 69293, 69293
50, 12080, 18, 69293, 69293
50, 12090, 18, 69293, 69293
50, 12100, 18, 69287, 69287
50, 12110, 18, 69287, 69287
50, 12120, 18, 69287, 69287
50, 12130, 18, 69287, 69287
50, 12140, 18, 69287, 69287
50, 12150, 18, 69287, 69287
50, 12160, 18, 69287, 69287
50, 12170, 18, 69287, 69287
50, 12180, 18, 69287, 69287
50, 12190, 18, 69287, 69287
50, 12200, 18, 69287, 69287
50, 12210, 18, 69287, 69428
50, 12220, 18, 69287, 69287
50, 12230, 18, 69287, 69287
50, 12240, 18, 69287, 69287
50, 12250, 18, 69287, 69287
50, 12260, 18, 69287, 69287
50, 12270, 18, 69287, 69287
50, 12280, 18, 69287, 70593
50, 12290, 18, 69287, 69287
50, 12300, 18, 69287, 69287
50, 12310, 18, 69287, 69287
50, 12320, 18, 69287, 70055
50, 12330, 18, 69287, 69287
50, 12340, 18, 69146, 69146
50, 12350, 18, 69146, 69146
50, 12360, 18, 69146, 69186
50, 12370, 18, 69146, 69146
50, 12380, 18, 69146, 69146
50, 12390, 18, 69146, 69146
50, 12400, 18, 69146, 69146
50, 12410, 18, 69146, 69146
50, 12420, 18, 69146, 69146
50, 12430, 18, 69146, 69146
50, 12440, 18, 69047, 69146
50, 12450, 18, 69047, 69047
50, 12460, 18, 69047, 69047
50, 12470, 18, 69047, 69047
50, 12480, 18, 69047, 69047
50, 12490, 18, 69047, 69047
50, 12500, 18, 69047, 69047
50, 12510, 18, 69047, 69047
50, 12520, 18, 69047, 69047
50, 12530, 18, 69047, 69047
50, 12540, 18, 69047, 69047
50, 12550, 18, 69047, 69047
50, 12560, 18, 69047, 69047
50, 12570, 18, 69047, 69047
50, 12580, 18, 69030, 69030
50, 12590, 18, 69030, 69030
50, 12600, 18, 69030, 69030
50, 12610, 18, 69030, 69030
50, 12620, 18, 69030, 69252
50, 12630, 18, 68906, 68906
50, 12640, 18, 68906, 68906
50, 12650, 18, 68906, 68906
50, 12660, 18, 68906, 68906
50, 12670, 18, 68906, 68906
50, 12680, 18, 68906, 68906
50, 12690, 18, 68906, 68906
50, 12700, 18, 68906, 68906
50, 12710, 18, 68906, 68906
50, 12720, 18, 68906, 68906
50, 12730, 18, 68906, 68906
50, 12740, 18, 68906, 68906
50, 12750, 18, 68906, 68906
50, 12760, 18, 68906, 68906
50, 12770, 18, 68751, 68906
50, 12780, 18, 68751, 68751
50, 12790, 18, 68751, 68751
50, 12800, 18, 68751, 68751
50, 12810, 18, 68751, 68751
50, 12820, 18, 68751, 69398
50, 12830, 18, 68751, 68751
50, 12840, 18, 68551, 68551
50, 12850, 18, 68411, 68551
50, 12860, 18, 68411, 68411
50, 12870, 18, 68279, 68279
50, 12880, 18, 68279, 68279
50, 12890, 18, 68279, 68279
50, 12900, 18, 68279, 68279
50, 12910, 18, 68279, 68279
50, 12920, 18, 68279, 68279
50, 12930, 18, 68279, 68279
50, 12940, 18, 68279, 68279
50, 12950, 18, 68279, 68279
50, 12960, 18, 68279, 68279
50, 12970, 18, 68279, 68279
50, 12980, 18, 68279, 68279
50, 12990, 18, 68279, 68279
50, 13000, 18, 68257, 68257
50, 13010, 18, 68257, 68257
50, 13020, 18, 68257, 68257
50, 13030, 18, 68257, 68257
50, 13040, 18, 68205, 68257
50, 13050, 18, 68136, 68205
50, 13060, 18, 68136, 68136
50, 13070, 18, 68136, 68136
50, 13080, 18, 68136, 68136
50, 13090, 18, 68136, 68136
50, 13100, 18, 68036, 68136
50, 13110, 18, 68036, 68036
50, 13120, 18, 68036, 68036
50, 13130, 18, 68036, 68036
50, 13140, 18, 68033, 68033
50, 13150, 18, 68033, 69450
50, 13160, 18, 68033, 68033
50, 13170, 18, 68033, 68033
50, 13180, 18, 68033, 68033
50, 13190, 18, 68033, 68033
50, 13200, 18, 68033, 68033
50, 13210, 18, 68033, 68033
50, 13220, 18, 68033, 68033
50, 13230, 18, 67994, 68033
50, 13240, 18, 67994, 67994
50, 13250, 18, 67994, 67994
50, 13260, 18, 67994, 67994
50, 13270, 18, 67994, 67994
50, 13280, 18, 67994, 67994
50, 13290, 18, 67994, 67994
50, 13300, 18, 67994, 67994
50, 13310, 18, 67994, 67994
50, 13320, 18, 67994, 67994
50, 13330, 18, 67938, 67938
50, 13340, 18, 67898, 67898
50, 13350, 18, 67815, 67898
50, 13360, 18, 67815, 67815
50, 13370, 18, 67815, 67815
50, 13380, 18, 67815, 67815
50, 13390, 18, 67815, 67815
50, 13400, 18, 67815, 67815
50, 13410, 18, 67815, 67815
50, 13420, 18, 67755, 67815
50, 13430, 18, 67755, 67755
50, 13440, 18, 67755, 67755
50, 13450, 18, 67755, 68178
50, 13460, 18, 67755, 67755
50, 13470, 18, 67755, 68195
50, 13480, 18, 67755, 67755
50, 13490, 18, 67755, 68885
50, 13500, 18, 67755, 67755
50, 13510, 18, 67755, 69405
50, 13520, 18, 67755, 67755
50, 13530, 18, 67729, 67729
50, 13540, 18, 67729, 67729
50, 13550, 18, 67729, 67729
50, 13560, 18, 67729, 67729
50, 13570, 18, 67729, 67729
50, 13580, 18, 67729, 67729
50, 13590, 18, 67729, 67729
50, 13600, 18, 67729, 67729
50, 13610, 18, 67729, 67729
50, 13620, 18, 67729, 67729
50, 13630, 18, 67729, 67729
50, 13640, 18, 67729, 67729
50, 13650, 18, 67573, 67573
50, 13660, 18, 67573, 67573
50, 13670, 18, 67573, 67573
50, 13680, 18, 67449, 67449
50, 13690, 18, 67449, 67449
50, 13700, 18, 67449, 67449
50, 13710, 18, 67449, 67449
50, 13720, 18, 67408, 67408
50, 13730, 18, 67408, 67408
50, 13740, 18, 67408, 67408
50, 13750, 18, 67408, 67408
50, 13760, 18, 67408, 67408
50, 13770, 18, 67408, 67408
50, 13780, 18, 67408, 67408
50, 13790, 18, 67309, 67309
50, 13800, 18, 67309, 67309
50, 13810, 18, 67309, 67309
50, 13820, 18, 67309, 67309
50, 13830, 18, 67309, 67309
50, 13840, 18, 67309, 67309
50, 13850, 18, 67309, 67309
50, 13860, 18, 67309, 67309
50, 13870, 18, 67309, 67309
50, 13880, 18, 67172, 67172
50, 13890, 18, 67169, 67169
50, 13900, 18, 67058, 67169
50, 13910, 18, 67058, 67058
50, 13920, 18, 67058, 67058
50, 13930, 18, 67058, 67058
50, 13940, 18, 67058, 67058
50, 13950, 18, 67058, 67058
50, 13960, 18, 67058, 67058
50, 13970, 18, 67058, 67058
50, 13980, 18, 66983, 66983
50, 13990, 18, 66983, 66983
50, 14000, 18, 66983, 66983
50, 14010, 18, 66983, 66983
50, 14020, 18, 66903, 66983
50, 14030, 18, 66903, 66903
50, 14040, 18, 66903, 66903
50, 14050, 18, 66903, 66903
50, 14060, 18, 66903, 66903
50, 14070, 18, 66903, 66903
50, 14080, 18, 66903, 66903
50, 14090, 18, 66903, 66903
50, 14100, 18, 66903, 66903
50, 14110, 18, 66903, 66903
50, 14120, 18, 66903, 66903
50, 14130, 18, 66903, 66903
50, 14140, 18, 66903, 66903
50, 14150, 18, 66903, 66903
50, 14160, 18, 66903, 66903
50, 14170, 18, 66903, 66903
50, 14180, 18, 66903, 66903
50, 14190, 18, 66903, 66903
50, 14200, 18, 66903, 66903
50, 14210, 18, 66903, 66903
50, 14220, 18, 66903, 66903
50, 14230, 18, 66903, 66903
50, 14240, 18, 66831, 66831
50, 14250, 18, 66831, 66831
50, 14260, 18, 66831, 66831
50, 14270, 18, 66831, 66831
50, 14280, 18, 66831, 66831
50, 14290, 18, 66831, 66831
50, 14300, 18, 66831, 66831
50, 14310, 18, 66831, 66831
50, 14320, 18, 66831, 66831
50, 14330, 18, 66760, 66760
50, 14340, 18, 66760, 66760
50, 14350, 18, 66760, 66760
50, 14360, 18, 66760, 66760
50, 14370, 18, 66760, 66760
50, 14380, 18, 66760, 66760
50, 14390, 18, 66760, 66760
50, 14400, 18, 66760, 66760
50, 14410, 18, 66760, 66760
50, 14420, 18, 66760, 66760
50, 14430, 18, 66760, 66760
50, 14440, 18, 66760, 66760
50, 14450, 18, 66760, 67894
50, 14460, 18, 66760, 66760
50, 14470, 18, 66760, 66760
50, 14480, 18, 66760, 66760
50, 14490, 18, 66760, 66760
50, 14500, 18, 66760, 66760
50, 14510, 18, 66760, 66760
50, 14520, 18, 66760, 66760
50, 14530, 18, 66760, 66760
50, 14540, 18, 66760, 66760
50, 14550, 18, 66760, 66760
50, 14560, 18, 66760, 66760
50, 14570, 18, 66760, 66760
50, 14580, 18, 66737, 66760
50, 14590, 18, 66737, 66737
50, 14600, 18, 66737, 66737
50, 14610, 18, 66737, 66737
50, 14620, 18, 66737, 66737
50, 14630, 18, 66737, 66737
50, 14640, 18, 66696, 66696
50, 14650, 18, 66696, 66696
50, 14660, 18, 66696, 66696
50, 14670, 18, 66696, 66696
50, 14680, 18, 66696, 66696
50, 14690, 18, 66696, 66696
50, 14700, 18, 66696, 66696
50, 14710, 18, 66696, 66696
50, 14720, 18, 66696, 66696
50, 14730, 18, 66696, 66696
50, 14740, 18, 66696, 66696
50, 14750, 18, 66696, 66696
50, 14760, 18, 66696, 66696
50, 14770, 18, 66603, 66696
50, 14780, 18, 66603, 66603
50, 14790, 18, 66603, 66603
50, 14800, 18, 66603, 66603
50, 14810, 18, 66603, 66603
50, 14820, 18, 66603, 66603
50, 14830, 18, 66603, 66603
50, 14840, 18, 66603, 66603
50, 14850, 18, 66562, 66603
50, 14860, 18, 66562, 66562
50, 14870, 18, 66562, 66562
50, 14880, 18, 66562, 66562
50, 14890, 18, 66562, 66562
50, 14900, 18, 66562, 66562
50, 14910, 18, 66486, 66562
50, 14920, 18, 66486, 66486
50, 14930, 18, 66486, 66486
50, 14940, 18, 66486, 66486
50, 14950, 18, 66486, 66486
50, 14960, 18, 66486, 66486
50, 14970, 18, 66362, 66486
50, 14980, 18, 66362, 66362
50, 14990, 18, 66362, 66362
50, 15000, 18, 66218, 66218
50, 15010, 18, 66218, 66218
50, 15020, 18, 66218, 66218
50, 15030, 18, 66218, 66218
50, 15040, 18, 66218, 66218
50, 15050, 18, 66218, 66218
50, 15060, 18, 66070, 66218
50, 15070, 18, 65987, 65987
50, 15080, 18, 65987, 65987
50, 15090, 18, 65959, 65959
50, 15100, 18, 65959, 65959
50, 15110, 18, 65959, 65959
50, 15120, 18, 65959, 65959
50, 15130, 18, 65959, 65959
50, 15140, 18, 65959, 65959
50, 15150, 18, 65959, 65959
50, 15160, 18, 65959, 65959
50, 15170, 18, 65959, 65959
50, 15180, 18, 65959, 65959
50, 15190, 18, 65959, 65959
50, 15200, 18, 65954, 65954
50, 15210, 18, 65954, 65954
50, 15220, 18, 65954, 65954
50, 15230, 18, 65954, 65954
50, 15240, 18, 65954, 65954
50, 15250, 18, 65954, 65954
50, 15260, 18, 65954, 65954
50, 15270, 18, 65954, 65954
50, 15280, 18, 65954, 65954
50, 15290, 18, 65890, 65890
50, 15300, 18, 65890, 65890
50, 15310, 18, 65890, 65890
50, 15320, 18, 65820, 65890
50, 15330, 18, 65820, 65820
50, 15340, 18, 65820, 65820
50, 15350, 18, 65820, 65820
50, 15360, 18, 65811, 65820
50, 15370, 18, 65811, 65811
50, 15380, 18, 65811, 65811
50, 15390, 18, 65811, 65811
50, 15400, 18, 65811, 65811
50, 15410, 18, 65567, 65760
50, 15420, 18, 65567, 65567
50, 15430, 18, 65567, 65567
50, 15440, 18, 65567, 65567
50, 15450, 18, 65567, 65567
50, 15460, 18, 65567, 65567
50, 15470, 18, 65567, 65567
50, 15480, 18, 65567, 65567
50, 15490, 18, 65538, 65538
50, 15500, 18, 65538, 65538
50, 15510, 18, 65538, 65538
50, 15520, 18, 65538, 65538
50, 15530, 18, 65538, 65538
50, 15540, 18, 65538, 65538
50, 15550, 18, 65538, 65538
50, 15560, 18, 65538, 65538
50, 15570, 18, 65538, 65538
50, 15580, 18, 65538, 65538
50, 15590, 18, 65538, 65538
50, 15600, 18, 65538, 65538
50, 15610, 18, 65538, 65538
50, 15620, 18, 65538, 65538
50, 15630, 18, 65538, 65538
50, 15640, 18, 65538, 65538
50, 15650, 18, 65538, 65538
50, 15660, 18, 65538, 65538
50, 15670, 18, 65538, 65538
50, 15680, 18, 65538, 65538
50, 15690, 18, 65538, 65538
50, 15700, 18, 65538, 65538
50, 15710, 18, 65538, 65538
50, 15720, 18, 65538, 65538
50, 15730, 18, 65538, 65538
50, 15740, 18, 65538, 65538
50, 15750, 18, 65310, 65538
50, 15760, 18, 65310, 65310
50, 15770, 18, 65310, 65310
50, 15780, 18, 65310, 65310
50, 15790, 18, 65310, 65310
50, 15800, 18, 65310, 65310
50, 15810, 18, 65310, 65310
50, 15820, 18, 65310, 65310
50, 15830, 18, 65310, 65310
50, 15840, 18, 65310, 65310
50, 15850, 18, 65310, 65310
50, 15860, 18, 65167, 65167
50, 15870, 18, 65167, 65167
50, 15880, 18, 65167, 65167
50, 15890, 18, 65167, 65167
50, 15900, 18, 65167, 65167
50, 15910, 18, 65167, 65167
50, 15920, 18, 65167, 65167
50, 15930, 18, 65167, 65167
50, 15940, 18, 65167, 65167
50, 15950, 18, 65167, 65167
50, 15960, 18, 65075, 65167
50, 15970, 18, 65075, 65075
50, 15980, 18, 65025, 65025
50, 15990, 18, 65025, 65025
50, 16000, 18, 65025, 65025
50, 16010, 18, 65025, 65025
50, 16020, 18, 65025, 65025
50, 16030, 18, 65025, 65025
50, 16040, 18, 65025, 65025
50, 16050, 18, 65025, 65025
50, 16060, 18, 65025, 65025
50, 16070, 18, 65025, 65025
50, 16080, 18, 65025, 65025
50, 16090, 18, 65025, 65025
50, 16100, 18, 65025, 65025
50, 16110, 18, 65025, 65025
50, 16120, 18, 64924, 65025
50, 16130, 18, 64924, 64924
50, 16140, 18, 64924, 64924
50, 16150, 18, 64924, 64924
50, 16160, 18, 64924, 64924
50, 16170, 18, 64924, 64924
50, 16180, 18, 64924, 64924
50, 16190, 18, 64924, 64924
50, 16200, 18, 64924, 64924
50, 16210, 18, 64924, 64924
50, 16220, 18, 64924, 64924
50, 16230, 18, 64924, 64924
50, 16240, 18, 64924, 64924
50, 16250, 18, 64924, 64924
50, 16260, 18, 64924, 64924
50, 16270, 18, 64894, 64924
50, 16280, 18, 64894, 64894
50, 16290, 18, 64894, 64894
50, 16300, 18, 64894, 64894
50, 16310, 18, 64894, 64894
50, 16320, 18, 64894, 64894
50, 16330, 18, 64894, 64894
50, 16340, 18, 64894, 64894
50, 16350, 18, 64894, 64894
50, 16360, 18, 64894, 64894
50, 16370, 18, 64894, 64894
50, 16380, 18, 64894, 64894
50, 16390, 18, 64894, 64894
50, 16400, 18, 64894, 64894
50, 16410, 18, 64894, 64894
50, 16420, 18, 64894, 64894
50, 16430, 18, 64894, 64894
50, 16440, 18, 64894, 64894
50, 16450, 18, 64894, 64894
50, 16460, 18, 64894, 64894
50, 16470, 18, 64894, 64894
50, 16480, 18, 64894, 64894
50, 16490, 18, 64850, 64850
50, 16500, 18, 64795, 64795
50, 16510, 18, 64795, 64795
50, 16520, 18, 64795, 64795
50, 16530, 18, 64795, 64795
50, 16540, 18, 64795, 64795
50, 16550, 18, 64578, 64578
50, 16560, 18, 64578, 64578
50, 16570, 18, 64578, 64578
50, 16580, 18, 64578, 64578
50, 16590, 18, 64578, 64578
50, 16600, 18, 64572, 64572
50, 16610, 18, 64572, 64572
50, 16620, 18, 64572, 64572
50, 16630, 18, 64572, 64572
50, 16640, 18, 64572, 64572
50, 16650, 18, 64454, 64572
50, 16660, 18, 64454, 64454
50, 16670, 18, 64454, 64454
50, 16680, 18, 64454, 64454
50, 16690, 18, 64454, 64454
50, 16700, 18, 64454, 64454
50, 16710, 18, 64454, 64454
50, 16720, 18, 64454, 64454
50, 16730, 18, 64454, 64454
50, 16740, 18, 64454, 64454
50, 16750, 18, 64454, 64454
50, 16760, 18, 64454, 64454
50, 16770, 18, 64454, 64454
50, 16780, 18, 64407, 64454
50, 16790, 18, 64324, 64324
50, 16800, 18, 64324, 64324
50, 16810, 18, 64324, 64324
50, 16820, 18, 64324, 64324
50, 16830, 18, 64324, 64324
50, 16840, 18, 64324, 64324
50, 16850, 18, 64324, 64324
50, 16860, 18, 64324, 64324
50, 16870, 18, 64324, 64324
50, 16880, 18, 64324, 64324
50, 16890, 18, 64324, 64324
50, 16900, 18, 64324, 64324
50, 16910, 18, 64258, 64324
50, 16920, 18, 64258, 64258
50, 16930, 18, 64258, 64258
50, 16940, 18, 64258, 64258
50, 16950, 18, 64258, 64258
50, 16960, 18, 64258, 64258
50, 16970, 18, 64258, 64258
50, 16980, 18, 64229, 64229
50, 16990, 18, 64229, 64229
50, 17000, 18, 64229, 64229
50, 17010, 18, 64229, 64229
50, 17020, 18, 64229, 64229
50, 17030, 18, 64229, 64229
50, 17040, 18, 64229, 64229
50, 17050, 18, 64229, 64229
50, 17060, 18, 64229, 64229
50, 17070, 18, 64229, 64229
50, 17080, 18, 64229, 64229
50, 17090, 18, 64229, 64229
50, 17100, 18, 64191, 64191
50, 17110, 18, 64191, 64191
50, 17120, 18, 64191, 64191
50, 17130, 18, 64191, 64191
50, 17140, 18, 64191, 64191
50, 17150, 18, 64191, 64191
50, 17160, 18, 64191, 64191
50, 17170, 18, 64191, 64191
50, 17180, 18, 64191, 64191
50, 17190, 18, 64191, 64191
50, 17200, 18, 64181, 64191
50, 17210, 18, 64181, 64181
50, 17220, 18, 64144, 64181
50, 17230, 18, 64144, 64144
50, 17240, 18, 64144, 64144
50, 17250, 18, 64144, 64144
50, 17260, 18, 64144, 64144
50, 17270, 18, 64144, 64144
50, 17280, 18, 64144, 64144
50, 17290, 18, 64144, 64144
50, 17300, 18, 64144, 64144
50, 17310, 18, 64144, 64144
50, 17320, 18, 64144, 64144
50, 17330, 18, 64144, 64144
50, 17340, 18, 64144, 64144
50, 17350, 18, 64144, 64144
50, 17360, 18, 64144, 64144
50, 17370, 18, 64144, 64144
50, 17380, 18, 64144, 64144
50, 17390, 18, 64144, 64144
50, 17400, 18, 64144, 64144
50, 17410, 18, 64144, 64144
50, 17420, 18, 64144, 64144
50, 17430, 18, 64144, 64144
50, 17440, 18, 64144, 64144
50, 17450, 18, 64144, 64144
50, 17460, 18, 64144, 64144
50, 17470, 18, 64144, 64144
50, 17480, 18, 64012, 64012
50, 17490, 18, 63966, 64012
50, 17500, 18, 63966, 63966
50, 17510, 18, 63966, 63966
50, 17520, 18, 63966, 63966
50, 17530, 18, 63966, 63966
50, 17540, 18, 63966, 63966
50, 17550, 18, 63966, 63966
50, 17560, 18, 63966, 63966
50, 17570, 18, 63966, 63966
50, 17580, 18, 63966, 63966
50, 17590, 18, 63966, 63966
50, 17600, 18, 63966, 63966
50, 17610, 18, 63966, 63966
50, 17620, 18, 63966, 63966
50, 17630, 18, 63925, 63966
50, 17640, 18, 63914, 63914
50, 17650, 18, 63914, 63914
50, 17660, 18, 63819, 63819
50, 17670, 18, 63819, 63819
50, 17680, 18, 63819, 63819
50, 17690, 18, 63819, 63819
50, 17700, 18, 63819, 63819
50, 17710, 18, 63696, 63819
50, 17720, 18, 63696, 63696
50, 17730, 18, 63696, 63696
50, 17740, 18, 63637, 63637
50, 17750, 18, 63637, 63637
50, 17760, 18, 63637, 63637
50, 17770, 18, 63637, 63637
50, 17780, 18, 63637, 63637
50, 17790, 18, 63637, 63637
50, 17800, 18, 63637, 63637
50, 17810, 18, 63637, 63637
50, 17820, 18, 63637, 63637
50, 17830, 18, 63637, 63637
50, 17840, 18, 63637, 63637
50, 17850, 18, 63637, 63637
50, 17860, 18, 63637, 63637
50, 17870, 18, 63637, 63637
50, 17880, 18, 63637, 63637
50, 17890, 18, 63637, 63637
50, 17900, 18, 63637, 63637
50, 17910, 18, 63594, 63637
50, 17920, 18, 63594, 63594
50, 17930, 18, 63594, 63594
50, 17940, 18, 63594, 63594
50, 17950, 18, 63594, 63594
50, 17960, 18, 63594, 63594
50, 17970, 18, 63594, 63594
50, 17980, 18, 63594, 63594
50, 17990, 18, 63594, 63594
50, 18000, 18, 63594, 63594
50, 18010, 18, 63594, 63594
50, 18020, 18, 63594, 63594
50, 18030, 18, 63594, 63594
50, 18040, 18, 63594, 63594
50, 18050, 18, 63594, 63594
50, 18060, 18, 63594, 63594
50, 18070, 18, 63594, 63594
50, 18080, 18, 63594, 63594
50, 18090, 18, 63594, 63594
50, 18100, 18, 63594, 63594
50, 18110, 18, 63594, 63594
50, 18120, 18, 63594, 63594
50, 18130, 18, 63594, 63594
50, 18140, 18, 63594, 63594
50, 18150, 18, 63594, 63594
50, 18160, 18, 63594, 63594
50, 18170, 18, 63594, 63594
50, 18180, 18, 63594, 63594
50, 18190, 18, 63594, 63594
50, 18200, 18, 63594, 63594
50, 18210, 18, 63473, 63473
50, 18220, 18, 63473, 63473
50, 18230, 18, 63473, 63473
50, 18240, 18, 63473, 63473
50, 18250, 18, 63473, 63473
50, 18260, 18, 63473, 63473
50, 18270, 18, 63473, 63473
50, 18280, 18, 63473, 63473
50, 18290, 18, 63473, 63473
50, 18300, 18, 63473, 63473
50, 18310, 18, 63473, 63473
50, 18320, 18, 63473, 63473
50, 18330, 18, 63473, 63473
50, 18340, 18, 63473, 63473
50, 18350, 18, 63473, 63473
50, 18360, 18, 63473, 63473
50, 18370, 18, 63443, 63473
50, 18380, 18, 63443, 63443
50, 18390, 18, 63443, 63443
50, 18400, 18, 63443, 63443
50, 18410, 18, 63443, 63443
50, 18420, 18, 63443, 63443
50, 18430, 18, 63443, 63443
50, 18440, 18, 63443, 63443
50, 18450, 18, 63443, 63443
50, 18460, 18, 63443, 63443
50, 18470, 18, 63443, 63443
50, 18480, 18, 63443, 63443
50, 18490, 18, 63443, 63443
50, 18500, 18, 63443, 63443
50, 18510, 18, 63443, 63443
50, 18520, 18, 63443, 63443
50, 18530, 18, 63443, 63443
50, 18540, 18, 63443, 63443
50, 18550, 18, 63443, 63443
50, 18560, 18, 63360, 63360
50, 18570, 18, 63360, 63360
50, 18580, 18, 63360, 63360
50, 18590, 18, 63360, 63360
50, 18600, 18, 63360, 63360
50, 18610, 18, 63360, 63360
50, 18620, 18, 63360, 63360
50, 18630, 18, 63360, 63360
50, 18640, 18, 63360, 63360
50, 18650, 18, 63360, 63360
50, 18660, 18, 63360, 63360
50, 18670, 18, 63360, 63360
50, 18680, 18, 63360, 63360
50, 18690, 18, 63360, 63360
50, 18700, 18, 63360, 63360
50, 18710, 18, 63360, 63360
50, 18720, 18, 63360, 63360
50, 18730, 18, 63360, 63360
50, 18740, 18, 63360, 63360
50, 18750, 18, 63360, 63360
50, 18760, 18, 63360, 63360
50, 18770, 18, 63360, 63360
50, 18780, 18, 63360, 63360
50, 18790, 18, 63360, 63360
50, 18800, 18, 63360, 63360
50, 18810, 18, 63360, 63360
50, 18820, 18, 63360, 63360
50, 18830, 18, 63360, 63360
50, 18840, 18, 63360, 63360
50, 18850, 18, 63360, 63360
50, 18860, 18, 63360, 63360
50, 18870, 18, 63360, 63360
50, 18880, 18, 63360, 63360
50, 18890, 18, 63360, 63360
50, 18900, 18, 63360, 63360
50, 18910, 18, 63360, 63360
50, 18920, 18, 63360, 63360
50, 18930, 18, 63360, 63360
50, 18940, 18, 63360, 63360
50, 18950, 18, 63360, 63360
50, 18960, 18, 63360, 63360
50, 18970, 18, 63360, 63360
50, 18980, 18, 63360, 63360
50, 18990, 18, 63360, 63360
50, 19000, 18, 63360, 63360
50, 19010, 18, 63360, 63360
50, 19020, 18, 63360, 63360
50, 19030, 18, 63360, 63360
50, 19040, 18, 63360, 63360
50, 19050, 18, 63360, 63360
50, 19060, 18, 63360, 63360
50, 19070, 18, 63360, 63360
50, 19080, 18, 63360, 63360
50, 19090, 18, 63360, 63360
50, 19100, 18, 63360, 63360
50, 19110, 18, 63360, 63360
50, 19120, 18, 63360, 63360
50, 19130, 18, 63360, 63360
50, 19140, 18, 63360, 63360
50, 19150, 18, 63360, 63360
50, 19160, 18, 63360, 63360
50, 19170, 18, 63360, 63360
50, 19180, 18, 63360, 63360
50, 19190, 18, 63360, 63360
50, 19200, 18, 63360, 63360
50, 19210, 18, 63360, 63360
50, 19220, 18, 63360, 63360
50, 19230, 18, 63360, 63360
50, 19240, 18, 63360, 63360
50, 19250, 18, 63360, 63360
50, 19260, 18, 63360, 63360
50, 19270, 18, 63360, 63360
50, 19280, 18, 63360, 63360
50, 19290, 18, 63360, 63360
50, 19300, 18, 63277, 63277
50, 19310, 18, 63277, 63277
50, 19320, 18, 63277, 63277
50, 19330, 18, 63277, 63277
50, 19340, 18, 63277, 63277
50, 19350, 18, 63277, 63277
50, 19360, 18, 63277, 63277
50, 19370, 18, 63277, 63277
50, 19380, 18, 63277, 63277
50, 19390, 18, 63277, 63277
50, 19400, 18, 63277, 63277
50, 19410, 18, 63277, 63277
50, 19420, 18, 63277, 63277
50, 19430, 18, 63277, 63277
50, 19440, 18, 63277, 63277
50, 19450, 18, 63277, 63277
50, 19460, 18, 63277, 63277
50, 19470, 18, 63277, 63277
50, 19480, 18, 63277, 63277
50, 19490, 18, 63267, 63267
50, 19500, 18, 63267, 63267
50, 19510, 18, 63267, 63267
50, 19520, 18, 63267, 63267
50, 19530, 18, 63267, 63267
50, 19540, 18, 63267, 63267
50, 19550, 18, 63267, 63267
50, 19560, 18, 63267, 63267
50, 19570, 18, 63267, 63267
50, 19580, 18, 63267, 63267
50, 19590, 18, 63267, 63267
50, 19600, 18, 63081, 63267
50, 19610, 18, 63081, 63081
50, 19620, 18, 63081, 63081
50, 19630, 18, 63081, 63081
50, 19640, 18, 63081, 63081
50, 19650, 18, 63081, 63081
50, 19660, 18, 63081, 63081
50, 19670, 18, 63081, 63081
50, 19680, 18, 63081, 63081
50, 19690, 18, 63081, 63081
50, 19700, 18, 63081, 63081
50, 19710, 18, 63081, 63081
50, 19720, 18, 63081, 63081
50, 19730, 18, 63081, 63081
50, 19740, 18, 63081, 63081
50, 19750, 18, 63081, 63081
50, 19760, 18, 63049, 63081
50, 19770, 18, 63049, 63049
50, 19780, 18, 63049, 63049
50, 19790, 18, 63049, 63049
50, 19800, 18, 63049, 63049
50, 19810, 18, 63049, 63049
50, 19820, 18, 63049, 63049
50, 19830, 18, 63049, 63049
50, 19840, 18, 63049, 63049
50, 19850, 18, 63049, 63049
50, 19860, 18, 63049, 63049
50, 19870, 18, 63049, 63049
50, 19880, 18, 63049, 63049
50, 19890, 18, 63049, 63049
50, 19900, 18, 63049, 63049
50, 19910, 18, 63049, 63049
50, 19920, 18, 63049, 63049
50, 19930, 18, 63049, 63049
50, 19940, 18, 63049, 63049
50, 19950, 18, 63049, 63049
50, 19960, 18, 63049, 63049
50, 19970, 18, 63049, 63049
50, 19980, 18, 63049, 63049
50, 19990, 18, 63049, 63049
