Population Size, Generation Count, Repetition, Best Fitness, Median Fitness
100, 0, 3, 738236, 771693
100, 10, 3, 696229, 712898
100, 20, 3, 667706, 684655
100, 30, 3, 650822, 658228
100, 40, 3, 625871, 634613
100, 50, 3, 610542, 617794
100, 60, 3, 597949, 603272
100, 70, 3, 585355, 590468
100, 80, 3, 575141, 581066
100, 90, 3, 563608, 568143
100, 100, 3, 551973, 556485
100, 110, 3, 536780, 543338
100, 120, 3, 528530, 531681
100, 130, 3, 517168, 521725
100, 140, 3, 504273, 508702
100, 150, 3, 494201, 500729
100, 160, 3, 484792, 488027
100, 170, 3, 479123, 483147
100, 180, 3, 471469, 477492
100, 190, 3, 465542, 468472
100, 200, 3, 453177, 462430
100, 210, 3, 448561, 452468
100, 220, 3, 441717, 447826
100, 230, 3, 435892, 440341
100, 240, 3, 432674, 435782
100, 250, 3, 422136, 430564
100, 260, 3, 417391, 422398
100, 270, 3, 412513, 417588
100, 280, 3, 406928, 411525
100, 290, 3, 399447, 403619
100, 300, 3, 394649, 398893
100, 310, 3, 388985, 394638
100, 320, 3, 383895, 388366
100, 330, 3, 381175, 385075
100, 340, 3, 378281, 381484
100, 350, 3, 375096, 378617
100, 360, 3, 371024, 374417
100, 370, 3, 367382, 370108
100, 380, 3, 364004, 368023
100, 390, 3, 359488, 363185
100, 400, 3, 353670, 360248
100, 410, 3, 350435, 353805
100, 420, 3, 347627, 351429
100, 430, 3, 341330, 347332
100, 440, 3, 339770, 343317
100, 450, 3, 336971, 340248
100, 460, 3, 333241, 337004
100, 470, 3, 329049, 333243
100, 480, 3, 326549, 329816
100, 490, 3, 323905, 327724
100, 500, 3, 321690, 325206
100, 510, 3, 319255, 322768
100, 520, 3, 317215, 320178
100, 530, 3, 313287, 316348
100, 540, 3, 309895, 314362
100, 550, 3, 307044, 311055
100, 560, 3, 304035, 309289
100, 570, 3, 301301, 304224
100, 580, 3, 300522, 303642
100, 590, 3, 298250, 301652
100, 600, 3, 295869, 299181
100, 610, 3, 293160, 296369
100, 620, 3, 291879, 295239
100, 630, 3, 290132, 294316
100, 640, 3, 288835, 291887
100, 650, 3, 285774, 289730
100, 660, 3, 284926, 288314
100, 670, 3, 282371, 286240
100, 680, 3, 281089, 284698
100, 690, 3, 279921, 284361
100, 700, 3, 278338, 281369
100, 710, 3, 274150, 278895
100, 720, 3, 271784, 274618
100, 730, 3, 269463, 273350
100, 740, 3, 267687, 271037
100, 750, 3, 266210, 270340
100, 760, 3, 263874, 268016
100, 770, 3, 262057, 265931
100, 780, 3, 259614, 263896
100, 790, 3, 257052, 261186
100, 800, 3, 255482, 257970
100, 810, 3, 252445, 257017
100, 820, 3, 251313, 254843
100, 830, 3, 250001, 252445
100, 840, 3, 248087, 250402
100, 850, 3, 246975, 250894
100, 860, 3, 245991, 248182
100, 870, 3, 244296, 247747
100, 880, 3, 242646, 245744
100, 890, 3, 241809, 244182
100, 900, 3, 239968, 242640
100, 910, 3, 238210, 241301
100, 920, 3, 237449, 240670
100, 930, 3, 236060, 239679
100, 940, 3, 234013, 236952
100, 950, 3, 232015, 234959
100, 960, 3, 230668, 234621
100, 970, 3, 227887, 231505
100, 980, 3, 226333, 230162
100, 990, 3, 225001, 228789
100, 1000, 3, 223638, 227401
100, 1010, 3, 221774, 226605
100, 1020, 3, 221212, 223696
100, 1030, 3, 218969, 222691
100, 1040, 3, 217597, 220193
100, 1050, 3, 215791, 218758
100, 1060, 3, 213005, 216997
100, 1070, 3, 212455, 214599
100, 1080, 3, 210101, 213567
100, 1090, 3, 208596, 211263
100, 1100, 3, 206924, 210838
100, 1110, 3, 203481, 208820
100, 1120, 3, 202373, 205347
100, 1130, 3, 201248, 204274
100, 1140, 3, 200283, 203852
100, 1150, 3, 199439, 203382
100, 1160, 3, 198354, 202834
100, 1170, 3, 197012, 199731
100, 1180, 3, 195504, 199267
100, 1190, 3, 194168, 197428
100, 1200, 3, 193513, 196428
100, 1210, 3, 193348, 196217
100, 1220, 3, 192638, 195455
100, 1230, 3, 191391, 194430
100, 1240, 3, 190192, 193743
100, 1250, 3, 188787, 192638
100, 1260, 3, 187702, 191328
100, 1270, 3, 186836, 188621
100, 1280, 3, 186719, 190025
100, 1290, 3, 186129, 189468
100, 1300, 3, 184944, 188709
100, 1310, 3, 183908, 186914
100, 1320, 3, 181995, 184623
100, 1330, 3, 181084, 183348
100, 1340, 3, 180316, 182803
100, 1350, 3, 180036, 183475
100, 1360, 3, 178846, 182707
100, 1370, 3, 177756, 179808
100, 1380, 3, 176890, 179973
100, 1390, 3, 176194, 179206
100, 1400, 3, 175178, 178153
100, 1410, 3, 174470, 176886
100, 1420, 3, 174147, 176998
100, 1430, 3, 172938, 175401
100, 1440, 3, 171704, 175100
100, 1450, 3, 171130, 173738
100, 1460, 3, 170612, 173100
100, 1470, 3, 169852, 172820
100, 1480, 3, 168880, 170912
100, 1490, 3, 167935, 170998
100, 1500, 3, 167750, 169908
100, 1510, 3, 166942, 171299
100, 1520, 3, 166313, 170233
100, 1530, 3, 165442, 168942
100, 1540, 3, 165051, 168389
100, 1550, 3, 163707, 166216
100, 1560, 3, 162570, 166522
100, 1570, 3, 162078, 165070
100, 1580, 3, 160322, 163582
100, 1590, 3, 160067, 162029
100, 1600, 3, 158887, 162535
100, 1610, 3, 158396, 158834
100, 1620, 3, 156921, 158559
100, 1630, 3, 156587, 159322
100, 1640, 3, 156268, 159279
100, 1650, 3, 156019, 158659
100, 1660, 3, 155713, 158009
100, 1670, 3, 154926, 158951
100, 1680, 3, 153904, 156301
100, 1690, 3, 153643, 155805
100, 1700, 3, 153087, 155011
100, 1710, 3, 152934, 155879
100, 1720, 3, 151840, 153941
100, 1730, 3, 151840, 155199
100, 1740, 3, 150962, 153562
100, 1750, 3, 150452, 153617
100, 1760, 3, 150193, 154029
100, 1770, 3, 149570, 151968
100, 1780, 3, 149126, 150735
100, 1790, 3, 148719, 150493
100, 1800, 3, 148003, 150716
100, 1810, 3, 147871, 151256
100, 1820, 3, 147331, 149696
100, 1830, 3, 147084, 149253
100, 1840, 3, 146302, 149093
100, 1850, 3, 145821, 148759
100, 1860, 3, 145348, 146714
100, 1870, 3, 144663, 147834
100, 1880, 3, 144035, 145826
100, 1890, 3, 143779, 146515
100, 1900, 3, 143442, 146962
100, 1910, 3, 142666, 145626
100, 1920, 3, 142304, 145008
100, 1930, 3, 141571, 144616
100, 1940, 3, 141085, 144211
100, 1950, 3, 140791, 142377
100, 1960, 3, 140301, 142157
100, 1970, 3, 140077, 142144
100, 1980, 3, 139432, 140926
100, 1990, 3, 139017, 142113
100, 2000, 3, 138408, 142200
100, 2010, 3, 137727, 140041
100, 2020, 3, 137610, 139577
100, 2030, 3, 136895, 139565
100, 2040, 3, 136695, 139015
100, 2050, 3, 136510, 138395
100, 2060, 3, 135665, 138519
100, 2070, 3, 135601, 137710
100, 2080, 3, 135266, 137292
100, 2090, 3, 135092, 137120
100, 2100, 3, 134868, 136387
100, 2110, 3, 134077, 136079
100, 2120, 3, 133779, 135842
100, 2130, 3, 133447, 136390
100, 2140, 3, 133227, 136267
100, 2150, 3, 132608, 135818
100, 2160, 3, 132404, 134774
100, 2170, 3, 131914, 134291
100, 2180, 3, 131914, 134902
100, 2190, 3, 131759, 134210
100, 2200, 3, 131207, 132456
100, 2210, 3, 130959, 133779
100, 2220, 3, 130333, 133199
100, 2230, 3, 129652, 131904
100, 2240, 3, 129360, 133042
100, 2250, 3, 129360, 130833
100, 2260, 3, 129288, 131575
100, 2270, 3, 128790, 131448
100, 2280, 3, 127999, 131392
100, 2290, 3, 127806, 131029
100, 2300, 3, 127430, 130333
100, 2310, 3, 127278, 128962
100, 2320, 3, 126890, 128923
100, 2330, 3, 126781, 129733
100, 2340, 3, 126221, 129082
100, 2350, 3, 125471, 127698
100, 2360, 3, 125453, 127834
100, 2370, 3, 125247, 127464
100, 2380, 3, 124977, 128116
100, 2390, 3, 124777, 126788
100, 2400, 3, 123445, 127465
100, 2410, 3, 123282, 125131
100, 2420, 3, 123011, 125617
100, 2430, 3, 122787, 124265
100, 2440, 3, 122281, 125402
100, 2450, 3, 121918, 124341
100, 2460, 3, 121584, 124097
100, 2470, 3, 121457, 123462
100, 2480, 3, 120671, 122778
100, 2490, 3, 120203, 123891
100, 2500, 3, 120031, 123549
100, 2510, 3, 119765, 122962
100, 2520, 3, 119145, 121795
100, 2530, 3, 118947, 121469
100, 2540, 3, 118662, 122012
100, 2550, 3, 118550, 121714
100, 2560, 3, 118115, 120886
100, 2570, 3, 117846, 120349
100, 2580, 3, 117199, 119605
100, 2590, 3, 116822, 119802
100, 2600, 3, 116656, 119031
100, 2610, 3, 116513, 118613
100, 2620, 3, 116362, 118239
100, 2630, 3, 116208, 118938
100, 2640, 3, 116016, 117746
100, 2650, 3, 115915, 118404
100, 2660, 3, 115672, 117715
100, 2670, 3, 115289, 117654
100, 2680, 3, 114717, 117317
100, 2690, 3, 114608, 115887
100, 2700, 3, 114480, 116533
100, 2710, 3, 114187, 115969
100, 2720, 3, 113799, 114420
100, 2730, 3, 113239, 115994
100, 2740, 3, 112950, 115713
100, 2750, 3, 112656, 114726
100, 2760, 3, 112425, 114204
100, 2770, 3, 112063, 114908
100, 2780, 3, 111604, 114875
100, 2790, 3, 111604, 113605
100, 2800, 3, 111517, 113840
100, 2810, 3, 111513, 112200
100, 2820, 3, 111195, 114032
100, 2830, 3, 110345, 113058
100, 2840, 3, 110239, 113306
100, 2850, 3, 110124, 112450
100, 2860, 3, 110008, 113730
100, 2870, 3, 109972, 112387
100, 2880, 3, 109321, 111952
100, 2890, 3, 109274, 111067
100, 2900, 3, 109044, 111174
100, 2910, 3, 109044, 110320
100, 2920, 3, 108719, 110393
100, 2930, 3, 108196, 111177
100, 2940, 3, 107992, 108993
100, 2950, 3, 107809, 110506
100, 2960, 3, 107737, 109515
100, 2970, 3, 107592, 109441
100, 2980, 3, 107295, 109778
100, 2990, 3, 107175, 108638
100, 3000, 3, 107175, 109657
100, 3010, 3, 106642, 108520
100, 3020, 3, 106541, 109746
100, 3030, 3, 106086, 109673
100, 3040, 3, 105929, 108735
100, 3050, 3, 105687, 107681
100, 3060, 3, 105687, 107037
100, 3070, 3, 105505, 108444
100, 3080, 3, 105305, 107753
100, 3090, 3, 105305, 107139
100, 3100, 3, 105132, 107627
100, 3110, 3, 104735, 106869
100, 3120, 3, 104118, 106872
100, 3130, 3, 103844, 105742
100, 3140, 3, 103479, 105985
100, 3150, 3, 103261, 106422
100, 3160, 3, 103225, 104337
100, 3170, 3, 103029, 106072
100, 3180, 3, 103029, 104272
100, 3190, 3, 102693, 104494
100, 3200, 3, 102675, 104415
100, 3210, 3, 102675, 104563
100, 3220, 3, 102656, 105429
100, 3230, 3, 102300, 104660
100, 3240, 3, 102011, 104456
100, 3250, 3, 101913, 103622
100, 3260, 3, 101541, 104659
100, 3270, 3, 101157, 103545
100, 3280, 3, 101015, 103788
100, 3290, 3, 100861, 103480
100, 3300, 3, 100583, 102706
100, 3310, 3, 100316, 102551
100, 3320, 3, 100316, 103619
100, 3330, 3, 99760, 101919
100, 3340, 3, 99760, 101884
100, 3350, 3, 99597, 101773
100, 3360, 3, 99395, 102106
100, 3370, 3, 99081, 102498
100, 3380, 3, 98931, 101905
100, 3390, 3, 98712, 101254
100, 3400, 3, 98363, 99010
100, 3410, 3, 98363, 100256
100, 3420, 3, 98109, 99785
100, 3430, 3, 98048, 100753
100, 3440, 3, 97842, 100570
100, 3450, 3, 97834, 100813
100, 3460, 3, 97652, 99826
100, 3470, 3, 97652, 100139
100, 3480, 3, 97544, 99843
100, 3490, 3, 97418, 100399
100, 3500, 3, 97126, 99100
100, 3510, 3, 96609, 99127
100, 3520, 3, 96417, 99279
100, 3530, 3, 96115, 99519
100, 3540, 3, 96078, 97374
100, 3550, 3, 96047, 98896
100, 3560, 3, 95908, 97426
100, 3570, 3, 95733, 99429
100, 3580, 3, 95558, 97369
100, 3590, 3, 95474, 97894
100, 3600, 3, 95278, 95453
100, 3610, 3, 95206, 97637
100, 3620, 3, 95165, 97841
100, 3630, 3, 95042, 97248
100, 3640, 3, 95005, 97378
100, 3650, 3, 94947, 97429
100, 3660, 3, 94741, 95659
100, 3670, 3, 94531, 97263
100, 3680, 3, 94431, 95739
100, 3690, 3, 94431, 96876
100, 3700, 3, 94142, 95605
100, 3710, 3, 94142, 96237
100, 3720, 3, 93838, 96298
100, 3730, 3, 93838, 95332
100, 3740, 3, 93686, 95933
100, 3750, 3, 93598, 95553
100, 3760, 3, 93457, 95262
100, 3770, 3, 93457, 95741
100, 3780, 3, 93017, 95775
100, 3790, 3, 92962, 95161
100, 3800, 3, 92962, 95101
100, 3810, 3, 92895, 94876
100, 3820, 3, 92358, 94926
100, 3830, 3, 92173, 94261
100, 3840, 3, 92088, 94550
100, 3850, 3, 92079, 95031
100, 3860, 3, 91909, 94102
100, 3870, 3, 91808, 93929
100, 3880, 3, 91575, 94242
100, 3890, 3, 91575, 92871
100, 3900, 3, 91545, 92717
100, 3910, 3, 91545, 93996
100, 3920, 3, 91545, 94799
100, 3930, 3, 91480, 94228
100, 3940, 3, 91177, 93159
100, 3950, 3, 91028, 93268
100, 3960, 3, 91028, 93589
100, 3970, 3, 90981, 92776
100, 3980, 3, 90842, 92985
100, 3990, 3, 90382, 92057
100, 4000, 3, 90199, 92027
100, 4010, 3, 90030, 92853
100, 4020, 3, 89794, 91202
100, 4030, 3, 89787, 92469
100, 4040, 3, 89210, 91737
100, 4050, 3, 89101, 92611
100, 4060, 3, 89063, 91484
100, 4070, 3, 89021, 91189
100, 4080, 3, 88622, 90798
100, 4090, 3, 88622, 91156
100, 4100, 3, 88481, 91666
100, 4110, 3, 88448, 88700
100, 4120, 3, 88430, 90336
100, 4130, 3, 88101, 89206
100, 4140, 3, 87953, 89752
100, 4150, 3, 87731, 89308
100, 4160, 3, 87555, 89388
100, 4170, 3, 87143, 89414
100, 4180, 3, 87143, 88526
100, 4190, 3, 87143, 87143
100, 4200, 3, 87143, 87855
100, 4210, 3, 87010, 89574
100, 4220, 3, 86873, 89090
100, 4230, 3, 86757, 89980
100, 4240, 3, 86757, 88231
100, 4250, 3, 86657, 89609
100, 4260, 3, 86657, 87797
100, 4270, 3, 86551, 88392
100, 4280, 3, 86441, 89535
100, 4290, 3, 86441, 90061
100, 4300, 3, 86247, 87457
100, 4310, 3, 86141, 87518
100, 4320, 3, 86078, 86272
100, 4330, 3, 86053, 86791
100, 4340, 3, 86053, 88794
100, 4350, 3, 85975, 88818
100, 4360, 3, 85479, 87106
100, 4370, 3, 85479, 88823
100, 4380, 3, 85450, 87978
100, 4390, 3, 85316, 87461
100, 4400, 3, 85189, 87621
100, 4410, 3, 85189, 88199
100, 4420, 3, 85189, 86789
100, 4430, 3, 85189, 86577
100, 4440, 3, 85059, 87345
100, 4450, 3, 85059, 87142
100, 4460, 3, 84921, 85335
100, 4470, 3, 84914, 86498
100, 4480, 3, 84914, 87299
100, 4490, 3, 84906, 87039
100, 4500, 3, 84844, 85998
100, 4510, 3, 84844, 88124
100, 4520, 3, 84602, 84844
100, 4530, 3, 84486, 86506
100, 4540, 3, 84383, 86540
100, 4550, 3, 84339, 85898
100, 4560, 3, 84339, 84339
100, 4570, 3, 84281, 86132
100, 4580, 3, 84281, 87073
100, 4590, 3, 84205, 87138
100, 4600, 3, 84035, 86667
100, 4610, 3, 83984, 84896
100, 4620, 3, 83773, 85451
100, 4630, 3, 83773, 85784
100, 4640, 3, 83592, 84126
100, 4650, 3, 83592, 84934
100, 4660, 3, 83540, 85413
100, 4670, 3, 83540, 86272
100, 4680, 3, 83518, 84885
100, 4690, 3, 83404, 84301
100, 4700, 3, 83370, 84725
100, 4710, 3, 83325, 84911
100, 4720, 3, 83002, 84542
100, 4730, 3, 82765, 85353
100, 4740, 3, 82742, 83759
100, 4750, 3, 82576, 83915
100, 4760, 3, 82576, 85432
100, 4770, 3, 82576, 83064
100, 4780, 3, 82516, 83545
100, 4790, 3, 82278, 82516
100, 4800, 3, 82208, 82326
100, 4810, 3, 82008, 82208
100, 4820, 3, 81963, 82008
100, 4830, 3, 81963, 85585
100, 4840, 3, 81902, 84759
100, 4850, 3, 81902, 82502
100, 4860, 3, 81866, 84598
100, 4870, 3, 81798, 84243
100, 4880, 3, 81798, 83756
100, 4890, 3, 81798, 84078
100, 4900, 3, 81662, 81798
100, 4910, 3, 81662, 83926
100, 4920, 3, 81616, 82595
100, 4930, 3, 81329, 83573
100, 4940, 3, 81093, 81508
100, 4950, 3, 81044, 82349
100, 4960, 3, 81044, 82804
100, 4970, 3, 80989, 81987
100, 4980, 3, 80930, 81182
100, 4990, 3, 80865, 82751
100, 5000, 3, 80654, 83055
100, 5010, 3, 80654, 81264
100, 5020, 3, 80490, 82411
100, 5030, 3, 80355, 81354
100, 5040, 3, 80170, 82124
100, 5050, 3, 80170, 81447
100, 5060, 3, 80155, 81701
100, 5070, 3, 80155, 81187
100, 5080, 3, 80155, 81896
100, 5090, 3, 80017, 81636
100, 5100, 3, 79869, 80805
100, 5110, 3, 79869, 81384
100, 5120, 3, 79783, 81886
100, 5130, 3, 79703, 81590
100, 5140, 3, 79487, 82474
100, 5150, 3, 79224, 81946
100, 5160, 3, 79112, 82079
100, 5170, 3, 78584, 80464
100, 5180, 3, 78502, 80571
100, 5190, 3, 78450, 80486
100, 5200, 3, 78450, 80713
100, 5210, 3, 78450, 80611
100, 5220, 3, 78420, 80495
100, 5230, 3, 78285, 79472
100, 5240, 3, 78179, 80236
100, 5250, 3, 78047, 78988
100, 5260, 3, 78047, 79189
100, 5270, 3, 77983, 78047
100, 5280, 3, 77859, 79540
100, 5290, 3, 77751, 78770
100, 5300, 3, 77693, 80372
100, 5310, 3, 77693, 78990
100, 5320, 3, 77693, 77693
100, 5330, 3, 77592, 79371
100, 5340, 3, 77370, 78613
100, 5350, 3, 77290, 79274
100, 5360, 3, 77048, 78019
100, 5370, 3, 76990, 77944
100, 5380, 3, 76990, 78794
100, 5390, 3, 76961, 77851
100, 5400, 3, 76938, 77672
100, 5410, 3, 76797, 76938
100, 5420, 3, 76797, 77597
100, 5430, 3, 76768, 77018
100, 5440, 3, 76768, 77951
100, 5450, 3, 76768, 79348
100, 5460, 3, 76768, 78552
100, 5470, 3, 76768, 78717
100, 5480, 3, 76768, 76768
100, 5490, 3, 76709, 79998
100, 5500, 3, 76702, 78370
100, 5510, 3, 76702, 76702
100, 5520, 3, 76702, 78136
100, 5530, 3, 76702, 77526
100, 5540, 3, 76693, 78430
100, 5550, 3, 76693, 77127
100, 5560, 3, 76693, 76693
100, 5570, 3, 76693, 78630
100, 5580, 3, 76693, 78277
100, 5590, 3, 76693, 76693
100, 5600, 3, 76693, 80195
100, 5610, 3, 76650, 78463
100, 5620, 3, 76650, 77701
100, 5630, 3, 76587, 77814
100, 5640, 3, 76587, 77321
100, 5650, 3, 76219, 78211
100, 5660, 3, 76201, 77062
100, 5670, 3, 75989, 77490
100, 5680, 3, 75989, 76189
100, 5690, 3, 75933, 78034
100, 5700, 3, 75861, 78454
100, 5710, 3, 75861, 75861
100, 5720, 3, 75643, 77352
100, 5730, 3, 75543, 75762
100, 5740, 3, 75518, 77174
100, 5750, 3, 75518, 77627
100, 5760, 3, 75518, 76822
100, 5770, 3, 75458, 76629
100, 5780, 3, 75458, 75640
100, 5790, 3, 75447, 76530
100, 5800, 3, 75447, 75447
100, 5810, 3, 75447, 77131
100, 5820, 3, 75447, 75850
100, 5830, 3, 75337, 77307
100, 5840, 3, 75337, 76746
100, 5850, 3, 75303, 77248
100, 5860, 3, 75303, 77033
100, 5870, 3, 75141, 76742
100, 5880, 3, 75141, 76773
100, 5890, 3, 75141, 75406
100, 5900, 3, 75141, 76483
100, 5910, 3, 75032, 75241
100, 5920, 3, 74994, 76012
100, 5930, 3, 74993, 75746
100, 5940, 3, 74732, 76436
100, 5950, 3, 74556, 76160
100, 5960, 3, 74356, 74556
100, 5970, 3, 74343, 75554
100, 5980, 3, 74343, 75757
100, 5990, 3, 74338, 75711
100, 6000, 3, 74333, 76582
100, 6010, 3, 74126, 77076
100, 6020, 3, 74008, 74524
100, 6030, 3, 74008, 75869
100, 6040, 3, 74005, 75261
100, 6050, 3, 74005, 75330
100, 6060, 3, 73717, 75909
100, 6070, 3, 73659, 75014
100, 6080, 3, 73659, 73659
100, 6090, 3, 73263, 75106
100, 6100, 3, 73263, 74684
100, 6110, 3, 73199, 73263
100, 6120, 3, 73177, 74324
100, 6130, 3, 73177, 76633
100, 6140, 3, 73162, 74754
100, 6150, 3, 72944, 74824
100, 6160, 3, 72835, 75449
100, 6170, 3, 72835, 74569
100, 6180, 3, 72647, 75657
100, 6190, 3, 72579, 75613
100, 6200, 3, 72498, 73817
100, 6210, 3, 72400, 74340
100, 6220, 3, 72400, 75088
100, 6230, 3, 72400, 75129
100, 6240, 3, 72327, 72527
100, 6250, 3, 72327, 72615
100, 6260, 3, 72327, 74179
100, 6270, 3, 72323, 73017
100, 6280, 3, 72323, 73915
100, 6290, 3, 72323, 74174
100, 6300, 3, 72083, 72611
100, 6310, 3, 72083, 73801
100, 6320, 3, 72083, 73623
100, 6330, 3, 72083, 72748
100, 6340, 3, 72083, 72254
100, 6350, 3, 72083, 73202
100, 6360, 3, 72058, 72083
100, 6370, 3, 72058, 72058
100, 6380, 3, 72004, 73979
100, 6390, 3, 71870, 74032
100, 6400, 3, 71870, 72807
100, 6410, 3, 71870, 73517
100, 6420, 3, 71870, 73933
100, 6430, 3, 71730, 73303
100, 6440, 3, 71671, 72823
100, 6450, 3, 71671, 73339
100, 6460, 3, 71601, 73161
100, 6470, 3, 71464, 72487
100, 6480, 3, 71375, 71464
100, 6490, 3, 71310, 71375
100, 6500, 3, 71289, 71310
100, 6510, 3, 71289, 72465
100, 6520, 3, 71289, 71289
100, 6530, 3, 71080, 72819
100, 6540, 3, 70868, 72281
100, 6550, 3, 70868, 70868
100, 6560, 3, 70848, 72744
100, 6570, 3, 70848, 72573
100, 6580, 3, 70796, 73301
100, 6590, 3, 70796, 71706
100, 6600, 3, 70783, 72031
100, 6610, 3, 70783, 71830
100, 6620, 3, 70600, 71383
100, 6630, 3, 70497, 72787
100, 6640, 3, 70497, 70569
100, 6650, 3, 70497, 71202
100, 6660, 3, 70472, 72141
100, 6670, 3, 70455, 71125
100, 6680, 3, 70455, 71082
100, 6690, 3, 70455, 71802
100, 6700, 3, 70455, 72589
100, 6710, 3, 70455, 72078
100, 6720, 3, 70421, 72861
100, 6730, 3, 70373, 71561
100, 6740, 3, 70373, 71914
100, 6750, 3, 70373, 72622
100, 6760, 3, 70373, 71156
100, 6770, 3, 70373, 73016
100, 6780, 3, 70273, 71650
100, 6790, 3, 70176, 70641
100, 6800, 3, 70083, 70142
100, 6810, 3, 70083, 71422
100, 6820, 3, 70083, 72119
100, 6830, 3, 70083, 70083
100, 6840, 3, 70083, 70659
100, 6850, 3, 69755, 70776
100, 6860, 3, 69555, 71517
100, 6870, 3, 69555, 71479
100, 6880, 3, 69555, 69555
100, 6890, 3, 69455, 70967
100, 6900, 3, 69397, 70441
100, 6910, 3, 69158, 70319
100, 6920, 3, 69158, 69935
100, 6930, 3, 69158, 69904
100, 6940, 3, 69124, 69158
100, 6950, 3, 69124, 69124
100, 6960, 3, 69124, 70071
100, 6970, 3, 69026, 71750
100, 6980, 3, 69026, 70772
100, 6990, 3, 69026, 71299
100, 7000, 3, 69026, 69026
100, 7010, 3, 69022, 71197
100, 7020, 3, 68884, 69730
100, 7030, 3, 68884, 70074
100, 7040, 3, 68884, 70263
100, 7050, 3, 68843, 68884
100, 7060, 3, 68843, 68884
100, 7070, 3, 68843, 68843
100, 7080, 3, 68813, 68813
100, 7090, 3, 68813, 71376
100, 7100, 3, 68813, 70005
100, 7110, 3, 68795, 70459
100, 7120, 3, 68653, 68653
100, 7130, 3, 68635, 68635
100, 7140, 3, 68635, 68635
100, 7150, 3, 68635, 69103
100, 7160, 3, 68635, 70029
100, 7170, 3, 68635, 69660
100, 7180, 3, 68635, 68635
100, 7190, 3, 68635, 68635
100, 7200, 3, 68446, 69087
100, 7210, 3, 68446, 68446
100, 7220, 3, 68446, 69405
100, 7230, 3, 68446, 71389
100, 7240, 3, 68404, 69602
100, 7250, 3, 68404, 69313
100, 7260, 3, 68382, 69652
100, 7270, 3, 68382, 68382
100, 7280, 3, 68382, 68382
100, 7290, 3, 68382, 69577
100, 7300, 3, 68182, 68382
100, 7310, 3, 68182, 68182
100, 7320, 3, 68182, 69626
100, 7330, 3, 68157, 68857
100, 7340, 3, 68157, 69345
100, 7350, 3, 68157, 68157
100, 7360, 3, 68157, 68792
100, 7370, 3, 68056, 68534
100, 7380, 3, 68056, 68395
100, 7390, 3, 68056, 68856
100, 7400, 3, 68056, 70179
100, 7410, 3, 68056, 68088
100, 7420, 3, 68056, 69056
100, 7430, 3, 68056, 69582
100, 7440, 3, 68056, 68662
100, 7450, 3, 67971, 68995
100, 7460, 3, 67921, 67971
100, 7470, 3, 67921, 69649
100, 7480, 3, 67800, 69335
100, 7490, 3, 67800, 67800
100, 7500, 3, 67800, 67800
100, 7510, 3, 67792, 68600
100, 7520, 3, 67792, 67792
100, 7530, 3, 67792, 67792
100, 7540, 3, 67792, 67792
100, 7550, 3, 67792, 69216
100, 7560, 3, 67785, 68968
100, 7570, 3, 67785, 68701
100, 7580, 3, 67785, 69325
100, 7590, 3, 67785, 69367
100, 7600, 3, 67773, 68971
100, 7610, 3, 67773, 69102
100, 7620, 3, 67773, 68611
100, 7630, 3, 67632, 68001
100, 7640, 3, 67574, 68576
100, 7650, 3, 67574, 67574
100, 7660, 3, 67513, 67574
100, 7670, 3, 67418, 70044
100, 7680, 3, 67418, 67418
100, 7690, 3, 67410, 67418
100, 7700, 3, 67396, 69458
100, 7710, 3, 67296, 67296
100, 7720, 3, 67227, 67227
100, 7730, 3, 67227, 67227
100, 7740, 3, 67227, 68118
100, 7750, 3, 67227, 68755
100, 7760, 3, 67227, 67227
100, 7770, 3, 67186, 67439
100, 7780, 3, 67168, 67957
100, 7790, 3, 67168, 67168
100, 7800, 3, 67168, 67168
100, 7810, 3, 67168, 68856
100, 7820, 3, 67029, 67168
100, 7830, 3, 66953, 67029
100, 7840, 3, 66953, 67029
100, 7850, 3, 66953, 66953
100, 7860, 3, 66953, 68211
100, 7870, 3, 66953, 66953
100, 7880, 3, 66953, 66953
100, 7890, 3, 66953, 66953
100, 7900, 3, 66953, 66953
100, 7910, 3, 66953, 68491
100, 7920, 3, 66953, 66953
100, 7930, 3, 66953, 66953
100, 7940, 3, 66953, 68037
100, 7950, 3, 66913, 67286
100, 7960, 3, 66913, 67177
100, 7970, 3, 66913, 67736
100, 7980, 3, 66903, 68869
100, 7990, 3, 66903, 67794
100, 8000, 3, 66870, 67363
100, 8010, 3, 66870, 69451
100, 8020, 3, 66870, 66870
100, 8030, 3, 66870, 66870
100, 8040, 3, 66870, 66870
100, 8050, 3, 66837, 68212
100, 8060, 3, 66837, 66837
100, 8070, 3, 66837, 68096
100, 8080, 3, 66837, 66837
100, 8090, 3, 66837, 68170
100, 8100, 3, 66837, 66837
100, 8110, 3, 66837, 67248
100, 8120, 3, 66837, 66837
100, 8130, 3, 66721, 67424
100, 8140, 3, 66597, 66721
100, 8150, 3, 66597, 66597
100, 8160, 3, 66559, 66597
100, 8170, 3, 66559, 67054
100, 8180, 3, 66559, 67862
100, 8190, 3, 66559, 67111
100, 8200, 3, 66559, 67660
100, 8210, 3, 66494, 67479
100, 8220, 3, 66445, 66494
100, 8230, 3, 66445, 66445
100, 8240, 3, 66445, 68366
100, 8250, 3, 66418, 66851
100, 8260, 3, 66418, 66818
100, 8270, 3, 66418, 67018
100, 8280, 3, 66418, 67435
100, 8290, 3, 66418, 66418
100, 8300, 3, 66326, 66917
100, 8310, 3, 66326, 67031
100, 8320, 3, 66326, 66326
100, 8330, 3, 66210, 67185
100, 8340, 3, 66210, 66586
100, 8350, 3, 66127, 66701
100, 8360, 3, 66102, 66754
100, 8370, 3, 66102, 66102
100, 8380, 3, 66102, 66102
100, 8390, 3, 66102, 68367
100, 8400, 3, 66102, 66102
100, 8410, 3, 66102, 66102
100, 8420, 3, 66102, 66102
100, 8430, 3, 66102, 66984
100, 8440, 3, 66102, 66102
100, 8450, 3, 66063, 66102
100, 8460, 3, 65881, 66374
100, 8470, 3, 65881, 66767
100, 8480, 3, 65881, 66593
100, 8490, 3, 65810, 66540
100, 8500, 3, 65782, 67806
100, 8510, 3, 65608, 65782
100, 8520, 3, 65608, 65608
100, 8530, 3, 65608, 66232
100, 8540, 3, 65608, 66700
100, 8550, 3, 65608, 66065
100, 8560, 3, 65608, 65608
100, 8570, 3, 65608, 65608
100, 8580, 3, 65608, 65608
100, 8590, 3, 65608, 67252
100, 8600, 3, 65577, 65608
100, 8610, 3, 65577, 67038
100, 8620, 3, 65577, 65577
100, 8630, 3, 65429, 65577
100, 8640, 3, 65429, 65429
100, 8650, 3, 65429, 65429
100, 8660, 3, 65429, 65429
100, 8670, 3, 65429, 65676
100, 8680, 3, 65429, 66610
100, 8690, 3, 65411, 66195
100, 8700, 3, 65411, 66845
100, 8710, 3, 65388, 65411
100, 8720, 3, 65388, 65388
100, 8730, 3, 65388, 65815
100, 8740, 3, 65388, 65635
100, 8750, 3, 64919, 65388
100, 8760, 3, 64919, 64919
100, 8770, 3, 64919, 65651
100, 8780, 3, 64854, 64854
100, 8790, 3, 64854, 64854
100, 8800, 3, 64854, 64977
100, 8810, 3, 64854, 64854
100, 8820, 3, 64854, 65776
100, 8830, 3, 64854, 64854
100, 8840, 3, 64854, 67094
100, 8850, 3, 64741, 64741
100, 8860, 3, 64741, 66665
100, 8870, 3, 64741, 64741
100, 8880, 3, 64720, 65830
100, 8890, 3, 64720, 64904
100, 8900, 3, 64720, 66204
100, 8910, 3, 64720, 65031
100, 8920, 3, 64720, 64720
100, 8930, 3, 64720, 64720
100, 8940, 3, 64720, 65201
100, 8950, 3, 64499, 64720
100, 8960, 3, 64499, 64499
100, 8970, 3, 64499, 64499
100, 8980, 3, 64499, 65427
100, 8990, 3, 64471, 64499
100, 9000, 3, 64471, 65101
100, 9010, 3, 64471, 65699
100, 9020, 3, 64471, 64471
100, 9030, 3, 64471, 64471
100, 9040, 3, 64471, 65068
100, 9050, 3, 64471, 64871
100, 9060, 3, 64396, 64812
100, 9070, 3, 64396, 64396
100, 9080, 3, 64396, 65464
100, 9090, 3, 64388, 64396
100, 9100, 3, 64188, 64613
100, 9110, 3, 64188, 64188
100, 9120, 3, 64188, 64188
100, 9130, 3, 64150, 64188
100, 9140, 3, 64132, 64150
100, 9150, 3, 64132, 65521
100, 9160, 3, 64080, 64132
100, 9170, 3, 64080, 64080
100, 9180, 3, 63974, 64308
100, 9190, 3, 63974, 65374
100, 9200, 3, 63728, 63974
100, 9210, 3, 63728, 63728
100, 9220, 3, 63728, 63728
100, 9230, 3, 63728, 64437
100, 9240, 3, 63728, 63784
100, 9250, 3, 63728, 63728
100, 9260, 3, 63722, 63728
100, 9270, 3, 63693, 63693
100, 9280, 3, 63578, 63693
100, 9290, 3, 63578, 63578
100, 9300, 3, 63578, 64148
100, 9310, 3, 63575, 63578
100, 9320, 3, 63575, 63575
100, 9330, 3, 63575, 63575
100, 9340, 3, 63575, 63575
100, 9350, 3, 63534, 63575
100, 9360, 3, 63534, 64334
100, 9370, 3, 63534, 63534
100, 9380, 3, 63534, 63534
100, 9390, 3, 63534, 63910
100, 9400, 3, 63534, 63534
100, 9410, 3, 63413, 63534
100, 9420, 3, 63413, 63413
100, 9430, 3, 63413, 63725
100, 9440, 3, 63413, 63413
100, 9450, 3, 63335, 63742
100, 9460, 3, 63335, 63335
100, 9470, 3, 63335, 64393
100, 9480, 3, 63335, 63335
100, 9490, 3, 63335, 63335
100, 9500, 3, 63335, 63335
100, 9510, 3, 63335, 63335
100, 9520, 3, 63335, 63335
100, 9530, 3, 63259, 63335
100, 9540, 3, 63259, 63259
100, 9550, 3, 63218, 63259
100, 9560, 3, 63129, 63129
100, 9570, 3, 63086, 63129
100, 9580, 3, 63086, 63086
100, 9590, 3, 63086, 63086
100, 9600, 3, 63086, 64252
100, 9610, 3, 63086, 63086
100, 9620, 3, 63086, 63086
100, 9630, 3, 63086, 63086
100, 9640, 3, 63086, 63086
100, 9650, 3, 63086, 63086
100, 9660, 3, 62994, 62994
100, 9670, 3, 62972, 62994
100, 9680, 3, 62934, 62972
100, 9690, 3, 62934, 62934
100, 9700, 3, 62934, 63734
100, 9710, 3, 62934, 62934
100, 9720, 3, 62934, 63446
100, 9730, 3, 62912, 62934
100, 9740, 3, 62912, 63288
100, 9750, 3, 62912, 62912
100, 9760, 3, 62912, 62912
100, 9770, 3, 62881, 62894
100, 9780, 3, 62881, 63893
100, 9790, 3, 62827, 64024
100, 9800, 3, 62827, 63968
100, 9810, 3, 62827, 62827
100, 9820, 3, 62827, 62827
100, 9830, 3, 62827, 63844
100, 9840, 3, 62827, 62827
100, 9850, 3, 62827, 62827
100, 9860, 3, 62827, 62827
100, 9870, 3, 62827, 62827
100, 9880, 3, 62775, 62827
100, 9890, 3, 62692, 62775
100, 9900, 3, 62632, 62692
100, 9910, 3, 62632, 62632
100, 9920, 3, 62632, 62632
100, 9930, 3, 62574, 62632
100, 9940, 3, 62574, 62574
100, 9950, 3, 62574, 62574
100, 9960, 3, 62574, 63252
100, 9970, 3, 62574, 62574
100, 9980, 3, 62574, 62574
100, 9990, 3, 62574, 62574
100, 10000, 3, 62570, 62574
100, 10010, 3, 62570, 62570
100, 10020, 3, 62529, 62570
100, 10030, 3, 62529, 62529
100, 10040, 3, 62529, 62529
100, 10050, 3, 62529, 62529
100, 10060, 3, 62529, 62529
100, 10070, 3, 62529, 62529
100, 10080, 3, 62529, 63616
100, 10090, 3, 62454, 62529
100, 10100, 3, 62454, 62454
100, 10110, 3, 62225, 62325
100, 10120, 3, 62225, 62225
100, 10130, 3, 62225, 62307
100, 10140, 3, 62225, 62225
100, 10150, 3, 62225, 63890
100, 10160, 3, 62225, 62225
100, 10170, 3, 62225, 62225
100, 10180, 3, 62225, 62225
100, 10190, 3, 62225, 62225
100, 10200, 3, 62225, 62225
100, 10210, 3, 62225, 63332
100, 10220, 3, 62225, 62768
100, 10230, 3, 62225, 62225
100, 10240, 3, 62225, 62225
100, 10250, 3, 62225, 62225
100, 10260, 3, 62225, 62225
100, 10270, 3, 62225, 62225
100, 10280, 3, 62225, 62225
100, 10290, 3, 62225, 62225
100, 10300, 3, 62225, 62225
100, 10310, 3, 62225, 62225
100, 10320, 3, 62225, 62225
100, 10330, 3, 62225, 62225
100, 10340, 3, 62225, 62225
100, 10350, 3, 62225, 62225
100, 10360, 3, 62225, 62225
100, 10370, 3, 62225, 62225
100, 10380, 3, 62213, 62225
100, 10390, 3, 62213, 62213
100, 10400, 3, 62213, 62213
100, 10410, 3, 62213, 62503
100, 10420, 3, 62213, 62213
100, 10430, 3, 62213, 62213
100, 10440, 3, 62213, 62213
100, 10450, 3, 62213, 62213
100, 10460, 3, 62213, 62213
100, 10470, 3, 62211, 62213
100, 10480, 3, 62211, 62211
100, 10490, 3, 62211, 62211
100, 10500, 3, 62211, 62211
100, 10510, 3, 62211, 63885
100, 10520, 3, 62211, 62211
100, 10530, 3, 62211, 63265
100, 10540, 3, 62078, 62211
100, 10550, 3, 62078, 62078
100, 10560, 3, 62078, 62078
100, 10570, 3, 62043, 62043
100, 10580, 3, 62043, 62043
100, 10590, 3, 62043, 62043
100, 10600, 3, 62043, 62043
100, 10610, 3, 62043, 62043
100, 10620, 3, 62043, 62043
100, 10630, 3, 62043, 62043
100, 10640, 3, 62043, 62043
100, 10650, 3, 62043, 62043
100, 10660, 3, 62043, 62043
100, 10670, 3, 62043, 63136
100, 10680, 3, 62043, 62043
100, 10690, 3, 62043, 62043
100, 10700, 3, 62032, 62043
100, 10710, 3, 62032, 62032
100, 10720, 3, 62032, 62032
100, 10730, 3, 62032, 62210
100, 10740, 3, 62032, 62032
100, 10750, 3, 62032, 62032
100, 10760, 3, 62032, 63577
100, 10770, 3, 62032, 62032
100, 10780, 3, 62032, 62032
100, 10790, 3, 62032, 62032
100, 10800, 3, 62032, 62032
100, 10810, 3, 62032, 62032
100, 10820, 3, 62032, 62379
100, 10830, 3, 62032, 62032
100, 10840, 3, 62032, 62032
100, 10850, 3, 62032, 62032
100, 10860, 3, 61944, 62032
100, 10870, 3, 61944, 61944
100, 10880, 3, 61944, 63137
100, 10890, 3, 61944, 61944
100, 10900, 3, 61944, 61944
100, 10910, 3, 61944, 61944
100, 10920, 3, 61944, 61944
100, 10930, 3, 61868, 61944
100, 10940, 3, 61868, 61868
100, 10950, 3, 61868, 61868
100, 10960, 3, 61868, 61868
100, 10970, 3, 61868, 61868
100, 10980, 3, 61868, 61868
100, 10990, 3, 61868, 61868
100, 11000, 3, 61868, 61868
100, 11010, 3, 61868, 61868
100, 11020, 3, 61868, 61868
100, 11030, 3, 61868, 61868
100, 11040, 3, 61868, 61868
100, 11050, 3, 61803, 61868
100, 11060, 3, 61803, 61803
100, 11070, 3, 61733, 61803
100, 11080, 3, 61733, 61733
100, 11090, 3, 61733, 61733
100, 11100, 3, 61540, 61733
100, 11110, 3, 61449, 61540
100, 11120, 3, 61449, 61449
100, 11130, 3, 61449, 61449
100, 11140, 3, 61449, 61449
100, 11150, 3, 61449, 61449
100, 11160, 3, 61449, 61449
100, 11170, 3, 61449, 61449
100, 11180, 3, 61449, 61449
100, 11190, 3, 61443, 61449
100, 11200, 3, 61443, 61443
100, 11210, 3, 61411, 61443
100, 11220, 3, 61411, 61411
100, 11230, 3, 61411, 61411
100, 11240, 3, 61411, 61411
100, 11250, 3, 61346, 61411
100, 11260, 3, 61346, 61346
100, 11270, 3, 61346, 61346
100, 11280, 3, 61346, 61346
100, 11290, 3, 61346, 61346
100, 11300, 3, 61346, 61346
100, 11310, 3, 61346, 61346
100, 11320, 3, 61328, 61328
100, 11330, 3, 61328, 61328
100, 11340, 3, 61328, 61328
100, 11350, 3, 61328, 61328
100, 11360, 3, 61245, 61328
100, 11370, 3, 61245, 61245
100, 11380, 3, 61245, 61245
100, 11390, 3, 61245, 61353
100, 11400, 3, 61245, 61786
100, 11410, 3, 61245, 61245
100, 11420, 3, 61245, 61245
100, 11430, 3, 61245, 61245
100, 11440, 3, 61245, 61245
100, 11450, 3, 61245, 61245
100, 11460, 3, 61245, 61245
100, 11470, 3, 61245, 61245
100, 11480, 3, 61245, 61245
100, 11490, 3, 61233, 61245
100, 11500, 3, 61233, 61233
100, 11510, 3, 61233, 61233
100, 11520, 3, 61233, 61233
100, 11530, 3, 61233, 61233
100, 11540, 3, 61233, 62200
100, 11550, 3, 61233, 61233
100, 11560, 3, 61233, 61233
100, 11570, 3, 61233, 61233
100, 11580, 3, 61233, 61233
100, 11590, 3, 61233, 61233
100, 11600, 3, 61233, 61233
100, 11610, 3, 61233, 61233
100, 11620, 3, 61233, 61233
100, 11630, 3, 61233, 61233
100, 11640, 3, 61233, 61233
100, 11650, 3, 61233, 61233
100, 11660, 3, 61233, 61233
100, 11670, 3, 61233, 61233
100, 11680, 3, 61233, 61233
100, 11690, 3, 61233, 61233
100, 11700, 3, 61176, 61233
100, 11710, 3, 61176, 61176
100, 11720, 3, 61176, 61176
100, 11730, 3, 61176, 61176
100, 11740, 3, 61176, 61176
100, 11750, 3, 61176, 61176
100, 11760, 3, 61176, 61176
100, 11770, 3, 61176, 61176
100, 11780, 3, 61176, 61176
100, 11790, 3, 61176, 61176
100, 11800, 3, 61176, 61176
100, 11810, 3, 61093, 61176
100, 11820, 3, 61093, 61093
100, 11830, 3, 61031, 61093
100, 11840, 3, 61031, 61031
100, 11850, 3, 61031, 61031
100, 11860, 3, 61031, 61031
100, 11870, 3, 60948, 61031
100, 11880, 3, 60948, 60948
100, 11890, 3, 60948, 60948
100, 11900, 3, 60948, 61521
100, 11910, 3, 60948, 60948
100, 11920, 3, 60948, 60948
100, 11930, 3, 60948, 60948
100, 11940, 3, 60948, 60948
100, 11950, 3, 60948, 60948
100, 11960, 3, 60948, 60948
100, 11970, 3, 60948, 60948
100, 11980, 3, 60948, 60948
100, 11990, 3, 60948, 60948
100, 12000, 3, 60522, 60948
100, 12010, 3, 60522, 60522
100, 12020, 3, 60522, 60522
100, 12030, 3, 60522, 60522
100, 12040, 3, 60522, 60522
100, 12050, 3, 60522, 60522
100, 12060, 3, 60340, 60522
100, 12070, 3, 60244, 60340
100, 12080, 3, 60202, 60244
100, 12090, 3, 60202, 60202
100, 12100, 3, 60202, 60202
100, 12110, 3, 60202, 60202
100, 12120, 3, 60202, 60202
100, 12130, 3, 60189, 60202
100, 12140, 3, 60189, 60189
100, 12150, 3, 60189, 60189
100, 12160, 3, 60189, 60189
100, 12170, 3, 60189, 60189
100, 12180, 3, 60189, 60189
100, 12190, 3, 60189, 60189
100, 12200, 3, 60172, 60189
100, 12210, 3, 60100, 60172
100, 12220, 3, 60036, 60036
100, 12230, 3, 60036, 60036
100, 12240, 3, 59807, 59807
100, 12250, 3, 59724, 59807
100, 12260, 3, 59724, 59724
100, 12270, 3, 59724, 59724
100, 12280, 3, 59666, 59666
100, 12290, 3, 59624, 59666
100, 12300, 3, 59624, 59624
100, 12310, 3, 59624, 59624
100, 12320, 3, 59624, 59624
100, 12330, 3, 59624, 59624
100, 12340, 3, 59624, 59624
100, 12350, 3, 59624, 59624
100, 12360, 3, 59624, 59624
100, 12370, 3, 59624, 59624
100, 12380, 3, 59624, 59624
100, 12390, 3, 59624, 59624
100, 12400, 3, 59624, 59624
100, 12410, 3, 59598, 59624
100, 12420, 3, 59598, 59598
100, 12430, 3, 59598, 59598
100, 12440, 3, 59598, 59598
100, 12450, 3, 59598, 59598
100, 12460, 3, 59598, 59598
100, 12470, 3, 59598, 59598
100, 12480, 3, 59598, 59598
100, 12490, 3, 59598, 59598
100, 12500, 3, 59579, 59598
100, 12510, 3, 59568, 59568
100, 12520, 3, 59474, 59474
100, 12530, 3, 59474, 59474
100, 12540, 3, 59474, 59474
100, 12550, 3, 59474, 59474
100, 12560, 3, 59474, 59474
100, 12570, 3, 59474, 60907
100, 12580, 3, 59474, 59474
100, 12590, 3, 59449, 59449
100, 12600, 3, 59449, 59449
100, 12610, 3, 59449, 59449
100, 12620, 3, 59449, 59449
100, 12630, 3, 59400, 59449
100, 12640, 3, 59400, 59400
100, 12650, 3, 59400, 59400
100, 12660, 3, 59400, 59400
100, 12670, 3, 59400, 59400
100, 12680, 3, 59400, 59400
100, 12690, 3, 59400, 59400
100, 12700, 3, 59400, 59400
100, 12710, 3, 59400, 59400
100, 12720, 3, 59339, 59400
100, 12730, 3, 59339, 59339
100, 12740, 3, 59339, 59339
100, 12750, 3, 59339, 59339
100, 12760, 3, 59339, 59339
100, 12770, 3, 59263, 59339
100, 12780, 3, 59263, 59263
100, 12790, 3, 59263, 59263
100, 12800, 3, 59263, 59263
100, 12810, 3, 59263, 59263
100, 12820, 3, 59263, 59263
100, 12830, 3, 59263, 59263
100, 12840, 3, 59263, 59263
100, 12850, 3, 59263, 59263
100, 12860, 3, 59263, 59263
100, 12870, 3, 59263, 59263
100, 12880, 3, 59263, 60814
100, 12890, 3, 59263, 59263
100, 12900, 3, 59258, 59263
100, 12910, 3, 59258, 59258
100, 12920, 3, 59258, 59258
100, 12930, 3, 59258, 59258
100, 12940, 3, 59258, 59258
100, 12950, 3, 59089, 59258
100, 12960, 3, 59089, 59089
100, 12970, 3, 59089, 59089
100, 12980, 3, 59089, 59089
100, 12990, 3, 59089, 59089
100, 13000, 3, 59089, 59089
100, 13010, 3, 59089, 59089
100, 13020, 3, 59089, 59089
100, 13030, 3, 59089, 59089
100, 13040, 3, 59089, 59089
100, 13050, 3, 59089, 59089
100, 13060, 3, 59089, 59089
100, 13070, 3, 59089, 59089
100, 13080, 3, 59089, 59089
100, 13090, 3, 59089, 59089
100, 13100, 3, 59089, 59089
100, 13110, 3, 59089, 59089
100, 13120, 3, 59089, 59089
100, 13130, 3, 59089, 59089
100, 13140, 3, 59089, 59089
100, 13150, 3, 59089, 59089
100, 13160, 3, 59089, 59089
100, 13170, 3, 59089, 59089
100, 13180, 3, 59089, 59089
100, 13190, 3, 59089, 59089
100, 13200, 3, 59089, 59089
100, 13210, 3, 59089, 59089
100, 13220, 3, 59089, 59089
100, 13230, 3, 59089, 59089
100, 13240, 3, 59089, 59089
100, 13250, 3, 59089, 59089
100, 13260, 3, 59089, 59089
100, 13270, 3, 59089, 59089
100, 13280, 3, 59089, 59089
100, 13290, 3, 59089, 59089
100, 13300, 3, 59024, 59089
100, 13310, 3, 59024, 59024
100, 13320, 3, 59024, 59024
100, 13330, 3, 59024, 59024
100, 13340, 3, 59024, 59024
100, 13350, 3, 59024, 59024
100, 13360, 3, 59024, 59024
100, 13370, 3, 59024, 59024
100, 13380, 3, 58969, 59024
100, 13390, 3, 58969, 58969
100, 13400, 3, 58859, 58859
100, 13410, 3, 58859, 58859
100, 13420, 3, 58859, 58859
100, 13430, 3, 58859, 58859
100, 13440, 3, 58859, 58859
100, 13450, 3, 58859, 58859
100, 13460, 3, 58859, 58859
100, 13470, 3, 58859, 58859
100, 13480, 3, 58859, 58859
100, 13490, 3, 58859, 58859
100, 13500, 3, 58859, 58859
100, 13510, 3, 58859, 58859
100, 13520, 3, 58859, 58859
100, 13530, 3, 58859, 58859
100, 13540, 3, 58859, 58859
100, 13550, 3, 58859, 58859
100, 13560, 3, 58859, 58859
100, 13570, 3, 58859, 58859
100, 13580, 3, 58859, 58859
100, 13590, 3, 58859, 58859
100, 13600, 3, 58859, 58859
100, 13610, 3, 58859, 58859
100, 13620, 3, 58859, 58859
100, 13630, 3, 58859, 58859
100, 13640, 3, 58859, 58859
100, 13650, 3, 58819, 58819
100, 13660, 3, 58819, 58819
100, 13670, 3, 58819, 58819
100, 13680, 3, 58819, 58819
100, 13690, 3, 58819, 58819
100, 13700, 3, 58819, 58819
100, 13710, 3, 58819, 58819
100, 13720, 3, 58819, 58819
100, 13730, 3, 58819, 58819
100, 13740, 3, 58819, 58819
100, 13750, 3, 58819, 58819
100, 13760, 3, 58819, 58819
100, 13770, 3, 58819, 58819
100, 13780, 3, 58819, 58819
100, 13790, 3, 58819, 58819
100, 13800, 3, 58819, 58819
100, 13810, 3, 58819, 58819
100, 13820, 3, 58819, 58819
100, 13830, 3, 58819, 58819
100, 13840, 3, 58819, 58819
100, 13850, 3, 58819, 58819
100, 13860, 3, 58819, 58819
100, 13870, 3, 58819, 58819
100, 13880, 3, 58819, 58819
100, 13890, 3, 58819, 58819
100, 13900, 3, 58718, 58718
100, 13910, 3, 58718, 58718
100, 13920, 3, 58718, 58718
100, 13930, 3, 58718, 58718
100, 13940, 3, 58718, 58718
100, 13950, 3, 58718, 58718
100, 13960, 3, 58718, 58718
100, 13970, 3, 58718, 58718
100, 13980, 3, 58718, 58718
100, 13990, 3, 58718, 58718
100, 14000, 3, 58718, 58718
100, 14010, 3, 58718, 58718
100, 14020, 3, 58718, 58718
100, 14030, 3, 58718, 58718
100, 14040, 3, 58718, 58718
100, 14050, 3, 58718, 58718
100, 14060, 3, 58718, 58718
100, 14070, 3, 58718, 58718
100, 14080, 3, 58718, 58718
100, 14090, 3, 58718, 58718
100, 14100, 3, 58718, 58718
100, 14110, 3, 58718, 58718
100, 14120, 3, 58718, 58718
100, 14130, 3, 58718, 58718
100, 14140, 3, 58718, 58718
100, 14150, 3, 58718, 58718
100, 14160, 3, 58718, 58718
100, 14170, 3, 58638, 58718
100, 14180, 3, 58606, 58638
100, 14190, 3, 58606, 58606
100, 14200, 3, 58606, 58606
100, 14210, 3, 58606, 58606
100, 14220, 3, 58606, 58606
100, 14230, 3, 58606, 58606
100, 14240, 3, 58606, 58606
100, 14250, 3, 58606, 58606
100, 14260, 3, 58606, 58606
100, 14270, 3, 58606, 58606
100, 14280, 3, 58538, 58538
100, 14290, 3, 58538, 58538
100, 14300, 3, 58538, 58538
100, 14310, 3, 58538, 58538
100, 14320, 3, 58538, 58538
100, 14330, 3, 58538, 58538
100, 14340, 3, 58538, 58538
100, 14350, 3, 58538, 58538
100, 14360, 3, 58538, 58538
100, 14370, 3, 58401, 58401
100, 14380, 3, 58401, 58401
100, 14390, 3, 58401, 58401
100, 14400, 3, 58401, 58401
100, 14410, 3, 58401, 58401
100, 14420, 3, 58401, 58401
100, 14430, 3, 58401, 58401
100, 14440, 3, 58401, 58401
100, 14450, 3, 58401, 58401
100, 14460, 3, 58356, 58356
100, 14470, 3, 58356, 58356
100, 14480, 3, 58356, 58356
100, 14490, 3, 58356, 58356
100, 14500, 3, 58356, 58356
100, 14510, 3, 58290, 58356
100, 14520, 3, 58290, 58290
100, 14530, 3, 58290, 58290
100, 14540, 3, 58290, 58290
100, 14550, 3, 58290, 58290
100, 14560, 3, 58290, 58290
100, 14570, 3, 58290, 58290
100, 14580, 3, 58290, 58290
100, 14590, 3, 58290, 58290
100, 14600, 3, 58290, 58290
100, 14610, 3, 58290, 58290
100, 14620, 3, 58290, 58290
100, 14630, 3, 58290, 58290
100, 14640, 3, 58290, 58290
100, 14650, 3, 58290, 58290
100, 14660, 3, 58290, 58290
100, 14670, 3, 58290, 58290
100, 14680, 3, 58290, 58290
100, 14690, 3, 58290, 58290
100, 14700, 3, 58290, 58290
100, 14710, 3, 58290, 58290
100, 14720, 3, 58290, 58290
100, 14730, 3, 58290, 58290
100, 14740, 3, 58290, 58290
100, 14750, 3, 58290, 58290
100, 14760, 3, 58290, 58290
100, 14770, 3, 58290, 58290
100, 14780, 3, 58290, 58290
100, 14790, 3, 58290, 58290
100, 14800, 3, 58290, 58290
100, 14810, 3, 58290, 58290
100, 14820, 3, 58290, 58290
100, 14830, 3, 58290, 58290
100, 14840, 3, 58290, 58290
100, 14850, 3, 58290, 58290
100, 14860, 3, 58290, 58290
100, 14870, 3, 58290, 58290
100, 14880, 3, 58290, 58290
100, 14890, 3, 58290, 58290
100, 14900, 3, 58290, 58290
100, 14910, 3, 58290, 58290
100, 14920, 3, 58290, 58290
100, 14930, 3, 58290, 58290
100, 14940, 3, 58218, 58290
100, 14950, 3, 58218, 58218
100, 14960, 3, 58218, 58218
100, 14970, 3, 58218, 58218
100, 14980, 3, 58218, 58218
100, 14990, 3, 58218, 58218
100, 15000, 3, 58218, 58218
100, 15010, 3, 58218, 58218
100, 15020, 3, 58218, 58218
100, 15030, 3, 58218, 58218
100, 15040, 3, 58218, 58218
100, 15050, 3, 58218, 58218
100, 15060, 3, 58218, 58218
100, 15070, 3, 58218, 58218
100, 15080, 3, 58218, 58218
100, 15090, 3, 58218, 58218
100, 15100, 3, 58218, 58218
100, 15110, 3, 58218, 58218
100, 15120, 3, 58218, 58218
100, 15130, 3, 58218, 58218
100, 15140, 3, 58218, 58218
100, 15150, 3, 58218, 58218
100, 15160, 3, 58218, 58218
100, 15170, 3, 58218, 58218
100, 15180, 3, 58218, 58218
100, 15190, 3, 58218, 58218
100, 15200, 3, 58218, 58218
100, 15210, 3, 58218, 58218
100, 15220, 3, 58218, 58218
100, 15230, 3, 58218, 58218
100, 15240, 3, 58218, 58218
100, 15250, 3, 58218, 58218
100, 15260, 3, 58218, 58218
100, 15270, 3, 58218, 58218
100, 15280, 3, 58218, 58218
100, 15290, 3, 58218, 58218
100, 15300, 3, 58218, 58218
100, 15310, 3, 58218, 58218
100, 15320, 3, 58218, 58218
100, 15330, 3, 58218, 58218
100, 15340, 3, 58218, 58218
100, 15350, 3, 58218, 58218
100, 15360, 3, 58218, 58218
100, 15370, 3, 58218, 58218
100, 15380, 3, 58218, 58218
100, 15390, 3, 58179, 58179
100, 15400, 3, 58179, 58179
100, 15410, 3, 58179, 58179
100, 15420, 3, 58179, 58179
100, 15430, 3, 58127, 58179
100, 15440, 3, 58127, 58127
100, 15450, 3, 58127, 58127
100, 15460, 3, 58127, 58127
100, 15470, 3, 58127, 58127
100, 15480, 3, 58127, 58127
100, 15490, 3, 58127, 58127
100, 15500, 3, 58127, 58127
100, 15510, 3, 58127, 58127
100, 15520, 3, 58127, 58127
100, 15530, 3, 58127, 58127
100, 15540, 3, 58127, 58127
100, 15550, 3, 58127, 58127
100, 15560, 3, 58127, 58127
100, 15570, 3, 58127, 58127
100, 15580, 3, 58127, 58127
100, 15590, 3, 58127, 58127
100, 15600, 3, 58127, 58127
100, 15610, 3, 58127, 58127
100, 15620, 3, 58127, 58127
100, 15630, 3, 58127, 58127
100, 15640, 3, 58127, 58127
100, 15650, 3, 58127, 58127
100, 15660, 3, 58127, 58127
100, 15670, 3, 58127, 58127
100, 15680, 3, 58127, 58127
100, 15690, 3, 58127, 58127
100, 15700, 3, 58127, 58127
100, 15710, 3, 58127, 58127
100, 15720, 3, 58127, 58127
100, 15730, 3, 58127, 58127
100, 15740, 3, 58127, 58127
100, 15750, 3, 58127, 58127
100, 15760, 3, 58127, 58127
100, 15770, 3, 58127, 58127
100, 15780, 3, 58127, 58127
100, 15790, 3, 58127, 58127
100, 15800, 3, 58127, 58127
100, 15810, 3, 58127, 58127
100, 15820, 3, 58127, 58127
100, 15830, 3, 58127, 58127
100, 15840, 3, 58127, 58127
100, 15850, 3, 58127, 58127
100, 15860, 3, 58127, 58127
100, 15870, 3, 58127, 58127
100, 15880, 3, 58127, 58127
100, 15890, 3, 58127, 58127
100, 15900, 3, 58127, 58127
100, 15910, 3, 58127, 58127
100, 15920, 3, 58127, 58127
100, 15930, 3, 58127, 58127
100, 15940, 3, 58127, 58127
100, 15950, 3, 58127, 58127
100, 15960, 3, 58127, 58127
100, 15970, 3, 58127, 58127
100, 15980, 3, 58127, 58127
100, 15990, 3, 58127, 58127
100, 16000, 3, 58127, 58127
100, 16010, 3, 58127, 58127
100, 16020, 3, 58127, 58127
100, 16030, 3, 58127, 58127
100, 16040, 3, 58127, 58127
100, 16050, 3, 58127, 58127
100, 16060, 3, 58127, 58127
100, 16070, 3, 58127, 58127
100, 16080, 3, 58068, 58127
100, 16090, 3, 58068, 58068
100, 16100, 3, 58046, 58046
100, 16110, 3, 58046, 58046
100, 16120, 3, 58046, 58046
100, 16130, 3, 57971, 58046
100, 16140, 3, 57971, 57971
100, 16150, 3, 57971, 57971
100, 16160, 3, 57971, 57971
100, 16170, 3, 57971, 57971
100, 16180, 3, 57971, 57971
100, 16190, 3, 57971, 57971
100, 16200, 3, 57971, 57971
100, 16210, 3, 57971, 57971
100, 16220, 3, 57971, 57971
100, 16230, 3, 57971, 57971
100, 16240, 3, 57971, 57971
100, 16250, 3, 57971, 57971
100, 16260, 3, 57971, 57971
100, 16270, 3, 57895, 57895
100, 16280, 3, 57895, 57895
100, 16290, 3, 57895, 57895
100, 16300, 3, 57895, 57895
100, 16310, 3, 57895, 57895
100, 16320, 3, 57895, 57895
100, 16330, 3, 57895, 57895
100, 16340, 3, 57895, 57895
100, 16350, 3, 57895, 57895
100, 16360, 3, 57895, 57895
100, 16370, 3, 57895, 57895
100, 16380, 3, 57895, 57895
100, 16390, 3, 57895, 57895
100, 16400, 3, 57895, 57895
100, 16410, 3, 57895, 57895
100, 16420, 3, 57895, 57895
100, 16430, 3, 57895, 57895
100, 16440, 3, 57812, 57895
100, 16450, 3, 57812, 57812
100, 16460, 3, 57812, 57812
100, 16470, 3, 57812, 57812
100, 16480, 3, 57812, 57812
100, 16490, 3, 57812, 57812
100, 16500, 3, 57812, 57812
100, 16510, 3, 57812, 57812
100, 16520, 3, 57812, 57812
100, 16530, 3, 57812, 57812
100, 16540, 3, 57812, 57812
100, 16550, 3, 57812, 57812
100, 16560, 3, 57812, 57812
100, 16570, 3, 57812, 57812
100, 16580, 3, 57812, 57812
100, 16590, 3, 57812, 57812
100, 16600, 3, 57812, 57812
100, 16610, 3, 57812, 57812
100, 16620, 3, 57812, 57812
100, 16630, 3, 57812, 57812
100, 16640, 3, 57812, 57812
100, 16650, 3, 57812, 57812
100, 16660, 3, 57812, 57812
100, 16670, 3, 57812, 57812
100, 16680, 3, 57812, 57812
100, 16690, 3, 57812, 57812
100, 16700, 3, 57812, 57812
100, 16710, 3, 57812, 57812
100, 16720, 3, 57812, 57812
100, 16730, 3, 57812, 57812
100, 16740, 3, 57812, 57812
100, 16750, 3, 57812, 57812
100, 16760, 3, 57812, 57812
100, 16770, 3, 57587, 57812
100, 16780, 3, 57587, 57587
100, 16790, 3, 57326, 57326
100, 16800, 3, 57244, 57326
100, 16810, 3, 57244, 57244
100, 16820, 3, 57244, 57244
100, 16830, 3, 57244, 57244
100, 16840, 3, 57244, 57244
100, 16850, 3, 57100, 57100
100, 16860, 3, 57100, 57100
100, 16870, 3, 57100, 57100
100, 16880, 3, 57100, 57100
100, 16890, 3, 57100, 57100
100, 16900, 3, 57100, 57100
100, 16910, 3, 57100, 57100
100, 16920, 3, 57100, 57100
100, 16930, 3, 57100, 57100
100, 16940, 3, 57100, 57100
100, 16950, 3, 57100, 57100
100, 16960, 3, 57100, 57100
100, 16970, 3, 57100, 57100
100, 16980, 3, 57100, 57100
100, 16990, 3, 57100, 57100
100, 17000, 3, 57100, 57100
100, 17010, 3, 57100, 57100
100, 17020, 3, 57100, 57100
100, 17030, 3, 57100, 57100
100, 17040, 3, 57100, 57100
100, 17050, 3, 57100, 57100
100, 17060, 3, 57100, 57100
100, 17070, 3, 57100, 57100
100, 17080, 3, 57100, 57100
100, 17090, 3, 57100, 57100
100, 17100, 3, 57100, 57100
100, 17110, 3, 57100, 57100
100, 17120, 3, 57100, 57100
100, 17130, 3, 57100, 57100
100, 17140, 3, 57100, 57100
100, 17150, 3, 57100, 57100
100, 17160, 3, 57100, 57100
100, 17170, 3, 57100, 57100
100, 17180, 3, 57100, 57100
100, 17190, 3, 57100, 57100
100, 17200, 3, 57100, 57100
100, 17210, 3, 57100, 57100
100, 17220, 3, 57100, 57100
100, 17230, 3, 57100, 57100
100, 17240, 3, 57100, 57100
100, 17250, 3, 57100, 57100
100, 17260, 3, 57100, 57100
100, 17270, 3, 57100, 57100
100, 17280, 3, 57100, 57100
100, 17290, 3, 57100, 57100
100, 17300, 3, 57100, 57100
100, 17310, 3, 57100, 57100
100, 17320, 3, 57100, 57100
100, 17330, 3, 57100, 57100
100, 17340, 3, 57100, 57100
100, 17350, 3, 57100, 57100
100, 17360, 3, 57100, 57100
100, 17370, 3, 57100, 57100
100, 17380, 3, 57100, 57100
100, 17390, 3, 57100, 57100
100, 17400, 3, 57067, 57100
100, 17410, 3, 57067, 57067
100, 17420, 3, 57067, 57067
100, 17430, 3, 57067, 57067
100, 17440, 3, 57067, 57067
100, 17450, 3, 57067, 57067
100, 17460, 3, 57067, 57067
100, 17470, 3, 57031, 57031
100, 17480, 3, 57031, 57031
100, 17490, 3, 57031, 57031
100, 17500, 3, 57031, 57031
100, 17510, 3, 57031, 57031
100, 17520, 3, 57031, 57031
100, 17530, 3, 57031, 57031
100, 17540, 3, 57031, 57031
100, 17550, 3, 57031, 57031
100, 17560, 3, 57031, 57031
100, 17570, 3, 57031, 57031
100, 17580, 3, 57031, 57031
100, 17590, 3, 57031, 57031
100, 17600, 3, 57031, 57031
100, 17610, 3, 57031, 57031
100, 17620, 3, 57031, 57031
100, 17630, 3, 57031, 57031
100, 17640, 3, 57031, 57031
100, 17650, 3, 57031, 57031
100, 17660, 3, 57031, 57031
100, 17670, 3, 57031, 57031
100, 17680, 3, 57031, 57031
100, 17690, 3, 57031, 57031
100, 17700, 3, 57031, 57031
100, 17710, 3, 57031, 57031
100, 17720, 3, 57031, 57031
100, 17730, 3, 57031, 57031
100, 17740, 3, 57031, 57031
100, 17750, 3, 57031, 57031
100, 17760, 3, 57031, 57031
100, 17770, 3, 57031, 57031
100, 17780, 3, 57031, 57031
100, 17790, 3, 57031, 57031
100, 17800, 3, 57031, 57031
100, 17810, 3, 57031, 57031
100, 17820, 3, 57031, 57031
100, 17830, 3, 57031, 57031
100, 17840, 3, 56870, 57012
100, 17850, 3, 56870, 56870
100, 17860, 3, 56870, 56870
100, 17870, 3, 56870, 56870
100, 17880, 3, 56870, 56870
100, 17890, 3, 56870, 56870
100, 17900, 3, 56870, 56870
100, 17910, 3, 56870, 56870
100, 17920, 3, 56870, 56870
100, 17930, 3, 56870, 56870
100, 17940, 3, 56870, 56870
100, 17950, 3, 56870, 56870
100, 17960, 3, 56870, 56870
100, 17970, 3, 56870, 56870
100, 17980, 3, 56870, 56870
100, 17990, 3, 56870, 56870
100, 18000, 3, 56870, 56870
100, 18010, 3, 56870, 56870
100, 18020, 3, 56870, 56870
100, 18030, 3, 56870, 56870
100, 18040, 3, 56870, 56870
100, 18050, 3, 56870, 56870
100, 18060, 3, 56870, 56870
100, 18070, 3, 56870, 56870
100, 18080, 3, 56870, 56870
100, 18090, 3, 56870, 56870
100, 18100, 3, 56870, 56870
100, 18110, 3, 56870, 56870
100, 18120, 3, 56870, 56870
100, 18130, 3, 56870, 56870
100, 18140, 3, 56870, 56870
100, 18150, 3, 56870, 56870
100, 18160, 3, 56870, 56870
100, 18170, 3, 56870, 56870
100, 18180, 3, 56870, 56870
100, 18190, 3, 56827, 56827
100, 18200, 3, 56827, 56827
100, 18210, 3, 56827, 56827
100, 18220, 3, 56827, 56827
100, 18230, 3, 56827, 56827
100, 18240, 3, 56827, 56827
100, 18250, 3, 56827, 56827
100, 18260, 3, 56827, 56827
100, 18270, 3, 56827, 56827
100, 18280, 3, 56827, 56827
100, 18290, 3, 56827, 56827
100, 18300, 3, 56827, 56827
100, 18310, 3, 56827, 56827
100, 18320, 3, 56827, 56827
100, 18330, 3, 56827, 56827
100, 18340, 3, 56827, 56827
100, 18350, 3, 56827, 56827
100, 18360, 3, 56827, 56827
100, 18370, 3, 56827, 56827
100, 18380, 3, 56827, 56827
100, 18390, 3, 56827, 56827
100, 18400, 3, 56827, 56827
100, 18410, 3, 56827, 56827
100, 18420, 3, 56827, 56827
100, 18430, 3, 56827, 56827
100, 18440, 3, 56827, 56827
100, 18450, 3, 56827, 56827
100, 18460, 3, 56827, 56827
100, 18470, 3, 56827, 56827
100, 18480, 3, 56827, 56827
100, 18490, 3, 56827, 56827
100, 18500, 3, 56827, 56827
100, 18510, 3, 56827, 56827
100, 18520, 3, 56827, 56827
100, 18530, 3, 56827, 56827
100, 18540, 3, 56827, 56827
100, 18550, 3, 56827, 56827
100, 18560, 3, 56827, 56827
100, 18570, 3, 56810, 56810
100, 18580, 3, 56810, 56810
100, 18590, 3, 56810, 56810
100, 18600, 3, 56810, 56810
100, 18610, 3, 56810, 56810
100, 18620, 3, 56810, 56810
100, 18630, 3, 56810, 56810
100, 18640, 3, 56810, 56810
100, 18650, 3, 56810, 56810
100, 18660, 3, 56810, 56810
100, 18670, 3, 56810, 56810
100, 18680, 3, 56810, 56810
100, 18690, 3, 56810, 56810
100, 18700, 3, 56810, 56810
100, 18710, 3, 56810, 56810
100, 18720, 3, 56810, 56810
100, 18730, 3, 56810, 56810
100, 18740, 3, 56810, 56810
100, 18750, 3, 56810, 56810
100, 18760, 3, 56810, 56810
100, 18770, 3, 56810, 56810
100, 18780, 3, 56810, 56810
100, 18790, 3, 56810, 56810
100, 18800, 3, 56810, 56810
100, 18810, 3, 56810, 56810
100, 18820, 3, 56810, 56810
100, 18830, 3, 56810, 56810
100, 18840, 3, 56810, 56810
100, 18850, 3, 56810, 56810
100, 18860, 3, 56810, 56810
100, 18870, 3, 56810, 56810
100, 18880, 3, 56810, 56810
100, 18890, 3, 56810, 56810
100, 18900, 3, 56810, 56810
100, 18910, 3, 56810, 56810
100, 18920, 3, 56810, 56810
100, 18930, 3, 56810, 56810
100, 18940, 3, 56810, 56810
100, 18950, 3, 56810, 56810
100, 18960, 3, 56810, 56810
100, 18970, 3, 56810, 56810
100, 18980, 3, 56810, 56810
100, 18990, 3, 56810, 56810
100, 19000, 3, 56810, 56810
100, 19010, 3, 56810, 56810
100, 19020, 3, 56810, 56810
100, 19030, 3, 56810, 56810
100, 19040, 3, 56810, 56810
100, 19050, 3, 56810, 56810
100, 19060, 3, 56810, 56810
100, 19070, 3, 56810, 56810
100, 19080, 3, 56810, 56810
100, 19090, 3, 56810, 56810
100, 19100, 3, 56810, 56810
100, 19110, 3, 56810, 56810
100, 19120, 3, 56810, 56810
100, 19130, 3, 56810, 56810
100, 19140, 3, 56810, 56810
100, 19150, 3, 56810, 56810
100, 19160, 3, 56687, 56687
100, 19170, 3, 56687, 56687
100, 19180, 3, 56687, 56687
100, 19190, 3, 56687, 56687
100, 19200, 3, 56687, 56687
100, 19210, 3, 56687, 56687
100, 19220, 3, 56687, 56687
100, 19230, 3, 56687, 56687
100, 19240, 3, 56687, 56687
100, 19250, 3, 56687, 56687
100, 19260, 3, 56687, 56687
100, 19270, 3, 56687, 56687
100, 19280, 3, 56687, 56687
100, 19290, 3, 56687, 56687
100, 19300, 3, 56687, 56687
100, 19310, 3, 56687, 56687
100, 19320, 3, 56687, 56687
100, 19330, 3, 56687, 56687
100, 19340, 3, 56687, 56687
100, 19350, 3, 56687, 56687
100, 19360, 3, 56687, 56687
100, 19370, 3, 56687, 56687
100, 19380, 3, 56687, 56687
100, 19390, 3, 56687, 56687
100, 19400, 3, 56687, 56687
100, 19410, 3, 56687, 56687
100, 19420, 3, 56687, 56687
100, 19430, 3, 56687, 56687
100, 19440, 3, 56687, 56687
100, 19450, 3, 56687, 56687
100, 19460, 3, 56687, 56687
100, 19470, 3, 56687, 56687
100, 19480, 3, 56687, 56687
100, 19490, 3, 56687, 56687
100, 19500, 3, 56687, 56687
100, 19510, 3, 56687, 56687
100, 19520, 3, 56687, 56687
100, 19530, 3, 56687, 56687
100, 19540, 3, 56687, 56687
100, 19550, 3, 56687, 56687
100, 19560, 3, 56687, 56687
100, 19570, 3, 56687, 56687
100, 19580, 3, 56687, 56687
100, 19590, 3, 56687, 56687
100, 19600, 3, 56687, 56687
100, 19610, 3, 56687, 56687
100, 19620, 3, 56687, 56687
100, 19630, 3, 56687, 56687
100, 19640, 3, 56687, 56687
100, 19650, 3, 56687, 56687
100, 19660, 3, 56687, 56687
100, 19670, 3, 56687, 56687
100, 19680, 3, 56687, 56687
100, 19690, 3, 56687, 56687
100, 19700, 3, 56687, 56687
100, 19710, 3, 56687, 56687
100, 19720, 3, 56687, 56687
100, 19730, 3, 56687, 56687
100, 19740, 3, 56687, 56687
100, 19750, 3, 56687, 56687
100, 19760, 3, 56687, 56687
100, 19770, 3, 56687, 56687
100, 19780, 3, 56687, 56687
100, 19790, 3, 56687, 56687
100, 19800, 3, 56687, 56687
100, 19810, 3, 56687, 56687
100, 19820, 3, 56687, 56687
100, 19830, 3, 56687, 56687
100, 19840, 3, 56687, 56687
100, 19850, 3, 56687, 56687
100, 19860, 3, 56687, 56687
100, 19870, 3, 56687, 56687
100, 19880, 3, 56687, 56687
100, 19890, 3, 56687, 56687
100, 19900, 3, 56687, 56687
100, 19910, 3, 56687, 56687
100, 19920, 3, 56687, 56687
100, 19930, 3, 56687, 56687
100, 19940, 3, 56687, 56687
100, 19950, 3, 56687, 56687
100, 19960, 3, 56687, 56687
100, 19970, 3, 56687, 56687
100, 19980, 3, 56687, 56687
100, 19990, 3, 56687, 56687
