Population Size, Generation Count, Repetition, Best Fitness, Median Fitness
50, 0, 12, 737961, 769597
50, 10, 12, 679296, 704356
50, 20, 12, 661319, 666972
50, 30, 12, 645486, 652456
50, 40, 12, 630658, 635133
50, 50, 12, 612661, 619918
50, 60, 12, 597328, 603164
50, 70, 12, 586306, 591969
50, 80, 12, 574508, 580242
50, 90, 12, 562815, 569836
50, 100, 12, 552138, 560154
50, 110, 12, 543278, 548279
50, 120, 12, 532146, 538872
50, 130, 12, 523370, 527378
50, 140, 12, 518261, 521271
50, 150, 12, 512428, 515591
50, 160, 12, 505588, 507975
50, 170, 12, 490435, 495058
50, 180, 12, 481178, 488580
50, 190, 12, 476019, 479536
50, 200, 12, 470325, 475090
50, 210, 12, 463672, 468611
50, 220, 12, 457675, 463249
50, 230, 12, 450441, 454850
50, 240, 12, 444841, 448180
50, 250, 12, 438358, 444397
50, 260, 12, 434168, 436796
50, 270, 12, 428541, 432385
50, 280, 12, 421648, 425314
50, 290, 12, 416509, 419623
50, 300, 12, 410142, 415120
50, 310, 12, 405065, 408323
50, 320, 12, 399909, 403095
50, 330, 12, 394811, 398003
50, 340, 12, 391079, 393826
50, 350, 12, 387772, 390906
50, 360, 12, 385435, 389176
50, 370, 12, 382621, 384661
50, 380, 12, 377802, 381618
50, 390, 12, 374702, 377533
50, 400, 12, 373316, 375966
50, 410, 12, 370137, 373501
50, 420, 12, 367713, 370560
50, 430, 12, 364837, 367824
50, 440, 12, 360851, 364211
50, 450, 12, 358791, 361044
50, 460, 12, 355735, 358676
50, 470, 12, 353677, 358178
50, 480, 12, 348904, 354156
50, 490, 12, 345646, 349862
50, 500, 12, 342549, 346414
50, 510, 12, 340213, 344041
50, 520, 12, 338358, 340269
50, 530, 12, 335322, 338165
50, 540, 12, 331814, 334611
50, 550, 12, 327739, 331602
50, 560, 12, 325772, 329627
50, 570, 12, 324328, 326639
50, 580, 12, 321683, 323130
50, 590, 12, 318049, 321855
50, 600, 12, 315340, 318332
50, 610, 12, 312590, 315419
50, 620, 12, 309670, 313249
50, 630, 12, 307972, 310591
50, 640, 12, 305739, 308447
50, 650, 12, 301674, 304325
50, 660, 12, 300919, 303361
50, 670, 12, 298625, 301393
50, 680, 12, 298143, 300452
50, 690, 12, 296491, 299308
50, 700, 12, 293955, 295360
50, 710, 12, 291288, 293915
50, 720, 12, 285551, 291682
50, 730, 12, 284002, 288266
50, 740, 12, 282016, 284426
50, 750, 12, 278666, 281048
50, 760, 12, 277441, 279940
50, 770, 12, 275484, 279524
50, 780, 12, 272715, 276933
50, 790, 12, 270554, 275386
50, 800, 12, 268906, 270409
50, 810, 12, 266630, 270084
50, 820, 12, 265945, 268497
50, 830, 12, 264895, 267500
50, 840, 12, 263564, 267832
50, 850, 12, 261675, 264861
50, 860, 12, 260127, 263867
50, 870, 12, 259439, 260465
50, 880, 12, 259237, 260883
50, 890, 12, 257468, 259688
50, 900, 12, 255802, 258308
50, 910, 12, 253523, 255771
50, 920, 12, 252223, 254611
50, 930, 12, 250684, 254444
50, 940, 12, 250178, 252146
50, 950, 12, 248724, 251838
50, 960, 12, 246521, 250584
50, 970, 12, 245117, 247172
50, 980, 12, 243520, 246484
50, 990, 12, 242273, 244898
50, 1000, 12, 241924, 244761
50, 1010, 12, 240650, 243652
50, 1020, 12, 239542, 242525
50, 1030, 12, 238028, 240795
50, 1040, 12, 236520, 239521
50, 1050, 12, 235706, 239394
50, 1060, 12, 235075, 236478
50, 1070, 12, 233923, 235497
50, 1080, 12, 232328, 234958
50, 1090, 12, 231878, 233493
50, 1100, 12, 230948, 234196
50, 1110, 12, 229709, 233107
50, 1120, 12, 229104, 231580
50, 1130, 12, 227920, 229518
50, 1140, 12, 225440, 228723
50, 1150, 12, 224773, 226267
50, 1160, 12, 224068, 227060
50, 1170, 12, 222364, 225382
50, 1180, 12, 221879, 223386
50, 1190, 12, 221490, 221990
50, 1200, 12, 220182, 223660
50, 1210, 12, 219842, 220775
50, 1220, 12, 219213, 223104
50, 1230, 12, 219095, 221847
50, 1240, 12, 218164, 222187
50, 1250, 12, 216529, 219357
50, 1260, 12, 215741, 218216
50, 1270, 12, 215151, 217950
50, 1280, 12, 214372, 217333
50, 1290, 12, 213727, 217799
50, 1300, 12, 213044, 215947
50, 1310, 12, 212006, 215718
50, 1320, 12, 210267, 212247
50, 1330, 12, 209720, 212219
50, 1340, 12, 209060, 214344
50, 1350, 12, 207643, 210678
50, 1360, 12, 207125, 209486
50, 1370, 12, 206638, 210119
50, 1380, 12, 206075, 209808
50, 1390, 12, 205269, 208804
50, 1400, 12, 203718, 208384
50, 1410, 12, 202943, 205455
50, 1420, 12, 202523, 205832
50, 1430, 12, 201958, 203173
50, 1440, 12, 201518, 203426
50, 1450, 12, 199914, 202957
50, 1460, 12, 198741, 202380
50, 1470, 12, 198213, 202114
50, 1480, 12, 197733, 200566
50, 1490, 12, 196748, 199111
50, 1500, 12, 196352, 198929
50, 1510, 12, 195250, 196314
50, 1520, 12, 194864, 197062
50, 1530, 12, 194021, 197039
50, 1540, 12, 193593, 195104
50, 1550, 12, 193056, 195683
50, 1560, 12, 191562, 193457
50, 1570, 12, 191418, 195027
50, 1580, 12, 191070, 195074
50, 1590, 12, 188062, 193356
50, 1600, 12, 186527, 188585
50, 1610, 12, 186190, 188335
50, 1620, 12, 185846, 188132
50, 1630, 12, 185509, 185967
50, 1640, 12, 184925, 187692
50, 1650, 12, 184897, 188679
50, 1660, 12, 184285, 187910
50, 1670, 12, 183211, 186936
50, 1680, 12, 182257, 185199
50, 1690, 12, 179946, 181988
50, 1700, 12, 178871, 182935
50, 1710, 12, 178166, 179736
50, 1720, 12, 177082, 180959
50, 1730, 12, 176663, 179853
50, 1740, 12, 175614, 177675
50, 1750, 12, 173714, 178072
50, 1760, 12, 172657, 176150
50, 1770, 12, 172463, 173170
50, 1780, 12, 171690, 173996
50, 1790, 12, 171064, 173686
50, 1800, 12, 170581, 173372
50, 1810, 12, 170403, 172809
50, 1820, 12, 169993, 172545
50, 1830, 12, 169076, 171761
50, 1840, 12, 168862, 169229
50, 1850, 12, 168351, 168963
50, 1860, 12, 168090, 170516
50, 1870, 12, 166552, 169093
50, 1880, 12, 166092, 168774
50, 1890, 12, 165398, 168861
50, 1900, 12, 164416, 167135
50, 1910, 12, 163269, 165571
50, 1920, 12, 162589, 164620
50, 1930, 12, 161684, 164796
50, 1940, 12, 161317, 163574
50, 1950, 12, 161273, 164176
50, 1960, 12, 161076, 164004
50, 1970, 12, 159252, 163696
50, 1980, 12, 158340, 162871
50, 1990, 12, 158340, 160034
50, 2000, 12, 157902, 159933
50, 2010, 12, 157539, 158617
50, 2020, 12, 157146, 160733
50, 2030, 12, 156825, 159239
50, 2040, 12, 156396, 158363
50, 2050, 12, 155489, 157684
50, 2060, 12, 154936, 157284
50, 2070, 12, 154876, 156450
50, 2080, 12, 154635, 157547
50, 2090, 12, 153994, 156532
50, 2100, 12, 153443, 155614
50, 2110, 12, 153094, 153945
50, 2120, 12, 152638, 155037
50, 2130, 12, 152246, 154861
50, 2140, 12, 152050, 153142
50, 2150, 12, 151875, 155140
50, 2160, 12, 151777, 153438
50, 2170, 12, 151656, 153898
50, 2180, 12, 151391, 154012
50, 2190, 12, 151079, 153356
50, 2200, 12, 149852, 152933
50, 2210, 12, 149588, 152584
50, 2220, 12, 149232, 150374
50, 2230, 12, 148948, 152371
50, 2240, 12, 148948, 150587
50, 2250, 12, 148948, 150876
50, 2260, 12, 148941, 150511
50, 2270, 12, 148554, 152086
50, 2280, 12, 148120, 149619
50, 2290, 12, 147989, 150844
50, 2300, 12, 147889, 149130
50, 2310, 12, 147450, 149609
50, 2320, 12, 147039, 148174
50, 2330, 12, 147039, 150389
50, 2340, 12, 146832, 147917
50, 2350, 12, 146156, 148709
50, 2360, 12, 145967, 149950
50, 2370, 12, 145698, 146956
50, 2380, 12, 145391, 147519
50, 2390, 12, 145297, 148821
50, 2400, 12, 144740, 148272
50, 2410, 12, 144558, 145667
50, 2420, 12, 144050, 147584
50, 2430, 12, 143821, 145395
50, 2440, 12, 142920, 145711
50, 2450, 12, 142742, 144451
50, 2460, 12, 142679, 145201
50, 2470, 12, 142378, 144798
50, 2480, 12, 142045, 143246
50, 2490, 12, 141680, 143547
50, 2500, 12, 141679, 144919
50, 2510, 12, 141507, 144010
50, 2520, 12, 141040, 142383
50, 2530, 12, 141040, 143404
50, 2540, 12, 141040, 145282
50, 2550, 12, 140513, 144131
50, 2560, 12, 140104, 142099
50, 2570, 12, 139952, 141833
50, 2580, 12, 139850, 143587
50, 2590, 12, 139813, 139960
50, 2600, 12, 139084, 141454
50, 2610, 12, 138718, 140068
50, 2620, 12, 137530, 139400
50, 2630, 12, 137411, 139914
50, 2640, 12, 137402, 138945
50, 2650, 12, 136779, 141576
50, 2660, 12, 136094, 138374
50, 2670, 12, 135364, 137480
50, 2680, 12, 135346, 137748
50, 2690, 12, 135346, 139677
50, 2700, 12, 134835, 137416
50, 2710, 12, 134407, 134835
50, 2720, 12, 134274, 136775
50, 2730, 12, 134268, 136120
50, 2740, 12, 133613, 136031
50, 2750, 12, 133276, 135024
50, 2760, 12, 132862, 135811
50, 2770, 12, 132711, 135774
50, 2780, 12, 132588, 135581
50, 2790, 12, 132317, 133899
50, 2800, 12, 132232, 134137
50, 2810, 12, 131342, 136611
50, 2820, 12, 131086, 131342
50, 2830, 12, 131086, 132913
50, 2840, 12, 130862, 133040
50, 2850, 12, 130605, 132819
50, 2860, 12, 130232, 131791
50, 2870, 12, 130080, 132727
50, 2880, 12, 129967, 133444
50, 2890, 12, 129897, 132490
50, 2900, 12, 129697, 133118
50, 2910, 12, 129376, 130145
50, 2920, 12, 129370, 131332
50, 2930, 12, 128960, 131212
50, 2940, 12, 128724, 131371
50, 2950, 12, 128408, 131682
50, 2960, 12, 128303, 129728
50, 2970, 12, 127847, 129663
50, 2980, 12, 127571, 129021
50, 2990, 12, 127571, 129038
50, 3000, 12, 127342, 130317
50, 3010, 12, 127322, 130454
50, 3020, 12, 127205, 128984
50, 3030, 12, 126843, 129169
50, 3040, 12, 126843, 129352
50, 3050, 12, 126843, 129704
50, 3060, 12, 126827, 129346
50, 3070, 12, 126731, 128961
50, 3080, 12, 126590, 129038
50, 3090, 12, 126036, 128381
50, 3100, 12, 126036, 129140
50, 3110, 12, 125552, 127105
50, 3120, 12, 125444, 127580
50, 3130, 12, 125144, 127670
50, 3140, 12, 125144, 127218
50, 3150, 12, 124691, 128095
50, 3160, 12, 124094, 127536
50, 3170, 12, 123748, 125833
50, 3180, 12, 123738, 125332
50, 3190, 12, 123641, 126118
50, 3200, 12, 123641, 125666
50, 3210, 12, 123371, 127151
50, 3220, 12, 123371, 125622
50, 3230, 12, 123187, 124977
50, 3240, 12, 122954, 126618
50, 3250, 12, 122781, 125036
50, 3260, 12, 121957, 124221
50, 3270, 12, 121850, 124932
50, 3280, 12, 121789, 123480
50, 3290, 12, 121701, 124219
50, 3300, 12, 121645, 123170
50, 3310, 12, 121529, 124645
50, 3320, 12, 121529, 124473
50, 3330, 12, 121514, 121908
50, 3340, 12, 121467, 124231
50, 3350, 12, 121217, 123794
50, 3360, 12, 120735, 122782
50, 3370, 12, 120735, 123573
50, 3380, 12, 120270, 122856
50, 3390, 12, 120252, 122916
50, 3400, 12, 120222, 121244
50, 3410, 12, 119357, 122193
50, 3420, 12, 119357, 120646
50, 3430, 12, 119357, 121557
50, 3440, 12, 119339, 120338
50, 3450, 12, 119339, 121164
50, 3460, 12, 119339, 122120
50, 3470, 12, 119276, 122547
50, 3480, 12, 119164, 120720
50, 3490, 12, 119034, 121973
50, 3500, 12, 119034, 119876
50, 3510, 12, 118911, 120544
50, 3520, 12, 118776, 119871
50, 3530, 12, 118504, 120864
50, 3540, 12, 118323, 122611
50, 3550, 12, 118323, 119846
50, 3560, 12, 117683, 119049
50, 3570, 12, 117683, 118378
50, 3580, 12, 117344, 120127
50, 3590, 12, 117287, 119435
50, 3600, 12, 116875, 119504
50, 3610, 12, 116875, 118712
50, 3620, 12, 116699, 118063
50, 3630, 12, 116620, 121268
50, 3640, 12, 116588, 119211
50, 3650, 12, 116588, 118725
50, 3660, 12, 115768, 118693
50, 3670, 12, 115431, 117767
50, 3680, 12, 115260, 117733
50, 3690, 12, 115176, 118161
50, 3700, 12, 115176, 117593
50, 3710, 12, 115084, 117471
50, 3720, 12, 115019, 117249
50, 3730, 12, 115019, 116370
50, 3740, 12, 114944, 118342
50, 3750, 12, 114479, 115563
50, 3760, 12, 114426, 116849
50, 3770, 12, 114067, 118196
50, 3780, 12, 114067, 115501
50, 3790, 12, 113982, 115196
50, 3800, 12, 113908, 116144
50, 3810, 12, 113485, 116094
50, 3820, 12, 113114, 115596
50, 3830, 12, 113114, 114235
50, 3840, 12, 113114, 114785
50, 3850, 12, 113072, 116516
50, 3860, 12, 112694, 114849
50, 3870, 12, 112552, 114202
50, 3880, 12, 112245, 113958
50, 3890, 12, 112227, 114308
50, 3900, 12, 111936, 112727
50, 3910, 12, 111935, 113569
50, 3920, 12, 111730, 113040
50, 3930, 12, 111730, 114439
50, 3940, 12, 111490, 113469
50, 3950, 12, 111479, 113811
50, 3960, 12, 111042, 113677
50, 3970, 12, 110827, 111042
50, 3980, 12, 110827, 113344
50, 3990, 12, 110827, 113031
50, 4000, 12, 110723, 114267
50, 4010, 12, 110640, 113079
50, 4020, 12, 109945, 110614
50, 4030, 12, 109945, 110789
50, 4040, 12, 109701, 112515
50, 4050, 12, 109701, 110691
50, 4060, 12, 109701, 111375
50, 4070, 12, 109490, 113819
50, 4080, 12, 109490, 113374
50, 4090, 12, 109245, 111903
50, 4100, 12, 109216, 111469
50, 4110, 12, 108815, 109757
50, 4120, 12, 108744, 109122
50, 4130, 12, 108627, 109998
50, 4140, 12, 108627, 111375
50, 4150, 12, 108147, 110403
50, 4160, 12, 108087, 108147
50, 4170, 12, 108087, 110453
50, 4180, 12, 107887, 108090
50, 4190, 12, 107887, 107887
50, 4200, 12, 107847, 109701
50, 4210, 12, 107791, 110171
50, 4220, 12, 107791, 109213
50, 4230, 12, 107791, 108833
50, 4240, 12, 107791, 108593
50, 4250, 12, 107548, 107791
50, 4260, 12, 107548, 109861
50, 4270, 12, 107548, 108124
50, 4280, 12, 107548, 108727
50, 4290, 12, 107210, 110299
50, 4300, 12, 106956, 107542
50, 4310, 12, 106696, 108184
50, 4320, 12, 106646, 109085
50, 4330, 12, 106555, 109974
50, 4340, 12, 106462, 108258
50, 4350, 12, 106336, 108756
50, 4360, 12, 106226, 109593
50, 4370, 12, 106125, 107402
50, 4380, 12, 105909, 107701
50, 4390, 12, 105909, 107434
50, 4400, 12, 105675, 106107
50, 4410, 12, 105392, 108820
50, 4420, 12, 105332, 105998
50, 4430, 12, 105123, 107029
50, 4440, 12, 104923, 107254
50, 4450, 12, 104703, 108332
50, 4460, 12, 104163, 106109
50, 4470, 12, 104026, 105226
50, 4480, 12, 104026, 104848
50, 4490, 12, 103888, 106298
50, 4500, 12, 103724, 103789
50, 4510, 12, 103251, 104857
50, 4520, 12, 103251, 106795
50, 4530, 12, 103192, 105174
50, 4540, 12, 103192, 103428
50, 4550, 12, 103192, 105224
50, 4560, 12, 102921, 105051
50, 4570, 12, 102755, 105530
50, 4580, 12, 102755, 103004
50, 4590, 12, 102755, 104931
50, 4600, 12, 102755, 102755
50, 4610, 12, 102194, 104581
50, 4620, 12, 101969, 104210
50, 4630, 12, 101951, 103662
50, 4640, 12, 101951, 103419
50, 4650, 12, 101898, 104982
50, 4660, 12, 101782, 103639
50, 4670, 12, 101659, 101782
50, 4680, 12, 101659, 101659
50, 4690, 12, 101584, 105035
50, 4700, 12, 101528, 102352
50, 4710, 12, 101457, 105062
50, 4720, 12, 101313, 104669
50, 4730, 12, 101280, 102039
50, 4740, 12, 100993, 104931
50, 4750, 12, 100940, 103601
50, 4760, 12, 100940, 102761
50, 4770, 12, 100619, 102277
50, 4780, 12, 100572, 103003
50, 4790, 12, 100422, 103322
50, 4800, 12, 100201, 101280
50, 4810, 12, 100120, 100783
50, 4820, 12, 99891, 102510
50, 4830, 12, 99820, 101447
50, 4840, 12, 99613, 99728
50, 4850, 12, 99613, 100556
50, 4860, 12, 99613, 101119
50, 4870, 12, 99194, 101128
50, 4880, 12, 99194, 101438
50, 4890, 12, 99194, 100828
50, 4900, 12, 99194, 99493
50, 4910, 12, 98939, 102121
50, 4920, 12, 98939, 101183
50, 4930, 12, 98939, 100701
50, 4940, 12, 98873, 99990
50, 4950, 12, 98605, 101040
50, 4960, 12, 98562, 100497
50, 4970, 12, 98432, 101897
50, 4980, 12, 98432, 100490
50, 4990, 12, 98034, 100571
50, 5000, 12, 98034, 99439
50, 5010, 12, 98034, 101894
50, 5020, 12, 97971, 100423
50, 5030, 12, 97971, 101451
50, 5040, 12, 97881, 99784
50, 5050, 12, 97881, 102041
50, 5060, 12, 97856, 100468
50, 5070, 12, 97798, 100420
50, 5080, 12, 97651, 99715
50, 5090, 12, 97593, 100039
50, 5100, 12, 97496, 99611
50, 5110, 12, 97496, 98723
50, 5120, 12, 97400, 100165
50, 5130, 12, 97400, 100041
50, 5140, 12, 97306, 98926
50, 5150, 12, 97304, 99647
50, 5160, 12, 96820, 97845
50, 5170, 12, 96820, 97720
50, 5180, 12, 96647, 98119
50, 5190, 12, 96643, 99676
50, 5200, 12, 96443, 98685
50, 5210, 12, 96443, 98194
50, 5220, 12, 96144, 97600
50, 5230, 12, 95944, 97468
50, 5240, 12, 95808, 98231
50, 5250, 12, 95596, 96509
50, 5260, 12, 95473, 96852
50, 5270, 12, 95473, 96508
50, 5280, 12, 95381, 96252
50, 5290, 12, 95082, 97070
50, 5300, 12, 94886, 97897
50, 5310, 12, 94251, 96480
50, 5320, 12, 94251, 94251
50, 5330, 12, 94085, 96125
50, 5340, 12, 93953, 93993
50, 5350, 12, 93828, 97329
50, 5360, 12, 93553, 94692
50, 5370, 12, 93553, 94425
50, 5380, 12, 93553, 95857
50, 5390, 12, 92835, 93553
50, 5400, 12, 92552, 95427
50, 5410, 12, 92488, 93431
50, 5420, 12, 92488, 96115
50, 5430, 12, 92243, 94205
50, 5440, 12, 92243, 94574
50, 5450, 12, 92195, 95206
50, 5460, 12, 92195, 93135
50, 5470, 12, 92195, 95110
50, 5480, 12, 92054, 93931
50, 5490, 12, 92054, 94160
50, 5500, 12, 91985, 93009
50, 5510, 12, 91827, 93658
50, 5520, 12, 91743, 91743
50, 5530, 12, 91743, 94436
50, 5540, 12, 91544, 93106
50, 5550, 12, 91544, 91544
50, 5560, 12, 91466, 93986
50, 5570, 12, 91252, 91252
50, 5580, 12, 91252, 93426
50, 5590, 12, 91252, 91252
50, 5600, 12, 91124, 94683
50, 5610, 12, 91124, 92757
50, 5620, 12, 91124, 91124
50, 5630, 12, 91067, 91124
50, 5640, 12, 91043, 92378
50, 5650, 12, 90952, 93735
50, 5660, 12, 90732, 90881
50, 5670, 12, 90613, 90732
50, 5680, 12, 90530, 91114
50, 5690, 12, 90388, 92410
50, 5700, 12, 90388, 90388
50, 5710, 12, 90388, 91094
50, 5720, 12, 90242, 90312
50, 5730, 12, 90242, 90941
50, 5740, 12, 90242, 92614
50, 5750, 12, 90242, 92616
50, 5760, 12, 90192, 91432
50, 5770, 12, 90192, 91238
50, 5780, 12, 89974, 90192
50, 5790, 12, 89974, 90484
50, 5800, 12, 89781, 89974
50, 5810, 12, 89781, 92893
50, 5820, 12, 89740, 91041
50, 5830, 12, 89740, 91458
50, 5840, 12, 89491, 91688
50, 5850, 12, 89491, 90429
50, 5860, 12, 89292, 90402
50, 5870, 12, 89292, 90265
50, 5880, 12, 89292, 90904
50, 5890, 12, 89292, 92780
50, 5900, 12, 89160, 89292
50, 5910, 12, 89059, 89059
50, 5920, 12, 89058, 89878
50, 5930, 12, 88950, 90319
50, 5940, 12, 88891, 90653
50, 5950, 12, 88891, 91477
50, 5960, 12, 88566, 90088
50, 5970, 12, 88566, 88754
50, 5980, 12, 88323, 91794
50, 5990, 12, 88323, 90358
50, 6000, 12, 88323, 91883
50, 6010, 12, 87948, 88206
50, 6020, 12, 87942, 90035
50, 6030, 12, 87942, 90088
50, 6040, 12, 87752, 90580
50, 6050, 12, 87752, 87752
50, 6060, 12, 87705, 90960
50, 6070, 12, 87505, 89938
50, 6080, 12, 87443, 87505
50, 6090, 12, 87443, 89257
50, 6100, 12, 87443, 89556
50, 6110, 12, 87370, 87443
50, 6120, 12, 87287, 89784
50, 6130, 12, 87095, 89241
50, 6140, 12, 87095, 88690
50, 6150, 12, 86954, 89434
50, 6160, 12, 86954, 88256
50, 6170, 12, 86954, 88596
50, 6180, 12, 86954, 88034
50, 6190, 12, 86954, 88286
50, 6200, 12, 86954, 86954
50, 6210, 12, 86940, 89501
50, 6220, 12, 86775, 87846
50, 6230, 12, 86775, 86775
50, 6240, 12, 86775, 90908
50, 6250, 12, 86775, 88472
50, 6260, 12, 86775, 86775
50, 6270, 12, 86775, 87914
50, 6280, 12, 86775, 86775
50, 6290, 12, 86754, 88053
50, 6300, 12, 86742, 86754
50, 6310, 12, 86742, 87436
50, 6320, 12, 86546, 86667
50, 6330, 12, 86546, 86546
50, 6340, 12, 86261, 87707
50, 6350, 12, 86061, 86261
50, 6360, 12, 86039, 88697
50, 6370, 12, 85940, 87130
50, 6380, 12, 85940, 85940
50, 6390, 12, 85903, 87210
50, 6400, 12, 85786, 87355
50, 6410, 12, 85365, 85786
50, 6420, 12, 85365, 86424
50, 6430, 12, 84896, 85365
50, 6440, 12, 84896, 87689
50, 6450, 12, 84865, 85156
50, 6460, 12, 84865, 84865
50, 6470, 12, 84865, 85002
50, 6480, 12, 84683, 86620
50, 6490, 12, 84669, 87191
50, 6500, 12, 84524, 87062
50, 6510, 12, 84524, 84524
50, 6520, 12, 84268, 85581
50, 6530, 12, 84268, 86008
50, 6540, 12, 84268, 86736
50, 6550, 12, 84241, 85191
50, 6560, 12, 84241, 86144
50, 6570, 12, 84102, 84998
50, 6580, 12, 83764, 85673
50, 6590, 12, 83764, 84731
50, 6600, 12, 83764, 83764
50, 6610, 12, 83560, 85465
50, 6620, 12, 83457, 86018
50, 6630, 12, 83348, 83457
50, 6640, 12, 83225, 84948
50, 6650, 12, 83207, 84299
50, 6660, 12, 83204, 83348
50, 6670, 12, 83204, 85090
50, 6680, 12, 83204, 83204
50, 6690, 12, 83135, 85434
50, 6700, 12, 83135, 83204
50, 6710, 12, 83003, 84721
50, 6720, 12, 82927, 86820
50, 6730, 12, 82927, 85142
50, 6740, 12, 82927, 84115
50, 6750, 12, 82847, 84615
50, 6760, 12, 82751, 83141
50, 6770, 12, 82751, 83165
50, 6780, 12, 82747, 82751
50, 6790, 12, 82747, 84465
50, 6800, 12, 82747, 83307
50, 6810, 12, 82747, 85532
50, 6820, 12, 82747, 85465
50, 6830, 12, 82547, 83756
50, 6840, 12, 82547, 83634
50, 6850, 12, 82547, 82547
50, 6860, 12, 82547, 83806
50, 6870, 12, 82547, 84216
50, 6880, 12, 82547, 84632
50, 6890, 12, 82547, 82547
50, 6900, 12, 82536, 84460
50, 6910, 12, 82382, 82695
50, 6920, 12, 82382, 83659
50, 6930, 12, 82382, 83725
50, 6940, 12, 82382, 84632
50, 6950, 12, 82274, 82382
50, 6960, 12, 82274, 82274
50, 6970, 12, 82274, 83637
50, 6980, 12, 82274, 84286
50, 6990, 12, 82274, 83150
50, 7000, 12, 82080, 82080
50, 7010, 12, 82080, 82839
50, 7020, 12, 82080, 82080
50, 7030, 12, 82080, 85085
50, 7040, 12, 81977, 81977
50, 7050, 12, 81977, 82386
50, 7060, 12, 81970, 81977
50, 7070, 12, 81970, 84075
50, 7080, 12, 81970, 84229
50, 7090, 12, 81806, 82941
50, 7100, 12, 81782, 84679
50, 7110, 12, 81612, 83537
50, 7120, 12, 81551, 83459
50, 7130, 12, 81446, 82608
50, 7140, 12, 81416, 82122
50, 7150, 12, 81416, 84652
50, 7160, 12, 81205, 82820
50, 7170, 12, 81205, 83200
50, 7180, 12, 81187, 82309
50, 7190, 12, 81187, 81187
50, 7200, 12, 81131, 83012
50, 7210, 12, 81131, 83328
50, 7220, 12, 81072, 81131
50, 7230, 12, 80915, 83761
50, 7240, 12, 80915, 81115
50, 7250, 12, 80774, 82222
50, 7260, 12, 80774, 81818
50, 7270, 12, 80741, 83125
50, 7280, 12, 80658, 82238
50, 7290, 12, 80575, 81203
50, 7300, 12, 80575, 82078
50, 7310, 12, 80179, 81710
50, 7320, 12, 80085, 80179
50, 7330, 12, 79825, 80900
50, 7340, 12, 79825, 79825
50, 7350, 12, 79825, 79825
50, 7360, 12, 79766, 79825
50, 7370, 12, 79766, 81212
50, 7380, 12, 79766, 80729
50, 7390, 12, 79766, 79766
50, 7400, 12, 79766, 81778
50, 7410, 12, 79766, 81179
50, 7420, 12, 79766, 79766
50, 7430, 12, 79766, 80366
50, 7440, 12, 79766, 82815
50, 7450, 12, 79766, 80631
50, 7460, 12, 79766, 81234
50, 7470, 12, 79766, 79766
50, 7480, 12, 79690, 81661
50, 7490, 12, 79415, 81569
50, 7500, 12, 79415, 80861
50, 7510, 12, 79415, 81258
50, 7520, 12, 79415, 81112
50, 7530, 12, 79415, 80099
50, 7540, 12, 79415, 79474
50, 7550, 12, 79415, 80776
50, 7560, 12, 79415, 79415
50, 7570, 12, 79415, 79921
50, 7580, 12, 79351, 81144
50, 7590, 12, 79351, 80378
50, 7600, 12, 79351, 80880
50, 7610, 12, 79274, 81823
50, 7620, 12, 79221, 79853
50, 7630, 12, 79221, 79221
50, 7640, 12, 79221, 79221
50, 7650, 12, 79214, 79221
50, 7660, 12, 79214, 80214
50, 7670, 12, 79214, 80425
50, 7680, 12, 78491, 79214
50, 7690, 12, 78491, 78491
50, 7700, 12, 78234, 79396
50, 7710, 12, 78234, 78670
50, 7720, 12, 78234, 78234
50, 7730, 12, 78234, 80140
50, 7740, 12, 78234, 80337
50, 7750, 12, 78234, 78406
50, 7760, 12, 78159, 78159
50, 7770, 12, 78029, 80258
50, 7780, 12, 78029, 80075
50, 7790, 12, 77846, 79330
50, 7800, 12, 77846, 78879
50, 7810, 12, 77846, 77988
50, 7820, 12, 77846, 79134
50, 7830, 12, 77846, 77846
50, 7840, 12, 77800, 80009
50, 7850, 12, 77800, 79599
50, 7860, 12, 77800, 77800
50, 7870, 12, 77800, 78296
50, 7880, 12, 77800, 77800
50, 7890, 12, 77800, 79182
50, 7900, 12, 77800, 79002
50, 7910, 12, 77800, 77898
50, 7920, 12, 77800, 78291
50, 7930, 12, 77757, 78314
50, 7940, 12, 77757, 78962
50, 7950, 12, 77757, 79063
50, 7960, 12, 77692, 77808
50, 7970, 12, 77692, 80344
50, 7980, 12, 77692, 80499
50, 7990, 12, 77692, 78647
50, 8000, 12, 77692, 79391
50, 8010, 12, 77692, 80158
50, 8020, 12, 77692, 77692
50, 8030, 12, 77692, 79647
50, 8040, 12, 77269, 77692
50, 8050, 12, 77269, 77269
50, 8060, 12, 77269, 77754
50, 8070, 12, 77269, 77269
50, 8080, 12, 77269, 77574
50, 8090, 12, 77269, 78323
50, 8100, 12, 77269, 77269
50, 8110, 12, 77269, 77849
50, 8120, 12, 77269, 78536
50, 8130, 12, 77269, 77639
50, 8140, 12, 77128, 79266
50, 8150, 12, 76928, 76928
50, 8160, 12, 76876, 77292
50, 8170, 12, 76876, 78157
50, 8180, 12, 76643, 78696
50, 8190, 12, 76643, 77208
50, 8200, 12, 76509, 76509
50, 8210, 12, 76439, 76496
50, 8220, 12, 76439, 76439
50, 8230, 12, 76439, 76439
50, 8240, 12, 76183, 78080
50, 8250, 12, 76183, 77247
50, 8260, 12, 76077, 76077
50, 8270, 12, 76077, 76821
50, 8280, 12, 76077, 78968
50, 8290, 12, 75964, 77677
50, 8300, 12, 75964, 78966
50, 8310, 12, 75950, 75950
50, 8320, 12, 75950, 77970
50, 8330, 12, 75950, 75950
50, 8340, 12, 75942, 75950
50, 8350, 12, 75942, 75942
50, 8360, 12, 75942, 76142
50, 8370, 12, 75942, 77327
50, 8380, 12, 75942, 75942
50, 8390, 12, 75826, 76313
50, 8400, 12, 75826, 75826
50, 8410, 12, 75639, 75826
50, 8420, 12, 75639, 77756
50, 8430, 12, 75585, 75639
50, 8440, 12, 75544, 75585
50, 8450, 12, 75544, 77491
50, 8460, 12, 75525, 77268
50, 8470, 12, 75385, 77845
50, 8480, 12, 75385, 75385
50, 8490, 12, 75269, 75269
50, 8500, 12, 75269, 76512
50, 8510, 12, 75269, 76857
50, 8520, 12, 75269, 75269
50, 8530, 12, 75269, 75269
50, 8540, 12, 75205, 75269
50, 8550, 12, 75205, 76417
50, 8560, 12, 75205, 76361
50, 8570, 12, 75205, 77140
50, 8580, 12, 75205, 75205
50, 8590, 12, 75188, 77105
50, 8600, 12, 75188, 75188
50, 8610, 12, 75036, 75209
50, 8620, 12, 75036, 75036
50, 8630, 12, 75025, 75025
50, 8640, 12, 75025, 77130
50, 8650, 12, 74710, 76763
50, 8660, 12, 74697, 76068
50, 8670, 12, 74697, 74937
50, 8680, 12, 74679, 78390
50, 8690, 12, 74679, 74950
50, 8700, 12, 74620, 76033
50, 8710, 12, 74620, 76289
50, 8720, 12, 74620, 74620
50, 8730, 12, 74557, 75652
50, 8740, 12, 74557, 76106
50, 8750, 12, 74475, 76877
50, 8760, 12, 74417, 74475
50, 8770, 12, 74400, 76538
50, 8780, 12, 74400, 74400
50, 8790, 12, 74359, 74400
50, 8800, 12, 74359, 74359
50, 8810, 12, 74359, 74359
50, 8820, 12, 74359, 74359
50, 8830, 12, 74359, 74359
50, 8840, 12, 74359, 74788
50, 8850, 12, 74218, 74359
50, 8860, 12, 74218, 74741
50, 8870, 12, 74157, 74157
50, 8880, 12, 73853, 74368
50, 8890, 12, 73837, 73853
50, 8900, 12, 73725, 73837
50, 8910, 12, 73660, 73725
50, 8920, 12, 73660, 74568
50, 8930, 12, 73660, 73660
50, 8940, 12, 73660, 74660
50, 8950, 12, 73660, 73660
50, 8960, 12, 73410, 74445
50, 8970, 12, 73410, 75816
50, 8980, 12, 73316, 74744
50, 8990, 12, 73316, 73316
50, 9000, 12, 73316, 75869
50, 9010, 12, 73316, 73316
50, 9020, 12, 73316, 75547
50, 9030, 12, 73316, 73316
50, 9040, 12, 73316, 73316
50, 9050, 12, 73316, 74291
50, 9060, 12, 73316, 73316
50, 9070, 12, 73316, 74678
50, 9080, 12, 73316, 73316
50, 9090, 12, 73316, 75722
50, 9100, 12, 73316, 75776
50, 9110, 12, 73316, 73316
50, 9120, 12, 73133, 73316
50, 9130, 12, 73133, 73133
50, 9140, 12, 73086, 74742
50, 9150, 12, 73086, 73086
50, 9160, 12, 73086, 73866
50, 9170, 12, 72871, 73086
50, 9180, 12, 72753, 73664
50, 9190, 12, 72753, 72753
50, 9200, 12, 72753, 72753
50, 9210, 12, 72674, 72753
50, 9220, 12, 72674, 72674
50, 9230, 12, 72649, 73691
50, 9240, 12, 72649, 73180
50, 9250, 12, 72567, 72649
50, 9260, 12, 72567, 74329
50, 9270, 12, 72466, 72567
50, 9280, 12, 72466, 72466
50, 9290, 12, 72466, 72466
50, 9300, 12, 72466, 72466
50, 9310, 12, 72466, 72466
50, 9320, 12, 72433, 72648
50, 9330, 12, 72357, 73002
50, 9340, 12, 72357, 72357
50, 9350, 12, 72357, 72357
50, 9360, 12, 72357, 72357
50, 9370, 12, 72357, 72357
50, 9380, 12, 72357, 74682
50, 9390, 12, 72309, 72660
50, 9400, 12, 72309, 72509
50, 9410, 12, 72309, 72309
50, 9420, 12, 72309, 74762
50, 9430, 12, 72293, 72293
50, 9440, 12, 72293, 73666
50, 9450, 12, 72255, 72255
50, 9460, 12, 72255, 72255
50, 9470, 12, 72255, 73281
50, 9480, 12, 72255, 72255
50, 9490, 12, 72255, 72255
50, 9500, 12, 72255, 72255
50, 9510, 12, 72255, 73580
50, 9520, 12, 72255, 73685
50, 9530, 12, 72228, 74009
50, 9540, 12, 72210, 72228
50, 9550, 12, 72151, 72210
50, 9560, 12, 72080, 72080
50, 9570, 12, 72080, 72080
50, 9580, 12, 71997, 71997
50, 9590, 12, 71737, 71997
50, 9600, 12, 71737, 71737
50, 9610, 12, 71714, 71737
50, 9620, 12, 71668, 72885
50, 9630, 12, 71668, 71668
50, 9640, 12, 71668, 71668
50, 9650, 12, 71668, 71668
50, 9660, 12, 71668, 73429
50, 9670, 12, 71658, 71668
50, 9680, 12, 71658, 71658
50, 9690, 12, 71658, 71658
50, 9700, 12, 71658, 73397
50, 9710, 12, 71658, 71712
50, 9720, 12, 71658, 71658
50, 9730, 12, 71658, 71658
50, 9740, 12, 71658, 71658
50, 9750, 12, 71514, 74048
50, 9760, 12, 71437, 71514
50, 9770, 12, 71437, 72669
50, 9780, 12, 71437, 71437
50, 9790, 12, 71437, 71437
50, 9800, 12, 71437, 71437
50, 9810, 12, 71437, 71437
50, 9820, 12, 71437, 73058
50, 9830, 12, 71437, 71437
50, 9840, 12, 71437, 73437
50, 9850, 12, 71437, 72465
50, 9860, 12, 71437, 72469
50, 9870, 12, 71437, 71437
50, 9880, 12, 71437, 71437
50, 9890, 12, 71419, 71437
50, 9900, 12, 71419, 71419
50, 9910, 12, 71419, 73156
50, 9920, 12, 71419, 71602
50, 9930, 12, 71419, 71419
50, 9940, 12, 71419, 71419
50, 9950, 12, 71419, 71419
50, 9960, 12, 71399, 72588
50, 9970, 12, 71333, 72669
50, 9980, 12, 71333, 71333
50, 9990, 12, 71333, 71960
50, 10000, 12, 71175, 71790
50, 10010, 12, 71175, 71175
50, 10020, 12, 71175, 71499
50, 10030, 12, 70982, 71175
50, 10040, 12, 70982, 70982
50, 10050, 12, 70982, 70982
50, 10060, 12, 70908, 70908
50, 10070, 12, 70908, 71297
50, 10080, 12, 70908, 70908
50, 10090, 12, 70801, 70801
50, 10100, 12, 70801, 70801
50, 10110, 12, 70801, 70801
50, 10120, 12, 70801, 72077
50, 10130, 12, 70713, 70801
50, 10140, 12, 70685, 71222
50, 10150, 12, 70685, 70685
50, 10160, 12, 70634, 70634
50, 10170, 12, 70634, 70634
50, 10180, 12, 70526, 70634
50, 10190, 12, 70526, 70526
50, 10200, 12, 70526, 70526
50, 10210, 12, 70508, 71196
50, 10220, 12, 70508, 72765
50, 10230, 12, 70508, 70508
50, 10240, 12, 70508, 71148
50, 10250, 12, 70490, 70508
50, 10260, 12, 70490, 70490
50, 10270, 12, 70490, 70490
50, 10280, 12, 70398, 71099
50, 10290, 12, 70360, 70796
50, 10300, 12, 70360, 70360
50, 10310, 12, 70360, 71761
50, 10320, 12, 70360, 70360
50, 10330, 12, 70360, 70360
50, 10340, 12, 70360, 70360
50, 10350, 12, 70360, 72141
50, 10360, 12, 70356, 71436
50, 10370, 12, 70356, 70356
50, 10380, 12, 70356, 70356
50, 10390, 12, 70280, 70280
50, 10400, 12, 70280, 70280
50, 10410, 12, 70280, 70280
50, 10420, 12, 70280, 71437
50, 10430, 12, 70280, 70280
50, 10440, 12, 70280, 70280
50, 10450, 12, 70280, 72089
50, 10460, 12, 70280, 70480
50, 10470, 12, 70239, 70239
50, 10480, 12, 70239, 70239
50, 10490, 12, 70239, 70239
50, 10500, 12, 70239, 70239
50, 10510, 12, 70232, 70232
50, 10520, 12, 70185, 70232
50, 10530, 12, 70185, 70185
50, 10540, 12, 70185, 71468
50, 10550, 12, 70185, 70185
50, 10560, 12, 70045, 70185
50, 10570, 12, 70045, 70045
50, 10580, 12, 69989, 69989
50, 10590, 12, 69989, 69989
50, 10600, 12, 69989, 69989
50, 10610, 12, 69989, 69989
50, 10620, 12, 69989, 69989
50, 10630, 12, 69989, 69989
50, 10640, 12, 69989, 69989
50, 10650, 12, 69989, 69989
50, 10660, 12, 69989, 69989
50, 10670, 12, 69989, 69989
50, 10680, 12, 69989, 69989
50, 10690, 12, 69989, 69989
50, 10700, 12, 69989, 69989
50, 10710, 12, 69989, 69989
50, 10720, 12, 69989, 69989
50, 10730, 12, 69989, 69989
50, 10740, 12, 69989, 69989
50, 10750, 12, 69989, 71410
50, 10760, 12, 69950, 70555
50, 10770, 12, 69950, 69950
50, 10780, 12, 69950, 69950
50, 10790, 12, 69950, 70116
50, 10800, 12, 69950, 69950
50, 10810, 12, 69950, 69950
50, 10820, 12, 69950, 71545
50, 10830, 12, 69950, 70465
50, 10840, 12, 69950, 71201
50, 10850, 12, 69950, 69950
50, 10860, 12, 69950, 69950
50, 10870, 12, 69950, 70225
50, 10880, 12, 69950, 69950
50, 10890, 12, 69950, 69950
50, 10900, 12, 69950, 69950
50, 10910, 12, 69950, 71240
50, 10920, 12, 69950, 69950
50, 10930, 12, 69950, 69950
50, 10940, 12, 69950, 69950
50, 10950, 12, 69950, 69950
50, 10960, 12, 69950, 69950
50, 10970, 12, 69950, 69950
50, 10980, 12, 69932, 69932
50, 10990, 12, 69932, 70345
50, 11000, 12, 69932, 69932
50, 11010, 12, 69932, 69932
50, 11020, 12, 69932, 69932
50, 11030, 12, 69932, 70195
50, 11040, 12, 69932, 69932
50, 11050, 12, 69867, 69932
50, 11060, 12, 69867, 69867
50, 11070, 12, 69867, 69867
50, 11080, 12, 69867, 69867
50, 11090, 12, 69867, 70862
50, 11100, 12, 69867, 69867
50, 11110, 12, 69867, 69867
50, 11120, 12, 69855, 69867
50, 11130, 12, 69816, 69855
50, 11140, 12, 69816, 69816
50, 11150, 12, 69816, 69816
50, 11160, 12, 69816, 69816
50, 11170, 12, 69816, 69816
50, 11180, 12, 69816, 69816
50, 11190, 12, 69816, 70726
50, 11200, 12, 69799, 69799
50, 11210, 12, 69799, 69799
50, 11220, 12, 69799, 69799
50, 11230, 12, 69716, 69716
50, 11240, 12, 69716, 69716
50, 11250, 12, 69716, 69716
50, 11260, 12, 69716, 71393
50, 11270, 12, 69611, 69716
50, 11280, 12, 69495, 69495
50, 11290, 12, 69495, 70662
50, 11300, 12, 69495, 69495
50, 11310, 12, 69495, 69495
50, 11320, 12, 69495, 69495
50, 11330, 12, 69495, 69495
50, 11340, 12, 69495, 69495
50, 11350, 12, 69475, 69475
50, 11360, 12, 69475, 69475
50, 11370, 12, 69475, 69830
50, 11380, 12, 69417, 69417
50, 11390, 12, 69417, 69417
50, 11400, 12, 69351, 69351
50, 11410, 12, 69351, 70694
50, 11420, 12, 69351, 70338
50, 11430, 12, 69351, 69351
50, 11440, 12, 69351, 69351
50, 11450, 12, 69351, 69351
50, 11460, 12, 69351, 69351
50, 11470, 12, 69351, 70236
50, 11480, 12, 69351, 69351
50, 11490, 12, 69292, 69351
50, 11500, 12, 69292, 69292
50, 11510, 12, 69292, 71120
50, 11520, 12, 69292, 69292
50, 11530, 12, 69292, 69292
50, 11540, 12, 69292, 69292
50, 11550, 12, 69263, 72093
50, 11560, 12, 69263, 69263
50, 11570, 12, 69263, 69263
50, 11580, 12, 69104, 69104
50, 11590, 12, 69104, 70489
50, 11600, 12, 69104, 69104
50, 11610, 12, 69014, 69014
50, 11620, 12, 69014, 69014
50, 11630, 12, 69014, 69160
50, 11640, 12, 69014, 69785
50, 11650, 12, 69014, 69014
50, 11660, 12, 69014, 69014
50, 11670, 12, 69014, 69014
50, 11680, 12, 69014, 69014
50, 11690, 12, 69014, 69014
50, 11700, 12, 69014, 69730
50, 11710, 12, 69007, 69007
50, 11720, 12, 69007, 69007
50, 11730, 12, 69007, 70557
50, 11740, 12, 68995, 70505
50, 11750, 12, 68787, 68787
50, 11760, 12, 68787, 68787
50, 11770, 12, 68787, 68787
50, 11780, 12, 68787, 68787
50, 11790, 12, 68787, 68787
50, 11800, 12, 68787, 68787
50, 11810, 12, 68787, 68787
50, 11820, 12, 68787, 68787
50, 11830, 12, 68784, 68784
50, 11840, 12, 68784, 68784
50, 11850, 12, 68737, 68784
50, 11860, 12, 68737, 68737
50, 11870, 12, 68737, 68737
50, 11880, 12, 68737, 69323
50, 11890, 12, 68690, 68737
50, 11900, 12, 68685, 68690
50, 11910, 12, 68685, 68685
50, 11920, 12, 68680, 68685
50, 11930, 12, 68680, 68680
50, 11940, 12, 68680, 69268
50, 11950, 12, 68680, 68680
50, 11960, 12, 68680, 68680
50, 11970, 12, 68680, 68680
50, 11980, 12, 68680, 68680
50, 11990, 12, 68680, 68680
50, 12000, 12, 68680, 68680
50, 12010, 12, 68680, 68680
50, 12020, 12, 68680, 68680
50, 12030, 12, 68680, 68680
50, 12040, 12, 68669, 68669
50, 12050, 12, 68585, 68669
50, 12060, 12, 68585, 68585
50, 12070, 12, 68585, 68585
50, 12080, 12, 68585, 68585
50, 12090, 12, 68585, 68585
50, 12100, 12, 68585, 68585
50, 12110, 12, 68585, 68585
50, 12120, 12, 68585, 68585
50, 12130, 12, 68585, 68585
50, 12140, 12, 68585, 68585
50, 12150, 12, 68585, 68585
50, 12160, 12, 68585, 68585
50, 12170, 12, 68585, 68585
50, 12180, 12, 68585, 68585
50, 12190, 12, 68585, 68585
50, 12200, 12, 68585, 68585
50, 12210, 12, 68585, 68585
50, 12220, 12, 68585, 68585
50, 12230, 12, 68585, 68585
50, 12240, 12, 68569, 68569
50, 12250, 12, 68569, 68569
50, 12260, 12, 68486, 68569
50, 12270, 12, 68486, 68486
50, 12280, 12, 68406, 68486
50, 12290, 12, 68406, 68406
50, 12300, 12, 68406, 68406
50, 12310, 12, 68406, 68406
50, 12320, 12, 68341, 68341
50, 12330, 12, 68341, 68341
50, 12340, 12, 68341, 69525
50, 12350, 12, 68341, 68341
50, 12360, 12, 68341, 68341
50, 12370, 12, 68341, 68341
50, 12380, 12, 68341, 68341
50, 12390, 12, 68341, 68341
50, 12400, 12, 68341, 68341
50, 12410, 12, 68341, 68341
50, 12420, 12, 68341, 68341
50, 12430, 12, 68341, 68341
50, 12440, 12, 68341, 68341
50, 12450, 12, 68341, 68341
50, 12460, 12, 68341, 68341
50, 12470, 12, 68341, 68341
50, 12480, 12, 68341, 68341
50, 12490, 12, 68341, 68341
50, 12500, 12, 68254, 68254
50, 12510, 12, 68254, 68254
50, 12520, 12, 68194, 68644
50, 12530, 12, 68194, 68194
50, 12540, 12, 68010, 68094
50, 12550, 12, 68010, 68010
50, 12560, 12, 68010, 68010
50, 12570, 12, 68010, 68010
50, 12580, 12, 68010, 68010
50, 12590, 12, 67822, 68669
50, 12600, 12, 67822, 67822
50, 12610, 12, 67822, 67822
50, 12620, 12, 67775, 67822
50, 12630, 12, 67616, 67775
50, 12640, 12, 67572, 68963
50, 12650, 12, 67550, 67550
50, 12660, 12, 67550, 67550
50, 12670, 12, 67550, 67550
50, 12680, 12, 67550, 67550
50, 12690, 12, 67550, 67550
50, 12700, 12, 67550, 67550
50, 12710, 12, 67550, 67550
50, 12720, 12, 67512, 67512
50, 12730, 12, 67341, 67341
50, 12740, 12, 67341, 67341
50, 12750, 12, 67341, 67341
50, 12760, 12, 67341, 67341
50, 12770, 12, 67341, 67341
50, 12780, 12, 67224, 67341
50, 12790, 12, 67224, 67224
50, 12800, 12, 67224, 67224
50, 12810, 12, 67224, 67224
50, 12820, 12, 67224, 68220
50, 12830, 12, 67224, 67224
50, 12840, 12, 67224, 67224
50, 12850, 12, 67224, 67224
50, 12860, 12, 67224, 67224
50, 12870, 12, 67224, 67224
50, 12880, 12, 67224, 67224
50, 12890, 12, 67224, 67224
50, 12900, 12, 67224, 67224
50, 12910, 12, 67224, 67224
50, 12920, 12, 67224, 67224
50, 12930, 12, 67224, 67224
50, 12940, 12, 67110, 67224
50, 12950, 12, 67110, 67110
50, 12960, 12, 67110, 67110
50, 12970, 12, 67110, 67110
50, 12980, 12, 67110, 67110
50, 12990, 12, 67047, 67047
50, 13000, 12, 67047, 67047
50, 13010, 12, 67047, 67047
50, 13020, 12, 67047, 67047
50, 13030, 12, 67047, 67047
50, 13040, 12, 67047, 67047
50, 13050, 12, 67047, 67895
50, 13060, 12, 67047, 67047
50, 13070, 12, 67047, 67047
50, 13080, 12, 67047, 67047
50, 13090, 12, 67047, 67047
50, 13100, 12, 66647, 67047
50, 13110, 12, 66621, 66621
50, 13120, 12, 66621, 66621
50, 13130, 12, 66621, 66621
50, 13140, 12, 66534, 66621
50, 13150, 12, 66534, 66534
50, 13160, 12, 66534, 66534
50, 13170, 12, 66534, 68264
50, 13180, 12, 66534, 66534
50, 13190, 12, 66534, 66534
50, 13200, 12, 66534, 66534
50, 13210, 12, 66534, 66534
50, 13220, 12, 66534, 66534
50, 13230, 12, 66534, 66534
50, 13240, 12, 66534, 66534
50, 13250, 12, 66534, 66534
50, 13260, 12, 66534, 66534
50, 13270, 12, 66534, 66534
50, 13280, 12, 66534, 66534
50, 13290, 12, 66534, 66534
50, 13300, 12, 66534, 66534
50, 13310, 12, 66534, 66534
50, 13320, 12, 66534, 66534
50, 13330, 12, 66534, 66534
50, 13340, 12, 66534, 66534
50, 13350, 12, 66534, 66534
50, 13360, 12, 66534, 66534
50, 13370, 12, 66534, 66534
50, 13380, 12, 66534, 66534
50, 13390, 12, 66534, 66534
50, 13400, 12, 66534, 66534
50, 13410, 12, 66534, 66534
50, 13420, 12, 66534, 66534
50, 13430, 12, 66534, 66534
50, 13440, 12, 66534, 66534
50, 13450, 12, 66534, 66534
50, 13460, 12, 66534, 66534
50, 13470, 12, 66534, 66534
50, 13480, 12, 66513, 66534
50, 13490, 12, 66513, 66513
50, 13500, 12, 66513, 66513
50, 13510, 12, 66513, 66513
50, 13520, 12, 66513, 66513
50, 13530, 12, 66513, 66513
50, 13540, 12, 66513, 66513
50, 13550, 12, 66513, 66513
50, 13560, 12, 66513, 66513
50, 13570, 12, 66513, 66513
50, 13580, 12, 66513, 67579
50, 13590, 12, 66513, 66513
50, 13600, 12, 66513, 66513
50, 13610, 12, 66513, 66513
50, 13620, 12, 66513, 66513
50, 13630, 12, 66513, 66513
50, 13640, 12, 66513, 66513
50, 13650, 12, 66513, 66513
50, 13660, 12, 66513, 66513
50, 13670, 12, 66513, 66513
50, 13680, 12, 66513, 66513
50, 13690, 12, 66371, 66513
50, 13700, 12, 66371, 66371
50, 13710, 12, 66371, 66371
50, 13720, 12, 66313, 66313
50, 13730, 12, 66313, 66313
50, 13740, 12, 66313, 66313
50, 13750, 12, 66313, 66313
50, 13760, 12, 66313, 66313
50, 13770, 12, 66295, 66313
50, 13780, 12, 66167, 66259
50, 13790, 12, 66167, 66167
50, 13800, 12, 66167, 66167
50, 13810, 12, 66167, 66167
50, 13820, 12, 66167, 66167
50, 13830, 12, 66167, 66167
50, 13840, 12, 66167, 66167
50, 13850, 12, 66167, 66167
50, 13860, 12, 66167, 66167
50, 13870, 12, 66167, 66167
50, 13880, 12, 66167, 66167
50, 13890, 12, 66167, 66167
50, 13900, 12, 66167, 66167
50, 13910, 12, 66167, 66167
50, 13920, 12, 66167, 66167
50, 13930, 12, 66146, 66146
50, 13940, 12, 66146, 66146
50, 13950, 12, 66146, 66146
50, 13960, 12, 66146, 66146
50, 13970, 12, 66146, 66146
50, 13980, 12, 66146, 66146
50, 13990, 12, 66146, 66146
50, 14000, 12, 66146, 66146
50, 14010, 12, 66146, 66146
50, 14020, 12, 66146, 66146
50, 14030, 12, 66146, 66146
50, 14040, 12, 65876, 67652
50, 14050, 12, 65876, 65876
50, 14060, 12, 65844, 65876
50, 14070, 12, 65783, 65844
50, 14080, 12, 65724, 65783
50, 14090, 12, 65724, 65724
50, 14100, 12, 65724, 65724
50, 14110, 12, 65724, 65724
50, 14120, 12, 65724, 65724
50, 14130, 12, 65724, 65724
50, 14140, 12, 65724, 65724
50, 14150, 12, 65666, 65724
50, 14160, 12, 65666, 65666
50, 14170, 12, 65666, 65666
50, 14180, 12, 65666, 65666
50, 14190, 12, 65550, 66967
50, 14200, 12, 65550, 65550
50, 14210, 12, 65550, 65650
50, 14220, 12, 65550, 65550
50, 14230, 12, 65550, 65550
50, 14240, 12, 65550, 65550
50, 14250, 12, 65384, 65384
50, 14260, 12, 65384, 65384
50, 14270, 12, 65380, 65380
50, 14280, 12, 65380, 65380
50, 14290, 12, 65380, 65380
50, 14300, 12, 65327, 65380
50, 14310, 12, 65327, 65327
50, 14320, 12, 65327, 65327
50, 14330, 12, 65286, 65327
50, 14340, 12, 65286, 65286
50, 14350, 12, 65286, 65286
50, 14360, 12, 65286, 65286
50, 14370, 12, 65286, 65286
50, 14380, 12, 65286, 65286
50, 14390, 12, 65286, 65286
50, 14400, 12, 65286, 65286
50, 14410, 12, 65231, 65286
50, 14420, 12, 65231, 65231
50, 14430, 12, 65231, 65231
50, 14440, 12, 65231, 65821
50, 14450, 12, 65231, 65231
50, 14460, 12, 65231, 65231
50, 14470, 12, 65231, 65231
50, 14480, 12, 65231, 66292
50, 14490, 12, 65031, 65231
50, 14500, 12, 65031, 65031
50, 14510, 12, 65031, 65031
50, 14520, 12, 65031, 65031
50, 14530, 12, 65031, 65031
50, 14540, 12, 65031, 65031
50, 14550, 12, 65031, 65031
50, 14560, 12, 65031, 65031
50, 14570, 12, 65031, 65031
50, 14580, 12, 65031, 65031
50, 14590, 12, 65031, 65031
50, 14600, 12, 65031, 65031
50, 14610, 12, 65031, 65031
50, 14620, 12, 65031, 65031
50, 14630, 12, 65031, 65031
50, 14640, 12, 65031, 65031
50, 14650, 12, 65031, 65031
50, 14660, 12, 65031, 65031
50, 14670, 12, 65031, 65031
50, 14680, 12, 65031, 65031
50, 14690, 12, 65031, 65031
50, 14700, 12, 65031, 65031
50, 14710, 12, 65031, 65031
50, 14720, 12, 65031, 65031
50, 14730, 12, 65031, 65031
50, 14740, 12, 65031, 65031
50, 14750, 12, 65031, 65031
50, 14760, 12, 64982, 65031
50, 14770, 12, 64982, 64982
50, 14780, 12, 64982, 64982
50, 14790, 12, 64982, 64982
50, 14800, 12, 64982, 64982
50, 14810, 12, 64982, 64982
50, 14820, 12, 64982, 64982
50, 14830, 12, 64891, 64891
50, 14840, 12, 64891, 64891
50, 14850, 12, 64891, 64891
50, 14860, 12, 64891, 65015
50, 14870, 12, 64833, 64833
50, 14880, 12, 64833, 65345
50, 14890, 12, 64833, 64833
50, 14900, 12, 64833, 64833
50, 14910, 12, 64831, 64833
50, 14920, 12, 64831, 64831
50, 14930, 12, 64831, 64831
50, 14940, 12, 64831, 64831
50, 14950, 12, 64831, 64831
50, 14960, 12, 64831, 64831
50, 14970, 12, 64831, 64831
50, 14980, 12, 64831, 64831
50, 14990, 12, 64831, 64831
50, 15000, 12, 64831, 64831
50, 15010, 12, 64831, 64831
50, 15020, 12, 64831, 64831
50, 15030, 12, 64831, 64831
50, 15040, 12, 64831, 64831
50, 15050, 12, 64831, 64831
50, 15060, 12, 64831, 64831
50, 15070, 12, 64831, 64831
50, 15080, 12, 64831, 64831
50, 15090, 12, 64831, 64831
50, 15100, 12, 64831, 64831
50, 15110, 12, 64831, 64831
50, 15120, 12, 64831, 64831
50, 15130, 12, 64824, 64824
50, 15140, 12, 64824, 64824
50, 15150, 12, 64824, 64824
50, 15160, 12, 64824, 64824
50, 15170, 12, 64824, 64824
50, 15180, 12, 64824, 64824
50, 15190, 12, 64824, 64824
50, 15200, 12, 64824, 64824
50, 15210, 12, 64824, 64824
50, 15220, 12, 64824, 64824
50, 15230, 12, 64824, 64824
50, 15240, 12, 64824, 64824
50, 15250, 12, 64824, 64824
50, 15260, 12, 64824, 64824
50, 15270, 12, 64637, 64824
50, 15280, 12, 64637, 64637
50, 15290, 12, 64637, 64637
50, 15300, 12, 64637, 64637
50, 15310, 12, 64637, 64637
50, 15320, 12, 64637, 64637
50, 15330, 12, 64637, 64637
50, 15340, 12, 64637, 64637
50, 15350, 12, 64637, 64637
50, 15360, 12, 64637, 64637
50, 15370, 12, 64637, 64637
50, 15380, 12, 64637, 64637
50, 15390, 12, 64637, 64637
50, 15400, 12, 64637, 64637
50, 15410, 12, 64637, 64637
50, 15420, 12, 64630, 64630
50, 15430, 12, 64630, 64630
50, 15440, 12, 64630, 64630
50, 15450, 12, 64630, 64630
50, 15460, 12, 64630, 64630
50, 15470, 12, 64630, 64630
50, 15480, 12, 64630, 64630
50, 15490, 12, 64630, 64630
50, 15500, 12, 64630, 64630
50, 15510, 12, 64630, 64630
50, 15520, 12, 64630, 64630
50, 15530, 12, 64630, 64630
50, 15540, 12, 64590, 64590
50, 15550, 12, 64590, 64590
50, 15560, 12, 64590, 64590
50, 15570, 12, 64590, 64590
50, 15580, 12, 64590, 64590
50, 15590, 12, 64590, 64590
50, 15600, 12, 64590, 64590
50, 15610, 12, 64590, 64590
50, 15620, 12, 64590, 64590
50, 15630, 12, 64590, 64590
50, 15640, 12, 64590, 64590
50, 15650, 12, 64590, 64590
50, 15660, 12, 64590, 64590
50, 15670, 12, 64590, 64590
50, 15680, 12, 64590, 64590
50, 15690, 12, 64590, 64590
50, 15700, 12, 64590, 64590
50, 15710, 12, 64523, 64552
50, 15720, 12, 64523, 64523
50, 15730, 12, 64523, 64523
50, 15740, 12, 64523, 64523
50, 15750, 12, 64523, 64523
50, 15760, 12, 64523, 64523
50, 15770, 12, 64523, 64523
50, 15780, 12, 64523, 64523
50, 15790, 12, 64323, 64323
50, 15800, 12, 64323, 64323
50, 15810, 12, 64323, 64323
50, 15820, 12, 64323, 64323
50, 15830, 12, 64323, 64323
50, 15840, 12, 64323, 64323
50, 15850, 12, 64323, 64323
50, 15860, 12, 64323, 64323
50, 15870, 12, 64323, 64323
50, 15880, 12, 64323, 64323
50, 15890, 12, 64323, 64323
50, 15900, 12, 64234, 64234
50, 15910, 12, 63924, 63924
50, 15920, 12, 63924, 63924
50, 15930, 12, 63924, 63924
50, 15940, 12, 63898, 63898
50, 15950, 12, 63898, 63898
50, 15960, 12, 63898, 63898
50, 15970, 12, 63898, 63898
50, 15980, 12, 63898, 63898
50, 15990, 12, 63898, 63898
50, 16000, 12, 63898, 63898
50, 16010, 12, 63898, 63898
50, 16020, 12, 63898, 63898
50, 16030, 12, 63898, 63898
50, 16040, 12, 63898, 63898
50, 16050, 12, 63898, 63898
50, 16060, 12, 63898, 63898
50, 16070, 12, 63898, 63898
50, 16080, 12, 63898, 63898
50, 16090, 12, 63898, 63898
50, 16100, 12, 63898, 63898
50, 16110, 12, 63898, 63898
50, 16120, 12, 63898, 63898
50, 16130, 12, 63898, 63898
50, 16140, 12, 63898, 63898
50, 16150, 12, 63898, 63898
50, 16160, 12, 63898, 63898
50, 16170, 12, 63898, 63898
50, 16180, 12, 63898, 63898
50, 16190, 12, 63898, 63898
50, 16200, 12, 63898, 63898
50, 16210, 12, 63898, 63898
50, 16220, 12, 63898, 63898
50, 16230, 12, 63898, 63898
50, 16240, 12, 63898, 63898
50, 16250, 12, 63898, 63898
50, 16260, 12, 63898, 63898
50, 16270, 12, 63898, 63898
50, 16280, 12, 63898, 63898
50, 16290, 12, 63898, 63898
50, 16300, 12, 63898, 63898
50, 16310, 12, 63898, 63898
50, 16320, 12, 63898, 63898
50, 16330, 12, 63898, 63898
50, 16340, 12, 63898, 63898
50, 16350, 12, 63898, 63898
50, 16360, 12, 63898, 63898
50, 16370, 12, 63898, 63898
50, 16380, 12, 63898, 63898
50, 16390, 12, 63898, 63898
50, 16400, 12, 63898, 63898
50, 16410, 12, 63898, 63898
50, 16420, 12, 63898, 63898
50, 16430, 12, 63898, 63898
50, 16440, 12, 63898, 63898
50, 16450, 12, 63898, 63898
50, 16460, 12, 63898, 63898
50, 16470, 12, 63842, 63842
50, 16480, 12, 63842, 63842
50, 16490, 12, 63842, 63842
50, 16500, 12, 63842, 63842
50, 16510, 12, 63760, 63760
50, 16520, 12, 63760, 63760
50, 16530, 12, 63760, 63760
50, 16540, 12, 63760, 63760
50, 16550, 12, 63760, 63760
50, 16560, 12, 63760, 63760
50, 16570, 12, 63760, 63760
50, 16580, 12, 63760, 63760
50, 16590, 12, 63760, 63760
50, 16600, 12, 63760, 63760
50, 16610, 12, 63760, 63760
50, 16620, 12, 63760, 63760
50, 16630, 12, 63760, 63760
50, 16640, 12, 63760, 63760
50, 16650, 12, 63760, 63760
50, 16660, 12, 63760, 63760
50, 16670, 12, 63760, 63760
50, 16680, 12, 63760, 63760
50, 16690, 12, 63760, 63760
50, 16700, 12, 63760, 63760
50, 16710, 12, 63760, 63760
50, 16720, 12, 63760, 63760
50, 16730, 12, 63760, 63760
50, 16740, 12, 63760, 63760
50, 16750, 12, 63760, 63760
50, 16760, 12, 63760, 63760
50, 16770, 12, 63760, 63760
50, 16780, 12, 63760, 63760
50, 16790, 12, 63760, 63760
50, 16800, 12, 63760, 63760
50, 16810, 12, 63760, 63760
50, 16820, 12, 63760, 63760
50, 16830, 12, 63760, 63760
50, 16840, 12, 63737, 63737
50, 16850, 12, 63737, 63737
50, 16860, 12, 63737, 63737
50, 16870, 12, 63737, 63737
50, 16880, 12, 63737, 63737
50, 16890, 12, 63737, 63737
50, 16900, 12, 63737, 63737
50, 16910, 12, 63737, 63737
50, 16920, 12, 63737, 63737
50, 16930, 12, 63737, 63737
50, 16940, 12, 63694, 63737
50, 16950, 12, 63694, 63694
50, 16960, 12, 63694, 63694
50, 16970, 12, 63599, 63599
50, 16980, 12, 63599, 63599
50, 16990, 12, 63599, 63599
50, 17000, 12, 63599, 63599
50, 17010, 12, 63599, 63599
50, 17020, 12, 63599, 63599
50, 17030, 12, 63599, 63599
50, 17040, 12, 63599, 63599
50, 17050, 12, 63599, 63599
50, 17060, 12, 63599, 63599
50, 17070, 12, 63599, 63599
50, 17080, 12, 63599, 63599
50, 17090, 12, 63599, 63599
50, 17100, 12, 63599, 63599
50, 17110, 12, 63599, 63599
50, 17120, 12, 63599, 63599
50, 17130, 12, 63562, 63599
50, 17140, 12, 63562, 63562
50, 17150, 12, 63562, 63562
50, 17160, 12, 63562, 63562
50, 17170, 12, 63562, 63562
50, 17180, 12, 63562, 63562
50, 17190, 12, 63562, 63562
50, 17200, 12, 63562, 63562
50, 17210, 12, 63562, 63562
50, 17220, 12, 63562, 63562
50, 17230, 12, 63562, 63562
50, 17240, 12, 63562, 63562
50, 17250, 12, 63562, 63562
50, 17260, 12, 63562, 63562
50, 17270, 12, 63414, 63414
50, 17280, 12, 63414, 63414
50, 17290, 12, 63414, 63414
50, 17300, 12, 63414, 63414
50, 17310, 12, 63414, 63414
50, 17320, 12, 63414, 63414
50, 17330, 12, 63414, 63414
50, 17340, 12, 63414, 63414
50, 17350, 12, 63414, 63414
50, 17360, 12, 63414, 63414
50, 17370, 12, 63414, 63414
50, 17380, 12, 63414, 63414
50, 17390, 12, 63414, 63414
50, 17400, 12, 63414, 63414
50, 17410, 12, 63414, 63414
50, 17420, 12, 63414, 63414
50, 17430, 12, 63414, 63414
50, 17440, 12, 63414, 63414
50, 17450, 12, 63414, 63414
50, 17460, 12, 63326, 63414
50, 17470, 12, 63326, 63326
50, 17480, 12, 63326, 63326
50, 17490, 12, 63326, 63326
50, 17500, 12, 63326, 63326
50, 17510, 12, 63326, 63326
50, 17520, 12, 63326, 63326
50, 17530, 12, 63326, 63326
50, 17540, 12, 63210, 63326
50, 17550, 12, 63210, 63210
50, 17560, 12, 63210, 63210
50, 17570, 12, 63210, 63210
50, 17580, 12, 63210, 63210
50, 17590, 12, 63210, 63210
50, 17600, 12, 63210, 63210
50, 17610, 12, 63210, 63210
50, 17620, 12, 63152, 63152
50, 17630, 12, 63152, 63152
50, 17640, 12, 63152, 63152
50, 17650, 12, 63152, 63152
50, 17660, 12, 63152, 63152
50, 17670, 12, 63152, 63152
50, 17680, 12, 63152, 63152
50, 17690, 12, 63152, 63152
50, 17700, 12, 63152, 63152
50, 17710, 12, 63152, 63152
50, 17720, 12, 63122, 63122
50, 17730, 12, 63122, 63122
50, 17740, 12, 63122, 63122
50, 17750, 12, 63081, 63122
50, 17760, 12, 63081, 63081
50, 17770, 12, 63081, 63081
50, 17780, 12, 63081, 63081
50, 17790, 12, 63081, 63081
50, 17800, 12, 63081, 63081
50, 17810, 12, 63081, 63081
50, 17820, 12, 63081, 63081
50, 17830, 12, 63081, 63081
50, 17840, 12, 63081, 63081
50, 17850, 12, 63081, 63081
50, 17860, 12, 62995, 63081
50, 17870, 12, 62995, 62995
50, 17880, 12, 62995, 62995
50, 17890, 12, 62995, 62995
50, 17900, 12, 62995, 62995
50, 17910, 12, 62995, 62995
50, 17920, 12, 62995, 62995
50, 17930, 12, 62995, 62995
50, 17940, 12, 62995, 62995
50, 17950, 12, 62995, 62995
50, 17960, 12, 62995, 62995
50, 17970, 12, 62995, 62995
50, 17980, 12, 62879, 62879
50, 17990, 12, 62755, 62755
50, 18000, 12, 62755, 62755
50, 18010, 12, 62755, 62755
50, 18020, 12, 62755, 62755
50, 18030, 12, 62755, 62755
50, 18040, 12, 62755, 62755
50, 18050, 12, 62718, 62718
50, 18060, 12, 62668, 62718
50, 18070, 12, 62668, 62668
50, 18080, 12, 62668, 62668
50, 18090, 12, 62668, 62668
50, 18100, 12, 62668, 62668
50, 18110, 12, 62668, 62668
50, 18120, 12, 62668, 62668
50, 18130, 12, 62668, 62668
50, 18140, 12, 62668, 62668
50, 18150, 12, 62668, 62668
50, 18160, 12, 62668, 62668
50, 18170, 12, 62668, 62668
50, 18180, 12, 62668, 62668
50, 18190, 12, 62668, 62668
50, 18200, 12, 62668, 62668
50, 18210, 12, 62668, 62668
50, 18220, 12, 62668, 62668
50, 18230, 12, 62668, 62668
50, 18240, 12, 62668, 62668
50, 18250, 12, 62668, 62668
50, 18260, 12, 62668, 62668
50, 18270, 12, 62668, 62668
50, 18280, 12, 62668, 62668
50, 18290, 12, 62668, 62668
50, 18300, 12, 62668, 62668
50, 18310, 12, 62668, 62668
50, 18320, 12, 62668, 62668
50, 18330, 12, 62668, 62668
50, 18340, 12, 62668, 62668
50, 18350, 12, 62668, 62668
50, 18360, 12, 62668, 62668
50, 18370, 12, 62668, 62668
50, 18380, 12, 62668, 62668
50, 18390, 12, 62668, 62668
50, 18400, 12, 62668, 62668
50, 18410, 12, 62668, 62668
50, 18420, 12, 62668, 62668
50, 18430, 12, 62668, 62668
50, 18440, 12, 62668, 62668
50, 18450, 12, 62668, 62668
50, 18460, 12, 62668, 62668
50, 18470, 12, 62668, 62668
50, 18480, 12, 62668, 62668
50, 18490, 12, 62633, 62633
50, 18500, 12, 62633, 62633
50, 18510, 12, 62633, 62633
50, 18520, 12, 62633, 62633
50, 18530, 12, 62633, 62633
50, 18540, 12, 62633, 62633
50, 18550, 12, 62633, 62633
50, 18560, 12, 62633, 62633
50, 18570, 12, 62633, 62633
50, 18580, 12, 62633, 62633
50, 18590, 12, 62633, 62633
50, 18600, 12, 62483, 62483
50, 18610, 12, 62483, 62483
50, 18620, 12, 62483, 62483
50, 18630, 12, 62483, 62483
50, 18640, 12, 62483, 62483
50, 18650, 12, 62228, 62425
50, 18660, 12, 62228, 62228
50, 18670, 12, 62228, 62228
50, 18680, 12, 62228, 62228
50, 18690, 12, 62228, 62228
50, 18700, 12, 62228, 62228
50, 18710, 12, 62228, 62228
50, 18720, 12, 62228, 62228
50, 18730, 12, 62228, 62228
50, 18740, 12, 62228, 62228
50, 18750, 12, 62228, 62228
50, 18760, 12, 62228, 62228
50, 18770, 12, 62228, 62228
50, 18780, 12, 62212, 62228
50, 18790, 12, 62212, 62212
50, 18800, 12, 62212, 62212
50, 18810, 12, 62212, 62212
50, 18820, 12, 62212, 62212
50, 18830, 12, 62212, 62212
50, 18840, 12, 62212, 62212
50, 18850, 12, 62212, 62212
50, 18860, 12, 62212, 62212
50, 18870, 12, 62212, 62212
50, 18880, 12, 62088, 62212
50, 18890, 12, 62088, 62088
50, 18900, 12, 62088, 62088
50, 18910, 12, 62088, 62088
50, 18920, 12, 62088, 62088
50, 18930, 12, 62088, 62088
50, 18940, 12, 62088, 62088
50, 18950, 12, 62088, 62088
50, 18960, 12, 62088, 62088
50, 18970, 12, 62088, 62088
50, 18980, 12, 62088, 62088
50, 18990, 12, 62088, 62088
50, 19000, 12, 62088, 62088
50, 19010, 12, 62088, 62088
50, 19020, 12, 62061, 62088
50, 19030, 12, 62061, 62061
50, 19040, 12, 62061, 62061
50, 19050, 12, 62061, 62061
50, 19060, 12, 62061, 62061
50, 19070, 12, 62055, 62061
50, 19080, 12, 62055, 62055
50, 19090, 12, 62055, 62055
50, 19100, 12, 62055, 62055
50, 19110, 12, 61898, 61898
50, 19120, 12, 61898, 61898
50, 19130, 12, 61898, 61898
50, 19140, 12, 61898, 61898
50, 19150, 12, 61898, 61898
50, 19160, 12, 61898, 61898
50, 19170, 12, 61833, 61898
50, 19180, 12, 61833, 61833
50, 19190, 12, 61820, 61820
50, 19200, 12, 61820, 61820
50, 19210, 12, 61736, 61820
50, 19220, 12, 61736, 61736
50, 19230, 12, 61736, 61736
50, 19240, 12, 61736, 61736
50, 19250, 12, 61688, 61736
50, 19260, 12, 61688, 61688
50, 19270, 12, 61688, 61688
50, 19280, 12, 61688, 61688
50, 19290, 12, 61594, 61594
50, 19300, 12, 61594, 61594
50, 19310, 12, 61594, 61594
50, 19320, 12, 61594, 61594
50, 19330, 12, 61594, 61594
50, 19340, 12, 61594, 61594
50, 19350, 12, 61594, 61594
50, 19360, 12, 61594, 61594
50, 19370, 12, 61594, 61594
50, 19380, 12, 61594, 61594
50, 19390, 12, 61594, 61594
50, 19400, 12, 61594, 61594
50, 19410, 12, 61594, 61594
50, 19420, 12, 61594, 61594
50, 19430, 12, 61594, 61594
50, 19440, 12, 61594, 61594
50, 19450, 12, 61594, 61594
50, 19460, 12, 61594, 61594
50, 19470, 12, 61594, 61594
50, 19480, 12, 61594, 61594
50, 19490, 12, 61594, 61594
50, 19500, 12, 61594, 61594
50, 19510, 12, 61594, 61594
50, 19520, 12, 61594, 61594
50, 19530, 12, 61594, 61594
50, 19540, 12, 61594, 61594
50, 19550, 12, 61594, 61594
50, 19560, 12, 61594, 61594
50, 19570, 12, 61594, 61594
50, 19580, 12, 61594, 61594
50, 19590, 12, 61594, 61594
50, 19600, 12, 61594, 61594
50, 19610, 12, 61594, 61594
50, 19620, 12, 61594, 61594
50, 19630, 12, 61594, 61594
50, 19640, 12, 61594, 61594
50, 19650, 12, 61594, 61594
50, 19660, 12, 61594, 61594
50, 19670, 12, 61594, 61594
50, 19680, 12, 61594, 61594
50, 19690, 12, 61594, 61594
50, 19700, 12, 61594, 61594
50, 19710, 12, 61594, 61594
50, 19720, 12, 61594, 61594
50, 19730, 12, 61594, 61594
50, 19740, 12, 61594, 61594
50, 19750, 12, 61594, 61594
50, 19760, 12, 61594, 61594
50, 19770, 12, 61594, 61594
50, 19780, 12, 61586, 61586
50, 19790, 12, 61586, 61586
50, 19800, 12, 61586, 61586
50, 19810, 12, 61586, 61586
50, 19820, 12, 61586, 61586
50, 19830, 12, 61586, 61586
50, 19840, 12, 61586, 61586
50, 19850, 12, 61586, 61586
50, 19860, 12, 61586, 61586
50, 19870, 12, 61586, 61586
50, 19880, 12, 61586, 61586
50, 19890, 12, 61586, 61586
50, 19900, 12, 61586, 61586
50, 19910, 12, 61586, 61586
50, 19920, 12, 61586, 61586
50, 19930, 12, 61586, 61586
50, 19940, 12, 61586, 61586
50, 19950, 12, 61586, 61586
50, 19960, 12, 61586, 61586
50, 19970, 12, 61586, 61586
50, 19980, 12, 61586, 61586
50, 19990, 12, 61586, 61586
