Population Size, Generation Count, Repetition, Best Fitness, Median Fitness
50, 0, 4, 738583, 768960
50, 10, 4, 713072, 718831
50, 20, 4, 682932, 691596
50, 30, 4, 667194, 671291
50, 40, 4, 648408, 657579
50, 50, 4, 633841, 639007
50, 60, 4, 618119, 622957
50, 70, 4, 604396, 608193
50, 80, 4, 592398, 597383
50, 90, 4, 577733, 586493
50, 100, 4, 563961, 569823
50, 110, 4, 553017, 560036
50, 120, 4, 544500, 548386
50, 130, 4, 536991, 540999
50, 140, 4, 522052, 530248
50, 150, 4, 513802, 520148
50, 160, 4, 507501, 511756
50, 170, 4, 499978, 503124
50, 180, 4, 492232, 497627
50, 190, 4, 485791, 490121
50, 200, 4, 475493, 479620
50, 210, 4, 467940, 472138
50, 220, 4, 463604, 467778
50, 230, 4, 456963, 460872
50, 240, 4, 451541, 453825
50, 250, 4, 447975, 451322
50, 260, 4, 443456, 447238
50, 270, 4, 438498, 442432
50, 280, 4, 432906, 437920
50, 290, 4, 427914, 432752
50, 300, 4, 421062, 424516
50, 310, 4, 414728, 419255
50, 320, 4, 409326, 412558
50, 330, 4, 406683, 409509
50, 340, 4, 399813, 404611
50, 350, 4, 396820, 399737
50, 360, 4, 393133, 396638
50, 370, 4, 389222, 392362
50, 380, 4, 383441, 388862
50, 390, 4, 379246, 383019
50, 400, 4, 374167, 377100
50, 410, 4, 372071, 375177
50, 420, 4, 368967, 371656
50, 430, 4, 366786, 368475
50, 440, 4, 362479, 365028
50, 450, 4, 359525, 362670
50, 460, 4, 356773, 359119
50, 470, 4, 351833, 355147
50, 480, 4, 349005, 351942
50, 490, 4, 347374, 350296
50, 500, 4, 344039, 347734
50, 510, 4, 340716, 344894
50, 520, 4, 337078, 340358
50, 530, 4, 335506, 337776
50, 540, 4, 331418, 335135
50, 550, 4, 327250, 330841
50, 560, 4, 325421, 328343
50, 570, 4, 325089, 327211
50, 580, 4, 322947, 324875
50, 590, 4, 321525, 324112
50, 600, 4, 320035, 321679
50, 610, 4, 317602, 321822
50, 620, 4, 316452, 319822
50, 630, 4, 314112, 316547
50, 640, 4, 313550, 314333
50, 650, 4, 311617, 314818
50, 660, 4, 308843, 311614
50, 670, 4, 306736, 309339
50, 680, 4, 304656, 307602
50, 690, 4, 303051, 306574
50, 700, 4, 301949, 303494
50, 710, 4, 298346, 301539
50, 720, 4, 295444, 300289
50, 730, 4, 293926, 297318
50, 740, 4, 292767, 294773
50, 750, 4, 290069, 293698
50, 760, 4, 287584, 290569
50, 770, 4, 285624, 288151
50, 780, 4, 283077, 285179
50, 790, 4, 280672, 283952
50, 800, 4, 279458, 281548
50, 810, 4, 278293, 280963
50, 820, 4, 277322, 279795
50, 830, 4, 274830, 277641
50, 840, 4, 274156, 275969
50, 850, 4, 272948, 277070
50, 860, 4, 270123, 275103
50, 870, 4, 268572, 271641
50, 880, 4, 266477, 270682
50, 890, 4, 265145, 267988
50, 900, 4, 262528, 266843
50, 910, 4, 261516, 263904
50, 920, 4, 260026, 263195
50, 930, 4, 259027, 261255
50, 940, 4, 258215, 260145
50, 950, 4, 256166, 259556
50, 960, 4, 255142, 257341
50, 970, 4, 252371, 253975
50, 980, 4, 251264, 254926
50, 990, 4, 250176, 252989
50, 1000, 4, 248734, 250748
50, 1010, 4, 247057, 250121
50, 1020, 4, 245927, 249629
50, 1030, 4, 241829, 246590
50, 1040, 4, 241518, 244004
50, 1050, 4, 239951, 244326
50, 1060, 4, 238539, 242004
50, 1070, 4, 238453, 240258
50, 1080, 4, 237621, 240908
50, 1090, 4, 235334, 239363
50, 1100, 4, 233741, 236614
50, 1110, 4, 232714, 234822
50, 1120, 4, 231676, 237534
50, 1130, 4, 230409, 233400
50, 1140, 4, 229768, 233077
50, 1150, 4, 229098, 231258
50, 1160, 4, 226659, 230683
50, 1170, 4, 225845, 230187
50, 1180, 4, 224506, 228273
50, 1190, 4, 222690, 225303
50, 1200, 4, 221138, 223821
50, 1210, 4, 220348, 224830
50, 1220, 4, 219390, 221448
50, 1230, 4, 218926, 220457
50, 1240, 4, 218435, 219411
50, 1250, 4, 217402, 220592
50, 1260, 4, 217065, 219904
50, 1270, 4, 215090, 217407
50, 1280, 4, 212904, 215826
50, 1290, 4, 212539, 214619
50, 1300, 4, 212162, 213075
50, 1310, 4, 211763, 215325
50, 1320, 4, 211025, 214546
50, 1330, 4, 209286, 212046
50, 1340, 4, 207887, 211042
50, 1350, 4, 206335, 208777
50, 1360, 4, 204910, 207924
50, 1370, 4, 204353, 206332
50, 1380, 4, 202590, 205526
50, 1390, 4, 201536, 204653
50, 1400, 4, 200445, 202688
50, 1410, 4, 200049, 201542
50, 1420, 4, 199196, 201120
50, 1430, 4, 197776, 201135
50, 1440, 4, 197297, 200499
50, 1450, 4, 196837, 200338
50, 1460, 4, 195618, 199060
50, 1470, 4, 195138, 195761
50, 1480, 4, 194161, 197500
50, 1490, 4, 193038, 195587
50, 1500, 4, 192754, 195416
50, 1510, 4, 192140, 196595
50, 1520, 4, 191824, 193766
50, 1530, 4, 190939, 194775
50, 1540, 4, 190673, 193124
50, 1550, 4, 189485, 191956
50, 1560, 4, 187922, 191469
50, 1570, 4, 186860, 189635
50, 1580, 4, 186157, 188671
50, 1590, 4, 185819, 187479
50, 1600, 4, 185409, 187480
50, 1610, 4, 184201, 187653
50, 1620, 4, 183791, 185921
50, 1630, 4, 183147, 186750
50, 1640, 4, 182856, 184999
50, 1650, 4, 182172, 184874
50, 1660, 4, 181685, 184367
50, 1670, 4, 180369, 181553
50, 1680, 4, 179635, 183011
50, 1690, 4, 179497, 182083
50, 1700, 4, 178821, 181110
50, 1710, 4, 178560, 181593
50, 1720, 4, 178193, 180082
50, 1730, 4, 176826, 179930
50, 1740, 4, 176620, 177561
50, 1750, 4, 175837, 178405
50, 1760, 4, 175724, 177452
50, 1770, 4, 174208, 176488
50, 1780, 4, 173885, 175425
50, 1790, 4, 173073, 176306
50, 1800, 4, 172222, 176290
50, 1810, 4, 171127, 174626
50, 1820, 4, 170885, 172591
50, 1830, 4, 170339, 174327
50, 1840, 4, 169562, 172935
50, 1850, 4, 168422, 171519
50, 1860, 4, 168387, 170137
50, 1870, 4, 168292, 171306
50, 1880, 4, 167978, 169624
50, 1890, 4, 167814, 170011
50, 1900, 4, 167307, 168598
50, 1910, 4, 166946, 167309
50, 1920, 4, 166380, 169006
50, 1930, 4, 165943, 168499
50, 1940, 4, 165456, 167620
50, 1950, 4, 164789, 166474
50, 1960, 4, 164014, 167169
50, 1970, 4, 162999, 165378
50, 1980, 4, 162734, 163889
50, 1990, 4, 162438, 163996
50, 2000, 4, 161184, 163859
50, 2010, 4, 159766, 165027
50, 2020, 4, 158701, 161835
50, 2030, 4, 158276, 161058
50, 2040, 4, 157624, 159282
50, 2050, 4, 156029, 159213
50, 2060, 4, 155840, 157715
50, 2070, 4, 155353, 158227
50, 2080, 4, 154879, 157226
50, 2090, 4, 154287, 157922
50, 2100, 4, 153772, 157275
50, 2110, 4, 153551, 155011
50, 2120, 4, 153484, 155509
50, 2130, 4, 152703, 154959
50, 2140, 4, 152360, 154617
50, 2150, 4, 152208, 155425
50, 2160, 4, 151614, 153024
50, 2170, 4, 151393, 155060
50, 2180, 4, 151057, 153973
50, 2190, 4, 150173, 154058
50, 2200, 4, 149622, 151955
50, 2210, 4, 148759, 151423
50, 2220, 4, 148515, 149795
50, 2230, 4, 148515, 152437
50, 2240, 4, 148160, 150374
50, 2250, 4, 148079, 151589
50, 2260, 4, 147676, 148872
50, 2270, 4, 147136, 150865
50, 2280, 4, 145954, 148511
50, 2290, 4, 145643, 147514
50, 2300, 4, 145365, 146691
50, 2310, 4, 145312, 146458
50, 2320, 4, 144157, 145757
50, 2330, 4, 143989, 145367
50, 2340, 4, 143452, 146598
50, 2350, 4, 142879, 145471
50, 2360, 4, 142479, 145121
50, 2370, 4, 141957, 142479
50, 2380, 4, 141299, 143921
50, 2390, 4, 140945, 142689
50, 2400, 4, 140736, 143729
50, 2410, 4, 140681, 140699
50, 2420, 4, 140510, 143328
50, 2430, 4, 140401, 142586
50, 2440, 4, 140247, 142694
50, 2450, 4, 140128, 143419
50, 2460, 4, 140091, 143144
50, 2470, 4, 139703, 142565
50, 2480, 4, 139385, 141093
50, 2490, 4, 139343, 142488
50, 2500, 4, 139251, 140515
50, 2510, 4, 138753, 140180
50, 2520, 4, 138633, 140419
50, 2530, 4, 138633, 139116
50, 2540, 4, 138378, 140942
50, 2550, 4, 137938, 140476
50, 2560, 4, 137709, 137938
50, 2570, 4, 137706, 139389
50, 2580, 4, 137706, 137706
50, 2590, 4, 137169, 138672
50, 2600, 4, 137029, 138886
50, 2610, 4, 136829, 139447
50, 2620, 4, 136521, 139134
50, 2630, 4, 135741, 139441
50, 2640, 4, 135541, 139557
50, 2650, 4, 135335, 136648
50, 2660, 4, 134772, 135971
50, 2670, 4, 134395, 137120
50, 2680, 4, 134395, 137184
50, 2690, 4, 134383, 135319
50, 2700, 4, 134215, 136489
50, 2710, 4, 133973, 136073
50, 2720, 4, 133973, 135505
50, 2730, 4, 133955, 135314
50, 2740, 4, 133280, 135780
50, 2750, 4, 133153, 135589
50, 2760, 4, 132657, 134424
50, 2770, 4, 132632, 134222
50, 2780, 4, 132212, 133709
50, 2790, 4, 132212, 132413
50, 2800, 4, 132212, 134691
50, 2810, 4, 132033, 134669
50, 2820, 4, 131867, 135027
50, 2830, 4, 130365, 133722
50, 2840, 4, 129882, 131480
50, 2850, 4, 129664, 133992
50, 2860, 4, 129435, 132233
50, 2870, 4, 129246, 132094
50, 2880, 4, 129180, 132094
50, 2890, 4, 129068, 132708
50, 2900, 4, 129002, 129068
50, 2910, 4, 128906, 131104
50, 2920, 4, 128209, 130553
50, 2930, 4, 128089, 128843
50, 2940, 4, 127857, 130432
50, 2950, 4, 127639, 130212
50, 2960, 4, 127544, 130979
50, 2970, 4, 127005, 128858
50, 2980, 4, 127005, 127005
50, 2990, 4, 126909, 127527
50, 3000, 4, 126363, 130259
50, 3010, 4, 126188, 128237
50, 3020, 4, 126188, 129374
50, 3030, 4, 126133, 128480
50, 3040, 4, 125886, 128631
50, 3050, 4, 125627, 128715
50, 3060, 4, 125138, 128301
50, 3070, 4, 124909, 126321
50, 3080, 4, 124647, 128666
50, 3090, 4, 124647, 127121
50, 3100, 4, 124280, 127048
50, 3110, 4, 124156, 125948
50, 3120, 4, 124107, 126633
50, 3130, 4, 123993, 126268
50, 3140, 4, 123936, 126999
50, 3150, 4, 123912, 126995
50, 3160, 4, 123525, 123912
50, 3170, 4, 123422, 125528
50, 3180, 4, 123271, 124891
50, 3190, 4, 123271, 126162
50, 3200, 4, 123100, 126296
50, 3210, 4, 122714, 124991
50, 3220, 4, 122489, 124619
50, 3230, 4, 122035, 123996
50, 3240, 4, 121952, 123867
50, 3250, 4, 121471, 122035
50, 3260, 4, 121471, 123471
50, 3270, 4, 121222, 123123
50, 3280, 4, 121216, 122745
50, 3290, 4, 121100, 124407
50, 3300, 4, 121087, 123579
50, 3310, 4, 120842, 124181
50, 3320, 4, 120581, 122902
50, 3330, 4, 120362, 122233
50, 3340, 4, 120362, 122305
50, 3350, 4, 120362, 121925
50, 3360, 4, 120362, 122356
50, 3370, 4, 120045, 121326
50, 3380, 4, 120045, 120934
50, 3390, 4, 119923, 123590
50, 3400, 4, 119462, 120906
50, 3410, 4, 119100, 123253
50, 3420, 4, 118792, 121038
50, 3430, 4, 118736, 121308
50, 3440, 4, 118736, 121353
50, 3450, 4, 118609, 118905
50, 3460, 4, 118510, 122387
50, 3470, 4, 118436, 121062
50, 3480, 4, 118436, 120599
50, 3490, 4, 118087, 119875
50, 3500, 4, 117725, 121839
50, 3510, 4, 117725, 118568
50, 3520, 4, 117724, 119762
50, 3530, 4, 117331, 120542
50, 3540, 4, 117290, 119152
50, 3550, 4, 117177, 118479
50, 3560, 4, 117080, 118959
50, 3570, 4, 116431, 117698
50, 3580, 4, 115892, 118639
50, 3590, 4, 115582, 118004
50, 3600, 4, 115375, 116372
50, 3610, 4, 114773, 118365
50, 3620, 4, 114671, 115987
50, 3630, 4, 114149, 117084
50, 3640, 4, 114149, 116744
50, 3650, 4, 114149, 115907
50, 3660, 4, 114149, 116432
50, 3670, 4, 114004, 116178
50, 3680, 4, 113808, 115429
50, 3690, 4, 113783, 115717
50, 3700, 4, 113603, 117045
50, 3710, 4, 113119, 114841
50, 3720, 4, 112922, 115023
50, 3730, 4, 112922, 112922
50, 3740, 4, 112845, 114847
50, 3750, 4, 112779, 115886
50, 3760, 4, 112452, 114482
50, 3770, 4, 112406, 114333
50, 3780, 4, 111965, 113196
50, 3790, 4, 111965, 112790
50, 3800, 4, 111565, 113713
50, 3810, 4, 111258, 113011
50, 3820, 4, 111193, 111945
50, 3830, 4, 111127, 113067
50, 3840, 4, 110875, 112153
50, 3850, 4, 110679, 112597
50, 3860, 4, 110679, 112456
50, 3870, 4, 110679, 111683
50, 3880, 4, 110425, 112388
50, 3890, 4, 110425, 111984
50, 3900, 4, 110188, 111126
50, 3910, 4, 109963, 110102
50, 3920, 4, 109963, 111287
50, 3930, 4, 109775, 110864
50, 3940, 4, 109699, 111969
50, 3950, 4, 109665, 109699
50, 3960, 4, 109406, 111838
50, 3970, 4, 108657, 112036
50, 3980, 4, 108617, 111777
50, 3990, 4, 108180, 110072
50, 4000, 4, 108133, 110284
50, 4010, 4, 107845, 110725
50, 4020, 4, 107517, 109196
50, 4030, 4, 107370, 109661
50, 4040, 4, 107325, 110519
50, 4050, 4, 107176, 109705
50, 4060, 4, 106870, 110694
50, 4070, 4, 106836, 108111
50, 4080, 4, 106818, 108869
50, 4090, 4, 106485, 109360
50, 4100, 4, 106485, 108413
50, 4110, 4, 106348, 109373
50, 4120, 4, 105873, 108984
50, 4130, 4, 105458, 108778
50, 4140, 4, 105458, 106794
50, 4150, 4, 105458, 107421
50, 4160, 4, 105458, 107016
50, 4170, 4, 105275, 105455
50, 4180, 4, 105275, 106254
50, 4190, 4, 105219, 107796
50, 4200, 4, 105219, 108013
50, 4210, 4, 105176, 106544
50, 4220, 4, 105049, 105898
50, 4230, 4, 105049, 106849
50, 4240, 4, 104882, 107635
50, 4250, 4, 104882, 108230
50, 4260, 4, 104876, 106517
50, 4270, 4, 104745, 107416
50, 4280, 4, 104615, 106882
50, 4290, 4, 104056, 104615
50, 4300, 4, 104056, 106206
50, 4310, 4, 104049, 105812
50, 4320, 4, 103773, 104265
50, 4330, 4, 103300, 105079
50, 4340, 4, 103300, 105072
50, 4350, 4, 103235, 105125
50, 4360, 4, 103235, 104759
50, 4370, 4, 103035, 104391
50, 4380, 4, 102953, 105941
50, 4390, 4, 102953, 105842
50, 4400, 4, 102768, 104413
50, 4410, 4, 102768, 104644
50, 4420, 4, 102768, 105853
50, 4430, 4, 102768, 104989
50, 4440, 4, 102768, 104888
50, 4450, 4, 102493, 104159
50, 4460, 4, 102201, 102493
50, 4470, 4, 102001, 102892
50, 4480, 4, 102001, 102760
50, 4490, 4, 101973, 103547
50, 4500, 4, 101973, 105219
50, 4510, 4, 101855, 103250
50, 4520, 4, 101830, 103123
50, 4530, 4, 101737, 104258
50, 4540, 4, 101631, 103073
50, 4550, 4, 101631, 103077
50, 4560, 4, 101557, 103304
50, 4570, 4, 101302, 103365
50, 4580, 4, 101287, 103376
50, 4590, 4, 100950, 102569
50, 4600, 4, 100426, 103059
50, 4610, 4, 100426, 102754
50, 4620, 4, 100409, 103201
50, 4630, 4, 100199, 101193
50, 4640, 4, 99868, 102750
50, 4650, 4, 99727, 102686
50, 4660, 4, 99668, 101387
50, 4670, 4, 99528, 102468
50, 4680, 4, 99503, 101082
50, 4690, 4, 99401, 100502
50, 4700, 4, 98668, 99265
50, 4710, 4, 98668, 99781
50, 4720, 4, 98668, 100331
50, 4730, 4, 98668, 100556
50, 4740, 4, 98268, 98883
50, 4750, 4, 98076, 99901
50, 4760, 4, 97569, 100260
50, 4770, 4, 97569, 98152
50, 4780, 4, 97569, 99235
50, 4790, 4, 97434, 99888
50, 4800, 4, 97434, 99599
50, 4810, 4, 97434, 100008
50, 4820, 4, 97120, 99000
50, 4830, 4, 97013, 99124
50, 4840, 4, 97008, 100398
50, 4850, 4, 96672, 98702
50, 4860, 4, 96503, 98331
50, 4870, 4, 96179, 99615
50, 4880, 4, 96049, 97310
50, 4890, 4, 95809, 97012
50, 4900, 4, 95728, 98871
50, 4910, 4, 95428, 97072
50, 4920, 4, 95428, 95428
50, 4930, 4, 95428, 97459
50, 4940, 4, 95288, 98041
50, 4950, 4, 95091, 97894
50, 4960, 4, 95066, 96041
50, 4970, 4, 94674, 96221
50, 4980, 4, 94133, 97628
50, 4990, 4, 94099, 95533
50, 5000, 4, 94083, 97621
50, 5010, 4, 93805, 94533
50, 5020, 4, 93702, 95570
50, 5030, 4, 93686, 96118
50, 5040, 4, 93582, 94997
50, 5050, 4, 93582, 94663
50, 5060, 4, 93542, 95130
50, 5070, 4, 93542, 93542
50, 5080, 4, 93542, 93599
50, 5090, 4, 93542, 94190
50, 5100, 4, 93542, 94193
50, 5110, 4, 93534, 95628
50, 5120, 4, 93534, 95347
50, 5130, 4, 93534, 95677
50, 5140, 4, 93497, 94303
50, 5150, 4, 93497, 95300
50, 5160, 4, 93373, 95297
50, 5170, 4, 93356, 94572
50, 5180, 4, 93258, 95067
50, 5190, 4, 93125, 93258
50, 5200, 4, 93125, 95169
50, 5210, 4, 93041, 93879
50, 5220, 4, 93041, 96939
50, 5230, 4, 92926, 94461
50, 5240, 4, 92887, 94970
50, 5250, 4, 92887, 92887
50, 5260, 4, 92871, 96246
50, 5270, 4, 92830, 93991
50, 5280, 4, 92830, 93416
50, 5290, 4, 92830, 94954
50, 5300, 4, 92830, 94761
50, 5310, 4, 92830, 95070
50, 5320, 4, 92830, 94088
50, 5330, 4, 92737, 94713
50, 5340, 4, 92737, 94046
50, 5350, 4, 92655, 94540
50, 5360, 4, 92655, 94656
50, 5370, 4, 92655, 94539
50, 5380, 4, 92655, 92655
50, 5390, 4, 92531, 94191
50, 5400, 4, 92442, 95043
50, 5410, 4, 92256, 95193
50, 5420, 4, 92067, 93421
50, 5430, 4, 92067, 94536
50, 5440, 4, 92067, 93646
50, 5450, 4, 92067, 95274
50, 5460, 4, 91995, 94034
50, 5470, 4, 91995, 94077
50, 5480, 4, 91995, 93883
50, 5490, 4, 91914, 93871
50, 5500, 4, 91869, 91869
50, 5510, 4, 91783, 92316
50, 5520, 4, 91699, 94564
50, 5530, 4, 91526, 91699
50, 5540, 4, 91526, 93523
50, 5550, 4, 91526, 94204
50, 5560, 4, 91330, 91526
50, 5570, 4, 91280, 94012
50, 5580, 4, 91198, 93064
50, 5590, 4, 91105, 93577
50, 5600, 4, 90944, 94222
50, 5610, 4, 90705, 93450
50, 5620, 4, 90705, 91925
50, 5630, 4, 90680, 92280
50, 5640, 4, 90680, 90708
50, 5650, 4, 90539, 92755
50, 5660, 4, 90339, 93289
50, 5670, 4, 90339, 90339
50, 5680, 4, 90113, 92287
50, 5690, 4, 89814, 91452
50, 5700, 4, 89806, 90641
50, 5710, 4, 89804, 91262
50, 5720, 4, 89767, 89804
50, 5730, 4, 89767, 91305
50, 5740, 4, 89767, 90023
50, 5750, 4, 89767, 91911
50, 5760, 4, 89767, 92446
50, 5770, 4, 89767, 91856
50, 5780, 4, 88977, 92063
50, 5790, 4, 88977, 92119
50, 5800, 4, 88977, 91355
50, 5810, 4, 88977, 92658
50, 5820, 4, 88977, 90049
50, 5830, 4, 88736, 90849
50, 5840, 4, 88628, 90897
50, 5850, 4, 88541, 90832
50, 5860, 4, 88481, 88541
50, 5870, 4, 88288, 89713
50, 5880, 4, 88288, 90293
50, 5890, 4, 88172, 91307
50, 5900, 4, 88172, 88800
50, 5910, 4, 88172, 90748
50, 5920, 4, 88030, 89225
50, 5930, 4, 87987, 90983
50, 5940, 4, 87964, 91423
50, 5950, 4, 87964, 90016
50, 5960, 4, 87717, 91436
50, 5970, 4, 87717, 87717
50, 5980, 4, 87717, 87717
50, 5990, 4, 87717, 87717
50, 6000, 4, 87586, 89780
50, 6010, 4, 87586, 90806
50, 6020, 4, 87586, 87586
50, 6030, 4, 87251, 88847
50, 6040, 4, 87076, 89520
50, 6050, 4, 87076, 91316
50, 6060, 4, 86947, 87076
50, 6070, 4, 86894, 88236
50, 6080, 4, 86574, 88839
50, 6090, 4, 86574, 88145
50, 6100, 4, 86574, 89236
50, 6110, 4, 86574, 87750
50, 6120, 4, 86574, 88716
50, 6130, 4, 86500, 88381
50, 6140, 4, 86379, 86834
50, 6150, 4, 86379, 86379
50, 6160, 4, 86221, 88456
50, 6170, 4, 86221, 89226
50, 6180, 4, 86144, 88426
50, 6190, 4, 86144, 88863
50, 6200, 4, 86068, 87001
50, 6210, 4, 85881, 88513
50, 6220, 4, 85765, 88094
50, 6230, 4, 85765, 85765
50, 6240, 4, 85765, 85765
50, 6250, 4, 85603, 87161
50, 6260, 4, 85549, 88120
50, 6270, 4, 85549, 85549
50, 6280, 4, 85349, 87313
50, 6290, 4, 85349, 87222
50, 6300, 4, 85349, 87795
50, 6310, 4, 85208, 87925
50, 6320, 4, 85184, 86427
50, 6330, 4, 85184, 86710
50, 6340, 4, 85184, 86689
50, 6350, 4, 85184, 85184
50, 6360, 4, 85181, 85184
50, 6370, 4, 85181, 87073
50, 6380, 4, 85140, 86143
50, 6390, 4, 85140, 88385
50, 6400, 4, 85015, 87795
50, 6410, 4, 84922, 85015
50, 6420, 4, 84922, 85516
50, 6430, 4, 84438, 84579
50, 6440, 4, 84241, 85209
50, 6450, 4, 84241, 85489
50, 6460, 4, 84182, 85928
50, 6470, 4, 84008, 84907
50, 6480, 4, 84008, 84008
50, 6490, 4, 83808, 83808
50, 6500, 4, 83808, 84913
50, 6510, 4, 83773, 84614
50, 6520, 4, 83773, 85602
50, 6530, 4, 83773, 85320
50, 6540, 4, 83773, 84234
50, 6550, 4, 83773, 85123
50, 6560, 4, 83773, 84449
50, 6570, 4, 83773, 85594
50, 6580, 4, 83773, 85698
50, 6590, 4, 83755, 86955
50, 6600, 4, 83755, 83755
50, 6610, 4, 83663, 85690
50, 6620, 4, 83663, 86323
50, 6630, 4, 83663, 84878
50, 6640, 4, 83663, 85140
50, 6650, 4, 83663, 83663
50, 6660, 4, 83663, 86639
50, 6670, 4, 83663, 84317
50, 6680, 4, 83566, 83663
50, 6690, 4, 83545, 86399
50, 6700, 4, 83511, 86065
50, 6710, 4, 83511, 84915
50, 6720, 4, 83335, 85881
50, 6730, 4, 83335, 83627
50, 6740, 4, 83335, 84722
50, 6750, 4, 83335, 84499
50, 6760, 4, 83335, 84001
50, 6770, 4, 83124, 83371
50, 6780, 4, 83124, 83124
50, 6790, 4, 83059, 84477
50, 6800, 4, 83059, 83059
50, 6810, 4, 83059, 83059
50, 6820, 4, 83059, 85898
50, 6830, 4, 83038, 83038
50, 6840, 4, 83038, 85149
50, 6850, 4, 82970, 84815
50, 6860, 4, 82970, 83918
50, 6870, 4, 82970, 82970
50, 6880, 4, 82943, 82943
50, 6890, 4, 82943, 85609
50, 6900, 4, 82943, 85094
50, 6910, 4, 82807, 84996
50, 6920, 4, 82749, 83606
50, 6930, 4, 82749, 84886
50, 6940, 4, 82749, 84807
50, 6950, 4, 82520, 83869
50, 6960, 4, 82495, 84527
50, 6970, 4, 82495, 82540
50, 6980, 4, 82361, 82495
50, 6990, 4, 82361, 84843
50, 7000, 4, 82203, 83161
50, 7010, 4, 82003, 84180
50, 7020, 4, 82003, 83516
50, 7030, 4, 81882, 82003
50, 7040, 4, 81790, 83379
50, 7050, 4, 81790, 81790
50, 7060, 4, 81790, 83983
50, 7070, 4, 81790, 82181
50, 7080, 4, 81722, 81722
50, 7090, 4, 81722, 83988
50, 7100, 4, 81596, 81851
50, 7110, 4, 81596, 82628
50, 7120, 4, 81596, 83381
50, 7130, 4, 81465, 82720
50, 7140, 4, 81328, 81591
50, 7150, 4, 81245, 82052
50, 7160, 4, 81100, 81100
50, 7170, 4, 81100, 82349
50, 7180, 4, 81100, 81100
50, 7190, 4, 81100, 84585
50, 7200, 4, 81100, 84164
50, 7210, 4, 81100, 81100
50, 7220, 4, 81100, 82289
50, 7230, 4, 81100, 81100
50, 7240, 4, 81100, 81100
50, 7250, 4, 81100, 82089
50, 7260, 4, 81100, 81100
50, 7270, 4, 81100, 84003
50, 7280, 4, 81025, 81693
50, 7290, 4, 80902, 81602
50, 7300, 4, 80829, 82936
50, 7310, 4, 80829, 80829
50, 7320, 4, 80829, 81634
50, 7330, 4, 80620, 82047
50, 7340, 4, 80620, 82918
50, 7350, 4, 80264, 81214
50, 7360, 4, 80256, 80340
50, 7370, 4, 80256, 81593
50, 7380, 4, 80256, 82781
50, 7390, 4, 80256, 80256
50, 7400, 4, 80256, 80256
50, 7410, 4, 80256, 82235
50, 7420, 4, 80256, 80256
50, 7430, 4, 80207, 82207
50, 7440, 4, 80207, 82115
50, 7450, 4, 80207, 81007
50, 7460, 4, 80207, 80207
50, 7470, 4, 80207, 81612
50, 7480, 4, 80207, 82865
50, 7490, 4, 80207, 81803
50, 7500, 4, 80207, 81835
50, 7510, 4, 80045, 81727
50, 7520, 4, 80045, 80045
50, 7530, 4, 79994, 82056
50, 7540, 4, 79894, 80655
50, 7550, 4, 79894, 82006
50, 7560, 4, 79829, 80016
50, 7570, 4, 79796, 80861
50, 7580, 4, 79796, 80457
50, 7590, 4, 79796, 79796
50, 7600, 4, 79796, 83116
50, 7610, 4, 79796, 80907
50, 7620, 4, 79778, 81195
50, 7630, 4, 79735, 81889
50, 7640, 4, 79735, 81095
50, 7650, 4, 79620, 81823
50, 7660, 4, 79620, 79620
50, 7670, 4, 79620, 81242
50, 7680, 4, 79620, 80048
50, 7690, 4, 79620, 79620
50, 7700, 4, 79561, 80642
50, 7710, 4, 79561, 79561
50, 7720, 4, 79561, 79885
50, 7730, 4, 79548, 79561
50, 7740, 4, 79548, 81425
50, 7750, 4, 79548, 80255
50, 7760, 4, 79548, 81031
50, 7770, 4, 79439, 82260
50, 7780, 4, 79127, 80405
50, 7790, 4, 79127, 80815
50, 7800, 4, 78964, 80470
50, 7810, 4, 78267, 80007
50, 7820, 4, 78254, 79203
50, 7830, 4, 78222, 78298
50, 7840, 4, 78222, 79052
50, 7850, 4, 78222, 79415
50, 7860, 4, 78222, 78222
50, 7870, 4, 78222, 79483
50, 7880, 4, 78222, 78222
50, 7890, 4, 78222, 78222
50, 7900, 4, 78222, 80516
50, 7910, 4, 78216, 78222
50, 7920, 4, 78012, 79322
50, 7930, 4, 78012, 79133
50, 7940, 4, 78012, 78012
50, 7950, 4, 78012, 79650
50, 7960, 4, 77812, 78012
50, 7970, 4, 77732, 79713
50, 7980, 4, 77732, 78194
50, 7990, 4, 77732, 79754
50, 8000, 4, 77732, 77732
50, 8010, 4, 77732, 80637
50, 8020, 4, 77732, 77732
50, 8030, 4, 77732, 77732
50, 8040, 4, 77678, 78532
50, 8050, 4, 77661, 79343
50, 8060, 4, 77661, 78161
50, 8070, 4, 77661, 81562
50, 8080, 4, 77661, 77661
50, 8090, 4, 77661, 79946
50, 8100, 4, 77661, 77661
50, 8110, 4, 77661, 77661
50, 8120, 4, 77661, 77661
50, 8130, 4, 77661, 77661
50, 8140, 4, 77661, 78439
50, 8150, 4, 77661, 78093
50, 8160, 4, 77640, 77661
50, 8170, 4, 77640, 79994
50, 8180, 4, 77640, 77640
50, 8190, 4, 77640, 79202
50, 8200, 4, 77640, 78807
50, 8210, 4, 77582, 78214
50, 8220, 4, 77512, 77582
50, 8230, 4, 77413, 79090
50, 8240, 4, 77413, 78413
50, 8250, 4, 77413, 77413
50, 8260, 4, 77386, 78741
50, 8270, 4, 77386, 77386
50, 8280, 4, 77386, 79383
50, 8290, 4, 77386, 77386
50, 8300, 4, 77074, 79018
50, 8310, 4, 77074, 78228
50, 8320, 4, 77074, 77074
50, 8330, 4, 77074, 77074
50, 8340, 4, 77015, 78536
50, 8350, 4, 76883, 80182
50, 8360, 4, 76883, 76883
50, 8370, 4, 76883, 76883
50, 8380, 4, 76883, 79456
50, 8390, 4, 76883, 76883
50, 8400, 4, 76883, 77866
50, 8410, 4, 76883, 78413
50, 8420, 4, 76883, 76883
50, 8430, 4, 76883, 76883
50, 8440, 4, 76883, 77805
50, 8450, 4, 76817, 79234
50, 8460, 4, 76396, 77978
50, 8470, 4, 76396, 77218
50, 8480, 4, 76396, 78509
50, 8490, 4, 76337, 76396
50, 8500, 4, 76292, 76821
50, 8510, 4, 76292, 76292
50, 8520, 4, 76292, 76292
50, 8530, 4, 76142, 76344
50, 8540, 4, 76142, 76142
50, 8550, 4, 76142, 77869
50, 8560, 4, 76142, 77641
50, 8570, 4, 76142, 76142
50, 8580, 4, 76142, 76142
50, 8590, 4, 76085, 76142
50, 8600, 4, 76077, 77714
50, 8610, 4, 76077, 77780
50, 8620, 4, 76077, 76077
50, 8630, 4, 76077, 76077
50, 8640, 4, 76001, 76036
50, 8650, 4, 76001, 76001
50, 8660, 4, 76001, 76001
50, 8670, 4, 76001, 76001
50, 8680, 4, 75821, 76001
50, 8690, 4, 75821, 75821
50, 8700, 4, 75340, 76686
50, 8710, 4, 75340, 75340
50, 8720, 4, 75340, 77271
50, 8730, 4, 75340, 75340
50, 8740, 4, 75340, 75340
50, 8750, 4, 75340, 75340
50, 8760, 4, 75261, 76587
50, 8770, 4, 75261, 75261
50, 8780, 4, 75261, 75261
50, 8790, 4, 75261, 75261
50, 8800, 4, 75199, 77481
50, 8810, 4, 75083, 77496
50, 8820, 4, 75083, 75083
50, 8830, 4, 75083, 75083
50, 8840, 4, 75083, 75083
50, 8850, 4, 75083, 76683
50, 8860, 4, 74986, 75083
50, 8870, 4, 74986, 74986
50, 8880, 4, 74981, 74986
50, 8890, 4, 74712, 74712
50, 8900, 4, 74712, 75281
50, 8910, 4, 74604, 76482
50, 8920, 4, 74502, 74826
50, 8930, 4, 74502, 76042
50, 8940, 4, 74502, 74502
50, 8950, 4, 74445, 74502
50, 8960, 4, 74445, 74445
50, 8970, 4, 74445, 75730
50, 8980, 4, 74320, 75357
50, 8990, 4, 74320, 74320
50, 9000, 4, 74261, 75956
50, 9010, 4, 74261, 75106
50, 9020, 4, 74261, 75059
50, 9030, 4, 74261, 74261
50, 9040, 4, 74261, 74525
50, 9050, 4, 74261, 74261
50, 9060, 4, 74112, 74261
50, 9070, 4, 74112, 74722
50, 9080, 4, 74107, 74112
50, 9090, 4, 74107, 74107
50, 9100, 4, 74107, 76423
50, 9110, 4, 74107, 74107
50, 9120, 4, 74107, 74107
50, 9130, 4, 74107, 77033
50, 9140, 4, 74101, 76273
50, 9150, 4, 74017, 74101
50, 9160, 4, 73940, 74017
50, 9170, 4, 73940, 73940
50, 9180, 4, 73940, 73940
50, 9190, 4, 73940, 73940
50, 9200, 4, 73940, 73940
50, 9210, 4, 73892, 73892
50, 9220, 4, 73892, 73892
50, 9230, 4, 73876, 73892
50, 9240, 4, 73876, 73876
50, 9250, 4, 73876, 73876
50, 9260, 4, 73799, 73876
50, 9270, 4, 73799, 73799
50, 9280, 4, 73799, 73799
50, 9290, 4, 73799, 73799
50, 9300, 4, 73542, 74221
50, 9310, 4, 73542, 73542
50, 9320, 4, 73542, 73542
50, 9330, 4, 73488, 73542
50, 9340, 4, 73488, 73488
50, 9350, 4, 73461, 76096
50, 9360, 4, 73461, 73461
50, 9370, 4, 73461, 73461
50, 9380, 4, 73429, 73429
50, 9390, 4, 73270, 73270
50, 9400, 4, 73244, 73270
50, 9410, 4, 73062, 73062
50, 9420, 4, 73062, 74099
50, 9430, 4, 73062, 74833
50, 9440, 4, 73062, 73062
50, 9450, 4, 72977, 73062
50, 9460, 4, 72610, 75432
50, 9470, 4, 72610, 73786
50, 9480, 4, 72610, 72610
50, 9490, 4, 72610, 72610
50, 9500, 4, 72610, 74085
50, 9510, 4, 72610, 74369
50, 9520, 4, 72552, 74053
50, 9530, 4, 72552, 72552
50, 9540, 4, 72546, 72552
50, 9550, 4, 72546, 72546
50, 9560, 4, 72546, 72546
50, 9570, 4, 72546, 72546
50, 9580, 4, 72546, 72546
50, 9590, 4, 72546, 72546
50, 9600, 4, 72546, 74028
50, 9610, 4, 72546, 74671
50, 9620, 4, 72546, 72546
50, 9630, 4, 72546, 72546
50, 9640, 4, 72463, 72546
50, 9650, 4, 72463, 72463
50, 9660, 4, 72463, 72463
50, 9670, 4, 72463, 72463
50, 9680, 4, 72463, 72463
50, 9690, 4, 72463, 72463
50, 9700, 4, 72463, 72463
50, 9710, 4, 72463, 72463
50, 9720, 4, 72263, 72463
50, 9730, 4, 72263, 72263
50, 9740, 4, 72263, 72263
50, 9750, 4, 72153, 73427
50, 9760, 4, 72153, 74750
50, 9770, 4, 72153, 73213
50, 9780, 4, 72137, 72153
50, 9790, 4, 72137, 72137
50, 9800, 4, 72137, 72137
50, 9810, 4, 71900, 72207
50, 9820, 4, 71900, 71900
50, 9830, 4, 71900, 74722
50, 9840, 4, 71894, 72263
50, 9850, 4, 71894, 72516
50, 9860, 4, 71723, 71894
50, 9870, 4, 71723, 71723
50, 9880, 4, 71723, 71723
50, 9890, 4, 71723, 71723
50, 9900, 4, 71723, 71723
50, 9910, 4, 71723, 71723
50, 9920, 4, 71723, 71723
50, 9930, 4, 71723, 71723
50, 9940, 4, 71723, 71723
50, 9950, 4, 71723, 72946
50, 9960, 4, 71723, 71723
50, 9970, 4, 71723, 72662
50, 9980, 4, 71723, 71723
50, 9990, 4, 71589, 72225
50, 10000, 4, 71476, 71589
50, 10010, 4, 71476, 72592
50, 10020, 4, 71476, 71476
50, 10030, 4, 71476, 74869
50, 10040, 4, 71399, 71476
50, 10050, 4, 71217, 71399
50, 10060, 4, 71217, 71217
50, 10070, 4, 71217, 72617
50, 10080, 4, 71217, 71217
50, 10090, 4, 71217, 71217
50, 10100, 4, 71217, 72224
50, 10110, 4, 71217, 71747
50, 10120, 4, 71217, 71473
50, 10130, 4, 70956, 73117
50, 10140, 4, 70956, 73082
50, 10150, 4, 70956, 72467
50, 10160, 4, 70681, 70765
50, 10170, 4, 70681, 71782
50, 10180, 4, 70681, 70681
50, 10190, 4, 70632, 71988
50, 10200, 4, 70632, 70632
50, 10210, 4, 70632, 72936
50, 10220, 4, 70632, 70632
50, 10230, 4, 70632, 70632
50, 10240, 4, 70443, 72948
50, 10250, 4, 70385, 72223
50, 10260, 4, 70385, 70385
50, 10270, 4, 70127, 72984
50, 10280, 4, 70127, 70127
50, 10290, 4, 70107, 70127
50, 10300, 4, 70107, 71071
50, 10310, 4, 70107, 71613
50, 10320, 4, 70107, 70107
50, 10330, 4, 70107, 71132
50, 10340, 4, 70107, 70107
50, 10350, 4, 70107, 70107
50, 10360, 4, 70107, 70107
50, 10370, 4, 70098, 70098
50, 10380, 4, 69996, 70098
50, 10390, 4, 69961, 69996
50, 10400, 4, 69707, 69961
50, 10410, 4, 69678, 69707
50, 10420, 4, 69678, 69678
50, 10430, 4, 69540, 69678
50, 10440, 4, 69540, 69540
50, 10450, 4, 69491, 69540
50, 10460, 4, 69491, 69491
50, 10470, 4, 69491, 70672
50, 10480, 4, 69491, 69491
50, 10490, 4, 69435, 71052
50, 10500, 4, 69435, 69435
50, 10510, 4, 69435, 70908
50, 10520, 4, 69435, 69435
50, 10530, 4, 69435, 72896
50, 10540, 4, 69435, 69435
50, 10550, 4, 69435, 69435
50, 10560, 4, 69435, 69435
50, 10570, 4, 69435, 69435
50, 10580, 4, 69435, 70647
50, 10590, 4, 69416, 69435
50, 10600, 4, 69416, 71639
50, 10610, 4, 69416, 69416
50, 10620, 4, 69416, 69416
50, 10630, 4, 69416, 70704
50, 10640, 4, 69416, 69416
50, 10650, 4, 69416, 69913
50, 10660, 4, 69416, 69416
50, 10670, 4, 69416, 69416
50, 10680, 4, 69416, 69416
50, 10690, 4, 69379, 69379
50, 10700, 4, 69379, 69379
50, 10710, 4, 69379, 69379
50, 10720, 4, 69379, 69840
50, 10730, 4, 69379, 69379
50, 10740, 4, 69379, 69379
50, 10750, 4, 69346, 69346
50, 10760, 4, 69346, 69777
50, 10770, 4, 69254, 69346
50, 10780, 4, 69254, 69254
50, 10790, 4, 69083, 69254
50, 10800, 4, 69083, 71311
50, 10810, 4, 69083, 69083
50, 10820, 4, 68995, 70454
50, 10830, 4, 68995, 68995
50, 10840, 4, 68995, 68995
50, 10850, 4, 68995, 68995
50, 10860, 4, 68995, 68995
50, 10870, 4, 68995, 68995
50, 10880, 4, 68995, 68995
50, 10890, 4, 68995, 68995
50, 10900, 4, 68995, 68995
50, 10910, 4, 68995, 68995
50, 10920, 4, 68995, 70903
50, 10930, 4, 68993, 68995
50, 10940, 4, 68925, 68993
50, 10950, 4, 68925, 68925
50, 10960, 4, 68925, 68925
50, 10970, 4, 68925, 68925
50, 10980, 4, 68925, 68925
50, 10990, 4, 68925, 69676
50, 11000, 4, 68925, 68925
50, 11010, 4, 68925, 68925
50, 11020, 4, 68925, 68925
50, 11030, 4, 68925, 68925
50, 11040, 4, 68925, 68925
50, 11050, 4, 68809, 68925
50, 11060, 4, 68809, 68809
50, 11070, 4, 68693, 68693
50, 11080, 4, 68693, 68693
50, 11090, 4, 68584, 68584
50, 11100, 4, 68584, 68584
50, 11110, 4, 68584, 68584
50, 11120, 4, 68545, 68545
50, 11130, 4, 68545, 68545
50, 11140, 4, 68545, 68545
50, 11150, 4, 68545, 68545
50, 11160, 4, 68421, 68545
50, 11170, 4, 68421, 69325
50, 11180, 4, 68421, 68421
50, 11190, 4, 68421, 68421
50, 11200, 4, 68421, 68421
50, 11210, 4, 68421, 68421
50, 11220, 4, 68421, 68421
50, 11230, 4, 68421, 68421
50, 11240, 4, 68421, 68421
50, 11250, 4, 68348, 68348
50, 11260, 4, 68348, 68348
50, 11270, 4, 68348, 68348
50, 11280, 4, 68348, 68348
50, 11290, 4, 68348, 68348
50, 11300, 4, 68348, 69466
50, 11310, 4, 68348, 68348
50, 11320, 4, 68348, 68348
50, 11330, 4, 68348, 68348
50, 11340, 4, 68338, 68338
50, 11350, 4, 68338, 68338
50, 11360, 4, 68338, 68338
50, 11370, 4, 68338, 69131
50, 11380, 4, 68338, 68338
50, 11390, 4, 68338, 68338
50, 11400, 4, 68338, 69338
50, 11410, 4, 68338, 68338
50, 11420, 4, 68320, 68338
50, 11430, 4, 68320, 68320
50, 11440, 4, 68320, 68320
50, 11450, 4, 68320, 68320
50, 11460, 4, 68320, 68320
50, 11470, 4, 68320, 68320
50, 11480, 4, 68320, 68320
50, 11490, 4, 68151, 70794
50, 11500, 4, 68151, 68151
50, 11510, 4, 68151, 68151
50, 11520, 4, 68151, 68151
50, 11530, 4, 68151, 68151
50, 11540, 4, 68151, 69463
50, 11550, 4, 68151, 68151
50, 11560, 4, 68010, 68444
50, 11570, 4, 68010, 68010
50, 11580, 4, 68010, 68010
50, 11590, 4, 68010, 68010
50, 11600, 4, 68010, 68010
50, 11610, 4, 68010, 69317
50, 11620, 4, 68010, 69091
50, 11630, 4, 68010, 68010
50, 11640, 4, 68010, 68010
50, 11650, 4, 68010, 68010
50, 11660, 4, 68010, 68010
50, 11670, 4, 68010, 68010
50, 11680, 4, 68010, 68010
50, 11690, 4, 68010, 68010
50, 11700, 4, 68010, 69773
50, 11710, 4, 67834, 67967
50, 11720, 4, 67791, 67791
50, 11730, 4, 67791, 67791
50, 11740, 4, 67791, 67791
50, 11750, 4, 67791, 67791
50, 11760, 4, 67791, 67791
50, 11770, 4, 67726, 67726
50, 11780, 4, 67726, 67726
50, 11790, 4, 67726, 67726
50, 11800, 4, 67726, 67726
50, 11810, 4, 67551, 67686
50, 11820, 4, 67551, 67551
50, 11830, 4, 67551, 67551
50, 11840, 4, 67533, 67551
50, 11850, 4, 67533, 67533
50, 11860, 4, 67533, 67533
50, 11870, 4, 67457, 67533
50, 11880, 4, 67457, 67457
50, 11890, 4, 67457, 67457
50, 11900, 4, 67414, 69905
50, 11910, 4, 67414, 67414
50, 11920, 4, 67414, 68453
50, 11930, 4, 67414, 67414
50, 11940, 4, 67414, 67414
50, 11950, 4, 67343, 67343
50, 11960, 4, 67343, 67343
50, 11970, 4, 67343, 67343
50, 11980, 4, 67343, 67343
50, 11990, 4, 67343, 67343
50, 12000, 4, 67343, 68555
50, 12010, 4, 67343, 67343
50, 12020, 4, 67343, 67343
50, 12030, 4, 67343, 67343
50, 12040, 4, 67343, 67343
50, 12050, 4, 67343, 67343
50, 12060, 4, 67343, 67343
50, 12070, 4, 67343, 67343
50, 12080, 4, 67343, 67343
50, 12090, 4, 67343, 67343
50, 12100, 4, 67343, 67343
50, 12110, 4, 67343, 67343
50, 12120, 4, 67343, 67343
50, 12130, 4, 67343, 67343
50, 12140, 4, 67343, 67343
50, 12150, 4, 67343, 67343
50, 12160, 4, 67343, 67343
50, 12170, 4, 67343, 67343
50, 12180, 4, 67317, 67317
50, 12190, 4, 67317, 67317
50, 12200, 4, 67317, 67513
50, 12210, 4, 67317, 68030
50, 12220, 4, 67317, 67557
50, 12230, 4, 67317, 67317
50, 12240, 4, 67317, 67317
50, 12250, 4, 67317, 67317
50, 12260, 4, 67317, 67317
50, 12270, 4, 67317, 67751
50, 12280, 4, 67317, 67317
50, 12290, 4, 67317, 67317
50, 12300, 4, 67317, 67317
50, 12310, 4, 67317, 69126
50, 12320, 4, 67317, 67317
50, 12330, 4, 67317, 68922
50, 12340, 4, 67317, 67317
50, 12350, 4, 67317, 67317
50, 12360, 4, 67317, 67317
50, 12370, 4, 67317, 67317
50, 12380, 4, 67317, 67317
50, 12390, 4, 67317, 68002
50, 12400, 4, 67317, 68803
50, 12410, 4, 67317, 67317
50, 12420, 4, 67317, 67317
50, 12430, 4, 67317, 67317
50, 12440, 4, 67317, 67317
50, 12450, 4, 67317, 67317
50, 12460, 4, 67317, 67317
50, 12470, 4, 67317, 67317
50, 12480, 4, 67118, 67317
50, 12490, 4, 67118, 67118
50, 12500, 4, 67118, 67118
50, 12510, 4, 67118, 67118
50, 12520, 4, 67118, 67118
50, 12530, 4, 67118, 67118
50, 12540, 4, 67118, 67118
50, 12550, 4, 67118, 67118
50, 12560, 4, 67118, 67118
50, 12570, 4, 67118, 67118
50, 12580, 4, 67118, 67118
50, 12590, 4, 67118, 67118
50, 12600, 4, 67118, 67118
50, 12610, 4, 67118, 67118
50, 12620, 4, 67118, 67118
50, 12630, 4, 67118, 67118
50, 12640, 4, 67075, 67075
50, 12650, 4, 67075, 67075
50, 12660, 4, 67075, 67075
50, 12670, 4, 67075, 67075
50, 12680, 4, 67075, 67075
50, 12690, 4, 67075, 67075
50, 12700, 4, 67075, 67075
50, 12710, 4, 67075, 67075
50, 12720, 4, 67075, 67075
50, 12730, 4, 67075, 67075
50, 12740, 4, 67075, 67075
50, 12750, 4, 67075, 67075
50, 12760, 4, 67075, 67075
50, 12770, 4, 67075, 67075
50, 12780, 4, 67075, 67075
50, 12790, 4, 67051, 67051
50, 12800, 4, 67051, 67051
50, 12810, 4, 66929, 66929
50, 12820, 4, 66929, 66929
50, 12830, 4, 66929, 67012
50, 12840, 4, 66929, 66929
50, 12850, 4, 66766, 66766
50, 12860, 4, 66766, 66766
50, 12870, 4, 66766, 66766
50, 12880, 4, 66766, 66766
50, 12890, 4, 66766, 66766
50, 12900, 4, 66766, 66766
50, 12910, 4, 66766, 66766
50, 12920, 4, 66741, 66766
50, 12930, 4, 66741, 67813
50, 12940, 4, 66741, 66741
50, 12950, 4, 66741, 66741
50, 12960, 4, 66741, 67365
50, 12970, 4, 66741, 66741
50, 12980, 4, 66741, 66741
50, 12990, 4, 66653, 66741
50, 13000, 4, 66653, 66653
50, 13010, 4, 66625, 66653
50, 13020, 4, 66625, 66625
50, 13030, 4, 66625, 66625
50, 13040, 4, 66625, 66625
50, 13050, 4, 66625, 66625
50, 13060, 4, 66625, 66625
50, 13070, 4, 66625, 66625
50, 13080, 4, 66625, 66625
50, 13090, 4, 66625, 66625
50, 13100, 4, 66495, 66625
50, 13110, 4, 66495, 66495
50, 13120, 4, 66495, 66495
50, 13130, 4, 66495, 66495
50, 13140, 4, 66495, 66495
50, 13150, 4, 66495, 66495
50, 13160, 4, 66495, 66495
50, 13170, 4, 66495, 66495
50, 13180, 4, 66495, 66495
50, 13190, 4, 66495, 66495
50, 13200, 4, 66495, 66495
50, 13210, 4, 66495, 66495
50, 13220, 4, 66495, 66495
50, 13230, 4, 66495, 66495
50, 13240, 4, 66360, 67781
50, 13250, 4, 66360, 67320
50, 13260, 4, 66360, 66360
50, 13270, 4, 66360, 66360
50, 13280, 4, 66360, 66360
50, 13290, 4, 66336, 66360
50, 13300, 4, 66336, 66336
50, 13310, 4, 66192, 66336
50, 13320, 4, 66192, 66192
50, 13330, 4, 66192, 66192
50, 13340, 4, 66192, 66192
50, 13350, 4, 66192, 66192
50, 13360, 4, 66192, 66192
50, 13370, 4, 66192, 66192
50, 13380, 4, 66192, 66192
50, 13390, 4, 66192, 66192
50, 13400, 4, 66192, 66374
50, 13410, 4, 66192, 66192
50, 13420, 4, 66192, 66192
50, 13430, 4, 66192, 66192
50, 13440, 4, 66192, 66192
50, 13450, 4, 66192, 66192
50, 13460, 4, 66174, 66174
50, 13470, 4, 66174, 66174
50, 13480, 4, 66174, 66174
50, 13490, 4, 66174, 66174
50, 13500, 4, 66174, 66174
50, 13510, 4, 66174, 66174
50, 13520, 4, 66174, 66174
50, 13530, 4, 66091, 66174
50, 13540, 4, 66091, 66091
50, 13550, 4, 65957, 66091
50, 13560, 4, 65957, 65957
50, 13570, 4, 65957, 65957
50, 13580, 4, 65957, 66679
50, 13590, 4, 65957, 65957
50, 13600, 4, 65957, 65957
50, 13610, 4, 65957, 65957
50, 13620, 4, 65957, 65957
50, 13630, 4, 65957, 65957
50, 13640, 4, 65938, 65957
50, 13650, 4, 65938, 65938
50, 13660, 4, 65938, 65938
50, 13670, 4, 65938, 65938
50, 13680, 4, 65938, 65938
50, 13690, 4, 65938, 65938
50, 13700, 4, 65938, 65938
50, 13710, 4, 65938, 65938
50, 13720, 4, 65938, 65938
50, 13730, 4, 65938, 65938
50, 13740, 4, 65887, 65887
50, 13750, 4, 65887, 65887
50, 13760, 4, 65887, 65887
50, 13770, 4, 65887, 65887
50, 13780, 4, 65887, 65887
50, 13790, 4, 65887, 65887
50, 13800, 4, 65756, 67111
50, 13810, 4, 65726, 65726
50, 13820, 4, 65726, 65726
50, 13830, 4, 65726, 65726
50, 13840, 4, 65724, 66458
50, 13850, 4, 65724, 65724
50, 13860, 4, 65724, 65724
50, 13870, 4, 65642, 65724
50, 13880, 4, 65642, 65642
50, 13890, 4, 65642, 65642
50, 13900, 4, 65642, 65642
50, 13910, 4, 65642, 65642
50, 13920, 4, 65642, 65642
50, 13930, 4, 65642, 65642
50, 13940, 4, 65642, 65642
50, 13950, 4, 65583, 65587
50, 13960, 4, 65583, 65583
50, 13970, 4, 65583, 65583
50, 13980, 4, 65583, 65583
50, 13990, 4, 65458, 65583
50, 14000, 4, 65458, 65458
50, 14010, 4, 65458, 66765
50, 14020, 4, 65458, 65458
50, 14030, 4, 65458, 65458
50, 14040, 4, 65458, 65458
50, 14050, 4, 65407, 65458
50, 14060, 4, 65407, 65407
50, 14070, 4, 65407, 65407
50, 14080, 4, 65407, 65407
50, 14090, 4, 65407, 65407
50, 14100, 4, 65407, 65407
50, 14110, 4, 65407, 65407
50, 14120, 4, 65407, 65769
50, 14130, 4, 65407, 65407
50, 14140, 4, 65407, 65407
50, 14150, 4, 65407, 65407
50, 14160, 4, 65407, 65407
50, 14170, 4, 65329, 65407
50, 14180, 4, 65329, 65329
50, 14190, 4, 65329, 65329
50, 14200, 4, 65329, 65329
50, 14210, 4, 65329, 65329
50, 14220, 4, 65329, 65329
50, 14230, 4, 65329, 65329
50, 14240, 4, 65329, 65329
50, 14250, 4, 65329, 65329
50, 14260, 4, 65329, 65329
50, 14270, 4, 65329, 65329
50, 14280, 4, 65329, 65329
50, 14290, 4, 65329, 65329
50, 14300, 4, 65329, 65329
50, 14310, 4, 65329, 65329
50, 14320, 4, 65329, 65329
50, 14330, 4, 65329, 65329
50, 14340, 4, 65329, 65329
50, 14350, 4, 65329, 65329
50, 14360, 4, 65329, 65329
50, 14370, 4, 65329, 65329
50, 14380, 4, 65329, 65329
50, 14390, 4, 65329, 65329
50, 14400, 4, 65329, 65329
50, 14410, 4, 65329, 65329
50, 14420, 4, 65329, 65329
50, 14430, 4, 65329, 65329
50, 14440, 4, 65232, 65329
50, 14450, 4, 65232, 65232
50, 14460, 4, 65232, 65232
50, 14470, 4, 65232, 65232
50, 14480, 4, 65232, 65232
50, 14490, 4, 65232, 65232
50, 14500, 4, 65232, 65232
50, 14510, 4, 65232, 65232
50, 14520, 4, 65232, 65232
50, 14530, 4, 65153, 65153
50, 14540, 4, 65153, 65153
50, 14550, 4, 65153, 65153
50, 14560, 4, 65153, 65153
50, 14570, 4, 65153, 65153
50, 14580, 4, 65153, 65153
50, 14590, 4, 65153, 65153
50, 14600, 4, 65153, 65153
50, 14610, 4, 65070, 65070
50, 14620, 4, 65070, 65070
50, 14630, 4, 65070, 65070
50, 14640, 4, 65070, 65070
50, 14650, 4, 65043, 65070
50, 14660, 4, 65043, 65043
50, 14670, 4, 65043, 65043
50, 14680, 4, 65043, 65043
50, 14690, 4, 64971, 65043
50, 14700, 4, 64971, 64971
50, 14710, 4, 64971, 64971
50, 14720, 4, 64971, 64971
50, 14730, 4, 64971, 64971
50, 14740, 4, 64971, 64971
50, 14750, 4, 64971, 64971
50, 14760, 4, 64971, 64971
50, 14770, 4, 64964, 64971
50, 14780, 4, 64964, 64964
50, 14790, 4, 64964, 64964
50, 14800, 4, 64808, 64808
50, 14810, 4, 64701, 64808
50, 14820, 4, 64701, 64701
50, 14830, 4, 64701, 64701
50, 14840, 4, 64701, 64701
50, 14850, 4, 64701, 64701
50, 14860, 4, 64701, 64701
50, 14870, 4, 64701, 64701
50, 14880, 4, 64701, 64701
50, 14890, 4, 64701, 64701
50, 14900, 4, 64701, 64701
50, 14910, 4, 64701, 64701
50, 14920, 4, 64701, 64701
50, 14930, 4, 64701, 64701
50, 14940, 4, 64701, 64701
50, 14950, 4, 64701, 64701
50, 14960, 4, 64701, 64701
50, 14970, 4, 64701, 64701
50, 14980, 4, 64701, 64701
50, 14990, 4, 64701, 64701
50, 15000, 4, 64701, 64701
50, 15010, 4, 64701, 64701
50, 15020, 4, 64701, 64701
50, 15030, 4, 64701, 64701
50, 15040, 4, 64701, 64701
50, 15050, 4, 64701, 64701
50, 15060, 4, 64701, 64701
50, 15070, 4, 64701, 64701
50, 15080, 4, 64701, 64701
50, 15090, 4, 64701, 64701
50, 15100, 4, 64701, 64701
50, 15110, 4, 64701, 64701
50, 15120, 4, 64701, 64701
50, 15130, 4, 64701, 64701
50, 15140, 4, 64701, 64701
50, 15150, 4, 64701, 64701
50, 15160, 4, 64701, 64701
50, 15170, 4, 64701, 64701
50, 15180, 4, 64701, 64701
50, 15190, 4, 64701, 64701
50, 15200, 4, 64701, 64701
50, 15210, 4, 64701, 64701
50, 15220, 4, 64701, 64701
50, 15230, 4, 64660, 64660
50, 15240, 4, 64660, 64660
50, 15250, 4, 64660, 64660
50, 15260, 4, 64660, 64660
50, 15270, 4, 64660, 64660
50, 15280, 4, 64660, 64660
50, 15290, 4, 64660, 64660
50, 15300, 4, 64660, 64660
50, 15310, 4, 64495, 64495
50, 15320, 4, 64495, 64495
50, 15330, 4, 64495, 64495
50, 15340, 4, 64495, 64495
50, 15350, 4, 64495, 64495
50, 15360, 4, 64495, 64495
50, 15370, 4, 64495, 64495
50, 15380, 4, 64495, 64495
50, 15390, 4, 64495, 64495
50, 15400, 4, 64495, 64495
50, 15410, 4, 64495, 64495
50, 15420, 4, 64495, 64495
50, 15430, 4, 64495, 64495
50, 15440, 4, 64495, 64495
50, 15450, 4, 64495, 64495
50, 15460, 4, 64495, 64495
50, 15470, 4, 64495, 64495
50, 15480, 4, 64495, 64495
50, 15490, 4, 64495, 64495
50, 15500, 4, 64495, 64495
50, 15510, 4, 64406, 64406
50, 15520, 4, 64406, 64406
50, 15530, 4, 64406, 64406
50, 15540, 4, 64406, 64406
50, 15550, 4, 64406, 64406
50, 15560, 4, 64406, 64406
50, 15570, 4, 64406, 64406
50, 15580, 4, 64406, 64406
50, 15590, 4, 64406, 64406
50, 15600, 4, 64406, 64406
50, 15610, 4, 64406, 64406
50, 15620, 4, 64282, 64406
50, 15630, 4, 64282, 64282
50, 15640, 4, 64282, 64282
50, 15650, 4, 64282, 64282
50, 15660, 4, 64282, 64282
50, 15670, 4, 64282, 64282
50, 15680, 4, 64227, 64227
50, 15690, 4, 64227, 64227
50, 15700, 4, 64227, 64227
50, 15710, 4, 64227, 64227
50, 15720, 4, 64211, 64227
50, 15730, 4, 64211, 64211
50, 15740, 4, 64153, 64153
50, 15750, 4, 64153, 64153
50, 15760, 4, 64153, 64153
50, 15770, 4, 64153, 64153
50, 15780, 4, 64153, 64153
50, 15790, 4, 64153, 64153
50, 15800, 4, 64153, 64153
50, 15810, 4, 64153, 64153
50, 15820, 4, 64153, 64153
50, 15830, 4, 64153, 64153
50, 15840, 4, 64153, 64153
50, 15850, 4, 64153, 64153
50, 15860, 4, 64153, 64153
50, 15870, 4, 64153, 64153
50, 15880, 4, 64153, 64153
50, 15890, 4, 64153, 64153
50, 15900, 4, 64153, 64153
50, 15910, 4, 64153, 64153
50, 15920, 4, 64153, 64153
50, 15930, 4, 64153, 64153
50, 15940, 4, 64153, 64153
50, 15950, 4, 64153, 64153
50, 15960, 4, 64153, 64153
50, 15970, 4, 64153, 64153
50, 15980, 4, 64153, 64153
50, 15990, 4, 64153, 64153
50, 16000, 4, 64153, 64153
50, 16010, 4, 64114, 64153
50, 16020, 4, 64114, 64114
50, 16030, 4, 64114, 64114
50, 16040, 4, 64114, 64114
50, 16050, 4, 64114, 64114
50, 16060, 4, 64114, 64114
50, 16070, 4, 64096, 64096
50, 16080, 4, 64012, 64012
50, 16090, 4, 64012, 64012
50, 16100, 4, 64012, 64012
50, 16110, 4, 64012, 64012
50, 16120, 4, 64012, 64012
50, 16130, 4, 64012, 64012
50, 16140, 4, 64012, 64012
50, 16150, 4, 64012, 64012
50, 16160, 4, 64012, 64012
50, 16170, 4, 64012, 64012
50, 16180, 4, 64012, 64012
50, 16190, 4, 64012, 64012
50, 16200, 4, 64012, 64012
50, 16210, 4, 64012, 64012
50, 16220, 4, 64012, 64012
50, 16230, 4, 64012, 64012
50, 16240, 4, 64012, 64012
50, 16250, 4, 64012, 64012
50, 16260, 4, 64012, 64012
50, 16270, 4, 64012, 64012
50, 16280, 4, 64012, 64012
50, 16290, 4, 64012, 64012
50, 16300, 4, 64012, 64012
50, 16310, 4, 64012, 64012
50, 16320, 4, 64012, 64012
50, 16330, 4, 64012, 64012
50, 16340, 4, 64012, 64012
50, 16350, 4, 64012, 64012
50, 16360, 4, 64012, 64012
50, 16370, 4, 64012, 64012
50, 16380, 4, 64012, 64012
50, 16390, 4, 64012, 64012
50, 16400, 4, 63829, 63907
50, 16410, 4, 63705, 63829
50, 16420, 4, 63705, 63705
50, 16430, 4, 63705, 63705
50, 16440, 4, 63705, 63705
50, 16450, 4, 63705, 63705
50, 16460, 4, 63705, 63705
50, 16470, 4, 63705, 63705
50, 16480, 4, 63705, 63705
50, 16490, 4, 63705, 63705
50, 16500, 4, 63705, 63705
50, 16510, 4, 63705, 63705
50, 16520, 4, 63705, 63705
50, 16530, 4, 63705, 63705
50, 16540, 4, 63705, 63705
50, 16550, 4, 63705, 63705
50, 16560, 4, 63705, 63705
50, 16570, 4, 63705, 63705
50, 16580, 4, 63705, 63705
50, 16590, 4, 63705, 63705
50, 16600, 4, 63705, 63705
50, 16610, 4, 63705, 63705
50, 16620, 4, 63705, 63705
50, 16630, 4, 63705, 63705
50, 16640, 4, 63705, 63705
50, 16650, 4, 63705, 63705
50, 16660, 4, 63705, 63705
50, 16670, 4, 63705, 63705
50, 16680, 4, 63705, 63705
50, 16690, 4, 63705, 63705
50, 16700, 4, 63705, 63705
50, 16710, 4, 63705, 63705
50, 16720, 4, 63705, 63705
50, 16730, 4, 63705, 63705
50, 16740, 4, 63705, 63705
50, 16750, 4, 63705, 63705
50, 16760, 4, 63705, 63705
50, 16770, 4, 63705, 63705
50, 16780, 4, 63705, 63705
50, 16790, 4, 63705, 63705
50, 16800, 4, 63705, 63705
50, 16810, 4, 63705, 63705
50, 16820, 4, 63705, 63705
50, 16830, 4, 63705, 63705
50, 16840, 4, 63705, 63705
50, 16850, 4, 63705, 63705
50, 16860, 4, 63639, 63705
50, 16870, 4, 63639, 63639
50, 16880, 4, 63639, 63639
50, 16890, 4, 63639, 63639
50, 16900, 4, 63639, 63639
50, 16910, 4, 63639, 63639
50, 16920, 4, 63443, 63639
50, 16930, 4, 63443, 63443
50, 16940, 4, 63371, 63371
50, 16950, 4, 63371, 63371
50, 16960, 4, 63371, 63371
50, 16970, 4, 63371, 63371
50, 16980, 4, 63371, 63371
50, 16990, 4, 63371, 63371
50, 17000, 4, 63371, 63371
50, 17010, 4, 63371, 63371
50, 17020, 4, 63371, 63371
50, 17030, 4, 63371, 63371
50, 17040, 4, 63371, 63371
50, 17050, 4, 63371, 63371
50, 17060, 4, 63371, 63371
50, 17070, 4, 63371, 63371
50, 17080, 4, 63371, 63371
50, 17090, 4, 63371, 63371
50, 17100, 4, 63371, 63371
50, 17110, 4, 63371, 63371
50, 17120, 4, 63333, 63333
50, 17130, 4, 63333, 63333
50, 17140, 4, 63333, 63333
50, 17150, 4, 63333, 63333
50, 17160, 4, 63333, 63333
50, 17170, 4, 63333, 63333
50, 17180, 4, 63333, 63333
50, 17190, 4, 63333, 63333
50, 17200, 4, 63333, 63333
50, 17210, 4, 63333, 63333
50, 17220, 4, 63333, 63333
50, 17230, 4, 63333, 63333
50, 17240, 4, 63333, 63333
50, 17250, 4, 63333, 63333
50, 17260, 4, 63333, 63333
50, 17270, 4, 63217, 63333
50, 17280, 4, 63217, 63217
50, 17290, 4, 63217, 63217
50, 17300, 4, 63217, 63217
50, 17310, 4, 63217, 63217
50, 17320, 4, 63217, 63217
50, 17330, 4, 63217, 63217
50, 17340, 4, 63217, 63217
50, 17350, 4, 63217, 63217
50, 17360, 4, 63217, 63217
50, 17370, 4, 63217, 63217
50, 17380, 4, 63217, 63217
50, 17390, 4, 63217, 63217
50, 17400, 4, 63217, 63217
50, 17410, 4, 63133, 63217
50, 17420, 4, 63064, 63133
50, 17430, 4, 63064, 63064
50, 17440, 4, 63064, 63064
50, 17450, 4, 63064, 63064
50, 17460, 4, 63064, 63064
50, 17470, 4, 62880, 62880
50, 17480, 4, 62880, 62880
50, 17490, 4, 62880, 62880
50, 17500, 4, 62880, 62880
50, 17510, 4, 62880, 62880
50, 17520, 4, 62880, 62880
50, 17530, 4, 62880, 62880
50, 17540, 4, 62880, 62880
50, 17550, 4, 62783, 62783
50, 17560, 4, 62783, 62783
50, 17570, 4, 62783, 62783
50, 17580, 4, 62783, 62783
50, 17590, 4, 62783, 62783
50, 17600, 4, 62781, 62783
50, 17610, 4, 62781, 62781
50, 17620, 4, 62781, 62781
50, 17630, 4, 62781, 62781
50, 17640, 4, 62781, 62781
50, 17650, 4, 62781, 62781
50, 17660, 4, 62781, 62781
50, 17670, 4, 62781, 62781
50, 17680, 4, 62781, 62781
50, 17690, 4, 62781, 62781
50, 17700, 4, 62781, 62781
50, 17710, 4, 62781, 62781
50, 17720, 4, 62781, 62781
50, 17730, 4, 62781, 62781
50, 17740, 4, 62781, 62781
50, 17750, 4, 62781, 62781
50, 17760, 4, 62781, 62781
50, 17770, 4, 62781, 62781
50, 17780, 4, 62781, 62781
50, 17790, 4, 62781, 62781
50, 17800, 4, 62781, 62781
50, 17810, 4, 62781, 62781
50, 17820, 4, 62781, 62781
50, 17830, 4, 62781, 62781
50, 17840, 4, 62781, 62781
50, 17850, 4, 62781, 62781
50, 17860, 4, 62781, 62781
50, 17870, 4, 62781, 62781
50, 17880, 4, 62781, 62781
50, 17890, 4, 62781, 62781
50, 17900, 4, 62781, 62781
50, 17910, 4, 62781, 62781
50, 17920, 4, 62781, 62781
50, 17930, 4, 62781, 62781
50, 17940, 4, 62781, 62781
50, 17950, 4, 62781, 62781
50, 17960, 4, 62781, 62781
50, 17970, 4, 62781, 62781
50, 17980, 4, 62781, 62781
50, 17990, 4, 62665, 62665
50, 18000, 4, 62665, 62665
50, 18010, 4, 62665, 62665
50, 18020, 4, 62665, 62665
50, 18030, 4, 62665, 62665
50, 18040, 4, 62665, 62665
50, 18050, 4, 62665, 62665
50, 18060, 4, 62665, 62665
50, 18070, 4, 62665, 62665
50, 18080, 4, 62665, 62665
50, 18090, 4, 62665, 62665
50, 18100, 4, 62665, 62665
50, 18110, 4, 62665, 62665
50, 18120, 4, 62665, 62665
50, 18130, 4, 62662, 62665
50, 18140, 4, 62662, 62662
50, 18150, 4, 62662, 62662
50, 18160, 4, 62662, 62662
50, 18170, 4, 62662, 62662
50, 18180, 4, 62662, 62662
50, 18190, 4, 62662, 62662
50, 18200, 4, 62662, 62662
50, 18210, 4, 62662, 62662
50, 18220, 4, 62662, 62662
50, 18230, 4, 62662, 62662
50, 18240, 4, 62662, 62662
50, 18250, 4, 62662, 62662
50, 18260, 4, 62662, 62662
50, 18270, 4, 62662, 62662
50, 18280, 4, 62662, 62662
50, 18290, 4, 62662, 62662
50, 18300, 4, 62662, 62662
50, 18310, 4, 62662, 62662
50, 18320, 4, 62662, 62662
50, 18330, 4, 62662, 62662
50, 18340, 4, 62662, 62662
50, 18350, 4, 62662, 62662
50, 18360, 4, 62662, 62662
50, 18370, 4, 62662, 62662
50, 18380, 4, 62662, 62662
50, 18390, 4, 62662, 62662
50, 18400, 4, 62662, 62662
50, 18410, 4, 62662, 62662
50, 18420, 4, 62662, 62662
50, 18430, 4, 62662, 62662
50, 18440, 4, 62662, 62662
50, 18450, 4, 62662, 62662
50, 18460, 4, 62662, 62662
50, 18470, 4, 62662, 62662
50, 18480, 4, 62662, 62662
50, 18490, 4, 62662, 62662
50, 18500, 4, 62662, 62662
50, 18510, 4, 62662, 62662
50, 18520, 4, 62662, 62662
50, 18530, 4, 62662, 62662
50, 18540, 4, 62662, 62662
50, 18550, 4, 62662, 62662
50, 18560, 4, 62662, 62662
50, 18570, 4, 62662, 62662
50, 18580, 4, 62662, 62662
50, 18590, 4, 62662, 62662
50, 18600, 4, 62662, 62662
50, 18610, 4, 62662, 62662
50, 18620, 4, 62662, 62662
50, 18630, 4, 62662, 62662
50, 18640, 4, 62662, 62662
50, 18650, 4, 62662, 62662
50, 18660, 4, 62662, 62662
50, 18670, 4, 62662, 62662
50, 18680, 4, 62662, 62662
50, 18690, 4, 62651, 62662
50, 18700, 4, 62651, 62651
50, 18710, 4, 62651, 62651
50, 18720, 4, 62651, 62651
50, 18730, 4, 62651, 62651
50, 18740, 4, 62651, 62651
50, 18750, 4, 62651, 62651
50, 18760, 4, 62651, 62651
50, 18770, 4, 62651, 62651
50, 18780, 4, 62651, 62651
50, 18790, 4, 62651, 62651
50, 18800, 4, 62651, 62651
50, 18810, 4, 62651, 62651
50, 18820, 4, 62651, 62651
50, 18830, 4, 62651, 62651
50, 18840, 4, 62651, 62651
50, 18850, 4, 62651, 62651
50, 18860, 4, 62651, 62651
50, 18870, 4, 62651, 62651
50, 18880, 4, 62651, 62651
50, 18890, 4, 62651, 62651
50, 18900, 4, 62651, 62651
50, 18910, 4, 62651, 62651
50, 18920, 4, 62651, 62651
50, 18930, 4, 62651, 62651
50, 18940, 4, 62478, 62651
50, 18950, 4, 62478, 62478
50, 18960, 4, 62426, 62478
50, 18970, 4, 62426, 62426
50, 18980, 4, 62426, 62426
50, 18990, 4, 62426, 62426
50, 19000, 4, 62426, 62426
50, 19010, 4, 62426, 62426
50, 19020, 4, 62426, 62426
50, 19030, 4, 62426, 62426
50, 19040, 4, 62426, 62426
50, 19050, 4, 62426, 62426
50, 19060, 4, 62426, 62426
50, 19070, 4, 62426, 62426
50, 19080, 4, 62426, 62426
50, 19090, 4, 62426, 62426
50, 19100, 4, 62426, 62426
50, 19110, 4, 62426, 62426
50, 19120, 4, 62426, 62426
50, 19130, 4, 62426, 62426
50, 19140, 4, 62426, 62426
50, 19150, 4, 62426, 62426
50, 19160, 4, 62426, 62426
50, 19170, 4, 62426, 62426
50, 19180, 4, 62426, 62426
50, 19190, 4, 62426, 62426
50, 19200, 4, 62426, 62426
50, 19210, 4, 62426, 62426
50, 19220, 4, 62426, 62426
50, 19230, 4, 62360, 62360
50, 19240, 4, 62293, 62360
50, 19250, 4, 62293, 62293
50, 19260, 4, 62293, 62293
50, 19270, 4, 62293, 62293
50, 19280, 4, 62293, 62293
50, 19290, 4, 62293, 62293
50, 19300, 4, 62293, 62293
50, 19310, 4, 62123, 62123
50, 19320, 4, 62123, 62123
50, 19330, 4, 62123, 62123
50, 19340, 4, 62123, 62123
50, 19350, 4, 62123, 62123
50, 19360, 4, 62123, 62123
50, 19370, 4, 62123, 62123
50, 19380, 4, 62044, 62044
50, 19390, 4, 62044, 62044
50, 19400, 4, 62044, 62044
50, 19410, 4, 62044, 62044
50, 19420, 4, 62044, 62044
50, 19430, 4, 62044, 62044
50, 19440, 4, 62044, 62044
50, 19450, 4, 61970, 61970
50, 19460, 4, 61970, 61970
50, 19470, 4, 61970, 61970
50, 19480, 4, 61970, 61970
50, 19490, 4, 61970, 61970
50, 19500, 4, 61970, 61970
50, 19510, 4, 61970, 61970
50, 19520, 4, 61970, 61970
50, 19530, 4, 61970, 61970
50, 19540, 4, 61970, 61970
50, 19550, 4, 61970, 61970
50, 19560, 4, 61970, 61970
50, 19570, 4, 61970, 61970
50, 19580, 4, 61970, 61970
50, 19590, 4, 61970, 61970
50, 19600, 4, 61970, 61970
50, 19610, 4, 61970, 61970
50, 19620, 4, 61970, 61970
50, 19630, 4, 61953, 61953
50, 19640, 4, 61953, 61953
50, 19650, 4, 61953, 61953
50, 19660, 4, 61953, 61953
50, 19670, 4, 61953, 61953
50, 19680, 4, 61953, 61953
50, 19690, 4, 61953, 61953
50, 19700, 4, 61953, 61953
50, 19710, 4, 61953, 61953
50, 19720, 4, 61953, 61953
50, 19730, 4, 61953, 61953
50, 19740, 4, 61953, 61953
50, 19750, 4, 61953, 61953
50, 19760, 4, 61953, 61953
50, 19770, 4, 61953, 61953
50, 19780, 4, 61953, 61953
50, 19790, 4, 61953, 61953
50, 19800, 4, 61953, 61953
50, 19810, 4, 61953, 61953
50, 19820, 4, 61953, 61953
50, 19830, 4, 61953, 61953
50, 19840, 4, 61953, 61953
50, 19850, 4, 61953, 61953
50, 19860, 4, 61953, 61953
50, 19870, 4, 61912, 61912
50, 19880, 4, 61912, 61912
50, 19890, 4, 61912, 61912
50, 19900, 4, 61912, 61912
50, 19910, 4, 61480, 61480
50, 19920, 4, 61480, 61480
50, 19930, 4, 61480, 61480
50, 19940, 4, 61419, 61419
50, 19950, 4, 61419, 61419
50, 19960, 4, 61419, 61419
50, 19970, 4, 61419, 61419
50, 19980, 4, 61419, 61419
50, 19990, 4, 61419, 61419
