Population Size, Generation Count, Repetition, Best Fitness, Median Fitness
50, 0, 5, 741658, 772848
50, 10, 5, 713246, 718817
50, 20, 5, 689640, 700288
50, 30, 5, 668656, 676238
50, 40, 5, 652487, 657680
50, 50, 5, 638506, 643029
50, 60, 5, 621772, 626604
50, 70, 5, 606974, 614405
50, 80, 5, 596796, 602162
50, 90, 5, 584007, 590142
50, 100, 5, 577891, 581661
50, 110, 5, 566563, 572042
50, 120, 5, 559841, 565307
50, 130, 5, 548808, 555704
50, 140, 5, 538680, 549131
50, 150, 5, 530069, 533256
50, 160, 5, 520174, 523461
50, 170, 5, 510309, 513991
50, 180, 5, 504264, 508457
50, 190, 5, 495572, 501120
50, 200, 5, 490367, 495120
50, 210, 5, 482773, 485895
50, 220, 5, 474902, 478243
50, 230, 5, 465528, 470410
50, 240, 5, 458817, 462498
50, 250, 5, 452358, 457696
50, 260, 5, 445138, 449152
50, 270, 5, 442130, 444772
50, 280, 5, 437104, 440549
50, 290, 5, 433208, 436925
50, 300, 5, 426083, 430692
50, 310, 5, 422685, 426178
50, 320, 5, 418030, 422608
50, 330, 5, 414864, 417591
50, 340, 5, 411042, 415140
50, 350, 5, 408317, 411749
50, 360, 5, 404082, 408421
50, 370, 5, 398778, 404325
50, 380, 5, 394523, 397582
50, 390, 5, 390712, 393270
50, 400, 5, 386261, 389341
50, 410, 5, 380162, 384526
50, 420, 5, 378025, 380740
50, 430, 5, 375663, 377464
50, 440, 5, 372133, 376031
50, 450, 5, 367867, 370500
50, 460, 5, 364115, 368239
50, 470, 5, 359623, 365222
50, 480, 5, 357463, 359813
50, 490, 5, 351457, 353924
50, 500, 5, 349223, 351060
50, 510, 5, 344889, 348829
50, 520, 5, 341397, 344250
50, 530, 5, 339754, 342820
50, 540, 5, 336958, 339267
50, 550, 5, 334445, 337469
50, 560, 5, 330417, 335099
50, 570, 5, 328579, 333007
50, 580, 5, 327338, 330743
50, 590, 5, 323344, 327372
50, 600, 5, 318549, 323014
50, 610, 5, 316883, 320053
50, 620, 5, 315294, 317602
50, 630, 5, 313750, 316773
50, 640, 5, 312317, 315754
50, 650, 5, 308319, 312319
50, 660, 5, 304411, 308156
50, 670, 5, 303057, 304694
50, 680, 5, 301030, 303371
50, 690, 5, 299276, 303238
50, 700, 5, 296984, 300042
50, 710, 5, 295680, 299838
50, 720, 5, 294426, 297835
50, 730, 5, 291684, 295598
50, 740, 5, 289996, 292308
50, 750, 5, 287872, 291695
50, 760, 5, 286007, 288364
50, 770, 5, 282832, 289104
50, 780, 5, 280017, 284192
50, 790, 5, 277529, 280871
50, 800, 5, 275299, 278796
50, 810, 5, 273382, 276713
50, 820, 5, 272746, 275119
50, 830, 5, 270014, 273072
50, 840, 5, 269139, 271328
50, 850, 5, 266445, 270525
50, 860, 5, 264511, 267157
50, 870, 5, 263099, 265991
50, 880, 5, 261098, 263457
50, 890, 5, 258909, 263669
50, 900, 5, 258043, 259713
50, 910, 5, 257370, 260346
50, 920, 5, 255613, 259534
50, 930, 5, 253970, 257829
50, 940, 5, 251254, 255292
50, 950, 5, 250486, 254158
50, 960, 5, 249115, 250672
50, 970, 5, 248153, 250347
50, 980, 5, 247122, 249968
50, 990, 5, 245842, 247260
50, 1000, 5, 244978, 248251
50, 1010, 5, 243726, 246572
50, 1020, 5, 243239, 245832
50, 1030, 5, 242812, 245256
50, 1040, 5, 241388, 244233
50, 1050, 5, 240028, 243188
50, 1060, 5, 237297, 242222
50, 1070, 5, 235248, 238084
50, 1080, 5, 232677, 236243
50, 1090, 5, 231222, 233868
50, 1100, 5, 230669, 233770
50, 1110, 5, 230348, 232213
50, 1120, 5, 229108, 232633
50, 1130, 5, 227225, 231030
50, 1140, 5, 225528, 229316
50, 1150, 5, 225154, 228465
50, 1160, 5, 223948, 227332
50, 1170, 5, 223335, 226073
50, 1180, 5, 221986, 225715
50, 1190, 5, 220678, 223080
50, 1200, 5, 219894, 223174
50, 1210, 5, 219264, 221549
50, 1220, 5, 219126, 221729
50, 1230, 5, 218821, 222022
50, 1240, 5, 218476, 220373
50, 1250, 5, 217771, 221235
50, 1260, 5, 217128, 219699
50, 1270, 5, 215288, 219759
50, 1280, 5, 214985, 217153
50, 1290, 5, 214392, 215770
50, 1300, 5, 214027, 215183
50, 1310, 5, 213381, 215632
50, 1320, 5, 212447, 215123
50, 1330, 5, 211691, 213051
50, 1340, 5, 211466, 213394
50, 1350, 5, 210994, 213007
50, 1360, 5, 209278, 210284
50, 1370, 5, 208481, 211735
50, 1380, 5, 206837, 209962
50, 1390, 5, 205303, 208486
50, 1400, 5, 205076, 207002
50, 1410, 5, 204822, 209007
50, 1420, 5, 203272, 205361
50, 1430, 5, 202723, 205377
50, 1440, 5, 202141, 204533
50, 1450, 5, 201891, 204427
50, 1460, 5, 199985, 202554
50, 1470, 5, 198954, 202065
50, 1480, 5, 197661, 199396
50, 1490, 5, 197421, 199248
50, 1500, 5, 196549, 198264
50, 1510, 5, 194266, 198617
50, 1520, 5, 193594, 197057
50, 1530, 5, 192936, 196087
50, 1540, 5, 192536, 194340
50, 1550, 5, 191682, 194953
50, 1560, 5, 191130, 193543
50, 1570, 5, 190976, 194058
50, 1580, 5, 189937, 191961
50, 1590, 5, 189847, 193649
50, 1600, 5, 188897, 193173
50, 1610, 5, 188388, 192075
50, 1620, 5, 187470, 190710
50, 1630, 5, 186389, 188963
50, 1640, 5, 185910, 186826
50, 1650, 5, 184759, 187038
50, 1660, 5, 184029, 187966
50, 1670, 5, 183613, 187363
50, 1680, 5, 182211, 184898
50, 1690, 5, 181779, 184912
50, 1700, 5, 181160, 183052
50, 1710, 5, 180671, 184424
50, 1720, 5, 180214, 183341
50, 1730, 5, 178630, 182358
50, 1740, 5, 178161, 182271
50, 1750, 5, 177567, 182281
50, 1760, 5, 177173, 179382
50, 1770, 5, 177141, 180107
50, 1780, 5, 175383, 179328
50, 1790, 5, 175135, 175927
50, 1800, 5, 174893, 176325
50, 1810, 5, 174311, 178101
50, 1820, 5, 173876, 175567
50, 1830, 5, 173209, 175544
50, 1840, 5, 173003, 175612
50, 1850, 5, 171798, 174483
50, 1860, 5, 171798, 175654
50, 1870, 5, 171338, 173978
50, 1880, 5, 170068, 172423
50, 1890, 5, 169483, 173222
50, 1900, 5, 169011, 171646
50, 1910, 5, 168854, 170548
50, 1920, 5, 168478, 170638
50, 1930, 5, 167210, 169450
50, 1940, 5, 166811, 170622
50, 1950, 5, 166715, 168707
50, 1960, 5, 166652, 168878
50, 1970, 5, 165852, 169503
50, 1980, 5, 165454, 165536
50, 1990, 5, 165012, 168041
50, 2000, 5, 164427, 167160
50, 2010, 5, 163606, 166893
50, 2020, 5, 163550, 165321
50, 2030, 5, 163124, 166037
50, 2040, 5, 163124, 164888
50, 2050, 5, 162426, 164676
50, 2060, 5, 161817, 165087
50, 2070, 5, 161508, 163227
50, 2080, 5, 160893, 163917
50, 2090, 5, 158588, 162278
50, 2100, 5, 158074, 160068
50, 2110, 5, 158015, 159789
50, 2120, 5, 158015, 162938
50, 2130, 5, 157826, 161458
50, 2140, 5, 157012, 159608
50, 2150, 5, 156415, 158236
50, 2160, 5, 156008, 158260
50, 2170, 5, 155924, 157134
50, 2180, 5, 155677, 158734
50, 2190, 5, 155052, 156832
50, 2200, 5, 154870, 157800
50, 2210, 5, 154146, 156833
50, 2220, 5, 154077, 156141
50, 2230, 5, 153697, 157250
50, 2240, 5, 153644, 156508
50, 2250, 5, 153605, 156478
50, 2260, 5, 153583, 156802
50, 2270, 5, 152604, 154047
50, 2280, 5, 152430, 154843
50, 2290, 5, 151984, 154930
50, 2300, 5, 151437, 155027
50, 2310, 5, 151261, 153907
50, 2320, 5, 151238, 152318
50, 2330, 5, 150715, 153515
50, 2340, 5, 150454, 153197
50, 2350, 5, 148732, 153064
50, 2360, 5, 148257, 150156
50, 2370, 5, 147944, 150700
50, 2380, 5, 147589, 151727
50, 2390, 5, 147276, 149212
50, 2400, 5, 146876, 148314
50, 2410, 5, 146412, 148587
50, 2420, 5, 146082, 147570
50, 2430, 5, 146008, 149240
50, 2440, 5, 145617, 147928
50, 2450, 5, 145150, 148329
50, 2460, 5, 144063, 147574
50, 2470, 5, 143779, 145781
50, 2480, 5, 143779, 146032
50, 2490, 5, 143608, 146751
50, 2500, 5, 143608, 146392
50, 2510, 5, 143572, 144289
50, 2520, 5, 143572, 146383
50, 2530, 5, 143162, 145349
50, 2540, 5, 143047, 146311
50, 2550, 5, 142989, 145680
50, 2560, 5, 142802, 144041
50, 2570, 5, 142511, 145423
50, 2580, 5, 142162, 145698
50, 2590, 5, 141351, 144243
50, 2600, 5, 140932, 142969
50, 2610, 5, 140834, 143369
50, 2620, 5, 140647, 143332
50, 2630, 5, 140056, 142904
50, 2640, 5, 139474, 141618
50, 2650, 5, 139267, 142088
50, 2660, 5, 138775, 141116
50, 2670, 5, 138310, 142521
50, 2680, 5, 138277, 140195
50, 2690, 5, 137838, 140313
50, 2700, 5, 137652, 139602
50, 2710, 5, 137187, 139732
50, 2720, 5, 136634, 138661
50, 2730, 5, 136079, 139001
50, 2740, 5, 135775, 138793
50, 2750, 5, 135587, 137864
50, 2760, 5, 135114, 136354
50, 2770, 5, 134980, 137184
50, 2780, 5, 134980, 136995
50, 2790, 5, 134765, 136025
50, 2800, 5, 134207, 137237
50, 2810, 5, 134025, 136965
50, 2820, 5, 133974, 134945
50, 2830, 5, 133753, 135627
50, 2840, 5, 133474, 135464
50, 2850, 5, 133404, 135008
50, 2860, 5, 132555, 134475
50, 2870, 5, 132555, 132657
50, 2880, 5, 132469, 135019
50, 2890, 5, 132295, 134317
50, 2900, 5, 132286, 133174
50, 2910, 5, 131437, 136048
50, 2920, 5, 131437, 133976
50, 2930, 5, 131253, 134724
50, 2940, 5, 131040, 133167
50, 2950, 5, 130383, 133739
50, 2960, 5, 130310, 133185
50, 2970, 5, 129794, 131008
50, 2980, 5, 129617, 130814
50, 2990, 5, 129567, 131704
50, 3000, 5, 129567, 129703
50, 3010, 5, 129082, 131676
50, 3020, 5, 128882, 131430
50, 3030, 5, 128694, 129439
50, 3040, 5, 128657, 130333
50, 3050, 5, 128310, 132122
50, 3060, 5, 127711, 131365
50, 3070, 5, 127185, 128154
50, 3080, 5, 126581, 129450
50, 3090, 5, 126581, 128883
50, 3100, 5, 126314, 127820
50, 3110, 5, 126060, 128213
50, 3120, 5, 126060, 128365
50, 3130, 5, 125860, 126535
50, 3140, 5, 125392, 127933
50, 3150, 5, 124870, 129188
50, 3160, 5, 124818, 126960
50, 3170, 5, 124343, 125648
50, 3180, 5, 123896, 126815
50, 3190, 5, 123495, 124294
50, 3200, 5, 123389, 125928
50, 3210, 5, 123290, 125180
50, 3220, 5, 123193, 124424
50, 3230, 5, 123060, 125082
50, 3240, 5, 123007, 126442
50, 3250, 5, 122894, 124914
50, 3260, 5, 122814, 126097
50, 3270, 5, 122752, 125771
50, 3280, 5, 122638, 125208
50, 3290, 5, 122074, 124855
50, 3300, 5, 121842, 124775
50, 3310, 5, 121679, 125715
50, 3320, 5, 120524, 123214
50, 3330, 5, 118755, 122037
50, 3340, 5, 118664, 120994
50, 3350, 5, 118202, 122130
50, 3360, 5, 118202, 118793
50, 3370, 5, 118202, 121126
50, 3380, 5, 118202, 118620
50, 3390, 5, 118153, 119678
50, 3400, 5, 118002, 118239
50, 3410, 5, 117917, 119182
50, 3420, 5, 117305, 120336
50, 3430, 5, 117305, 118103
50, 3440, 5, 117113, 119448
50, 3450, 5, 116839, 118214
50, 3460, 5, 116816, 118788
50, 3470, 5, 116625, 118834
50, 3480, 5, 116625, 118267
50, 3490, 5, 116549, 119627
50, 3500, 5, 116022, 117429
50, 3510, 5, 116022, 117296
50, 3520, 5, 115985, 117794
50, 3530, 5, 115396, 116806
50, 3540, 5, 115202, 116978
50, 3550, 5, 115137, 117929
50, 3560, 5, 115035, 116594
50, 3570, 5, 114751, 117387
50, 3580, 5, 114624, 116385
50, 3590, 5, 114448, 115476
50, 3600, 5, 114361, 117482
50, 3610, 5, 114086, 117029
50, 3620, 5, 113828, 117332
50, 3630, 5, 113632, 113828
50, 3640, 5, 113068, 115363
50, 3650, 5, 112778, 113565
50, 3660, 5, 112778, 115701
50, 3670, 5, 112670, 116144
50, 3680, 5, 112670, 115908
50, 3690, 5, 112608, 113056
50, 3700, 5, 112608, 114135
50, 3710, 5, 112408, 115365
50, 3720, 5, 112408, 113883
50, 3730, 5, 112292, 113755
50, 3740, 5, 112292, 113488
50, 3750, 5, 112150, 114466
50, 3760, 5, 111977, 112756
50, 3770, 5, 111482, 111990
50, 3780, 5, 111323, 112748
50, 3790, 5, 110760, 112636
50, 3800, 5, 110760, 111701
50, 3810, 5, 110633, 110904
50, 3820, 5, 110331, 110633
50, 3830, 5, 110042, 111971
50, 3840, 5, 110042, 112014
50, 3850, 5, 110042, 112210
50, 3860, 5, 109900, 111400
50, 3870, 5, 109744, 113115
50, 3880, 5, 109744, 111777
50, 3890, 5, 109744, 109744
50, 3900, 5, 109610, 110691
50, 3910, 5, 109610, 110328
50, 3920, 5, 109552, 110384
50, 3930, 5, 109352, 110089
50, 3940, 5, 109110, 111741
50, 3950, 5, 109032, 110164
50, 3960, 5, 108854, 110062
50, 3970, 5, 108600, 110996
50, 3980, 5, 108436, 110341
50, 3990, 5, 108436, 109758
50, 4000, 5, 108380, 109713
50, 4010, 5, 108380, 110752
50, 4020, 5, 108156, 110575
50, 4030, 5, 108156, 109293
50, 4040, 5, 107897, 111713
50, 4050, 5, 107897, 110418
50, 4060, 5, 107897, 107897
50, 4070, 5, 107709, 110143
50, 4080, 5, 107709, 109323
50, 4090, 5, 107709, 109227
50, 4100, 5, 107589, 110686
50, 4110, 5, 107465, 107812
50, 4120, 5, 106968, 109686
50, 4130, 5, 106784, 109912
50, 4140, 5, 106523, 107067
50, 4150, 5, 106239, 106430
50, 4160, 5, 106239, 106803
50, 4170, 5, 105777, 109076
50, 4180, 5, 105370, 108149
50, 4190, 5, 105370, 107355
50, 4200, 5, 105342, 107295
50, 4210, 5, 105184, 106291
50, 4220, 5, 105184, 106366
50, 4230, 5, 105040, 108016
50, 4240, 5, 104841, 106468
50, 4250, 5, 104841, 107192
50, 4260, 5, 104686, 106550
50, 4270, 5, 104686, 104686
50, 4280, 5, 104634, 107012
50, 4290, 5, 104322, 106458
50, 4300, 5, 104322, 104322
50, 4310, 5, 104304, 104322
50, 4320, 5, 103804, 107386
50, 4330, 5, 103232, 104872
50, 4340, 5, 103169, 105938
50, 4350, 5, 103169, 106216
50, 4360, 5, 103169, 103510
50, 4370, 5, 103152, 105879
50, 4380, 5, 102229, 105061
50, 4390, 5, 102112, 103327
50, 4400, 5, 101855, 101936
50, 4410, 5, 101742, 102975
50, 4420, 5, 101586, 103106
50, 4430, 5, 101041, 102579
50, 4440, 5, 101041, 103777
50, 4450, 5, 101041, 102991
50, 4460, 5, 101041, 103052
50, 4470, 5, 101041, 101257
50, 4480, 5, 100568, 102702
50, 4490, 5, 100568, 102160
50, 4500, 5, 100546, 104031
50, 4510, 5, 100440, 101867
50, 4520, 5, 99959, 101627
50, 4530, 5, 99880, 103671
50, 4540, 5, 99750, 101817
50, 4550, 5, 99666, 101549
50, 4560, 5, 99593, 100426
50, 4570, 5, 99533, 100572
50, 4580, 5, 99423, 101399
50, 4590, 5, 99423, 102275
50, 4600, 5, 99279, 100615
50, 4610, 5, 99279, 101673
50, 4620, 5, 99279, 100641
50, 4630, 5, 99092, 102903
50, 4640, 5, 99074, 101671
50, 4650, 5, 99001, 100365
50, 4660, 5, 99001, 101824
50, 4670, 5, 98864, 101353
50, 4680, 5, 98093, 99221
50, 4690, 5, 97903, 99820
50, 4700, 5, 97849, 101449
50, 4710, 5, 97647, 99719
50, 4720, 5, 97582, 99905
50, 4730, 5, 97118, 99570
50, 4740, 5, 96982, 97118
50, 4750, 5, 96982, 98869
50, 4760, 5, 96920, 101491
50, 4770, 5, 96890, 97586
50, 4780, 5, 96607, 100184
50, 4790, 5, 96607, 98587
50, 4800, 5, 96607, 100560
50, 4810, 5, 96383, 98864
50, 4820, 5, 96383, 97612
50, 4830, 5, 96383, 97731
50, 4840, 5, 96217, 100856
50, 4850, 5, 96217, 98315
50, 4860, 5, 95811, 98991
50, 4870, 5, 95776, 98848
50, 4880, 5, 95776, 96855
50, 4890, 5, 95776, 96821
50, 4900, 5, 95626, 98223
50, 4910, 5, 95626, 98557
50, 4920, 5, 95231, 96218
50, 4930, 5, 95172, 96609
50, 4940, 5, 94494, 96478
50, 4950, 5, 94470, 97218
50, 4960, 5, 94377, 95498
50, 4970, 5, 93844, 96064
50, 4980, 5, 93694, 96231
50, 4990, 5, 93443, 95480
50, 5000, 5, 92981, 94489
50, 5010, 5, 92879, 92981
50, 5020, 5, 92879, 94782
50, 5030, 5, 92655, 92655
50, 5040, 5, 92655, 94342
50, 5050, 5, 92396, 94617
50, 5060, 5, 92396, 95241
50, 5070, 5, 92025, 92686
50, 5080, 5, 91861, 93169
50, 5090, 5, 91861, 94355
50, 5100, 5, 91861, 93738
50, 5110, 5, 91861, 94986
50, 5120, 5, 91725, 94193
50, 5130, 5, 91649, 91725
50, 5140, 5, 91139, 94157
50, 5150, 5, 91092, 94426
50, 5160, 5, 90978, 93507
50, 5170, 5, 90940, 92492
50, 5180, 5, 90813, 92070
50, 5190, 5, 90675, 93017
50, 5200, 5, 90328, 91402
50, 5210, 5, 90288, 92208
50, 5220, 5, 89936, 89936
50, 5230, 5, 89628, 91239
50, 5240, 5, 89581, 90510
50, 5250, 5, 89380, 92215
50, 5260, 5, 89317, 92051
50, 5270, 5, 89031, 89864
50, 5280, 5, 88856, 89489
50, 5290, 5, 88784, 91489
50, 5300, 5, 88783, 89651
50, 5310, 5, 88783, 91087
50, 5320, 5, 88783, 91358
50, 5330, 5, 88783, 91534
50, 5340, 5, 88783, 88783
50, 5350, 5, 88783, 89423
50, 5360, 5, 88620, 91131
50, 5370, 5, 88328, 88620
50, 5380, 5, 88325, 89277
50, 5390, 5, 88202, 91324
50, 5400, 5, 87949, 90792
50, 5410, 5, 87525, 88373
50, 5420, 5, 87424, 87725
50, 5430, 5, 87424, 89437
50, 5440, 5, 87278, 89704
50, 5450, 5, 87278, 89396
50, 5460, 5, 87169, 88866
50, 5470, 5, 87169, 90169
50, 5480, 5, 87169, 89443
50, 5490, 5, 87169, 91463
50, 5500, 5, 87039, 89258
50, 5510, 5, 87039, 89528
50, 5520, 5, 86988, 87333
50, 5530, 5, 86988, 88434
50, 5540, 5, 86988, 88637
50, 5550, 5, 86923, 88060
50, 5560, 5, 86923, 90246
50, 5570, 5, 86923, 89188
50, 5580, 5, 86877, 90630
50, 5590, 5, 86814, 87722
50, 5600, 5, 86814, 89019
50, 5610, 5, 86756, 86814
50, 5620, 5, 86661, 86756
50, 5630, 5, 86661, 86661
50, 5640, 5, 86500, 86882
50, 5650, 5, 86488, 89837
50, 5660, 5, 86488, 86488
50, 5670, 5, 86488, 87345
50, 5680, 5, 86432, 86780
50, 5690, 5, 86432, 88196
50, 5700, 5, 86432, 89516
50, 5710, 5, 86432, 86693
50, 5720, 5, 86432, 87765
50, 5730, 5, 86432, 87680
50, 5740, 5, 85862, 88572
50, 5750, 5, 85834, 86226
50, 5760, 5, 85834, 87175
50, 5770, 5, 85834, 87110
50, 5780, 5, 85695, 87405
50, 5790, 5, 85249, 85695
50, 5800, 5, 85249, 85249
50, 5810, 5, 85186, 89274
50, 5820, 5, 85186, 86429
50, 5830, 5, 85186, 86234
50, 5840, 5, 85186, 88424
50, 5850, 5, 85182, 86830
50, 5860, 5, 85066, 85066
50, 5870, 5, 85066, 85066
50, 5880, 5, 84995, 86198
50, 5890, 5, 84995, 84995
50, 5900, 5, 84932, 86262
50, 5910, 5, 84873, 86086
50, 5920, 5, 84873, 88550
50, 5930, 5, 84859, 88921
50, 5940, 5, 84776, 87186
50, 5950, 5, 84776, 87088
50, 5960, 5, 84776, 84776
50, 5970, 5, 84776, 86212
50, 5980, 5, 84776, 84776
50, 5990, 5, 84698, 85759
50, 6000, 5, 84690, 85413
50, 6010, 5, 84508, 84690
50, 6020, 5, 84449, 84449
50, 6030, 5, 84305, 87305
50, 6040, 5, 84305, 86285
50, 6050, 5, 84163, 84305
50, 6060, 5, 84056, 84667
50, 6070, 5, 84056, 86260
50, 6080, 5, 84056, 84056
50, 6090, 5, 83973, 84056
50, 6100, 5, 83730, 85512
50, 6110, 5, 83712, 85218
50, 6120, 5, 83548, 85434
50, 6130, 5, 83183, 86017
50, 6140, 5, 83183, 84555
50, 6150, 5, 83096, 83696
50, 6160, 5, 82913, 83096
50, 6170, 5, 82722, 84580
50, 6180, 5, 82722, 85646
50, 6190, 5, 82722, 82722
50, 6200, 5, 82722, 84212
50, 6210, 5, 82580, 82722
50, 6220, 5, 82469, 83284
50, 6230, 5, 82382, 84593
50, 6240, 5, 82382, 85574
50, 6250, 5, 82382, 82382
50, 6260, 5, 82382, 82382
50, 6270, 5, 82382, 85386
50, 6280, 5, 82326, 82326
50, 6290, 5, 82214, 83823
50, 6300, 5, 82189, 82189
50, 6310, 5, 82189, 82189
50, 6320, 5, 82189, 84498
50, 6330, 5, 82159, 83486
50, 6340, 5, 81824, 83373
50, 6350, 5, 81824, 82710
50, 6360, 5, 81799, 81799
50, 6370, 5, 81751, 82966
50, 6380, 5, 81751, 81751
50, 6390, 5, 81751, 83320
50, 6400, 5, 81751, 81751
50, 6410, 5, 81751, 82988
50, 6420, 5, 81555, 84260
50, 6430, 5, 81555, 82893
50, 6440, 5, 81288, 82906
50, 6450, 5, 81271, 83452
50, 6460, 5, 81271, 83618
50, 6470, 5, 80963, 82516
50, 6480, 5, 80781, 82479
50, 6490, 5, 80781, 81395
50, 6500, 5, 80781, 84569
50, 6510, 5, 80781, 82508
50, 6520, 5, 80781, 80781
50, 6530, 5, 80724, 82693
50, 6540, 5, 80724, 82113
50, 6550, 5, 80608, 81652
50, 6560, 5, 80608, 82255
50, 6570, 5, 80582, 81129
50, 6580, 5, 80582, 83102
50, 6590, 5, 80486, 80805
50, 6600, 5, 80227, 82645
50, 6610, 5, 80227, 82800
50, 6620, 5, 80227, 80735
50, 6630, 5, 80209, 81772
50, 6640, 5, 80209, 82165
50, 6650, 5, 79949, 81858
50, 6660, 5, 79949, 79949
50, 6670, 5, 79908, 81273
50, 6680, 5, 79419, 81468
50, 6690, 5, 79419, 81143
50, 6700, 5, 79419, 79419
50, 6710, 5, 79419, 81533
50, 6720, 5, 79243, 82640
50, 6730, 5, 79243, 79243
50, 6740, 5, 79229, 82385
50, 6750, 5, 79159, 82812
50, 6760, 5, 79159, 81331
50, 6770, 5, 79061, 80596
50, 6780, 5, 79061, 79061
50, 6790, 5, 79023, 79023
50, 6800, 5, 78974, 79023
50, 6810, 5, 78974, 80842
50, 6820, 5, 78974, 79491
50, 6830, 5, 78915, 81206
50, 6840, 5, 78915, 78915
50, 6850, 5, 78730, 80690
50, 6860, 5, 78730, 79215
50, 6870, 5, 78730, 80535
50, 6880, 5, 78730, 80520
50, 6890, 5, 78730, 80576
50, 6900, 5, 78299, 78730
50, 6910, 5, 78299, 81088
50, 6920, 5, 78281, 79757
50, 6930, 5, 78281, 79375
50, 6940, 5, 78147, 78589
50, 6950, 5, 78147, 78658
50, 6960, 5, 78147, 78335
50, 6970, 5, 78080, 80072
50, 6980, 5, 78080, 78080
50, 6990, 5, 78080, 79382
50, 7000, 5, 78080, 78080
50, 7010, 5, 78080, 81264
50, 7020, 5, 78080, 79770
50, 7030, 5, 78071, 79281
50, 7040, 5, 77988, 81022
50, 7050, 5, 77988, 77988
50, 7060, 5, 77872, 79596
50, 7070, 5, 77872, 78984
50, 7080, 5, 77602, 79114
50, 7090, 5, 77602, 78094
50, 7100, 5, 77461, 80267
50, 7110, 5, 77385, 77461
50, 7120, 5, 77365, 77385
50, 7130, 5, 77363, 77365
50, 7140, 5, 77363, 78255
50, 7150, 5, 77112, 77112
50, 7160, 5, 77112, 78881
50, 7170, 5, 77110, 78206
50, 7180, 5, 77046, 79316
50, 7190, 5, 77046, 78009
50, 7200, 5, 76775, 77020
50, 7210, 5, 76775, 79176
50, 7220, 5, 76775, 78146
50, 7230, 5, 76775, 76775
50, 7240, 5, 76770, 77415
50, 7250, 5, 76770, 76855
50, 7260, 5, 76770, 78554
50, 7270, 5, 76604, 76770
50, 7280, 5, 76604, 78171
50, 7290, 5, 76604, 76604
50, 7300, 5, 76604, 76704
50, 7310, 5, 76544, 76604
50, 7320, 5, 76516, 76544
50, 7330, 5, 76516, 78384
50, 7340, 5, 76516, 76516
50, 7350, 5, 76516, 76516
50, 7360, 5, 76516, 76516
50, 7370, 5, 76498, 78123
50, 7380, 5, 76498, 77579
50, 7390, 5, 76433, 79110
50, 7400, 5, 76358, 78699
50, 7410, 5, 76358, 76771
50, 7420, 5, 76358, 77019
50, 7430, 5, 76324, 76324
50, 7440, 5, 76324, 77439
50, 7450, 5, 76324, 78047
50, 7460, 5, 76324, 76324
50, 7470, 5, 76303, 76867
50, 7480, 5, 76303, 78434
50, 7490, 5, 76303, 78127
50, 7500, 5, 76303, 76303
50, 7510, 5, 76303, 77091
50, 7520, 5, 76220, 76303
50, 7530, 5, 76170, 76220
50, 7540, 5, 76170, 76170
50, 7550, 5, 76170, 76170
50, 7560, 5, 75990, 76879
50, 7570, 5, 75990, 75990
50, 7580, 5, 75918, 79585
50, 7590, 5, 75879, 81024
50, 7600, 5, 75879, 77424
50, 7610, 5, 75841, 77843
50, 7620, 5, 75836, 75836
50, 7630, 5, 75818, 77417
50, 7640, 5, 75818, 75818
50, 7650, 5, 75818, 75818
50, 7660, 5, 75818, 75818
50, 7670, 5, 75818, 75941
50, 7680, 5, 75798, 75798
50, 7690, 5, 75353, 75798
50, 7700, 5, 75353, 76944
50, 7710, 5, 75353, 75757
50, 7720, 5, 75280, 76458
50, 7730, 5, 75280, 78261
50, 7740, 5, 75280, 75702
50, 7750, 5, 75280, 75280
50, 7760, 5, 75280, 77005
50, 7770, 5, 75280, 76692
50, 7780, 5, 75207, 75692
50, 7790, 5, 75184, 75207
50, 7800, 5, 75133, 75184
50, 7810, 5, 75034, 75133
50, 7820, 5, 74994, 75034
50, 7830, 5, 74867, 74994
50, 7840, 5, 74867, 75522
50, 7850, 5, 74646, 74867
50, 7860, 5, 74646, 76225
50, 7870, 5, 74580, 74646
50, 7880, 5, 74138, 75701
50, 7890, 5, 74138, 74534
50, 7900, 5, 74138, 74138
50, 7910, 5, 74138, 75197
50, 7920, 5, 74123, 74123
50, 7930, 5, 74123, 74123
50, 7940, 5, 74123, 74123
50, 7950, 5, 74075, 74123
50, 7960, 5, 74053, 75976
50, 7970, 5, 73886, 76373
50, 7980, 5, 73873, 74255
50, 7990, 5, 73873, 74273
50, 8000, 5, 73837, 73873
50, 8010, 5, 73682, 73686
50, 8020, 5, 73682, 74756
50, 8030, 5, 73647, 74225
50, 8040, 5, 73647, 73647
50, 8050, 5, 73629, 73647
50, 8060, 5, 73224, 73224
50, 8070, 5, 73224, 73224
50, 8080, 5, 73224, 75725
50, 8090, 5, 73208, 73224
50, 8100, 5, 73208, 74055
50, 8110, 5, 73208, 73208
50, 8120, 5, 73208, 73208
50, 8130, 5, 73208, 74032
50, 8140, 5, 73208, 73208
50, 8150, 5, 73208, 73208
50, 8160, 5, 73208, 73543
50, 8170, 5, 73208, 75423
50, 8180, 5, 73008, 74641
50, 8190, 5, 72437, 73008
50, 8200, 5, 72437, 72437
50, 8210, 5, 72437, 74075
50, 8220, 5, 72437, 74801
50, 8230, 5, 72437, 75802
50, 8240, 5, 72437, 73940
50, 8250, 5, 72437, 73357
50, 8260, 5, 72319, 72437
50, 8270, 5, 72239, 73580
50, 8280, 5, 72239, 74564
50, 8290, 5, 72239, 73378
50, 8300, 5, 72161, 72161
50, 8310, 5, 72161, 72161
50, 8320, 5, 72161, 72161
50, 8330, 5, 72136, 72244
50, 8340, 5, 72136, 72136
50, 8350, 5, 72136, 74242
50, 8360, 5, 72136, 72136
50, 8370, 5, 72053, 72136
50, 8380, 5, 72053, 72053
50, 8390, 5, 71977, 74223
50, 8400, 5, 71977, 71977
50, 8410, 5, 71977, 72257
50, 8420, 5, 71977, 71977
50, 8430, 5, 71893, 71977
50, 8440, 5, 71893, 73507
50, 8450, 5, 71693, 71893
50, 8460, 5, 71634, 71693
50, 8470, 5, 71601, 73839
50, 8480, 5, 71601, 74735
50, 8490, 5, 71601, 71601
50, 8500, 5, 71601, 72742
50, 8510, 5, 71601, 73452
50, 8520, 5, 71568, 71601
50, 8530, 5, 71568, 71568
50, 8540, 5, 71568, 71568
50, 8550, 5, 71568, 71745
50, 8560, 5, 71445, 71568
50, 8570, 5, 71445, 73465
50, 8580, 5, 71445, 71445
50, 8590, 5, 71445, 74899
50, 8600, 5, 71445, 73631
50, 8610, 5, 71445, 71445
50, 8620, 5, 71445, 71445
50, 8630, 5, 71360, 71445
50, 8640, 5, 71273, 73260
50, 8650, 5, 71273, 71273
50, 8660, 5, 71273, 71273
50, 8670, 5, 71273, 71848
50, 8680, 5, 71183, 73001
50, 8690, 5, 71183, 71183
50, 8700, 5, 71183, 72998
50, 8710, 5, 71183, 71183
50, 8720, 5, 71149, 71183
50, 8730, 5, 71149, 72962
50, 8740, 5, 71149, 71149
50, 8750, 5, 70843, 70843
50, 8760, 5, 70843, 70843
50, 8770, 5, 70843, 70843
50, 8780, 5, 70743, 71045
50, 8790, 5, 70627, 71792
50, 8800, 5, 70368, 72262
50, 8810, 5, 70245, 70368
50, 8820, 5, 70245, 70245
50, 8830, 5, 70245, 71730
50, 8840, 5, 70091, 70245
50, 8850, 5, 70091, 70091
50, 8860, 5, 70091, 70091
50, 8870, 5, 70091, 71833
50, 8880, 5, 70091, 70429
50, 8890, 5, 70091, 71718
50, 8900, 5, 70091, 70091
50, 8910, 5, 70091, 70566
50, 8920, 5, 70091, 70091
50, 8930, 5, 70091, 70091
50, 8940, 5, 70091, 70091
50, 8950, 5, 70091, 70091
50, 8960, 5, 70091, 70773
50, 8970, 5, 69954, 70310
50, 8980, 5, 69954, 71477
50, 8990, 5, 69938, 69954
50, 9000, 5, 69938, 70673
50, 9010, 5, 69920, 70753
50, 9020, 5, 69920, 72414
50, 9030, 5, 69920, 70612
50, 9040, 5, 69920, 69920
50, 9050, 5, 69920, 69920
50, 9060, 5, 69817, 70244
50, 9070, 5, 69817, 69817
50, 9080, 5, 69817, 70094
50, 9090, 5, 69817, 69817
50, 9100, 5, 69783, 71322
50, 9110, 5, 69783, 69783
50, 9120, 5, 69700, 72281
50, 9130, 5, 69700, 70464
50, 9140, 5, 69625, 69700
50, 9150, 5, 69625, 69625
50, 9160, 5, 69625, 69625
50, 9170, 5, 69625, 69625
50, 9180, 5, 69625, 70916
50, 9190, 5, 69625, 71554
50, 9200, 5, 69625, 70244
50, 9210, 5, 69625, 69931
50, 9220, 5, 69625, 70184
50, 9230, 5, 69625, 69625
50, 9240, 5, 69625, 69625
50, 9250, 5, 69625, 69923
50, 9260, 5, 69625, 69625
50, 9270, 5, 69625, 69625
50, 9280, 5, 69625, 69625
50, 9290, 5, 69625, 69625
50, 9300, 5, 69625, 71538
50, 9310, 5, 69519, 69625
50, 9320, 5, 69519, 71553
50, 9330, 5, 69519, 69519
50, 9340, 5, 69503, 72075
50, 9350, 5, 69503, 69503
50, 9360, 5, 69503, 71033
50, 9370, 5, 69503, 69503
50, 9380, 5, 69503, 69503
50, 9390, 5, 69464, 69503
50, 9400, 5, 69464, 69464
50, 9410, 5, 69464, 69464
50, 9420, 5, 69464, 69464
50, 9430, 5, 69464, 69464
50, 9440, 5, 69464, 69464
50, 9450, 5, 69399, 69399
50, 9460, 5, 69399, 71331
50, 9470, 5, 69383, 69399
50, 9480, 5, 69383, 69769
50, 9490, 5, 69383, 69383
50, 9500, 5, 69383, 69383
50, 9510, 5, 69383, 71925
50, 9520, 5, 69383, 69383
50, 9530, 5, 69383, 69383
50, 9540, 5, 69383, 70251
50, 9550, 5, 69278, 69278
50, 9560, 5, 69186, 69791
50, 9570, 5, 69186, 69324
50, 9580, 5, 69186, 69186
50, 9590, 5, 69186, 71045
50, 9600, 5, 69186, 69186
50, 9610, 5, 69186, 69734
50, 9620, 5, 69186, 69186
50, 9630, 5, 69186, 69186
50, 9640, 5, 69179, 69186
50, 9650, 5, 69118, 69179
50, 9660, 5, 68999, 69118
50, 9670, 5, 68999, 70841
50, 9680, 5, 68999, 68999
50, 9690, 5, 68999, 68999
50, 9700, 5, 68999, 68999
50, 9710, 5, 68999, 68999
50, 9720, 5, 68999, 68999
50, 9730, 5, 68975, 68975
50, 9740, 5, 68909, 68975
50, 9750, 5, 68909, 69010
50, 9760, 5, 68909, 68909
50, 9770, 5, 68823, 70641
50, 9780, 5, 68823, 68823
50, 9790, 5, 68823, 68823
50, 9800, 5, 68823, 68823
50, 9810, 5, 68823, 72053
50, 9820, 5, 68823, 69495
50, 9830, 5, 68823, 70745
50, 9840, 5, 68823, 68823
50, 9850, 5, 68823, 69083
50, 9860, 5, 68823, 69790
50, 9870, 5, 68823, 68823
50, 9880, 5, 68715, 68823
50, 9890, 5, 68715, 68715
50, 9900, 5, 68715, 68715
50, 9910, 5, 68715, 68715
50, 9920, 5, 68715, 68715
50, 9930, 5, 68665, 68665
50, 9940, 5, 68665, 70078
50, 9950, 5, 68665, 69202
50, 9960, 5, 68665, 70254
50, 9970, 5, 68665, 68665
50, 9980, 5, 68645, 69070
50, 9990, 5, 68645, 68645
50, 10000, 5, 68645, 68645
50, 10010, 5, 68645, 70088
50, 10020, 5, 68645, 68645
50, 10030, 5, 68645, 68704
50, 10040, 5, 68645, 70726
50, 10050, 5, 68645, 68645
50, 10060, 5, 68645, 68645
50, 10070, 5, 68645, 68645
50, 10080, 5, 68645, 68645
50, 10090, 5, 68645, 68645
50, 10100, 5, 68645, 68645
50, 10110, 5, 68546, 68546
50, 10120, 5, 68546, 68546
50, 10130, 5, 68546, 70767
50, 10140, 5, 68546, 69205
50, 10150, 5, 68448, 68448
50, 10160, 5, 68448, 68448
50, 10170, 5, 68448, 68448
50, 10180, 5, 68448, 68448
50, 10190, 5, 68371, 68448
50, 10200, 5, 68295, 69979
50, 10210, 5, 68295, 68295
50, 10220, 5, 68295, 68295
50, 10230, 5, 68171, 68295
50, 10240, 5, 68171, 68171
50, 10250, 5, 68171, 68171
50, 10260, 5, 68171, 68171
50, 10270, 5, 68171, 68171
50, 10280, 5, 68171, 68546
50, 10290, 5, 68171, 68171
50, 10300, 5, 68171, 68392
50, 10310, 5, 68171, 70579
50, 10320, 5, 68171, 68171
50, 10330, 5, 68144, 68144
50, 10340, 5, 68132, 70341
50, 10350, 5, 68132, 68132
50, 10360, 5, 68132, 68132
50, 10370, 5, 68067, 68132
50, 10380, 5, 68067, 69086
50, 10390, 5, 68067, 68067
50, 10400, 5, 68058, 68067
50, 10410, 5, 68058, 68058
50, 10420, 5, 68058, 68058
50, 10430, 5, 68058, 68058
50, 10440, 5, 68058, 68058
50, 10450, 5, 68007, 70239
50, 10460, 5, 67948, 68007
50, 10470, 5, 67948, 67948
50, 10480, 5, 67948, 67948
50, 10490, 5, 67759, 67948
50, 10500, 5, 67759, 69415
50, 10510, 5, 67759, 67759
50, 10520, 5, 67759, 69526
50, 10530, 5, 67759, 67759
50, 10540, 5, 67759, 67759
50, 10550, 5, 67759, 67759
50, 10560, 5, 67759, 67759
50, 10570, 5, 67759, 68304
50, 10580, 5, 67611, 67611
50, 10590, 5, 67487, 67487
50, 10600, 5, 67487, 67487
50, 10610, 5, 67487, 67886
50, 10620, 5, 67487, 67719
50, 10630, 5, 67341, 69505
50, 10640, 5, 67341, 67341
50, 10650, 5, 67341, 67341
50, 10660, 5, 67341, 67341
50, 10670, 5, 67341, 69917
50, 10680, 5, 67341, 67341
50, 10690, 5, 67341, 67341
50, 10700, 5, 67341, 67341
50, 10710, 5, 67341, 67341
50, 10720, 5, 67341, 67341
50, 10730, 5, 67267, 67341
50, 10740, 5, 67267, 67736
50, 10750, 5, 67226, 67267
50, 10760, 5, 67226, 68380
50, 10770, 5, 67226, 68265
50, 10780, 5, 66913, 67226
50, 10790, 5, 66913, 66913
50, 10800, 5, 66796, 66913
50, 10810, 5, 66796, 66796
50, 10820, 5, 66702, 66702
50, 10830, 5, 66702, 66702
50, 10840, 5, 66702, 66702
50, 10850, 5, 66702, 66702
50, 10860, 5, 66702, 66702
50, 10870, 5, 66702, 66702
50, 10880, 5, 66702, 66702
50, 10890, 5, 66702, 67448
50, 10900, 5, 66702, 66702
50, 10910, 5, 66702, 67684
50, 10920, 5, 66702, 66702
50, 10930, 5, 66470, 67812
50, 10940, 5, 66470, 66470
50, 10950, 5, 66470, 66470
50, 10960, 5, 66470, 66470
50, 10970, 5, 66347, 66470
50, 10980, 5, 66347, 67582
50, 10990, 5, 66347, 67007
50, 11000, 5, 66347, 66347
50, 11010, 5, 66347, 66347
50, 11020, 5, 66347, 67002
50, 11030, 5, 66347, 66347
50, 11040, 5, 66347, 66347
50, 11050, 5, 66347, 67043
50, 11060, 5, 66347, 66347
50, 11070, 5, 66347, 66347
50, 11080, 5, 66347, 66347
50, 11090, 5, 66347, 66347
50, 11100, 5, 66347, 66347
50, 11110, 5, 66347, 66347
50, 11120, 5, 66332, 67066
50, 11130, 5, 66332, 66332
50, 11140, 5, 66332, 66332
50, 11150, 5, 66332, 66332
50, 11160, 5, 66332, 66332
50, 11170, 5, 66332, 67789
50, 11180, 5, 66332, 66332
50, 11190, 5, 66332, 66332
50, 11200, 5, 66332, 66332
50, 11210, 5, 66332, 66332
50, 11220, 5, 66332, 66332
50, 11230, 5, 66332, 66332
50, 11240, 5, 66332, 66332
50, 11250, 5, 66249, 66249
50, 11260, 5, 66249, 66249
50, 11270, 5, 66190, 66190
50, 11280, 5, 66190, 66190
50, 11290, 5, 66190, 66190
50, 11300, 5, 66190, 66190
50, 11310, 5, 66130, 66190
50, 11320, 5, 66130, 66130
50, 11330, 5, 66121, 66121
50, 11340, 5, 66121, 66121
50, 11350, 5, 66121, 66121
50, 11360, 5, 66121, 66121
50, 11370, 5, 66121, 66121
50, 11380, 5, 66121, 66121
50, 11390, 5, 66121, 66121
50, 11400, 5, 66121, 66121
50, 11410, 5, 66105, 68448
50, 11420, 5, 66105, 66105
50, 11430, 5, 66105, 66105
50, 11440, 5, 66105, 67709
50, 11450, 5, 66044, 66105
50, 11460, 5, 66044, 66683
50, 11470, 5, 66021, 66044
50, 11480, 5, 66021, 66021
50, 11490, 5, 66021, 66021
50, 11500, 5, 66007, 66007
50, 11510, 5, 66007, 66007
50, 11520, 5, 66007, 66007
50, 11530, 5, 66007, 66007
50, 11540, 5, 66007, 66007
50, 11550, 5, 66007, 67173
50, 11560, 5, 66007, 66929
50, 11570, 5, 66007, 66007
50, 11580, 5, 66007, 66007
50, 11590, 5, 66007, 66007
50, 11600, 5, 66007, 66007
50, 11610, 5, 66007, 66007
50, 11620, 5, 66007, 67377
50, 11630, 5, 65966, 66007
50, 11640, 5, 65966, 65966
50, 11650, 5, 65966, 65966
50, 11660, 5, 65966, 65966
50, 11670, 5, 65966, 65966
50, 11680, 5, 65966, 65966
50, 11690, 5, 65966, 65966
50, 11700, 5, 65966, 65966
50, 11710, 5, 65966, 65966
50, 11720, 5, 65966, 65966
50, 11730, 5, 65966, 66740
50, 11740, 5, 65966, 65966
50, 11750, 5, 65948, 65966
50, 11760, 5, 65948, 65948
50, 11770, 5, 65948, 65948
50, 11780, 5, 65908, 65908
50, 11790, 5, 65908, 65908
50, 11800, 5, 65908, 65908
50, 11810, 5, 65908, 65908
50, 11820, 5, 65766, 66598
50, 11830, 5, 65708, 66986
50, 11840, 5, 65708, 65708
50, 11850, 5, 65708, 65708
50, 11860, 5, 65693, 65708
50, 11870, 5, 65671, 65671
50, 11880, 5, 65671, 65671
50, 11890, 5, 65671, 65671
50, 11900, 5, 65671, 65671
50, 11910, 5, 65671, 66561
50, 11920, 5, 65671, 65671
50, 11930, 5, 65571, 65671
50, 11940, 5, 65526, 65760
50, 11950, 5, 65505, 65526
50, 11960, 5, 65505, 65505
50, 11970, 5, 65505, 65505
50, 11980, 5, 65505, 65505
50, 11990, 5, 65491, 65505
50, 12000, 5, 65491, 65491
50, 12010, 5, 65491, 65491
50, 12020, 5, 65408, 65408
50, 12030, 5, 65408, 65408
50, 12040, 5, 65267, 65408
50, 12050, 5, 65267, 65267
50, 12060, 5, 65267, 65267
50, 12070, 5, 65267, 65267
50, 12080, 5, 65267, 65267
50, 12090, 5, 65267, 65267
50, 12100, 5, 65267, 65267
50, 12110, 5, 65267, 65267
50, 12120, 5, 65267, 65267
50, 12130, 5, 65267, 65267
50, 12140, 5, 65267, 65267
50, 12150, 5, 65267, 65267
50, 12160, 5, 65267, 67019
50, 12170, 5, 65267, 65267
50, 12180, 5, 65267, 65267
50, 12190, 5, 65267, 65267
50, 12200, 5, 65267, 65267
50, 12210, 5, 65208, 66631
50, 12220, 5, 65208, 65208
50, 12230, 5, 65208, 65208
50, 12240, 5, 65208, 66080
50, 12250, 5, 65208, 65208
50, 12260, 5, 65208, 65208
50, 12270, 5, 65108, 65108
50, 12280, 5, 65108, 65108
50, 12290, 5, 65108, 65108
50, 12300, 5, 65108, 65108
50, 12310, 5, 65108, 65108
50, 12320, 5, 65108, 65108
50, 12330, 5, 65108, 65108
50, 12340, 5, 65108, 65304
50, 12350, 5, 65108, 65108
50, 12360, 5, 65108, 65108
50, 12370, 5, 64908, 64908
50, 12380, 5, 64844, 64844
50, 12390, 5, 64844, 64844
50, 12400, 5, 64844, 64844
50, 12410, 5, 64844, 64910
50, 12420, 5, 64844, 64844
50, 12430, 5, 64844, 64844
50, 12440, 5, 64844, 64844
50, 12450, 5, 64844, 64844
50, 12460, 5, 64844, 64844
50, 12470, 5, 64844, 64844
50, 12480, 5, 64844, 64844
50, 12490, 5, 64844, 64844
50, 12500, 5, 64844, 64844
50, 12510, 5, 64844, 64844
50, 12520, 5, 64844, 64844
50, 12530, 5, 64844, 64844
50, 12540, 5, 64844, 64844
50, 12550, 5, 64844, 64844
50, 12560, 5, 64844, 64844
50, 12570, 5, 64844, 64844
50, 12580, 5, 64844, 64844
50, 12590, 5, 64844, 64844
50, 12600, 5, 64844, 64844
50, 12610, 5, 64844, 64844
50, 12620, 5, 64752, 65268
50, 12630, 5, 64737, 64737
50, 12640, 5, 64737, 66285
50, 12650, 5, 64737, 64737
50, 12660, 5, 64566, 64689
50, 12670, 5, 64566, 64566
50, 12680, 5, 64566, 64566
50, 12690, 5, 64566, 64701
50, 12700, 5, 64566, 64566
50, 12710, 5, 64442, 64566
50, 12720, 5, 64362, 65405
50, 12730, 5, 64362, 64362
50, 12740, 5, 64362, 64362
50, 12750, 5, 64362, 66403
50, 12760, 5, 64362, 64362
50, 12770, 5, 64362, 64362
50, 12780, 5, 64362, 65647
50, 12790, 5, 64362, 64362
50, 12800, 5, 64279, 64362
50, 12810, 5, 64279, 64585
50, 12820, 5, 64279, 64279
50, 12830, 5, 64279, 64279
50, 12840, 5, 64279, 64279
50, 12850, 5, 64279, 64279
50, 12860, 5, 64279, 64279
50, 12870, 5, 64279, 64279
50, 12880, 5, 64279, 64279
50, 12890, 5, 64279, 64279
50, 12900, 5, 64279, 64279
50, 12910, 5, 64122, 64279
50, 12920, 5, 64122, 64122
50, 12930, 5, 64122, 64122
50, 12940, 5, 64122, 64122
50, 12950, 5, 64122, 64557
50, 12960, 5, 64122, 64122
50, 12970, 5, 64122, 64122
50, 12980, 5, 64122, 64122
50, 12990, 5, 64122, 64122
50, 13000, 5, 64122, 64122
50, 13010, 5, 64046, 65677
50, 13020, 5, 63807, 63807
50, 13030, 5, 63807, 63807
50, 13040, 5, 63807, 63807
50, 13050, 5, 63807, 63807
50, 13060, 5, 63794, 63807
50, 13070, 5, 63794, 63794
50, 13080, 5, 63794, 63794
50, 13090, 5, 63794, 63794
50, 13100, 5, 63794, 63794
50, 13110, 5, 63794, 63794
50, 13120, 5, 63794, 63794
50, 13130, 5, 63794, 63794
50, 13140, 5, 63794, 63794
50, 13150, 5, 63794, 63794
50, 13160, 5, 63794, 63794
50, 13170, 5, 63794, 63794
50, 13180, 5, 63794, 63794
50, 13190, 5, 63794, 63794
50, 13200, 5, 63794, 63794
50, 13210, 5, 63794, 63794
50, 13220, 5, 63794, 63794
50, 13230, 5, 63794, 63794
50, 13240, 5, 63794, 63794
50, 13250, 5, 63794, 63794
50, 13260, 5, 63794, 63794
50, 13270, 5, 63794, 63794
50, 13280, 5, 63662, 63794
50, 13290, 5, 63644, 63662
50, 13300, 5, 63626, 63626
50, 13310, 5, 63626, 63626
50, 13320, 5, 63626, 63626
50, 13330, 5, 63626, 63626
50, 13340, 5, 63626, 63626
50, 13350, 5, 63626, 63626
50, 13360, 5, 63590, 63590
50, 13370, 5, 63590, 63590
50, 13380, 5, 63590, 63590
50, 13390, 5, 63590, 63590
50, 13400, 5, 63590, 63590
50, 13410, 5, 63590, 63590
50, 13420, 5, 63590, 63590
50, 13430, 5, 63590, 63590
50, 13440, 5, 63590, 63590
50, 13450, 5, 63590, 66058
50, 13460, 5, 63590, 63590
50, 13470, 5, 63590, 63590
50, 13480, 5, 63590, 63590
50, 13490, 5, 63590, 63590
50, 13500, 5, 63590, 63590
50, 13510, 5, 63590, 63590
50, 13520, 5, 63515, 63590
50, 13530, 5, 63515, 63515
50, 13540, 5, 63515, 63515
50, 13550, 5, 63515, 63515
50, 13560, 5, 63515, 63515
50, 13570, 5, 63515, 63515
50, 13580, 5, 63515, 63515
50, 13590, 5, 63515, 63515
50, 13600, 5, 63515, 63515
50, 13610, 5, 63515, 64294
50, 13620, 5, 63515, 63515
50, 13630, 5, 63515, 63515
50, 13640, 5, 63515, 63515
50, 13650, 5, 63515, 63515
50, 13660, 5, 63515, 63515
50, 13670, 5, 63515, 63515
50, 13680, 5, 63515, 63515
50, 13690, 5, 63515, 63515
50, 13700, 5, 63515, 63515
50, 13710, 5, 63515, 63515
50, 13720, 5, 63515, 63515
50, 13730, 5, 63515, 63515
50, 13740, 5, 63515, 63515
50, 13750, 5, 63515, 63515
50, 13760, 5, 63432, 63432
50, 13770, 5, 63432, 63432
50, 13780, 5, 63322, 63432
50, 13790, 5, 63322, 63322
50, 13800, 5, 63322, 63322
50, 13810, 5, 63322, 63322
50, 13820, 5, 63322, 63720
50, 13830, 5, 63322, 63322
50, 13840, 5, 63322, 64468
50, 13850, 5, 63322, 63322
50, 13860, 5, 63322, 63322
50, 13870, 5, 63322, 63322
50, 13880, 5, 63322, 63322
50, 13890, 5, 63139, 63322
50, 13900, 5, 63139, 63139
50, 13910, 5, 63139, 63139
50, 13920, 5, 63139, 63139
50, 13930, 5, 63057, 63057
50, 13940, 5, 63057, 63057
50, 13950, 5, 62978, 63057
50, 13960, 5, 62978, 62978
50, 13970, 5, 62978, 62978
50, 13980, 5, 62974, 62978
50, 13990, 5, 62974, 62974
50, 14000, 5, 62974, 62974
50, 14010, 5, 62974, 62974
50, 14020, 5, 62974, 62974
50, 14030, 5, 62974, 62974
50, 14040, 5, 62974, 62974
50, 14050, 5, 62974, 62974
50, 14060, 5, 62974, 62974
50, 14070, 5, 62974, 62974
50, 14080, 5, 62974, 62974
50, 14090, 5, 62974, 62974
50, 14100, 5, 62974, 62974
50, 14110, 5, 62974, 62974
50, 14120, 5, 62879, 62879
50, 14130, 5, 62879, 64600
50, 14140, 5, 62699, 62699
50, 14150, 5, 62699, 62699
50, 14160, 5, 62699, 62699
50, 14170, 5, 62699, 62699
50, 14180, 5, 62638, 62699
50, 14190, 5, 62638, 62638
50, 14200, 5, 62638, 62638
50, 14210, 5, 62638, 62638
50, 14220, 5, 62638, 62638
50, 14230, 5, 62638, 62638
50, 14240, 5, 62638, 62638
50, 14250, 5, 62638, 62638
50, 14260, 5, 62638, 62638
50, 14270, 5, 62638, 62638
50, 14280, 5, 62638, 62638
50, 14290, 5, 62638, 62638
50, 14300, 5, 62638, 62638
50, 14310, 5, 62638, 62638
50, 14320, 5, 62638, 62638
50, 14330, 5, 62638, 62638
50, 14340, 5, 62638, 62638
50, 14350, 5, 62638, 62638
50, 14360, 5, 62638, 62638
50, 14370, 5, 62638, 62638
50, 14380, 5, 62638, 62638
50, 14390, 5, 62621, 62638
50, 14400, 5, 62621, 62621
50, 14410, 5, 62621, 62621
50, 14420, 5, 62621, 62621
50, 14430, 5, 62621, 62621
50, 14440, 5, 62621, 62621
50, 14450, 5, 62621, 62621
50, 14460, 5, 62621, 62621
50, 14470, 5, 62621, 62621
50, 14480, 5, 62621, 62621
50, 14490, 5, 62621, 62621
50, 14500, 5, 62621, 62621
50, 14510, 5, 62621, 62621
50, 14520, 5, 62621, 62621
50, 14530, 5, 62621, 62621
50, 14540, 5, 62621, 62621
50, 14550, 5, 62621, 62621
50, 14560, 5, 62621, 62621
50, 14570, 5, 62621, 62621
50, 14580, 5, 62621, 62621
50, 14590, 5, 62613, 62621
50, 14600, 5, 62613, 62613
50, 14610, 5, 62613, 62613
50, 14620, 5, 62613, 62613
50, 14630, 5, 62613, 62613
50, 14640, 5, 62613, 62613
50, 14650, 5, 62613, 62613
50, 14660, 5, 62613, 62613
50, 14670, 5, 62613, 62613
50, 14680, 5, 62613, 62613
50, 14690, 5, 62613, 62613
50, 14700, 5, 62613, 62613
50, 14710, 5, 62613, 62613
50, 14720, 5, 62613, 62687
50, 14730, 5, 62613, 62613
50, 14740, 5, 62400, 62400
50, 14750, 5, 62400, 62400
50, 14760, 5, 62400, 62400
50, 14770, 5, 62400, 62400
50, 14780, 5, 62400, 62400
50, 14790, 5, 62400, 62400
50, 14800, 5, 62400, 62400
50, 14810, 5, 62400, 62400
50, 14820, 5, 62400, 62400
50, 14830, 5, 62400, 62400
50, 14840, 5, 62400, 63263
50, 14850, 5, 62400, 62400
50, 14860, 5, 62400, 62400
50, 14870, 5, 62400, 62400
50, 14880, 5, 62400, 62400
50, 14890, 5, 62382, 62382
50, 14900, 5, 62382, 62382
50, 14910, 5, 62382, 62382
50, 14920, 5, 62382, 62382
50, 14930, 5, 62342, 62342
50, 14940, 5, 62342, 62342
50, 14950, 5, 62275, 62342
50, 14960, 5, 62275, 62275
50, 14970, 5, 62275, 62275
50, 14980, 5, 62275, 62275
50, 14990, 5, 62275, 62275
50, 15000, 5, 62275, 62275
50, 15010, 5, 62275, 62275
50, 15020, 5, 62275, 62275
50, 15030, 5, 62275, 62275
50, 15040, 5, 62275, 62275
50, 15050, 5, 62275, 62275
50, 15060, 5, 62275, 62275
50, 15070, 5, 62275, 62275
50, 15080, 5, 62275, 62275
50, 15090, 5, 62275, 62275
50, 15100, 5, 62205, 62275
50, 15110, 5, 62205, 62205
50, 15120, 5, 62205, 62205
50, 15130, 5, 62205, 62205
50, 15140, 5, 62205, 62205
50, 15150, 5, 62205, 62205
50, 15160, 5, 62205, 62205
50, 15170, 5, 62205, 62205
50, 15180, 5, 62205, 62205
50, 15190, 5, 62205, 62205
50, 15200, 5, 62205, 62205
50, 15210, 5, 62096, 62096
50, 15220, 5, 62096, 62096
50, 15230, 5, 62096, 62096
50, 15240, 5, 62013, 62096
50, 15250, 5, 62013, 62013
50, 15260, 5, 62013, 62013
50, 15270, 5, 62013, 62013
50, 15280, 5, 62013, 62013
50, 15290, 5, 62013, 62013
50, 15300, 5, 62013, 62013
50, 15310, 5, 62013, 62013
50, 15320, 5, 62013, 62013
50, 15330, 5, 61989, 61989
50, 15340, 5, 61989, 61989
50, 15350, 5, 61989, 61989
50, 15360, 5, 61989, 61989
50, 15370, 5, 61989, 61989
50, 15380, 5, 61989, 61989
50, 15390, 5, 61989, 61989
50, 15400, 5, 61989, 61989
50, 15410, 5, 61989, 61989
50, 15420, 5, 61989, 61989
50, 15430, 5, 61989, 61989
50, 15440, 5, 61989, 61989
50, 15450, 5, 61989, 61989
50, 15460, 5, 61989, 61989
50, 15470, 5, 61989, 61989
50, 15480, 5, 61989, 61989
50, 15490, 5, 61989, 61989
50, 15500, 5, 61989, 61989
50, 15510, 5, 61989, 61989
50, 15520, 5, 61989, 61989
50, 15530, 5, 61989, 61989
50, 15540, 5, 61989, 62957
50, 15550, 5, 61989, 61989
50, 15560, 5, 61989, 61989
50, 15570, 5, 61989, 61989
50, 15580, 5, 61989, 61989
50, 15590, 5, 61989, 61989
50, 15600, 5, 61989, 61989
50, 15610, 5, 61989, 61989
50, 15620, 5, 61989, 61989
50, 15630, 5, 61989, 61989
50, 15640, 5, 61989, 61989
50, 15650, 5, 61989, 61989
50, 15660, 5, 61989, 61989
50, 15670, 5, 61989, 61989
50, 15680, 5, 61989, 61989
50, 15690, 5, 61989, 61989
50, 15700, 5, 61989, 61989
50, 15710, 5, 61989, 61989
50, 15720, 5, 61989, 61989
50, 15730, 5, 61989, 61989
50, 15740, 5, 61971, 61971
50, 15750, 5, 61971, 61971
50, 15760, 5, 61971, 62978
50, 15770, 5, 61971, 61971
50, 15780, 5, 61971, 61971
50, 15790, 5, 61971, 61971
50, 15800, 5, 61971, 61971
50, 15810, 5, 61971, 61971
50, 15820, 5, 61971, 61971
50, 15830, 5, 61971, 61971
50, 15840, 5, 61971, 61971
50, 15850, 5, 61971, 61971
50, 15860, 5, 61971, 61971
50, 15870, 5, 61971, 61971
50, 15880, 5, 61971, 61971
50, 15890, 5, 61971, 61971
50, 15900, 5, 61971, 61971
50, 15910, 5, 61971, 61971
50, 15920, 5, 61971, 61971
50, 15930, 5, 61971, 61971
50, 15940, 5, 61971, 61971
50, 15950, 5, 61971, 61971
50, 15960, 5, 61971, 61971
50, 15970, 5, 61971, 61971
50, 15980, 5, 61971, 61971
50, 15990, 5, 61971, 61971
50, 16000, 5, 61971, 61971
50, 16010, 5, 61971, 61971
50, 16020, 5, 61971, 61971
50, 16030, 5, 61971, 61971
50, 16040, 5, 61971, 61971
50, 16050, 5, 61971, 61971
50, 16060, 5, 61971, 61971
50, 16070, 5, 61971, 61971
50, 16080, 5, 61971, 61971
50, 16090, 5, 61971, 61971
50, 16100, 5, 61971, 61971
50, 16110, 5, 61971, 61971
50, 16120, 5, 61971, 61971
50, 16130, 5, 61971, 61971
50, 16140, 5, 61857, 61857
50, 16150, 5, 61857, 61857
50, 16160, 5, 61757, 61757
50, 16170, 5, 61757, 61757
50, 16180, 5, 61757, 61757
50, 16190, 5, 61757, 61757
50, 16200, 5, 61757, 61757
50, 16210, 5, 61757, 61757
50, 16220, 5, 61757, 61757
50, 16230, 5, 61757, 61757
50, 16240, 5, 61757, 61757
50, 16250, 5, 61757, 61757
50, 16260, 5, 61757, 61757
50, 16270, 5, 61757, 61757
50, 16280, 5, 61757, 61757
50, 16290, 5, 61757, 61757
50, 16300, 5, 61757, 61757
50, 16310, 5, 61757, 61757
50, 16320, 5, 61757, 61757
50, 16330, 5, 61703, 61757
50, 16340, 5, 61703, 61703
50, 16350, 5, 61703, 61703
50, 16360, 5, 61703, 61703
50, 16370, 5, 61703, 61703
50, 16380, 5, 61703, 61703
50, 16390, 5, 61703, 61703
50, 16400, 5, 61662, 61703
50, 16410, 5, 61588, 61588
50, 16420, 5, 61588, 61588
50, 16430, 5, 61588, 61588
50, 16440, 5, 61588, 61588
50, 16450, 5, 61588, 61588
50, 16460, 5, 61588, 61588
50, 16470, 5, 61588, 61588
50, 16480, 5, 61588, 61588
50, 16490, 5, 61588, 61588
50, 16500, 5, 61588, 61588
50, 16510, 5, 61588, 61588
50, 16520, 5, 61588, 61588
50, 16530, 5, 61588, 61588
50, 16540, 5, 61588, 61588
50, 16550, 5, 61588, 61588
50, 16560, 5, 61588, 61588
50, 16570, 5, 61588, 61588
50, 16580, 5, 61588, 61588
50, 16590, 5, 61588, 61588
50, 16600, 5, 61588, 61588
50, 16610, 5, 61588, 61588
50, 16620, 5, 61588, 61588
50, 16630, 5, 61588, 61588
50, 16640, 5, 61588, 61588
50, 16650, 5, 61588, 61588
50, 16660, 5, 61588, 61588
50, 16670, 5, 61588, 61588
50, 16680, 5, 61588, 61588
50, 16690, 5, 61588, 61588
50, 16700, 5, 61588, 61588
50, 16710, 5, 61588, 61588
50, 16720, 5, 61423, 61423
50, 16730, 5, 61423, 61423
50, 16740, 5, 61423, 61423
50, 16750, 5, 61423, 61423
50, 16760, 5, 61423, 61423
50, 16770, 5, 61423, 61423
50, 16780, 5, 61423, 61423
50, 16790, 5, 61423, 61423
50, 16800, 5, 61423, 61423
50, 16810, 5, 61423, 61423
50, 16820, 5, 61423, 61423
50, 16830, 5, 61423, 61423
50, 16840, 5, 61423, 61423
50, 16850, 5, 61423, 61423
50, 16860, 5, 61423, 61423
50, 16870, 5, 61423, 61423
50, 16880, 5, 61423, 61423
50, 16890, 5, 61423, 61423
50, 16900, 5, 61423, 61423
50, 16910, 5, 61423, 61423
50, 16920, 5, 61423, 61423
50, 16930, 5, 61423, 61423
50, 16940, 5, 61423, 61423
50, 16950, 5, 61335, 61335
50, 16960, 5, 61335, 61335
50, 16970, 5, 61335, 61335
50, 16980, 5, 61335, 61335
50, 16990, 5, 61335, 61335
50, 17000, 5, 61335, 61335
50, 17010, 5, 61317, 61317
50, 17020, 5, 61317, 61317
50, 17030, 5, 61317, 61317
50, 17040, 5, 61317, 61317
50, 17050, 5, 61317, 61317
50, 17060, 5, 61317, 61317
50, 17070, 5, 61317, 61317
50, 17080, 5, 61317, 61317
50, 17090, 5, 61317, 61317
50, 17100, 5, 61269, 61317
50, 17110, 5, 61269, 61269
50, 17120, 5, 61269, 61269
50, 17130, 5, 61269, 61269
50, 17140, 5, 61269, 61269
50, 17150, 5, 61269, 61269
50, 17160, 5, 61269, 61269
50, 17170, 5, 61269, 61269
50, 17180, 5, 61269, 61269
50, 17190, 5, 61269, 61269
50, 17200, 5, 61269, 61269
50, 17210, 5, 61269, 61269
50, 17220, 5, 61269, 61269
50, 17230, 5, 61269, 61269
50, 17240, 5, 61269, 61269
50, 17250, 5, 61269, 61269
50, 17260, 5, 61269, 61269
50, 17270, 5, 61269, 61269
50, 17280, 5, 61269, 61269
50, 17290, 5, 61269, 61269
50, 17300, 5, 61269, 61269
50, 17310, 5, 61269, 61269
50, 17320, 5, 61269, 61269
50, 17330, 5, 61269, 61269
50, 17340, 5, 61269, 61269
50, 17350, 5, 61269, 61269
50, 17360, 5, 61269, 61269
50, 17370, 5, 61269, 61269
50, 17380, 5, 61161, 61161
50, 17390, 5, 61161, 61161
50, 17400, 5, 61144, 61144
50, 17410, 5, 61144, 61144
50, 17420, 5, 61144, 61144
50, 17430, 5, 61144, 61144
50, 17440, 5, 61144, 61144
50, 17450, 5, 61144, 61144
50, 17460, 5, 61144, 61144
50, 17470, 5, 61144, 61144
50, 17480, 5, 61144, 61144
50, 17490, 5, 61144, 61144
50, 17500, 5, 61144, 61144
50, 17510, 5, 61144, 61144
50, 17520, 5, 61144, 61144
50, 17530, 5, 61144, 61144
50, 17540, 5, 61144, 61144
50, 17550, 5, 61144, 61144
50, 17560, 5, 61144, 61144
50, 17570, 5, 61144, 61144
50, 17580, 5, 61144, 61144
50, 17590, 5, 61144, 61144
50, 17600, 5, 61144, 61144
50, 17610, 5, 61144, 61144
50, 17620, 5, 61144, 61144
50, 17630, 5, 61060, 61144
50, 17640, 5, 61060, 61060
50, 17650, 5, 61060, 61060
50, 17660, 5, 61060, 61060
50, 17670, 5, 61060, 61060
50, 17680, 5, 61060, 61060
50, 17690, 5, 61060, 61060
50, 17700, 5, 61060, 61060
50, 17710, 5, 61060, 61060
50, 17720, 5, 61060, 61060
50, 17730, 5, 61060, 61060
50, 17740, 5, 61060, 61060
50, 17750, 5, 61060, 61060
50, 17760, 5, 61060, 61060
50, 17770, 5, 61060, 61060
50, 17780, 5, 61060, 61060
50, 17790, 5, 61060, 61060
50, 17800, 5, 61060, 61060
50, 17810, 5, 61060, 61060
50, 17820, 5, 61060, 61060
50, 17830, 5, 61060, 61060
50, 17840, 5, 60937, 61060
50, 17850, 5, 60937, 60937
50, 17860, 5, 60937, 60937
50, 17870, 5, 60937, 60937
50, 17880, 5, 60937, 60937
50, 17890, 5, 60937, 60937
50, 17900, 5, 60937, 60937
50, 17910, 5, 60937, 60937
50, 17920, 5, 60937, 60937
50, 17930, 5, 60937, 60937
50, 17940, 5, 60937, 60937
50, 17950, 5, 60937, 60937
50, 17960, 5, 60937, 60937
50, 17970, 5, 60904, 60904
50, 17980, 5, 60825, 60904
50, 17990, 5, 60825, 60825
50, 18000, 5, 60825, 60825
50, 18010, 5, 60825, 60825
50, 18020, 5, 60825, 60825
50, 18030, 5, 60825, 60825
50, 18040, 5, 60825, 60825
50, 18050, 5, 60825, 60825
50, 18060, 5, 60825, 60825
50, 18070, 5, 60825, 60825
50, 18080, 5, 60825, 60825
50, 18090, 5, 60825, 60825
50, 18100, 5, 60825, 60825
50, 18110, 5, 60825, 60825
50, 18120, 5, 60825, 60825
50, 18130, 5, 60825, 60825
50, 18140, 5, 60825, 60825
50, 18150, 5, 60825, 60825
50, 18160, 5, 60825, 60825
50, 18170, 5, 60825, 60825
50, 18180, 5, 60825, 60825
50, 18190, 5, 60825, 60825
50, 18200, 5, 60825, 60825
50, 18210, 5, 60825, 60825
50, 18220, 5, 60825, 60825
50, 18230, 5, 60825, 60825
50, 18240, 5, 60814, 60825
50, 18250, 5, 60699, 60699
50, 18260, 5, 60699, 60699
50, 18270, 5, 60699, 60699
50, 18280, 5, 60699, 60699
50, 18290, 5, 60699, 60699
50, 18300, 5, 60699, 60699
50, 18310, 5, 60699, 60699
50, 18320, 5, 60699, 60699
50, 18330, 5, 60699, 60699
50, 18340, 5, 60638, 60699
50, 18350, 5, 60638, 60638
50, 18360, 5, 60638, 60638
50, 18370, 5, 60638, 60638
50, 18380, 5, 60638, 60638
50, 18390, 5, 60638, 60638
50, 18400, 5, 60638, 60638
50, 18410, 5, 60638, 60638
50, 18420, 5, 60638, 60638
50, 18430, 5, 60638, 60638
50, 18440, 5, 60638, 60638
50, 18450, 5, 60638, 60638
50, 18460, 5, 60638, 60638
50, 18470, 5, 60638, 60638
50, 18480, 5, 60638, 60638
50, 18490, 5, 60638, 60638
50, 18500, 5, 60638, 60638
50, 18510, 5, 60638, 60638
50, 18520, 5, 60638, 60638
50, 18530, 5, 60638, 60638
50, 18540, 5, 60638, 60638
50, 18550, 5, 60638, 60638
50, 18560, 5, 60638, 60638
50, 18570, 5, 60638, 60638
50, 18580, 5, 60533, 60638
50, 18590, 5, 60533, 60533
50, 18600, 5, 60533, 60533
50, 18610, 5, 60533, 60533
50, 18620, 5, 60533, 60533
50, 18630, 5, 60533, 60533
50, 18640, 5, 60533, 60533
50, 18650, 5, 60533, 60533
50, 18660, 5, 60533, 60533
50, 18670, 5, 60533, 60533
50, 18680, 5, 60533, 60533
50, 18690, 5, 60533, 60533
50, 18700, 5, 60533, 60533
50, 18710, 5, 60533, 60533
50, 18720, 5, 60533, 60533
50, 18730, 5, 60533, 60533
50, 18740, 5, 60533, 60533
50, 18750, 5, 60533, 60533
50, 18760, 5, 60533, 60533
50, 18770, 5, 60533, 60533
50, 18780, 5, 60533, 60533
50, 18790, 5, 60533, 60533
50, 18800, 5, 60533, 60533
50, 18810, 5, 60533, 60533
50, 18820, 5, 60533, 60533
50, 18830, 5, 60533, 60533
50, 18840, 5, 60533, 60533
50, 18850, 5, 60533, 60533
50, 18860, 5, 60533, 60533
50, 18870, 5, 60533, 60533
50, 18880, 5, 60533, 60533
50, 18890, 5, 60533, 60533
50, 18900, 5, 60533, 60533
50, 18910, 5, 60533, 60533
50, 18920, 5, 60533, 60533
50, 18930, 5, 60533, 60533
50, 18940, 5, 60533, 60533
50, 18950, 5, 60533, 60533
50, 18960, 5, 60533, 60533
50, 18970, 5, 60533, 60533
50, 18980, 5, 60533, 60533
50, 18990, 5, 60533, 60533
50, 19000, 5, 60533, 60533
50, 19010, 5, 60533, 60533
50, 19020, 5, 60533, 60533
50, 19030, 5, 60533, 60533
50, 19040, 5, 60533, 60533
50, 19050, 5, 60533, 60533
50, 19060, 5, 60533, 60533
50, 19070, 5, 60533, 60533
50, 19080, 5, 60533, 60533
50, 19090, 5, 60533, 60533
50, 19100, 5, 60533, 60533
50, 19110, 5, 60533, 60533
50, 19120, 5, 60533, 60533
50, 19130, 5, 60533, 60533
50, 19140, 5, 60533, 60533
50, 19150, 5, 60533, 60533
50, 19160, 5, 60533, 60533
50, 19170, 5, 60533, 60533
50, 19180, 5, 60533, 60533
50, 19190, 5, 60533, 60533
50, 19200, 5, 60533, 60533
50, 19210, 5, 60533, 60533
50, 19220, 5, 60533, 60533
50, 19230, 5, 60533, 60533
50, 19240, 5, 60533, 60533
50, 19250, 5, 60533, 60533
50, 19260, 5, 60521, 60533
50, 19270, 5, 60521, 60521
50, 19280, 5, 60521, 60521
50, 19290, 5, 60521, 60521
50, 19300, 5, 60499, 60521
50, 19310, 5, 60499, 60499
50, 19320, 5, 60499, 60499
50, 19330, 5, 60444, 60499
50, 19340, 5, 60444, 60444
50, 19350, 5, 60444, 60444
50, 19360, 5, 60444, 60444
50, 19370, 5, 60444, 60444
50, 19380, 5, 60444, 60444
50, 19390, 5, 60444, 60444
50, 19400, 5, 60444, 60444
50, 19410, 5, 60444, 60444
50, 19420, 5, 60444, 60444
50, 19430, 5, 60444, 60444
50, 19440, 5, 60444, 60444
50, 19450, 5, 60444, 60444
50, 19460, 5, 60444, 60444
50, 19470, 5, 60444, 60444
50, 19480, 5, 60444, 60444
50, 19490, 5, 60444, 60444
50, 19500, 5, 60444, 60444
50, 19510, 5, 60444, 60444
50, 19520, 5, 60444, 60444
50, 19530, 5, 60444, 60444
50, 19540, 5, 60444, 60444
50, 19550, 5, 60444, 60444
50, 19560, 5, 60444, 60444
50, 19570, 5, 60444, 60444
50, 19580, 5, 60444, 60444
50, 19590, 5, 60444, 60444
50, 19600, 5, 60444, 60444
50, 19610, 5, 60444, 60444
50, 19620, 5, 60444, 60444
50, 19630, 5, 60444, 60444
50, 19640, 5, 60444, 60444
50, 19650, 5, 60444, 60444
50, 19660, 5, 60444, 60444
50, 19670, 5, 60444, 60444
50, 19680, 5, 60444, 60444
50, 19690, 5, 60444, 60444
50, 19700, 5, 60444, 60444
50, 19710, 5, 60444, 60444
50, 19720, 5, 60444, 60444
50, 19730, 5, 60444, 60444
50, 19740, 5, 60444, 60444
50, 19750, 5, 60444, 60444
50, 19760, 5, 60444, 60444
50, 19770, 5, 60444, 60444
50, 19780, 5, 60444, 60444
50, 19790, 5, 60444, 60444
50, 19800, 5, 60444, 60444
50, 19810, 5, 60444, 60444
50, 19820, 5, 60444, 60444
50, 19830, 5, 60444, 60444
50, 19840, 5, 60444, 60444
50, 19850, 5, 60444, 60444
50, 19860, 5, 60444, 60444
50, 19870, 5, 60444, 60444
50, 19880, 5, 60444, 60444
50, 19890, 5, 60444, 60444
50, 19900, 5, 60444, 60444
50, 19910, 5, 60444, 60444
50, 19920, 5, 60444, 60444
50, 19930, 5, 60444, 60444
50, 19940, 5, 60444, 60444
50, 19950, 5, 60444, 60444
50, 19960, 5, 60444, 60444
50, 19970, 5, 60444, 60444
50, 19980, 5, 60444, 60444
50, 19990, 5, 60444, 60444
