Population Size, Generation Count, Repetition, Best Fitness, Median Fitness
20, 0, 25, 755608, 775055
20, 10, 25, 714516, 718626
20, 20, 25, 694733, 703306
20, 30, 25, 674629, 683969
20, 40, 25, 665655, 667938
20, 50, 25, 655713, 659586
20, 60, 25, 640153, 645387
20, 70, 25, 634193, 637887
20, 80, 25, 622301, 624993
20, 90, 25, 611211, 614164
20, 100, 25, 601838, 606285
20, 110, 25, 592044, 595609
20, 120, 25, 580231, 585371
20, 130, 25, 571805, 577119
20, 140, 25, 563435, 565967
20, 150, 25, 551471, 559979
20, 160, 25, 541501, 545971
20, 170, 25, 534429, 540518
20, 180, 25, 528316, 530963
20, 190, 25, 521490, 524119
20, 200, 25, 517667, 519960
20, 210, 25, 505786, 510198
20, 220, 25, 498682, 502471
20, 230, 25, 491482, 495998
20, 240, 25, 486668, 488686
20, 250, 25, 480731, 486194
20, 260, 25, 476338, 480578
20, 270, 25, 470399, 474567
20, 280, 25, 465581, 467537
20, 290, 25, 463367, 465193
20, 300, 25, 459515, 461874
20, 310, 25, 453796, 458444
20, 320, 25, 447973, 450507
20, 330, 25, 440582, 444154
20, 340, 25, 438867, 441922
20, 350, 25, 432991, 435678
20, 360, 25, 428309, 436130
20, 370, 25, 424251, 427272
20, 380, 25, 418648, 422357
20, 390, 25, 417191, 419706
20, 400, 25, 416022, 418187
20, 410, 25, 412298, 417461
20, 420, 25, 409274, 412460
20, 430, 25, 404290, 408706
20, 440, 25, 398161, 401363
20, 450, 25, 393745, 397894
20, 460, 25, 389397, 393881
20, 470, 25, 387858, 389114
20, 480, 25, 386305, 389120
20, 490, 25, 383767, 386871
20, 500, 25, 379567, 381991
20, 510, 25, 376230, 379458
20, 520, 25, 373054, 374756
20, 530, 25, 371804, 373702
20, 540, 25, 369372, 372464
20, 550, 25, 366462, 367374
20, 560, 25, 364925, 366677
20, 570, 25, 360857, 364597
20, 580, 25, 358374, 362901
20, 590, 25, 356231, 358755
20, 600, 25, 354081, 357903
20, 610, 25, 351604, 355060
20, 620, 25, 349089, 349941
20, 630, 25, 347259, 348528
20, 640, 25, 343544, 344753
20, 650, 25, 343466, 346441
20, 660, 25, 340813, 344325
20, 670, 25, 340683, 344078
20, 680, 25, 339292, 342452
20, 690, 25, 338367, 341410
20, 700, 25, 335691, 338558
20, 710, 25, 334354, 337470
20, 720, 25, 331941, 336010
20, 730, 25, 330131, 330131
20, 740, 25, 328698, 330788
20, 750, 25, 325985, 330486
20, 760, 25, 323649, 326304
20, 770, 25, 321165, 322830
20, 780, 25, 319611, 321856
20, 790, 25, 316850, 319740
20, 800, 25, 315207, 317440
20, 810, 25, 312884, 316325
20, 820, 25, 312447, 312874
20, 830, 25, 309339, 312080
20, 840, 25, 309255, 309304
20, 850, 25, 307508, 310120
20, 860, 25, 307025, 308069
20, 870, 25, 306122, 308986
20, 880, 25, 305716, 306017
20, 890, 25, 304646, 306858
20, 900, 25, 302253, 303764
20, 910, 25, 298294, 301321
20, 920, 25, 297855, 300292
20, 930, 25, 294440, 299630
20, 940, 25, 293122, 293607
20, 950, 25, 292034, 295427
20, 960, 25, 291452, 295746
20, 970, 25, 289957, 293709
20, 980, 25, 287838, 291563
20, 990, 25, 286648, 290364
20, 1000, 25, 283607, 284193
20, 1010, 25, 283481, 287791
20, 1020, 25, 283009, 286078
20, 1030, 25, 281399, 285632
20, 1040, 25, 280023, 282473
20, 1050, 25, 279191, 281816
20, 1060, 25, 276757, 281384
20, 1070, 25, 275449, 280027
20, 1080, 25, 274745, 278013
20, 1090, 25, 274279, 276291
20, 1100, 25, 273264, 277408
20, 1110, 25, 272034, 274442
20, 1120, 25, 270840, 273186
20, 1130, 25, 270670, 274979
20, 1140, 25, 269597, 272773
20, 1150, 25, 268137, 270304
20, 1160, 25, 266649, 270085
20, 1170, 25, 265862, 267218
20, 1180, 25, 265008, 265570
20, 1190, 25, 264397, 266986
20, 1200, 25, 263959, 266402
20, 1210, 25, 263014, 264567
20, 1220, 25, 261936, 265098
20, 1230, 25, 260027, 265180
20, 1240, 25, 258911, 260228
20, 1250, 25, 258012, 260897
20, 1260, 25, 257450, 260887
20, 1270, 25, 256623, 259626
20, 1280, 25, 255603, 257371
20, 1290, 25, 255342, 257602
20, 1300, 25, 253096, 254435
20, 1310, 25, 252700, 254504
20, 1320, 25, 251476, 254636
20, 1330, 25, 251399, 252466
20, 1340, 25, 250953, 254651
20, 1350, 25, 250316, 253162
20, 1360, 25, 249972, 252921
20, 1370, 25, 249339, 252385
20, 1380, 25, 248521, 252041
20, 1390, 25, 247902, 248749
20, 1400, 25, 247887, 250832
20, 1410, 25, 247246, 251343
20, 1420, 25, 246440, 247551
20, 1430, 25, 245428, 249675
20, 1440, 25, 244528, 246594
20, 1450, 25, 243003, 248510
20, 1460, 25, 242264, 243556
20, 1470, 25, 241546, 242104
20, 1480, 25, 241485, 245107
20, 1490, 25, 240743, 242362
20, 1500, 25, 240339, 243731
20, 1510, 25, 240159, 243721
20, 1520, 25, 240084, 240531
20, 1530, 25, 238007, 238542
20, 1540, 25, 236546, 237522
20, 1550, 25, 235870, 240883
20, 1560, 25, 235412, 237119
20, 1570, 25, 233882, 236870
20, 1580, 25, 233164, 235275
20, 1590, 25, 232824, 234546
20, 1600, 25, 231475, 231909
20, 1610, 25, 231161, 234146
20, 1620, 25, 230365, 231727
20, 1630, 25, 229161, 233043
20, 1640, 25, 228875, 233205
20, 1650, 25, 228065, 230932
20, 1660, 25, 227570, 228247
20, 1670, 25, 226169, 229672
20, 1680, 25, 225688, 228959
20, 1690, 25, 225275, 227872
20, 1700, 25, 225192, 228710
20, 1710, 25, 224704, 227218
20, 1720, 25, 224099, 225399
20, 1730, 25, 223682, 225899
20, 1740, 25, 223246, 224371
20, 1750, 25, 223109, 225152
20, 1760, 25, 222483, 226343
20, 1770, 25, 222213, 225393
20, 1780, 25, 221457, 224662
20, 1790, 25, 219824, 220766
20, 1800, 25, 219567, 222735
20, 1810, 25, 219165, 221840
20, 1820, 25, 218794, 220022
20, 1830, 25, 218657, 220841
20, 1840, 25, 217905, 218804
20, 1850, 25, 216259, 219464
20, 1860, 25, 213970, 216754
20, 1870, 25, 213325, 214700
20, 1880, 25, 213281, 215837
20, 1890, 25, 213107, 217894
20, 1900, 25, 211577, 215210
20, 1910, 25, 211482, 212042
20, 1920, 25, 210550, 211482
20, 1930, 25, 209830, 212379
20, 1940, 25, 209347, 209778
20, 1950, 25, 209060, 212874
20, 1960, 25, 208520, 211674
20, 1970, 25, 208172, 209937
20, 1980, 25, 207710, 208731
20, 1990, 25, 206647, 218559
20, 2000, 25, 206343, 207759
20, 2010, 25, 205868, 207647
20, 2020, 25, 205868, 208567
20, 2030, 25, 205508, 207995
20, 2040, 25, 205165, 206712
20, 2050, 25, 203865, 206336
20, 2060, 25, 203732, 206535
20, 2070, 25, 202598, 207148
20, 2080, 25, 202352, 206062
20, 2090, 25, 202107, 203499
20, 2100, 25, 201187, 203077
20, 2110, 25, 200885, 202964
20, 2120, 25, 200592, 200639
20, 2130, 25, 199820, 203173
20, 2140, 25, 198670, 200041
20, 2150, 25, 198460, 205866
20, 2160, 25, 198392, 200806
20, 2170, 25, 198391, 199566
20, 2180, 25, 198088, 201961
20, 2190, 25, 198088, 199920
20, 2200, 25, 198059, 201581
20, 2210, 25, 197671, 202433
20, 2220, 25, 197152, 197808
20, 2230, 25, 195754, 196135
20, 2240, 25, 195277, 195754
20, 2250, 25, 195277, 195898
20, 2260, 25, 194994, 196719
20, 2270, 25, 192259, 195327
20, 2280, 25, 191979, 196080
20, 2290, 25, 191823, 197818
20, 2300, 25, 191773, 195552
20, 2310, 25, 191518, 195642
20, 2320, 25, 191518, 196743
20, 2330, 25, 191518, 193710
20, 2340, 25, 191518, 194296
20, 2350, 25, 190985, 192343
20, 2360, 25, 190538, 193448
20, 2370, 25, 190413, 192263
20, 2380, 25, 190413, 194148
20, 2390, 25, 188056, 192744
20, 2400, 25, 188027, 189886
20, 2410, 25, 187715, 190417
20, 2420, 25, 187511, 188854
20, 2430, 25, 187044, 188354
20, 2440, 25, 186999, 189351
20, 2450, 25, 186999, 189484
20, 2460, 25, 186794, 192627
20, 2470, 25, 186206, 190388
20, 2480, 25, 186206, 187977
20, 2490, 25, 185092, 188189
20, 2500, 25, 185092, 186055
20, 2510, 25, 185092, 186385
20, 2520, 25, 184599, 184980
20, 2530, 25, 184461, 185158
20, 2540, 25, 183555, 186832
20, 2550, 25, 183361, 187440
20, 2560, 25, 183361, 186021
20, 2570, 25, 183229, 184958
20, 2580, 25, 182691, 187796
20, 2590, 25, 182618, 187120
20, 2600, 25, 182140, 187536
20, 2610, 25, 181847, 186559
20, 2620, 25, 179148, 180728
20, 2630, 25, 179148, 183126
20, 2640, 25, 179148, 179736
20, 2650, 25, 178331, 181195
20, 2660, 25, 178331, 179955
20, 2670, 25, 178101, 179579
20, 2680, 25, 176412, 180580
20, 2690, 25, 175781, 177336
20, 2700, 25, 175636, 177391
20, 2710, 25, 175287, 175636
20, 2720, 25, 175287, 179212
20, 2730, 25, 174887, 177042
20, 2740, 25, 174607, 177713
20, 2750, 25, 174250, 176625
20, 2760, 25, 174250, 176955
20, 2770, 25, 174250, 174745
20, 2780, 25, 173814, 176274
20, 2790, 25, 173796, 176920
20, 2800, 25, 173796, 176034
20, 2810, 25, 173288, 175794
20, 2820, 25, 171555, 175465
20, 2830, 25, 171529, 175846
20, 2840, 25, 171376, 173339
20, 2850, 25, 171191, 175059
20, 2860, 25, 170636, 174658
20, 2870, 25, 170597, 172979
20, 2880, 25, 170069, 175477
20, 2890, 25, 169722, 171652
20, 2900, 25, 169684, 171023
20, 2910, 25, 169127, 171622
20, 2920, 25, 168672, 172113
20, 2930, 25, 168033, 170009
20, 2940, 25, 168033, 169116
20, 2950, 25, 167282, 170752
20, 2960, 25, 166818, 168978
20, 2970, 25, 166746, 169107
20, 2980, 25, 166573, 169995
20, 2990, 25, 166571, 170645
20, 3000, 25, 166380, 170495
20, 3010, 25, 166262, 168391
20, 3020, 25, 166138, 168485
20, 3030, 25, 166138, 168398
20, 3040, 25, 165994, 168891
20, 3050, 25, 165913, 166133
20, 3060, 25, 165636, 168599
20, 3070, 25, 165188, 168728
20, 3080, 25, 165087, 166234
20, 3090, 25, 164091, 167548
20, 3100, 25, 163956, 167485
20, 3110, 25, 163505, 163688
20, 3120, 25, 163505, 164215
20, 3130, 25, 163400, 164628
20, 3140, 25, 162360, 167653
20, 3150, 25, 162360, 164041
20, 3160, 25, 162360, 164313
20, 3170, 25, 161823, 164554
20, 3180, 25, 161783, 165016
20, 3190, 25, 161771, 166142
20, 3200, 25, 161057, 161771
20, 3210, 25, 161057, 164112
20, 3220, 25, 161025, 164599
20, 3230, 25, 160946, 161877
20, 3240, 25, 160577, 162307
20, 3250, 25, 160562, 162031
20, 3260, 25, 160281, 161941
20, 3270, 25, 160281, 160517
20, 3280, 25, 159836, 161654
20, 3290, 25, 159836, 161870
20, 3300, 25, 159812, 161456
20, 3310, 25, 159012, 162630
20, 3320, 25, 159012, 162915
20, 3330, 25, 158533, 160151
20, 3340, 25, 158533, 159562
20, 3350, 25, 158294, 160831
20, 3360, 25, 157773, 158894
20, 3370, 25, 157629, 162449
20, 3380, 25, 157622, 159220
20, 3390, 25, 157622, 161661
20, 3400, 25, 157506, 161007
20, 3410, 25, 157431, 160026
20, 3420, 25, 157431, 162123
20, 3430, 25, 157407, 159311
20, 3440, 25, 157214, 160353
20, 3450, 25, 156991, 161877
20, 3460, 25, 156475, 161180
20, 3470, 25, 156475, 158342
20, 3480, 25, 156475, 157353
20, 3490, 25, 156283, 161282
20, 3500, 25, 156224, 160476
20, 3510, 25, 156224, 158175
20, 3520, 25, 155012, 156305
20, 3530, 25, 154176, 155012
20, 3540, 25, 154069, 155630
20, 3550, 25, 154069, 154946
20, 3560, 25, 154069, 157789
20, 3570, 25, 154013, 160195
20, 3580, 25, 154013, 155794
20, 3590, 25, 153709, 154961
20, 3600, 25, 153466, 154978
20, 3610, 25, 153276, 156250
20, 3620, 25, 153245, 155401
20, 3630, 25, 152448, 155967
20, 3640, 25, 152448, 153231
20, 3650, 25, 151709, 154873
20, 3660, 25, 151709, 154454
20, 3670, 25, 151236, 155070
20, 3680, 25, 151146, 152883
20, 3690, 25, 150932, 153221
20, 3700, 25, 150932, 154283
20, 3710, 25, 150540, 152448
20, 3720, 25, 150138, 151693
20, 3730, 25, 150138, 151366
20, 3740, 25, 150138, 150138
20, 3750, 25, 150138, 150138
20, 3760, 25, 150059, 152110
20, 3770, 25, 150059, 152174
20, 3780, 25, 149855, 152672
20, 3790, 25, 149426, 153005
20, 3800, 25, 149316, 152816
20, 3810, 25, 149283, 151890
20, 3820, 25, 149283, 150982
20, 3830, 25, 149108, 149199
20, 3840, 25, 149011, 150182
20, 3850, 25, 148799, 150780
20, 3860, 25, 148799, 149398
20, 3870, 25, 148799, 150907
20, 3880, 25, 148651, 151339
20, 3890, 25, 148651, 150057
20, 3900, 25, 148407, 150780
20, 3910, 25, 148264, 150621
20, 3920, 25, 148062, 148252
20, 3930, 25, 147865, 151034
20, 3940, 25, 147865, 150065
20, 3950, 25, 147786, 149469
20, 3960, 25, 147786, 147883
20, 3970, 25, 147786, 150720
20, 3980, 25, 147786, 149224
20, 3990, 25, 147786, 150004
20, 4000, 25, 147402, 148408
20, 4010, 25, 147136, 149081
20, 4020, 25, 146531, 149558
20, 4030, 25, 146378, 146584
20, 4040, 25, 146139, 147938
20, 4050, 25, 146139, 149503
20, 4060, 25, 145680, 146087
20, 4070, 25, 145646, 147524
20, 4080, 25, 145646, 149483
20, 4090, 25, 145256, 147812
20, 4100, 25, 145256, 147084
20, 4110, 25, 145256, 148949
20, 4120, 25, 144890, 148493
20, 4130, 25, 144890, 144952
20, 4140, 25, 144755, 146363
20, 4150, 25, 144755, 145231
20, 4160, 25, 144251, 147943
20, 4170, 25, 144157, 145251
20, 4180, 25, 144157, 146947
20, 4190, 25, 144157, 146001
20, 4200, 25, 144157, 148463
20, 4210, 25, 144065, 148038
20, 4220, 25, 144002, 146928
20, 4230, 25, 143792, 147850
20, 4240, 25, 143792, 148531
20, 4250, 25, 143675, 145216
20, 4260, 25, 143602, 144698
20, 4270, 25, 143602, 144202
20, 4280, 25, 142575, 143097
20, 4290, 25, 142575, 143481
20, 4300, 25, 142575, 147134
20, 4310, 25, 142332, 143197
20, 4320, 25, 142332, 144034
20, 4330, 25, 142258, 144642
20, 4340, 25, 142252, 146330
20, 4350, 25, 142252, 144855
20, 4360, 25, 142252, 144525
20, 4370, 25, 142252, 144869
20, 4380, 25, 142241, 144918
20, 4390, 25, 141849, 144924
20, 4400, 25, 141849, 141849
20, 4410, 25, 141849, 143325
20, 4420, 25, 141454, 144463
20, 4430, 25, 141203, 145228
20, 4440, 25, 140841, 142290
20, 4450, 25, 140841, 141177
20, 4460, 25, 140264, 142247
20, 4470, 25, 140264, 140264
20, 4480, 25, 140264, 143775
20, 4490, 25, 140264, 141894
20, 4500, 25, 140259, 142343
20, 4510, 25, 140259, 141140
20, 4520, 25, 139963, 142325
20, 4530, 25, 139788, 139788
20, 4540, 25, 139788, 142166
20, 4550, 25, 139575, 140235
20, 4560, 25, 139575, 140829
20, 4570, 25, 139284, 144690
20, 4580, 25, 139175, 141926
20, 4590, 25, 138723, 143394
20, 4600, 25, 138639, 138723
20, 4610, 25, 138441, 140343
20, 4620, 25, 138157, 139344
20, 4630, 25, 137976, 137976
20, 4640, 25, 137947, 140082
20, 4650, 25, 137947, 137947
20, 4660, 25, 137256, 140239
20, 4670, 25, 137168, 138422
20, 4680, 25, 137066, 141824
20, 4690, 25, 137066, 139363
20, 4700, 25, 137066, 139151
20, 4710, 25, 137066, 137066
20, 4720, 25, 137066, 141429
20, 4730, 25, 137066, 137066
20, 4740, 25, 136463, 138674
20, 4750, 25, 136463, 137309
20, 4760, 25, 136463, 140879
20, 4770, 25, 136463, 138882
20, 4780, 25, 136463, 136463
20, 4790, 25, 136078, 138467
20, 4800, 25, 136078, 137981
20, 4810, 25, 136078, 138877
20, 4820, 25, 135605, 137827
20, 4830, 25, 135429, 135605
20, 4840, 25, 135385, 137238
20, 4850, 25, 135145, 135385
20, 4860, 25, 134934, 136403
20, 4870, 25, 134934, 135674
20, 4880, 25, 134599, 135554
20, 4890, 25, 134517, 137372
20, 4900, 25, 134517, 134517
20, 4910, 25, 134324, 136882
20, 4920, 25, 134324, 135945
20, 4930, 25, 134066, 134825
20, 4940, 25, 134066, 134177
20, 4950, 25, 133748, 134920
20, 4960, 25, 133606, 133748
20, 4970, 25, 133459, 135354
20, 4980, 25, 133403, 136572
20, 4990, 25, 132741, 133650
20, 5000, 25, 132741, 135341
20, 5010, 25, 132741, 133226
20, 5020, 25, 132741, 134774
20, 5030, 25, 132582, 133848
20, 5040, 25, 131482, 133290
20, 5050, 25, 131225, 134153
20, 5060, 25, 131181, 133473
20, 5070, 25, 131181, 131181
20, 5080, 25, 131045, 133727
20, 5090, 25, 130978, 131045
20, 5100, 25, 130884, 132752
20, 5110, 25, 130625, 130831
20, 5120, 25, 130600, 133640
20, 5130, 25, 130428, 131935
20, 5140, 25, 130428, 131689
20, 5150, 25, 130428, 136375
20, 5160, 25, 130385, 132966
20, 5170, 25, 130385, 130385
20, 5180, 25, 130385, 130385
20, 5190, 25, 130385, 133220
20, 5200, 25, 130181, 130181
20, 5210, 25, 130181, 133020
20, 5220, 25, 129658, 134341
20, 5230, 25, 129533, 129658
20, 5240, 25, 129533, 130739
20, 5250, 25, 129503, 132106
20, 5260, 25, 129503, 131677
20, 5270, 25, 129416, 132237
20, 5280, 25, 129416, 130034
20, 5290, 25, 129416, 133568
20, 5300, 25, 129239, 132553
20, 5310, 25, 129032, 130246
20, 5320, 25, 129032, 133419
20, 5330, 25, 129032, 129821
20, 5340, 25, 129032, 131699
20, 5350, 25, 128969, 130037
20, 5360, 25, 128373, 130485
20, 5370, 25, 128373, 128373
20, 5380, 25, 128373, 131274
20, 5390, 25, 128079, 130634
20, 5400, 25, 127486, 127486
20, 5410, 25, 127486, 133258
20, 5420, 25, 127404, 128029
20, 5430, 25, 127226, 127226
20, 5440, 25, 127226, 131148
20, 5450, 25, 126540, 128927
20, 5460, 25, 126540, 130229
20, 5470, 25, 126517, 126540
20, 5480, 25, 126503, 126503
20, 5490, 25, 126205, 127701
20, 5500, 25, 126121, 126205
20, 5510, 25, 125792, 129950
20, 5520, 25, 125718, 126749
20, 5530, 25, 125101, 127506
20, 5540, 25, 125101, 125265
20, 5550, 25, 125101, 127641
20, 5560, 25, 125101, 127738
20, 5570, 25, 125101, 127024
20, 5580, 25, 125045, 126431
20, 5590, 25, 125045, 126377
20, 5600, 25, 125045, 125045
20, 5610, 25, 124987, 125045
20, 5620, 25, 124987, 126125
20, 5630, 25, 124987, 124987
20, 5640, 25, 123851, 129888
20, 5650, 25, 123851, 123851
20, 5660, 25, 123600, 123600
20, 5670, 25, 123532, 124564
20, 5680, 25, 123532, 126806
20, 5690, 25, 123272, 123296
20, 5700, 25, 123272, 125371
20, 5710, 25, 123218, 125653
20, 5720, 25, 123218, 128092
20, 5730, 25, 123218, 123218
20, 5740, 25, 123218, 126290
20, 5750, 25, 123218, 125594
20, 5760, 25, 123218, 123218
20, 5770, 25, 123218, 127443
20, 5780, 25, 123218, 128312
20, 5790, 25, 123009, 125567
20, 5800, 25, 123009, 123009
20, 5810, 25, 123009, 124623
20, 5820, 25, 122893, 124627
20, 5830, 25, 122869, 124852
20, 5840, 25, 122869, 124040
20, 5850, 25, 122853, 124225
20, 5860, 25, 122716, 123156
20, 5870, 25, 122716, 123792
20, 5880, 25, 122716, 123068
20, 5890, 25, 122716, 125477
20, 5900, 25, 122716, 122716
20, 5910, 25, 122545, 122716
20, 5920, 25, 122493, 125639
20, 5930, 25, 122493, 124177
20, 5940, 25, 122321, 125125
20, 5950, 25, 121975, 126342
20, 5960, 25, 121975, 123908
20, 5970, 25, 121707, 123658
20, 5980, 25, 121707, 122187
20, 5990, 25, 121707, 121707
20, 6000, 25, 121707, 124484
20, 6010, 25, 121707, 123933
20, 6020, 25, 121276, 121458
20, 6030, 25, 121276, 124050
20, 6040, 25, 121201, 121276
20, 6050, 25, 121201, 121583
20, 6060, 25, 120996, 122444
20, 6070, 25, 120996, 124734
20, 6080, 25, 120792, 122280
20, 6090, 25, 120792, 120792
20, 6100, 25, 120744, 122527
20, 6110, 25, 120703, 122264
20, 6120, 25, 120703, 124219
20, 6130, 25, 120703, 125032
20, 6140, 25, 120703, 122961
20, 6150, 25, 120316, 122677
20, 6160, 25, 120316, 122477
20, 6170, 25, 120219, 123333
20, 6180, 25, 120079, 123688
20, 6190, 25, 120079, 123794
20, 6200, 25, 119709, 121647
20, 6210, 25, 119709, 119709
20, 6220, 25, 119318, 119709
20, 6230, 25, 119278, 120937
20, 6240, 25, 119278, 120521
20, 6250, 25, 119278, 121445
20, 6260, 25, 119278, 119278
20, 6270, 25, 119278, 123043
20, 6280, 25, 119278, 120034
20, 6290, 25, 119278, 120636
20, 6300, 25, 119278, 122004
20, 6310, 25, 119203, 120092
20, 6320, 25, 119203, 119203
20, 6330, 25, 119086, 119203
20, 6340, 25, 119086, 119086
20, 6350, 25, 118886, 119859
20, 6360, 25, 118598, 120263
20, 6370, 25, 118598, 121464
20, 6380, 25, 118598, 120639
20, 6390, 25, 118186, 121776
20, 6400, 25, 117914, 121974
20, 6410, 25, 117914, 119634
20, 6420, 25, 117914, 117914
20, 6430, 25, 117806, 118941
20, 6440, 25, 117474, 117806
20, 6450, 25, 117474, 119905
20, 6460, 25, 117474, 120625
20, 6470, 25, 117282, 117912
20, 6480, 25, 117282, 119274
20, 6490, 25, 116993, 119526
20, 6500, 25, 116993, 118869
20, 6510, 25, 116993, 116993
20, 6520, 25, 116993, 116993
20, 6530, 25, 116708, 117008
20, 6540, 25, 116632, 117836
20, 6550, 25, 116508, 120018
20, 6560, 25, 116268, 116508
20, 6570, 25, 116261, 118935
20, 6580, 25, 115861, 116894
20, 6590, 25, 115861, 115861
20, 6600, 25, 115861, 116420
20, 6610, 25, 115822, 116507
20, 6620, 25, 115455, 118719
20, 6630, 25, 114914, 114914
20, 6640, 25, 114884, 115141
20, 6650, 25, 114884, 115670
20, 6660, 25, 114259, 114884
20, 6670, 25, 114169, 114963
20, 6680, 25, 114029, 114029
20, 6690, 25, 114029, 114580
20, 6700, 25, 114029, 114619
20, 6710, 25, 114029, 114029
20, 6720, 25, 113375, 116084
20, 6730, 25, 113375, 113375
20, 6740, 25, 113249, 115500
20, 6750, 25, 113104, 116335
20, 6760, 25, 113104, 115664
20, 6770, 25, 113104, 117555
20, 6780, 25, 112998, 114227
20, 6790, 25, 112647, 112647
20, 6800, 25, 112647, 114544
20, 6810, 25, 112532, 113732
20, 6820, 25, 112532, 112532
20, 6830, 25, 112532, 113062
20, 6840, 25, 112532, 112532
20, 6850, 25, 112310, 115635
20, 6860, 25, 112119, 112858
20, 6870, 25, 111967, 112119
20, 6880, 25, 111967, 115983
20, 6890, 25, 111967, 115481
20, 6900, 25, 111967, 113493
20, 6910, 25, 111766, 114445
20, 6920, 25, 111723, 111738
20, 6930, 25, 111723, 113589
20, 6940, 25, 111723, 113825
20, 6950, 25, 111723, 111723
20, 6960, 25, 111723, 115056
20, 6970, 25, 111723, 114318
20, 6980, 25, 111723, 111723
20, 6990, 25, 111723, 113320
20, 7000, 25, 111723, 115988
20, 7010, 25, 111723, 114080
20, 7020, 25, 111723, 111723
20, 7030, 25, 111723, 113511
20, 7040, 25, 111723, 112630
20, 7050, 25, 111723, 113932
20, 7060, 25, 111723, 111723
20, 7070, 25, 111306, 111614
20, 7080, 25, 111306, 112578
20, 7090, 25, 111306, 111390
20, 7100, 25, 111306, 111409
20, 7110, 25, 111113, 113319
20, 7120, 25, 111113, 111746
20, 7130, 25, 111113, 113099
20, 7140, 25, 110797, 112574
20, 7150, 25, 110706, 112408
20, 7160, 25, 110688, 114537
20, 7170, 25, 110688, 112850
20, 7180, 25, 110553, 112345
20, 7190, 25, 110553, 110553
20, 7200, 25, 110371, 110413
20, 7210, 25, 110371, 115951
20, 7220, 25, 110371, 111249
20, 7230, 25, 110371, 110371
20, 7240, 25, 110315, 110466
20, 7250, 25, 110028, 110315
20, 7260, 25, 109736, 110028
20, 7270, 25, 109559, 110079
20, 7280, 25, 109559, 112015
20, 7290, 25, 109559, 113810
20, 7300, 25, 109559, 109559
20, 7310, 25, 109559, 111488
20, 7320, 25, 109409, 110806
20, 7330, 25, 109370, 109409
20, 7340, 25, 109370, 109370
20, 7350, 25, 109370, 109370
20, 7360, 25, 109370, 112032
20, 7370, 25, 109177, 110564
20, 7380, 25, 109177, 109177
20, 7390, 25, 109177, 112746
20, 7400, 25, 109177, 112547
20, 7410, 25, 109177, 111626
20, 7420, 25, 109177, 109177
20, 7430, 25, 109177, 111761
20, 7440, 25, 109003, 109177
20, 7450, 25, 109003, 109798
20, 7460, 25, 108828, 110468
20, 7470, 25, 108828, 110614
20, 7480, 25, 108488, 108828
20, 7490, 25, 108371, 109249
20, 7500, 25, 108371, 108371
20, 7510, 25, 108293, 108371
20, 7520, 25, 108293, 110630
20, 7530, 25, 108230, 110116
20, 7540, 25, 108230, 108230
20, 7550, 25, 108230, 108230
20, 7560, 25, 108230, 109707
20, 7570, 25, 107810, 108929
20, 7580, 25, 107810, 109917
20, 7590, 25, 107810, 107810
20, 7600, 25, 107097, 107097
20, 7610, 25, 107091, 107091
20, 7620, 25, 107091, 107091
20, 7630, 25, 107091, 107091
20, 7640, 25, 107091, 110632
20, 7650, 25, 107091, 107091
20, 7660, 25, 107091, 107091
20, 7670, 25, 107050, 111950
20, 7680, 25, 107050, 109323
20, 7690, 25, 107050, 107050
20, 7700, 25, 106789, 110252
20, 7710, 25, 106785, 108991
20, 7720, 25, 106770, 106773
20, 7730, 25, 106770, 107843
20, 7740, 25, 106645, 109354
20, 7750, 25, 106645, 106645
20, 7760, 25, 106645, 108113
20, 7770, 25, 106645, 109758
20, 7780, 25, 106371, 106549
20, 7790, 25, 106015, 106015
20, 7800, 25, 106015, 106015
20, 7810, 25, 106015, 106015
20, 7820, 25, 106015, 106799
20, 7830, 25, 105897, 108062
20, 7840, 25, 105830, 105830
20, 7850, 25, 105780, 105780
20, 7860, 25, 105663, 105780
20, 7870, 25, 105655, 105663
20, 7880, 25, 105655, 106338
20, 7890, 25, 105332, 108718
20, 7900, 25, 105098, 105736
20, 7910, 25, 105098, 105233
20, 7920, 25, 105098, 105098
20, 7930, 25, 104724, 106199
20, 7940, 25, 104699, 104724
20, 7950, 25, 104606, 106510
20, 7960, 25, 104606, 106986
20, 7970, 25, 104606, 109063
20, 7980, 25, 104603, 104603
20, 7990, 25, 104603, 106712
20, 8000, 25, 104603, 106712
20, 8010, 25, 104603, 104603
20, 8020, 25, 104436, 104603
20, 8030, 25, 104436, 104436
20, 8040, 25, 104436, 106810
20, 8050, 25, 104322, 104436
20, 8060, 25, 104322, 104322
20, 8070, 25, 104206, 104390
20, 8080, 25, 104206, 104206
20, 8090, 25, 104127, 104206
20, 8100, 25, 104127, 104787
20, 8110, 25, 104127, 106016
20, 8120, 25, 104109, 106071
20, 8130, 25, 104091, 104109
20, 8140, 25, 104091, 107079
20, 8150, 25, 104091, 104091
20, 8160, 25, 103852, 104274
20, 8170, 25, 103852, 103852
20, 8180, 25, 103852, 104198
20, 8190, 25, 103852, 103852
20, 8200, 25, 103768, 105951
20, 8210, 25, 103757, 103768
20, 8220, 25, 103757, 105215
20, 8230, 25, 103757, 104157
20, 8240, 25, 103757, 105452
20, 8250, 25, 103757, 106378
20, 8260, 25, 103721, 103757
20, 8270, 25, 103717, 103717
20, 8280, 25, 103717, 103717
20, 8290, 25, 103717, 103717
20, 8300, 25, 103583, 103717
20, 8310, 25, 103100, 107133
20, 8320, 25, 102633, 103736
20, 8330, 25, 102633, 105807
20, 8340, 25, 102557, 102615
20, 8350, 25, 102557, 105294
20, 8360, 25, 102463, 102557
20, 8370, 25, 102364, 102463
20, 8380, 25, 102364, 104375
20, 8390, 25, 102364, 105869
20, 8400, 25, 102364, 105115
20, 8410, 25, 102364, 102364
20, 8420, 25, 102324, 102364
20, 8430, 25, 102243, 102243
20, 8440, 25, 102090, 102846
20, 8450, 25, 102090, 102985
20, 8460, 25, 102090, 102608
20, 8470, 25, 102047, 102047
20, 8480, 25, 102047, 103101
20, 8490, 25, 101989, 103015
20, 8500, 25, 101989, 107055
20, 8510, 25, 101989, 101989
20, 8520, 25, 101989, 101989
20, 8530, 25, 101989, 101989
20, 8540, 25, 101989, 103811
20, 8550, 25, 101989, 104035
20, 8560, 25, 101989, 103880
20, 8570, 25, 101989, 103340
20, 8580, 25, 101849, 101849
20, 8590, 25, 101849, 101849
20, 8600, 25, 101849, 105449
20, 8610, 25, 101849, 103649
20, 8620, 25, 101662, 101849
20, 8630, 25, 101662, 105772
20, 8640, 25, 101648, 105018
20, 8650, 25, 101525, 101525
20, 8660, 25, 101491, 101491
20, 8670, 25, 101430, 101491
20, 8680, 25, 101430, 101430
20, 8690, 25, 101262, 102749
20, 8700, 25, 101062, 102288
20, 8710, 25, 100887, 105775
20, 8720, 25, 100887, 100887
20, 8730, 25, 100887, 101617
20, 8740, 25, 100887, 102658
20, 8750, 25, 100887, 101013
20, 8760, 25, 100887, 103675
20, 8770, 25, 100887, 100887
20, 8780, 25, 100774, 103584
20, 8790, 25, 100774, 100774
20, 8800, 25, 100774, 100774
20, 8810, 25, 100755, 102624
20, 8820, 25, 100755, 102930
20, 8830, 25, 100755, 104472
20, 8840, 25, 100747, 100755
20, 8850, 25, 100747, 101923
20, 8860, 25, 100696, 100747
20, 8870, 25, 100696, 103524
20, 8880, 25, 100520, 104263
20, 8890, 25, 100454, 103590
20, 8900, 25, 100454, 102722
20, 8910, 25, 100454, 103570
20, 8920, 25, 100454, 103428
20, 8930, 25, 100454, 100454
20, 8940, 25, 100454, 100472
20, 8950, 25, 100454, 101210
20, 8960, 25, 100400, 101851
20, 8970, 25, 100199, 100283
20, 8980, 25, 100199, 100199
20, 8990, 25, 100199, 100199
20, 9000, 25, 100147, 101130
20, 9010, 25, 100047, 102975
20, 9020, 25, 100047, 102088
20, 9030, 25, 100047, 100047
20, 9040, 25, 100047, 102468
20, 9050, 25, 100047, 101524
20, 9060, 25, 99872, 101066
20, 9070, 25, 99694, 100660
20, 9080, 25, 99694, 101247
20, 9090, 25, 99301, 99694
20, 9100, 25, 99301, 99349
20, 9110, 25, 99301, 99301
20, 9120, 25, 99301, 99530
20, 9130, 25, 99243, 99280
20, 9140, 25, 99243, 100062
20, 9150, 25, 99243, 100477
20, 9160, 25, 99243, 99243
20, 9170, 25, 99243, 99243
20, 9180, 25, 99243, 99243
20, 9190, 25, 99243, 99243
20, 9200, 25, 99243, 99243
20, 9210, 25, 99125, 99125
20, 9220, 25, 99125, 99125
20, 9230, 25, 99125, 99125
20, 9240, 25, 99125, 100348
20, 9250, 25, 99125, 99125
20, 9260, 25, 99125, 99234
20, 9270, 25, 99112, 99125
20, 9280, 25, 98940, 98940
20, 9290, 25, 98940, 98940
20, 9300, 25, 98940, 98940
20, 9310, 25, 98940, 98940
20, 9320, 25, 98940, 99375
20, 9330, 25, 98823, 99250
20, 9340, 25, 98823, 98823
20, 9350, 25, 98766, 98823
20, 9360, 25, 98751, 99845
20, 9370, 25, 98700, 101259
20, 9380, 25, 98700, 98700
20, 9390, 25, 98700, 98700
20, 9400, 25, 98515, 98515
20, 9410, 25, 98515, 100880
20, 9420, 25, 98515, 98515
20, 9430, 25, 98299, 100985
20, 9440, 25, 98299, 99923
20, 9450, 25, 98299, 98299
20, 9460, 25, 98299, 100284
20, 9470, 25, 98299, 101739
20, 9480, 25, 98299, 98299
20, 9490, 25, 98299, 98299
20, 9500, 25, 98299, 98982
20, 9510, 25, 98299, 98299
20, 9520, 25, 98175, 100011
20, 9530, 25, 98171, 98175
20, 9540, 25, 98171, 98171
20, 9550, 25, 98171, 98171
20, 9560, 25, 98171, 100238
20, 9570, 25, 98171, 98984
20, 9580, 25, 98164, 98171
20, 9590, 25, 98164, 99074
20, 9600, 25, 98164, 98164
20, 9610, 25, 98164, 100709
20, 9620, 25, 98164, 98164
20, 9630, 25, 98031, 100059
20, 9640, 25, 97991, 98031
20, 9650, 25, 97991, 97991
20, 9660, 25, 97991, 99724
20, 9670, 25, 97894, 97991
20, 9680, 25, 97894, 99955
20, 9690, 25, 97894, 97894
20, 9700, 25, 97894, 97894
20, 9710, 25, 97874, 97874
20, 9720, 25, 97874, 101911
20, 9730, 25, 97874, 98924
20, 9740, 25, 97797, 99511
20, 9750, 25, 97797, 100120
20, 9760, 25, 97797, 97797
20, 9770, 25, 97797, 97797
20, 9780, 25, 97797, 97797
20, 9790, 25, 97797, 98859
20, 9800, 25, 97697, 97697
20, 9810, 25, 97697, 97697
20, 9820, 25, 97563, 97697
20, 9830, 25, 97431, 99316
20, 9840, 25, 97431, 97431
20, 9850, 25, 97431, 97431
20, 9860, 25, 97431, 98250
20, 9870, 25, 97402, 97402
20, 9880, 25, 97402, 97402
20, 9890, 25, 97343, 97343
20, 9900, 25, 96894, 97343
20, 9910, 25, 96894, 96894
20, 9920, 25, 96894, 96894
20, 9930, 25, 96881, 100890
20, 9940, 25, 96881, 98534
20, 9950, 25, 96881, 97218
20, 9960, 25, 96881, 97953
20, 9970, 25, 96881, 96881
20, 9980, 25, 96796, 96881
20, 9990, 25, 96796, 96796
20, 10000, 25, 96796, 98758
20, 10010, 25, 96762, 96796
20, 10020, 25, 96762, 96762
20, 10030, 25, 96762, 96762
20, 10040, 25, 96762, 96762
20, 10050, 25, 96680, 96762
20, 10060, 25, 96680, 101293
20, 10070, 25, 96680, 96680
20, 10080, 25, 96646, 96680
20, 10090, 25, 96506, 97855
20, 10100, 25, 96506, 96506
20, 10110, 25, 96478, 96506
20, 10120, 25, 96390, 96478
20, 10130, 25, 96390, 96390
20, 10140, 25, 96390, 96390
20, 10150, 25, 96390, 99099
20, 10160, 25, 96390, 96390
20, 10170, 25, 96390, 96390
20, 10180, 25, 96390, 96390
20, 10190, 25, 96390, 100576
20, 10200, 25, 96390, 96390
20, 10210, 25, 96390, 97822
20, 10220, 25, 96390, 96390
20, 10230, 25, 96387, 96390
20, 10240, 25, 96387, 99143
20, 10250, 25, 96387, 96387
20, 10260, 25, 96387, 98383
20, 10270, 25, 96387, 96387
20, 10280, 25, 96387, 96387
20, 10290, 25, 96387, 96387
20, 10300, 25, 96387, 96387
20, 10310, 25, 96387, 96387
20, 10320, 25, 96387, 96387
20, 10330, 25, 96387, 96387
20, 10340, 25, 96387, 99045
20, 10350, 25, 96387, 96387
20, 10360, 25, 96387, 96387
20, 10370, 25, 96387, 98974
20, 10380, 25, 96387, 96387
20, 10390, 25, 96283, 98731
20, 10400, 25, 96283, 98588
20, 10410, 25, 96283, 97978
20, 10420, 25, 96283, 96283
20, 10430, 25, 96283, 96283
20, 10440, 25, 96283, 98925
20, 10450, 25, 96283, 96283
20, 10460, 25, 96283, 96283
20, 10470, 25, 96283, 96283
20, 10480, 25, 96283, 96283
20, 10490, 25, 96111, 98511
20, 10500, 25, 96111, 96111
20, 10510, 25, 95911, 96902
20, 10520, 25, 95911, 95911
20, 10530, 25, 95911, 96279
20, 10540, 25, 95870, 95870
20, 10550, 25, 95812, 95812
20, 10560, 25, 95812, 95812
20, 10570, 25, 95812, 96618
20, 10580, 25, 95812, 97214
20, 10590, 25, 95812, 96580
20, 10600, 25, 95812, 97202
20, 10610, 25, 95812, 95812
20, 10620, 25, 95812, 95812
20, 10630, 25, 95741, 96539
20, 10640, 25, 95741, 95741
20, 10650, 25, 95741, 97128
20, 10660, 25, 95741, 99434
20, 10670, 25, 95685, 95741
20, 10680, 25, 95650, 96921
20, 10690, 25, 95650, 97637
20, 10700, 25, 95650, 95650
20, 10710, 25, 95573, 95573
20, 10720, 25, 95573, 95573
20, 10730, 25, 95492, 95492
20, 10740, 25, 95408, 95492
20, 10750, 25, 95408, 95509
20, 10760, 25, 95385, 95385
20, 10770, 25, 95385, 95385
20, 10780, 25, 95385, 95385
20, 10790, 25, 95101, 95101
20, 10800, 25, 95101, 95101
20, 10810, 25, 94860, 96332
20, 10820, 25, 94825, 94860
20, 10830, 25, 94686, 94825
20, 10840, 25, 94686, 94686
20, 10850, 25, 94686, 95685
20, 10860, 25, 94686, 94686
20, 10870, 25, 94553, 95616
20, 10880, 25, 94553, 94553
20, 10890, 25, 94553, 94553
20, 10900, 25, 94105, 94553
20, 10910, 25, 94105, 94105
20, 10920, 25, 93942, 94105
20, 10930, 25, 93942, 96868
20, 10940, 25, 93942, 93942
20, 10950, 25, 93942, 93942
20, 10960, 25, 93942, 93942
20, 10970, 25, 93942, 97470
20, 10980, 25, 93942, 93942
20, 10990, 25, 93942, 93942
20, 11000, 25, 93942, 93942
20, 11010, 25, 93942, 95736
20, 11020, 25, 93865, 93865
20, 11030, 25, 93865, 93865
20, 11040, 25, 93862, 93865
20, 11050, 25, 93829, 94205
20, 11060, 25, 93829, 93829
20, 11070, 25, 93829, 93829
20, 11080, 25, 93829, 93829
20, 11090, 25, 93829, 93829
20, 11100, 25, 93829, 96764
20, 11110, 25, 93804, 93804
20, 11120, 25, 93804, 93804
20, 11130, 25, 93804, 93804
20, 11140, 25, 93745, 93804
20, 11150, 25, 93745, 93745
20, 11160, 25, 93583, 93687
20, 11170, 25, 93583, 93583
20, 11180, 25, 93500, 93500
20, 11190, 25, 93500, 93500
20, 11200, 25, 93500, 93500
20, 11210, 25, 93500, 93563
20, 11220, 25, 93500, 93504
20, 11230, 25, 93500, 93500
20, 11240, 25, 93449, 93500
20, 11250, 25, 93449, 94624
20, 11260, 25, 93449, 94291
20, 11270, 25, 93449, 93449
20, 11280, 25, 93408, 94696
20, 11290, 25, 93378, 93378
20, 11300, 25, 93378, 95426
20, 11310, 25, 93378, 93378
20, 11320, 25, 93378, 93378
20, 11330, 25, 93357, 95703
20, 11340, 25, 93357, 93357
20, 11350, 25, 93357, 96109
20, 11360, 25, 93357, 93357
20, 11370, 25, 93357, 93357
20, 11380, 25, 93357, 93357
20, 11390, 25, 93357, 93357
20, 11400, 25, 93357, 94829
20, 11410, 25, 93357, 93357
20, 11420, 25, 93198, 93198
20, 11430, 25, 93198, 93198
20, 11440, 25, 93198, 93198
20, 11450, 25, 93198, 93198
20, 11460, 25, 93147, 94294
20, 11470, 25, 93147, 93147
20, 11480, 25, 93147, 93147
20, 11490, 25, 93147, 93147
20, 11500, 25, 93147, 95985
20, 11510, 25, 93147, 97003
20, 11520, 25, 93147, 93147
20, 11530, 25, 93147, 93147
20, 11540, 25, 93147, 94621
20, 11550, 25, 93147, 93147
20, 11560, 25, 92951, 93147
20, 11570, 25, 92873, 94283
20, 11580, 25, 92873, 92873
20, 11590, 25, 92873, 92873
20, 11600, 25, 92873, 92873
20, 11610, 25, 92873, 93352
20, 11620, 25, 92677, 92677
20, 11630, 25, 92677, 92677
20, 11640, 25, 92677, 92677
20, 11650, 25, 92677, 95028
20, 11660, 25, 92677, 96284
20, 11670, 25, 92677, 92677
20, 11680, 25, 92677, 92677
20, 11690, 25, 92677, 92677
20, 11700, 25, 92584, 92584
20, 11710, 25, 92584, 92584
20, 11720, 25, 92584, 92584
20, 11730, 25, 92584, 92584
20, 11740, 25, 92584, 94465
20, 11750, 25, 92584, 93202
20, 11760, 25, 92578, 92578
20, 11770, 25, 92578, 92578
20, 11780, 25, 92578, 92578
20, 11790, 25, 92482, 94760
20, 11800, 25, 92482, 92482
20, 11810, 25, 92175, 93853
20, 11820, 25, 92175, 92175
20, 11830, 25, 92175, 92175
20, 11840, 25, 92175, 92175
20, 11850, 25, 92175, 94575
20, 11860, 25, 92175, 92175
20, 11870, 25, 92156, 92156
20, 11880, 25, 92156, 93668
20, 11890, 25, 92156, 93760
20, 11900, 25, 92156, 92156
20, 11910, 25, 92156, 92156
20, 11920, 25, 92156, 92156
20, 11930, 25, 92156, 92156
20, 11940, 25, 92156, 92156
20, 11950, 25, 92156, 93572
20, 11960, 25, 92156, 92156
20, 11970, 25, 91959, 92156
20, 11980, 25, 91751, 96295
20, 11990, 25, 91751, 91751
20, 12000, 25, 91751, 91751
20, 12010, 25, 91751, 95174
20, 12020, 25, 91751, 91751
20, 12030, 25, 91751, 93896
20, 12040, 25, 91751, 91751
20, 12050, 25, 91751, 91751
20, 12060, 25, 91682, 92205
20, 12070, 25, 91682, 92973
20, 12080, 25, 91682, 91682
20, 12090, 25, 91682, 91682
20, 12100, 25, 91682, 91682
20, 12110, 25, 91682, 91682
20, 12120, 25, 91682, 91682
20, 12130, 25, 91682, 91682
20, 12140, 25, 91682, 95748
20, 12150, 25, 91682, 94315
20, 12160, 25, 91604, 91688
20, 12170, 25, 91604, 91604
20, 12180, 25, 91604, 91604
20, 12190, 25, 91566, 93134
20, 12200, 25, 91566, 91891
20, 12210, 25, 91566, 91566
20, 12220, 25, 91566, 91566
20, 12230, 25, 91566, 91999
20, 12240, 25, 91498, 91498
20, 12250, 25, 91498, 91498
20, 12260, 25, 91498, 94013
20, 12270, 25, 91498, 91556
20, 12280, 25, 91498, 91498
20, 12290, 25, 91498, 91498
20, 12300, 25, 91459, 91459
20, 12310, 25, 91459, 91459
20, 12320, 25, 91459, 91459
20, 12330, 25, 91373, 92034
20, 12340, 25, 91373, 91373
20, 12350, 25, 91350, 91350
20, 12360, 25, 91350, 91350
20, 12370, 25, 91350, 91350
20, 12380, 25, 91317, 91317
20, 12390, 25, 91317, 91317
20, 12400, 25, 91317, 91317
20, 12410, 25, 91317, 91317
20, 12420, 25, 91317, 91317
20, 12430, 25, 91317, 91317
20, 12440, 25, 91241, 91241
20, 12450, 25, 91107, 91241
20, 12460, 25, 91107, 94279
20, 12470, 25, 91107, 91107
20, 12480, 25, 91107, 91331
20, 12490, 25, 91107, 91107
20, 12500, 25, 91107, 91107
20, 12510, 25, 91027, 91107
20, 12520, 25, 91027, 91027
20, 12530, 25, 91005, 91005
20, 12540, 25, 91005, 91005
20, 12550, 25, 91005, 91005
20, 12560, 25, 91005, 91580
20, 12570, 25, 91005, 91005
20, 12580, 25, 91005, 91005
20, 12590, 25, 91005, 91005
20, 12600, 25, 91005, 92649
20, 12610, 25, 90881, 91005
20, 12620, 25, 90881, 92764
20, 12630, 25, 90881, 90881
20, 12640, 25, 90881, 90881
20, 12650, 25, 90851, 91194
20, 12660, 25, 90851, 93834
20, 12670, 25, 90851, 93107
20, 12680, 25, 90851, 90851
20, 12690, 25, 90826, 90826
20, 12700, 25, 90826, 90826
20, 12710, 25, 90826, 92975
20, 12720, 25, 90826, 90826
20, 12730, 25, 90826, 92446
20, 12740, 25, 90826, 90826
20, 12750, 25, 90826, 90826
20, 12760, 25, 90630, 90826
20, 12770, 25, 90630, 90630
20, 12780, 25, 90630, 92364
20, 12790, 25, 90630, 93914
20, 12800, 25, 90587, 90588
20, 12810, 25, 90587, 90587
20, 12820, 25, 90587, 90587
20, 12830, 25, 90587, 90587
20, 12840, 25, 90587, 95386
20, 12850, 25, 90587, 90587
20, 12860, 25, 90587, 90587
20, 12870, 25, 90587, 90587
20, 12880, 25, 90587, 90587
20, 12890, 25, 90587, 90587
20, 12900, 25, 90557, 90557
20, 12910, 25, 90539, 90557
20, 12920, 25, 90539, 90939
20, 12930, 25, 90331, 90331
20, 12940, 25, 90331, 90331
20, 12950, 25, 90313, 90331
20, 12960, 25, 90313, 90313
20, 12970, 25, 90313, 90313
20, 12980, 25, 90313, 90313
20, 12990, 25, 90133, 90313
20, 13000, 25, 90133, 90133
20, 13010, 25, 90133, 90133
20, 13020, 25, 90133, 90867
20, 13030, 25, 90133, 90133
20, 13040, 25, 89550, 89550
20, 13050, 25, 89454, 89550
20, 13060, 25, 89454, 89454
20, 13070, 25, 89454, 89454
20, 13080, 25, 89454, 89454
20, 13090, 25, 89454, 89454
20, 13100, 25, 89454, 90270
20, 13110, 25, 89454, 89454
20, 13120, 25, 89454, 90078
20, 13130, 25, 89334, 89454
20, 13140, 25, 89334, 89334
20, 13150, 25, 89334, 89334
20, 13160, 25, 89095, 89095
20, 13170, 25, 89095, 90812
20, 13180, 25, 89095, 89095
20, 13190, 25, 89095, 89095
20, 13200, 25, 89077, 89077
20, 13210, 25, 89072, 89072
20, 13220, 25, 89072, 89072
20, 13230, 25, 89072, 89072
20, 13240, 25, 89072, 89072
20, 13250, 25, 89072, 89072
20, 13260, 25, 89072, 89072
20, 13270, 25, 89072, 89072
20, 13280, 25, 89072, 89072
20, 13290, 25, 89072, 89072
20, 13300, 25, 89061, 89061
20, 13310, 25, 89061, 89061
20, 13320, 25, 89061, 89061
20, 13330, 25, 89061, 89061
20, 13340, 25, 89061, 90863
20, 13350, 25, 89061, 89061
20, 13360, 25, 89061, 89061
20, 13370, 25, 89061, 89061
20, 13380, 25, 89061, 90599
20, 13390, 25, 89061, 89061
20, 13400, 25, 89061, 91335
20, 13410, 25, 89061, 89061
20, 13420, 25, 89061, 89061
20, 13430, 25, 89061, 89061
20, 13440, 25, 89061, 89061
20, 13450, 25, 89061, 89061
20, 13460, 25, 89061, 91127
20, 13470, 25, 89061, 89061
20, 13480, 25, 89061, 92672
20, 13490, 25, 89061, 92715
20, 13500, 25, 89002, 89002
20, 13510, 25, 89002, 89002
20, 13520, 25, 89002, 89002
20, 13530, 25, 88994, 88994
20, 13540, 25, 88994, 90980
20, 13550, 25, 88994, 88994
20, 13560, 25, 88884, 88884
20, 13570, 25, 88884, 88884
20, 13580, 25, 88884, 88884
20, 13590, 25, 88884, 88884
20, 13600, 25, 88884, 88884
20, 13610, 25, 88884, 88884
20, 13620, 25, 88884, 88884
20, 13630, 25, 88884, 88884
20, 13640, 25, 88884, 88884
20, 13650, 25, 88884, 88884
20, 13660, 25, 88884, 88884
20, 13670, 25, 88884, 88884
20, 13680, 25, 88884, 88884
20, 13690, 25, 88884, 88884
20, 13700, 25, 88811, 88884
20, 13710, 25, 88811, 88811
20, 13720, 25, 88811, 88811
20, 13730, 25, 88798, 88798
20, 13740, 25, 88798, 88798
20, 13750, 25, 88798, 88798
20, 13760, 25, 88678, 88798
20, 13770, 25, 88678, 88678
20, 13780, 25, 88622, 90331
20, 13790, 25, 88622, 88622
20, 13800, 25, 88622, 88622
20, 13810, 25, 88622, 88622
20, 13820, 25, 88611, 88611
20, 13830, 25, 88611, 88611
20, 13840, 25, 88611, 88611
20, 13850, 25, 88611, 88611
20, 13860, 25, 88611, 88611
20, 13870, 25, 88611, 88611
20, 13880, 25, 88611, 89447
20, 13890, 25, 88611, 88611
20, 13900, 25, 88611, 88611
20, 13910, 25, 88546, 88546
20, 13920, 25, 88546, 88546
20, 13930, 25, 88546, 88546
20, 13940, 25, 88546, 88546
20, 13950, 25, 88169, 88546
20, 13960, 25, 88169, 88169
20, 13970, 25, 88060, 88169
20, 13980, 25, 88019, 88060
20, 13990, 25, 87700, 87739
20, 14000, 25, 87700, 87700
20, 14010, 25, 87700, 87700
20, 14020, 25, 87561, 87561
20, 14030, 25, 87561, 88341
20, 14040, 25, 87386, 87561
20, 14050, 25, 87386, 87386
20, 14060, 25, 87386, 87386
20, 14070, 25, 87386, 87386
20, 14080, 25, 87321, 87321
20, 14090, 25, 87291, 87321
20, 14100, 25, 87284, 87291
20, 14110, 25, 87284, 87284
20, 14120, 25, 87284, 87284
20, 14130, 25, 87284, 87284
20, 14140, 25, 87284, 88116
20, 14150, 25, 87284, 87284
20, 14160, 25, 87284, 87284
20, 14170, 25, 87084, 87084
20, 14180, 25, 87008, 87008
20, 14190, 25, 87008, 87008
20, 14200, 25, 87008, 87008
20, 14210, 25, 87008, 87008
20, 14220, 25, 87008, 87008
20, 14230, 25, 86968, 88030
20, 14240, 25, 86968, 86968
20, 14250, 25, 86968, 86968
20, 14260, 25, 86968, 86968
20, 14270, 25, 86968, 89157
20, 14280, 25, 86968, 88862
20, 14290, 25, 86946, 86968
20, 14300, 25, 86946, 86946
20, 14310, 25, 86946, 86946
20, 14320, 25, 86946, 86946
20, 14330, 25, 86946, 86946
20, 14340, 25, 86946, 86946
20, 14350, 25, 86946, 86946
20, 14360, 25, 86891, 86891
20, 14370, 25, 86891, 87960
20, 14380, 25, 86749, 87489
20, 14390, 25, 86749, 86749
20, 14400, 25, 86749, 87697
20, 14410, 25, 86722, 86749
20, 14420, 25, 86722, 86722
20, 14430, 25, 86722, 87490
20, 14440, 25, 86722, 86722
20, 14450, 25, 86722, 86722
20, 14460, 25, 86674, 86674
20, 14470, 25, 86565, 86982
20, 14480, 25, 86565, 86565
20, 14490, 25, 86565, 86565
20, 14500, 25, 86565, 86565
20, 14510, 25, 86565, 86565
20, 14520, 25, 86394, 86765
20, 14530, 25, 86394, 86394
20, 14540, 25, 86278, 86394
20, 14550, 25, 86278, 88877
20, 14560, 25, 86278, 86278
20, 14570, 25, 86278, 86278
20, 14580, 25, 86075, 86267
20, 14590, 25, 86075, 86075
20, 14600, 25, 86075, 86075
20, 14610, 25, 86075, 86075
20, 14620, 25, 86075, 86075
20, 14630, 25, 86075, 86075
20, 14640, 25, 86075, 86075
20, 14650, 25, 86075, 86075
20, 14660, 25, 86075, 86075
20, 14670, 25, 86075, 86075
20, 14680, 25, 86075, 86075
20, 14690, 25, 86075, 86075
20, 14700, 25, 86075, 86075
20, 14710, 25, 86075, 86075
20, 14720, 25, 86075, 86075
20, 14730, 25, 86075, 86075
20, 14740, 25, 86075, 86075
20, 14750, 25, 86075, 86890
20, 14760, 25, 86075, 86075
20, 14770, 25, 86075, 86075
20, 14780, 25, 86075, 86075
20, 14790, 25, 86075, 88027
20, 14800, 25, 86075, 86075
20, 14810, 25, 86058, 86075
20, 14820, 25, 86058, 86058
20, 14830, 25, 86058, 86058
20, 14840, 25, 86058, 86058
20, 14850, 25, 86058, 86058
20, 14860, 25, 86058, 86058
20, 14870, 25, 86058, 86058
20, 14880, 25, 86058, 87521
20, 14890, 25, 86058, 86058
20, 14900, 25, 86058, 86058
20, 14910, 25, 86058, 86058
20, 14920, 25, 86058, 86058
20, 14930, 25, 86058, 86058
20, 14940, 25, 86058, 86058
20, 14950, 25, 86014, 86014
20, 14960, 25, 86014, 86014
20, 14970, 25, 86014, 86014
20, 14980, 25, 86014, 86014
20, 14990, 25, 86014, 86014
20, 15000, 25, 86014, 86014
20, 15010, 25, 86014, 86014
20, 15020, 25, 86014, 86014
20, 15030, 25, 86014, 86014
20, 15040, 25, 86014, 86014
20, 15050, 25, 86014, 86014
20, 15060, 25, 86014, 86014
20, 15070, 25, 86014, 86014
20, 15080, 25, 86014, 86014
20, 15090, 25, 86014, 86014
20, 15100, 25, 86014, 86014
20, 15110, 25, 85768, 89538
20, 15120, 25, 85768, 85768
20, 15130, 25, 85768, 85768
20, 15140, 25, 85768, 85768
20, 15150, 25, 85768, 88542
20, 15160, 25, 85768, 86542
20, 15170, 25, 85720, 85720
20, 15180, 25, 85720, 85902
20, 15190, 25, 85720, 85720
20, 15200, 25, 85504, 85720
20, 15210, 25, 85504, 85504
20, 15220, 25, 85504, 85504
20, 15230, 25, 85434, 85504
20, 15240, 25, 85434, 85434
20, 15250, 25, 85434, 85434
20, 15260, 25, 85434, 85434
20, 15270, 25, 85434, 85434
20, 15280, 25, 85163, 85434
20, 15290, 25, 85163, 85163
20, 15300, 25, 84834, 84834
20, 15310, 25, 84834, 84834
20, 15320, 25, 84798, 84801
20, 15330, 25, 84798, 84798
20, 15340, 25, 84798, 87271
20, 15350, 25, 84654, 84654
20, 15360, 25, 84654, 85724
20, 15370, 25, 84654, 84654
20, 15380, 25, 84654, 84654
20, 15390, 25, 84654, 84654
20, 15400, 25, 84654, 84654
20, 15410, 25, 84654, 85618
20, 15420, 25, 84654, 84654
20, 15430, 25, 84654, 85716
20, 15440, 25, 84654, 84654
20, 15450, 25, 84648, 84648
20, 15460, 25, 84648, 84648
20, 15470, 25, 84640, 84648
20, 15480, 25, 84547, 87506
20, 15490, 25, 84547, 84547
20, 15500, 25, 84547, 84547
20, 15510, 25, 84547, 84547
20, 15520, 25, 84547, 84547
20, 15530, 25, 84500, 84500
20, 15540, 25, 84500, 88286
20, 15550, 25, 84500, 84500
20, 15560, 25, 84500, 84500
20, 15570, 25, 84500, 84500
20, 15580, 25, 84500, 84500
20, 15590, 25, 84500, 84500
20, 15600, 25, 84500, 84500
20, 15610, 25, 84500, 84500
20, 15620, 25, 84500, 84500
20, 15630, 25, 84500, 84500
20, 15640, 25, 84500, 84500
20, 15650, 25, 84500, 84500
20, 15660, 25, 84500, 84500
20, 15670, 25, 84500, 84500
20, 15680, 25, 84362, 84500
20, 15690, 25, 84289, 84289
20, 15700, 25, 84289, 84289
20, 15710, 25, 84289, 84289
20, 15720, 25, 84289, 84289
20, 15730, 25, 84289, 84289
20, 15740, 25, 84289, 84289
20, 15750, 25, 84173, 84289
20, 15760, 25, 84173, 84173
20, 15770, 25, 84173, 86124
20, 15780, 25, 84173, 86820
20, 15790, 25, 84173, 84173
20, 15800, 25, 84173, 84173
20, 15810, 25, 84032, 84116
20, 15820, 25, 84032, 84032
20, 15830, 25, 83971, 83971
20, 15840, 25, 83971, 83971
20, 15850, 25, 83971, 83971
20, 15860, 25, 83971, 83971
20, 15870, 25, 83971, 83971
20, 15880, 25, 83971, 83971
20, 15890, 25, 83832, 83832
20, 15900, 25, 83832, 83832
20, 15910, 25, 83832, 83832
20, 15920, 25, 83832, 83832
20, 15930, 25, 83832, 83832
20, 15940, 25, 83832, 83832
20, 15950, 25, 83549, 83549
20, 15960, 25, 83549, 83549
20, 15970, 25, 83549, 86068
20, 15980, 25, 83549, 83549
20, 15990, 25, 83549, 83549
20, 16000, 25, 83549, 83549
20, 16010, 25, 83549, 83549
20, 16020, 25, 83549, 83549
20, 16030, 25, 83549, 83549
20, 16040, 25, 83549, 83549
20, 16050, 25, 83549, 84254
20, 16060, 25, 83549, 83549
20, 16070, 25, 83464, 83464
20, 16080, 25, 83318, 83318
20, 16090, 25, 83318, 83318
20, 16100, 25, 83318, 83318
20, 16110, 25, 83318, 83318
20, 16120, 25, 83318, 83881
20, 16130, 25, 83318, 83318
20, 16140, 25, 83318, 83318
20, 16150, 25, 83186, 83210
20, 16160, 25, 83186, 83186
20, 16170, 25, 83186, 83186
20, 16180, 25, 83186, 83186
20, 16190, 25, 83142, 83186
20, 16200, 25, 83142, 83142
20, 16210, 25, 83142, 83142
20, 16220, 25, 83142, 83142
20, 16230, 25, 83142, 83142
20, 16240, 25, 83142, 84279
20, 16250, 25, 83142, 83142
20, 16260, 25, 82957, 83142
20, 16270, 25, 82957, 82957
20, 16280, 25, 82874, 82874
20, 16290, 25, 82874, 82874
20, 16300, 25, 82874, 82874
20, 16310, 25, 82874, 82874
20, 16320, 25, 82874, 82874
20, 16330, 25, 82874, 82874
20, 16340, 25, 82874, 82874
20, 16350, 25, 82874, 82874
20, 16360, 25, 82874, 82874
20, 16370, 25, 82874, 82874
20, 16380, 25, 82874, 82874
20, 16390, 25, 82874, 82874
20, 16400, 25, 82874, 82874
20, 16410, 25, 82874, 84701
20, 16420, 25, 82874, 82874
20, 16430, 25, 82699, 82699
20, 16440, 25, 82699, 82699
20, 16450, 25, 82699, 82699
20, 16460, 25, 82586, 82586
20, 16470, 25, 82586, 82586
20, 16480, 25, 82586, 82586
20, 16490, 25, 82586, 82586
20, 16500, 25, 82586, 82586
20, 16510, 25, 82586, 82586
20, 16520, 25, 82586, 82586
20, 16530, 25, 82586, 82586
20, 16540, 25, 82586, 82586
20, 16550, 25, 82586, 82586
20, 16560, 25, 82586, 82586
20, 16570, 25, 82519, 82586
20, 16580, 25, 82519, 82519
20, 16590, 25, 82519, 82519
20, 16600, 25, 82519, 82519
20, 16610, 25, 82519, 82519
20, 16620, 25, 82512, 82519
20, 16630, 25, 82512, 82512
20, 16640, 25, 82187, 82387
20, 16650, 25, 82187, 82187
20, 16660, 25, 82187, 82187
20, 16670, 25, 82079, 82079
20, 16680, 25, 82079, 82079
20, 16690, 25, 82079, 82079
20, 16700, 25, 82079, 82079
20, 16710, 25, 82079, 82079
20, 16720, 25, 82079, 82079
20, 16730, 25, 82079, 82079
20, 16740, 25, 82079, 82079
20, 16750, 25, 82079, 82079
20, 16760, 25, 82079, 82079
20, 16770, 25, 82079, 82079
20, 16780, 25, 82079, 82079
20, 16790, 25, 82079, 82079
20, 16800, 25, 82079, 82079
20, 16810, 25, 82079, 85529
20, 16820, 25, 82079, 82079
20, 16830, 25, 82079, 82079
20, 16840, 25, 82079, 82079
20, 16850, 25, 82079, 82079
20, 16860, 25, 82079, 82079
20, 16870, 25, 82079, 82079
20, 16880, 25, 82079, 83083
20, 16890, 25, 82079, 82079
20, 16900, 25, 82079, 82079
20, 16910, 25, 82061, 82061
20, 16920, 25, 82061, 82061
20, 16930, 25, 82061, 82061
20, 16940, 25, 82061, 82061
20, 16950, 25, 82061, 82061
20, 16960, 25, 82061, 82061
20, 16970, 25, 82061, 82061
20, 16980, 25, 82061, 82061
20, 16990, 25, 82005, 82005
20, 17000, 25, 82005, 82005
20, 17010, 25, 82005, 82005
20, 17020, 25, 81968, 81968
20, 17030, 25, 81828, 81828
20, 17040, 25, 81828, 81828
20, 17050, 25, 81828, 81828
20, 17060, 25, 81828, 81828
20, 17070, 25, 81828, 81828
20, 17080, 25, 81828, 81828
20, 17090, 25, 81828, 81828
20, 17100, 25, 81828, 81828
20, 17110, 25, 81828, 82356
20, 17120, 25, 81806, 82574
20, 17130, 25, 81806, 81806
20, 17140, 25, 81806, 81806
20, 17150, 25, 81785, 81806
20, 17160, 25, 81785, 81785
20, 17170, 25, 81785, 81785
20, 17180, 25, 81785, 81785
20, 17190, 25, 81785, 81785
20, 17200, 25, 81767, 81785
20, 17210, 25, 81767, 81767
20, 17220, 25, 81767, 81767
20, 17230, 25, 81767, 81767
20, 17240, 25, 81767, 81767
20, 17250, 25, 81767, 81767
20, 17260, 25, 81767, 81767
20, 17270, 25, 81767, 81767
20, 17280, 25, 81767, 81767
20, 17290, 25, 81767, 81767
20, 17300, 25, 81767, 81767
20, 17310, 25, 81767, 81767
20, 17320, 25, 81767, 81767
20, 17330, 25, 81692, 81767
20, 17340, 25, 81692, 81692
20, 17350, 25, 81692, 81692
20, 17360, 25, 81692, 81692
20, 17370, 25, 81692, 81692
20, 17380, 25, 81692, 81692
20, 17390, 25, 81692, 81692
20, 17400, 25, 81692, 81692
20, 17410, 25, 81692, 81692
20, 17420, 25, 81692, 81692
20, 17430, 25, 81692, 81692
20, 17440, 25, 81692, 82720
20, 17450, 25, 81692, 81692
20, 17460, 25, 81692, 81692
20, 17470, 25, 81692, 81692
20, 17480, 25, 81692, 81692
20, 17490, 25, 81692, 81692
20, 17500, 25, 81692, 81692
20, 17510, 25, 81692, 81692
20, 17520, 25, 81692, 81692
20, 17530, 25, 81692, 81692
20, 17540, 25, 81654, 81654
20, 17550, 25, 81654, 81654
20, 17560, 25, 81654, 81654
20, 17570, 25, 81654, 81654
20, 17580, 25, 81654, 81654
20, 17590, 25, 81654, 81654
20, 17600, 25, 81654, 81654
20, 17610, 25, 81654, 81654
20, 17620, 25, 81654, 81654
20, 17630, 25, 81654, 81654
20, 17640, 25, 81530, 81530
20, 17650, 25, 81530, 81530
20, 17660, 25, 81530, 81530
20, 17670, 25, 81389, 81389
20, 17680, 25, 81389, 81389
20, 17690, 25, 81389, 83042
20, 17700, 25, 81324, 81324
20, 17710, 25, 81324, 81324
20, 17720, 25, 81324, 81324
20, 17730, 25, 81324, 81324
20, 17740, 25, 81324, 81324
20, 17750, 25, 81324, 81324
20, 17760, 25, 81324, 81324
20, 17770, 25, 81324, 81324
20, 17780, 25, 81324, 81324
20, 17790, 25, 81324, 81324
20, 17800, 25, 81324, 81324
20, 17810, 25, 81324, 81324
20, 17820, 25, 81149, 81149
20, 17830, 25, 81149, 81149
20, 17840, 25, 81149, 81149
20, 17850, 25, 81149, 81149
20, 17860, 25, 81149, 81149
20, 17870, 25, 81149, 81149
20, 17880, 25, 81149, 81149
20, 17890, 25, 81149, 81149
20, 17900, 25, 81149, 81149
20, 17910, 25, 81149, 81149
20, 17920, 25, 81149, 81149
20, 17930, 25, 81149, 81149
20, 17940, 25, 81149, 81149
20, 17950, 25, 81149, 81149
20, 17960, 25, 81149, 81149
20, 17970, 25, 81149, 81149
20, 17980, 25, 81149, 81149
20, 17990, 25, 81149, 83871
20, 18000, 25, 81149, 81149
20, 18010, 25, 81149, 81149
20, 18020, 25, 81149, 81149
20, 18030, 25, 81149, 81149
20, 18040, 25, 81149, 81149
20, 18050, 25, 81149, 81149
20, 18060, 25, 81004, 81004
20, 18070, 25, 81004, 81004
20, 18080, 25, 81004, 81004
20, 18090, 25, 81004, 81004
20, 18100, 25, 81004, 81004
20, 18110, 25, 81004, 81004
20, 18120, 25, 81004, 81004
20, 18130, 25, 81004, 81004
20, 18140, 25, 81004, 81004
20, 18150, 25, 81004, 81004
20, 18160, 25, 81004, 81004
20, 18170, 25, 81004, 81004
20, 18180, 25, 81004, 81004
20, 18190, 25, 81004, 81004
20, 18200, 25, 81004, 81004
20, 18210, 25, 81004, 81004
20, 18220, 25, 81004, 81004
20, 18230, 25, 81004, 81004
20, 18240, 25, 81004, 81004
20, 18250, 25, 81004, 81004
20, 18260, 25, 81004, 81004
20, 18270, 25, 81004, 81004
20, 18280, 25, 81004, 81004
20, 18290, 25, 81004, 81004
20, 18300, 25, 81004, 81004
20, 18310, 25, 80953, 80953
20, 18320, 25, 80953, 80953
20, 18330, 25, 80953, 80953
20, 18340, 25, 80829, 80953
20, 18350, 25, 80829, 80829
20, 18360, 25, 80829, 80829
20, 18370, 25, 80829, 80829
20, 18380, 25, 80829, 80829
20, 18390, 25, 80829, 80829
20, 18400, 25, 80829, 80829
20, 18410, 25, 80829, 80829
20, 18420, 25, 80829, 80829
20, 18430, 25, 80809, 80809
20, 18440, 25, 80809, 80809
20, 18450, 25, 80809, 80809
20, 18460, 25, 80809, 80809
20, 18470, 25, 80809, 80809
20, 18480, 25, 80809, 80809
20, 18490, 25, 80809, 80809
20, 18500, 25, 80809, 80809
20, 18510, 25, 80697, 80809
20, 18520, 25, 80697, 80697
20, 18530, 25, 80697, 80697
20, 18540, 25, 80697, 80697
20, 18550, 25, 80697, 81083
20, 18560, 25, 80697, 80697
20, 18570, 25, 80697, 80697
20, 18580, 25, 80697, 80697
20, 18590, 25, 80697, 80697
20, 18600, 25, 80697, 80697
20, 18610, 25, 80697, 80697
20, 18620, 25, 80697, 80697
20, 18630, 25, 80697, 80697
20, 18640, 25, 80697, 80697
20, 18650, 25, 80697, 80697
20, 18660, 25, 80697, 80697
20, 18670, 25, 80697, 80697
20, 18680, 25, 80697, 80697
20, 18690, 25, 80685, 80685
20, 18700, 25, 80685, 80685
20, 18710, 25, 80685, 80685
20, 18720, 25, 80685, 80685
20, 18730, 25, 80685, 80685
20, 18740, 25, 80685, 80685
20, 18750, 25, 80685, 80685
20, 18760, 25, 80685, 80685
20, 18770, 25, 80685, 80685
20, 18780, 25, 80685, 80685
20, 18790, 25, 80685, 80685
20, 18800, 25, 80685, 80685
20, 18810, 25, 80685, 80685
20, 18820, 25, 80685, 80685
20, 18830, 25, 80685, 80685
20, 18840, 25, 80685, 80685
20, 18850, 25, 80602, 80602
20, 18860, 25, 80602, 80959
20, 18870, 25, 80602, 80602
20, 18880, 25, 80602, 80602
20, 18890, 25, 80602, 80602
20, 18900, 25, 80602, 80602
20, 18910, 25, 80602, 80602
20, 18920, 25, 80602, 80602
20, 18930, 25, 80602, 80602
20, 18940, 25, 80602, 80602
20, 18950, 25, 80602, 80602
20, 18960, 25, 80602, 80602
20, 18970, 25, 80602, 80602
20, 18980, 25, 80602, 80602
20, 18990, 25, 80602, 80602
20, 19000, 25, 80602, 80602
20, 19010, 25, 80602, 80602
20, 19020, 25, 80469, 80469
20, 19030, 25, 80469, 80469
20, 19040, 25, 80469, 80469
20, 19050, 25, 80469, 80469
20, 19060, 25, 80469, 80469
20, 19070, 25, 80409, 80469
20, 19080, 25, 80409, 80409
20, 19090, 25, 80409, 80409
20, 19100, 25, 80409, 80409
20, 19110, 25, 80409, 80409
20, 19120, 25, 80409, 80409
20, 19130, 25, 80409, 80409
20, 19140, 25, 80409, 80409
20, 19150, 25, 80409, 80409
20, 19160, 25, 80409, 80409
20, 19170, 25, 80409, 80409
20, 19180, 25, 80409, 80409
20, 19190, 25, 80409, 80409
20, 19200, 25, 80409, 80409
20, 19210, 25, 80409, 80409
20, 19220, 25, 80409, 80409
20, 19230, 25, 80335, 80409
20, 19240, 25, 80335, 80335
20, 19250, 25, 80335, 80335
20, 19260, 25, 80160, 80335
20, 19270, 25, 80160, 80160
20, 19280, 25, 80160, 80160
20, 19290, 25, 80160, 80160
20, 19300, 25, 80160, 83015
20, 19310, 25, 80160, 80160
20, 19320, 25, 80160, 80160
20, 19330, 25, 80160, 80160
20, 19340, 25, 80160, 80160
20, 19350, 25, 80160, 80160
20, 19360, 25, 80160, 80160
20, 19370, 25, 80160, 80160
20, 19380, 25, 80143, 80143
20, 19390, 25, 80143, 80143
20, 19400, 25, 80143, 80143
20, 19410, 25, 80143, 80143
20, 19420, 25, 80143, 80143
20, 19430, 25, 80143, 80143
20, 19440, 25, 80143, 80143
20, 19450, 25, 80143, 80143
20, 19460, 25, 80143, 80143
20, 19470, 25, 80143, 80143
20, 19480, 25, 80143, 80143
20, 19490, 25, 80143, 80143
20, 19500, 25, 79938, 79938
20, 19510, 25, 79938, 79938
20, 19520, 25, 79938, 79938
20, 19530, 25, 79938, 79938
20, 19540, 25, 79938, 79938
20, 19550, 25, 79938, 79938
20, 19560, 25, 79938, 79938
20, 19570, 25, 79938, 79938
20, 19580, 25, 79938, 79938
20, 19590, 25, 79938, 79938
20, 19600, 25, 79938, 79938
20, 19610, 25, 79938, 79938
20, 19620, 25, 79938, 79938
20, 19630, 25, 79938, 79938
20, 19640, 25, 79938, 79938
20, 19650, 25, 79938, 79938
20, 19660, 25, 79938, 79938
20, 19670, 25, 79938, 79938
20, 19680, 25, 79938, 79938
20, 19690, 25, 79938, 79938
20, 19700, 25, 79938, 79938
20, 19710, 25, 79938, 79938
20, 19720, 25, 79938, 79938
20, 19730, 25, 79938, 79938
20, 19740, 25, 79938, 79938
20, 19750, 25, 79938, 79938
20, 19760, 25, 79938, 79938
20, 19770, 25, 79938, 79938
20, 19780, 25, 79938, 79938
20, 19790, 25, 79938, 79938
20, 19800, 25, 79938, 79938
20, 19810, 25, 79938, 79938
20, 19820, 25, 79938, 79938
20, 19830, 25, 79938, 79938
20, 19840, 25, 79938, 79938
20, 19850, 25, 79938, 79938
20, 19860, 25, 79938, 79938
20, 19870, 25, 79938, 79938
20, 19880, 25, 79938, 79938
20, 19890, 25, 79938, 79938
20, 19900, 25, 79938, 79938
20, 19910, 25, 79938, 79938
20, 19920, 25, 79938, 79938
20, 19930, 25, 79938, 79938
20, 19940, 25, 79938, 79938
20, 19950, 25, 79938, 79938
20, 19960, 25, 79938, 79938
20, 19970, 25, 79938, 79938
20, 19980, 25, 79938, 79938
20, 19990, 25, 79938, 79938
