Population Size, Generation Count, Repetition, Best Fitness, Median Fitness
100, 0, 28, 732635, 767657
100, 10, 28, 688755, 699785
100, 20, 28, 667598, 674620
100, 30, 28, 640458, 652335
100, 40, 28, 624584, 630873
100, 50, 28, 609388, 619766
100, 60, 28, 594303, 602434
100, 70, 28, 580608, 586696
100, 80, 28, 567946, 573116
100, 90, 28, 554343, 561159
100, 100, 28, 543466, 549121
100, 110, 28, 532196, 536807
100, 120, 28, 518658, 525118
100, 130, 28, 509551, 515057
100, 140, 28, 503236, 506662
100, 150, 28, 494738, 499908
100, 160, 28, 489010, 491996
100, 170, 28, 482307, 486740
100, 180, 28, 476046, 481264
100, 190, 28, 468342, 473271
100, 200, 28, 460273, 466242
100, 210, 28, 454421, 459100
100, 220, 28, 448112, 452395
100, 230, 28, 444013, 447785
100, 240, 28, 436645, 440656
100, 250, 28, 431233, 436497
100, 260, 28, 426075, 430316
100, 270, 28, 418414, 424136
100, 280, 28, 414441, 418143
100, 290, 28, 409774, 412617
100, 300, 28, 405540, 408839
100, 310, 28, 398970, 402931
100, 320, 28, 393987, 397664
100, 330, 28, 389733, 394246
100, 340, 28, 385042, 388775
100, 350, 28, 380206, 383590
100, 360, 28, 374850, 380716
100, 370, 28, 370247, 373699
100, 380, 28, 365910, 368906
100, 390, 28, 361633, 364915
100, 400, 28, 356541, 362502
100, 410, 28, 354435, 358391
100, 420, 28, 351098, 355118
100, 430, 28, 348553, 351086
100, 440, 28, 346546, 349365
100, 450, 28, 343744, 346803
100, 460, 28, 339356, 343773
100, 470, 28, 335874, 339408
100, 480, 28, 331724, 335988
100, 490, 28, 328028, 331894
100, 500, 28, 322287, 327443
100, 510, 28, 320568, 322329
100, 520, 28, 316794, 320477
100, 530, 28, 314142, 317941
100, 540, 28, 310777, 316032
100, 550, 28, 307700, 311391
100, 560, 28, 304786, 308979
100, 570, 28, 302386, 305982
100, 580, 28, 299749, 303311
100, 590, 28, 297210, 300327
100, 600, 28, 295097, 298541
100, 610, 28, 292352, 296112
100, 620, 28, 289712, 294782
100, 630, 28, 288329, 290953
100, 640, 28, 287133, 290011
100, 650, 28, 284765, 288836
100, 660, 28, 283135, 286853
100, 670, 28, 281803, 283748
100, 680, 28, 279690, 283588
100, 690, 28, 277948, 280339
100, 700, 28, 275148, 279629
100, 710, 28, 273155, 275894
100, 720, 28, 271138, 275183
100, 730, 28, 269051, 272472
100, 740, 28, 266631, 270286
100, 750, 28, 265249, 269451
100, 760, 28, 260711, 265601
100, 770, 28, 258410, 261725
100, 780, 28, 255718, 259427
100, 790, 28, 255167, 257841
100, 800, 28, 253187, 256796
100, 810, 28, 251616, 255430
100, 820, 28, 250324, 253911
100, 830, 28, 248342, 251355
100, 840, 28, 246050, 250274
100, 850, 28, 245509, 248300
100, 860, 28, 241664, 246748
100, 870, 28, 240649, 242778
100, 880, 28, 239025, 244154
100, 890, 28, 237375, 240270
100, 900, 28, 236317, 240117
100, 910, 28, 235046, 238996
100, 920, 28, 233528, 235157
100, 930, 28, 232930, 235259
100, 940, 28, 232525, 234766
100, 950, 28, 230620, 234750
100, 960, 28, 227624, 231210
100, 970, 28, 226439, 229428
100, 980, 28, 224570, 227756
100, 990, 28, 224049, 227305
100, 1000, 28, 222464, 225137
100, 1010, 28, 220611, 225029
100, 1020, 28, 219852, 223158
100, 1030, 28, 218315, 221704
100, 1040, 28, 217495, 219970
100, 1050, 28, 216092, 218969
100, 1060, 28, 214942, 217929
100, 1070, 28, 214203, 217059
100, 1080, 28, 213015, 215958
100, 1090, 28, 211552, 214941
100, 1100, 28, 210633, 214360
100, 1110, 28, 209244, 212882
100, 1120, 28, 208210, 211822
100, 1130, 28, 206966, 211159
100, 1140, 28, 205961, 208720
100, 1150, 28, 205414, 207822
100, 1160, 28, 204723, 207288
100, 1170, 28, 203860, 206366
100, 1180, 28, 203385, 206143
100, 1190, 28, 202582, 205334
100, 1200, 28, 199961, 204164
100, 1210, 28, 198480, 202697
100, 1220, 28, 196784, 200351
100, 1230, 28, 196243, 198852
100, 1240, 28, 194972, 197836
100, 1250, 28, 194589, 197215
100, 1260, 28, 193726, 196818
100, 1270, 28, 192947, 195548
100, 1280, 28, 192726, 195377
100, 1290, 28, 191416, 193936
100, 1300, 28, 190281, 194758
100, 1310, 28, 188791, 191916
100, 1320, 28, 188409, 190307
100, 1330, 28, 187759, 190361
100, 1340, 28, 187003, 190236
100, 1350, 28, 186030, 189605
100, 1360, 28, 185270, 189292
100, 1370, 28, 184849, 187319
100, 1380, 28, 184443, 187113
100, 1390, 28, 183669, 186989
100, 1400, 28, 182637, 185907
100, 1410, 28, 181581, 184129
100, 1420, 28, 180778, 183851
100, 1430, 28, 179801, 182551
100, 1440, 28, 178746, 181475
100, 1450, 28, 177924, 181444
100, 1460, 28, 177341, 179405
100, 1470, 28, 176643, 179212
100, 1480, 28, 176040, 179030
100, 1490, 28, 175096, 177944
100, 1500, 28, 174376, 177141
100, 1510, 28, 173680, 176489
100, 1520, 28, 172666, 174640
100, 1530, 28, 171942, 174097
100, 1540, 28, 171364, 174575
100, 1550, 28, 169965, 174178
100, 1560, 28, 169728, 172989
100, 1570, 28, 168872, 171694
100, 1580, 28, 167871, 171995
100, 1590, 28, 167453, 169364
100, 1600, 28, 167168, 169326
100, 1610, 28, 166330, 169568
100, 1620, 28, 165097, 168904
100, 1630, 28, 164367, 168472
100, 1640, 28, 163784, 166897
100, 1650, 28, 163125, 166572
100, 1660, 28, 162306, 165243
100, 1670, 28, 161848, 164271
100, 1680, 28, 161360, 164441
100, 1690, 28, 161061, 163234
100, 1700, 28, 159638, 163238
100, 1710, 28, 159282, 161499
100, 1720, 28, 159021, 161905
100, 1730, 28, 158241, 160933
100, 1740, 28, 157410, 158579
100, 1750, 28, 156933, 159524
100, 1760, 28, 155974, 159623
100, 1770, 28, 155524, 156950
100, 1780, 28, 154894, 158858
100, 1790, 28, 153949, 157611
100, 1800, 28, 153546, 156780
100, 1810, 28, 153327, 156193
100, 1820, 28, 152741, 155009
100, 1830, 28, 152392, 155003
100, 1840, 28, 152042, 154742
100, 1850, 28, 151860, 154067
100, 1860, 28, 151271, 154777
100, 1870, 28, 150618, 152539
100, 1880, 28, 150325, 152390
100, 1890, 28, 150018, 152731
100, 1900, 28, 149390, 152012
100, 1910, 28, 149019, 152457
100, 1920, 28, 148656, 151758
100, 1930, 28, 147975, 149764
100, 1940, 28, 147369, 149475
100, 1950, 28, 146977, 148708
100, 1960, 28, 146617, 149584
100, 1970, 28, 146475, 148108
100, 1980, 28, 146036, 147921
100, 1990, 28, 145495, 148140
100, 2000, 28, 144746, 147805
100, 2010, 28, 144384, 147093
100, 2020, 28, 144073, 146375
100, 2030, 28, 143180, 146887
100, 2040, 28, 143077, 145188
100, 2050, 28, 142338, 145574
100, 2060, 28, 141977, 145423
100, 2070, 28, 141629, 144069
100, 2080, 28, 141296, 143274
100, 2090, 28, 140697, 143826
100, 2100, 28, 139669, 142615
100, 2110, 28, 139488, 141678
100, 2120, 28, 139301, 140559
100, 2130, 28, 139072, 142169
100, 2140, 28, 138881, 140095
100, 2150, 28, 138210, 142318
100, 2160, 28, 137848, 140369
100, 2170, 28, 137200, 139981
100, 2180, 28, 136688, 138759
100, 2190, 28, 136063, 138376
100, 2200, 28, 135654, 138707
100, 2210, 28, 135087, 137061
100, 2220, 28, 134994, 137312
100, 2230, 28, 133885, 137225
100, 2240, 28, 133820, 135880
100, 2250, 28, 133300, 134640
100, 2260, 28, 132550, 136093
100, 2270, 28, 132500, 133592
100, 2280, 28, 132379, 135968
100, 2290, 28, 131971, 134087
100, 2300, 28, 131550, 133709
100, 2310, 28, 131451, 134349
100, 2320, 28, 131201, 133583
100, 2330, 28, 130947, 135190
100, 2340, 28, 130541, 132360
100, 2350, 28, 129602, 131978
100, 2360, 28, 129315, 129781
100, 2370, 28, 128875, 131900
100, 2380, 28, 128471, 130506
100, 2390, 28, 127965, 131216
100, 2400, 28, 127547, 131322
100, 2410, 28, 127188, 130515
100, 2420, 28, 127167, 129261
100, 2430, 28, 127068, 129571
100, 2440, 28, 126799, 129491
100, 2450, 28, 126427, 127778
100, 2460, 28, 125879, 128268
100, 2470, 28, 125527, 127226
100, 2480, 28, 125321, 127987
100, 2490, 28, 125256, 126674
100, 2500, 28, 124996, 127861
100, 2510, 28, 124697, 126803
100, 2520, 28, 124497, 127483
100, 2530, 28, 124182, 127725
100, 2540, 28, 124040, 126404
100, 2550, 28, 123927, 127275
100, 2560, 28, 123473, 126359
100, 2570, 28, 123256, 125136
100, 2580, 28, 123034, 126278
100, 2590, 28, 122911, 125562
100, 2600, 28, 122644, 125415
100, 2610, 28, 122160, 122644
100, 2620, 28, 122140, 124191
100, 2630, 28, 122090, 124121
100, 2640, 28, 121884, 124815
100, 2650, 28, 121680, 123776
100, 2660, 28, 120830, 123855
100, 2670, 28, 120018, 123171
100, 2680, 28, 119933, 121254
100, 2690, 28, 119722, 122891
100, 2700, 28, 119545, 121039
100, 2710, 28, 119181, 121903
100, 2720, 28, 118957, 121345
100, 2730, 28, 118757, 120595
100, 2740, 28, 118080, 120130
100, 2750, 28, 117735, 119214
100, 2760, 28, 117338, 120515
100, 2770, 28, 116900, 118802
100, 2780, 28, 116802, 118925
100, 2790, 28, 116462, 118755
100, 2800, 28, 116462, 118431
100, 2810, 28, 115531, 120360
100, 2820, 28, 115431, 118292
100, 2830, 28, 115304, 116885
100, 2840, 28, 114900, 117173
100, 2850, 28, 114765, 116410
100, 2860, 28, 114664, 115961
100, 2870, 28, 114593, 116255
100, 2880, 28, 114251, 116706
100, 2890, 28, 113982, 117424
100, 2900, 28, 113922, 116684
100, 2910, 28, 113736, 116013
100, 2920, 28, 113375, 115572
100, 2930, 28, 113275, 115624
100, 2940, 28, 113144, 116331
100, 2950, 28, 112901, 115123
100, 2960, 28, 112532, 115291
100, 2970, 28, 112231, 114627
100, 2980, 28, 112061, 114793
100, 2990, 28, 111976, 114187
100, 3000, 28, 111909, 114519
100, 3010, 28, 111709, 113948
100, 3020, 28, 111568, 112709
100, 3030, 28, 111509, 114212
100, 3040, 28, 111073, 111911
100, 3050, 28, 110524, 113120
100, 3060, 28, 110326, 112474
100, 3070, 28, 110325, 112534
100, 3080, 28, 109721, 112946
100, 3090, 28, 109721, 112445
100, 3100, 28, 108385, 109607
100, 3110, 28, 108223, 110849
100, 3120, 28, 108089, 110395
100, 3130, 28, 107906, 110978
100, 3140, 28, 107566, 109646
100, 3150, 28, 107450, 109696
100, 3160, 28, 106465, 108663
100, 3170, 28, 105942, 109233
100, 3180, 28, 105942, 108781
100, 3190, 28, 105647, 107657
100, 3200, 28, 105270, 107117
100, 3210, 28, 105230, 108032
100, 3220, 28, 105120, 106370
100, 3230, 28, 104754, 108330
100, 3240, 28, 104644, 106077
100, 3250, 28, 104499, 107341
100, 3260, 28, 104456, 108548
100, 3270, 28, 103944, 106271
100, 3280, 28, 103635, 106971
100, 3290, 28, 103391, 106371
100, 3300, 28, 103210, 105971
100, 3310, 28, 103023, 105848
100, 3320, 28, 102458, 105384
100, 3330, 28, 102458, 105071
100, 3340, 28, 102425, 104542
100, 3350, 28, 101920, 102682
100, 3360, 28, 101920, 103136
100, 3370, 28, 101580, 103968
100, 3380, 28, 101108, 102214
100, 3390, 28, 100927, 104683
100, 3400, 28, 100608, 103535
100, 3410, 28, 100473, 102802
100, 3420, 28, 100140, 103109
100, 3430, 28, 99917, 101499
100, 3440, 28, 99513, 101818
100, 3450, 28, 99293, 101504
100, 3460, 28, 99177, 101921
100, 3470, 28, 99177, 102551
100, 3480, 28, 98811, 100310
100, 3490, 28, 98200, 99898
100, 3500, 28, 98159, 101001
100, 3510, 28, 97818, 99909
100, 3520, 28, 97515, 100374
100, 3530, 28, 97439, 98860
100, 3540, 28, 97315, 99082
100, 3550, 28, 97302, 100215
100, 3560, 28, 97302, 99093
100, 3570, 28, 97109, 100323
100, 3580, 28, 96801, 98991
100, 3590, 28, 96683, 99347
100, 3600, 28, 96097, 98575
100, 3610, 28, 96097, 99151
100, 3620, 28, 95973, 97937
100, 3630, 28, 95959, 97509
100, 3640, 28, 95827, 98101
100, 3650, 28, 95710, 97793
100, 3660, 28, 95345, 97060
100, 3670, 28, 95187, 96689
100, 3680, 28, 95132, 96680
100, 3690, 28, 94911, 97819
100, 3700, 28, 94848, 96622
100, 3710, 28, 94814, 96866
100, 3720, 28, 94773, 96985
100, 3730, 28, 94514, 96870
100, 3740, 28, 94505, 96376
100, 3750, 28, 94012, 97591
100, 3760, 28, 93953, 96985
100, 3770, 28, 93953, 96883
100, 3780, 28, 93683, 95583
100, 3790, 28, 93065, 96662
100, 3800, 28, 93027, 94158
100, 3810, 28, 92837, 94428
100, 3820, 28, 92691, 94742
100, 3830, 28, 92580, 94933
100, 3840, 28, 92496, 94148
100, 3850, 28, 92175, 94385
100, 3860, 28, 92149, 93979
100, 3870, 28, 91898, 94045
100, 3880, 28, 91714, 94015
100, 3890, 28, 91512, 94298
100, 3900, 28, 91377, 93527
100, 3910, 28, 91186, 94142
100, 3920, 28, 90971, 92958
100, 3930, 28, 90866, 93250
100, 3940, 28, 90690, 93452
100, 3950, 28, 90369, 91928
100, 3960, 28, 90195, 92232
100, 3970, 28, 90072, 92834
100, 3980, 28, 90072, 91657
100, 3990, 28, 90058, 90058
100, 4000, 28, 89912, 91350
100, 4010, 28, 89912, 92794
100, 4020, 28, 89782, 92749
100, 4030, 28, 89782, 91653
100, 4040, 28, 89629, 92014
100, 4050, 28, 89023, 90707
100, 4060, 28, 89023, 91288
100, 4070, 28, 89023, 89900
100, 4080, 28, 88887, 90896
100, 4090, 28, 88839, 89583
100, 4100, 28, 88534, 90267
100, 4110, 28, 88468, 90473
100, 4120, 28, 88326, 89650
100, 4130, 28, 88305, 89720
100, 4140, 28, 87556, 89374
100, 4150, 28, 87432, 90748
100, 4160, 28, 87432, 89853
100, 4170, 28, 87334, 89306
100, 4180, 28, 87260, 88343
100, 4190, 28, 87052, 89419
100, 4200, 28, 87052, 89212
100, 4210, 28, 86479, 88948
100, 4220, 28, 86479, 89153
100, 4230, 28, 86408, 88652
100, 4240, 28, 86263, 87426
100, 4250, 28, 86157, 87889
100, 4260, 28, 85986, 87511
100, 4270, 28, 85847, 89400
100, 4280, 28, 85780, 88205
100, 4290, 28, 85586, 87547
100, 4300, 28, 85578, 88055
100, 4310, 28, 85373, 87966
100, 4320, 28, 85365, 87578
100, 4330, 28, 85365, 86965
100, 4340, 28, 85195, 86966
100, 4350, 28, 84987, 87260
100, 4360, 28, 84870, 88339
100, 4370, 28, 84727, 85786
100, 4380, 28, 84727, 86199
100, 4390, 28, 84727, 88239
100, 4400, 28, 84644, 87784
100, 4410, 28, 84579, 86408
100, 4420, 28, 84379, 85117
100, 4430, 28, 84198, 86479
100, 4440, 28, 84046, 84758
100, 4450, 28, 84028, 86095
100, 4460, 28, 84004, 85532
100, 4470, 28, 83953, 85289
100, 4480, 28, 83953, 86130
100, 4490, 28, 83804, 85444
100, 4500, 28, 83804, 85313
100, 4510, 28, 83688, 86381
100, 4520, 28, 83688, 84736
100, 4530, 28, 83688, 86468
100, 4540, 28, 83603, 85084
100, 4550, 28, 83588, 84556
100, 4560, 28, 83557, 85424
100, 4570, 28, 83557, 83557
100, 4580, 28, 83373, 85053
100, 4590, 28, 83339, 85291
100, 4600, 28, 83246, 84783
100, 4610, 28, 83204, 84817
100, 4620, 28, 82939, 85226
100, 4630, 28, 82685, 85114
100, 4640, 28, 82573, 84056
100, 4650, 28, 82476, 82678
100, 4660, 28, 82282, 82944
100, 4670, 28, 82277, 83335
100, 4680, 28, 82263, 83369
100, 4690, 28, 82204, 84859
100, 4700, 28, 82133, 84463
100, 4710, 28, 82133, 82871
100, 4720, 28, 82133, 83832
100, 4730, 28, 82133, 84552
100, 4740, 28, 82133, 83191
100, 4750, 28, 82050, 84655
100, 4760, 28, 81792, 84144
100, 4770, 28, 81792, 84597
100, 4780, 28, 81792, 84607
100, 4790, 28, 81668, 83823
100, 4800, 28, 81668, 83968
100, 4810, 28, 81668, 82990
100, 4820, 28, 81668, 83814
100, 4830, 28, 81599, 84246
100, 4840, 28, 81227, 83374
100, 4850, 28, 81066, 83265
100, 4860, 28, 81066, 83666
100, 4870, 28, 81064, 83034
100, 4880, 28, 80721, 82599
100, 4890, 28, 80721, 83258
100, 4900, 28, 80681, 83150
100, 4910, 28, 80597, 83482
100, 4920, 28, 80467, 83312
100, 4930, 28, 80330, 82100
100, 4940, 28, 80330, 82837
100, 4950, 28, 79819, 83411
100, 4960, 28, 79791, 80706
100, 4970, 28, 79750, 82101
100, 4980, 28, 79624, 81477
100, 4990, 28, 79624, 82034
100, 5000, 28, 79542, 81473
100, 5010, 28, 79542, 81130
100, 5020, 28, 79477, 80929
100, 5030, 28, 79477, 81557
100, 5040, 28, 79477, 80021
100, 5050, 28, 79131, 79747
100, 5060, 28, 79131, 81475
100, 5070, 28, 79032, 81711
100, 5080, 28, 78956, 80403
100, 5090, 28, 78896, 78956
100, 5100, 28, 78685, 80547
100, 5110, 28, 78532, 81152
100, 5120, 28, 78514, 81367
100, 5130, 28, 78463, 80637
100, 5140, 28, 78417, 80512
100, 5150, 28, 78227, 80361
100, 5160, 28, 78202, 78227
100, 5170, 28, 78191, 79583
100, 5180, 28, 78191, 79555
100, 5190, 28, 78191, 79779
100, 5200, 28, 78116, 80461
100, 5210, 28, 78038, 81041
100, 5220, 28, 78038, 78661
100, 5230, 28, 77976, 80205
100, 5240, 28, 77921, 78486
100, 5250, 28, 77860, 79745
100, 5260, 28, 77841, 80239
100, 5270, 28, 77599, 79287
100, 5280, 28, 77410, 80166
100, 5290, 28, 77059, 79932
100, 5300, 28, 76816, 79249
100, 5310, 28, 76768, 78525
100, 5320, 28, 76768, 77776
100, 5330, 28, 76768, 78720
100, 5340, 28, 76756, 77957
100, 5350, 28, 76711, 77519
100, 5360, 28, 76576, 77996
100, 5370, 28, 76517, 78008
100, 5380, 28, 76517, 77762
100, 5390, 28, 76517, 77923
100, 5400, 28, 76289, 76289
100, 5410, 28, 76225, 77612
100, 5420, 28, 76224, 79114
100, 5430, 28, 76085, 77417
100, 5440, 28, 76061, 78162
100, 5450, 28, 75898, 77105
100, 5460, 28, 75898, 75898
100, 5470, 28, 75898, 77582
100, 5480, 28, 75877, 77506
100, 5490, 28, 75571, 77632
100, 5500, 28, 75571, 76638
100, 5510, 28, 75385, 76902
100, 5520, 28, 75385, 78799
100, 5530, 28, 75320, 76284
100, 5540, 28, 75207, 77331
100, 5550, 28, 75207, 77320
100, 5560, 28, 75207, 77771
100, 5570, 28, 75207, 78378
100, 5580, 28, 75057, 77423
100, 5590, 28, 75057, 76338
100, 5600, 28, 75057, 75879
100, 5610, 28, 75057, 75729
100, 5620, 28, 74907, 77255
100, 5630, 28, 74809, 74993
100, 5640, 28, 74809, 74809
100, 5650, 28, 74791, 76160
100, 5660, 28, 74791, 76489
100, 5670, 28, 74668, 77427
100, 5680, 28, 74589, 75427
100, 5690, 28, 74589, 77256
100, 5700, 28, 74571, 74996
100, 5710, 28, 74536, 76272
100, 5720, 28, 74475, 76563
100, 5730, 28, 74475, 75081
100, 5740, 28, 74475, 74666
100, 5750, 28, 74457, 77419
100, 5760, 28, 74440, 74457
100, 5770, 28, 74414, 74637
100, 5780, 28, 74414, 76228
100, 5790, 28, 74321, 76029
100, 5800, 28, 74205, 75852
100, 5810, 28, 73822, 75007
100, 5820, 28, 73822, 75107
100, 5830, 28, 73812, 74670
100, 5840, 28, 73812, 76442
100, 5850, 28, 73641, 75014
100, 5860, 28, 73507, 74534
100, 5870, 28, 73507, 74690
100, 5880, 28, 73469, 75513
100, 5890, 28, 73420, 76005
100, 5900, 28, 73420, 74167
100, 5910, 28, 73225, 74561
100, 5920, 28, 73163, 73225
100, 5930, 28, 73163, 73163
100, 5940, 28, 73163, 74785
100, 5950, 28, 73108, 74215
100, 5960, 28, 73108, 74686
100, 5970, 28, 73108, 75271
100, 5980, 28, 73108, 74354
100, 5990, 28, 73108, 74305
100, 6000, 28, 73108, 74029
100, 6010, 28, 73108, 74679
100, 6020, 28, 73108, 73915
100, 6030, 28, 73060, 73431
100, 6040, 28, 72822, 76388
100, 6050, 28, 72775, 74633
100, 6060, 28, 72756, 73998
100, 6070, 28, 72567, 75043
100, 6080, 28, 72567, 74082
100, 6090, 28, 72159, 74108
100, 6100, 28, 72159, 72996
100, 6110, 28, 72139, 73669
100, 6120, 28, 72094, 74051
100, 6130, 28, 72068, 74021
100, 6140, 28, 72027, 72068
100, 6150, 28, 71984, 73497
100, 6160, 28, 71940, 72884
100, 6170, 28, 71740, 72797
100, 6180, 28, 71648, 73483
100, 6190, 28, 71648, 74332
100, 6200, 28, 71596, 73448
100, 6210, 28, 71596, 72769
100, 6220, 28, 71536, 72136
100, 6230, 28, 71536, 73064
100, 6240, 28, 71536, 71929
100, 6250, 28, 71527, 72882
100, 6260, 28, 71527, 72140
100, 6270, 28, 71527, 71527
100, 6280, 28, 71527, 71527
100, 6290, 28, 71478, 72889
100, 6300, 28, 71478, 72478
100, 6310, 28, 71478, 73057
100, 6320, 28, 71478, 73768
100, 6330, 28, 71413, 71478
100, 6340, 28, 71413, 71413
100, 6350, 28, 71413, 73237
100, 6360, 28, 71371, 71413
100, 6370, 28, 71344, 73040
100, 6380, 28, 71340, 71344
100, 6390, 28, 71340, 72391
100, 6400, 28, 71316, 73074
100, 6410, 28, 71316, 71316
100, 6420, 28, 71316, 72869
100, 6430, 28, 71240, 71316
100, 6440, 28, 71135, 72106
100, 6450, 28, 70954, 71135
100, 6460, 28, 70703, 72079
100, 6470, 28, 70627, 71209
100, 6480, 28, 70627, 70627
100, 6490, 28, 70627, 71821
100, 6500, 28, 70627, 70736
100, 6510, 28, 70627, 73122
100, 6520, 28, 70627, 72431
100, 6530, 28, 70627, 71883
100, 6540, 28, 70544, 72389
100, 6550, 28, 70544, 71144
100, 6560, 28, 70539, 72393
100, 6570, 28, 70539, 72707
100, 6580, 28, 70539, 71664
100, 6590, 28, 70539, 73576
100, 6600, 28, 70424, 71887
100, 6610, 28, 70127, 71230
100, 6620, 28, 69970, 70127
100, 6630, 28, 69813, 70934
100, 6640, 28, 69813, 70698
100, 6650, 28, 69690, 72185
100, 6660, 28, 69496, 72179
100, 6670, 28, 69462, 71488
100, 6680, 28, 69462, 72429
100, 6690, 28, 69386, 70607
100, 6700, 28, 69386, 70543
100, 6710, 28, 69386, 70356
100, 6720, 28, 69315, 70916
100, 6730, 28, 69256, 69256
100, 6740, 28, 69180, 71486
100, 6750, 28, 69180, 70625
100, 6760, 28, 69180, 70449
100, 6770, 28, 69180, 69180
100, 6780, 28, 69180, 71461
100, 6790, 28, 69180, 69180
100, 6800, 28, 69180, 71231
100, 6810, 28, 69146, 69493
100, 6820, 28, 69131, 70966
100, 6830, 28, 69118, 69660
100, 6840, 28, 69103, 69118
100, 6850, 28, 69042, 70551
100, 6860, 28, 68968, 69042
100, 6870, 28, 68957, 68968
100, 6880, 28, 68957, 69357
100, 6890, 28, 68957, 70590
100, 6900, 28, 68757, 68957
100, 6910, 28, 68757, 71004
100, 6920, 28, 68757, 69684
100, 6930, 28, 68702, 69916
100, 6940, 28, 68702, 71186
100, 6950, 28, 68578, 70387
100, 6960, 28, 68523, 71451
100, 6970, 28, 68089, 68523
100, 6980, 28, 68089, 69958
100, 6990, 28, 68089, 70515
100, 7000, 28, 68089, 68089
100, 7010, 28, 67955, 67955
100, 7020, 28, 67939, 67955
100, 7030, 28, 67939, 68729
100, 7040, 28, 67939, 68651
100, 7050, 28, 67881, 67939
100, 7060, 28, 67881, 69478
100, 7070, 28, 67881, 70625
100, 7080, 28, 67821, 69421
100, 7090, 28, 67693, 67821
100, 7100, 28, 67693, 69651
100, 7110, 28, 67688, 68955
100, 7120, 28, 67647, 67688
100, 7130, 28, 67647, 67647
100, 7140, 28, 67647, 69544
100, 7150, 28, 67629, 67894
100, 7160, 28, 67593, 68365
100, 7170, 28, 67593, 68742
100, 7180, 28, 67593, 67593
100, 7190, 28, 67332, 68776
100, 7200, 28, 67083, 67332
100, 7210, 28, 67030, 67787
100, 7220, 28, 66985, 68812
100, 7230, 28, 66985, 66985
100, 7240, 28, 66985, 66985
100, 7250, 28, 66985, 68585
100, 7260, 28, 66985, 67476
100, 7270, 28, 66926, 66985
100, 7280, 28, 66926, 68068
100, 7290, 28, 66926, 67173
100, 7300, 28, 66926, 66926
100, 7310, 28, 66858, 68291
100, 7320, 28, 66754, 66858
100, 7330, 28, 66729, 66754
100, 7340, 28, 66605, 68902
100, 7350, 28, 66522, 67300
100, 7360, 28, 66522, 68639
100, 7370, 28, 66522, 66522
100, 7380, 28, 66414, 66522
100, 7390, 28, 66414, 67171
100, 7400, 28, 66382, 68577
100, 7410, 28, 66382, 66382
100, 7420, 28, 66382, 66814
100, 7430, 28, 66369, 66899
100, 7440, 28, 66369, 67564
100, 7450, 28, 66369, 67986
100, 7460, 28, 66369, 66369
100, 7470, 28, 66369, 67886
100, 7480, 28, 66369, 66615
100, 7490, 28, 66369, 67597
100, 7500, 28, 66369, 66369
100, 7510, 28, 66369, 67654
100, 7520, 28, 66330, 67952
100, 7530, 28, 66330, 67489
100, 7540, 28, 66330, 66330
100, 7550, 28, 66330, 66901
100, 7560, 28, 66330, 66937
100, 7570, 28, 66330, 67930
100, 7580, 28, 66282, 66330
100, 7590, 28, 66282, 66282
100, 7600, 28, 66282, 68009
100, 7610, 28, 66282, 67513
100, 7620, 28, 66172, 66172
100, 7630, 28, 66172, 67942
100, 7640, 28, 66051, 66172
100, 7650, 28, 66051, 67712
100, 7660, 28, 65720, 66051
100, 7670, 28, 65597, 65720
100, 7680, 28, 65597, 67197
100, 7690, 28, 65597, 66200
100, 7700, 28, 65597, 65597
100, 7710, 28, 65597, 65597
100, 7720, 28, 65364, 65597
100, 7730, 28, 65241, 66047
100, 7740, 28, 65235, 65491
100, 7750, 28, 65234, 65294
100, 7760, 28, 65234, 66735
100, 7770, 28, 65234, 66926
100, 7780, 28, 65234, 65234
100, 7790, 28, 65234, 65234
100, 7800, 28, 65216, 65234
100, 7810, 28, 65216, 65216
100, 7820, 28, 65203, 65216
100, 7830, 28, 65203, 67055
100, 7840, 28, 65203, 66236
100, 7850, 28, 65203, 65203
100, 7860, 28, 65203, 65628
100, 7870, 28, 65118, 66266
100, 7880, 28, 65105, 65507
100, 7890, 28, 65105, 65105
100, 7900, 28, 65105, 65795
100, 7910, 28, 65105, 66051
100, 7920, 28, 65105, 65856
100, 7930, 28, 64545, 65105
100, 7940, 28, 64545, 64727
100, 7950, 28, 64545, 64545
100, 7960, 28, 64545, 65702
100, 7970, 28, 64545, 64628
100, 7980, 28, 64545, 64545
100, 7990, 28, 64499, 64947
100, 8000, 28, 64376, 64918
100, 8010, 28, 64376, 64376
100, 8020, 28, 64371, 64376
100, 8030, 28, 64371, 64371
100, 8040, 28, 64371, 65359
100, 8050, 28, 64371, 64893
100, 8060, 28, 64371, 65964
100, 8070, 28, 64331, 64371
100, 8080, 28, 64331, 65927
100, 8090, 28, 64283, 64331
100, 8100, 28, 64283, 65204
100, 8110, 28, 64283, 64283
100, 8120, 28, 64283, 64283
100, 8130, 28, 64283, 64283
100, 8140, 28, 64283, 64283
100, 8150, 28, 64283, 64283
100, 8160, 28, 64283, 64283
100, 8170, 28, 64283, 65636
100, 8180, 28, 64283, 64283
100, 8190, 28, 64149, 64209
100, 8200, 28, 64149, 65000
100, 8210, 28, 64149, 65367
100, 8220, 28, 64149, 64149
100, 8230, 28, 64149, 64149
100, 8240, 28, 64149, 65489
100, 8250, 28, 64149, 64149
100, 8260, 28, 64084, 64149
100, 8270, 28, 64084, 64084
100, 8280, 28, 64084, 64084
100, 8290, 28, 64084, 65727
100, 8300, 28, 64084, 64084
100, 8310, 28, 64084, 65404
100, 8320, 28, 64084, 65342
100, 8330, 28, 64084, 64084
100, 8340, 28, 64084, 65199
100, 8350, 28, 64050, 64050
100, 8360, 28, 64050, 64050
100, 8370, 28, 64050, 64191
100, 8380, 28, 64050, 65386
100, 8390, 28, 64050, 64050
100, 8400, 28, 64050, 64050
100, 8410, 28, 64050, 64050
100, 8420, 28, 63939, 65990
100, 8430, 28, 63939, 63939
100, 8440, 28, 63939, 63939
100, 8450, 28, 63939, 63939
100, 8460, 28, 63939, 63939
100, 8470, 28, 63939, 63939
100, 8480, 28, 63939, 63939
100, 8490, 28, 63939, 65218
100, 8500, 28, 63928, 63928
100, 8510, 28, 63928, 63928
100, 8520, 28, 63928, 63928
100, 8530, 28, 63928, 64347
100, 8540, 28, 63928, 63928
100, 8550, 28, 63922, 65292
100, 8560, 28, 63922, 64528
100, 8570, 28, 63922, 65647
100, 8580, 28, 63922, 63922
100, 8590, 28, 63922, 63922
100, 8600, 28, 63922, 65219
100, 8610, 28, 63922, 65091
100, 8620, 28, 63922, 63922
100, 8630, 28, 63922, 63922
100, 8640, 28, 63922, 65063
100, 8650, 28, 63922, 63922
100, 8660, 28, 63922, 65116
100, 8670, 28, 63922, 65494
100, 8680, 28, 63839, 63922
100, 8690, 28, 63839, 65809
100, 8700, 28, 63839, 63839
100, 8710, 28, 63839, 63839
100, 8720, 28, 63839, 64963
100, 8730, 28, 63839, 63981
100, 8740, 28, 63839, 64975
100, 8750, 28, 63839, 63839
100, 8760, 28, 63839, 66559
100, 8770, 28, 63785, 63839
100, 8780, 28, 63785, 63785
100, 8790, 28, 63785, 65510
100, 8800, 28, 63785, 63785
100, 8810, 28, 63610, 63785
100, 8820, 28, 63580, 63610
100, 8830, 28, 63580, 63580
100, 8840, 28, 63527, 63580
100, 8850, 28, 63527, 63527
100, 8860, 28, 63527, 65608
100, 8870, 28, 63470, 65480
100, 8880, 28, 63470, 63470
100, 8890, 28, 63470, 63470
100, 8900, 28, 63387, 64044
100, 8910, 28, 63387, 63387
100, 8920, 28, 63387, 63652
100, 8930, 28, 63384, 63387
100, 8940, 28, 63371, 63371
100, 8950, 28, 63371, 64433
100, 8960, 28, 63371, 63757
100, 8970, 28, 63371, 63554
100, 8980, 28, 63371, 64337
100, 8990, 28, 63371, 64012
100, 9000, 28, 63146, 63371
100, 9010, 28, 63146, 63146
100, 9020, 28, 63146, 63146
100, 9030, 28, 63146, 64099
100, 9040, 28, 63146, 63146
100, 9050, 28, 63146, 63146
100, 9060, 28, 63096, 63146
100, 9070, 28, 63096, 63154
100, 9080, 28, 63096, 63096
100, 9090, 28, 63096, 63096
100, 9100, 28, 63096, 63096
100, 9110, 28, 63096, 63096
100, 9120, 28, 63096, 63096
100, 9130, 28, 63068, 63797
100, 9140, 28, 63057, 63068
100, 9150, 28, 62932, 62932
100, 9160, 28, 62873, 64077
100, 9170, 28, 62873, 63229
100, 9180, 28, 62873, 62873
100, 9190, 28, 62873, 62873
100, 9200, 28, 62873, 62873
100, 9210, 28, 62873, 64378
100, 9220, 28, 62873, 62873
100, 9230, 28, 62873, 62873
100, 9240, 28, 62855, 63838
100, 9250, 28, 62855, 62855
100, 9260, 28, 62855, 62855
100, 9270, 28, 62580, 62855
100, 9280, 28, 62580, 62580
100, 9290, 28, 62580, 64021
100, 9300, 28, 62580, 62979
100, 9310, 28, 62580, 62580
100, 9320, 28, 62580, 62580
100, 9330, 28, 62580, 64157
100, 9340, 28, 62580, 62580
100, 9350, 28, 62539, 62580
100, 9360, 28, 62539, 62539
100, 9370, 28, 62456, 63974
100, 9380, 28, 62456, 63763
100, 9390, 28, 62456, 62456
100, 9400, 28, 62456, 62456
100, 9410, 28, 62456, 62456
100, 9420, 28, 62409, 62456
100, 9430, 28, 62409, 62409
100, 9440, 28, 62409, 62409
100, 9450, 28, 62409, 63390
100, 9460, 28, 62409, 62409
100, 9470, 28, 62409, 62409
100, 9480, 28, 62409, 62409
100, 9490, 28, 62409, 62409
100, 9500, 28, 62409, 62409
100, 9510, 28, 62344, 62409
100, 9520, 28, 62344, 62344
100, 9530, 28, 62344, 62344
100, 9540, 28, 62344, 62843
100, 9550, 28, 62344, 62344
100, 9560, 28, 62239, 62344
100, 9570, 28, 62239, 64295
100, 9580, 28, 62239, 62239
100, 9590, 28, 62239, 62239
100, 9600, 28, 62239, 62239
100, 9610, 28, 62239, 62239
100, 9620, 28, 62172, 63235
100, 9630, 28, 62172, 62172
100, 9640, 28, 62172, 62172
100, 9650, 28, 62172, 62172
100, 9660, 28, 62172, 62272
100, 9670, 28, 62172, 62172
100, 9680, 28, 62172, 63642
100, 9690, 28, 62172, 62172
100, 9700, 28, 62172, 62172
100, 9710, 28, 62126, 62172
100, 9720, 28, 62126, 62126
100, 9730, 28, 62126, 63730
100, 9740, 28, 62117, 62126
100, 9750, 28, 62117, 62117
100, 9760, 28, 62117, 63626
100, 9770, 28, 62117, 62117
100, 9780, 28, 62117, 62117
100, 9790, 28, 62117, 62117
100, 9800, 28, 62078, 62531
100, 9810, 28, 62078, 62078
100, 9820, 28, 62078, 62078
100, 9830, 28, 61974, 62078
100, 9840, 28, 61974, 61974
100, 9850, 28, 61967, 62650
100, 9860, 28, 61967, 62345
100, 9870, 28, 61967, 62752
100, 9880, 28, 61967, 61967
100, 9890, 28, 61967, 61967
100, 9900, 28, 61967, 61967
100, 9910, 28, 61967, 61967
100, 9920, 28, 61967, 61967
100, 9930, 28, 61967, 61967
100, 9940, 28, 61967, 61967
100, 9950, 28, 61859, 61859
100, 9960, 28, 61859, 63473
100, 9970, 28, 61859, 61859
100, 9980, 28, 61859, 61859
100, 9990, 28, 61859, 61859
100, 10000, 28, 61859, 61859
100, 10010, 28, 61859, 61859
100, 10020, 28, 61859, 61859
100, 10030, 28, 61842, 61842
100, 10040, 28, 61842, 61842
100, 10050, 28, 61842, 63039
100, 10060, 28, 61781, 62492
100, 10070, 28, 61781, 61781
100, 10080, 28, 61781, 61781
100, 10090, 28, 61781, 61781
100, 10100, 28, 61781, 61781
100, 10110, 28, 61781, 61781
100, 10120, 28, 61781, 61781
100, 10130, 28, 61781, 62781
100, 10140, 28, 61781, 61781
100, 10150, 28, 61781, 61781
100, 10160, 28, 61781, 61781
100, 10170, 28, 61781, 61781
100, 10180, 28, 61781, 61781
100, 10190, 28, 61781, 62062
100, 10200, 28, 61407, 61781
100, 10210, 28, 61407, 61407
100, 10220, 28, 61407, 61577
100, 10230, 28, 61407, 61407
100, 10240, 28, 61407, 62989
100, 10250, 28, 61407, 61407
100, 10260, 28, 61407, 61530
100, 10270, 28, 61407, 61407
100, 10280, 28, 61407, 61846
100, 10290, 28, 61407, 62025
100, 10300, 28, 61407, 61407
100, 10310, 28, 61407, 61407
100, 10320, 28, 61407, 61407
100, 10330, 28, 61407, 61465
100, 10340, 28, 61407, 61407
100, 10350, 28, 61298, 61407
100, 10360, 28, 61298, 61898
100, 10370, 28, 61298, 61298
100, 10380, 28, 61298, 61298
100, 10390, 28, 61298, 61298
100, 10400, 28, 61298, 61298
100, 10410, 28, 61298, 61298
100, 10420, 28, 61298, 62281
100, 10430, 28, 61298, 61298
100, 10440, 28, 61298, 61298
100, 10450, 28, 61298, 61860
100, 10460, 28, 61298, 61298
100, 10470, 28, 61298, 61298
100, 10480, 28, 61298, 61298
100, 10490, 28, 61298, 61759
100, 10500, 28, 61298, 61298
100, 10510, 28, 61298, 61298
100, 10520, 28, 61298, 61298
100, 10530, 28, 61298, 61298
100, 10540, 28, 61298, 61498
100, 10550, 28, 61298, 61298
100, 10560, 28, 61098, 61098
100, 10570, 28, 61098, 61098
100, 10580, 28, 61098, 61098
100, 10590, 28, 60974, 61098
100, 10600, 28, 60974, 60974
100, 10610, 28, 60974, 60974
100, 10620, 28, 60974, 60974
100, 10630, 28, 60974, 60974
100, 10640, 28, 60974, 60974
100, 10650, 28, 60974, 60974
100, 10660, 28, 60974, 60974
100, 10670, 28, 60974, 60974
100, 10680, 28, 60974, 60974
100, 10690, 28, 60974, 60974
100, 10700, 28, 60974, 61545
100, 10710, 28, 60974, 60974
100, 10720, 28, 60874, 60974
100, 10730, 28, 60874, 60874
100, 10740, 28, 60874, 60874
100, 10750, 28, 60832, 60874
100, 10760, 28, 60832, 60832
100, 10770, 28, 60814, 60832
100, 10780, 28, 60805, 60814
100, 10790, 28, 60805, 60805
100, 10800, 28, 60805, 60805
100, 10810, 28, 60805, 60805
100, 10820, 28, 60805, 60805
100, 10830, 28, 60796, 60805
100, 10840, 28, 60796, 60796
100, 10850, 28, 60796, 60796
100, 10860, 28, 60796, 60796
100, 10870, 28, 60796, 60796
100, 10880, 28, 60796, 60796
100, 10890, 28, 60796, 60796
100, 10900, 28, 60796, 60796
100, 10910, 28, 60796, 62652
100, 10920, 28, 60796, 60796
100, 10930, 28, 60796, 60796
100, 10940, 28, 60788, 60796
100, 10950, 28, 60788, 60788
100, 10960, 28, 60788, 60788
100, 10970, 28, 60788, 60788
100, 10980, 28, 60788, 60788
100, 10990, 28, 60788, 60788
100, 11000, 28, 60788, 60788
100, 11010, 28, 60788, 60788
100, 11020, 28, 60788, 60788
100, 11030, 28, 60748, 60748
100, 11040, 28, 60748, 60748
100, 11050, 28, 60748, 60748
100, 11060, 28, 60748, 60748
100, 11070, 28, 60748, 60748
100, 11080, 28, 60676, 60748
100, 11090, 28, 60676, 60676
100, 11100, 28, 60676, 60676
100, 11110, 28, 60676, 60676
100, 11120, 28, 60670, 60676
100, 11130, 28, 60670, 60670
100, 11140, 28, 60670, 60670
100, 11150, 28, 60670, 60670
100, 11160, 28, 60670, 60670
100, 11170, 28, 60670, 60670
100, 11180, 28, 60670, 60670
100, 11190, 28, 60670, 60670
100, 11200, 28, 60670, 60670
100, 11210, 28, 60670, 60670
100, 11220, 28, 60670, 60670
100, 11230, 28, 60670, 60670
100, 11240, 28, 60587, 60670
100, 11250, 28, 60587, 60587
100, 11260, 28, 60587, 60587
100, 11270, 28, 60504, 60587
100, 11280, 28, 60504, 60504
100, 11290, 28, 60504, 60504
100, 11300, 28, 60504, 60504
100, 11310, 28, 60504, 60504
100, 11320, 28, 60486, 60486
100, 11330, 28, 60446, 60446
100, 11340, 28, 60417, 60417
100, 11350, 28, 60417, 60417
100, 11360, 28, 60417, 60417
100, 11370, 28, 60390, 60390
100, 11380, 28, 60390, 60390
100, 11390, 28, 60390, 60390
100, 11400, 28, 60390, 60390
100, 11410, 28, 60390, 60390
100, 11420, 28, 60390, 60390
100, 11430, 28, 60390, 60390
100, 11440, 28, 60390, 60390
100, 11450, 28, 60390, 60390
100, 11460, 28, 60375, 60390
100, 11470, 28, 60375, 60375
100, 11480, 28, 60375, 60375
100, 11490, 28, 60375, 60375
100, 11500, 28, 60375, 60375
100, 11510, 28, 60375, 60375
100, 11520, 28, 60375, 61274
100, 11530, 28, 60375, 60375
100, 11540, 28, 60375, 60375
100, 11550, 28, 60375, 60375
100, 11560, 28, 60375, 60375
100, 11570, 28, 60375, 60375
100, 11580, 28, 60375, 60375
100, 11590, 28, 60375, 60375
100, 11600, 28, 60375, 60375
100, 11610, 28, 60375, 60375
100, 11620, 28, 60375, 60375
100, 11630, 28, 60375, 60375
100, 11640, 28, 60375, 60375
100, 11650, 28, 60375, 60375
100, 11660, 28, 60375, 60375
100, 11670, 28, 60375, 60375
100, 11680, 28, 60375, 60375
100, 11690, 28, 60375, 60375
100, 11700, 28, 60375, 60375
100, 11710, 28, 60375, 60375
100, 11720, 28, 60375, 60375
100, 11730, 28, 60375, 60375
100, 11740, 28, 60375, 60375
100, 11750, 28, 60375, 60375
100, 11760, 28, 60375, 60375
100, 11770, 28, 60375, 60375
100, 11780, 28, 60375, 60375
100, 11790, 28, 60375, 60375
100, 11800, 28, 60375, 60375
100, 11810, 28, 60375, 60375
100, 11820, 28, 60373, 60373
100, 11830, 28, 60373, 60373
100, 11840, 28, 60373, 60373
100, 11850, 28, 60373, 60373
100, 11860, 28, 60373, 60373
100, 11870, 28, 60373, 61034
100, 11880, 28, 60373, 60373
100, 11890, 28, 60373, 60373
100, 11900, 28, 60373, 60373
100, 11910, 28, 60373, 60373
100, 11920, 28, 60373, 60373
100, 11930, 28, 60373, 60373
100, 11940, 28, 60373, 60373
100, 11950, 28, 60290, 60373
100, 11960, 28, 60290, 60290
100, 11970, 28, 60290, 60290
100, 11980, 28, 60290, 60290
100, 11990, 28, 60290, 60290
100, 12000, 28, 60290, 60290
100, 12010, 28, 60290, 60290
100, 12020, 28, 60290, 60290
100, 12030, 28, 60290, 60290
100, 12040, 28, 60290, 60290
100, 12050, 28, 60290, 60290
100, 12060, 28, 60290, 60290
100, 12070, 28, 60290, 60290
100, 12080, 28, 60290, 60290
100, 12090, 28, 60290, 60617
100, 12100, 28, 60290, 60290
100, 12110, 28, 60290, 62164
100, 12120, 28, 60290, 60290
100, 12130, 28, 60290, 60290
100, 12140, 28, 60290, 60290
100, 12150, 28, 60290, 60290
100, 12160, 28, 60290, 60290
100, 12170, 28, 60266, 60290
100, 12180, 28, 60266, 60266
100, 12190, 28, 60266, 60266
100, 12200, 28, 60266, 60266
100, 12210, 28, 60266, 60266
100, 12220, 28, 60266, 60266
100, 12230, 28, 60266, 60266
100, 12240, 28, 60189, 60266
100, 12250, 28, 60189, 60189
100, 12260, 28, 60189, 60189
100, 12270, 28, 60189, 60189
100, 12280, 28, 60189, 60189
100, 12290, 28, 60189, 60189
100, 12300, 28, 60189, 60189
100, 12310, 28, 60189, 60189
100, 12320, 28, 60189, 60189
100, 12330, 28, 60189, 60189
100, 12340, 28, 60189, 60189
100, 12350, 28, 60189, 60189
100, 12360, 28, 60189, 61451
100, 12370, 28, 60159, 60189
100, 12380, 28, 60159, 60159
100, 12390, 28, 60159, 60159
100, 12400, 28, 60159, 60159
100, 12410, 28, 60159, 60159
100, 12420, 28, 60159, 60159
100, 12430, 28, 60159, 60159
100, 12440, 28, 60159, 60159
100, 12450, 28, 60159, 60159
100, 12460, 28, 60159, 60159
100, 12470, 28, 60159, 60159
100, 12480, 28, 60159, 60159
100, 12490, 28, 60159, 60159
100, 12500, 28, 60159, 60159
100, 12510, 28, 60159, 60159
100, 12520, 28, 60100, 60159
100, 12530, 28, 60100, 60100
100, 12540, 28, 60100, 60100
100, 12550, 28, 60100, 60100
100, 12560, 28, 59966, 60100
100, 12570, 28, 59966, 59966
100, 12580, 28, 59966, 59966
100, 12590, 28, 59966, 59966
100, 12600, 28, 59966, 59966
100, 12610, 28, 59966, 59966
100, 12620, 28, 59966, 59966
100, 12630, 28, 59966, 59966
100, 12640, 28, 59966, 59966
100, 12650, 28, 59966, 59966
100, 12660, 28, 59966, 59966
100, 12670, 28, 59966, 59966
100, 12680, 28, 59966, 59966
100, 12690, 28, 59966, 59966
100, 12700, 28, 59966, 59966
100, 12710, 28, 59966, 59966
100, 12720, 28, 59966, 59966
100, 12730, 28, 59966, 59966
100, 12740, 28, 59959, 59959
100, 12750, 28, 59959, 59959
100, 12760, 28, 59959, 59959
100, 12770, 28, 59819, 59959
100, 12780, 28, 59819, 59819
100, 12790, 28, 59664, 59819
100, 12800, 28, 59664, 59664
100, 12810, 28, 59664, 59664
100, 12820, 28, 59664, 59664
100, 12830, 28, 59664, 59664
100, 12840, 28, 59664, 59664
100, 12850, 28, 59664, 59664
100, 12860, 28, 59664, 59664
100, 12870, 28, 59664, 59664
100, 12880, 28, 59664, 59664
100, 12890, 28, 59664, 59664
100, 12900, 28, 59664, 59664
100, 12910, 28, 59664, 59664
100, 12920, 28, 59664, 59664
100, 12930, 28, 59664, 59664
100, 12940, 28, 59664, 59664
100, 12950, 28, 59664, 59664
100, 12960, 28, 59664, 59664
100, 12970, 28, 59664, 59664
100, 12980, 28, 59664, 59664
100, 12990, 28, 59664, 59664
100, 13000, 28, 59664, 59664
100, 13010, 28, 59664, 60268
100, 13020, 28, 59664, 59664
100, 13030, 28, 59664, 59664
100, 13040, 28, 59554, 59554
100, 13050, 28, 59554, 59554
100, 13060, 28, 59554, 59554
100, 13070, 28, 59554, 59554
100, 13080, 28, 59554, 59554
100, 13090, 28, 59554, 59554
100, 13100, 28, 59554, 59554
100, 13110, 28, 59554, 59554
100, 13120, 28, 59554, 59554
100, 13130, 28, 59554, 59554
100, 13140, 28, 59554, 59554
100, 13150, 28, 59554, 59554
100, 13160, 28, 59554, 59554
100, 13170, 28, 59554, 59554
100, 13180, 28, 59554, 59554
100, 13190, 28, 59554, 59554
100, 13200, 28, 59554, 59554
100, 13210, 28, 59554, 59678
100, 13220, 28, 59554, 59554
100, 13230, 28, 59554, 59554
100, 13240, 28, 59554, 59554
100, 13250, 28, 59554, 60047
100, 13260, 28, 59554, 59554
100, 13270, 28, 59554, 59554
100, 13280, 28, 59554, 59554
100, 13290, 28, 59554, 59554
100, 13300, 28, 59554, 59554
100, 13310, 28, 59554, 59554
100, 13320, 28, 59554, 59554
100, 13330, 28, 59554, 59554
100, 13340, 28, 59554, 59554
100, 13350, 28, 59554, 59554
100, 13360, 28, 59554, 59554
100, 13370, 28, 59554, 59554
100, 13380, 28, 59554, 59554
100, 13390, 28, 59513, 59513
100, 13400, 28, 59513, 59513
100, 13410, 28, 59513, 59513
100, 13420, 28, 59513, 59513
100, 13430, 28, 59513, 59513
100, 13440, 28, 59513, 59513
100, 13450, 28, 59513, 59513
100, 13460, 28, 59513, 59513
100, 13470, 28, 59513, 59513
100, 13480, 28, 59513, 59513
100, 13490, 28, 59513, 59513
100, 13500, 28, 59513, 59513
100, 13510, 28, 59513, 59513
100, 13520, 28, 59513, 59513
100, 13530, 28, 59513, 59513
100, 13540, 28, 59513, 59513
100, 13550, 28, 59513, 59513
100, 13560, 28, 59513, 59513
100, 13570, 28, 59426, 59513
100, 13580, 28, 59426, 59426
100, 13590, 28, 59426, 59426
100, 13600, 28, 59426, 59426
100, 13610, 28, 59426, 59426
100, 13620, 28, 59426, 59426
100, 13630, 28, 59426, 59426
100, 13640, 28, 59426, 59426
100, 13650, 28, 59426, 59426
100, 13660, 28, 59426, 59426
100, 13670, 28, 59426, 59426
100, 13680, 28, 59426, 59426
100, 13690, 28, 59426, 59426
100, 13700, 28, 59426, 59426
100, 13710, 28, 59426, 59426
100, 13720, 28, 59426, 59426
100, 13730, 28, 59426, 59426
100, 13740, 28, 59426, 59426
100, 13750, 28, 59426, 59426
100, 13760, 28, 59426, 59426
100, 13770, 28, 59426, 59426
100, 13780, 28, 59426, 59426
100, 13790, 28, 59426, 59426
100, 13800, 28, 59426, 59426
100, 13810, 28, 59385, 59385
100, 13820, 28, 59385, 59385
100, 13830, 28, 59385, 59385
100, 13840, 28, 59385, 59385
100, 13850, 28, 59385, 59385
100, 13860, 28, 59385, 59385
100, 13870, 28, 59128, 59385
100, 13880, 28, 59128, 59128
100, 13890, 28, 59128, 59128
100, 13900, 28, 59100, 59100
100, 13910, 28, 59100, 59100
100, 13920, 28, 59100, 59100
100, 13930, 28, 59028, 59028
100, 13940, 28, 59028, 59028
100, 13950, 28, 59028, 59028
100, 13960, 28, 59028, 59028
100, 13970, 28, 59028, 59028
100, 13980, 28, 59028, 59028
100, 13990, 28, 59028, 59028
100, 14000, 28, 59028, 59028
100, 14010, 28, 59028, 59028
100, 14020, 28, 59028, 59028
100, 14030, 28, 59028, 59028
100, 14040, 28, 59028, 59028
100, 14050, 28, 59028, 59028
100, 14060, 28, 58910, 59028
100, 14070, 28, 58910, 58910
100, 14080, 28, 58910, 58910
100, 14090, 28, 58910, 58910
100, 14100, 28, 58910, 58910
100, 14110, 28, 58910, 58910
100, 14120, 28, 58910, 58910
100, 14130, 28, 58910, 58910
100, 14140, 28, 58910, 58910
100, 14150, 28, 58910, 58910
100, 14160, 28, 58910, 58910
100, 14170, 28, 58910, 58910
100, 14180, 28, 58910, 58910
100, 14190, 28, 58910, 58910
100, 14200, 28, 58910, 58910
100, 14210, 28, 58827, 58827
100, 14220, 28, 58827, 58827
100, 14230, 28, 58827, 58827
100, 14240, 28, 58827, 58827
100, 14250, 28, 58827, 58827
100, 14260, 28, 58827, 58827
100, 14270, 28, 58827, 58827
100, 14280, 28, 58786, 58827
100, 14290, 28, 58786, 58786
100, 14300, 28, 58786, 58786
100, 14310, 28, 58786, 58786
100, 14320, 28, 58786, 58786
100, 14330, 28, 58786, 58786
100, 14340, 28, 58786, 58786
100, 14350, 28, 58786, 58786
100, 14360, 28, 58786, 58786
100, 14370, 28, 58786, 58786
100, 14380, 28, 58725, 58725
100, 14390, 28, 58725, 58725
100, 14400, 28, 58725, 58725
100, 14410, 28, 58725, 58725
100, 14420, 28, 58725, 58725
100, 14430, 28, 58725, 58725
100, 14440, 28, 58725, 58725
100, 14450, 28, 58725, 58725
100, 14460, 28, 58725, 58725
100, 14470, 28, 58725, 58725
100, 14480, 28, 58725, 58725
100, 14490, 28, 58725, 58725
100, 14500, 28, 58725, 58725
100, 14510, 28, 58725, 58725
100, 14520, 28, 58725, 58725
100, 14530, 28, 58725, 58725
100, 14540, 28, 58725, 58725
100, 14550, 28, 58725, 58725
100, 14560, 28, 58725, 58725
100, 14570, 28, 58725, 58725
100, 14580, 28, 58725, 58725
100, 14590, 28, 58725, 58725
100, 14600, 28, 58725, 58725
100, 14610, 28, 58725, 58725
100, 14620, 28, 58725, 58725
100, 14630, 28, 58725, 58725
100, 14640, 28, 58725, 58725
100, 14650, 28, 58572, 58725
100, 14660, 28, 58572, 58572
100, 14670, 28, 58572, 58572
100, 14680, 28, 58572, 58572
100, 14690, 28, 58572, 58572
100, 14700, 28, 58572, 58572
100, 14710, 28, 58572, 58572
100, 14720, 28, 58572, 58572
100, 14730, 28, 58572, 58572
100, 14740, 28, 58572, 58572
100, 14750, 28, 58572, 58572
100, 14760, 28, 58572, 58572
100, 14770, 28, 58572, 58572
100, 14780, 28, 58572, 58572
100, 14790, 28, 58572, 58572
100, 14800, 28, 58572, 58572
100, 14810, 28, 58572, 58572
100, 14820, 28, 58572, 58572
100, 14830, 28, 58572, 58572
100, 14840, 28, 58572, 58572
100, 14850, 28, 58572, 58572
100, 14860, 28, 58572, 58572
100, 14870, 28, 58572, 58572
100, 14880, 28, 58572, 58572
100, 14890, 28, 58572, 58572
100, 14900, 28, 58572, 58572
100, 14910, 28, 58572, 58572
100, 14920, 28, 58572, 58572
100, 14930, 28, 58572, 58572
100, 14940, 28, 58572, 58572
100, 14950, 28, 58572, 58572
100, 14960, 28, 58572, 58572
100, 14970, 28, 58572, 58572
100, 14980, 28, 58572, 58572
100, 14990, 28, 58572, 58572
100, 15000, 28, 58572, 58572
100, 15010, 28, 58502, 58502
100, 15020, 28, 58502, 58502
100, 15030, 28, 58502, 58502
100, 15040, 28, 58502, 58502
100, 15050, 28, 58502, 58502
100, 15060, 28, 58502, 58502
100, 15070, 28, 58502, 58502
100, 15080, 28, 58502, 58502
100, 15090, 28, 58502, 58502
100, 15100, 28, 58502, 58502
100, 15110, 28, 58502, 58502
100, 15120, 28, 58502, 58502
100, 15130, 28, 58502, 58502
100, 15140, 28, 58502, 58502
100, 15150, 28, 58502, 58502
100, 15160, 28, 58502, 58502
100, 15170, 28, 58502, 58502
100, 15180, 28, 58502, 58502
100, 15190, 28, 58502, 58502
100, 15200, 28, 58502, 58502
100, 15210, 28, 58502, 58502
100, 15220, 28, 58502, 58502
100, 15230, 28, 58502, 58502
100, 15240, 28, 58502, 58502
100, 15250, 28, 58502, 58502
100, 15260, 28, 58502, 58502
100, 15270, 28, 58502, 58502
100, 15280, 28, 58502, 58502
100, 15290, 28, 58357, 58502
100, 15300, 28, 58348, 58348
100, 15310, 28, 58348, 58348
100, 15320, 28, 58346, 58348
100, 15330, 28, 58346, 58346
100, 15340, 28, 58346, 60056
100, 15350, 28, 58346, 58346
100, 15360, 28, 58346, 58346
100, 15370, 28, 58346, 58346
100, 15380, 28, 58346, 58346
100, 15390, 28, 58346, 58346
100, 15400, 28, 58346, 58346
100, 15410, 28, 58346, 58346
100, 15420, 28, 58346, 58346
100, 15430, 28, 58346, 58346
100, 15440, 28, 58346, 58346
100, 15450, 28, 58346, 58346
100, 15460, 28, 58346, 58346
100, 15470, 28, 58346, 58346
100, 15480, 28, 58346, 58346
100, 15490, 28, 58346, 58346
100, 15500, 28, 58346, 58346
100, 15510, 28, 58346, 58346
100, 15520, 28, 58346, 58346
100, 15530, 28, 58346, 58346
100, 15540, 28, 58346, 58346
100, 15550, 28, 58346, 58346
100, 15560, 28, 58346, 58346
100, 15570, 28, 58346, 58346
100, 15580, 28, 58346, 58346
100, 15590, 28, 58346, 58346
100, 15600, 28, 58346, 58346
100, 15610, 28, 58346, 58346
100, 15620, 28, 58346, 58346
100, 15630, 28, 58346, 58346
100, 15640, 28, 58326, 58346
100, 15650, 28, 58326, 58326
100, 15660, 28, 58326, 58326
100, 15670, 28, 58326, 58326
100, 15680, 28, 58326, 58326
100, 15690, 28, 58326, 58326
100, 15700, 28, 58326, 58326
100, 15710, 28, 58326, 58326
100, 15720, 28, 58326, 58326
100, 15730, 28, 58299, 58299
100, 15740, 28, 58299, 58299
100, 15750, 28, 58299, 58299
100, 15760, 28, 58299, 58299
100, 15770, 28, 58299, 58299
100, 15780, 28, 58216, 58299
100, 15790, 28, 58216, 58216
100, 15800, 28, 58216, 58216
100, 15810, 28, 58216, 58216
100, 15820, 28, 58216, 58216
100, 15830, 28, 58216, 58216
100, 15840, 28, 58191, 58216
100, 15850, 28, 58191, 58191
100, 15860, 28, 58191, 58191
100, 15870, 28, 58191, 58191
100, 15880, 28, 58191, 58191
100, 15890, 28, 58191, 58191
100, 15900, 28, 58191, 58191
100, 15910, 28, 58191, 58191
100, 15920, 28, 58191, 58191
100, 15930, 28, 58191, 58191
100, 15940, 28, 58191, 58191
100, 15950, 28, 58191, 58191
100, 15960, 28, 58189, 58189
100, 15970, 28, 58189, 58189
100, 15980, 28, 58189, 58189
100, 15990, 28, 58189, 58189
100, 16000, 28, 58189, 58189
100, 16010, 28, 58189, 58189
100, 16020, 28, 58189, 58189
100, 16030, 28, 58189, 58189
100, 16040, 28, 58189, 58189
100, 16050, 28, 58189, 58189
100, 16060, 28, 58189, 58189
100, 16070, 28, 58107, 58107
100, 16080, 28, 58107, 58107
100, 16090, 28, 58107, 58107
100, 16100, 28, 58107, 58107
100, 16110, 28, 58107, 58107
100, 16120, 28, 58107, 58107
100, 16130, 28, 58107, 58107
100, 16140, 28, 58107, 58107
100, 16150, 28, 58107, 58107
100, 16160, 28, 58107, 58107
100, 16170, 28, 58107, 58107
100, 16180, 28, 58107, 58107
100, 16190, 28, 58107, 58107
100, 16200, 28, 58107, 58107
100, 16210, 28, 58107, 58107
100, 16220, 28, 58107, 58107
100, 16230, 28, 58107, 58107
100, 16240, 28, 58107, 58107
100, 16250, 28, 58107, 58107
100, 16260, 28, 58107, 58107
100, 16270, 28, 58107, 58107
100, 16280, 28, 58107, 58107
100, 16290, 28, 58031, 58031
100, 16300, 28, 58031, 58031
100, 16310, 28, 58031, 58031
100, 16320, 28, 58031, 58031
100, 16330, 28, 58031, 58031
100, 16340, 28, 58031, 58031
100, 16350, 28, 58031, 58031
100, 16360, 28, 58031, 58031
100, 16370, 28, 58031, 58031
100, 16380, 28, 58031, 58031
100, 16390, 28, 58031, 58031
100, 16400, 28, 58031, 58031
100, 16410, 28, 58031, 58031
100, 16420, 28, 58031, 58031
100, 16430, 28, 58031, 58031
100, 16440, 28, 58031, 58031
100, 16450, 28, 58031, 58031
100, 16460, 28, 58031, 58031
100, 16470, 28, 58031, 58031
100, 16480, 28, 58031, 58031
100, 16490, 28, 58031, 58031
100, 16500, 28, 58031, 58031
100, 16510, 28, 58031, 58031
100, 16520, 28, 58031, 58031
100, 16530, 28, 58031, 58031
100, 16540, 28, 58031, 58031
100, 16550, 28, 58031, 58031
100, 16560, 28, 58031, 58031
100, 16570, 28, 58031, 58031
100, 16580, 28, 58031, 58031
100, 16590, 28, 58031, 58031
100, 16600, 28, 58031, 58031
100, 16610, 28, 58031, 58031
100, 16620, 28, 58031, 58031
100, 16630, 28, 58031, 58031
100, 16640, 28, 57977, 57977
100, 16650, 28, 57977, 57977
100, 16660, 28, 57977, 57977
100, 16670, 28, 57977, 57977
100, 16680, 28, 57977, 57977
100, 16690, 28, 57977, 57977
100, 16700, 28, 57977, 57977
100, 16710, 28, 57977, 57977
100, 16720, 28, 57977, 57977
100, 16730, 28, 57977, 57977
100, 16740, 28, 57977, 57977
100, 16750, 28, 57977, 57977
100, 16760, 28, 57977, 57977
100, 16770, 28, 57977, 57977
100, 16780, 28, 57977, 57977
100, 16790, 28, 57977, 57977
100, 16800, 28, 57977, 57977
100, 16810, 28, 57977, 57977
100, 16820, 28, 57977, 57977
100, 16830, 28, 57977, 57977
100, 16840, 28, 57977, 57977
100, 16850, 28, 57977, 57977
100, 16860, 28, 57977, 57977
100, 16870, 28, 57977, 57977
100, 16880, 28, 57977, 57977
100, 16890, 28, 57977, 57977
100, 16900, 28, 57977, 57977
100, 16910, 28, 57977, 57977
100, 16920, 28, 57977, 57977
100, 16930, 28, 57977, 57977
100, 16940, 28, 57977, 57977
100, 16950, 28, 57977, 57977
100, 16960, 28, 57977, 57977
100, 16970, 28, 57977, 57977
100, 16980, 28, 57977, 57977
100, 16990, 28, 57977, 57977
100, 17000, 28, 57977, 57977
100, 17010, 28, 57977, 57977
100, 17020, 28, 57977, 57977
100, 17030, 28, 57977, 57977
100, 17040, 28, 57977, 57977
100, 17050, 28, 57977, 57977
100, 17060, 28, 57977, 57977
100, 17070, 28, 57977, 57977
100, 17080, 28, 57977, 57977
100, 17090, 28, 57977, 57977
100, 17100, 28, 57977, 57977
100, 17110, 28, 57977, 57977
100, 17120, 28, 57977, 57977
100, 17130, 28, 57977, 57977
100, 17140, 28, 57977, 57977
100, 17150, 28, 57977, 57977
100, 17160, 28, 57977, 57977
100, 17170, 28, 57977, 57977
100, 17180, 28, 57977, 57977
100, 17190, 28, 57977, 57977
100, 17200, 28, 57977, 57977
100, 17210, 28, 57977, 57977
100, 17220, 28, 57977, 57977
100, 17230, 28, 57977, 57977
100, 17240, 28, 57977, 57977
100, 17250, 28, 57977, 57977
100, 17260, 28, 57977, 57977
100, 17270, 28, 57977, 57977
100, 17280, 28, 57977, 57977
100, 17290, 28, 57977, 57977
100, 17300, 28, 57977, 57977
100, 17310, 28, 57977, 57977
100, 17320, 28, 57977, 57977
100, 17330, 28, 57977, 57977
100, 17340, 28, 57791, 57791
100, 17350, 28, 57791, 57791
100, 17360, 28, 57791, 57791
100, 17370, 28, 57791, 57791
100, 17380, 28, 57791, 57791
100, 17390, 28, 57791, 57791
100, 17400, 28, 57791, 57791
100, 17410, 28, 57791, 57791
100, 17420, 28, 57791, 57791
100, 17430, 28, 57791, 57791
100, 17440, 28, 57791, 57791
100, 17450, 28, 57791, 57791
100, 17460, 28, 57791, 57791
100, 17470, 28, 57791, 57791
100, 17480, 28, 57791, 57791
100, 17490, 28, 57791, 57791
100, 17500, 28, 57791, 57791
100, 17510, 28, 57791, 57791
100, 17520, 28, 57791, 57791
100, 17530, 28, 57791, 57791
100, 17540, 28, 57791, 57791
100, 17550, 28, 57791, 57791
100, 17560, 28, 57791, 57791
100, 17570, 28, 57791, 57791
100, 17580, 28, 57791, 57791
100, 17590, 28, 57791, 57791
100, 17600, 28, 57791, 57791
100, 17610, 28, 57707, 57707
100, 17620, 28, 57707, 57707
100, 17630, 28, 57707, 57707
100, 17640, 28, 57707, 57707
100, 17650, 28, 57707, 57707
100, 17660, 28, 57707, 57707
100, 17670, 28, 57707, 57707
100, 17680, 28, 57707, 57707
100, 17690, 28, 57707, 57707
100, 17700, 28, 57707, 57707
100, 17710, 28, 57707, 57707
100, 17720, 28, 57707, 57707
100, 17730, 28, 57707, 57707
100, 17740, 28, 57707, 57707
100, 17750, 28, 57707, 57707
100, 17760, 28, 57707, 57707
100, 17770, 28, 57707, 57707
100, 17780, 28, 57707, 57707
100, 17790, 28, 57707, 57707
100, 17800, 28, 57707, 57707
100, 17810, 28, 57707, 57707
100, 17820, 28, 57707, 57707
100, 17830, 28, 57707, 57707
100, 17840, 28, 57707, 57707
100, 17850, 28, 57707, 57707
100, 17860, 28, 57707, 57707
100, 17870, 28, 57707, 57707
100, 17880, 28, 57707, 57707
100, 17890, 28, 57707, 57707
100, 17900, 28, 57675, 57675
100, 17910, 28, 57675, 57675
100, 17920, 28, 57509, 57675
100, 17930, 28, 57509, 57509
100, 17940, 28, 57509, 57509
100, 17950, 28, 57509, 57509
100, 17960, 28, 57509, 57509
100, 17970, 28, 57509, 57509
100, 17980, 28, 57431, 57509
100, 17990, 28, 57389, 57389
100, 18000, 28, 57389, 57389
100, 18010, 28, 57389, 57389
100, 18020, 28, 57389, 57389
100, 18030, 28, 57389, 57389
100, 18040, 28, 57389, 57389
100, 18050, 28, 57389, 57389
100, 18060, 28, 57389, 57389
100, 18070, 28, 57389, 57389
100, 18080, 28, 57389, 57389
100, 18090, 28, 57389, 57389
100, 18100, 28, 57389, 57389
100, 18110, 28, 57389, 57389
100, 18120, 28, 57389, 57389
100, 18130, 28, 57289, 57389
100, 18140, 28, 57289, 57289
100, 18150, 28, 57289, 57289
100, 18160, 28, 57289, 57289
100, 18170, 28, 57289, 57289
100, 18180, 28, 57289, 57289
100, 18190, 28, 57289, 57289
100, 18200, 28, 57289, 57289
100, 18210, 28, 57283, 57289
100, 18220, 28, 57283, 57283
100, 18230, 28, 57283, 57283
100, 18240, 28, 57283, 57283
100, 18250, 28, 57283, 57283
100, 18260, 28, 57283, 57283
100, 18270, 28, 57218, 57283
100, 18280, 28, 57218, 57218
100, 18290, 28, 57218, 57218
100, 18300, 28, 57218, 57218
100, 18310, 28, 57218, 57218
100, 18320, 28, 57218, 57218
100, 18330, 28, 57218, 57218
100, 18340, 28, 57218, 57218
100, 18350, 28, 57218, 57218
100, 18360, 28, 57218, 57218
100, 18370, 28, 57218, 57218
100, 18380, 28, 57218, 57218
100, 18390, 28, 57218, 57218
100, 18400, 28, 57218, 57218
100, 18410, 28, 57218, 57218
100, 18420, 28, 57218, 57218
100, 18430, 28, 57218, 57218
100, 18440, 28, 57218, 57218
100, 18450, 28, 57218, 57218
100, 18460, 28, 57218, 57218
100, 18470, 28, 57218, 57218
100, 18480, 28, 57218, 57218
100, 18490, 28, 57218, 57218
100, 18500, 28, 57218, 57218
100, 18510, 28, 57218, 57218
100, 18520, 28, 57218, 57218
100, 18530, 28, 57218, 57218
100, 18540, 28, 57218, 57218
100, 18550, 28, 57218, 57218
100, 18560, 28, 57218, 57218
100, 18570, 28, 57218, 57218
100, 18580, 28, 57218, 57218
100, 18590, 28, 57218, 57218
100, 18600, 28, 57218, 57218
100, 18610, 28, 57218, 57218
100, 18620, 28, 57218, 57218
100, 18630, 28, 57218, 57218
100, 18640, 28, 57218, 57218
100, 18650, 28, 57218, 57218
100, 18660, 28, 57218, 57218
100, 18670, 28, 57218, 57218
100, 18680, 28, 57218, 57218
100, 18690, 28, 57218, 57218
100, 18700, 28, 57218, 57218
100, 18710, 28, 57218, 57218
100, 18720, 28, 57218, 57218
100, 18730, 28, 57218, 57218
100, 18740, 28, 57218, 57218
100, 18750, 28, 57218, 57218
100, 18760, 28, 57218, 57218
100, 18770, 28, 57218, 57218
100, 18780, 28, 57218, 57218
100, 18790, 28, 57218, 57218
100, 18800, 28, 57218, 57218
100, 18810, 28, 57218, 57218
100, 18820, 28, 57218, 57218
100, 18830, 28, 57218, 57218
100, 18840, 28, 57218, 57218
100, 18850, 28, 57218, 57218
100, 18860, 28, 57218, 57218
100, 18870, 28, 57218, 57218
100, 18880, 28, 57218, 57218
100, 18890, 28, 57218, 57218
100, 18900, 28, 57218, 57218
100, 18910, 28, 57218, 57218
100, 18920, 28, 57218, 57218
100, 18930, 28, 57218, 57218
100, 18940, 28, 57218, 57218
100, 18950, 28, 57218, 57218
100, 18960, 28, 57218, 57218
100, 18970, 28, 57135, 57218
100, 18980, 28, 57135, 57135
100, 18990, 28, 57135, 57135
100, 19000, 28, 57135, 57135
100, 19010, 28, 57135, 57135
100, 19020, 28, 57135, 57135
100, 19030, 28, 57135, 57135
100, 19040, 28, 57135, 57135
100, 19050, 28, 57135, 57135
100, 19060, 28, 57135, 57135
100, 19070, 28, 57135, 57135
100, 19080, 28, 57135, 57135
100, 19090, 28, 57135, 57135
100, 19100, 28, 57135, 57135
100, 19110, 28, 57135, 57135
100, 19120, 28, 57135, 57135
100, 19130, 28, 57135, 57135
100, 19140, 28, 57135, 57135
100, 19150, 28, 57135, 57135
100, 19160, 28, 57135, 57135
100, 19170, 28, 57135, 57135
100, 19180, 28, 57135, 57135
100, 19190, 28, 57135, 57135
100, 19200, 28, 57135, 57135
100, 19210, 28, 57135, 57135
100, 19220, 28, 57135, 57135
100, 19230, 28, 57135, 57135
100, 19240, 28, 57135, 57135
100, 19250, 28, 57135, 57135
100, 19260, 28, 57135, 57135
100, 19270, 28, 57135, 57135
100, 19280, 28, 57135, 57135
100, 19290, 28, 57135, 57135
100, 19300, 28, 57135, 57135
100, 19310, 28, 57135, 57135
100, 19320, 28, 57135, 57135
100, 19330, 28, 57135, 57135
100, 19340, 28, 57052, 57052
100, 19350, 28, 57052, 57052
100, 19360, 28, 57052, 57052
100, 19370, 28, 57052, 57052
100, 19380, 28, 57052, 57052
100, 19390, 28, 57052, 57052
100, 19400, 28, 57052, 57052
100, 19410, 28, 57052, 57052
100, 19420, 28, 57052, 57052
100, 19430, 28, 57052, 57052
100, 19440, 28, 57052, 57052
100, 19450, 28, 57052, 57052
100, 19460, 28, 57052, 57052
100, 19470, 28, 57052, 57052
100, 19480, 28, 57052, 57052
100, 19490, 28, 57052, 57052
100, 19500, 28, 57052, 57052
100, 19510, 28, 57052, 57052
100, 19520, 28, 57052, 57052
100, 19530, 28, 57052, 57052
100, 19540, 28, 57052, 57052
100, 19550, 28, 57052, 57052
100, 19560, 28, 57052, 57052
100, 19570, 28, 57052, 57052
100, 19580, 28, 57052, 57052
100, 19590, 28, 57052, 57052
100, 19600, 28, 57052, 57052
100, 19610, 28, 57052, 57052
100, 19620, 28, 57052, 57052
100, 19630, 28, 57052, 57052
100, 19640, 28, 57052, 57052
100, 19650, 28, 57052, 57052
100, 19660, 28, 57052, 57052
100, 19670, 28, 57052, 57052
100, 19680, 28, 57052, 57052
100, 19690, 28, 57052, 57052
100, 19700, 28, 57052, 57052
100, 19710, 28, 57052, 57052
100, 19720, 28, 57052, 57052
100, 19730, 28, 57052, 57052
100, 19740, 28, 57052, 57052
100, 19750, 28, 57052, 57052
100, 19760, 28, 57052, 57052
100, 19770, 28, 57052, 57052
100, 19780, 28, 57052, 57052
100, 19790, 28, 57052, 57052
100, 19800, 28, 57052, 57052
100, 19810, 28, 57052, 57052
100, 19820, 28, 57052, 57052
100, 19830, 28, 57052, 57052
100, 19840, 28, 57052, 57052
100, 19850, 28, 57052, 57052
100, 19860, 28, 57052, 57052
100, 19870, 28, 57025, 57025
100, 19880, 28, 57025, 57025
100, 19890, 28, 57025, 57025
100, 19900, 28, 57025, 57025
100, 19910, 28, 57025, 57025
100, 19920, 28, 57025, 57025
100, 19930, 28, 57025, 57025
100, 19940, 28, 57025, 57025
100, 19950, 28, 57025, 57025
100, 19960, 28, 57025, 57025
100, 19970, 28, 57025, 57025
100, 19980, 28, 57025, 57025
100, 19990, 28, 57025, 57025
