Population Size, Generation Count, Repetition, Best Fitness, Median Fitness
50, 0, 11, 727312, 770843
50, 10, 11, 692777, 705702
50, 20, 11, 679781, 685140
50, 30, 11, 658425, 666781
50, 40, 11, 642007, 646919
50, 50, 11, 625294, 634860
50, 60, 11, 611403, 616175
50, 70, 11, 600492, 607080
50, 80, 11, 589160, 594004
50, 90, 11, 579916, 586669
50, 100, 11, 569935, 573934
50, 110, 11, 559014, 563729
50, 120, 11, 550909, 554123
50, 130, 11, 539231, 547309
50, 140, 11, 530229, 534701
50, 150, 11, 520970, 526649
50, 160, 11, 511237, 516195
50, 170, 11, 501105, 506359
50, 180, 11, 493476, 499051
50, 190, 11, 484079, 488380
50, 200, 11, 475290, 480023
50, 210, 11, 472503, 474662
50, 220, 11, 466429, 470519
50, 230, 11, 461118, 465913
50, 240, 11, 455161, 458270
50, 250, 11, 450321, 453503
50, 260, 11, 445715, 448916
50, 270, 11, 440790, 444127
50, 280, 11, 437401, 439475
50, 290, 11, 431897, 436753
50, 300, 11, 427220, 430735
50, 310, 11, 418645, 423879
50, 320, 11, 413701, 417553
50, 330, 11, 408970, 411381
50, 340, 11, 403558, 406588
50, 350, 11, 397698, 402082
50, 360, 11, 393893, 398286
50, 370, 11, 389371, 392212
50, 380, 11, 386689, 388673
50, 390, 11, 382029, 386154
50, 400, 11, 378817, 382100
50, 410, 11, 376033, 379281
50, 420, 11, 372585, 375178
50, 430, 11, 368772, 371951
50, 440, 11, 362728, 367705
50, 450, 11, 357211, 361205
50, 460, 11, 354001, 357987
50, 470, 11, 351697, 355468
50, 480, 11, 350398, 351852
50, 490, 11, 347845, 350654
50, 500, 11, 344524, 348145
50, 510, 11, 341004, 345123
50, 520, 11, 337265, 342923
50, 530, 11, 333981, 337384
50, 540, 11, 331478, 336125
50, 550, 11, 329328, 331268
50, 560, 11, 326360, 327871
50, 570, 11, 324216, 327179
50, 580, 11, 321738, 323260
50, 590, 11, 320378, 323303
50, 600, 11, 317202, 320811
50, 610, 11, 314312, 318646
50, 620, 11, 312072, 315295
50, 630, 11, 309492, 312097
50, 640, 11, 308437, 310911
50, 650, 11, 304812, 307869
50, 660, 11, 303347, 306902
50, 670, 11, 301141, 303627
50, 680, 11, 300019, 301807
50, 690, 11, 298613, 303858
50, 700, 11, 296208, 299021
50, 710, 11, 294346, 296509
50, 720, 11, 293527, 296228
50, 730, 11, 290793, 296490
50, 740, 11, 289580, 292735
50, 750, 11, 288965, 291828
50, 760, 11, 287887, 291556
50, 770, 11, 284574, 288267
50, 780, 11, 281398, 283683
50, 790, 11, 280315, 283149
50, 800, 11, 278859, 281802
50, 810, 11, 275730, 280431
50, 820, 11, 274569, 277882
50, 830, 11, 272420, 276532
50, 840, 11, 270368, 273723
50, 850, 11, 268426, 272093
50, 860, 11, 267045, 269676
50, 870, 11, 265993, 269680
50, 880, 11, 265648, 268132
50, 890, 11, 264152, 267361
50, 900, 11, 261577, 264579
50, 910, 11, 259726, 263930
50, 920, 11, 257164, 260127
50, 930, 11, 256348, 259843
50, 940, 11, 254739, 258258
50, 950, 11, 253906, 257288
50, 960, 11, 252517, 256622
50, 970, 11, 250514, 253819
50, 980, 11, 248390, 250204
50, 990, 11, 247439, 249207
50, 1000, 11, 245635, 248068
50, 1010, 11, 244942, 247194
50, 1020, 11, 243629, 245227
50, 1030, 11, 242810, 245875
50, 1040, 11, 241139, 243645
50, 1050, 11, 240279, 243019
50, 1060, 11, 237833, 242064
50, 1070, 11, 236939, 239927
50, 1080, 11, 235146, 237358
50, 1090, 11, 234094, 237328
50, 1100, 11, 233364, 235062
50, 1110, 11, 233332, 235622
50, 1120, 11, 232388, 234329
50, 1130, 11, 231752, 234760
50, 1140, 11, 230354, 234155
50, 1150, 11, 228920, 233720
50, 1160, 11, 228386, 231473
50, 1170, 11, 227152, 230763
50, 1180, 11, 225746, 228970
50, 1190, 11, 224956, 226797
50, 1200, 11, 224064, 225117
50, 1210, 11, 223633, 227135
50, 1220, 11, 222539, 224898
50, 1230, 11, 221199, 225164
50, 1240, 11, 220289, 222023
50, 1250, 11, 219574, 221637
50, 1260, 11, 218186, 220880
50, 1270, 11, 215942, 218524
50, 1280, 11, 214990, 216824
50, 1290, 11, 214398, 217917
50, 1300, 11, 213273, 216472
50, 1310, 11, 212089, 216219
50, 1320, 11, 210137, 213884
50, 1330, 11, 209937, 213217
50, 1340, 11, 209203, 212794
50, 1350, 11, 208040, 211601
50, 1360, 11, 207693, 210367
50, 1370, 11, 207187, 209162
50, 1380, 11, 206611, 209604
50, 1390, 11, 205784, 209680
50, 1400, 11, 205115, 205784
50, 1410, 11, 203561, 209151
50, 1420, 11, 202450, 203800
50, 1430, 11, 201920, 205126
50, 1440, 11, 200892, 202677
50, 1450, 11, 200534, 202220
50, 1460, 11, 199619, 203716
50, 1470, 11, 197881, 201054
50, 1480, 11, 197033, 200376
50, 1490, 11, 195402, 199134
50, 1500, 11, 194376, 197656
50, 1510, 11, 193510, 195133
50, 1520, 11, 192859, 196930
50, 1530, 11, 191899, 194693
50, 1540, 11, 190506, 194523
50, 1550, 11, 189320, 192010
50, 1560, 11, 188425, 191299
50, 1570, 11, 188019, 191468
50, 1580, 11, 187772, 190264
50, 1590, 11, 187208, 190257
50, 1600, 11, 186597, 188278
50, 1610, 11, 185821, 189679
50, 1620, 11, 185559, 187329
50, 1630, 11, 184417, 187281
50, 1640, 11, 184191, 186442
50, 1650, 11, 183517, 187861
50, 1660, 11, 183006, 187418
50, 1670, 11, 182670, 184515
50, 1680, 11, 180584, 183670
50, 1690, 11, 180226, 182025
50, 1700, 11, 180091, 182255
50, 1710, 11, 179685, 180991
50, 1720, 11, 178187, 181210
50, 1730, 11, 178153, 179006
50, 1740, 11, 176442, 178099
50, 1750, 11, 175386, 177478
50, 1760, 11, 175386, 177196
50, 1770, 11, 175251, 176830
50, 1780, 11, 174383, 176768
50, 1790, 11, 174383, 176546
50, 1800, 11, 173666, 178561
50, 1810, 11, 173018, 177881
50, 1820, 11, 172508, 174194
50, 1830, 11, 172206, 174809
50, 1840, 11, 171493, 174330
50, 1850, 11, 170478, 171459
50, 1860, 11, 170115, 172873
50, 1870, 11, 169605, 171739
50, 1880, 11, 169135, 173222
50, 1890, 11, 168702, 171117
50, 1900, 11, 167470, 170786
50, 1910, 11, 167470, 169458
50, 1920, 11, 166786, 168142
50, 1930, 11, 166105, 169020
50, 1940, 11, 165947, 167114
50, 1950, 11, 165436, 168881
50, 1960, 11, 165300, 168937
50, 1970, 11, 165032, 167361
50, 1980, 11, 163987, 167204
50, 1990, 11, 163894, 167061
50, 2000, 11, 163377, 165862
50, 2010, 11, 162750, 166579
50, 2020, 11, 161988, 163502
50, 2030, 11, 161760, 164100
50, 2040, 11, 161001, 163946
50, 2050, 11, 160088, 161840
50, 2060, 11, 159778, 160836
50, 2070, 11, 159092, 161788
50, 2080, 11, 158906, 161832
50, 2090, 11, 158842, 162077
50, 2100, 11, 157950, 161537
50, 2110, 11, 157673, 159233
50, 2120, 11, 157229, 160448
50, 2130, 11, 155579, 159910
50, 2140, 11, 155437, 156677
50, 2150, 11, 154430, 158496
50, 2160, 11, 154130, 155755
50, 2170, 11, 153363, 155537
50, 2180, 11, 153363, 156142
50, 2190, 11, 153103, 155511
50, 2200, 11, 152906, 155310
50, 2210, 11, 152722, 155076
50, 2220, 11, 152487, 156763
50, 2230, 11, 152149, 154509
50, 2240, 11, 151916, 154390
50, 2250, 11, 151902, 156180
50, 2260, 11, 151902, 153870
50, 2270, 11, 151070, 153823
50, 2280, 11, 150989, 152587
50, 2290, 11, 150331, 151399
50, 2300, 11, 150062, 151519
50, 2310, 11, 149633, 151960
50, 2320, 11, 149422, 151734
50, 2330, 11, 149239, 151034
50, 2340, 11, 149049, 149553
50, 2350, 11, 148854, 150820
50, 2360, 11, 148036, 150917
50, 2370, 11, 147715, 150274
50, 2380, 11, 147017, 148943
50, 2390, 11, 146976, 151424
50, 2400, 11, 146572, 148713
50, 2410, 11, 145462, 147421
50, 2420, 11, 145185, 148297
50, 2430, 11, 145185, 149089
50, 2440, 11, 144251, 147983
50, 2450, 11, 143682, 145774
50, 2460, 11, 143682, 143682
50, 2470, 11, 143369, 144878
50, 2480, 11, 143012, 143988
50, 2490, 11, 142810, 145430
50, 2500, 11, 142361, 145367
50, 2510, 11, 142150, 144831
50, 2520, 11, 141787, 143903
50, 2530, 11, 140995, 143866
50, 2540, 11, 140778, 141873
50, 2550, 11, 140296, 144334
50, 2560, 11, 140204, 143093
50, 2570, 11, 139974, 141622
50, 2580, 11, 139858, 143014
50, 2590, 11, 139360, 141754
50, 2600, 11, 139302, 141305
50, 2610, 11, 139181, 141362
50, 2620, 11, 138773, 141737
50, 2630, 11, 138314, 141233
50, 2640, 11, 138314, 139265
50, 2650, 11, 137626, 141580
50, 2660, 11, 137453, 142094
50, 2670, 11, 137295, 140040
50, 2680, 11, 137205, 140180
50, 2690, 11, 137205, 139271
50, 2700, 11, 136626, 138282
50, 2710, 11, 136363, 139330
50, 2720, 11, 136027, 138161
50, 2730, 11, 135969, 139106
50, 2740, 11, 135927, 137295
50, 2750, 11, 135676, 138545
50, 2760, 11, 135672, 137876
50, 2770, 11, 134989, 135919
50, 2780, 11, 134989, 135761
50, 2790, 11, 134989, 137951
50, 2800, 11, 134915, 137309
50, 2810, 11, 134438, 137168
50, 2820, 11, 134010, 136215
50, 2830, 11, 133787, 137862
50, 2840, 11, 133542, 135856
50, 2850, 11, 133514, 136166
50, 2860, 11, 133007, 136159
50, 2870, 11, 131927, 135988
50, 2880, 11, 131927, 134206
50, 2890, 11, 131927, 134511
50, 2900, 11, 131392, 134310
50, 2910, 11, 131392, 134161
50, 2920, 11, 131339, 133957
50, 2930, 11, 131148, 134099
50, 2940, 11, 130667, 134776
50, 2950, 11, 130515, 132622
50, 2960, 11, 130362, 133918
50, 2970, 11, 130362, 132389
50, 2980, 11, 129302, 131538
50, 2990, 11, 128783, 131225
50, 3000, 11, 128783, 130760
50, 3010, 11, 128748, 130858
50, 3020, 11, 128396, 129244
50, 3030, 11, 127768, 130473
50, 3040, 11, 127760, 130257
50, 3050, 11, 127694, 131881
50, 3060, 11, 127632, 130316
50, 3070, 11, 127594, 130538
50, 3080, 11, 127556, 128857
50, 3090, 11, 127373, 130378
50, 3100, 11, 127320, 129300
50, 3110, 11, 127120, 129073
50, 3120, 11, 125963, 129778
50, 3130, 11, 125887, 128110
50, 3140, 11, 125887, 126095
50, 3150, 11, 125887, 129246
50, 3160, 11, 125580, 128261
50, 3170, 11, 125464, 128685
50, 3180, 11, 124470, 126925
50, 3190, 11, 124470, 127465
50, 3200, 11, 124347, 127243
50, 3210, 11, 123947, 126903
50, 3220, 11, 123737, 127626
50, 3230, 11, 123650, 124782
50, 3240, 11, 123557, 123731
50, 3250, 11, 123557, 126267
50, 3260, 11, 123305, 126348
50, 3270, 11, 123102, 125244
50, 3280, 11, 123026, 125466
50, 3290, 11, 122905, 124083
50, 3300, 11, 122386, 124422
50, 3310, 11, 122049, 125660
50, 3320, 11, 121432, 124912
50, 3330, 11, 120762, 124950
50, 3340, 11, 120762, 121642
50, 3350, 11, 120566, 123644
50, 3360, 11, 120445, 123168
50, 3370, 11, 120437, 123115
50, 3380, 11, 120437, 123232
50, 3390, 11, 120028, 123423
50, 3400, 11, 119975, 123515
50, 3410, 11, 119902, 123219
50, 3420, 11, 119750, 122028
50, 3430, 11, 119750, 120467
50, 3440, 11, 119595, 121526
50, 3450, 11, 119589, 122430
50, 3460, 11, 119450, 122104
50, 3470, 11, 119272, 122145
50, 3480, 11, 118916, 121421
50, 3490, 11, 118608, 120606
50, 3500, 11, 118525, 119234
50, 3510, 11, 118466, 121774
50, 3520, 11, 118063, 120842
50, 3530, 11, 118063, 119851
50, 3540, 11, 117655, 117990
50, 3550, 11, 117622, 119163
50, 3560, 11, 116992, 119516
50, 3570, 11, 116748, 118115
50, 3580, 11, 116748, 118291
50, 3590, 11, 116689, 118273
50, 3600, 11, 116524, 118457
50, 3610, 11, 115852, 119532
50, 3620, 11, 115812, 117468
50, 3630, 11, 115788, 117539
50, 3640, 11, 115788, 118039
50, 3650, 11, 115099, 117461
50, 3660, 11, 114596, 114854
50, 3670, 11, 114162, 114779
50, 3680, 11, 113876, 115924
50, 3690, 11, 113876, 115527
50, 3700, 11, 113679, 114398
50, 3710, 11, 113362, 114309
50, 3720, 11, 113362, 115779
50, 3730, 11, 113362, 116643
50, 3740, 11, 113362, 114888
50, 3750, 11, 113345, 114741
50, 3760, 11, 112724, 116368
50, 3770, 11, 112711, 113680
50, 3780, 11, 112405, 114320
50, 3790, 11, 112182, 114708
50, 3800, 11, 112182, 113669
50, 3810, 11, 112098, 114999
50, 3820, 11, 112098, 115679
50, 3830, 11, 111966, 112031
50, 3840, 11, 111946, 114753
50, 3850, 11, 111697, 112292
50, 3860, 11, 111683, 112841
50, 3870, 11, 111618, 114252
50, 3880, 11, 111618, 113897
50, 3890, 11, 111157, 111618
50, 3900, 11, 111033, 113404
50, 3910, 11, 110993, 113129
50, 3920, 11, 110993, 112001
50, 3930, 11, 110877, 110989
50, 3940, 11, 110789, 115656
50, 3950, 11, 110639, 110789
50, 3960, 11, 110582, 114790
50, 3970, 11, 110437, 113592
50, 3980, 11, 110437, 111408
50, 3990, 11, 110437, 112982
50, 4000, 11, 109804, 111748
50, 4010, 11, 109407, 112518
50, 4020, 11, 109292, 111735
50, 4030, 11, 109006, 110933
50, 4040, 11, 108841, 113227
50, 4050, 11, 108841, 111924
50, 4060, 11, 108787, 112803
50, 4070, 11, 108267, 110497
50, 4080, 11, 108195, 109857
50, 4090, 11, 108195, 109800
50, 4100, 11, 107929, 109699
50, 4110, 11, 107734, 110483
50, 4120, 11, 107734, 109546
50, 4130, 11, 107734, 110449
50, 4140, 11, 107411, 107595
50, 4150, 11, 107411, 108832
50, 4160, 11, 107406, 110876
50, 4170, 11, 107294, 109575
50, 4180, 11, 107183, 108654
50, 4190, 11, 107120, 110062
50, 4200, 11, 107120, 109305
50, 4210, 11, 107120, 107120
50, 4220, 11, 107120, 110570
50, 4230, 11, 107112, 109572
50, 4240, 11, 107006, 109323
50, 4250, 11, 107006, 109305
50, 4260, 11, 106679, 108793
50, 4270, 11, 106679, 108688
50, 4280, 11, 106656, 109720
50, 4290, 11, 106656, 107916
50, 4300, 11, 106638, 109410
50, 4310, 11, 106638, 107154
50, 4320, 11, 106566, 110367
50, 4330, 11, 106566, 106566
50, 4340, 11, 106319, 108744
50, 4350, 11, 106269, 109203
50, 4360, 11, 106131, 108440
50, 4370, 11, 106079, 108257
50, 4380, 11, 106079, 106079
50, 4390, 11, 105904, 108318
50, 4400, 11, 105760, 106975
50, 4410, 11, 105760, 107840
50, 4420, 11, 105693, 107732
50, 4430, 11, 105693, 107144
50, 4440, 11, 105512, 107188
50, 4450, 11, 105512, 107515
50, 4460, 11, 105360, 107779
50, 4470, 11, 105230, 105787
50, 4480, 11, 105053, 106291
50, 4490, 11, 105053, 106386
50, 4500, 11, 105053, 106325
50, 4510, 11, 104941, 107252
50, 4520, 11, 104783, 106493
50, 4530, 11, 104444, 107235
50, 4540, 11, 104444, 106720
50, 4550, 11, 104361, 104444
50, 4560, 11, 104328, 107541
50, 4570, 11, 104311, 105792
50, 4580, 11, 104170, 106087
50, 4590, 11, 103901, 105144
50, 4600, 11, 103803, 105855
50, 4610, 11, 103731, 104722
50, 4620, 11, 103731, 104823
50, 4630, 11, 103731, 106241
50, 4640, 11, 103596, 107132
50, 4650, 11, 103170, 104721
50, 4660, 11, 103067, 104839
50, 4670, 11, 102955, 105195
50, 4680, 11, 102789, 104437
50, 4690, 11, 102789, 102789
50, 4700, 11, 102607, 104407
50, 4710, 11, 102411, 103396
50, 4720, 11, 102411, 103811
50, 4730, 11, 102411, 104765
50, 4740, 11, 102359, 105590
50, 4750, 11, 102251, 105266
50, 4760, 11, 102070, 104615
50, 4770, 11, 102051, 102454
50, 4780, 11, 101787, 103025
50, 4790, 11, 101787, 102743
50, 4800, 11, 101567, 103643
50, 4810, 11, 101567, 103903
50, 4820, 11, 101567, 103267
50, 4830, 11, 101314, 104340
50, 4840, 11, 101314, 102753
50, 4850, 11, 101134, 103028
50, 4860, 11, 101086, 102477
50, 4870, 11, 100963, 103758
50, 4880, 11, 99857, 102231
50, 4890, 11, 99854, 100347
50, 4900, 11, 99730, 101645
50, 4910, 11, 99730, 102756
50, 4920, 11, 99671, 101836
50, 4930, 11, 99438, 102239
50, 4940, 11, 99289, 100578
50, 4950, 11, 99153, 101575
50, 4960, 11, 98861, 99289
50, 4970, 11, 98800, 100759
50, 4980, 11, 98753, 100658
50, 4990, 11, 98753, 100228
50, 5000, 11, 98644, 100970
50, 5010, 11, 98644, 98690
50, 5020, 11, 98491, 100228
50, 5030, 11, 98233, 100179
50, 5040, 11, 97783, 98233
50, 5050, 11, 97783, 99423
50, 5060, 11, 97695, 101404
50, 5070, 11, 97648, 99396
50, 5080, 11, 97519, 100875
50, 5090, 11, 97338, 99159
50, 5100, 11, 97338, 98465
50, 5110, 11, 97295, 98330
50, 5120, 11, 97295, 101463
50, 5130, 11, 97071, 98483
50, 5140, 11, 97071, 99069
50, 5150, 11, 97071, 100627
50, 5160, 11, 97071, 100950
50, 5170, 11, 97071, 99194
50, 5180, 11, 97071, 99706
50, 5190, 11, 96943, 99827
50, 5200, 11, 96881, 97681
50, 5210, 11, 96881, 98052
50, 5220, 11, 96814, 97481
50, 5230, 11, 96814, 98362
50, 5240, 11, 96814, 99305
50, 5250, 11, 96755, 98691
50, 5260, 11, 96727, 98005
50, 5270, 11, 96709, 99592
50, 5280, 11, 96601, 96709
50, 5290, 11, 96601, 98806
50, 5300, 11, 96601, 99671
50, 5310, 11, 96441, 98093
50, 5320, 11, 96441, 98105
50, 5330, 11, 96241, 97918
50, 5340, 11, 96079, 99160
50, 5350, 11, 96079, 99592
50, 5360, 11, 96079, 97703
50, 5370, 11, 96028, 97731
50, 5380, 11, 96028, 98804
50, 5390, 11, 95920, 96028
50, 5400, 11, 95920, 96873
50, 5410, 11, 95881, 98293
50, 5420, 11, 95722, 95881
50, 5430, 11, 95351, 97885
50, 5440, 11, 95326, 95351
50, 5450, 11, 95128, 96507
50, 5460, 11, 95128, 97100
50, 5470, 11, 95128, 97578
50, 5480, 11, 95077, 96159
50, 5490, 11, 95077, 95821
50, 5500, 11, 95035, 98569
50, 5510, 11, 95035, 95035
50, 5520, 11, 94902, 95596
50, 5530, 11, 94902, 96781
50, 5540, 11, 94891, 95738
50, 5550, 11, 94573, 96569
50, 5560, 11, 94573, 95728
50, 5570, 11, 94569, 96393
50, 5580, 11, 94569, 96814
50, 5590, 11, 94569, 96514
50, 5600, 11, 94435, 97277
50, 5610, 11, 94435, 96191
50, 5620, 11, 94435, 97366
50, 5630, 11, 94435, 95287
50, 5640, 11, 94435, 96157
50, 5650, 11, 94435, 95517
50, 5660, 11, 94348, 94348
50, 5670, 11, 94348, 95897
50, 5680, 11, 94348, 95013
50, 5690, 11, 94220, 97297
50, 5700, 11, 94220, 97287
50, 5710, 11, 94169, 98119
50, 5720, 11, 93967, 96245
50, 5730, 11, 93967, 95756
50, 5740, 11, 93967, 93967
50, 5750, 11, 93967, 96636
50, 5760, 11, 93967, 93967
50, 5770, 11, 93684, 93967
50, 5780, 11, 93559, 94330
50, 5790, 11, 93559, 95505
50, 5800, 11, 93494, 93548
50, 5810, 11, 93494, 94228
50, 5820, 11, 93337, 93482
50, 5830, 11, 93334, 94214
50, 5840, 11, 93334, 94487
50, 5850, 11, 93304, 95519
50, 5860, 11, 93304, 94401
50, 5870, 11, 93261, 95609
50, 5880, 11, 93062, 93730
50, 5890, 11, 93062, 93834
50, 5900, 11, 93050, 94414
50, 5910, 11, 93050, 96094
50, 5920, 11, 93050, 93571
50, 5930, 11, 93050, 93846
50, 5940, 11, 92900, 94763
50, 5950, 11, 92900, 95404
50, 5960, 11, 92900, 95556
50, 5970, 11, 92900, 94453
50, 5980, 11, 92900, 93956
50, 5990, 11, 92900, 95355
50, 6000, 11, 92900, 92900
50, 6010, 11, 92900, 92900
50, 6020, 11, 92667, 92900
50, 6030, 11, 92580, 93773
50, 6040, 11, 92580, 95151
50, 6050, 11, 92580, 95369
50, 6060, 11, 92227, 94583
50, 6070, 11, 92076, 94640
50, 6080, 11, 92076, 94236
50, 6090, 11, 92076, 94907
50, 6100, 11, 92076, 93138
50, 6110, 11, 92076, 92076
50, 6120, 11, 92076, 92076
50, 6130, 11, 91967, 92625
50, 6140, 11, 91967, 93088
50, 6150, 11, 91938, 92338
50, 6160, 11, 91873, 91938
50, 6170, 11, 91731, 92341
50, 6180, 11, 91731, 93081
50, 6190, 11, 91731, 92305
50, 6200, 11, 91615, 94359
50, 6210, 11, 91615, 93547
50, 6220, 11, 91459, 94109
50, 6230, 11, 91459, 91459
50, 6240, 11, 91459, 93379
50, 6250, 11, 91357, 92268
50, 6260, 11, 91357, 93081
50, 6270, 11, 91357, 92831
50, 6280, 11, 91343, 94167
50, 6290, 11, 91343, 92431
50, 6300, 11, 91343, 92497
50, 6310, 11, 91343, 93822
50, 6320, 11, 91343, 92430
50, 6330, 11, 91343, 91343
50, 6340, 11, 91343, 91860
50, 6350, 11, 91315, 91315
50, 6360, 11, 91241, 91380
50, 6370, 11, 91118, 91539
50, 6380, 11, 91118, 92849
50, 6390, 11, 91118, 92908
50, 6400, 11, 91000, 91101
50, 6410, 11, 91000, 91497
50, 6420, 11, 90943, 91000
50, 6430, 11, 90943, 92626
50, 6440, 11, 90930, 91292
50, 6450, 11, 90930, 92345
50, 6460, 11, 90890, 90962
50, 6470, 11, 90823, 90890
50, 6480, 11, 90823, 90823
50, 6490, 11, 90723, 92667
50, 6500, 11, 90674, 92229
50, 6510, 11, 90650, 92987
50, 6520, 11, 90520, 90650
50, 6530, 11, 90520, 90727
50, 6540, 11, 90515, 92236
50, 6550, 11, 90515, 90515
50, 6560, 11, 90515, 91858
50, 6570, 11, 90334, 90515
50, 6580, 11, 90334, 90992
50, 6590, 11, 90334, 93033
50, 6600, 11, 90334, 93255
50, 6610, 11, 90152, 90819
50, 6620, 11, 90008, 91009
50, 6630, 11, 89962, 90008
50, 6640, 11, 89840, 89922
50, 6650, 11, 89840, 91285
50, 6660, 11, 89840, 90887
50, 6670, 11, 89840, 89840
50, 6680, 11, 89577, 91666
50, 6690, 11, 89577, 89577
50, 6700, 11, 89577, 92398
50, 6710, 11, 89388, 91407
50, 6720, 11, 89388, 90590
50, 6730, 11, 89388, 89388
50, 6740, 11, 89188, 89188
50, 6750, 11, 89188, 89188
50, 6760, 11, 89105, 89346
50, 6770, 11, 89105, 90191
50, 6780, 11, 89105, 89105
50, 6790, 11, 89105, 89245
50, 6800, 11, 89079, 89105
50, 6810, 11, 88705, 90069
50, 6820, 11, 88705, 91669
50, 6830, 11, 88705, 89920
50, 6840, 11, 88705, 88705
50, 6850, 11, 88705, 89215
50, 6860, 11, 88686, 91945
50, 6870, 11, 88686, 88686
50, 6880, 11, 88686, 88686
50, 6890, 11, 88562, 90723
50, 6900, 11, 88090, 88696
50, 6910, 11, 87613, 89143
50, 6920, 11, 87574, 89793
50, 6930, 11, 87574, 90022
50, 6940, 11, 87574, 90151
50, 6950, 11, 87448, 87531
50, 6960, 11, 87448, 87448
50, 6970, 11, 87448, 89732
50, 6980, 11, 87327, 87462
50, 6990, 11, 87164, 89499
50, 7000, 11, 87084, 88889
50, 7010, 11, 87067, 91028
50, 7020, 11, 87067, 87067
50, 7030, 11, 87067, 87067
50, 7040, 11, 87047, 88689
50, 7050, 11, 86989, 89509
50, 7060, 11, 86989, 89775
50, 7070, 11, 86932, 88496
50, 7080, 11, 86716, 89105
50, 7090, 11, 86575, 88153
50, 7100, 11, 86575, 88922
50, 7110, 11, 86375, 86575
50, 7120, 11, 86165, 87040
50, 7130, 11, 86165, 88776
50, 7140, 11, 86165, 87293
50, 7150, 11, 86165, 86264
50, 7160, 11, 86161, 86165
50, 7170, 11, 86075, 86198
50, 7180, 11, 86008, 86034
50, 7190, 11, 85879, 88679
50, 7200, 11, 85876, 87615
50, 7210, 11, 85876, 87252
50, 7220, 11, 85876, 87074
50, 7230, 11, 85786, 87107
50, 7240, 11, 85642, 85642
50, 7250, 11, 85637, 85637
50, 7260, 11, 85637, 87844
50, 7270, 11, 85637, 85637
50, 7280, 11, 85578, 85637
50, 7290, 11, 85569, 88419
50, 7300, 11, 85514, 85613
50, 7310, 11, 85507, 85514
50, 7320, 11, 85507, 85507
50, 7330, 11, 85466, 86714
50, 7340, 11, 85466, 86254
50, 7350, 11, 85132, 86036
50, 7360, 11, 85100, 86770
50, 7370, 11, 85100, 85100
50, 7380, 11, 84975, 87451
50, 7390, 11, 84429, 85636
50, 7400, 11, 84429, 84835
50, 7410, 11, 84424, 84429
50, 7420, 11, 84424, 86804
50, 7430, 11, 84324, 86614
50, 7440, 11, 84324, 86460
50, 7450, 11, 84324, 86721
50, 7460, 11, 84324, 85640
50, 7470, 11, 84146, 86738
50, 7480, 11, 83870, 86016
50, 7490, 11, 83854, 83854
50, 7500, 11, 83854, 85293
50, 7510, 11, 83854, 84946
50, 7520, 11, 83821, 84095
50, 7530, 11, 83821, 83821
50, 7540, 11, 83821, 84976
50, 7550, 11, 83734, 85200
50, 7560, 11, 83601, 84668
50, 7570, 11, 83601, 84952
50, 7580, 11, 83601, 83601
50, 7590, 11, 83601, 84831
50, 7600, 11, 83601, 84716
50, 7610, 11, 83601, 86233
50, 7620, 11, 83601, 86095
50, 7630, 11, 83601, 84974
50, 7640, 11, 83601, 85251
50, 7650, 11, 83495, 84114
50, 7660, 11, 83495, 84838
50, 7670, 11, 83495, 85125
50, 7680, 11, 83495, 84025
50, 7690, 11, 83278, 83495
50, 7700, 11, 83270, 83270
50, 7710, 11, 83226, 86913
50, 7720, 11, 83226, 83684
50, 7730, 11, 82965, 85226
50, 7740, 11, 82943, 84144
50, 7750, 11, 82816, 82943
50, 7760, 11, 82816, 83810
50, 7770, 11, 82816, 82816
50, 7780, 11, 82816, 84352
50, 7790, 11, 82798, 84472
50, 7800, 11, 82798, 84896
50, 7810, 11, 82798, 82798
50, 7820, 11, 82798, 86427
50, 7830, 11, 82555, 82834
50, 7840, 11, 82555, 83831
50, 7850, 11, 82410, 82617
50, 7860, 11, 82410, 82410
50, 7870, 11, 82410, 83980
50, 7880, 11, 82410, 84549
50, 7890, 11, 82410, 84481
50, 7900, 11, 82289, 84216
50, 7910, 11, 82289, 83489
50, 7920, 11, 82289, 82289
50, 7930, 11, 82289, 82289
50, 7940, 11, 82289, 82289
50, 7950, 11, 82234, 84204
50, 7960, 11, 82037, 82234
50, 7970, 11, 82037, 82767
50, 7980, 11, 82037, 82037
50, 7990, 11, 82037, 82037
50, 8000, 11, 82037, 82811
50, 8010, 11, 82002, 83620
50, 8020, 11, 82002, 82002
50, 8030, 11, 82002, 82002
50, 8040, 11, 82002, 82002
50, 8050, 11, 81911, 82002
50, 8060, 11, 81911, 81911
50, 8070, 11, 81911, 83998
50, 8080, 11, 81911, 83769
50, 8090, 11, 81911, 83302
50, 8100, 11, 81801, 81816
50, 8110, 11, 81801, 82317
50, 8120, 11, 81734, 82001
50, 8130, 11, 81734, 82123
50, 8140, 11, 81668, 83558
50, 8150, 11, 81668, 81668
50, 8160, 11, 81668, 82633
50, 8170, 11, 81668, 82650
50, 8180, 11, 81668, 81668
50, 8190, 11, 81668, 82981
50, 8200, 11, 81668, 82641
50, 8210, 11, 81604, 81668
50, 8220, 11, 81604, 81604
50, 8230, 11, 81604, 81604
50, 8240, 11, 81604, 81604
50, 8250, 11, 81222, 81604
50, 8260, 11, 81222, 82024
50, 8270, 11, 81222, 81222
50, 8280, 11, 81222, 81222
50, 8290, 11, 81222, 81884
50, 8300, 11, 81109, 81176
50, 8310, 11, 81109, 82127
50, 8320, 11, 81109, 81109
50, 8330, 11, 81109, 82202
50, 8340, 11, 81109, 81109
50, 8350, 11, 80993, 82659
50, 8360, 11, 80953, 80993
50, 8370, 11, 80953, 80953
50, 8380, 11, 80953, 80953
50, 8390, 11, 80953, 80953
50, 8400, 11, 80770, 82686
50, 8410, 11, 80626, 80770
50, 8420, 11, 80402, 80770
50, 8430, 11, 80402, 81429
50, 8440, 11, 80402, 81463
50, 8450, 11, 80402, 80402
50, 8460, 11, 80245, 80245
50, 8470, 11, 80245, 80345
50, 8480, 11, 80245, 80245
50, 8490, 11, 80245, 80650
50, 8500, 11, 80245, 80245
50, 8510, 11, 80245, 80723
50, 8520, 11, 80245, 80245
50, 8530, 11, 80245, 80245
50, 8540, 11, 80245, 82295
50, 8550, 11, 80088, 80321
50, 8560, 11, 80048, 80088
50, 8570, 11, 80048, 83102
50, 8580, 11, 80021, 80497
50, 8590, 11, 80021, 80021
50, 8600, 11, 79435, 79943
50, 8610, 11, 79435, 79435
50, 8620, 11, 79435, 79435
50, 8630, 11, 79435, 79435
50, 8640, 11, 79425, 79435
50, 8650, 11, 79331, 79373
50, 8660, 11, 79331, 80907
50, 8670, 11, 78910, 81609
50, 8680, 11, 78905, 78910
50, 8690, 11, 78852, 78905
50, 8700, 11, 78852, 78852
50, 8710, 11, 78800, 81711
50, 8720, 11, 78633, 78716
50, 8730, 11, 78633, 80842
50, 8740, 11, 78419, 80993
50, 8750, 11, 78419, 78419
50, 8760, 11, 78419, 78945
50, 8770, 11, 78295, 78989
50, 8780, 11, 78295, 78662
50, 8790, 11, 78295, 79399
50, 8800, 11, 78196, 78196
50, 8810, 11, 78196, 78196
50, 8820, 11, 78196, 79704
50, 8830, 11, 78112, 78564
50, 8840, 11, 78112, 78926
50, 8850, 11, 78112, 78112
50, 8860, 11, 78112, 78626
50, 8870, 11, 78112, 79042
50, 8880, 11, 78095, 78095
50, 8890, 11, 78095, 81240
50, 8900, 11, 78095, 78095
50, 8910, 11, 77985, 79499
50, 8920, 11, 77985, 80003
50, 8930, 11, 77959, 77985
50, 8940, 11, 77880, 77959
50, 8950, 11, 77880, 80441
50, 8960, 11, 77437, 78300
50, 8970, 11, 77437, 77437
50, 8980, 11, 77437, 78441
50, 8990, 11, 77113, 77437
50, 9000, 11, 77113, 77458
50, 9010, 11, 77033, 79431
50, 9020, 11, 76910, 79042
50, 9030, 11, 76910, 76910
50, 9040, 11, 76910, 76910
50, 9050, 11, 76910, 79935
50, 9060, 11, 76910, 76910
50, 9070, 11, 76778, 78271
50, 9080, 11, 76772, 77435
50, 9090, 11, 76772, 76772
50, 9100, 11, 76772, 78075
50, 9110, 11, 76628, 78688
50, 9120, 11, 76628, 77035
50, 9130, 11, 76628, 77647
50, 9140, 11, 76628, 80039
50, 9150, 11, 76628, 76628
50, 9160, 11, 76628, 78308
50, 9170, 11, 76628, 76628
50, 9180, 11, 76628, 76628
50, 9190, 11, 76628, 76628
50, 9200, 11, 76553, 76628
50, 9210, 11, 76553, 76553
50, 9220, 11, 76553, 76553
50, 9230, 11, 76467, 77735
50, 9240, 11, 76467, 77285
50, 9250, 11, 76433, 76433
50, 9260, 11, 76398, 77251
50, 9270, 11, 76340, 76340
50, 9280, 11, 76340, 76340
50, 9290, 11, 76141, 76340
50, 9300, 11, 76141, 76141
50, 9310, 11, 76141, 76141
50, 9320, 11, 76141, 78938
50, 9330, 11, 76141, 77412
50, 9340, 11, 76141, 77610
50, 9350, 11, 76141, 76662
50, 9360, 11, 76141, 76483
50, 9370, 11, 75941, 76141
50, 9380, 11, 75863, 75941
50, 9390, 11, 75863, 75863
50, 9400, 11, 75729, 76400
50, 9410, 11, 75729, 78180
50, 9420, 11, 75729, 75729
50, 9430, 11, 75729, 75729
50, 9440, 11, 75715, 75980
50, 9450, 11, 75715, 75715
50, 9460, 11, 75715, 75715
50, 9470, 11, 75434, 78187
50, 9480, 11, 75337, 75352
50, 9490, 11, 75158, 75337
50, 9500, 11, 75158, 75404
50, 9510, 11, 75158, 77280
50, 9520, 11, 75158, 76143
50, 9530, 11, 75158, 75158
50, 9540, 11, 75158, 75158
50, 9550, 11, 75158, 75674
50, 9560, 11, 75122, 76063
50, 9570, 11, 75122, 75122
50, 9580, 11, 75122, 75122
50, 9590, 11, 75122, 77301
50, 9600, 11, 75122, 75369
50, 9610, 11, 75067, 75893
50, 9620, 11, 75067, 75946
50, 9630, 11, 75067, 75190
50, 9640, 11, 75067, 75067
50, 9650, 11, 75067, 75067
50, 9660, 11, 75067, 75067
50, 9670, 11, 74946, 75233
50, 9680, 11, 74946, 74946
50, 9690, 11, 74923, 74946
50, 9700, 11, 74923, 75294
50, 9710, 11, 74725, 74864
50, 9720, 11, 74725, 74725
50, 9730, 11, 74725, 77200
50, 9740, 11, 74725, 76811
50, 9750, 11, 74725, 74725
50, 9760, 11, 74725, 74725
50, 9770, 11, 74707, 76473
50, 9780, 11, 74707, 74707
50, 9790, 11, 74689, 74707
50, 9800, 11, 74638, 75433
50, 9810, 11, 74638, 74638
50, 9820, 11, 74638, 75585
50, 9830, 11, 74638, 74638
50, 9840, 11, 74638, 74638
50, 9850, 11, 74638, 75767
50, 9860, 11, 74638, 76266
50, 9870, 11, 74638, 74638
50, 9880, 11, 74638, 74638
50, 9890, 11, 74638, 75523
50, 9900, 11, 74638, 74638
50, 9910, 11, 74638, 74638
50, 9920, 11, 74638, 74638
50, 9930, 11, 74638, 74638
50, 9940, 11, 74638, 74638
50, 9950, 11, 74553, 74638
50, 9960, 11, 74553, 74553
50, 9970, 11, 74553, 74553
50, 9980, 11, 74553, 75353
50, 9990, 11, 74513, 74513
50, 10000, 11, 74482, 75136
50, 10010, 11, 74482, 74482
50, 10020, 11, 74482, 74482
50, 10030, 11, 74482, 74482
50, 10040, 11, 74482, 75006
50, 10050, 11, 74482, 74482
50, 10060, 11, 74482, 76895
50, 10070, 11, 74233, 74482
50, 10080, 11, 74233, 74233
50, 10090, 11, 74144, 74154
50, 10100, 11, 74086, 74144
50, 10110, 11, 74086, 74086
50, 10120, 11, 74086, 74923
50, 10130, 11, 74086, 74086
50, 10140, 11, 74060, 76268
50, 10150, 11, 74025, 74042
50, 10160, 11, 74007, 74596
50, 10170, 11, 74007, 74468
50, 10180, 11, 74007, 76072
50, 10190, 11, 74007, 74007
50, 10200, 11, 74007, 74007
50, 10210, 11, 74007, 74432
50, 10220, 11, 74007, 74669
50, 10230, 11, 74007, 74007
50, 10240, 11, 74007, 74524
50, 10250, 11, 74007, 74227
50, 10260, 11, 74007, 74007
50, 10270, 11, 74007, 74007
50, 10280, 11, 74007, 74007
50, 10290, 11, 74007, 74437
50, 10300, 11, 74007, 74007
50, 10310, 11, 73984, 74828
50, 10320, 11, 73984, 73984
50, 10330, 11, 73984, 75601
50, 10340, 11, 73984, 73984
50, 10350, 11, 73984, 75402
50, 10360, 11, 73984, 74794
50, 10370, 11, 73984, 73984
50, 10380, 11, 73984, 73984
50, 10390, 11, 73984, 73984
50, 10400, 11, 73966, 74038
50, 10410, 11, 73964, 73964
50, 10420, 11, 73964, 73964
50, 10430, 11, 73964, 73964
50, 10440, 11, 73964, 73964
50, 10450, 11, 73964, 73964
50, 10460, 11, 73876, 73876
50, 10470, 11, 73876, 73876
50, 10480, 11, 73876, 73876
50, 10490, 11, 73585, 73876
50, 10500, 11, 73585, 74563
50, 10510, 11, 73585, 73585
50, 10520, 11, 73585, 73585
50, 10530, 11, 73585, 74987
50, 10540, 11, 73355, 73355
50, 10550, 11, 73247, 73247
50, 10560, 11, 73229, 73229
50, 10570, 11, 73229, 73229
50, 10580, 11, 73229, 73229
50, 10590, 11, 73229, 73229
50, 10600, 11, 73229, 73229
50, 10610, 11, 73166, 73166
50, 10620, 11, 73166, 73957
50, 10630, 11, 73166, 73166
50, 10640, 11, 73022, 73166
50, 10650, 11, 73022, 73022
50, 10660, 11, 73022, 73022
50, 10670, 11, 73022, 73022
50, 10680, 11, 73022, 74407
50, 10690, 11, 73014, 73658
50, 10700, 11, 73014, 73014
50, 10710, 11, 73014, 73014
50, 10720, 11, 72986, 72986
50, 10730, 11, 72898, 72898
50, 10740, 11, 72898, 73942
50, 10750, 11, 72898, 72898
50, 10760, 11, 72898, 72898
50, 10770, 11, 72898, 72898
50, 10780, 11, 72898, 72898
50, 10790, 11, 72898, 72898
50, 10800, 11, 72898, 72898
50, 10810, 11, 72898, 72898
50, 10820, 11, 72845, 72898
50, 10830, 11, 72845, 74630
50, 10840, 11, 72819, 72845
50, 10850, 11, 72819, 72819
50, 10860, 11, 72819, 74016
50, 10870, 11, 72814, 72814
50, 10880, 11, 72814, 72814
50, 10890, 11, 72814, 73173
50, 10900, 11, 72814, 72814
50, 10910, 11, 72814, 72814
50, 10920, 11, 72776, 72814
50, 10930, 11, 72776, 72776
50, 10940, 11, 72776, 72776
50, 10950, 11, 72776, 72776
50, 10960, 11, 72744, 74433
50, 10970, 11, 72744, 72744
50, 10980, 11, 72580, 73265
50, 10990, 11, 72580, 73917
50, 11000, 11, 72580, 72580
50, 11010, 11, 72580, 72580
50, 11020, 11, 72580, 72580
50, 11030, 11, 72547, 72580
50, 11040, 11, 72547, 72547
50, 11050, 11, 72547, 72547
50, 11060, 11, 72547, 72547
50, 11070, 11, 72505, 72505
50, 11080, 11, 72420, 72505
50, 11090, 11, 72420, 72420
50, 11100, 11, 72420, 72420
50, 11110, 11, 72369, 72369
50, 11120, 11, 72369, 72369
50, 11130, 11, 72369, 72369
50, 11140, 11, 72340, 72369
50, 11150, 11, 72340, 72340
50, 11160, 11, 72340, 72839
50, 11170, 11, 72300, 72340
50, 11180, 11, 72300, 72300
50, 11190, 11, 72300, 72300
50, 11200, 11, 72300, 72300
50, 11210, 11, 72300, 72300
50, 11220, 11, 72300, 72300
50, 11230, 11, 72300, 72300
50, 11240, 11, 72275, 72300
50, 11250, 11, 72275, 74579
50, 11260, 11, 72275, 72275
50, 11270, 11, 72257, 73189
50, 11280, 11, 72257, 72257
50, 11290, 11, 72257, 72257
50, 11300, 11, 72165, 72165
50, 11310, 11, 72117, 73015
50, 11320, 11, 72077, 72117
50, 11330, 11, 72073, 72073
50, 11340, 11, 72073, 72073
50, 11350, 11, 72073, 72073
50, 11360, 11, 71928, 71928
50, 11370, 11, 71865, 71928
50, 11380, 11, 71865, 71865
50, 11390, 11, 71789, 71789
50, 11400, 11, 71789, 71789
50, 11410, 11, 71789, 71789
50, 11420, 11, 71789, 71789
50, 11430, 11, 71753, 71789
50, 11440, 11, 71753, 71753
50, 11450, 11, 71729, 71729
50, 11460, 11, 71729, 71729
50, 11470, 11, 71729, 71729
50, 11480, 11, 71646, 71646
50, 11490, 11, 71646, 71646
50, 11500, 11, 71646, 71646
50, 11510, 11, 71522, 71646
50, 11520, 11, 71497, 71522
50, 11530, 11, 71375, 71497
50, 11540, 11, 71375, 71375
50, 11550, 11, 71375, 73967
50, 11560, 11, 71375, 71375
50, 11570, 11, 71368, 71736
50, 11580, 11, 71335, 71368
50, 11590, 11, 71335, 71335
50, 11600, 11, 71335, 71335
50, 11610, 11, 71335, 71735
50, 11620, 11, 71335, 71335
50, 11630, 11, 71335, 71335
50, 11640, 11, 71335, 71335
50, 11650, 11, 71335, 72047
50, 11660, 11, 71335, 71753
50, 11670, 11, 71335, 71335
50, 11680, 11, 71135, 71335
50, 11690, 11, 71120, 71120
50, 11700, 11, 71120, 71444
50, 11710, 11, 71120, 71120
50, 11720, 11, 71120, 71120
50, 11730, 11, 71120, 73110
50, 11740, 11, 71120, 71120
50, 11750, 11, 71120, 71120
50, 11760, 11, 71120, 71120
50, 11770, 11, 71120, 71120
50, 11780, 11, 71120, 71120
50, 11790, 11, 71120, 71120
50, 11800, 11, 71120, 71120
50, 11810, 11, 71120, 71120
50, 11820, 11, 71120, 71120
50, 11830, 11, 71120, 71120
50, 11840, 11, 71120, 71120
50, 11850, 11, 71120, 71120
50, 11860, 11, 70864, 70864
50, 11870, 11, 70864, 70864
50, 11880, 11, 70864, 70864
50, 11890, 11, 70864, 70864
50, 11900, 11, 70864, 70864
50, 11910, 11, 70864, 70864
50, 11920, 11, 70864, 70864
50, 11930, 11, 70763, 70864
50, 11940, 11, 70763, 71314
50, 11950, 11, 70763, 70763
50, 11960, 11, 70763, 70763
50, 11970, 11, 70763, 70763
50, 11980, 11, 70727, 70727
50, 11990, 11, 70727, 70727
50, 12000, 11, 70727, 71428
50, 12010, 11, 70620, 70727
50, 12020, 11, 70620, 70620
50, 12030, 11, 70537, 70537
50, 12040, 11, 70496, 70537
50, 12050, 11, 70412, 70437
50, 12060, 11, 70412, 70412
50, 12070, 11, 70412, 70412
50, 12080, 11, 70412, 70412
50, 12090, 11, 70180, 70180
50, 12100, 11, 70180, 70180
50, 12110, 11, 70180, 70180
50, 12120, 11, 70180, 70180
50, 12130, 11, 70058, 71778
50, 12140, 11, 70058, 73888
50, 12150, 11, 70058, 70058
50, 12160, 11, 70058, 70058
50, 12170, 11, 70058, 70058
50, 12180, 11, 70058, 70058
50, 12190, 11, 69917, 69917
50, 12200, 11, 69917, 69917
50, 12210, 11, 69917, 69917
50, 12220, 11, 69917, 69917
50, 12230, 11, 69870, 69870
50, 12240, 11, 69856, 69856
50, 12250, 11, 69856, 69856
50, 12260, 11, 69856, 69856
50, 12270, 11, 69856, 69856
50, 12280, 11, 69684, 69718
50, 12290, 11, 69684, 72008
50, 12300, 11, 69684, 70157
50, 12310, 11, 69684, 69684
50, 12320, 11, 69684, 69684
50, 12330, 11, 69684, 69684
50, 12340, 11, 69684, 69684
50, 12350, 11, 69684, 69684
50, 12360, 11, 69684, 70148
50, 12370, 11, 69684, 69684
50, 12380, 11, 69684, 69684
50, 12390, 11, 69684, 69684
50, 12400, 11, 69684, 69684
50, 12410, 11, 69684, 69684
50, 12420, 11, 69684, 70205
50, 12430, 11, 69684, 69684
50, 12440, 11, 69684, 70253
50, 12450, 11, 69684, 69684
50, 12460, 11, 69684, 69684
50, 12470, 11, 69619, 69684
50, 12480, 11, 69492, 69619
50, 12490, 11, 68981, 69492
50, 12500, 11, 68981, 68981
50, 12510, 11, 68981, 68981
50, 12520, 11, 68905, 68981
50, 12530, 11, 68528, 68905
50, 12540, 11, 68487, 68528
50, 12550, 11, 68487, 68487
50, 12560, 11, 68487, 68487
50, 12570, 11, 68487, 68487
50, 12580, 11, 68487, 68487
50, 12590, 11, 68487, 68487
50, 12600, 11, 68475, 68475
50, 12610, 11, 68427, 68427
50, 12620, 11, 68427, 68427
50, 12630, 11, 68293, 68427
50, 12640, 11, 68088, 68226
50, 12650, 11, 68088, 68088
50, 12660, 11, 68005, 68005
50, 12670, 11, 68005, 68005
50, 12680, 11, 68005, 68005
50, 12690, 11, 68005, 68005
50, 12700, 11, 68005, 68005
50, 12710, 11, 68005, 68005
50, 12720, 11, 68005, 68005
50, 12730, 11, 68005, 68005
50, 12740, 11, 67721, 69511
50, 12750, 11, 67721, 69751
50, 12760, 11, 67721, 67721
50, 12770, 11, 67721, 67721
50, 12780, 11, 67721, 67721
50, 12790, 11, 67721, 67721
50, 12800, 11, 67721, 67721
50, 12810, 11, 67721, 67721
50, 12820, 11, 67662, 67721
50, 12830, 11, 67622, 67662
50, 12840, 11, 67622, 67622
50, 12850, 11, 67511, 67622
50, 12860, 11, 67511, 67511
50, 12870, 11, 67452, 67528
50, 12880, 11, 67452, 67452
50, 12890, 11, 67452, 67452
50, 12900, 11, 67452, 67452
50, 12910, 11, 67452, 67452
50, 12920, 11, 67452, 67452
50, 12930, 11, 67452, 67452
50, 12940, 11, 67452, 67535
50, 12950, 11, 67452, 68863
50, 12960, 11, 67336, 67452
50, 12970, 11, 67311, 67336
50, 12980, 11, 67311, 67311
50, 12990, 11, 67311, 67311
50, 13000, 11, 67311, 67311
50, 13010, 11, 67311, 67311
50, 13020, 11, 67311, 67311
50, 13030, 11, 67311, 67311
50, 13040, 11, 67311, 67311
50, 13050, 11, 67311, 67311
50, 13060, 11, 67311, 67311
50, 13070, 11, 67311, 67311
50, 13080, 11, 67311, 67311
50, 13090, 11, 67311, 67311
50, 13100, 11, 67311, 67311
50, 13110, 11, 67311, 67311
50, 13120, 11, 67311, 67311
50, 13130, 11, 67311, 67311
50, 13140, 11, 67311, 67311
50, 13150, 11, 67311, 67311
50, 13160, 11, 67311, 67311
50, 13170, 11, 67294, 67311
50, 13180, 11, 67294, 67294
50, 13190, 11, 67294, 67471
50, 13200, 11, 67294, 67294
50, 13210, 11, 67294, 67294
50, 13220, 11, 67294, 67294
50, 13230, 11, 67294, 67294
50, 13240, 11, 67294, 67294
50, 13250, 11, 67294, 67294
50, 13260, 11, 67294, 67294
50, 13270, 11, 67257, 67294
50, 13280, 11, 67257, 67257
50, 13290, 11, 67237, 67257
50, 13300, 11, 67020, 67237
50, 13310, 11, 67020, 67020
50, 13320, 11, 66998, 67020
50, 13330, 11, 66998, 66998
50, 13340, 11, 66998, 66998
50, 13350, 11, 66995, 66995
50, 13360, 11, 66995, 67311
50, 13370, 11, 66995, 66995
50, 13380, 11, 66995, 66995
50, 13390, 11, 66995, 66995
50, 13400, 11, 66883, 66995
50, 13410, 11, 66883, 66883
50, 13420, 11, 66883, 66883
50, 13430, 11, 66883, 66883
50, 13440, 11, 66883, 66883
50, 13450, 11, 66883, 66883
50, 13460, 11, 66769, 66769
50, 13470, 11, 66769, 66769
50, 13480, 11, 66769, 66769
50, 13490, 11, 66769, 66769
50, 13500, 11, 66769, 66769
50, 13510, 11, 66769, 66769
50, 13520, 11, 66769, 66769
50, 13530, 11, 66769, 66769
50, 13540, 11, 66769, 66769
50, 13550, 11, 66769, 66769
50, 13560, 11, 66769, 66769
50, 13570, 11, 66710, 66710
50, 13580, 11, 66710, 66710
50, 13590, 11, 66710, 66710
50, 13600, 11, 66710, 66710
50, 13610, 11, 66710, 66710
50, 13620, 11, 66710, 66710
50, 13630, 11, 66710, 66710
50, 13640, 11, 66710, 66710
50, 13650, 11, 66710, 66710
50, 13660, 11, 66710, 66710
50, 13670, 11, 66710, 66710
50, 13680, 11, 66710, 66710
50, 13690, 11, 66710, 66710
50, 13700, 11, 66710, 66710
50, 13710, 11, 66710, 66710
50, 13720, 11, 66710, 66710
50, 13730, 11, 66710, 66710
50, 13740, 11, 66710, 66710
50, 13750, 11, 66710, 66710
50, 13760, 11, 66710, 66710
50, 13770, 11, 66710, 66710
50, 13780, 11, 66650, 66655
50, 13790, 11, 66650, 66650
50, 13800, 11, 66650, 66650
50, 13810, 11, 66594, 66594
50, 13820, 11, 66594, 66594
50, 13830, 11, 66337, 66594
50, 13840, 11, 66337, 66337
50, 13850, 11, 66337, 66337
50, 13860, 11, 66337, 66337
50, 13870, 11, 66337, 66337
50, 13880, 11, 66290, 66290
50, 13890, 11, 66290, 66290
50, 13900, 11, 66290, 66290
50, 13910, 11, 66290, 66290
50, 13920, 11, 66290, 66290
50, 13930, 11, 66290, 66290
50, 13940, 11, 66290, 67789
50, 13950, 11, 66290, 66290
50, 13960, 11, 66290, 66290
50, 13970, 11, 66290, 66290
50, 13980, 11, 66218, 66290
50, 13990, 11, 66142, 66218
50, 14000, 11, 66142, 66142
50, 14010, 11, 66142, 66142
50, 14020, 11, 66142, 66142
50, 14030, 11, 66142, 66142
50, 14040, 11, 66142, 67104
50, 14050, 11, 66142, 66142
50, 14060, 11, 66142, 66142
50, 14070, 11, 66142, 66142
50, 14080, 11, 66142, 66142
50, 14090, 11, 66142, 66142
50, 14100, 11, 66142, 66142
50, 14110, 11, 66142, 66142
50, 14120, 11, 66142, 66142
50, 14130, 11, 66142, 66142
50, 14140, 11, 66142, 66142
50, 14150, 11, 66142, 66142
50, 14160, 11, 66142, 66142
50, 14170, 11, 66142, 66142
50, 14180, 11, 66142, 66142
50, 14190, 11, 66142, 66142
50, 14200, 11, 66138, 66894
50, 14210, 11, 66138, 66138
50, 14220, 11, 66138, 66138
50, 14230, 11, 66138, 66138
50, 14240, 11, 66138, 66138
50, 14250, 11, 66138, 66138
50, 14260, 11, 65992, 65992
50, 14270, 11, 65992, 65992
50, 14280, 11, 65984, 65984
50, 14290, 11, 65984, 65984
50, 14300, 11, 65899, 65984
50, 14310, 11, 65899, 65899
50, 14320, 11, 65899, 65899
50, 14330, 11, 65899, 65899
50, 14340, 11, 65899, 65899
50, 14350, 11, 65899, 65899
50, 14360, 11, 65899, 65899
50, 14370, 11, 65888, 65899
50, 14380, 11, 65772, 65888
50, 14390, 11, 65772, 65772
50, 14400, 11, 65772, 65772
50, 14410, 11, 65772, 65772
50, 14420, 11, 65600, 65772
50, 14430, 11, 65600, 65600
50, 14440, 11, 65600, 65600
50, 14450, 11, 65600, 65600
50, 14460, 11, 65600, 65600
50, 14470, 11, 65600, 65600
50, 14480, 11, 65600, 65600
50, 14490, 11, 65600, 65600
50, 14500, 11, 65600, 65600
50, 14510, 11, 65600, 65600
50, 14520, 11, 65600, 65600
50, 14530, 11, 65600, 65600
50, 14540, 11, 65600, 65600
50, 14550, 11, 65600, 65600
50, 14560, 11, 65527, 65600
50, 14570, 11, 65527, 65527
50, 14580, 11, 65527, 65527
50, 14590, 11, 65527, 65527
50, 14600, 11, 65527, 65527
50, 14610, 11, 65527, 65527
50, 14620, 11, 65527, 65527
50, 14630, 11, 65527, 65527
50, 14640, 11, 65527, 65527
50, 14650, 11, 65527, 65527
50, 14660, 11, 65350, 65503
50, 14670, 11, 65350, 65350
50, 14680, 11, 65350, 65350
50, 14690, 11, 65350, 65350
50, 14700, 11, 65350, 65350
50, 14710, 11, 65350, 65350
50, 14720, 11, 65350, 65350
50, 14730, 11, 65350, 65350
50, 14740, 11, 65350, 65350
50, 14750, 11, 65350, 65350
50, 14760, 11, 65350, 65350
50, 14770, 11, 65350, 65350
50, 14780, 11, 65350, 65350
50, 14790, 11, 65350, 65350
50, 14800, 11, 65266, 65266
50, 14810, 11, 65266, 65266
50, 14820, 11, 65266, 65266
50, 14830, 11, 65266, 65266
50, 14840, 11, 65266, 65266
50, 14850, 11, 65266, 65266
50, 14860, 11, 65266, 65266
50, 14870, 11, 65266, 65266
50, 14880, 11, 65266, 65266
50, 14890, 11, 65266, 65266
50, 14900, 11, 65266, 65266
50, 14910, 11, 65266, 65266
50, 14920, 11, 65266, 65266
50, 14930, 11, 65266, 65266
50, 14940, 11, 65266, 65266
50, 14950, 11, 65266, 65266
50, 14960, 11, 65266, 65266
50, 14970, 11, 65266, 65266
50, 14980, 11, 65266, 65266
50, 14990, 11, 65266, 65266
50, 15000, 11, 65143, 65143
50, 15010, 11, 65143, 65143
50, 15020, 11, 65108, 65143
50, 15030, 11, 65108, 65108
50, 15040, 11, 65108, 65108
50, 15050, 11, 65108, 65108
50, 15060, 11, 65108, 65108
50, 15070, 11, 65108, 65108
50, 15080, 11, 65108, 65108
50, 15090, 11, 65108, 65108
50, 15100, 11, 65108, 65108
50, 15110, 11, 65108, 65108
50, 15120, 11, 65108, 65108
50, 15130, 11, 65008, 65008
50, 15140, 11, 65008, 65008
50, 15150, 11, 65008, 65008
50, 15160, 11, 65008, 65008
50, 15170, 11, 65008, 65008
50, 15180, 11, 65008, 65008
50, 15190, 11, 64913, 65008
50, 15200, 11, 64913, 64913
50, 15210, 11, 64913, 64913
50, 15220, 11, 64913, 64913
50, 15230, 11, 64913, 64913
50, 15240, 11, 64913, 64913
50, 15250, 11, 64913, 64913
50, 15260, 11, 64913, 64913
50, 15270, 11, 64913, 64913
50, 15280, 11, 64913, 64913
50, 15290, 11, 64738, 64738
50, 15300, 11, 64738, 64738
50, 15310, 11, 64738, 64738
50, 15320, 11, 64738, 64738
50, 15330, 11, 64620, 64738
50, 15340, 11, 64620, 64620
50, 15350, 11, 64620, 64620
50, 15360, 11, 64520, 64520
50, 15370, 11, 64520, 64520
50, 15380, 11, 64520, 64520
50, 15390, 11, 64520, 64520
50, 15400, 11, 64520, 64520
50, 15410, 11, 64520, 64520
50, 15420, 11, 64520, 64520
50, 15430, 11, 64520, 64520
50, 15440, 11, 64520, 64520
50, 15450, 11, 64520, 64520
50, 15460, 11, 64491, 64520
50, 15470, 11, 64491, 64491
50, 15480, 11, 64491, 64491
50, 15490, 11, 64491, 64491
50, 15500, 11, 64491, 64491
50, 15510, 11, 64491, 64491
50, 15520, 11, 64491, 64491
50, 15530, 11, 64491, 64491
50, 15540, 11, 64491, 64491
50, 15550, 11, 64491, 64491
50, 15560, 11, 64491, 64491
50, 15570, 11, 64491, 64491
50, 15580, 11, 64491, 64491
50, 15590, 11, 64491, 64491
50, 15600, 11, 64491, 64491
50, 15610, 11, 64491, 64491
50, 15620, 11, 64491, 64491
50, 15630, 11, 64491, 64491
50, 15640, 11, 64491, 64491
50, 15650, 11, 64491, 64491
50, 15660, 11, 64491, 64491
50, 15670, 11, 64491, 64491
50, 15680, 11, 64491, 64491
50, 15690, 11, 64491, 64491
50, 15700, 11, 64491, 64491
50, 15710, 11, 64491, 64491
50, 15720, 11, 64491, 64491
50, 15730, 11, 64491, 64491
50, 15740, 11, 64491, 64491
50, 15750, 11, 64491, 64491
50, 15760, 11, 64491, 64491
50, 15770, 11, 64491, 64491
50, 15780, 11, 64491, 64491
50, 15790, 11, 64463, 64491
50, 15800, 11, 64463, 64463
50, 15810, 11, 64463, 64463
50, 15820, 11, 64463, 64463
50, 15830, 11, 64463, 64463
50, 15840, 11, 64394, 64394
50, 15850, 11, 64394, 64394
50, 15860, 11, 64394, 64394
50, 15870, 11, 64394, 64394
50, 15880, 11, 64385, 64394
50, 15890, 11, 64385, 64385
50, 15900, 11, 64385, 64385
50, 15910, 11, 64385, 64385
50, 15920, 11, 64385, 64385
50, 15930, 11, 64385, 64385
50, 15940, 11, 64385, 64385
50, 15950, 11, 64385, 64385
50, 15960, 11, 64385, 64385
50, 15970, 11, 64385, 64385
50, 15980, 11, 64385, 64385
50, 15990, 11, 64385, 64385
50, 16000, 11, 64385, 64385
50, 16010, 11, 64385, 64385
50, 16020, 11, 64385, 64385
50, 16030, 11, 64385, 64385
50, 16040, 11, 64385, 64385
50, 16050, 11, 64385, 64385
50, 16060, 11, 64385, 64385
50, 16070, 11, 64305, 64305
50, 16080, 11, 64305, 64305
50, 16090, 11, 64305, 64305
50, 16100, 11, 64305, 64305
50, 16110, 11, 64305, 64305
50, 16120, 11, 64305, 64305
50, 16130, 11, 64305, 64305
50, 16140, 11, 64305, 64305
50, 16150, 11, 64305, 64305
50, 16160, 11, 64305, 64305
50, 16170, 11, 64305, 64305
50, 16180, 11, 64305, 64305
50, 16190, 11, 64305, 64305
50, 16200, 11, 64305, 64305
50, 16210, 11, 64305, 64305
50, 16220, 11, 64305, 64305
50, 16230, 11, 64155, 64155
50, 16240, 11, 64155, 64155
50, 16250, 11, 64155, 64155
50, 16260, 11, 64155, 64155
50, 16270, 11, 64155, 64155
50, 16280, 11, 64155, 64155
50, 16290, 11, 64155, 64155
50, 16300, 11, 64155, 64155
50, 16310, 11, 64155, 64155
50, 16320, 11, 64072, 64072
50, 16330, 11, 64072, 64072
50, 16340, 11, 64072, 64072
50, 16350, 11, 64072, 64072
50, 16360, 11, 64072, 64072
50, 16370, 11, 64072, 64072
50, 16380, 11, 64034, 64034
50, 16390, 11, 64034, 64034
50, 16400, 11, 64034, 64034
50, 16410, 11, 64034, 64034
50, 16420, 11, 64034, 64034
50, 16430, 11, 64034, 64034
50, 16440, 11, 64034, 64034
50, 16450, 11, 64034, 64034
50, 16460, 11, 64034, 64034
50, 16470, 11, 64034, 64034
50, 16480, 11, 64034, 64034
50, 16490, 11, 64034, 64034
50, 16500, 11, 64034, 64034
50, 16510, 11, 64034, 64034
50, 16520, 11, 64034, 64034
50, 16530, 11, 64034, 64034
50, 16540, 11, 64034, 64034
50, 16550, 11, 64034, 64034
50, 16560, 11, 64034, 64034
50, 16570, 11, 64034, 64034
50, 16580, 11, 64034, 64034
50, 16590, 11, 64034, 64034
50, 16600, 11, 64034, 64034
50, 16610, 11, 64034, 64034
50, 16620, 11, 64034, 64034
50, 16630, 11, 64034, 64034
50, 16640, 11, 64034, 64034
50, 16650, 11, 63891, 63891
50, 16660, 11, 63891, 63891
50, 16670, 11, 63889, 63891
50, 16680, 11, 63889, 63889
50, 16690, 11, 63889, 63889
50, 16700, 11, 63889, 63889
50, 16710, 11, 63889, 63889
50, 16720, 11, 63889, 63889
50, 16730, 11, 63889, 63889
50, 16740, 11, 63889, 63889
50, 16750, 11, 63889, 63889
50, 16760, 11, 63889, 63889
50, 16770, 11, 63889, 63889
50, 16780, 11, 63889, 63889
50, 16790, 11, 63889, 63889
50, 16800, 11, 63889, 63889
50, 16810, 11, 63889, 63889
50, 16820, 11, 63889, 63889
50, 16830, 11, 63889, 63889
50, 16840, 11, 63889, 63889
50, 16850, 11, 63889, 63889
50, 16860, 11, 63889, 63889
50, 16870, 11, 63709, 63709
50, 16880, 11, 63709, 63709
50, 16890, 11, 63709, 63709
50, 16900, 11, 63709, 63709
50, 16910, 11, 63709, 63709
50, 16920, 11, 63709, 63709
50, 16930, 11, 63709, 63709
50, 16940, 11, 63709, 63709
50, 16950, 11, 63709, 63709
50, 16960, 11, 63707, 63709
50, 16970, 11, 63707, 63707
50, 16980, 11, 63707, 63707
50, 16990, 11, 63707, 63707
50, 17000, 11, 63707, 63707
50, 17010, 11, 63707, 63707
50, 17020, 11, 63707, 63707
50, 17030, 11, 63707, 63707
50, 17040, 11, 63707, 63707
50, 17050, 11, 63707, 63707
50, 17060, 11, 63707, 63707
50, 17070, 11, 63707, 63707
50, 17080, 11, 63707, 63707
50, 17090, 11, 63707, 63707
50, 17100, 11, 63707, 63707
50, 17110, 11, 63707, 63707
50, 17120, 11, 63707, 63707
50, 17130, 11, 63707, 63707
50, 17140, 11, 63707, 63707
50, 17150, 11, 63707, 63707
50, 17160, 11, 63707, 63707
50, 17170, 11, 63707, 63707
50, 17180, 11, 63707, 63707
50, 17190, 11, 63707, 63707
50, 17200, 11, 63707, 63707
50, 17210, 11, 63707, 63707
50, 17220, 11, 63707, 63707
50, 17230, 11, 63707, 63707
50, 17240, 11, 63707, 63707
50, 17250, 11, 63707, 63707
50, 17260, 11, 63707, 63707
50, 17270, 11, 63663, 63663
50, 17280, 11, 63663, 63663
50, 17290, 11, 63663, 63663
50, 17300, 11, 63663, 63663
50, 17310, 11, 63470, 63470
50, 17320, 11, 63470, 63470
50, 17330, 11, 63467, 63467
50, 17340, 11, 63467, 63467
50, 17350, 11, 63467, 63467
50, 17360, 11, 63301, 63467
50, 17370, 11, 63301, 63301
50, 17380, 11, 63301, 63301
50, 17390, 11, 63301, 63301
50, 17400, 11, 63218, 63218
50, 17410, 11, 63218, 63218
50, 17420, 11, 63218, 63218
50, 17430, 11, 63218, 63218
50, 17440, 11, 63218, 63218
50, 17450, 11, 63218, 63218
50, 17460, 11, 63094, 63094
50, 17470, 11, 63094, 63094
50, 17480, 11, 63094, 63094
50, 17490, 11, 63094, 63094
50, 17500, 11, 63094, 63094
50, 17510, 11, 63094, 63094
50, 17520, 11, 63094, 63094
50, 17530, 11, 63094, 63094
50, 17540, 11, 63094, 63094
50, 17550, 11, 63094, 63094
50, 17560, 11, 63094, 63094
50, 17570, 11, 63092, 63092
50, 17580, 11, 63092, 63092
50, 17590, 11, 63092, 63092
50, 17600, 11, 63092, 63092
50, 17610, 11, 63092, 63092
50, 17620, 11, 63034, 63034
50, 17630, 11, 63034, 63034
50, 17640, 11, 63034, 63034
50, 17650, 11, 63034, 63034
50, 17660, 11, 63034, 63034
50, 17670, 11, 63034, 63034
50, 17680, 11, 63034, 63034
50, 17690, 11, 63034, 63034
50, 17700, 11, 63023, 63034
50, 17710, 11, 63023, 63023
50, 17720, 11, 63023, 63023
50, 17730, 11, 63023, 63023
50, 17740, 11, 62912, 62912
50, 17750, 11, 62912, 62912
50, 17760, 11, 62912, 62912
50, 17770, 11, 62912, 62912
50, 17780, 11, 62889, 62889
50, 17790, 11, 62889, 62889
50, 17800, 11, 62807, 62807
50, 17810, 11, 62807, 62807
50, 17820, 11, 62807, 62807
50, 17830, 11, 62796, 62796
50, 17840, 11, 62796, 62796
50, 17850, 11, 62796, 62796
50, 17860, 11, 62796, 62796
50, 17870, 11, 62796, 62796
50, 17880, 11, 62796, 62796
50, 17890, 11, 62796, 62796
50, 17900, 11, 62796, 62796
50, 17910, 11, 62796, 62796
50, 17920, 11, 62796, 62796
50, 17930, 11, 62796, 62796
50, 17940, 11, 62796, 62796
50, 17950, 11, 62796, 62796
50, 17960, 11, 62796, 62796
50, 17970, 11, 62796, 62796
50, 17980, 11, 62796, 62796
50, 17990, 11, 62796, 62796
50, 18000, 11, 62796, 62796
50, 18010, 11, 62796, 62796
50, 18020, 11, 62730, 62796
50, 18030, 11, 62614, 62614
50, 18040, 11, 62614, 62614
50, 18050, 11, 62614, 62614
50, 18060, 11, 62614, 62614
50, 18070, 11, 62614, 62614
50, 18080, 11, 62614, 62614
50, 18090, 11, 62614, 62614
50, 18100, 11, 62614, 62614
50, 18110, 11, 62614, 62614
50, 18120, 11, 62614, 62614
50, 18130, 11, 62614, 62614
50, 18140, 11, 62614, 62614
50, 18150, 11, 62614, 62614
50, 18160, 11, 62614, 62614
50, 18170, 11, 62614, 62614
50, 18180, 11, 62614, 62614
50, 18190, 11, 62614, 62614
50, 18200, 11, 62614, 62614
50, 18210, 11, 62614, 62614
50, 18220, 11, 62614, 62614
50, 18230, 11, 62614, 62614
50, 18240, 11, 62614, 62614
50, 18250, 11, 62614, 62614
50, 18260, 11, 62614, 62614
50, 18270, 11, 62614, 62614
50, 18280, 11, 62614, 62614
50, 18290, 11, 62614, 62614
50, 18300, 11, 62614, 62614
50, 18310, 11, 62614, 62614
50, 18320, 11, 62614, 62614
50, 18330, 11, 62614, 62614
50, 18340, 11, 62614, 62614
50, 18350, 11, 62614, 62614
50, 18360, 11, 62614, 62614
50, 18370, 11, 62614, 62614
50, 18380, 11, 62614, 62614
50, 18390, 11, 62614, 62614
50, 18400, 11, 62614, 62614
50, 18410, 11, 62614, 62614
50, 18420, 11, 62614, 62614
50, 18430, 11, 62614, 62614
50, 18440, 11, 62614, 62614
50, 18450, 11, 62614, 62614
50, 18460, 11, 62614, 62614
50, 18470, 11, 62614, 62614
50, 18480, 11, 62614, 62614
50, 18490, 11, 62614, 62614
50, 18500, 11, 62469, 62552
50, 18510, 11, 62469, 62469
50, 18520, 11, 62469, 62469
50, 18530, 11, 62453, 62453
50, 18540, 11, 62453, 62453
50, 18550, 11, 62453, 62453
50, 18560, 11, 62339, 62453
50, 18570, 11, 62339, 62339
50, 18580, 11, 62339, 62339
50, 18590, 11, 62339, 62339
50, 18600, 11, 62339, 62339
50, 18610, 11, 62339, 62339
50, 18620, 11, 62339, 62339
50, 18630, 11, 62339, 62339
50, 18640, 11, 62339, 62339
50, 18650, 11, 62339, 62339
50, 18660, 11, 62339, 62339
50, 18670, 11, 62339, 62339
50, 18680, 11, 62339, 62339
50, 18690, 11, 62339, 62339
50, 18700, 11, 62339, 62339
50, 18710, 11, 62339, 62339
50, 18720, 11, 62339, 62339
50, 18730, 11, 62339, 62339
50, 18740, 11, 62339, 62339
50, 18750, 11, 62226, 62339
50, 18760, 11, 62226, 62226
50, 18770, 11, 62166, 62226
50, 18780, 11, 62166, 62166
50, 18790, 11, 62166, 62166
50, 18800, 11, 62107, 62107
50, 18810, 11, 62107, 62107
50, 18820, 11, 62107, 62107
50, 18830, 11, 62107, 62107
50, 18840, 11, 62107, 62107
50, 18850, 11, 62107, 62107
50, 18860, 11, 62107, 62107
50, 18870, 11, 62107, 62107
50, 18880, 11, 62062, 62107
50, 18890, 11, 62062, 62062
50, 18900, 11, 62062, 62062
50, 18910, 11, 62062, 62062
50, 18920, 11, 62062, 62062
50, 18930, 11, 62062, 62062
50, 18940, 11, 62062, 62062
50, 18950, 11, 62062, 62062
50, 18960, 11, 62062, 62062
50, 18970, 11, 62062, 62062
50, 18980, 11, 61945, 61945
50, 18990, 11, 61945, 61945
50, 19000, 11, 61945, 61945
50, 19010, 11, 61945, 61945
50, 19020, 11, 61945, 61945
50, 19030, 11, 61945, 61945
50, 19040, 11, 61945, 61945
50, 19050, 11, 61945, 61945
50, 19060, 11, 61945, 61945
50, 19070, 11, 61945, 61945
50, 19080, 11, 61945, 61945
50, 19090, 11, 61945, 61945
50, 19100, 11, 61945, 61945
50, 19110, 11, 61945, 61945
50, 19120, 11, 61945, 61945
50, 19130, 11, 61945, 61945
50, 19140, 11, 61945, 61945
50, 19150, 11, 61945, 61945
50, 19160, 11, 61945, 61945
50, 19170, 11, 61945, 61945
50, 19180, 11, 61945, 61945
50, 19190, 11, 61945, 61945
50, 19200, 11, 61945, 61945
50, 19210, 11, 61851, 61851
50, 19220, 11, 61851, 61851
50, 19230, 11, 61851, 61851
50, 19240, 11, 61851, 61851
50, 19250, 11, 61851, 61851
50, 19260, 11, 61851, 61851
50, 19270, 11, 61851, 61851
50, 19280, 11, 61851, 61851
50, 19290, 11, 61851, 61851
50, 19300, 11, 61851, 61851
50, 19310, 11, 61851, 61851
50, 19320, 11, 61851, 61851
50, 19330, 11, 61851, 61851
50, 19340, 11, 61851, 61851
50, 19350, 11, 61851, 61851
50, 19360, 11, 61813, 61813
50, 19370, 11, 61813, 61813
50, 19380, 11, 61813, 61813
50, 19390, 11, 61813, 61813
50, 19400, 11, 61747, 61813
50, 19410, 11, 61747, 61747
50, 19420, 11, 61747, 61747
50, 19430, 11, 61706, 61706
50, 19440, 11, 61706, 61706
50, 19450, 11, 61706, 61706
50, 19460, 11, 61706, 61706
50, 19470, 11, 61706, 61706
50, 19480, 11, 61706, 61706
50, 19490, 11, 61706, 61706
50, 19500, 11, 61706, 61706
50, 19510, 11, 61706, 61706
50, 19520, 11, 61691, 61706
50, 19530, 11, 61691, 61691
50, 19540, 11, 61691, 61691
50, 19550, 11, 61691, 61691
50, 19560, 11, 61691, 61691
50, 19570, 11, 61691, 61691
50, 19580, 11, 61691, 61691
50, 19590, 11, 61691, 61691
50, 19600, 11, 61691, 61691
50, 19610, 11, 61691, 61691
50, 19620, 11, 61691, 61691
50, 19630, 11, 61691, 61691
50, 19640, 11, 61691, 61691
50, 19650, 11, 61691, 61691
50, 19660, 11, 61691, 61691
50, 19670, 11, 61691, 61691
50, 19680, 11, 61691, 61691
50, 19690, 11, 61691, 61691
50, 19700, 11, 61691, 61691
50, 19710, 11, 61691, 61691
50, 19720, 11, 61691, 61691
50, 19730, 11, 61691, 61691
50, 19740, 11, 61691, 61691
50, 19750, 11, 61691, 61691
50, 19760, 11, 61691, 61691
50, 19770, 11, 61691, 61691
50, 19780, 11, 61691, 61691
50, 19790, 11, 61691, 61691
50, 19800, 11, 61691, 61691
50, 19810, 11, 61691, 61691
50, 19820, 11, 61691, 61691
50, 19830, 11, 61691, 61691
50, 19840, 11, 61691, 61691
50, 19850, 11, 61691, 61691
50, 19860, 11, 61691, 61691
50, 19870, 11, 61691, 61691
50, 19880, 11, 61691, 61691
50, 19890, 11, 61691, 61691
50, 19900, 11, 61691, 61691
50, 19910, 11, 61691, 61691
50, 19920, 11, 61691, 61691
50, 19930, 11, 61691, 61691
50, 19940, 11, 61691, 61691
50, 19950, 11, 61691, 61691
50, 19960, 11, 61691, 61691
50, 19970, 11, 61691, 61691
50, 19980, 11, 61691, 61691
50, 19990, 11, 61691, 61691
