Population Size, Generation Count, Repetition, Best Fitness, Median Fitness
20, 0, 14, 738079, 774854
20, 10, 14, 715046, 720669
20, 20, 14, 695820, 703055
20, 30, 14, 676389, 683171
20, 40, 14, 668356, 671534
20, 50, 14, 657079, 659465
20, 60, 14, 646746, 651277
20, 70, 14, 637069, 640300
20, 80, 14, 625245, 627607
20, 90, 14, 612493, 615908
20, 100, 14, 600202, 603699
20, 110, 14, 586071, 589685
20, 120, 14, 576344, 579562
20, 130, 14, 566706, 569949
20, 140, 14, 558295, 560933
20, 150, 14, 551028, 555208
20, 160, 14, 541295, 543080
20, 170, 14, 532234, 535977
20, 180, 14, 525130, 529692
20, 190, 14, 519460, 523475
20, 200, 14, 513744, 517044
20, 210, 14, 506728, 511895
20, 220, 14, 501886, 503317
20, 230, 14, 493467, 496675
20, 240, 14, 488187, 491368
20, 250, 14, 480682, 483623
20, 260, 14, 477188, 478985
20, 270, 14, 473100, 475110
20, 280, 14, 469846, 473811
20, 290, 14, 466292, 468885
20, 300, 14, 462846, 464754
20, 310, 14, 455532, 460813
20, 320, 14, 450997, 456801
20, 330, 14, 448074, 451884
20, 340, 14, 442604, 446418
20, 350, 14, 440658, 443900
20, 360, 14, 434251, 435766
20, 370, 14, 431458, 434251
20, 380, 14, 429297, 431798
20, 390, 14, 426630, 428720
20, 400, 14, 421679, 426413
20, 410, 14, 418762, 421857
20, 420, 14, 415716, 417228
20, 430, 14, 412010, 416532
20, 440, 14, 407876, 413663
20, 450, 14, 404665, 408015
20, 460, 14, 402562, 404499
20, 470, 14, 400231, 403064
20, 480, 14, 398897, 400825
20, 490, 14, 395455, 396921
20, 500, 14, 392433, 395299
20, 510, 14, 389821, 392187
20, 520, 14, 387523, 390808
20, 530, 14, 384112, 386604
20, 540, 14, 382306, 385984
20, 550, 14, 379232, 380552
20, 560, 14, 375760, 379192
20, 570, 14, 375482, 379023
20, 580, 14, 372558, 374677
20, 590, 14, 369454, 373137
20, 600, 14, 366112, 369740
20, 610, 14, 363696, 365148
20, 620, 14, 360119, 364496
20, 630, 14, 358097, 359454
20, 640, 14, 357408, 359065
20, 650, 14, 355250, 356045
20, 660, 14, 352939, 357985
20, 670, 14, 351999, 353948
20, 680, 14, 350663, 353032
20, 690, 14, 348742, 352243
20, 700, 14, 343501, 346582
20, 710, 14, 340711, 341697
20, 720, 14, 339090, 342302
20, 730, 14, 336256, 337452
20, 740, 14, 333950, 337207
20, 750, 14, 331536, 333529
20, 760, 14, 329535, 331583
20, 770, 14, 327786, 330751
20, 780, 14, 325851, 329611
20, 790, 14, 325498, 329802
20, 800, 14, 322096, 323511
20, 810, 14, 320948, 325279
20, 820, 14, 320448, 322906
20, 830, 14, 319361, 322366
20, 840, 14, 316707, 319745
20, 850, 14, 315440, 317729
20, 860, 14, 314659, 315627
20, 870, 14, 312231, 315211
20, 880, 14, 310759, 312516
20, 890, 14, 309510, 311321
20, 900, 14, 307839, 311395
20, 910, 14, 307177, 308933
20, 920, 14, 305431, 308489
20, 930, 14, 303122, 304941
20, 940, 14, 301830, 302704
20, 950, 14, 301287, 304407
20, 960, 14, 298810, 301437
20, 970, 14, 297142, 299193
20, 980, 14, 296719, 296719
20, 990, 14, 295724, 296617
20, 1000, 14, 294659, 294945
20, 1010, 14, 293885, 297509
20, 1020, 14, 292686, 295250
20, 1030, 14, 292157, 296711
20, 1040, 14, 290557, 294546
20, 1050, 14, 289829, 290204
20, 1060, 14, 288122, 293015
20, 1070, 14, 287222, 290043
20, 1080, 14, 285834, 288811
20, 1090, 14, 283626, 288938
20, 1100, 14, 280478, 286565
20, 1110, 14, 280264, 280264
20, 1120, 14, 280002, 282817
20, 1130, 14, 277976, 282445
20, 1140, 14, 275578, 277679
20, 1150, 14, 273479, 274980
20, 1160, 14, 272766, 276453
20, 1170, 14, 272370, 275266
20, 1180, 14, 271311, 274706
20, 1190, 14, 269849, 272811
20, 1200, 14, 269078, 269191
20, 1210, 14, 267146, 271474
20, 1220, 14, 265573, 268123
20, 1230, 14, 264794, 268252
20, 1240, 14, 261333, 265172
20, 1250, 14, 260788, 262579
20, 1260, 14, 259206, 261811
20, 1270, 14, 258618, 258852
20, 1280, 14, 257995, 260220
20, 1290, 14, 257606, 262123
20, 1300, 14, 256551, 257668
20, 1310, 14, 255395, 258045
20, 1320, 14, 254566, 258084
20, 1330, 14, 252988, 258274
20, 1340, 14, 252331, 256765
20, 1350, 14, 251444, 252424
20, 1360, 14, 250099, 252920
20, 1370, 14, 248458, 250595
20, 1380, 14, 248344, 252004
20, 1390, 14, 247635, 251295
20, 1400, 14, 247061, 250239
20, 1410, 14, 245282, 246312
20, 1420, 14, 243342, 247037
20, 1430, 14, 243257, 246237
20, 1440, 14, 242616, 244417
20, 1450, 14, 241917, 245518
20, 1460, 14, 240862, 242990
20, 1470, 14, 240199, 242501
20, 1480, 14, 238771, 240218
20, 1490, 14, 237199, 238906
20, 1500, 14, 236867, 237992
20, 1510, 14, 236182, 237882
20, 1520, 14, 235828, 237976
20, 1530, 14, 235497, 240476
20, 1540, 14, 235178, 236334
20, 1550, 14, 234192, 236105
20, 1560, 14, 233302, 233631
20, 1570, 14, 231527, 234487
20, 1580, 14, 231427, 233449
20, 1590, 14, 230983, 232254
20, 1600, 14, 229276, 231971
20, 1610, 14, 228922, 229294
20, 1620, 14, 228534, 232340
20, 1630, 14, 228404, 231568
20, 1640, 14, 227769, 230548
20, 1650, 14, 227347, 229875
20, 1660, 14, 227247, 229332
20, 1670, 14, 226738, 230210
20, 1680, 14, 226247, 227957
20, 1690, 14, 226215, 228542
20, 1700, 14, 226050, 227509
20, 1710, 14, 225838, 227744
20, 1720, 14, 225358, 226708
20, 1730, 14, 225358, 228999
20, 1740, 14, 224096, 226493
20, 1750, 14, 223688, 226023
20, 1760, 14, 223137, 224736
20, 1770, 14, 222715, 225373
20, 1780, 14, 221470, 226231
20, 1790, 14, 221342, 223400
20, 1800, 14, 221125, 223595
20, 1810, 14, 219769, 221383
20, 1820, 14, 218587, 218587
20, 1830, 14, 217488, 219722
20, 1840, 14, 215696, 217488
20, 1850, 14, 214720, 216593
20, 1860, 14, 213240, 216456
20, 1870, 14, 212032, 212470
20, 1880, 14, 210695, 214097
20, 1890, 14, 210444, 213097
20, 1900, 14, 210138, 212365
20, 1910, 14, 209084, 211372
20, 1920, 14, 209084, 209084
20, 1930, 14, 208643, 211395
20, 1940, 14, 208643, 211002
20, 1950, 14, 207175, 209841
20, 1960, 14, 206881, 210066
20, 1970, 14, 206757, 209435
20, 1980, 14, 206502, 208056
20, 1990, 14, 206329, 208941
20, 2000, 14, 206249, 207699
20, 2010, 14, 204697, 208323
20, 2020, 14, 204454, 208649
20, 2030, 14, 204279, 206892
20, 2040, 14, 203960, 209507
20, 2050, 14, 203879, 203960
20, 2060, 14, 203084, 205537
20, 2070, 14, 202527, 206557
20, 2080, 14, 202118, 204975
20, 2090, 14, 201960, 204492
20, 2100, 14, 200473, 203350
20, 2110, 14, 200179, 201291
20, 2120, 14, 199931, 201811
20, 2130, 14, 199022, 201051
20, 2140, 14, 199022, 201806
20, 2150, 14, 198812, 201621
20, 2160, 14, 198184, 200327
20, 2170, 14, 197796, 200611
20, 2180, 14, 197653, 200955
20, 2190, 14, 196824, 200396
20, 2200, 14, 196752, 197370
20, 2210, 14, 196124, 199343
20, 2220, 14, 196124, 198882
20, 2230, 14, 196083, 197526
20, 2240, 14, 195450, 199862
20, 2250, 14, 195441, 197420
20, 2260, 14, 194668, 195441
20, 2270, 14, 194404, 197744
20, 2280, 14, 193858, 195523
20, 2290, 14, 193832, 196860
20, 2300, 14, 193108, 194264
20, 2310, 14, 192854, 196441
20, 2320, 14, 190910, 194368
20, 2330, 14, 190910, 194320
20, 2340, 14, 190910, 193363
20, 2350, 14, 190345, 194713
20, 2360, 14, 189709, 194898
20, 2370, 14, 188892, 190063
20, 2380, 14, 188645, 190151
20, 2390, 14, 188010, 190269
20, 2400, 14, 188010, 189414
20, 2410, 14, 187927, 191025
20, 2420, 14, 187707, 192165
20, 2430, 14, 187707, 189270
20, 2440, 14, 186076, 190383
20, 2450, 14, 185808, 186000
20, 2460, 14, 185128, 186230
20, 2470, 14, 184928, 187203
20, 2480, 14, 184928, 187972
20, 2490, 14, 184352, 189276
20, 2500, 14, 183939, 186109
20, 2510, 14, 183683, 187670
20, 2520, 14, 183683, 184897
20, 2530, 14, 183415, 187900
20, 2540, 14, 183271, 186424
20, 2550, 14, 183230, 183339
20, 2560, 14, 182831, 184995
20, 2570, 14, 182831, 185144
20, 2580, 14, 182831, 185271
20, 2590, 14, 182253, 182708
20, 2600, 14, 181378, 183255
20, 2610, 14, 180732, 185321
20, 2620, 14, 180450, 184447
20, 2630, 14, 180298, 181466
20, 2640, 14, 180070, 181123
20, 2650, 14, 179902, 182011
20, 2660, 14, 179593, 181566
20, 2670, 14, 179593, 183707
20, 2680, 14, 179337, 181345
20, 2690, 14, 179167, 182551
20, 2700, 14, 178523, 181667
20, 2710, 14, 177872, 179824
20, 2720, 14, 177542, 180253
20, 2730, 14, 177542, 180314
20, 2740, 14, 177542, 181192
20, 2750, 14, 177365, 180161
20, 2760, 14, 176712, 178905
20, 2770, 14, 176712, 179687
20, 2780, 14, 176712, 178635
20, 2790, 14, 176348, 178380
20, 2800, 14, 176271, 182149
20, 2810, 14, 175922, 178628
20, 2820, 14, 175878, 178058
20, 2830, 14, 175361, 178792
20, 2840, 14, 175266, 175266
20, 2850, 14, 175266, 178129
20, 2860, 14, 174762, 176142
20, 2870, 14, 174762, 176108
20, 2880, 14, 174757, 176090
20, 2890, 14, 174544, 175837
20, 2900, 14, 173965, 177996
20, 2910, 14, 173433, 173433
20, 2920, 14, 173291, 175525
20, 2930, 14, 172765, 174857
20, 2940, 14, 172141, 177263
20, 2950, 14, 171516, 172694
20, 2960, 14, 170131, 173928
20, 2970, 14, 169807, 171510
20, 2980, 14, 169492, 173330
20, 2990, 14, 169492, 170978
20, 3000, 14, 169393, 173551
20, 3010, 14, 169173, 172481
20, 3020, 14, 168955, 172816
20, 3030, 14, 168951, 169742
20, 3040, 14, 168706, 171520
20, 3050, 14, 168424, 171853
20, 3060, 14, 168424, 170945
20, 3070, 14, 168228, 170374
20, 3080, 14, 168028, 168261
20, 3090, 14, 167740, 170981
20, 3100, 14, 167740, 170103
20, 3110, 14, 167370, 167424
20, 3120, 14, 167128, 170379
20, 3130, 14, 167071, 169069
20, 3140, 14, 166104, 167971
20, 3150, 14, 166059, 168533
20, 3160, 14, 166059, 167176
20, 3170, 14, 164914, 166059
20, 3180, 14, 164441, 168150
20, 3190, 14, 164272, 164878
20, 3200, 14, 163778, 166010
20, 3210, 14, 163599, 166070
20, 3220, 14, 163131, 167963
20, 3230, 14, 163042, 165361
20, 3240, 14, 162960, 166676
20, 3250, 14, 162749, 163464
20, 3260, 14, 162022, 165677
20, 3270, 14, 160836, 164212
20, 3280, 14, 160836, 163345
20, 3290, 14, 160777, 161823
20, 3300, 14, 160504, 161645
20, 3310, 14, 160259, 161420
20, 3320, 14, 160259, 163497
20, 3330, 14, 160259, 160259
20, 3340, 14, 160259, 163022
20, 3350, 14, 160041, 161611
20, 3360, 14, 159800, 161440
20, 3370, 14, 159223, 161435
20, 3380, 14, 158498, 161765
20, 3390, 14, 157784, 161584
20, 3400, 14, 157225, 161618
20, 3410, 14, 157225, 159404
20, 3420, 14, 157225, 159498
20, 3430, 14, 156844, 158772
20, 3440, 14, 156337, 156844
20, 3450, 14, 155778, 156968
20, 3460, 14, 155778, 155778
20, 3470, 14, 155442, 158998
20, 3480, 14, 155024, 157888
20, 3490, 14, 154701, 154701
20, 3500, 14, 154367, 160759
20, 3510, 14, 154075, 157442
20, 3520, 14, 153269, 154326
20, 3530, 14, 153162, 156593
20, 3540, 14, 153124, 154967
20, 3550, 14, 153124, 154128
20, 3560, 14, 152804, 154808
20, 3570, 14, 152631, 154813
20, 3580, 14, 152520, 153161
20, 3590, 14, 152520, 154931
20, 3600, 14, 151490, 153490
20, 3610, 14, 151295, 151295
20, 3620, 14, 151262, 153490
20, 3630, 14, 151026, 153237
20, 3640, 14, 151011, 154769
20, 3650, 14, 150887, 151011
20, 3660, 14, 150356, 151647
20, 3670, 14, 150356, 153129
20, 3680, 14, 150356, 150934
20, 3690, 14, 150032, 150894
20, 3700, 14, 149552, 150909
20, 3710, 14, 149552, 153835
20, 3720, 14, 149552, 149552
20, 3730, 14, 149049, 149691
20, 3740, 14, 149049, 149994
20, 3750, 14, 149049, 150097
20, 3760, 14, 149049, 149318
20, 3770, 14, 148733, 150645
20, 3780, 14, 148733, 148733
20, 3790, 14, 148733, 148820
20, 3800, 14, 148559, 150417
20, 3810, 14, 148559, 149633
20, 3820, 14, 148559, 150071
20, 3830, 14, 148527, 152248
20, 3840, 14, 148527, 150929
20, 3850, 14, 147721, 149535
20, 3860, 14, 147721, 148583
20, 3870, 14, 146479, 150403
20, 3880, 14, 145492, 145551
20, 3890, 14, 145492, 149181
20, 3900, 14, 145328, 148982
20, 3910, 14, 145328, 148379
20, 3920, 14, 145328, 146944
20, 3930, 14, 145195, 147060
20, 3940, 14, 145124, 145843
20, 3950, 14, 145079, 147284
20, 3960, 14, 144328, 148372
20, 3970, 14, 144314, 149685
20, 3980, 14, 144314, 147897
20, 3990, 14, 144314, 146407
20, 4000, 14, 144140, 147206
20, 4010, 14, 144114, 145343
20, 4020, 14, 144029, 147328
20, 4030, 14, 143761, 145561
20, 4040, 14, 143590, 144231
20, 4050, 14, 143563, 146460
20, 4060, 14, 143563, 148349
20, 4070, 14, 143363, 146478
20, 4080, 14, 143330, 149570
20, 4090, 14, 143055, 144165
20, 4100, 14, 142497, 147111
20, 4110, 14, 142078, 145673
20, 4120, 14, 142078, 145192
20, 4130, 14, 142078, 144992
20, 4140, 14, 142078, 144135
20, 4150, 14, 141525, 144264
20, 4160, 14, 141525, 142812
20, 4170, 14, 141514, 142834
20, 4180, 14, 141514, 141777
20, 4190, 14, 141226, 142019
20, 4200, 14, 140699, 140880
20, 4210, 14, 140643, 141773
20, 4220, 14, 140356, 144593
20, 4230, 14, 140356, 142320
20, 4240, 14, 140126, 142262
20, 4250, 14, 139955, 139955
20, 4260, 14, 139766, 139955
20, 4270, 14, 139766, 139766
20, 4280, 14, 139766, 141154
20, 4290, 14, 139394, 142460
20, 4300, 14, 138458, 141593
20, 4310, 14, 138371, 140718
20, 4320, 14, 138120, 144967
20, 4330, 14, 138010, 138010
20, 4340, 14, 137978, 138010
20, 4350, 14, 137978, 140244
20, 4360, 14, 137711, 140428
20, 4370, 14, 137312, 140057
20, 4380, 14, 137079, 139314
20, 4390, 14, 136579, 138232
20, 4400, 14, 136385, 138982
20, 4410, 14, 135759, 136886
20, 4420, 14, 135759, 135759
20, 4430, 14, 135651, 136023
20, 4440, 14, 135651, 135651
20, 4450, 14, 135651, 136572
20, 4460, 14, 135270, 135270
20, 4470, 14, 135177, 135733
20, 4480, 14, 134746, 135089
20, 4490, 14, 134564, 136920
20, 4500, 14, 134223, 138193
20, 4510, 14, 133613, 135408
20, 4520, 14, 133613, 136824
20, 4530, 14, 133160, 133505
20, 4540, 14, 132796, 133076
20, 4550, 14, 132796, 134502
20, 4560, 14, 132733, 134001
20, 4570, 14, 132538, 132733
20, 4580, 14, 132538, 136524
20, 4590, 14, 132123, 132538
20, 4600, 14, 132103, 132123
20, 4610, 14, 131808, 136189
20, 4620, 14, 131808, 136842
20, 4630, 14, 131343, 134535
20, 4640, 14, 131343, 132130
20, 4650, 14, 131085, 132980
20, 4660, 14, 131009, 132376
20, 4670, 14, 131009, 131009
20, 4680, 14, 131009, 132211
20, 4690, 14, 130868, 132980
20, 4700, 14, 130712, 136115
20, 4710, 14, 130656, 134327
20, 4720, 14, 130656, 131056
20, 4730, 14, 130656, 131786
20, 4740, 14, 130077, 133028
20, 4750, 14, 130016, 132332
20, 4760, 14, 129651, 133028
20, 4770, 14, 129651, 130201
20, 4780, 14, 129651, 130975
20, 4790, 14, 129651, 130845
20, 4800, 14, 129571, 134831
20, 4810, 14, 129571, 131035
20, 4820, 14, 129565, 129740
20, 4830, 14, 129467, 130829
20, 4840, 14, 129436, 129436
20, 4850, 14, 129436, 131140
20, 4860, 14, 129277, 131696
20, 4870, 14, 129219, 130571
20, 4880, 14, 129180, 131386
20, 4890, 14, 129180, 130268
20, 4900, 14, 129135, 133398
20, 4910, 14, 129027, 129135
20, 4920, 14, 128963, 132930
20, 4930, 14, 128879, 129571
20, 4940, 14, 128703, 130139
20, 4950, 14, 128702, 133011
20, 4960, 14, 128702, 130297
20, 4970, 14, 128702, 131353
20, 4980, 14, 128697, 130275
20, 4990, 14, 128697, 128697
20, 5000, 14, 128552, 131772
20, 5010, 14, 128404, 130786
20, 5020, 14, 128404, 128404
20, 5030, 14, 128404, 130001
20, 5040, 14, 128404, 132794
20, 5050, 14, 128404, 128527
20, 5060, 14, 128404, 131854
20, 5070, 14, 127724, 130804
20, 5080, 14, 127542, 127598
20, 5090, 14, 127542, 129448
20, 5100, 14, 127266, 129123
20, 5110, 14, 127159, 130516
20, 5120, 14, 126950, 129853
20, 5130, 14, 126610, 127974
20, 5140, 14, 126610, 129502
20, 5150, 14, 126604, 130658
20, 5160, 14, 126494, 128750
20, 5170, 14, 126454, 126494
20, 5180, 14, 126454, 130379
20, 5190, 14, 126205, 127960
20, 5200, 14, 126205, 126231
20, 5210, 14, 126205, 127343
20, 5220, 14, 126086, 130088
20, 5230, 14, 126038, 129014
20, 5240, 14, 126038, 126038
20, 5250, 14, 126038, 130090
20, 5260, 14, 125672, 127498
20, 5270, 14, 125672, 129233
20, 5280, 14, 125672, 128796
20, 5290, 14, 125660, 127415
20, 5300, 14, 125628, 127344
20, 5310, 14, 125600, 126966
20, 5320, 14, 125600, 125600
20, 5330, 14, 125600, 126024
20, 5340, 14, 125239, 125239
20, 5350, 14, 125025, 127830
20, 5360, 14, 124929, 126784
20, 5370, 14, 124929, 126537
20, 5380, 14, 124795, 125945
20, 5390, 14, 124464, 124514
20, 5400, 14, 124394, 126049
20, 5410, 14, 124279, 124279
20, 5420, 14, 124279, 125568
20, 5430, 14, 124279, 124279
20, 5440, 14, 124279, 127014
20, 5450, 14, 124270, 124279
20, 5460, 14, 124260, 129730
20, 5470, 14, 124207, 126736
20, 5480, 14, 124081, 127991
20, 5490, 14, 124081, 126768
20, 5500, 14, 124081, 126034
20, 5510, 14, 124081, 125662
20, 5520, 14, 123998, 126764
20, 5530, 14, 123979, 124093
20, 5540, 14, 123979, 124844
20, 5550, 14, 123979, 127048
20, 5560, 14, 123965, 131605
20, 5570, 14, 123965, 125904
20, 5580, 14, 123701, 123790
20, 5590, 14, 123701, 123701
20, 5600, 14, 123701, 127662
20, 5610, 14, 123316, 126323
20, 5620, 14, 123316, 124089
20, 5630, 14, 123058, 126690
20, 5640, 14, 123058, 124880
20, 5650, 14, 123058, 125014
20, 5660, 14, 123058, 123418
20, 5670, 14, 123058, 124187
20, 5680, 14, 122932, 123058
20, 5690, 14, 122932, 126448
20, 5700, 14, 122842, 123747
20, 5710, 14, 122628, 123538
20, 5720, 14, 122628, 122757
20, 5730, 14, 122616, 123064
20, 5740, 14, 122616, 122616
20, 5750, 14, 122331, 122616
20, 5760, 14, 122331, 125308
20, 5770, 14, 122142, 123715
20, 5780, 14, 121950, 122720
20, 5790, 14, 121950, 122142
20, 5800, 14, 121874, 123923
20, 5810, 14, 121874, 122619
20, 5820, 14, 121186, 122976
20, 5830, 14, 121186, 121186
20, 5840, 14, 121186, 122802
20, 5850, 14, 121186, 121844
20, 5860, 14, 120705, 123776
20, 5870, 14, 120591, 120591
20, 5880, 14, 120591, 121803
20, 5890, 14, 120591, 120591
20, 5900, 14, 120591, 120591
20, 5910, 14, 120591, 124512
20, 5920, 14, 120564, 121471
20, 5930, 14, 120528, 122410
20, 5940, 14, 120528, 124070
20, 5950, 14, 120528, 121239
20, 5960, 14, 120422, 124498
20, 5970, 14, 120422, 121604
20, 5980, 14, 120422, 120422
20, 5990, 14, 120260, 120422
20, 6000, 14, 120260, 123182
20, 6010, 14, 120260, 122045
20, 6020, 14, 120260, 120260
20, 6030, 14, 120260, 120979
20, 6040, 14, 120199, 121602
20, 6050, 14, 120199, 121525
20, 6060, 14, 119562, 123946
20, 6070, 14, 119562, 123408
20, 6080, 14, 119516, 122347
20, 6090, 14, 119516, 122229
20, 6100, 14, 119137, 119516
20, 6110, 14, 119137, 121446
20, 6120, 14, 119137, 119137
20, 6130, 14, 119137, 120850
20, 6140, 14, 118828, 121855
20, 6150, 14, 118828, 120671
20, 6160, 14, 118095, 118728
20, 6170, 14, 118095, 119850
20, 6180, 14, 118095, 118937
20, 6190, 14, 118095, 118495
20, 6200, 14, 117741, 118065
20, 6210, 14, 117611, 119392
20, 6220, 14, 117553, 117699
20, 6230, 14, 117199, 117542
20, 6240, 14, 117188, 120332
20, 6250, 14, 116866, 117904
20, 6260, 14, 116866, 119789
20, 6270, 14, 116758, 117532
20, 6280, 14, 116615, 118991
20, 6290, 14, 116433, 117397
20, 6300, 14, 116433, 116433
20, 6310, 14, 116370, 118650
20, 6320, 14, 116287, 119660
20, 6330, 14, 116287, 118250
20, 6340, 14, 116262, 118222
20, 6350, 14, 116262, 116262
20, 6360, 14, 116262, 116262
20, 6370, 14, 116114, 116262
20, 6380, 14, 116114, 116114
20, 6390, 14, 115448, 121249
20, 6400, 14, 115393, 117603
20, 6410, 14, 115119, 116515
20, 6420, 14, 115119, 115119
20, 6430, 14, 114940, 117892
20, 6440, 14, 114940, 118075
20, 6450, 14, 114940, 114940
20, 6460, 14, 114940, 119521
20, 6470, 14, 114940, 117673
20, 6480, 14, 114751, 116863
20, 6490, 14, 114751, 119387
20, 6500, 14, 114751, 115689
20, 6510, 14, 114581, 116394
20, 6520, 14, 114581, 118063
20, 6530, 14, 114581, 117123
20, 6540, 14, 114571, 114856
20, 6550, 14, 114393, 114930
20, 6560, 14, 114144, 117324
20, 6570, 14, 114028, 116198
20, 6580, 14, 114028, 114028
20, 6590, 14, 114028, 118218
20, 6600, 14, 114028, 118863
20, 6610, 14, 114028, 115140
20, 6620, 14, 114028, 118079
20, 6630, 14, 113363, 116439
20, 6640, 14, 113029, 115151
20, 6650, 14, 112967, 114888
20, 6660, 14, 112893, 116050
20, 6670, 14, 112893, 112893
20, 6680, 14, 112893, 113234
20, 6690, 14, 112893, 115884
20, 6700, 14, 112893, 112893
20, 6710, 14, 112800, 112893
20, 6720, 14, 112800, 114540
20, 6730, 14, 112285, 112590
20, 6740, 14, 112034, 112034
20, 6750, 14, 112034, 114455
20, 6760, 14, 111993, 112034
20, 6770, 14, 111993, 113237
20, 6780, 14, 111993, 111993
20, 6790, 14, 111756, 111993
20, 6800, 14, 111756, 112589
20, 6810, 14, 111756, 112978
20, 6820, 14, 111756, 114355
20, 6830, 14, 111756, 111756
20, 6840, 14, 111756, 111926
20, 6850, 14, 111756, 111956
20, 6860, 14, 111756, 111756
20, 6870, 14, 111702, 111702
20, 6880, 14, 111561, 111561
20, 6890, 14, 111275, 111409
20, 6900, 14, 111007, 111944
20, 6910, 14, 110977, 112758
20, 6920, 14, 110777, 111815
20, 6930, 14, 110723, 110777
20, 6940, 14, 110578, 118338
20, 6950, 14, 110578, 110578
20, 6960, 14, 110527, 114838
20, 6970, 14, 110450, 110527
20, 6980, 14, 110386, 112504
20, 6990, 14, 110386, 113181
20, 7000, 14, 110386, 111781
20, 7010, 14, 110386, 112729
20, 7020, 14, 109630, 113220
20, 7030, 14, 109571, 110940
20, 7040, 14, 109479, 110360
20, 7050, 14, 109479, 109649
20, 7060, 14, 109402, 112420
20, 7070, 14, 109402, 111751
20, 7080, 14, 109272, 111070
20, 7090, 14, 108563, 111070
20, 7100, 14, 108224, 108684
20, 7110, 14, 107953, 107953
20, 7120, 14, 107745, 107953
20, 7130, 14, 107474, 108044
20, 7140, 14, 107423, 110343
20, 7150, 14, 107423, 109321
20, 7160, 14, 107423, 107423
20, 7170, 14, 107423, 107764
20, 7180, 14, 107023, 107551
20, 7190, 14, 107023, 107023
20, 7200, 14, 106941, 107819
20, 7210, 14, 106941, 107454
20, 7220, 14, 106868, 109202
20, 7230, 14, 106692, 107121
20, 7240, 14, 106692, 106692
20, 7250, 14, 106692, 106692
20, 7260, 14, 106441, 106692
20, 7270, 14, 106306, 106441
20, 7280, 14, 106230, 108495
20, 7290, 14, 106230, 106230
20, 7300, 14, 105778, 105853
20, 7310, 14, 105756, 108165
20, 7320, 14, 105756, 107700
20, 7330, 14, 105756, 105756
20, 7340, 14, 105756, 105981
20, 7350, 14, 105626, 108553
20, 7360, 14, 105538, 108344
20, 7370, 14, 105348, 107548
20, 7380, 14, 105348, 107691
20, 7390, 14, 105348, 105348
20, 7400, 14, 105233, 105348
20, 7410, 14, 105233, 106961
20, 7420, 14, 105233, 106127
20, 7430, 14, 105113, 107969
20, 7440, 14, 105113, 105113
20, 7450, 14, 104745, 104854
20, 7460, 14, 104745, 105040
20, 7470, 14, 104745, 104745
20, 7480, 14, 104745, 106142
20, 7490, 14, 104745, 107618
20, 7500, 14, 104625, 107026
20, 7510, 14, 104625, 105529
20, 7520, 14, 104459, 108435
20, 7530, 14, 103920, 105152
20, 7540, 14, 103920, 103920
20, 7550, 14, 103920, 104261
20, 7560, 14, 103653, 105629
20, 7570, 14, 103621, 106279
20, 7580, 14, 103621, 105614
20, 7590, 14, 103621, 106464
20, 7600, 14, 103621, 103621
20, 7610, 14, 103410, 103621
20, 7620, 14, 103410, 103410
20, 7630, 14, 103326, 103410
20, 7640, 14, 103226, 103226
20, 7650, 14, 103179, 105756
20, 7660, 14, 103139, 103179
20, 7670, 14, 103139, 103139
20, 7680, 14, 103139, 105548
20, 7690, 14, 103139, 103139
20, 7700, 14, 103086, 103139
20, 7710, 14, 103070, 103070
20, 7720, 14, 103055, 105345
20, 7730, 14, 103055, 105530
20, 7740, 14, 102881, 103055
20, 7750, 14, 102281, 102281
20, 7760, 14, 102281, 102281
20, 7770, 14, 102281, 102897
20, 7780, 14, 102204, 104026
20, 7790, 14, 102182, 102204
20, 7800, 14, 101720, 102182
20, 7810, 14, 101720, 103806
20, 7820, 14, 101697, 101734
20, 7830, 14, 101697, 101697
20, 7840, 14, 101497, 103679
20, 7850, 14, 101497, 106215
20, 7860, 14, 101497, 101497
20, 7870, 14, 101497, 103462
20, 7880, 14, 101497, 101497
20, 7890, 14, 101259, 101259
20, 7900, 14, 101259, 101946
20, 7910, 14, 101259, 101986
20, 7920, 14, 101259, 105524
20, 7930, 14, 101259, 101259
20, 7940, 14, 100983, 105435
20, 7950, 14, 100857, 102034
20, 7960, 14, 100857, 102284
20, 7970, 14, 100804, 103205
20, 7980, 14, 100804, 100804
20, 7990, 14, 100790, 100804
20, 8000, 14, 100790, 100790
20, 8010, 14, 100539, 104581
20, 8020, 14, 100539, 104025
20, 8030, 14, 100477, 100539
20, 8040, 14, 100477, 100477
20, 8050, 14, 100477, 103677
20, 8060, 14, 100369, 101537
20, 8070, 14, 99901, 102339
20, 8080, 14, 99901, 100841
20, 8090, 14, 99901, 102712
20, 8100, 14, 99901, 99901
20, 8110, 14, 99901, 99901
20, 8120, 14, 99901, 99901
20, 8130, 14, 99901, 99901
20, 8140, 14, 99901, 99901
20, 8150, 14, 99901, 100606
20, 8160, 14, 99425, 99501
20, 8170, 14, 99425, 101204
20, 8180, 14, 99425, 99948
20, 8190, 14, 98915, 100892
20, 8200, 14, 98915, 100701
20, 8210, 14, 98906, 98906
20, 8220, 14, 98906, 99611
20, 8230, 14, 98895, 101384
20, 8240, 14, 98844, 98895
20, 8250, 14, 98844, 98844
20, 8260, 14, 98844, 98844
20, 8270, 14, 98844, 98844
20, 8280, 14, 98844, 100415
20, 8290, 14, 98561, 98561
20, 8300, 14, 98561, 98561
20, 8310, 14, 98561, 98561
20, 8320, 14, 98436, 99234
20, 8330, 14, 98319, 98561
20, 8340, 14, 98254, 100593
20, 8350, 14, 98088, 98088
20, 8360, 14, 98088, 98088
20, 8370, 14, 98088, 101467
20, 8380, 14, 98088, 98088
20, 8390, 14, 97741, 101889
20, 8400, 14, 97701, 98187
20, 8410, 14, 97701, 99237
20, 8420, 14, 97578, 97578
20, 8430, 14, 97578, 101465
20, 8440, 14, 97578, 97578
20, 8450, 14, 97578, 98038
20, 8460, 14, 97578, 97578
20, 8470, 14, 97578, 99539
20, 8480, 14, 97578, 101657
20, 8490, 14, 97578, 98799
20, 8500, 14, 97571, 99178
20, 8510, 14, 97547, 97571
20, 8520, 14, 97547, 97547
20, 8530, 14, 97402, 97547
20, 8540, 14, 97402, 98443
20, 8550, 14, 97210, 97312
20, 8560, 14, 97210, 97210
20, 8570, 14, 97210, 97210
20, 8580, 14, 97210, 98403
20, 8590, 14, 97210, 97210
20, 8600, 14, 97210, 97334
20, 8610, 14, 97210, 99751
20, 8620, 14, 97210, 98398
20, 8630, 14, 97210, 97210
20, 8640, 14, 97210, 97692
20, 8650, 14, 97192, 99622
20, 8660, 14, 97192, 97192
20, 8670, 14, 96792, 98940
20, 8680, 14, 96792, 98861
20, 8690, 14, 96792, 97447
20, 8700, 14, 96792, 96792
20, 8710, 14, 96758, 96758
20, 8720, 14, 96758, 99841
20, 8730, 14, 96658, 96758
20, 8740, 14, 96065, 96658
20, 8750, 14, 95865, 96065
20, 8760, 14, 95865, 96171
20, 8770, 14, 95789, 96624
20, 8780, 14, 95789, 95789
20, 8790, 14, 95549, 96218
20, 8800, 14, 95549, 99998
20, 8810, 14, 95480, 99686
20, 8820, 14, 95318, 95835
20, 8830, 14, 95158, 96162
20, 8840, 14, 95158, 96682
20, 8850, 14, 95158, 98618
20, 8860, 14, 95158, 95158
20, 8870, 14, 95158, 96114
20, 8880, 14, 95158, 95158
20, 8890, 14, 95118, 95158
20, 8900, 14, 95118, 95118
20, 8910, 14, 94870, 97914
20, 8920, 14, 94745, 94745
20, 8930, 14, 94745, 96706
20, 8940, 14, 94745, 97872
20, 8950, 14, 94680, 97021
20, 8960, 14, 94680, 94680
20, 8970, 14, 94680, 96411
20, 8980, 14, 94680, 94680
20, 8990, 14, 94680, 96383
20, 9000, 14, 94680, 94680
20, 9010, 14, 94434, 96176
20, 9020, 14, 94434, 96693
20, 9030, 14, 94408, 95375
20, 9040, 14, 94408, 94408
20, 9050, 14, 94399, 95148
20, 9060, 14, 94114, 94114
20, 9070, 14, 94114, 94114
20, 9080, 14, 94114, 94114
20, 9090, 14, 94114, 95361
20, 9100, 14, 94114, 94114
20, 9110, 14, 94114, 99099
20, 9120, 14, 94114, 94114
20, 9130, 14, 94033, 94114
20, 9140, 14, 94033, 95573
20, 9150, 14, 93969, 96151
20, 9160, 14, 93969, 95785
20, 9170, 14, 93969, 93969
20, 9180, 14, 93969, 95805
20, 9190, 14, 93969, 95806
20, 9200, 14, 93919, 93969
20, 9210, 14, 93727, 93727
20, 9220, 14, 93727, 96683
20, 9230, 14, 93727, 93727
20, 9240, 14, 93670, 95278
20, 9250, 14, 93475, 93475
20, 9260, 14, 93462, 93475
20, 9270, 14, 93462, 95251
20, 9280, 14, 93401, 93967
20, 9290, 14, 92976, 94319
20, 9300, 14, 92976, 95887
20, 9310, 14, 92976, 92976
20, 9320, 14, 92976, 92976
20, 9330, 14, 92976, 93788
20, 9340, 14, 92802, 96239
20, 9350, 14, 92795, 92795
20, 9360, 14, 92795, 92795
20, 9370, 14, 92795, 92795
20, 9380, 14, 92795, 95371
20, 9390, 14, 92795, 92851
20, 9400, 14, 92795, 94017
20, 9410, 14, 92795, 92795
20, 9420, 14, 92795, 92795
20, 9430, 14, 92693, 92693
20, 9440, 14, 92693, 92693
20, 9450, 14, 92693, 96415
20, 9460, 14, 92693, 96951
20, 9470, 14, 92373, 92373
20, 9480, 14, 92224, 92224
20, 9490, 14, 92224, 94538
20, 9500, 14, 92224, 93589
20, 9510, 14, 92224, 92224
20, 9520, 14, 91910, 94484
20, 9530, 14, 91854, 92907
20, 9540, 14, 91854, 91854
20, 9550, 14, 91854, 91854
20, 9560, 14, 91854, 93493
20, 9570, 14, 91778, 91819
20, 9580, 14, 91775, 91778
20, 9590, 14, 91775, 91775
20, 9600, 14, 91775, 94773
20, 9610, 14, 91757, 93754
20, 9620, 14, 91757, 91757
20, 9630, 14, 91757, 91757
20, 9640, 14, 91757, 91757
20, 9650, 14, 91757, 92489
20, 9660, 14, 91757, 91757
20, 9670, 14, 91713, 92861
20, 9680, 14, 91713, 91713
20, 9690, 14, 91713, 95034
20, 9700, 14, 91713, 92951
20, 9710, 14, 91713, 91713
20, 9720, 14, 91713, 96493
20, 9730, 14, 91366, 91713
20, 9740, 14, 91366, 93664
20, 9750, 14, 91366, 92301
20, 9760, 14, 91250, 91366
20, 9770, 14, 91219, 91219
20, 9780, 14, 91219, 91219
20, 9790, 14, 91090, 93259
20, 9800, 14, 91090, 93508
20, 9810, 14, 91051, 91090
20, 9820, 14, 90863, 92375
20, 9830, 14, 90790, 90790
20, 9840, 14, 90790, 90790
20, 9850, 14, 90790, 90790
20, 9860, 14, 90790, 91872
20, 9870, 14, 90790, 90790
20, 9880, 14, 90739, 90790
20, 9890, 14, 90672, 90672
20, 9900, 14, 90672, 92723
20, 9910, 14, 90672, 90672
20, 9920, 14, 90672, 90672
20, 9930, 14, 90672, 93074
20, 9940, 14, 90672, 90672
20, 9950, 14, 90672, 93878
20, 9960, 14, 90672, 90672
20, 9970, 14, 90672, 90832
20, 9980, 14, 90672, 94046
20, 9990, 14, 90672, 90871
20, 10000, 14, 90672, 90672
20, 10010, 14, 90407, 92900
20, 10020, 14, 90107, 90107
20, 10030, 14, 90107, 90612
20, 10040, 14, 90045, 93661
20, 10050, 14, 90045, 90045
20, 10060, 14, 90045, 91951
20, 10070, 14, 90045, 90045
20, 10080, 14, 90045, 90045
20, 10090, 14, 90045, 90045
20, 10100, 14, 90045, 90045
20, 10110, 14, 89986, 89986
20, 10120, 14, 89930, 91375
20, 10130, 14, 89788, 92880
20, 10140, 14, 89788, 91660
20, 10150, 14, 89788, 89788
20, 10160, 14, 89788, 89788
20, 10170, 14, 89741, 89741
20, 10180, 14, 89741, 91655
20, 10190, 14, 89741, 89741
20, 10200, 14, 89741, 89741
20, 10210, 14, 89741, 91421
20, 10220, 14, 89741, 89741
20, 10230, 14, 89741, 89741
20, 10240, 14, 89741, 89741
20, 10250, 14, 89683, 89683
20, 10260, 14, 89584, 90145
20, 10270, 14, 89584, 90496
20, 10280, 14, 89418, 89493
20, 10290, 14, 89342, 89342
20, 10300, 14, 89313, 90755
20, 10310, 14, 89313, 89313
20, 10320, 14, 89313, 96230
20, 10330, 14, 89313, 89313
20, 10340, 14, 89235, 89255
20, 10350, 14, 89235, 91554
20, 10360, 14, 89235, 89235
20, 10370, 14, 89235, 89235
20, 10380, 14, 89235, 89235
20, 10390, 14, 89235, 90001
20, 10400, 14, 89235, 89235
20, 10410, 14, 89235, 89235
20, 10420, 14, 89235, 89235
20, 10430, 14, 89151, 89151
20, 10440, 14, 89151, 89151
20, 10450, 14, 89151, 89151
20, 10460, 14, 89151, 90023
20, 10470, 14, 89151, 89151
20, 10480, 14, 89151, 92027
20, 10490, 14, 89151, 89151
20, 10500, 14, 89151, 89499
20, 10510, 14, 89118, 89118
20, 10520, 14, 89118, 89118
20, 10530, 14, 89118, 91667
20, 10540, 14, 89118, 90182
20, 10550, 14, 89118, 89118
20, 10560, 14, 89118, 89118
20, 10570, 14, 89118, 89118
20, 10580, 14, 89118, 89118
20, 10590, 14, 89118, 92000
20, 10600, 14, 89118, 89118
20, 10610, 14, 89010, 89010
20, 10620, 14, 89010, 89010
20, 10630, 14, 88979, 89010
20, 10640, 14, 88979, 88979
20, 10650, 14, 88892, 88892
20, 10660, 14, 88892, 88892
20, 10670, 14, 88892, 91173
20, 10680, 14, 88892, 88892
20, 10690, 14, 88892, 91371
20, 10700, 14, 88892, 88892
20, 10710, 14, 88892, 88892
20, 10720, 14, 88882, 88882
20, 10730, 14, 88882, 88882
20, 10740, 14, 88882, 89203
20, 10750, 14, 88882, 88882
20, 10760, 14, 88800, 88882
20, 10770, 14, 88800, 88800
20, 10780, 14, 88800, 88800
20, 10790, 14, 88800, 90042
20, 10800, 14, 88800, 88800
20, 10810, 14, 88800, 88800
20, 10820, 14, 88796, 88796
20, 10830, 14, 88771, 90261
20, 10840, 14, 88558, 88771
20, 10850, 14, 88558, 89008
20, 10860, 14, 88543, 88543
20, 10870, 14, 88543, 88543
20, 10880, 14, 88543, 88543
20, 10890, 14, 88543, 89862
20, 10900, 14, 88402, 88543
20, 10910, 14, 88402, 88402
20, 10920, 14, 88402, 89381
20, 10930, 14, 88218, 89101
20, 10940, 14, 88218, 88218
20, 10950, 14, 88218, 89159
20, 10960, 14, 88218, 88218
20, 10970, 14, 88218, 88218
20, 10980, 14, 88218, 88218
20, 10990, 14, 88218, 88218
20, 11000, 14, 88177, 88652
20, 11010, 14, 88115, 88856
20, 11020, 14, 88115, 88115
20, 11030, 14, 88115, 88115
20, 11040, 14, 88115, 89117
20, 11050, 14, 88115, 88115
20, 11060, 14, 88115, 88115
20, 11070, 14, 88115, 88115
20, 11080, 14, 87857, 88561
20, 11090, 14, 87857, 92086
20, 11100, 14, 87857, 88200
20, 11110, 14, 87857, 87857
20, 11120, 14, 87840, 87840
20, 11130, 14, 87840, 87840
20, 11140, 14, 87840, 87840
20, 11150, 14, 87840, 87840
20, 11160, 14, 87840, 91471
20, 11170, 14, 87840, 87840
20, 11180, 14, 87535, 89381
20, 11190, 14, 87535, 88735
20, 11200, 14, 87535, 87535
20, 11210, 14, 87535, 88595
20, 11220, 14, 87535, 87535
20, 11230, 14, 87393, 90086
20, 11240, 14, 87393, 87393
20, 11250, 14, 87376, 87376
20, 11260, 14, 87376, 87376
20, 11270, 14, 87376, 87376
20, 11280, 14, 87299, 87299
20, 11290, 14, 87299, 87299
20, 11300, 14, 87106, 90702
20, 11310, 14, 87074, 89191
20, 11320, 14, 86777, 87204
20, 11330, 14, 86777, 88708
20, 11340, 14, 86777, 90582
20, 11350, 14, 86777, 86777
20, 11360, 14, 86777, 86794
20, 11370, 14, 86777, 88397
20, 11380, 14, 86777, 86777
20, 11390, 14, 86777, 89038
20, 11400, 14, 86777, 86777
20, 11410, 14, 86777, 89400
20, 11420, 14, 86777, 86777
20, 11430, 14, 86666, 86777
20, 11440, 14, 86666, 86666
20, 11450, 14, 86666, 86666
20, 11460, 14, 86666, 86666
20, 11470, 14, 86666, 86666
20, 11480, 14, 86666, 86666
20, 11490, 14, 86666, 88992
20, 11500, 14, 86550, 86666
20, 11510, 14, 86386, 86386
20, 11520, 14, 86322, 86386
20, 11530, 14, 86122, 86122
20, 11540, 14, 86122, 87241
20, 11550, 14, 86122, 86122
20, 11560, 14, 86122, 86122
20, 11570, 14, 85987, 88684
20, 11580, 14, 85987, 86792
20, 11590, 14, 85987, 88425
20, 11600, 14, 85987, 85987
20, 11610, 14, 85987, 87254
20, 11620, 14, 85957, 85957
20, 11630, 14, 85957, 87915
20, 11640, 14, 85957, 88579
20, 11650, 14, 85957, 85957
20, 11660, 14, 85556, 87797
20, 11670, 14, 85556, 85556
20, 11680, 14, 85556, 85556
20, 11690, 14, 85556, 85556
20, 11700, 14, 85556, 85556
20, 11710, 14, 85556, 87488
20, 11720, 14, 85556, 87083
20, 11730, 14, 85556, 87615
20, 11740, 14, 85556, 88020
20, 11750, 14, 85556, 86287
20, 11760, 14, 85556, 85556
20, 11770, 14, 85556, 85556
20, 11780, 14, 85556, 86034
20, 11790, 14, 85436, 85556
20, 11800, 14, 85350, 85436
20, 11810, 14, 85350, 85350
20, 11820, 14, 85350, 86409
20, 11830, 14, 85350, 85350
20, 11840, 14, 85350, 85350
20, 11850, 14, 85350, 85350
20, 11860, 14, 85350, 85350
20, 11870, 14, 85350, 85350
20, 11880, 14, 85350, 85350
20, 11890, 14, 85350, 85350
20, 11900, 14, 85350, 85350
20, 11910, 14, 85350, 86188
20, 11920, 14, 85350, 85425
20, 11930, 14, 85350, 85350
20, 11940, 14, 85323, 85323
20, 11950, 14, 85323, 85323
20, 11960, 14, 85323, 85323
20, 11970, 14, 84807, 85126
20, 11980, 14, 84733, 84733
20, 11990, 14, 84733, 86731
20, 12000, 14, 84733, 84733
20, 12010, 14, 84733, 84733
20, 12020, 14, 84733, 84733
20, 12030, 14, 84733, 84733
20, 12040, 14, 84733, 84733
20, 12050, 14, 84733, 84733
20, 12060, 14, 84733, 85504
20, 12070, 14, 84694, 84733
20, 12080, 14, 84694, 84694
20, 12090, 14, 84694, 86497
20, 12100, 14, 84694, 84694
20, 12110, 14, 84694, 84694
20, 12120, 14, 84694, 84694
20, 12130, 14, 84694, 86294
20, 12140, 14, 84694, 84694
20, 12150, 14, 84694, 86658
20, 12160, 14, 84694, 84694
20, 12170, 14, 84684, 87245
20, 12180, 14, 84684, 84684
20, 12190, 14, 84684, 85790
20, 12200, 14, 84684, 84684
20, 12210, 14, 84677, 84677
20, 12220, 14, 84677, 84677
20, 12230, 14, 84677, 84677
20, 12240, 14, 84677, 85186
20, 12250, 14, 84677, 84677
20, 12260, 14, 84677, 85471
20, 12270, 14, 84677, 84677
20, 12280, 14, 84677, 85622
20, 12290, 14, 84677, 84677
20, 12300, 14, 84677, 84677
20, 12310, 14, 84677, 84677
20, 12320, 14, 84677, 86226
20, 12330, 14, 84677, 84677
20, 12340, 14, 84677, 86328
20, 12350, 14, 84677, 84677
20, 12360, 14, 84677, 84677
20, 12370, 14, 84677, 84677
20, 12380, 14, 84677, 85525
20, 12390, 14, 84477, 84477
20, 12400, 14, 84477, 85277
20, 12410, 14, 84477, 84477
20, 12420, 14, 84477, 84477
20, 12430, 14, 84285, 86381
20, 12440, 14, 84285, 84336
20, 12450, 14, 84285, 86440
20, 12460, 14, 84285, 84285
20, 12470, 14, 84285, 84285
20, 12480, 14, 84244, 84244
20, 12490, 14, 84244, 84244
20, 12500, 14, 84138, 84244
20, 12510, 14, 84138, 87151
20, 12520, 14, 84138, 84138
20, 12530, 14, 84138, 84138
20, 12540, 14, 84138, 87248
20, 12550, 14, 84138, 85377
20, 12560, 14, 84077, 84138
20, 12570, 14, 84077, 84077
20, 12580, 14, 84077, 84077
20, 12590, 14, 84021, 85726
20, 12600, 14, 83970, 86440
20, 12610, 14, 83970, 85606
20, 12620, 14, 83889, 83889
20, 12630, 14, 83889, 83889
20, 12640, 14, 83889, 84541
20, 12650, 14, 83889, 83889
20, 12660, 14, 83707, 83782
20, 12670, 14, 83707, 83707
20, 12680, 14, 83707, 83707
20, 12690, 14, 83707, 83707
20, 12700, 14, 83707, 83707
20, 12710, 14, 83707, 85063
20, 12720, 14, 83707, 83707
20, 12730, 14, 83649, 83707
20, 12740, 14, 83649, 83649
20, 12750, 14, 83649, 83649
20, 12760, 14, 83474, 83474
20, 12770, 14, 83474, 83474
20, 12780, 14, 83474, 83474
20, 12790, 14, 83474, 83474
20, 12800, 14, 83474, 83474
20, 12810, 14, 83474, 83474
20, 12820, 14, 83334, 83334
20, 12830, 14, 83334, 83334
20, 12840, 14, 83334, 83334
20, 12850, 14, 83334, 84825
20, 12860, 14, 83334, 83334
20, 12870, 14, 83334, 83334
20, 12880, 14, 83269, 83269
20, 12890, 14, 83269, 84749
20, 12900, 14, 83269, 83269
20, 12910, 14, 83252, 84581
20, 12920, 14, 83252, 83252
20, 12930, 14, 83252, 83252
20, 12940, 14, 82884, 82943
20, 12950, 14, 82884, 82884
20, 12960, 14, 82794, 82794
20, 12970, 14, 82694, 82694
20, 12980, 14, 82694, 82694
20, 12990, 14, 82694, 85469
20, 13000, 14, 82694, 82694
20, 13010, 14, 82694, 82694
20, 13020, 14, 82694, 82694
20, 13030, 14, 82611, 84711
20, 13040, 14, 82494, 82611
20, 13050, 14, 82494, 83708
20, 13060, 14, 82494, 83743
20, 13070, 14, 82494, 82494
20, 13080, 14, 82494, 82494
20, 13090, 14, 82494, 85700
20, 13100, 14, 82494, 82494
20, 13110, 14, 82494, 82494
20, 13120, 14, 82485, 82485
20, 13130, 14, 82485, 82485
20, 13140, 14, 82485, 82485
20, 13150, 14, 82485, 82485
20, 13160, 14, 82485, 82485
20, 13170, 14, 82423, 82485
20, 13180, 14, 82423, 82423
20, 13190, 14, 82423, 84370
20, 13200, 14, 82423, 82423
20, 13210, 14, 82423, 82423
20, 13220, 14, 82416, 82416
20, 13230, 14, 82416, 82416
20, 13240, 14, 82323, 84036
20, 13250, 14, 82323, 82323
20, 13260, 14, 82282, 82323
20, 13270, 14, 82282, 82282
20, 13280, 14, 82282, 82282
20, 13290, 14, 82282, 82282
20, 13300, 14, 82282, 82282
20, 13310, 14, 82282, 82282
20, 13320, 14, 82159, 82159
20, 13330, 14, 82159, 82159
20, 13340, 14, 82159, 82159
20, 13350, 14, 82159, 82159
20, 13360, 14, 82159, 82159
20, 13370, 14, 82159, 82340
20, 13380, 14, 82159, 83353
20, 13390, 14, 82159, 82159
20, 13400, 14, 82159, 82159
20, 13410, 14, 82159, 82159
20, 13420, 14, 82159, 82159
20, 13430, 14, 82159, 82159
20, 13440, 14, 82159, 82159
20, 13450, 14, 82159, 82159
20, 13460, 14, 82034, 82710
20, 13470, 14, 82034, 82034
20, 13480, 14, 82034, 84526
20, 13490, 14, 82034, 82034
20, 13500, 14, 81736, 82034
20, 13510, 14, 81736, 83661
20, 13520, 14, 81736, 81736
20, 13530, 14, 81736, 81736
20, 13540, 14, 81736, 81736
20, 13550, 14, 81736, 81736
20, 13560, 14, 81736, 81736
20, 13570, 14, 81683, 81683
20, 13580, 14, 81683, 81683
20, 13590, 14, 81683, 81683
20, 13600, 14, 81683, 85057
20, 13610, 14, 81658, 81683
20, 13620, 14, 81658, 81658
20, 13630, 14, 81658, 81658
20, 13640, 14, 81658, 81658
20, 13650, 14, 81658, 81658
20, 13660, 14, 81658, 81658
20, 13670, 14, 81646, 81646
20, 13680, 14, 81646, 81646
20, 13690, 14, 81646, 81646
20, 13700, 14, 81646, 81646
20, 13710, 14, 81646, 86448
20, 13720, 14, 81646, 81646
20, 13730, 14, 81646, 81646
20, 13740, 14, 81646, 81646
20, 13750, 14, 81646, 81646
20, 13760, 14, 81611, 82529
20, 13770, 14, 81611, 81611
20, 13780, 14, 81611, 81611
20, 13790, 14, 81611, 83423
20, 13800, 14, 81592, 81611
20, 13810, 14, 81592, 81592
20, 13820, 14, 81592, 81592
20, 13830, 14, 81592, 81592
20, 13840, 14, 81592, 81592
20, 13850, 14, 81526, 81526
20, 13860, 14, 81526, 81526
20, 13870, 14, 81526, 81526
20, 13880, 14, 81526, 81526
20, 13890, 14, 81526, 83174
20, 13900, 14, 81526, 81526
20, 13910, 14, 81526, 81526
20, 13920, 14, 81526, 81526
20, 13930, 14, 81214, 81414
20, 13940, 14, 81214, 81214
20, 13950, 14, 81214, 81214
20, 13960, 14, 81214, 81214
20, 13970, 14, 81214, 81214
20, 13980, 14, 81214, 81214
20, 13990, 14, 81214, 81214
20, 14000, 14, 81214, 82987
20, 14010, 14, 81214, 81214
20, 14020, 14, 81214, 81214
20, 14030, 14, 81214, 81899
20, 14040, 14, 81214, 81214
20, 14050, 14, 81214, 81214
20, 14060, 14, 81214, 81214
20, 14070, 14, 81214, 81214
20, 14080, 14, 81214, 81214
20, 14090, 14, 81214, 81214
20, 14100, 14, 81190, 81214
20, 14110, 14, 81190, 81190
20, 14120, 14, 81190, 81190
20, 14130, 14, 81190, 81190
20, 14140, 14, 81190, 81190
20, 14150, 14, 81190, 81190
20, 14160, 14, 81190, 81190
20, 14170, 14, 81107, 81190
20, 14180, 14, 81107, 81107
20, 14190, 14, 81107, 81107
20, 14200, 14, 81107, 81107
20, 14210, 14, 81107, 81107
20, 14220, 14, 81107, 81107
20, 14230, 14, 81107, 81107
20, 14240, 14, 81107, 81107
20, 14250, 14, 81107, 81107
20, 14260, 14, 81107, 81107
20, 14270, 14, 81107, 81107
20, 14280, 14, 81107, 81107
20, 14290, 14, 81107, 81107
20, 14300, 14, 81107, 82880
20, 14310, 14, 81021, 81021
20, 14320, 14, 81021, 83724
20, 14330, 14, 81021, 81021
20, 14340, 14, 81021, 82934
20, 14350, 14, 81021, 82210
20, 14360, 14, 81021, 81021
20, 14370, 14, 81021, 81981
20, 14380, 14, 81021, 81021
20, 14390, 14, 81021, 81021
20, 14400, 14, 81021, 81021
20, 14410, 14, 81021, 81021
20, 14420, 14, 80912, 81021
20, 14430, 14, 80912, 80912
20, 14440, 14, 80849, 80849
20, 14450, 14, 80849, 84011
20, 14460, 14, 80849, 80849
20, 14470, 14, 80805, 80805
20, 14480, 14, 80805, 80805
20, 14490, 14, 80805, 80805
20, 14500, 14, 80605, 80605
20, 14510, 14, 80605, 80605
20, 14520, 14, 80605, 80605
20, 14530, 14, 80605, 80605
20, 14540, 14, 80605, 80605
20, 14550, 14, 80605, 80605
20, 14560, 14, 80605, 80605
20, 14570, 14, 80605, 80605
20, 14580, 14, 80605, 80605
20, 14590, 14, 80605, 80605
20, 14600, 14, 80605, 80605
20, 14610, 14, 80464, 80605
20, 14620, 14, 80464, 80464
20, 14630, 14, 80464, 80464
20, 14640, 14, 80464, 83356
20, 14650, 14, 80464, 82783
20, 14660, 14, 80464, 80464
20, 14670, 14, 80464, 82201
20, 14680, 14, 80464, 80464
20, 14690, 14, 80464, 80464
20, 14700, 14, 80430, 80464
20, 14710, 14, 80430, 80430
20, 14720, 14, 80430, 80430
20, 14730, 14, 80430, 80430
20, 14740, 14, 80430, 80430
20, 14750, 14, 80430, 82495
20, 14760, 14, 80430, 80430
20, 14770, 14, 80430, 80430
20, 14780, 14, 80370, 80370
20, 14790, 14, 80370, 80370
20, 14800, 14, 80370, 80370
20, 14810, 14, 80370, 80370
20, 14820, 14, 80370, 80370
20, 14830, 14, 80370, 80370
20, 14840, 14, 80370, 80370
20, 14850, 14, 80370, 82495
20, 14860, 14, 80292, 80370
20, 14870, 14, 80292, 80292
20, 14880, 14, 80292, 80292
20, 14890, 14, 80292, 80292
20, 14900, 14, 80292, 80292
20, 14910, 14, 80292, 80292
20, 14920, 14, 80292, 80292
20, 14930, 14, 80292, 81143
20, 14940, 14, 80292, 80292
20, 14950, 14, 80292, 80292
20, 14960, 14, 80292, 81549
20, 14970, 14, 80112, 80292
20, 14980, 14, 80112, 80112
20, 14990, 14, 80112, 83755
20, 15000, 14, 80112, 80112
20, 15010, 14, 80112, 80112
20, 15020, 14, 80112, 80112
20, 15030, 14, 80112, 80112
20, 15040, 14, 80112, 80112
20, 15050, 14, 80112, 80112
20, 15060, 14, 80112, 80112
20, 15070, 14, 80112, 80112
20, 15080, 14, 80112, 80112
20, 15090, 14, 80112, 81066
20, 15100, 14, 80041, 80112
20, 15110, 14, 79799, 79799
20, 15120, 14, 79799, 79799
20, 15130, 14, 79799, 79799
20, 15140, 14, 79799, 79799
20, 15150, 14, 79799, 82913
20, 15160, 14, 79799, 79799
20, 15170, 14, 79799, 79799
20, 15180, 14, 79799, 79799
20, 15190, 14, 79799, 79799
20, 15200, 14, 79799, 79799
20, 15210, 14, 79781, 79781
20, 15220, 14, 79781, 79781
20, 15230, 14, 79781, 79781
20, 15240, 14, 79781, 79781
20, 15250, 14, 79716, 79716
20, 15260, 14, 79716, 79716
20, 15270, 14, 79716, 79716
20, 15280, 14, 79716, 79716
20, 15290, 14, 79716, 79716
20, 15300, 14, 79716, 79716
20, 15310, 14, 79716, 79716
20, 15320, 14, 79716, 79716
20, 15330, 14, 79716, 79716
20, 15340, 14, 79716, 79716
20, 15350, 14, 79716, 79716
20, 15360, 14, 79629, 79629
20, 15370, 14, 79629, 79629
20, 15380, 14, 79629, 79629
20, 15390, 14, 79629, 79629
20, 15400, 14, 79629, 79629
20, 15410, 14, 79629, 79629
20, 15420, 14, 79629, 79629
20, 15430, 14, 79595, 79595
20, 15440, 14, 79595, 79595
20, 15450, 14, 79595, 79595
20, 15460, 14, 79595, 79595
20, 15470, 14, 79595, 79595
20, 15480, 14, 79595, 79595
20, 15490, 14, 79578, 79595
20, 15500, 14, 79578, 79578
20, 15510, 14, 79578, 79578
20, 15520, 14, 79578, 79578
20, 15530, 14, 79578, 79578
20, 15540, 14, 79433, 79433
20, 15550, 14, 79319, 79433
20, 15560, 14, 79319, 79319
20, 15570, 14, 79319, 79319
20, 15580, 14, 79319, 79319
20, 15590, 14, 79319, 79319
20, 15600, 14, 79230, 79319
20, 15610, 14, 79230, 79230
20, 15620, 14, 79230, 79230
20, 15630, 14, 79230, 79230
20, 15640, 14, 79210, 79230
20, 15650, 14, 79210, 79210
20, 15660, 14, 79210, 79210
20, 15670, 14, 79210, 79210
20, 15680, 14, 79210, 80132
20, 15690, 14, 79210, 79210
20, 15700, 14, 79210, 81725
20, 15710, 14, 79210, 79210
20, 15720, 14, 79210, 81055
20, 15730, 14, 79210, 79210
20, 15740, 14, 79210, 79210
20, 15750, 14, 79210, 79210
20, 15760, 14, 79210, 79210
20, 15770, 14, 79210, 79210
20, 15780, 14, 79210, 79210
20, 15790, 14, 79210, 79210
20, 15800, 14, 79048, 79210
20, 15810, 14, 79048, 79048
20, 15820, 14, 79048, 79048
20, 15830, 14, 79048, 79048
20, 15840, 14, 78870, 78870
20, 15850, 14, 78870, 78870
20, 15860, 14, 78870, 78870
20, 15870, 14, 78839, 80529
20, 15880, 14, 78839, 78839
20, 15890, 14, 78839, 78839
20, 15900, 14, 78839, 78839
20, 15910, 14, 78839, 78839
20, 15920, 14, 78839, 78839
20, 15930, 14, 78839, 78839
20, 15940, 14, 78839, 80566
20, 15950, 14, 78815, 78839
20, 15960, 14, 78815, 78815
20, 15970, 14, 78815, 78815
20, 15980, 14, 78815, 78815
20, 15990, 14, 78815, 78815
20, 16000, 14, 78815, 78815
20, 16010, 14, 78815, 78815
20, 16020, 14, 78815, 78815
20, 16030, 14, 78815, 79444
20, 16040, 14, 78815, 78815
20, 16050, 14, 78815, 78815
20, 16060, 14, 78815, 78815
20, 16070, 14, 78815, 78815
20, 16080, 14, 78815, 78815
20, 16090, 14, 78815, 78815
20, 16100, 14, 78815, 78815
20, 16110, 14, 78815, 80518
20, 16120, 14, 78815, 78815
20, 16130, 14, 78815, 78815
20, 16140, 14, 78815, 78815
20, 16150, 14, 78815, 78815
20, 16160, 14, 78815, 78815
20, 16170, 14, 78815, 78815
20, 16180, 14, 78815, 80122
20, 16190, 14, 78705, 78815
20, 16200, 14, 78705, 78802
20, 16210, 14, 78696, 78705
20, 16220, 14, 78696, 78696
20, 16230, 14, 78696, 78696
20, 16240, 14, 78696, 78696
20, 16250, 14, 78696, 78696
20, 16260, 14, 78416, 78416
20, 16270, 14, 78309, 78309
20, 16280, 14, 78309, 78309
20, 16290, 14, 78309, 78309
20, 16300, 14, 78309, 78309
20, 16310, 14, 78309, 78309
20, 16320, 14, 78309, 78309
20, 16330, 14, 78309, 78309
20, 16340, 14, 78249, 78249
20, 16350, 14, 78249, 81131
20, 16360, 14, 78249, 78249
20, 16370, 14, 78101, 78203
20, 16380, 14, 78101, 78101
20, 16390, 14, 78101, 78101
20, 16400, 14, 78101, 78101
20, 16410, 14, 77972, 77972
20, 16420, 14, 77972, 77972
20, 16430, 14, 77972, 77972
20, 16440, 14, 77972, 77972
20, 16450, 14, 77972, 77972
20, 16460, 14, 77611, 77972
20, 16470, 14, 77611, 77611
20, 16480, 14, 77570, 77570
20, 16490, 14, 77528, 77570
20, 16500, 14, 77528, 77528
20, 16510, 14, 77528, 77528
20, 16520, 14, 77528, 77528
20, 16530, 14, 77528, 77528
20, 16540, 14, 77528, 77528
20, 16550, 14, 77528, 77528
20, 16560, 14, 77528, 77528
20, 16570, 14, 77497, 77497
20, 16580, 14, 77497, 77497
20, 16590, 14, 77497, 77497
20, 16600, 14, 77497, 78664
20, 16610, 14, 77497, 77497
20, 16620, 14, 77497, 77497
20, 16630, 14, 77497, 77497
20, 16640, 14, 77497, 77497
20, 16650, 14, 77438, 77497
20, 16660, 14, 77372, 77438
20, 16670, 14, 77372, 77372
20, 16680, 14, 77349, 77372
20, 16690, 14, 77349, 77349
20, 16700, 14, 77349, 77349
20, 16710, 14, 77349, 77349
20, 16720, 14, 77349, 77349
20, 16730, 14, 77349, 77349
20, 16740, 14, 77349, 77349
20, 16750, 14, 77349, 77349
20, 16760, 14, 77349, 77349
20, 16770, 14, 77349, 77349
20, 16780, 14, 77349, 77349
20, 16790, 14, 77349, 77349
20, 16800, 14, 77349, 77349
20, 16810, 14, 77349, 77349
20, 16820, 14, 77349, 77349
20, 16830, 14, 77349, 77349
20, 16840, 14, 77349, 77349
20, 16850, 14, 77336, 77336
20, 16860, 14, 77336, 77336
20, 16870, 14, 77336, 77336
20, 16880, 14, 77336, 77336
20, 16890, 14, 77336, 81396
20, 16900, 14, 77336, 77336
20, 16910, 14, 77336, 77336
20, 16920, 14, 77336, 77336
20, 16930, 14, 77336, 77336
20, 16940, 14, 77336, 77336
20, 16950, 14, 77219, 77219
20, 16960, 14, 77219, 77219
20, 16970, 14, 77102, 77219
20, 16980, 14, 77102, 77102
20, 16990, 14, 77102, 77102
20, 17000, 14, 77102, 77102
20, 17010, 14, 76997, 76997
20, 17020, 14, 76997, 76997
20, 17030, 14, 76997, 76997
20, 17040, 14, 76997, 76997
20, 17050, 14, 76997, 76997
20, 17060, 14, 76997, 76997
20, 17070, 14, 76997, 76997
20, 17080, 14, 76997, 76997
20, 17090, 14, 76997, 76997
20, 17100, 14, 76997, 76997
20, 17110, 14, 76997, 76997
20, 17120, 14, 76997, 76997
20, 17130, 14, 76997, 76997
20, 17140, 14, 76997, 76997
20, 17150, 14, 76997, 76997
20, 17160, 14, 76997, 76997
20, 17170, 14, 76997, 76997
20, 17180, 14, 76997, 77256
20, 17190, 14, 76976, 76976
20, 17200, 14, 76976, 76976
20, 17210, 14, 76976, 76976
20, 17220, 14, 76976, 76976
20, 17230, 14, 76813, 76813
20, 17240, 14, 76813, 76813
20, 17250, 14, 76813, 76813
20, 17260, 14, 76813, 76813
20, 17270, 14, 76813, 76813
20, 17280, 14, 76813, 76813
20, 17290, 14, 76813, 76813
20, 17300, 14, 76813, 76813
20, 17310, 14, 76794, 76794
20, 17320, 14, 76794, 76794
20, 17330, 14, 76794, 76794
20, 17340, 14, 76794, 76794
20, 17350, 14, 76794, 76794
20, 17360, 14, 76794, 76794
20, 17370, 14, 76794, 76794
20, 17380, 14, 76794, 76794
20, 17390, 14, 76717, 76717
20, 17400, 14, 76717, 76717
20, 17410, 14, 76717, 76717
20, 17420, 14, 76717, 76717
20, 17430, 14, 76717, 76717
20, 17440, 14, 76717, 76717
20, 17450, 14, 76717, 76717
20, 17460, 14, 76717, 76717
20, 17470, 14, 76717, 76717
20, 17480, 14, 76717, 76717
20, 17490, 14, 76517, 76717
20, 17500, 14, 76517, 76517
20, 17510, 14, 76517, 76517
20, 17520, 14, 76517, 76517
20, 17530, 14, 76517, 76517
20, 17540, 14, 76312, 76517
20, 17550, 14, 76312, 76312
20, 17560, 14, 76312, 76312
20, 17570, 14, 76312, 76312
20, 17580, 14, 76312, 76312
20, 17590, 14, 76312, 76312
20, 17600, 14, 76312, 76312
20, 17610, 14, 76312, 76312
20, 17620, 14, 76312, 76312
20, 17630, 14, 76312, 76312
20, 17640, 14, 76312, 76312
20, 17650, 14, 76312, 76312
20, 17660, 14, 76312, 76312
20, 17670, 14, 76312, 76312
20, 17680, 14, 76312, 76312
20, 17690, 14, 76312, 76312
20, 17700, 14, 76312, 76312
20, 17710, 14, 76312, 76312
20, 17720, 14, 76312, 76312
20, 17730, 14, 76228, 76228
20, 17740, 14, 76228, 76228
20, 17750, 14, 76228, 76228
20, 17760, 14, 76228, 76228
20, 17770, 14, 76228, 76228
20, 17780, 14, 76228, 76228
20, 17790, 14, 76228, 76228
20, 17800, 14, 76228, 76228
20, 17810, 14, 75730, 76228
20, 17820, 14, 75730, 75730
20, 17830, 14, 75730, 75730
20, 17840, 14, 75730, 75730
20, 17850, 14, 75730, 75730
20, 17860, 14, 75730, 75730
20, 17870, 14, 75730, 75730
20, 17880, 14, 75705, 75705
20, 17890, 14, 75705, 75705
20, 17900, 14, 75705, 78634
20, 17910, 14, 75705, 75705
20, 17920, 14, 75705, 75705
20, 17930, 14, 75705, 75705
20, 17940, 14, 75705, 75705
20, 17950, 14, 75705, 75705
20, 17960, 14, 75705, 75705
20, 17970, 14, 75705, 75705
20, 17980, 14, 75705, 75705
20, 17990, 14, 75305, 75305
20, 18000, 14, 75305, 75305
20, 18010, 14, 75292, 75305
20, 18020, 14, 75176, 75176
20, 18030, 14, 75176, 75176
20, 18040, 14, 75176, 75176
20, 18050, 14, 75096, 75096
20, 18060, 14, 74981, 74981
20, 18070, 14, 74981, 74981
20, 18080, 14, 74981, 74981
20, 18090, 14, 74981, 74981
20, 18100, 14, 74981, 74981
20, 18110, 14, 74981, 74981
20, 18120, 14, 74981, 74981
20, 18130, 14, 74981, 74981
20, 18140, 14, 74981, 74981
20, 18150, 14, 74981, 74981
20, 18160, 14, 74981, 74981
20, 18170, 14, 74981, 74981
20, 18180, 14, 74981, 74981
20, 18190, 14, 74981, 74981
20, 18200, 14, 74981, 74981
20, 18210, 14, 74981, 74981
20, 18220, 14, 74981, 74981
20, 18230, 14, 74981, 74981
20, 18240, 14, 74981, 74981
20, 18250, 14, 74981, 74981
20, 18260, 14, 74981, 74981
20, 18270, 14, 74981, 74981
20, 18280, 14, 74981, 74981
20, 18290, 14, 74981, 74981
20, 18300, 14, 74981, 74981
20, 18310, 14, 74981, 74981
20, 18320, 14, 74981, 74981
20, 18330, 14, 74981, 74981
20, 18340, 14, 74981, 74981
20, 18350, 14, 74981, 74981
20, 18360, 14, 74981, 74981
20, 18370, 14, 74981, 74981
20, 18380, 14, 74981, 74981
20, 18390, 14, 74981, 74981
20, 18400, 14, 74981, 74981
20, 18410, 14, 74981, 74981
20, 18420, 14, 74981, 74981
20, 18430, 14, 74981, 74981
20, 18440, 14, 74981, 74981
20, 18450, 14, 74981, 74981
20, 18460, 14, 74981, 74981
20, 18470, 14, 74981, 74981
20, 18480, 14, 74981, 74981
20, 18490, 14, 74981, 74981
20, 18500, 14, 74981, 74981
20, 18510, 14, 74981, 74981
20, 18520, 14, 74981, 74981
20, 18530, 14, 74981, 74981
20, 18540, 14, 74899, 74981
20, 18550, 14, 74899, 74899
20, 18560, 14, 74899, 74899
20, 18570, 14, 74899, 74899
20, 18580, 14, 74899, 74899
20, 18590, 14, 74899, 74899
20, 18600, 14, 74899, 75472
20, 18610, 14, 74899, 74899
20, 18620, 14, 74899, 74899
20, 18630, 14, 74899, 74899
20, 18640, 14, 74844, 74844
20, 18650, 14, 74844, 74844
20, 18660, 14, 74844, 74844
20, 18670, 14, 74649, 74649
20, 18680, 14, 74649, 74649
20, 18690, 14, 74649, 74649
20, 18700, 14, 74649, 74649
20, 18710, 14, 74649, 74649
20, 18720, 14, 74649, 74649
20, 18730, 14, 74649, 74649
20, 18740, 14, 74649, 74649
20, 18750, 14, 74649, 74649
20, 18760, 14, 74649, 74649
20, 18770, 14, 74649, 74649
20, 18780, 14, 74649, 74649
20, 18790, 14, 74649, 74649
20, 18800, 14, 74649, 74649
20, 18810, 14, 74649, 74649
20, 18820, 14, 74649, 74649
20, 18830, 14, 74629, 74629
20, 18840, 14, 74629, 74629
20, 18850, 14, 74629, 76670
20, 18860, 14, 74629, 74629
20, 18870, 14, 74629, 74629
20, 18880, 14, 74629, 74770
20, 18890, 14, 74629, 74629
20, 18900, 14, 74629, 74629
20, 18910, 14, 74629, 74629
20, 18920, 14, 74629, 74629
20, 18930, 14, 74629, 74629
20, 18940, 14, 74629, 74629
20, 18950, 14, 74629, 74629
20, 18960, 14, 74629, 74629
20, 18970, 14, 74629, 74629
20, 18980, 14, 74629, 74629
20, 18990, 14, 74629, 74629
20, 19000, 14, 74629, 74629
20, 19010, 14, 74571, 77801
20, 19020, 14, 74571, 74571
20, 19030, 14, 74571, 74571
20, 19040, 14, 74571, 74571
20, 19050, 14, 74571, 74571
20, 19060, 14, 74571, 74571
20, 19070, 14, 74571, 74571
20, 19080, 14, 74571, 74571
20, 19090, 14, 74571, 74571
20, 19100, 14, 74411, 74411
20, 19110, 14, 74411, 74411
20, 19120, 14, 74411, 74411
20, 19130, 14, 74411, 74411
20, 19140, 14, 74411, 74411
20, 19150, 14, 74411, 74411
20, 19160, 14, 74411, 74411
20, 19170, 14, 74411, 74411
20, 19180, 14, 74267, 74267
20, 19190, 14, 74267, 74267
20, 19200, 14, 74267, 74267
20, 19210, 14, 74267, 76770
20, 19220, 14, 74267, 74267
20, 19230, 14, 74267, 74267
20, 19240, 14, 74267, 74267
20, 19250, 14, 74067, 74067
20, 19260, 14, 74067, 74067
20, 19270, 14, 74067, 74067
20, 19280, 14, 74067, 74067
20, 19290, 14, 74067, 74067
20, 19300, 14, 74067, 74067
20, 19310, 14, 74067, 74067
20, 19320, 14, 74067, 74067
20, 19330, 14, 74067, 74067
20, 19340, 14, 74067, 74067
20, 19350, 14, 74067, 74067
20, 19360, 14, 74067, 74067
20, 19370, 14, 74067, 74067
20, 19380, 14, 74067, 74067
20, 19390, 14, 74067, 74067
20, 19400, 14, 74067, 74067
20, 19410, 14, 74067, 74067
20, 19420, 14, 74067, 74067
20, 19430, 14, 74067, 74067
20, 19440, 14, 74067, 74067
20, 19450, 14, 74067, 74067
20, 19460, 14, 74067, 74067
20, 19470, 14, 74067, 74067
20, 19480, 14, 74067, 74067
20, 19490, 14, 74067, 74067
20, 19500, 14, 74067, 74067
20, 19510, 14, 74067, 74067
20, 19520, 14, 74067, 74067
20, 19530, 14, 74067, 74067
20, 19540, 14, 74067, 74067
20, 19550, 14, 74067, 74067
20, 19560, 14, 74067, 74067
20, 19570, 14, 74067, 74067
20, 19580, 14, 74049, 74049
20, 19590, 14, 74049, 74049
20, 19600, 14, 74049, 74049
20, 19610, 14, 74049, 74049
20, 19620, 14, 74049, 74049
20, 19630, 14, 73982, 74049
20, 19640, 14, 73982, 73982
20, 19650, 14, 73982, 73982
20, 19660, 14, 73982, 73982
20, 19670, 14, 73982, 73982
20, 19680, 14, 73982, 73982
20, 19690, 14, 73982, 73982
20, 19700, 14, 73982, 73982
20, 19710, 14, 73982, 73982
20, 19720, 14, 73982, 73982
20, 19730, 14, 73982, 73982
20, 19740, 14, 73982, 73982
20, 19750, 14, 73982, 73982
20, 19760, 14, 73982, 73982
20, 19770, 14, 73982, 73982
20, 19780, 14, 73982, 73982
20, 19790, 14, 73982, 73982
20, 19800, 14, 73982, 73982
20, 19810, 14, 73982, 73982
20, 19820, 14, 73982, 73982
20, 19830, 14, 73982, 73982
20, 19840, 14, 73982, 73982
20, 19850, 14, 73982, 73982
20, 19860, 14, 73982, 73982
20, 19870, 14, 73982, 73982
20, 19880, 14, 73982, 73982
20, 19890, 14, 73982, 73982
20, 19900, 14, 73982, 73982
20, 19910, 14, 73982, 73982
20, 19920, 14, 73961, 73961
20, 19930, 14, 73961, 73961
20, 19940, 14, 73961, 73961
20, 19950, 14, 73961, 73961
20, 19960, 14, 73961, 73961
20, 19970, 14, 73870, 73870
20, 19980, 14, 73870, 73870
20, 19990, 14, 73870, 73870
