Population Size, Generation Count, Repetition, Best Fitness, Median Fitness
100, 0, 7, 730045, 771737
100, 10, 7, 690292, 707323
100, 20, 7, 664058, 674454
100, 30, 7, 643282, 649864
100, 40, 7, 625206, 634768
100, 50, 7, 608927, 616754
100, 60, 7, 594087, 599634
100, 70, 7, 576266, 585949
100, 80, 7, 565009, 570439
100, 90, 7, 555693, 560531
100, 100, 7, 543553, 550154
100, 110, 7, 527474, 536154
100, 120, 7, 519491, 524671
100, 130, 7, 509668, 513373
100, 140, 7, 499898, 505637
100, 150, 7, 490846, 496987
100, 160, 7, 479287, 488286
100, 170, 7, 472310, 477141
100, 180, 7, 466152, 469567
100, 190, 7, 459127, 464021
100, 200, 7, 452225, 456530
100, 210, 7, 443814, 448491
100, 220, 7, 433373, 438126
100, 230, 7, 426935, 431868
100, 240, 7, 420515, 426955
100, 250, 7, 415337, 420297
100, 260, 7, 412516, 415862
100, 270, 7, 406341, 410496
100, 280, 7, 402057, 406820
100, 290, 7, 397597, 401362
100, 300, 7, 392622, 396568
100, 310, 7, 389059, 392343
100, 320, 7, 382689, 386922
100, 330, 7, 379362, 382395
100, 340, 7, 374698, 378797
100, 350, 7, 369683, 374490
100, 360, 7, 365034, 369874
100, 370, 7, 362200, 365298
100, 380, 7, 357720, 360446
100, 390, 7, 352848, 356408
100, 400, 7, 349313, 352741
100, 410, 7, 345954, 349669
100, 420, 7, 342537, 346085
100, 430, 7, 336857, 342329
100, 440, 7, 334736, 338783
100, 450, 7, 331552, 334884
100, 460, 7, 327857, 332546
100, 470, 7, 325192, 328690
100, 480, 7, 321970, 325192
100, 490, 7, 319732, 321737
100, 500, 7, 315733, 320468
100, 510, 7, 314323, 317169
100, 520, 7, 310804, 314520
100, 530, 7, 308187, 311672
100, 540, 7, 305564, 309097
100, 550, 7, 302829, 306138
100, 560, 7, 299826, 303125
100, 570, 7, 297674, 301112
100, 580, 7, 296514, 298856
100, 590, 7, 293859, 296567
100, 600, 7, 291246, 294614
100, 610, 7, 289101, 292696
100, 620, 7, 285974, 290085
100, 630, 7, 284921, 287517
100, 640, 7, 281352, 283696
100, 650, 7, 279347, 282664
100, 660, 7, 278022, 280842
100, 670, 7, 277177, 280314
100, 680, 7, 275647, 278713
100, 690, 7, 273787, 277146
100, 700, 7, 271154, 275449
100, 710, 7, 268562, 272107
100, 720, 7, 266732, 270207
100, 730, 7, 265849, 269068
100, 740, 7, 264461, 268315
100, 750, 7, 261446, 266832
100, 760, 7, 259835, 262501
100, 770, 7, 258118, 261547
100, 780, 7, 256401, 259055
100, 790, 7, 254333, 257149
100, 800, 7, 253131, 255400
100, 810, 7, 251335, 254098
100, 820, 7, 250139, 253663
100, 830, 7, 248452, 251478
100, 840, 7, 246686, 250044
100, 850, 7, 245808, 248405
100, 860, 7, 244924, 248705
100, 870, 7, 243220, 245249
100, 880, 7, 242109, 247050
100, 890, 7, 240631, 243038
100, 900, 7, 239585, 242462
100, 910, 7, 238453, 241624
100, 920, 7, 237042, 239451
100, 930, 7, 235166, 239001
100, 940, 7, 234578, 238826
100, 950, 7, 233722, 236150
100, 960, 7, 232215, 235418
100, 970, 7, 230911, 233838
100, 980, 7, 228817, 231826
100, 990, 7, 228412, 231109
100, 1000, 7, 227399, 230416
100, 1010, 7, 225753, 228848
100, 1020, 7, 224868, 228357
100, 1030, 7, 223844, 225834
100, 1040, 7, 222706, 225965
100, 1050, 7, 220886, 224640
100, 1060, 7, 220107, 223679
100, 1070, 7, 218901, 221908
100, 1080, 7, 218258, 221174
100, 1090, 7, 217118, 220176
100, 1100, 7, 215970, 219342
100, 1110, 7, 215177, 218202
100, 1120, 7, 214755, 216832
100, 1130, 7, 211869, 216340
100, 1140, 7, 211332, 213336
100, 1150, 7, 210073, 212964
100, 1160, 7, 209059, 212708
100, 1170, 7, 208384, 211277
100, 1180, 7, 207159, 209511
100, 1190, 7, 206246, 207976
100, 1200, 7, 204683, 207384
100, 1210, 7, 203751, 207119
100, 1220, 7, 202727, 206474
100, 1230, 7, 201721, 204729
100, 1240, 7, 199581, 202524
100, 1250, 7, 198506, 202458
100, 1260, 7, 197473, 200640
100, 1270, 7, 196835, 199989
100, 1280, 7, 194717, 198920
100, 1290, 7, 193699, 195362
100, 1300, 7, 192039, 195555
100, 1310, 7, 191366, 194890
100, 1320, 7, 190350, 194123
100, 1330, 7, 188741, 192336
100, 1340, 7, 188465, 191457
100, 1350, 7, 188166, 190562
100, 1360, 7, 187221, 190709
100, 1370, 7, 185620, 188537
100, 1380, 7, 185111, 188040
100, 1390, 7, 184439, 187373
100, 1400, 7, 183720, 186499
100, 1410, 7, 183158, 186259
100, 1420, 7, 182397, 185142
100, 1430, 7, 181607, 186164
100, 1440, 7, 181013, 183320
100, 1450, 7, 180147, 182682
100, 1460, 7, 179199, 181888
100, 1470, 7, 178816, 180327
100, 1480, 7, 177893, 180883
100, 1490, 7, 177671, 180183
100, 1500, 7, 176650, 179610
100, 1510, 7, 175539, 179368
100, 1520, 7, 174907, 178313
100, 1530, 7, 173998, 176930
100, 1540, 7, 173205, 176570
100, 1550, 7, 172609, 174025
100, 1560, 7, 172277, 174866
100, 1570, 7, 171940, 174344
100, 1580, 7, 171687, 174481
100, 1590, 7, 171082, 175088
100, 1600, 7, 170644, 174312
100, 1610, 7, 169620, 173024
100, 1620, 7, 168372, 171315
100, 1630, 7, 167432, 170851
100, 1640, 7, 167007, 169414
100, 1650, 7, 166073, 168889
100, 1660, 7, 165079, 167741
100, 1670, 7, 164458, 167605
100, 1680, 7, 163672, 166610
100, 1690, 7, 163460, 166063
100, 1700, 7, 162914, 166383
100, 1710, 7, 161492, 164492
100, 1720, 7, 160713, 163860
100, 1730, 7, 159514, 162947
100, 1740, 7, 159116, 161836
100, 1750, 7, 158736, 161242
100, 1760, 7, 158035, 160780
100, 1770, 7, 157456, 160926
100, 1780, 7, 156665, 160163
100, 1790, 7, 156482, 159700
100, 1800, 7, 155725, 158892
100, 1810, 7, 154946, 157950
100, 1820, 7, 154055, 156837
100, 1830, 7, 152936, 155651
100, 1840, 7, 152514, 155742
100, 1850, 7, 150955, 154684
100, 1860, 7, 150520, 152940
100, 1870, 7, 150327, 153365
100, 1880, 7, 149242, 151480
100, 1890, 7, 147792, 151573
100, 1900, 7, 147459, 149579
100, 1910, 7, 147187, 148942
100, 1920, 7, 146752, 148987
100, 1930, 7, 146676, 150525
100, 1940, 7, 145910, 148279
100, 1950, 7, 145352, 148310
100, 1960, 7, 145202, 148253
100, 1970, 7, 144988, 147628
100, 1980, 7, 144396, 147905
100, 1990, 7, 143867, 145906
100, 2000, 7, 143169, 145624
100, 2010, 7, 142523, 145783
100, 2020, 7, 141863, 143862
100, 2030, 7, 141345, 143976
100, 2040, 7, 140547, 144539
100, 2050, 7, 140529, 142872
100, 2060, 7, 139364, 143647
100, 2070, 7, 139273, 142564
100, 2080, 7, 139103, 142183
100, 2090, 7, 138607, 141055
100, 2100, 7, 138458, 140569
100, 2110, 7, 138182, 140252
100, 2120, 7, 137345, 140539
100, 2130, 7, 136473, 138927
100, 2140, 7, 136212, 138647
100, 2150, 7, 135720, 138528
100, 2160, 7, 135325, 138186
100, 2170, 7, 134568, 137909
100, 2180, 7, 134404, 136567
100, 2190, 7, 134017, 136217
100, 2200, 7, 133658, 135328
100, 2210, 7, 133378, 135700
100, 2220, 7, 132398, 135836
100, 2230, 7, 132167, 134840
100, 2240, 7, 131998, 135192
100, 2250, 7, 131837, 134609
100, 2260, 7, 131270, 134116
100, 2270, 7, 130858, 133050
100, 2280, 7, 130821, 134545
100, 2290, 7, 130625, 132683
100, 2300, 7, 130247, 132765
100, 2310, 7, 130132, 132608
100, 2320, 7, 129799, 132810
100, 2330, 7, 129548, 130981
100, 2340, 7, 129484, 132537
100, 2350, 7, 129008, 131135
100, 2360, 7, 128667, 130470
100, 2370, 7, 128327, 130699
100, 2380, 7, 128219, 130337
100, 2390, 7, 127781, 129598
100, 2400, 7, 127188, 129633
100, 2410, 7, 126729, 128953
100, 2420, 7, 126260, 129311
100, 2430, 7, 126260, 127843
100, 2440, 7, 126030, 128504
100, 2450, 7, 125646, 127564
100, 2460, 7, 125258, 127787
100, 2470, 7, 124884, 128292
100, 2480, 7, 124523, 125889
100, 2490, 7, 124269, 125169
100, 2500, 7, 123829, 127774
100, 2510, 7, 123673, 125627
100, 2520, 7, 123528, 126819
100, 2530, 7, 123295, 125001
100, 2540, 7, 122972, 125702
100, 2550, 7, 122930, 125210
100, 2560, 7, 122331, 123826
100, 2570, 7, 121562, 123901
100, 2580, 7, 121503, 122726
100, 2590, 7, 121177, 123632
100, 2600, 7, 120906, 123849
100, 2610, 7, 120312, 122599
100, 2620, 7, 119754, 121766
100, 2630, 7, 119440, 122198
100, 2640, 7, 119271, 121781
100, 2650, 7, 119020, 121595
100, 2660, 7, 119020, 121878
100, 2670, 7, 118776, 120129
100, 2680, 7, 118710, 121226
100, 2690, 7, 118510, 121680
100, 2700, 7, 118106, 120308
100, 2710, 7, 117704, 119911
100, 2720, 7, 117336, 120261
100, 2730, 7, 117181, 120584
100, 2740, 7, 117092, 118161
100, 2750, 7, 116770, 119860
100, 2760, 7, 116704, 117524
100, 2770, 7, 116405, 118097
100, 2780, 7, 116380, 119225
100, 2790, 7, 116105, 119336
100, 2800, 7, 115974, 117245
100, 2810, 7, 114734, 118447
100, 2820, 7, 114365, 117480
100, 2830, 7, 114007, 115838
100, 2840, 7, 113972, 116384
100, 2850, 7, 113849, 115093
100, 2860, 7, 113472, 115515
100, 2870, 7, 113343, 115106
100, 2880, 7, 112751, 113660
100, 2890, 7, 112395, 114321
100, 2900, 7, 111930, 115440
100, 2910, 7, 111738, 112670
100, 2920, 7, 111492, 113959
100, 2930, 7, 111292, 112537
100, 2940, 7, 110807, 114819
100, 2950, 7, 110807, 112327
100, 2960, 7, 110785, 114245
100, 2970, 7, 110655, 112273
100, 2980, 7, 110431, 111213
100, 2990, 7, 110325, 112806
100, 3000, 7, 109907, 113266
100, 3010, 7, 109285, 113840
100, 3020, 7, 108907, 110940
100, 3030, 7, 108683, 111371
100, 3040, 7, 108508, 109519
100, 3050, 7, 108289, 110897
100, 3060, 7, 108102, 109688
100, 3070, 7, 108009, 110313
100, 3080, 7, 107985, 111069
100, 3090, 7, 107776, 109271
100, 3100, 7, 107547, 109694
100, 3110, 7, 107547, 109057
100, 3120, 7, 107402, 110352
100, 3130, 7, 107283, 110322
100, 3140, 7, 107233, 109180
100, 3150, 7, 107092, 110029
100, 3160, 7, 107092, 109524
100, 3170, 7, 106649, 108253
100, 3180, 7, 106032, 108457
100, 3190, 7, 105768, 108717
100, 3200, 7, 105742, 107420
100, 3210, 7, 105742, 107742
100, 3220, 7, 105742, 107174
100, 3230, 7, 105566, 106619
100, 3240, 7, 104976, 108292
100, 3250, 7, 104964, 106173
100, 3260, 7, 104858, 106892
100, 3270, 7, 104774, 107179
100, 3280, 7, 104740, 107231
100, 3290, 7, 104740, 106798
100, 3300, 7, 104740, 107415
100, 3310, 7, 104534, 105542
100, 3320, 7, 104235, 106925
100, 3330, 7, 103808, 107207
100, 3340, 7, 103675, 105641
100, 3350, 7, 103430, 105578
100, 3360, 7, 103430, 105033
100, 3370, 7, 102950, 105249
100, 3380, 7, 102274, 103404
100, 3390, 7, 102021, 104986
100, 3400, 7, 101978, 104253
100, 3410, 7, 101342, 103948
100, 3420, 7, 101324, 102830
100, 3430, 7, 101219, 104242
100, 3440, 7, 100914, 102649
100, 3450, 7, 100798, 102876
100, 3460, 7, 100796, 102504
100, 3470, 7, 100348, 102496
100, 3480, 7, 100111, 101674
100, 3490, 7, 99926, 101165
100, 3500, 7, 99764, 102130
100, 3510, 7, 99711, 101790
100, 3520, 7, 99285, 101762
100, 3530, 7, 99172, 101005
100, 3540, 7, 99112, 101741
100, 3550, 7, 99085, 101151
100, 3560, 7, 99085, 101179
100, 3570, 7, 98979, 99968
100, 3580, 7, 98954, 101190
100, 3590, 7, 98713, 101160
100, 3600, 7, 98572, 100408
100, 3610, 7, 98347, 100007
100, 3620, 7, 98206, 100702
100, 3630, 7, 97698, 100351
100, 3640, 7, 97116, 99481
100, 3650, 7, 96804, 99032
100, 3660, 7, 96715, 99954
100, 3670, 7, 96715, 99081
100, 3680, 7, 96633, 98490
100, 3690, 7, 96311, 98789
100, 3700, 7, 96187, 97854
100, 3710, 7, 96099, 98217
100, 3720, 7, 96075, 98324
100, 3730, 7, 95982, 97238
100, 3740, 7, 95699, 98745
100, 3750, 7, 95497, 96994
100, 3760, 7, 94936, 95760
100, 3770, 7, 94743, 95198
100, 3780, 7, 94434, 97513
100, 3790, 7, 94351, 95561
100, 3800, 7, 94231, 96915
100, 3810, 7, 94030, 95839
100, 3820, 7, 94030, 95914
100, 3830, 7, 94018, 96588
100, 3840, 7, 93972, 96547
100, 3850, 7, 93889, 98621
100, 3860, 7, 93645, 97246
100, 3870, 7, 93502, 94902
100, 3880, 7, 93460, 96645
100, 3890, 7, 93064, 95611
100, 3900, 7, 92951, 96362
100, 3910, 7, 92915, 94551
100, 3920, 7, 92885, 96073
100, 3930, 7, 92885, 95154
100, 3940, 7, 92879, 94970
100, 3950, 7, 92802, 93906
100, 3960, 7, 92779, 95198
100, 3970, 7, 92779, 93665
100, 3980, 7, 92515, 94280
100, 3990, 7, 92283, 95281
100, 4000, 7, 92283, 93640
100, 4010, 7, 92142, 95567
100, 4020, 7, 91812, 93995
100, 4030, 7, 91409, 92044
100, 4040, 7, 91275, 94160
100, 4050, 7, 91186, 93041
100, 4060, 7, 91139, 94871
100, 4070, 7, 90864, 94387
100, 4080, 7, 90714, 92940
100, 4090, 7, 90567, 91922
100, 4100, 7, 90255, 92570
100, 4110, 7, 90074, 92981
100, 4120, 7, 89930, 91883
100, 4130, 7, 89810, 92101
100, 4140, 7, 89774, 92947
100, 4150, 7, 89761, 90773
100, 4160, 7, 89638, 90576
100, 4170, 7, 89130, 92166
100, 4180, 7, 89063, 91400
100, 4190, 7, 88988, 90625
100, 4200, 7, 88788, 90419
100, 4210, 7, 88253, 90130
100, 4220, 7, 87908, 89820
100, 4230, 7, 87820, 90545
100, 4240, 7, 87052, 88116
100, 4250, 7, 87009, 88742
100, 4260, 7, 86736, 87355
100, 4270, 7, 86700, 89732
100, 4280, 7, 86604, 86902
100, 4290, 7, 86404, 89824
100, 4300, 7, 86327, 88207
100, 4310, 7, 86292, 88722
100, 4320, 7, 86233, 88624
100, 4330, 7, 86233, 87610
100, 4340, 7, 86213, 86233
100, 4350, 7, 86142, 87991
100, 4360, 7, 86142, 87002
100, 4370, 7, 86104, 87977
100, 4380, 7, 86020, 86966
100, 4390, 7, 85879, 86874
100, 4400, 7, 85657, 87695
100, 4410, 7, 85487, 88057
100, 4420, 7, 85342, 87822
100, 4430, 7, 85342, 86809
100, 4440, 7, 85342, 85863
100, 4450, 7, 85282, 88383
100, 4460, 7, 85281, 86529
100, 4470, 7, 85020, 87768
100, 4480, 7, 84990, 86330
100, 4490, 7, 84964, 87458
100, 4500, 7, 84722, 86678
100, 4510, 7, 84603, 88327
100, 4520, 7, 84475, 86583
100, 4530, 7, 84334, 86090
100, 4540, 7, 84210, 84962
100, 4550, 7, 84134, 86647
100, 4560, 7, 84119, 85854
100, 4570, 7, 84036, 87073
100, 4580, 7, 84036, 86212
100, 4590, 7, 83928, 84582
100, 4600, 7, 83928, 84909
100, 4610, 7, 83868, 85493
100, 4620, 7, 83668, 86129
100, 4630, 7, 83612, 85023
100, 4640, 7, 83484, 86607
100, 4650, 7, 83484, 85496
100, 4660, 7, 83304, 86444
100, 4670, 7, 83232, 86023
100, 4680, 7, 82592, 84778
100, 4690, 7, 82264, 84420
100, 4700, 7, 82264, 84526
100, 4710, 7, 81984, 83403
100, 4720, 7, 81984, 83452
100, 4730, 7, 81924, 83271
100, 4740, 7, 81691, 83123
100, 4750, 7, 81577, 81691
100, 4760, 7, 81307, 83457
100, 4770, 7, 81296, 84309
100, 4780, 7, 81296, 84835
100, 4790, 7, 81296, 84374
100, 4800, 7, 81277, 81869
100, 4810, 7, 81242, 83166
100, 4820, 7, 81189, 83999
100, 4830, 7, 81087, 83164
100, 4840, 7, 80957, 82976
100, 4850, 7, 80899, 82480
100, 4860, 7, 80815, 82719
100, 4870, 7, 80815, 82323
100, 4880, 7, 80681, 83592
100, 4890, 7, 80611, 83482
100, 4900, 7, 80611, 81618
100, 4910, 7, 80411, 81347
100, 4920, 7, 80325, 82166
100, 4930, 7, 80181, 82105
100, 4940, 7, 80181, 81359
100, 4950, 7, 80181, 82467
100, 4960, 7, 80110, 82487
100, 4970, 7, 79987, 82075
100, 4980, 7, 79897, 80958
100, 4990, 7, 79864, 82185
100, 5000, 7, 79804, 82272
100, 5010, 7, 79804, 81616
100, 5020, 7, 79229, 81081
100, 5030, 7, 79229, 80845
100, 5040, 7, 79229, 81663
100, 5050, 7, 79229, 81832
100, 5060, 7, 79229, 80434
100, 5070, 7, 79227, 81293
100, 5080, 7, 79029, 81071
100, 5090, 7, 78778, 80869
100, 5100, 7, 78723, 80274
100, 5110, 7, 78723, 79864
100, 5120, 7, 78723, 80493
100, 5130, 7, 78723, 79239
100, 5140, 7, 78196, 80039
100, 5150, 7, 78184, 80963
100, 5160, 7, 78184, 78520
100, 5170, 7, 78184, 80786
100, 5180, 7, 78009, 80063
100, 5190, 7, 78009, 79116
100, 5200, 7, 78009, 79293
100, 5210, 7, 78009, 79158
100, 5220, 7, 77841, 80006
100, 5230, 7, 77841, 80408
100, 5240, 7, 77841, 78464
100, 5250, 7, 77841, 78949
100, 5260, 7, 77823, 79142
100, 5270, 7, 77801, 78832
100, 5280, 7, 77801, 79245
100, 5290, 7, 77801, 79326
100, 5300, 7, 77743, 78858
100, 5310, 7, 77711, 79397
100, 5320, 7, 77531, 79936
100, 5330, 7, 77458, 78965
100, 5340, 7, 77453, 77458
100, 5350, 7, 77453, 77453
100, 5360, 7, 77453, 78384
100, 5370, 7, 77453, 79383
100, 5380, 7, 77438, 79048
100, 5390, 7, 77396, 78264
100, 5400, 7, 77396, 79405
100, 5410, 7, 77396, 78379
100, 5420, 7, 77396, 77861
100, 5430, 7, 77396, 77396
100, 5440, 7, 77396, 79540
100, 5450, 7, 77347, 79085
100, 5460, 7, 77311, 78605
100, 5470, 7, 77280, 79992
100, 5480, 7, 77280, 78705
100, 5490, 7, 77280, 79530
100, 5500, 7, 77280, 79747
100, 5510, 7, 77280, 78848
100, 5520, 7, 77262, 79167
100, 5530, 7, 77146, 79193
100, 5540, 7, 77083, 78676
100, 5550, 7, 77083, 78831
100, 5560, 7, 77083, 78441
100, 5570, 7, 77078, 78987
100, 5580, 7, 77078, 78967
100, 5590, 7, 76840, 78674
100, 5600, 7, 76840, 78568
100, 5610, 7, 76840, 79324
100, 5620, 7, 76840, 79593
100, 5630, 7, 76840, 79659
100, 5640, 7, 76743, 78227
100, 5650, 7, 76725, 77486
100, 5660, 7, 76667, 78809
100, 5670, 7, 76667, 77212
100, 5680, 7, 76667, 79458
100, 5690, 7, 76667, 76667
100, 5700, 7, 76667, 78456
100, 5710, 7, 76667, 78428
100, 5720, 7, 76567, 77900
100, 5730, 7, 76567, 77445
100, 5740, 7, 76567, 78507
100, 5750, 7, 76491, 79244
100, 5760, 7, 76038, 77421
100, 5770, 7, 76024, 77744
100, 5780, 7, 75840, 77447
100, 5790, 7, 75584, 77785
100, 5800, 7, 75499, 76231
100, 5810, 7, 75499, 76579
100, 5820, 7, 75499, 77833
100, 5830, 7, 75481, 77544
100, 5840, 7, 75340, 77291
100, 5850, 7, 75289, 77272
100, 5860, 7, 74909, 76074
100, 5870, 7, 74873, 76432
100, 5880, 7, 74840, 74870
100, 5890, 7, 74840, 76093
100, 5900, 7, 74840, 75687
100, 5910, 7, 74840, 76921
100, 5920, 7, 74834, 76367
100, 5930, 7, 74834, 74834
100, 5940, 7, 74834, 74834
100, 5950, 7, 74834, 75091
100, 5960, 7, 74711, 76739
100, 5970, 7, 74652, 76180
100, 5980, 7, 74652, 74652
100, 5990, 7, 74609, 77610
100, 6000, 7, 74586, 75647
100, 6010, 7, 74586, 75705
100, 6020, 7, 74479, 76250
100, 6030, 7, 74479, 75990
100, 6040, 7, 74403, 75505
100, 6050, 7, 74403, 74403
100, 6060, 7, 74385, 76316
100, 6070, 7, 74385, 75899
100, 6080, 7, 74385, 75880
100, 6090, 7, 74371, 74960
100, 6100, 7, 74371, 75676
100, 6110, 7, 74371, 76533
100, 6120, 7, 74371, 76620
100, 6130, 7, 74343, 76046
100, 6140, 7, 74295, 76221
100, 6150, 7, 74295, 75095
100, 6160, 7, 74295, 75285
100, 6170, 7, 74250, 75995
100, 6180, 7, 74250, 76693
100, 6190, 7, 74250, 75099
100, 6200, 7, 74250, 76080
100, 6210, 7, 74192, 75665
100, 6220, 7, 73988, 74192
100, 6230, 7, 73988, 73988
100, 6240, 7, 73971, 75796
100, 6250, 7, 73950, 76696
100, 6260, 7, 73876, 73950
100, 6270, 7, 73876, 74735
100, 6280, 7, 73694, 74464
100, 6290, 7, 73610, 73694
100, 6300, 7, 73363, 74452
100, 6310, 7, 73363, 74651
100, 6320, 7, 73044, 73754
100, 6330, 7, 73044, 74585
100, 6340, 7, 73019, 74826
100, 6350, 7, 73019, 73019
100, 6360, 7, 72878, 75049
100, 6370, 7, 72878, 72878
100, 6380, 7, 72838, 73900
100, 6390, 7, 72838, 73565
100, 6400, 7, 72838, 73535
100, 6410, 7, 72529, 73214
100, 6420, 7, 72529, 74231
100, 6430, 7, 72470, 73726
100, 6440, 7, 72470, 74683
100, 6450, 7, 72470, 74898
100, 6460, 7, 72470, 72470
100, 6470, 7, 72470, 74202
100, 6480, 7, 72394, 72841
100, 6490, 7, 72394, 73258
100, 6500, 7, 72394, 73967
100, 6510, 7, 72370, 74356
100, 6520, 7, 72349, 72370
100, 6530, 7, 72314, 74962
100, 6540, 7, 72314, 73635
100, 6550, 7, 72314, 74380
100, 6560, 7, 72314, 73134
100, 6570, 7, 72114, 72314
100, 6580, 7, 72114, 73745
100, 6590, 7, 72114, 73452
100, 6600, 7, 72114, 72114
100, 6610, 7, 72055, 72114
100, 6620, 7, 71932, 74020
100, 6630, 7, 71797, 73294
100, 6640, 7, 71797, 74550
100, 6650, 7, 71756, 74387
100, 6660, 7, 71728, 71728
100, 6670, 7, 71728, 73407
100, 6680, 7, 71728, 71728
100, 6690, 7, 71710, 72269
100, 6700, 7, 71628, 73264
100, 6710, 7, 71562, 72746
100, 6720, 7, 71562, 74644
100, 6730, 7, 71562, 72574
100, 6740, 7, 71479, 73346
100, 6750, 7, 71479, 73285
100, 6760, 7, 71479, 72495
100, 6770, 7, 71447, 71461
100, 6780, 7, 71439, 71882
100, 6790, 7, 71268, 72162
100, 6800, 7, 71250, 71268
100, 6810, 7, 71250, 74074
100, 6820, 7, 71250, 71250
100, 6830, 7, 71250, 72961
100, 6840, 7, 71090, 72675
100, 6850, 7, 71010, 71480
100, 6860, 7, 71010, 72610
100, 6870, 7, 70928, 73027
100, 6880, 7, 70928, 70928
100, 6890, 7, 70928, 71229
100, 6900, 7, 70928, 73024
100, 6910, 7, 70928, 71252
100, 6920, 7, 70869, 72035
100, 6930, 7, 70869, 72281
100, 6940, 7, 70745, 71855
100, 6950, 7, 70745, 70745
100, 6960, 7, 70729, 71992
100, 6970, 7, 70688, 70911
100, 6980, 7, 70574, 70688
100, 6990, 7, 70371, 71636
100, 7000, 7, 70230, 72211
100, 7010, 7, 70230, 72001
100, 7020, 7, 70170, 70230
100, 7030, 7, 70121, 72506
100, 7040, 7, 70121, 71774
100, 7050, 7, 70062, 70325
100, 7060, 7, 70062, 70434
100, 7070, 7, 70062, 72415
100, 7080, 7, 70062, 70280
100, 7090, 7, 69841, 72242
100, 7100, 7, 69841, 69841
100, 7110, 7, 69699, 71324
100, 7120, 7, 69561, 70914
100, 7130, 7, 69561, 71193
100, 7140, 7, 69561, 69561
100, 7150, 7, 69561, 72144
100, 7160, 7, 69561, 69561
100, 7170, 7, 69561, 70158
100, 7180, 7, 69561, 69561
100, 7190, 7, 69515, 69721
100, 7200, 7, 69515, 70104
100, 7210, 7, 69515, 69630
100, 7220, 7, 69515, 70415
100, 7230, 7, 69432, 71183
100, 7240, 7, 69432, 70512
100, 7250, 7, 69432, 71299
100, 7260, 7, 69323, 69776
100, 7270, 7, 69191, 70033
100, 7280, 7, 69191, 69751
100, 7290, 7, 69191, 71236
100, 7300, 7, 69174, 71560
100, 7310, 7, 69082, 69609
100, 7320, 7, 69017, 70758
100, 7330, 7, 69017, 69017
100, 7340, 7, 69017, 69017
100, 7350, 7, 69017, 71475
100, 7360, 7, 68982, 69017
100, 7370, 7, 68866, 69571
100, 7380, 7, 68866, 68866
100, 7390, 7, 68866, 69813
100, 7400, 7, 68866, 69986
100, 7410, 7, 68866, 69997
100, 7420, 7, 68760, 69945
100, 7430, 7, 68760, 71017
100, 7440, 7, 68756, 69524
100, 7450, 7, 68756, 68756
100, 7460, 7, 68756, 70286
100, 7470, 7, 68747, 68747
100, 7480, 7, 68630, 70264
100, 7490, 7, 68630, 69248
100, 7500, 7, 68415, 69429
100, 7510, 7, 68415, 70734
100, 7520, 7, 68415, 70726
100, 7530, 7, 68243, 68415
100, 7540, 7, 68243, 69181
100, 7550, 7, 68243, 68243
100, 7560, 7, 68102, 68243
100, 7570, 7, 67811, 68446
100, 7580, 7, 67811, 68901
100, 7590, 7, 67687, 68454
100, 7600, 7, 67502, 68368
100, 7610, 7, 67502, 67502
100, 7620, 7, 67489, 67502
100, 7630, 7, 67489, 68880
100, 7640, 7, 67489, 67489
100, 7650, 7, 67489, 69457
100, 7660, 7, 67472, 68010
100, 7670, 7, 67373, 67472
100, 7680, 7, 67314, 69927
100, 7690, 7, 67308, 67971
100, 7700, 7, 67167, 69014
100, 7710, 7, 67167, 69612
100, 7720, 7, 67167, 69134
100, 7730, 7, 67167, 68370
100, 7740, 7, 67167, 67167
100, 7750, 7, 67167, 69559
100, 7760, 7, 67167, 67167
100, 7770, 7, 67117, 68608
100, 7780, 7, 67117, 67117
100, 7790, 7, 67117, 68631
100, 7800, 7, 67003, 67003
100, 7810, 7, 67003, 67003
100, 7820, 7, 67003, 67003
100, 7830, 7, 67003, 67880
100, 7840, 7, 67003, 67003
100, 7850, 7, 66944, 67891
100, 7860, 7, 66944, 67621
100, 7870, 7, 66944, 67465
100, 7880, 7, 66944, 66944
100, 7890, 7, 66849, 66849
100, 7900, 7, 66849, 66849
100, 7910, 7, 66849, 66849
100, 7920, 7, 66849, 66849
100, 7930, 7, 66822, 67162
100, 7940, 7, 66661, 68750
100, 7950, 7, 66661, 68182
100, 7960, 7, 66661, 66661
100, 7970, 7, 66661, 67565
100, 7980, 7, 66661, 66661
100, 7990, 7, 66561, 66661
100, 8000, 7, 66485, 66485
100, 8010, 7, 66405, 66405
100, 8020, 7, 66405, 67113
100, 8030, 7, 66405, 66405
100, 8040, 7, 66405, 67146
100, 8050, 7, 66405, 67053
100, 8060, 7, 66405, 68101
100, 8070, 7, 66405, 68276
100, 8080, 7, 66405, 67767
100, 8090, 7, 66405, 67708
100, 8100, 7, 66405, 67607
100, 8110, 7, 66405, 67005
100, 8120, 7, 66405, 68181
100, 8130, 7, 66386, 67676
100, 8140, 7, 66386, 66386
100, 8150, 7, 66323, 67094
100, 8160, 7, 66323, 66691
100, 8170, 7, 66323, 68863
100, 8180, 7, 66323, 66323
100, 8190, 7, 66323, 67000
100, 8200, 7, 66323, 66323
100, 8210, 7, 66183, 67783
100, 8220, 7, 66183, 68192
100, 8230, 7, 66183, 66183
100, 8240, 7, 66183, 66183
100, 8250, 7, 66183, 66183
100, 8260, 7, 66183, 67093
100, 8270, 7, 66183, 66735
100, 8280, 7, 66183, 67031
100, 8290, 7, 65812, 66183
100, 8300, 7, 65812, 65812
100, 8310, 7, 65812, 65812
100, 8320, 7, 65812, 66888
100, 8330, 7, 65782, 65812
100, 8340, 7, 65782, 65782
100, 8350, 7, 65782, 65782
100, 8360, 7, 65782, 65782
100, 8370, 7, 65782, 65782
100, 8380, 7, 65782, 65782
100, 8390, 7, 65782, 65782
100, 8400, 7, 65744, 65782
100, 8410, 7, 65721, 65744
100, 8420, 7, 65721, 66516
100, 8430, 7, 65631, 65721
100, 8440, 7, 65631, 66412
100, 8450, 7, 65631, 65631
100, 8460, 7, 65631, 66090
100, 8470, 7, 65461, 66053
100, 8480, 7, 65461, 65461
100, 8490, 7, 65461, 66542
100, 8500, 7, 65461, 66668
100, 8510, 7, 65461, 66243
100, 8520, 7, 65461, 65461
100, 8530, 7, 65461, 66635
100, 8540, 7, 65461, 65950
100, 8550, 7, 65461, 67704
100, 8560, 7, 65461, 65537
100, 8570, 7, 65461, 66554
100, 8580, 7, 65461, 65778
100, 8590, 7, 65461, 65461
100, 8600, 7, 65421, 65461
100, 8610, 7, 65400, 65400
100, 8620, 7, 65400, 65400
100, 8630, 7, 65356, 66962
100, 8640, 7, 65356, 65356
100, 8650, 7, 65314, 65877
100, 8660, 7, 65314, 65568
100, 8670, 7, 65314, 65314
100, 8680, 7, 65314, 65314
100, 8690, 7, 65314, 66083
100, 8700, 7, 65314, 67154
100, 8710, 7, 65314, 65314
100, 8720, 7, 65314, 65314
100, 8730, 7, 65259, 66514
100, 8740, 7, 65259, 65259
100, 8750, 7, 65259, 65259
100, 8760, 7, 65259, 65259
100, 8770, 7, 65259, 67006
100, 8780, 7, 65259, 66001
100, 8790, 7, 65259, 65259
100, 8800, 7, 65259, 65259
100, 8810, 7, 65259, 65259
100, 8820, 7, 65259, 65259
100, 8830, 7, 65259, 65630
100, 8840, 7, 65259, 66239
100, 8850, 7, 65259, 65259
100, 8860, 7, 65177, 65533
100, 8870, 7, 65114, 65177
100, 8880, 7, 65114, 66978
100, 8890, 7, 65114, 65114
100, 8900, 7, 65114, 65955
100, 8910, 7, 65027, 65027
100, 8920, 7, 65027, 66363
100, 8930, 7, 64947, 65027
100, 8940, 7, 64831, 64947
100, 8950, 7, 64831, 64831
100, 8960, 7, 64831, 65607
100, 8970, 7, 64831, 64831
100, 8980, 7, 64831, 64831
100, 8990, 7, 64786, 65937
100, 9000, 7, 64786, 65976
100, 9010, 7, 64786, 64786
100, 9020, 7, 64786, 67298
100, 9030, 7, 64778, 65754
100, 9040, 7, 64778, 64778
100, 9050, 7, 64778, 64778
100, 9060, 7, 64778, 64778
100, 9070, 7, 64778, 67027
100, 9080, 7, 64761, 65095
100, 9090, 7, 64724, 64761
100, 9100, 7, 64724, 64724
100, 9110, 7, 64724, 64724
100, 9120, 7, 64546, 64865
100, 9130, 7, 64546, 64546
100, 9140, 7, 64546, 64546
100, 9150, 7, 64546, 65252
100, 9160, 7, 64546, 65425
100, 9170, 7, 64480, 64762
100, 9180, 7, 64008, 64480
100, 9190, 7, 63932, 64804
100, 9200, 7, 63932, 65114
100, 9210, 7, 63932, 63932
100, 9220, 7, 63932, 65314
100, 9230, 7, 63932, 64238
100, 9240, 7, 63735, 63749
100, 9250, 7, 63653, 65473
100, 9260, 7, 63641, 64497
100, 9270, 7, 63641, 63641
100, 9280, 7, 63641, 63641
100, 9290, 7, 63641, 63641
100, 9300, 7, 63604, 63641
100, 9310, 7, 63604, 63604
100, 9320, 7, 63604, 64573
100, 9330, 7, 63604, 63604
100, 9340, 7, 63604, 63862
100, 9350, 7, 63604, 63604
100, 9360, 7, 63604, 63692
100, 9370, 7, 63604, 63604
100, 9380, 7, 63480, 63480
100, 9390, 7, 63200, 65010
100, 9400, 7, 63200, 63200
100, 9410, 7, 63200, 63200
100, 9420, 7, 63200, 63200
100, 9430, 7, 63200, 63200
100, 9440, 7, 63200, 63570
100, 9450, 7, 63188, 64509
100, 9460, 7, 63188, 63722
100, 9470, 7, 63188, 63188
100, 9480, 7, 63188, 63551
100, 9490, 7, 63188, 63188
100, 9500, 7, 63188, 63188
100, 9510, 7, 63188, 64015
100, 9520, 7, 63188, 63188
100, 9530, 7, 63188, 63188
100, 9540, 7, 63138, 63188
100, 9550, 7, 63138, 63138
100, 9560, 7, 63138, 63338
100, 9570, 7, 63138, 63138
100, 9580, 7, 63138, 63138
100, 9590, 7, 62531, 63138
100, 9600, 7, 62531, 62531
100, 9610, 7, 62531, 63376
100, 9620, 7, 62531, 63263
100, 9630, 7, 62408, 63690
100, 9640, 7, 62408, 62408
100, 9650, 7, 62408, 62408
100, 9660, 7, 62408, 62408
100, 9670, 7, 62408, 62408
100, 9680, 7, 62408, 62841
100, 9690, 7, 62408, 62408
100, 9700, 7, 62408, 62408
100, 9710, 7, 62408, 63572
100, 9720, 7, 62408, 64492
100, 9730, 7, 62408, 63106
100, 9740, 7, 62408, 62408
100, 9750, 7, 62408, 63489
100, 9760, 7, 62408, 62779
100, 9770, 7, 62408, 62408
100, 9780, 7, 62364, 62408
100, 9790, 7, 62364, 62364
100, 9800, 7, 62364, 62364
100, 9810, 7, 62364, 62364
100, 9820, 7, 62364, 62770
100, 9830, 7, 62364, 62364
100, 9840, 7, 62323, 63297
100, 9850, 7, 62323, 62323
100, 9860, 7, 62323, 62323
100, 9870, 7, 62152, 62323
100, 9880, 7, 62152, 62296
100, 9890, 7, 62152, 62152
100, 9900, 7, 62152, 62152
100, 9910, 7, 62152, 62152
100, 9920, 7, 62152, 62152
100, 9930, 7, 62152, 62152
100, 9940, 7, 62087, 62152
100, 9950, 7, 62087, 62087
100, 9960, 7, 62087, 62087
100, 9970, 7, 62087, 62087
100, 9980, 7, 62087, 62228
100, 9990, 7, 62087, 62087
100, 10000, 7, 62087, 62087
100, 10010, 7, 62087, 62087
100, 10020, 7, 62087, 62087
100, 10030, 7, 62087, 62087
100, 10040, 7, 62087, 62087
100, 10050, 7, 62087, 62087
100, 10060, 7, 62087, 62087
100, 10070, 7, 62087, 63158
100, 10080, 7, 62087, 62087
100, 10090, 7, 62083, 62083
100, 10100, 7, 62083, 62083
100, 10110, 7, 62062, 62062
100, 10120, 7, 62062, 62062
100, 10130, 7, 62062, 62639
100, 10140, 7, 62062, 63182
100, 10150, 7, 62062, 62062
100, 10160, 7, 62062, 62062
100, 10170, 7, 62062, 62062
100, 10180, 7, 62062, 62062
100, 10190, 7, 62062, 62062
100, 10200, 7, 62062, 62651
100, 10210, 7, 62062, 62062
100, 10220, 7, 62055, 62062
100, 10230, 7, 62055, 62055
100, 10240, 7, 62055, 62055
100, 10250, 7, 62055, 62055
100, 10260, 7, 62055, 62055
100, 10270, 7, 62055, 62055
100, 10280, 7, 62022, 63005
100, 10290, 7, 62022, 62022
100, 10300, 7, 61908, 62022
100, 10310, 7, 61908, 61908
100, 10320, 7, 61908, 62452
100, 10330, 7, 61908, 62289
100, 10340, 7, 61908, 61908
100, 10350, 7, 61908, 61908
100, 10360, 7, 61908, 61908
100, 10370, 7, 61908, 62718
100, 10380, 7, 61908, 61908
100, 10390, 7, 61908, 61908
100, 10400, 7, 61908, 61908
100, 10410, 7, 61850, 61908
100, 10420, 7, 61820, 61850
100, 10430, 7, 61820, 61820
100, 10440, 7, 61737, 61820
100, 10450, 7, 61737, 61737
100, 10460, 7, 61737, 61737
100, 10470, 7, 61737, 61737
100, 10480, 7, 61737, 61937
100, 10490, 7, 61737, 61737
100, 10500, 7, 61737, 61737
100, 10510, 7, 61737, 61737
100, 10520, 7, 61737, 62337
100, 10530, 7, 61700, 63172
100, 10540, 7, 61700, 61700
100, 10550, 7, 61700, 61700
100, 10560, 7, 61700, 61700
100, 10570, 7, 61700, 61700
100, 10580, 7, 61700, 63564
100, 10590, 7, 61631, 61631
100, 10600, 7, 61631, 62739
100, 10610, 7, 61631, 61631
100, 10620, 7, 61631, 61631
100, 10630, 7, 61631, 61631
100, 10640, 7, 61631, 61631
100, 10650, 7, 61631, 61631
100, 10660, 7, 61631, 61631
100, 10670, 7, 61496, 61496
100, 10680, 7, 61496, 61496
100, 10690, 7, 61496, 61496
100, 10700, 7, 61496, 61496
100, 10710, 7, 61496, 61496
100, 10720, 7, 61496, 61496
100, 10730, 7, 61496, 61496
100, 10740, 7, 61496, 61496
100, 10750, 7, 61496, 63029
100, 10760, 7, 61496, 61496
100, 10770, 7, 61496, 61496
100, 10780, 7, 61496, 61496
100, 10790, 7, 61496, 61496
100, 10800, 7, 61455, 62567
100, 10810, 7, 61390, 61455
100, 10820, 7, 61390, 61630
100, 10830, 7, 61387, 61390
100, 10840, 7, 61387, 61387
100, 10850, 7, 61387, 61387
100, 10860, 7, 61309, 61387
100, 10870, 7, 61278, 61278
100, 10880, 7, 61278, 61278
100, 10890, 7, 61278, 61693
100, 10900, 7, 61278, 61278
100, 10910, 7, 61278, 61278
100, 10920, 7, 61278, 61278
100, 10930, 7, 61278, 61278
100, 10940, 7, 61278, 61278
100, 10950, 7, 61278, 61278
100, 10960, 7, 61278, 61278
100, 10970, 7, 61278, 61278
100, 10980, 7, 61278, 61525
100, 10990, 7, 61198, 61278
100, 11000, 7, 61198, 61198
100, 11010, 7, 61198, 61198
100, 11020, 7, 61198, 61198
100, 11030, 7, 61198, 61910
100, 11040, 7, 61198, 61198
100, 11050, 7, 61198, 61198
100, 11060, 7, 61115, 61198
100, 11070, 7, 61115, 61115
100, 11080, 7, 61115, 61115
100, 11090, 7, 61115, 61115
100, 11100, 7, 61115, 61115
100, 11110, 7, 61115, 61115
100, 11120, 7, 61115, 61115
100, 11130, 7, 61115, 61115
100, 11140, 7, 61115, 61115
100, 11150, 7, 61115, 61115
100, 11160, 7, 61115, 61115
100, 11170, 7, 61097, 61115
100, 11180, 7, 61097, 61097
100, 11190, 7, 61097, 61097
100, 11200, 7, 61097, 61097
100, 11210, 7, 61097, 61097
100, 11220, 7, 61097, 61097
100, 11230, 7, 61097, 61097
100, 11240, 7, 61073, 61073
100, 11250, 7, 61073, 61073
100, 11260, 7, 60990, 61073
100, 11270, 7, 60990, 60990
100, 11280, 7, 60921, 60921
100, 11290, 7, 60921, 60921
100, 11300, 7, 60921, 60921
100, 11310, 7, 60921, 60921
100, 11320, 7, 60921, 60921
100, 11330, 7, 60855, 60921
100, 11340, 7, 60855, 61348
100, 11350, 7, 60855, 60855
100, 11360, 7, 60855, 60855
100, 11370, 7, 60855, 60855
100, 11380, 7, 60855, 60855
100, 11390, 7, 60855, 60855
100, 11400, 7, 60855, 60855
100, 11410, 7, 60855, 60855
100, 11420, 7, 60855, 60855
100, 11430, 7, 60855, 60855
100, 11440, 7, 60855, 60855
100, 11450, 7, 60855, 60855
100, 11460, 7, 60855, 60855
100, 11470, 7, 60855, 60855
100, 11480, 7, 60788, 60855
100, 11490, 7, 60788, 60788
100, 11500, 7, 60723, 60788
100, 11510, 7, 60723, 60723
100, 11520, 7, 60682, 60723
100, 11530, 7, 60675, 60682
100, 11540, 7, 60501, 60501
100, 11550, 7, 60501, 60501
100, 11560, 7, 60501, 60501
100, 11570, 7, 60501, 60501
100, 11580, 7, 60501, 60501
100, 11590, 7, 60501, 60501
100, 11600, 7, 60501, 60501
100, 11610, 7, 60501, 61307
100, 11620, 7, 60454, 60501
100, 11630, 7, 60454, 60454
100, 11640, 7, 60454, 60454
100, 11650, 7, 60330, 62254
100, 11660, 7, 60330, 60330
100, 11670, 7, 60330, 60330
100, 11680, 7, 60330, 60330
100, 11690, 7, 60330, 60330
100, 11700, 7, 60330, 60330
100, 11710, 7, 60330, 60330
100, 11720, 7, 60330, 60330
100, 11730, 7, 60330, 60330
100, 11740, 7, 60330, 60330
100, 11750, 7, 60330, 60330
100, 11760, 7, 60330, 60330
100, 11770, 7, 60330, 60330
100, 11780, 7, 60330, 60330
100, 11790, 7, 60330, 60330
100, 11800, 7, 60330, 60330
100, 11810, 7, 60330, 60330
100, 11820, 7, 60330, 60604
100, 11830, 7, 60330, 60330
100, 11840, 7, 60330, 60330
100, 11850, 7, 60330, 60330
100, 11860, 7, 60330, 60330
100, 11870, 7, 60330, 60330
100, 11880, 7, 60330, 60330
100, 11890, 7, 60330, 60330
100, 11900, 7, 60330, 60330
100, 11910, 7, 60330, 60330
100, 11920, 7, 60330, 60330
100, 11930, 7, 60330, 60330
100, 11940, 7, 60330, 60330
100, 11950, 7, 60289, 60330
100, 11960, 7, 60289, 60289
100, 11970, 7, 60289, 60289
100, 11980, 7, 60289, 60289
100, 11990, 7, 60289, 60289
100, 12000, 7, 60289, 60289
100, 12010, 7, 60289, 60663
100, 12020, 7, 60289, 60289
100, 12030, 7, 60289, 60289
100, 12040, 7, 60289, 60289
100, 12050, 7, 60289, 60289
100, 12060, 7, 60289, 60289
100, 12070, 7, 60289, 60289
100, 12080, 7, 60289, 60289
100, 12090, 7, 60289, 60289
100, 12100, 7, 60289, 60289
100, 12110, 7, 60289, 60289
100, 12120, 7, 60289, 60289
100, 12130, 7, 60289, 60289
100, 12140, 7, 60230, 60230
100, 12150, 7, 60230, 60230
100, 12160, 7, 60196, 60230
100, 12170, 7, 60192, 60196
100, 12180, 7, 60100, 60104
100, 12190, 7, 60100, 60100
100, 12200, 7, 60100, 60100
100, 12210, 7, 59986, 60100
100, 12220, 7, 59986, 59986
100, 12230, 7, 59986, 59986
100, 12240, 7, 59963, 59986
100, 12250, 7, 59963, 59963
100, 12260, 7, 59963, 59963
100, 12270, 7, 59963, 59963
100, 12280, 7, 59913, 59913
100, 12290, 7, 59815, 59913
100, 12300, 7, 59815, 59815
100, 12310, 7, 59815, 59815
100, 12320, 7, 59815, 59815
100, 12330, 7, 59815, 59815
100, 12340, 7, 59815, 59815
100, 12350, 7, 59815, 59815
100, 12360, 7, 59815, 59815
100, 12370, 7, 59815, 59815
100, 12380, 7, 59815, 59815
100, 12390, 7, 59815, 59815
100, 12400, 7, 59815, 59815
100, 12410, 7, 59815, 59815
100, 12420, 7, 59815, 59815
100, 12430, 7, 59815, 59815
100, 12440, 7, 59815, 59815
100, 12450, 7, 59815, 59815
100, 12460, 7, 59815, 59815
100, 12470, 7, 59815, 59815
100, 12480, 7, 59815, 59815
100, 12490, 7, 59815, 59815
100, 12500, 7, 59815, 59815
100, 12510, 7, 59815, 59815
100, 12520, 7, 59815, 59815
100, 12530, 7, 59815, 59815
100, 12540, 7, 59815, 59815
100, 12550, 7, 59815, 59815
100, 12560, 7, 59815, 59815
100, 12570, 7, 59815, 59815
100, 12580, 7, 59815, 59815
100, 12590, 7, 59815, 59815
100, 12600, 7, 59815, 59815
100, 12610, 7, 59815, 59815
100, 12620, 7, 59815, 59815
100, 12630, 7, 59815, 59815
100, 12640, 7, 59815, 59815
100, 12650, 7, 59790, 59815
100, 12660, 7, 59790, 59790
100, 12670, 7, 59790, 59790
100, 12680, 7, 59790, 59790
100, 12690, 7, 59677, 59790
100, 12700, 7, 59677, 59677
100, 12710, 7, 59677, 59677
100, 12720, 7, 59677, 59677
100, 12730, 7, 59677, 59677
100, 12740, 7, 59677, 59677
100, 12750, 7, 59677, 59677
100, 12760, 7, 59636, 59677
100, 12770, 7, 59550, 59550
100, 12780, 7, 59550, 59550
100, 12790, 7, 59550, 59550
100, 12800, 7, 59550, 59550
100, 12810, 7, 59550, 59550
100, 12820, 7, 59530, 59530
100, 12830, 7, 59530, 59530
100, 12840, 7, 59530, 59530
100, 12850, 7, 59530, 59530
100, 12860, 7, 59530, 59530
100, 12870, 7, 59530, 59530
100, 12880, 7, 59530, 59530
100, 12890, 7, 59530, 59530
100, 12900, 7, 59530, 59530
100, 12910, 7, 59530, 59530
100, 12920, 7, 59530, 59530
100, 12930, 7, 59530, 59530
100, 12940, 7, 59530, 59530
100, 12950, 7, 59530, 59530
100, 12960, 7, 59530, 59530
100, 12970, 7, 59530, 59530
100, 12980, 7, 59530, 59530
100, 12990, 7, 59530, 59530
100, 13000, 7, 59460, 59460
100, 13010, 7, 59460, 59460
100, 13020, 7, 59460, 59460
100, 13030, 7, 59460, 59460
100, 13040, 7, 59460, 59460
100, 13050, 7, 59460, 59460
100, 13060, 7, 59460, 59460
100, 13070, 7, 59460, 59460
100, 13080, 7, 59460, 59460
100, 13090, 7, 59389, 59389
100, 13100, 7, 59389, 59389
100, 13110, 7, 59389, 59389
100, 13120, 7, 59389, 59389
100, 13130, 7, 59389, 59389
100, 13140, 7, 59389, 59389
100, 13150, 7, 59389, 59389
100, 13160, 7, 59389, 59389
100, 13170, 7, 59389, 59389
100, 13180, 7, 59389, 59389
100, 13190, 7, 59379, 59389
100, 13200, 7, 59379, 59379
100, 13210, 7, 59379, 59379
100, 13220, 7, 59379, 59379
100, 13230, 7, 59379, 59379
100, 13240, 7, 59321, 59379
100, 13250, 7, 59238, 59321
100, 13260, 7, 59238, 59238
100, 13270, 7, 59238, 59238
100, 13280, 7, 59204, 59238
100, 13290, 7, 59204, 59204
100, 13300, 7, 59204, 59204
100, 13310, 7, 59204, 59204
100, 13320, 7, 59204, 59204
100, 13330, 7, 59204, 59204
100, 13340, 7, 59204, 59204
100, 13350, 7, 59204, 59204
100, 13360, 7, 59204, 59204
100, 13370, 7, 59204, 59204
100, 13380, 7, 59204, 59204
100, 13390, 7, 59204, 59204
100, 13400, 7, 59122, 59204
100, 13410, 7, 59122, 59122
100, 13420, 7, 59122, 59122
100, 13430, 7, 59122, 59122
100, 13440, 7, 59122, 59122
100, 13450, 7, 59122, 59122
100, 13460, 7, 59122, 59122
100, 13470, 7, 59122, 59122
100, 13480, 7, 59122, 59122
100, 13490, 7, 59122, 59122
100, 13500, 7, 59122, 59122
100, 13510, 7, 59122, 59122
100, 13520, 7, 59122, 59122
100, 13530, 7, 59122, 59122
100, 13540, 7, 59122, 59122
100, 13550, 7, 59122, 59122
100, 13560, 7, 59053, 59053
100, 13570, 7, 59053, 59053
100, 13580, 7, 59053, 59053
100, 13590, 7, 59053, 59053
100, 13600, 7, 59053, 59053
100, 13610, 7, 59053, 59053
100, 13620, 7, 59053, 59053
100, 13630, 7, 59053, 59053
100, 13640, 7, 59053, 59053
100, 13650, 7, 59053, 59053
100, 13660, 7, 59053, 59053
100, 13670, 7, 59053, 59053
100, 13680, 7, 59053, 59053
100, 13690, 7, 59053, 59053
100, 13700, 7, 59053, 59053
100, 13710, 7, 59053, 59053
100, 13720, 7, 59053, 59053
100, 13730, 7, 59053, 59053
100, 13740, 7, 59053, 59053
100, 13750, 7, 59053, 59053
100, 13760, 7, 59053, 59053
100, 13770, 7, 59053, 59053
100, 13780, 7, 59053, 59053
100, 13790, 7, 59053, 59053
100, 13800, 7, 59053, 59053
100, 13810, 7, 59053, 59053
100, 13820, 7, 59053, 59053
100, 13830, 7, 59053, 59147
100, 13840, 7, 59053, 59053
100, 13850, 7, 59053, 59053
100, 13860, 7, 59053, 59053
100, 13870, 7, 59053, 59053
100, 13880, 7, 59053, 59053
100, 13890, 7, 59053, 59053
100, 13900, 7, 58927, 58927
100, 13910, 7, 58810, 58810
100, 13920, 7, 58810, 58810
100, 13930, 7, 58810, 58810
100, 13940, 7, 58810, 58810
100, 13950, 7, 58810, 58810
100, 13960, 7, 58810, 58810
100, 13970, 7, 58810, 58810
100, 13980, 7, 58810, 58810
100, 13990, 7, 58810, 58810
100, 14000, 7, 58810, 58810
100, 14010, 7, 58810, 58810
100, 14020, 7, 58810, 58810
100, 14030, 7, 58810, 58810
100, 14040, 7, 58810, 58810
100, 14050, 7, 58810, 58810
100, 14060, 7, 58810, 58810
100, 14070, 7, 58810, 58810
100, 14080, 7, 58810, 58810
100, 14090, 7, 58810, 58810
100, 14100, 7, 58810, 58810
100, 14110, 7, 58810, 58810
100, 14120, 7, 58810, 58810
100, 14130, 7, 58810, 58810
100, 14140, 7, 58810, 58810
100, 14150, 7, 58810, 58810
100, 14160, 7, 58810, 58810
100, 14170, 7, 58810, 58810
100, 14180, 7, 58810, 58810
100, 14190, 7, 58810, 58810
100, 14200, 7, 58810, 58810
100, 14210, 7, 58810, 58810
100, 14220, 7, 58810, 58810
100, 14230, 7, 58810, 58810
100, 14240, 7, 58810, 58810
100, 14250, 7, 58810, 58810
100, 14260, 7, 58810, 58810
100, 14270, 7, 58810, 58810
100, 14280, 7, 58810, 58810
100, 14290, 7, 58810, 58810
100, 14300, 7, 58810, 58810
100, 14310, 7, 58810, 58810
100, 14320, 7, 58810, 58810
100, 14330, 7, 58810, 58810
100, 14340, 7, 58810, 58810
100, 14350, 7, 58810, 58810
100, 14360, 7, 58810, 58810
100, 14370, 7, 58810, 58810
100, 14380, 7, 58810, 58810
100, 14390, 7, 58810, 58810
100, 14400, 7, 58810, 58810
100, 14410, 7, 58810, 58810
100, 14420, 7, 58810, 58810
100, 14430, 7, 58810, 58810
100, 14440, 7, 58810, 58810
100, 14450, 7, 58810, 58810
100, 14460, 7, 58810, 58810
100, 14470, 7, 58670, 58810
100, 14480, 7, 58670, 58670
100, 14490, 7, 58670, 58670
100, 14500, 7, 58670, 58670
100, 14510, 7, 58670, 58670
100, 14520, 7, 58670, 58670
100, 14530, 7, 58670, 58670
100, 14540, 7, 58670, 58670
100, 14550, 7, 58670, 58670
100, 14560, 7, 58670, 58670
100, 14570, 7, 58670, 58670
100, 14580, 7, 58670, 58670
100, 14590, 7, 58670, 58670
100, 14600, 7, 58670, 58670
100, 14610, 7, 58670, 58670
100, 14620, 7, 58670, 58670
100, 14630, 7, 58670, 58670
100, 14640, 7, 58670, 58670
100, 14650, 7, 58670, 58670
100, 14660, 7, 58670, 58670
100, 14670, 7, 58670, 58670
100, 14680, 7, 58670, 58670
100, 14690, 7, 58670, 58670
100, 14700, 7, 58670, 58670
100, 14710, 7, 58670, 58670
100, 14720, 7, 58670, 58670
100, 14730, 7, 58670, 58670
100, 14740, 7, 58670, 58670
100, 14750, 7, 58670, 58670
100, 14760, 7, 58670, 58670
100, 14770, 7, 58670, 58670
100, 14780, 7, 58670, 58670
100, 14790, 7, 58670, 58670
100, 14800, 7, 58670, 58670
100, 14810, 7, 58670, 58670
100, 14820, 7, 58670, 58670
100, 14830, 7, 58670, 58670
100, 14840, 7, 58670, 58670
100, 14850, 7, 58670, 58670
100, 14860, 7, 58670, 58670
100, 14870, 7, 58670, 58670
100, 14880, 7, 58670, 58670
100, 14890, 7, 58633, 58633
100, 14900, 7, 58633, 58633
100, 14910, 7, 58633, 58633
100, 14920, 7, 58633, 58633
100, 14930, 7, 58576, 58633
100, 14940, 7, 58576, 58576
100, 14950, 7, 58576, 58576
100, 14960, 7, 58576, 58576
100, 14970, 7, 58576, 58576
100, 14980, 7, 58576, 58576
100, 14990, 7, 58576, 58576
100, 15000, 7, 58576, 58576
100, 15010, 7, 58576, 58576
100, 15020, 7, 58576, 58576
100, 15030, 7, 58576, 58576
100, 15040, 7, 58576, 58576
100, 15050, 7, 58576, 58576
100, 15060, 7, 58576, 58576
100, 15070, 7, 58576, 58576
100, 15080, 7, 58576, 58576
100, 15090, 7, 58576, 58576
100, 15100, 7, 58576, 58576
100, 15110, 7, 58576, 58576
100, 15120, 7, 58576, 58576
100, 15130, 7, 58576, 58576
100, 15140, 7, 58576, 58576
100, 15150, 7, 58576, 58576
100, 15160, 7, 58576, 58576
100, 15170, 7, 58573, 58573
100, 15180, 7, 58573, 58573
100, 15190, 7, 58573, 58573
100, 15200, 7, 58573, 58573
100, 15210, 7, 58573, 58573
100, 15220, 7, 58573, 58573
100, 15230, 7, 58551, 58551
100, 15240, 7, 58551, 58551
100, 15250, 7, 58551, 58551
100, 15260, 7, 58551, 58551
100, 15270, 7, 58551, 58551
100, 15280, 7, 58551, 58551
100, 15290, 7, 58551, 58551
100, 15300, 7, 58493, 58551
100, 15310, 7, 58493, 58493
100, 15320, 7, 58493, 58493
100, 15330, 7, 58493, 58493
100, 15340, 7, 58493, 58493
100, 15350, 7, 58493, 58493
100, 15360, 7, 58493, 58493
100, 15370, 7, 58493, 58493
100, 15380, 7, 58493, 58493
100, 15390, 7, 58430, 58493
100, 15400, 7, 58430, 58430
100, 15410, 7, 58430, 58430
100, 15420, 7, 58430, 58430
100, 15430, 7, 58430, 58430
100, 15440, 7, 58430, 58430
100, 15450, 7, 58430, 58430
100, 15460, 7, 58430, 58430
100, 15470, 7, 58418, 58430
100, 15480, 7, 58418, 58418
100, 15490, 7, 58418, 58418
100, 15500, 7, 58418, 58418
100, 15510, 7, 58418, 58418
100, 15520, 7, 58418, 58418
100, 15530, 7, 58418, 58418
100, 15540, 7, 58418, 58418
100, 15550, 7, 58418, 58418
100, 15560, 7, 58418, 58418
100, 15570, 7, 58418, 58418
100, 15580, 7, 58418, 58418
100, 15590, 7, 58418, 58418
100, 15600, 7, 58418, 58418
100, 15610, 7, 58418, 58418
100, 15620, 7, 58418, 58418
100, 15630, 7, 58418, 58418
100, 15640, 7, 58418, 58418
100, 15650, 7, 58418, 58418
100, 15660, 7, 58418, 58418
100, 15670, 7, 58418, 58418
100, 15680, 7, 58418, 58418
100, 15690, 7, 58418, 58418
100, 15700, 7, 58418, 58418
100, 15710, 7, 58418, 58418
100, 15720, 7, 58418, 58418
100, 15730, 7, 58418, 58418
100, 15740, 7, 58418, 58418
100, 15750, 7, 58418, 58418
100, 15760, 7, 58418, 58418
100, 15770, 7, 58418, 58418
100, 15780, 7, 58418, 58418
100, 15790, 7, 58418, 58418
100, 15800, 7, 58418, 58418
100, 15810, 7, 58418, 58418
100, 15820, 7, 58418, 58418
100, 15830, 7, 58418, 58418
100, 15840, 7, 58418, 58418
100, 15850, 7, 58418, 58418
100, 15860, 7, 58418, 58418
100, 15870, 7, 58418, 58418
100, 15880, 7, 58418, 58418
100, 15890, 7, 58418, 58418
100, 15900, 7, 58418, 58418
100, 15910, 7, 58418, 58418
100, 15920, 7, 58418, 58418
100, 15930, 7, 58418, 58418
100, 15940, 7, 58418, 58418
100, 15950, 7, 58418, 58418
100, 15960, 7, 58418, 58418
100, 15970, 7, 58418, 58418
100, 15980, 7, 58418, 58418
100, 15990, 7, 58418, 58418
100, 16000, 7, 58418, 58418
100, 16010, 7, 58418, 58418
100, 16020, 7, 58418, 58418
100, 16030, 7, 58418, 58418
100, 16040, 7, 58418, 58418
100, 16050, 7, 58418, 58418
100, 16060, 7, 58418, 58418
100, 16070, 7, 58418, 58418
100, 16080, 7, 58418, 58418
100, 16090, 7, 58418, 58418
100, 16100, 7, 58418, 58418
100, 16110, 7, 58418, 58418
100, 16120, 7, 58418, 58418
100, 16130, 7, 58418, 58418
100, 16140, 7, 58418, 58418
100, 16150, 7, 58346, 58346
100, 16160, 7, 58346, 58346
100, 16170, 7, 58346, 58346
100, 16180, 7, 58346, 58346
100, 16190, 7, 58346, 58346
100, 16200, 7, 58346, 58346
100, 16210, 7, 58346, 58346
100, 16220, 7, 58346, 58346
100, 16230, 7, 58346, 58346
100, 16240, 7, 58346, 58346
100, 16250, 7, 58346, 58346
100, 16260, 7, 58346, 58346
100, 16270, 7, 58346, 58346
100, 16280, 7, 58346, 58346
100, 16290, 7, 58346, 58346
100, 16300, 7, 58346, 58346
100, 16310, 7, 58346, 58346
100, 16320, 7, 58346, 58346
100, 16330, 7, 58346, 58346
100, 16340, 7, 58346, 58346
100, 16350, 7, 58346, 58346
100, 16360, 7, 58346, 58346
100, 16370, 7, 58346, 58346
100, 16380, 7, 58346, 58346
100, 16390, 7, 58346, 58346
100, 16400, 7, 58346, 58346
100, 16410, 7, 58346, 58346
100, 16420, 7, 58346, 58346
100, 16430, 7, 58346, 58346
100, 16440, 7, 58346, 58346
100, 16450, 7, 58346, 58346
100, 16460, 7, 58346, 58346
100, 16470, 7, 58346, 58346
100, 16480, 7, 58346, 58346
100, 16490, 7, 58346, 58346
100, 16500, 7, 58346, 58346
100, 16510, 7, 58346, 58346
100, 16520, 7, 58346, 58346
100, 16530, 7, 58346, 58346
100, 16540, 7, 58346, 58346
100, 16550, 7, 58346, 58346
100, 16560, 7, 58346, 58346
100, 16570, 7, 58346, 58346
100, 16580, 7, 58346, 58346
100, 16590, 7, 58346, 58346
100, 16600, 7, 58346, 58346
100, 16610, 7, 58346, 58346
100, 16620, 7, 58346, 58346
100, 16630, 7, 58346, 58346
100, 16640, 7, 58346, 58346
100, 16650, 7, 58346, 58346
100, 16660, 7, 58346, 58346
100, 16670, 7, 58346, 58346
100, 16680, 7, 58346, 58346
100, 16690, 7, 58346, 58346
100, 16700, 7, 58346, 58346
100, 16710, 7, 58346, 58346
100, 16720, 7, 58346, 58346
100, 16730, 7, 58346, 58346
100, 16740, 7, 58346, 58346
100, 16750, 7, 58346, 58346
100, 16760, 7, 58346, 58346
100, 16770, 7, 58346, 58346
100, 16780, 7, 58346, 58346
100, 16790, 7, 58346, 58346
100, 16800, 7, 58346, 58346
100, 16810, 7, 58346, 58346
100, 16820, 7, 58346, 58346
100, 16830, 7, 58346, 58346
100, 16840, 7, 58346, 58346
100, 16850, 7, 58346, 58346
100, 16860, 7, 58346, 58346
100, 16870, 7, 58346, 58346
100, 16880, 7, 58346, 58346
100, 16890, 7, 58346, 58346
100, 16900, 7, 58315, 58346
100, 16910, 7, 58315, 58315
100, 16920, 7, 58315, 58315
100, 16930, 7, 58315, 58315
100, 16940, 7, 58315, 58315
100, 16950, 7, 58315, 58315
100, 16960, 7, 58315, 58315
100, 16970, 7, 58315, 58315
100, 16980, 7, 58315, 58315
100, 16990, 7, 58315, 58315
100, 17000, 7, 58315, 58315
100, 17010, 7, 58315, 58315
100, 17020, 7, 58315, 58315
100, 17030, 7, 58315, 58315
100, 17040, 7, 58315, 58315
100, 17050, 7, 58315, 58315
100, 17060, 7, 58315, 58315
100, 17070, 7, 58315, 58315
100, 17080, 7, 58315, 58315
100, 17090, 7, 58315, 58315
100, 17100, 7, 58315, 58315
100, 17110, 7, 58315, 58315
100, 17120, 7, 58315, 58315
100, 17130, 7, 58315, 58315
100, 17140, 7, 58315, 58315
100, 17150, 7, 58315, 58315
100, 17160, 7, 58315, 58315
100, 17170, 7, 58315, 58315
100, 17180, 7, 58315, 58315
100, 17190, 7, 58315, 58315
100, 17200, 7, 58315, 58315
100, 17210, 7, 58315, 58315
100, 17220, 7, 58315, 58315
100, 17230, 7, 58315, 58315
100, 17240, 7, 58315, 58315
100, 17250, 7, 58315, 58315
100, 17260, 7, 58315, 58315
100, 17270, 7, 58315, 58315
100, 17280, 7, 58315, 58315
100, 17290, 7, 58315, 58315
100, 17300, 7, 58315, 58315
100, 17310, 7, 58315, 58315
100, 17320, 7, 58315, 58315
100, 17330, 7, 58315, 58315
100, 17340, 7, 58315, 58315
100, 17350, 7, 58315, 58315
100, 17360, 7, 58315, 58315
100, 17370, 7, 58315, 58315
100, 17380, 7, 58315, 58315
100, 17390, 7, 58256, 58256
100, 17400, 7, 58256, 58256
100, 17410, 7, 58256, 58256
100, 17420, 7, 58256, 58256
100, 17430, 7, 58256, 58256
100, 17440, 7, 58229, 58229
100, 17450, 7, 58229, 58229
100, 17460, 7, 58229, 58229
100, 17470, 7, 58229, 58229
100, 17480, 7, 58229, 58229
100, 17490, 7, 58229, 58229
100, 17500, 7, 58229, 58229
100, 17510, 7, 58229, 58229
100, 17520, 7, 58229, 58229
100, 17530, 7, 58229, 58229
100, 17540, 7, 58229, 58229
100, 17550, 7, 58229, 58229
100, 17560, 7, 58229, 58229
100, 17570, 7, 58229, 58229
100, 17580, 7, 58229, 58229
100, 17590, 7, 58229, 58229
100, 17600, 7, 58229, 58229
100, 17610, 7, 58229, 58229
100, 17620, 7, 58229, 58229
100, 17630, 7, 58229, 58229
100, 17640, 7, 58229, 58229
100, 17650, 7, 58229, 58229
100, 17660, 7, 58229, 58229
100, 17670, 7, 58229, 58229
100, 17680, 7, 58229, 58229
100, 17690, 7, 58229, 58229
100, 17700, 7, 58229, 58229
100, 17710, 7, 58229, 58229
100, 17720, 7, 58229, 58229
100, 17730, 7, 58229, 58229
100, 17740, 7, 58229, 58229
100, 17750, 7, 58229, 58229
100, 17760, 7, 58229, 58229
100, 17770, 7, 58229, 58229
100, 17780, 7, 58229, 58229
100, 17790, 7, 58228, 58228
100, 17800, 7, 58228, 58228
100, 17810, 7, 58228, 58228
100, 17820, 7, 58228, 58228
100, 17830, 7, 58228, 58228
100, 17840, 7, 58228, 58228
100, 17850, 7, 58228, 58228
100, 17860, 7, 58228, 58228
100, 17870, 7, 58228, 58228
100, 17880, 7, 58228, 58228
100, 17890, 7, 58228, 58228
100, 17900, 7, 58228, 58228
100, 17910, 7, 58228, 58228
100, 17920, 7, 58228, 58228
100, 17930, 7, 58228, 58228
100, 17940, 7, 58228, 58228
100, 17950, 7, 58228, 58228
100, 17960, 7, 58228, 58228
100, 17970, 7, 58228, 58228
100, 17980, 7, 58228, 58228
100, 17990, 7, 58228, 58228
100, 18000, 7, 58228, 58228
100, 18010, 7, 58228, 58228
100, 18020, 7, 58228, 58228
100, 18030, 7, 58228, 58228
100, 18040, 7, 58228, 58228
100, 18050, 7, 58228, 58228
100, 18060, 7, 58228, 58228
100, 18070, 7, 58228, 58228
100, 18080, 7, 58228, 58228
100, 18090, 7, 58228, 58228
100, 18100, 7, 58228, 58228
100, 18110, 7, 58228, 58228
100, 18120, 7, 58228, 58228
100, 18130, 7, 58228, 58228
100, 18140, 7, 58228, 58228
100, 18150, 7, 58228, 58228
100, 18160, 7, 58228, 58228
100, 18170, 7, 58228, 58228
100, 18180, 7, 58228, 58228
100, 18190, 7, 58228, 58228
100, 18200, 7, 58191, 58191
100, 18210, 7, 58191, 58191
100, 18220, 7, 58191, 58191
100, 18230, 7, 58191, 58191
100, 18240, 7, 58191, 58191
100, 18250, 7, 58191, 58191
100, 18260, 7, 58191, 58191
100, 18270, 7, 58191, 58191
100, 18280, 7, 58191, 58191
100, 18290, 7, 58191, 58191
100, 18300, 7, 58191, 58191
100, 18310, 7, 58191, 58191
100, 18320, 7, 58191, 58191
100, 18330, 7, 58191, 58191
100, 18340, 7, 58191, 58191
100, 18350, 7, 58191, 58191
100, 18360, 7, 58191, 58191
100, 18370, 7, 58191, 58191
100, 18380, 7, 58191, 58191
100, 18390, 7, 58191, 58191
100, 18400, 7, 58191, 58191
100, 18410, 7, 58191, 58191
100, 18420, 7, 58191, 58191
100, 18430, 7, 58191, 58191
100, 18440, 7, 58191, 58191
100, 18450, 7, 58191, 58191
100, 18460, 7, 58191, 58191
100, 18470, 7, 58191, 58191
100, 18480, 7, 58191, 58191
100, 18490, 7, 58108, 58108
100, 18500, 7, 58108, 58108
100, 18510, 7, 58108, 58108
100, 18520, 7, 58108, 58108
100, 18530, 7, 58108, 58108
100, 18540, 7, 58108, 58108
100, 18550, 7, 58108, 58108
100, 18560, 7, 58108, 58108
100, 18570, 7, 58108, 58108
100, 18580, 7, 58082, 58108
100, 18590, 7, 58082, 58082
100, 18600, 7, 58082, 58082
100, 18610, 7, 58082, 58082
100, 18620, 7, 58082, 58082
100, 18630, 7, 58082, 58082
100, 18640, 7, 58082, 58082
100, 18650, 7, 58082, 58082
100, 18660, 7, 58082, 58082
100, 18670, 7, 58082, 58082
100, 18680, 7, 58082, 58082
100, 18690, 7, 58082, 58082
100, 18700, 7, 58082, 58082
100, 18710, 7, 58082, 58082
100, 18720, 7, 58082, 58082
100, 18730, 7, 58082, 58082
100, 18740, 7, 58082, 58082
100, 18750, 7, 58082, 58082
100, 18760, 7, 58082, 58082
100, 18770, 7, 58082, 58082
100, 18780, 7, 58082, 58082
100, 18790, 7, 58082, 58082
100, 18800, 7, 58082, 58082
100, 18810, 7, 58082, 58082
100, 18820, 7, 58082, 58082
100, 18830, 7, 58082, 58082
100, 18840, 7, 58082, 58082
100, 18850, 7, 58082, 58082
100, 18860, 7, 58082, 58082
100, 18870, 7, 58082, 58082
100, 18880, 7, 58082, 58082
100, 18890, 7, 58082, 58082
100, 18900, 7, 58082, 58082
100, 18910, 7, 58082, 58082
100, 18920, 7, 58082, 58082
100, 18930, 7, 58082, 58082
100, 18940, 7, 58082, 58082
100, 18950, 7, 58082, 58082
100, 18960, 7, 58082, 58082
100, 18970, 7, 58082, 58082
100, 18980, 7, 58082, 58082
100, 18990, 7, 58082, 58082
100, 19000, 7, 58082, 58082
100, 19010, 7, 58082, 58082
100, 19020, 7, 58082, 58082
100, 19030, 7, 58082, 58082
100, 19040, 7, 58082, 58082
100, 19050, 7, 58082, 58082
100, 19060, 7, 58082, 58082
100, 19070, 7, 58082, 58082
100, 19080, 7, 58082, 58082
100, 19090, 7, 58082, 58082
100, 19100, 7, 58082, 58082
100, 19110, 7, 58082, 58082
100, 19120, 7, 58082, 58082
100, 19130, 7, 58082, 58082
100, 19140, 7, 58082, 58082
100, 19150, 7, 58082, 58082
100, 19160, 7, 58082, 58082
100, 19170, 7, 58082, 58082
100, 19180, 7, 58082, 58082
100, 19190, 7, 58082, 58082
100, 19200, 7, 58082, 58082
100, 19210, 7, 58082, 58082
100, 19220, 7, 58082, 58082
100, 19230, 7, 58082, 58082
100, 19240, 7, 58082, 58082
100, 19250, 7, 58082, 58082
100, 19260, 7, 58082, 58082
100, 19270, 7, 58082, 58082
100, 19280, 7, 58082, 58082
100, 19290, 7, 58082, 58082
100, 19300, 7, 58082, 58082
100, 19310, 7, 58082, 58082
100, 19320, 7, 58082, 58082
100, 19330, 7, 58082, 58082
100, 19340, 7, 58082, 58082
100, 19350, 7, 58082, 58082
100, 19360, 7, 58082, 58082
100, 19370, 7, 58082, 58082
100, 19380, 7, 58082, 58082
100, 19390, 7, 58082, 58082
100, 19400, 7, 58082, 58082
100, 19410, 7, 58082, 58082
100, 19420, 7, 58082, 58082
100, 19430, 7, 58082, 58082
100, 19440, 7, 58082, 58082
100, 19450, 7, 58082, 58082
100, 19460, 7, 58082, 58082
100, 19470, 7, 58082, 58082
100, 19480, 7, 58082, 58082
100, 19490, 7, 58082, 58082
100, 19500, 7, 58082, 58082
100, 19510, 7, 58082, 58082
100, 19520, 7, 58082, 58082
100, 19530, 7, 58082, 58082
100, 19540, 7, 58082, 58082
100, 19550, 7, 58082, 58082
100, 19560, 7, 58082, 58082
100, 19570, 7, 58082, 58082
100, 19580, 7, 58082, 58082
100, 19590, 7, 58082, 58082
100, 19600, 7, 58016, 58082
100, 19610, 7, 58016, 58016
100, 19620, 7, 58016, 58016
100, 19630, 7, 58016, 58016
100, 19640, 7, 58016, 58016
100, 19650, 7, 58016, 58016
100, 19660, 7, 58016, 58016
100, 19670, 7, 58016, 58016
100, 19680, 7, 58016, 58016
100, 19690, 7, 58016, 58016
100, 19700, 7, 58016, 58016
100, 19710, 7, 58016, 58016
100, 19720, 7, 58016, 58016
100, 19730, 7, 58016, 58016
100, 19740, 7, 58016, 58016
100, 19750, 7, 58016, 58016
100, 19760, 7, 58016, 58016
100, 19770, 7, 58016, 58016
100, 19780, 7, 58016, 58016
100, 19790, 7, 58016, 58016
100, 19800, 7, 58016, 58016
100, 19810, 7, 58016, 58016
100, 19820, 7, 57957, 58016
100, 19830, 7, 57957, 57957
100, 19840, 7, 57957, 57957
100, 19850, 7, 57957, 57957
100, 19860, 7, 57957, 57957
100, 19870, 7, 57957, 57957
100, 19880, 7, 57957, 57957
100, 19890, 7, 57957, 57957
100, 19900, 7, 57957, 57957
100, 19910, 7, 57957, 57957
100, 19920, 7, 57957, 57957
100, 19930, 7, 57957, 57957
100, 19940, 7, 57957, 57957
100, 19950, 7, 57957, 57957
100, 19960, 7, 57957, 57957
100, 19970, 7, 57957, 57957
100, 19980, 7, 57957, 57957
100, 19990, 7, 57957, 57957
