Population Size, Generation Count, Repetition, Best Fitness, Median Fitness
20, 0, 6, 733912, 775034
20, 10, 6, 704184, 718537
20, 20, 6, 695478, 699824
20, 30, 6, 675547, 681017
20, 40, 6, 664900, 667990
20, 50, 6, 644266, 653824
20, 60, 6, 631353, 636070
20, 70, 6, 621631, 627196
20, 80, 6, 613424, 618315
20, 90, 6, 604503, 607342
20, 100, 6, 593453, 598735
20, 110, 6, 586051, 590417
20, 120, 6, 571949, 576399
20, 130, 6, 562473, 564823
20, 140, 6, 555063, 558300
20, 150, 6, 549756, 552770
20, 160, 6, 539384, 542717
20, 170, 6, 535271, 537729
20, 180, 6, 523418, 525370
20, 190, 6, 517663, 519933
20, 200, 6, 509871, 511807
20, 210, 6, 498833, 505979
20, 220, 6, 495673, 497560
20, 230, 6, 487811, 495576
20, 240, 6, 482173, 485495
20, 250, 6, 478772, 480086
20, 260, 6, 472945, 476744
20, 270, 6, 468921, 470317
20, 280, 6, 464594, 467645
20, 290, 6, 458875, 462627
20, 300, 6, 453392, 457601
20, 310, 6, 448374, 451732
20, 320, 6, 444587, 446937
20, 330, 6, 439075, 443527
20, 340, 6, 436934, 438767
20, 350, 6, 430765, 434586
20, 360, 6, 428295, 431308
20, 370, 6, 424419, 427846
20, 380, 6, 421794, 423336
20, 390, 6, 415783, 419172
20, 400, 6, 410223, 413614
20, 410, 6, 407548, 411469
20, 420, 6, 404345, 408724
20, 430, 6, 397686, 402398
20, 440, 6, 396097, 398811
20, 450, 6, 390905, 394026
20, 460, 6, 387579, 391288
20, 470, 6, 383815, 384805
20, 480, 6, 381392, 383363
20, 490, 6, 378575, 380367
20, 500, 6, 376413, 378753
20, 510, 6, 373568, 377269
20, 520, 6, 370764, 373197
20, 530, 6, 367343, 370494
20, 540, 6, 361989, 364140
20, 550, 6, 360640, 361080
20, 560, 6, 358049, 360499
20, 570, 6, 355669, 357840
20, 580, 6, 352769, 354953
20, 590, 6, 349397, 351449
20, 600, 6, 346343, 348465
20, 610, 6, 344371, 346376
20, 620, 6, 342689, 347720
20, 630, 6, 341285, 342904
20, 640, 6, 340209, 343004
20, 650, 6, 339352, 341958
20, 660, 6, 338312, 339352
20, 670, 6, 335372, 340392
20, 680, 6, 333977, 335880
20, 690, 6, 331156, 332820
20, 700, 6, 330573, 332585
20, 710, 6, 327722, 332966
20, 720, 6, 325566, 328001
20, 730, 6, 321485, 325565
20, 740, 6, 319613, 321776
20, 750, 6, 318628, 321149
20, 760, 6, 317577, 318628
20, 770, 6, 316550, 319323
20, 780, 6, 314211, 315605
20, 790, 6, 311902, 314249
20, 800, 6, 311566, 315444
20, 810, 6, 307678, 309265
20, 820, 6, 305938, 306960
20, 830, 6, 305717, 306318
20, 840, 6, 304679, 308294
20, 850, 6, 303532, 304111
20, 860, 6, 303274, 304019
20, 870, 6, 302197, 304101
20, 880, 6, 300633, 302095
20, 890, 6, 300434, 302871
20, 900, 6, 299705, 301763
20, 910, 6, 297982, 301041
20, 920, 6, 296123, 299078
20, 930, 6, 294036, 297125
20, 940, 6, 293843, 297354
20, 950, 6, 292574, 297095
20, 960, 6, 291631, 294890
20, 970, 6, 290739, 293438
20, 980, 6, 290111, 292136
20, 990, 6, 287378, 290382
20, 1000, 6, 284992, 288918
20, 1010, 6, 284094, 284776
20, 1020, 6, 281822, 283551
20, 1030, 6, 280874, 283532
20, 1040, 6, 279793, 281071
20, 1050, 6, 278943, 282724
20, 1060, 6, 278457, 281063
20, 1070, 6, 278147, 281532
20, 1080, 6, 276929, 279623
20, 1090, 6, 275520, 277676
20, 1100, 6, 274982, 275896
20, 1110, 6, 273870, 277483
20, 1120, 6, 273447, 273921
20, 1130, 6, 272739, 274192
20, 1140, 6, 271461, 274301
20, 1150, 6, 270639, 272840
20, 1160, 6, 270056, 271218
20, 1170, 6, 269840, 274279
20, 1180, 6, 269255, 271094
20, 1190, 6, 268499, 272067
20, 1200, 6, 266628, 270599
20, 1210, 6, 266026, 269304
20, 1220, 6, 264851, 267729
20, 1230, 6, 262889, 264839
20, 1240, 6, 262046, 265167
20, 1250, 6, 260650, 263478
20, 1260, 6, 260139, 261844
20, 1270, 6, 259201, 261413
20, 1280, 6, 258463, 261514
20, 1290, 6, 257816, 259472
20, 1300, 6, 256565, 257688
20, 1310, 6, 252948, 256988
20, 1320, 6, 252362, 253270
20, 1330, 6, 251905, 255743
20, 1340, 6, 250930, 253893
20, 1350, 6, 250369, 255302
20, 1360, 6, 249261, 252819
20, 1370, 6, 249155, 251129
20, 1380, 6, 248045, 251030
20, 1390, 6, 245435, 249362
20, 1400, 6, 245435, 247573
20, 1410, 6, 243759, 245733
20, 1420, 6, 242561, 245997
20, 1430, 6, 242116, 244505
20, 1440, 6, 241712, 242084
20, 1450, 6, 241196, 244233
20, 1460, 6, 240294, 240896
20, 1470, 6, 239073, 239736
20, 1480, 6, 238096, 239898
20, 1490, 6, 237641, 240303
20, 1500, 6, 237364, 239470
20, 1510, 6, 236918, 238944
20, 1520, 6, 234758, 238212
20, 1530, 6, 234414, 235485
20, 1540, 6, 233299, 236690
20, 1550, 6, 233265, 233997
20, 1560, 6, 231542, 234438
20, 1570, 6, 229838, 234687
20, 1580, 6, 229383, 231621
20, 1590, 6, 228684, 232233
20, 1600, 6, 227856, 230829
20, 1610, 6, 227160, 230377
20, 1620, 6, 225936, 228678
20, 1630, 6, 225724, 228460
20, 1640, 6, 225100, 227177
20, 1650, 6, 223804, 225801
20, 1660, 6, 221766, 225851
20, 1670, 6, 221625, 221996
20, 1680, 6, 220388, 222216
20, 1690, 6, 219908, 223089
20, 1700, 6, 219607, 222556
20, 1710, 6, 218179, 221956
20, 1720, 6, 218050, 220180
20, 1730, 6, 217790, 219276
20, 1740, 6, 217424, 220671
20, 1750, 6, 216856, 218738
20, 1760, 6, 216771, 218776
20, 1770, 6, 216000, 218271
20, 1780, 6, 214491, 216608
20, 1790, 6, 213633, 217754
20, 1800, 6, 213082, 215053
20, 1810, 6, 211843, 213929
20, 1820, 6, 211260, 213126
20, 1830, 6, 211136, 213542
20, 1840, 6, 210993, 212754
20, 1850, 6, 210958, 211424
20, 1860, 6, 210535, 213939
20, 1870, 6, 210297, 211271
20, 1880, 6, 210126, 213859
20, 1890, 6, 209225, 214583
20, 1900, 6, 208745, 211694
20, 1910, 6, 207739, 211077
20, 1920, 6, 206142, 209207
20, 1930, 6, 206085, 209293
20, 1940, 6, 205678, 210327
20, 1950, 6, 205190, 206666
20, 1960, 6, 204796, 207656
20, 1970, 6, 203926, 206509
20, 1980, 6, 202682, 204236
20, 1990, 6, 202115, 204598
20, 2000, 6, 201890, 203050
20, 2010, 6, 201694, 206809
20, 2020, 6, 201684, 205280
20, 2030, 6, 200950, 202219
20, 2040, 6, 200068, 200950
20, 2050, 6, 198863, 199493
20, 2060, 6, 198589, 200983
20, 2070, 6, 197279, 198450
20, 2080, 6, 196757, 199706
20, 2090, 6, 196000, 200667
20, 2100, 6, 195788, 200000
20, 2110, 6, 195788, 196846
20, 2120, 6, 195677, 196634
20, 2130, 6, 195573, 196182
20, 2140, 6, 195122, 197905
20, 2150, 6, 195105, 199353
20, 2160, 6, 194876, 199393
20, 2170, 6, 193159, 197717
20, 2180, 6, 192512, 195298
20, 2190, 6, 192383, 194411
20, 2200, 6, 191993, 193497
20, 2210, 6, 191411, 195900
20, 2220, 6, 191291, 193098
20, 2230, 6, 190664, 194582
20, 2240, 6, 190100, 192847
20, 2250, 6, 189185, 193473
20, 2260, 6, 189156, 190402
20, 2270, 6, 188684, 191019
20, 2280, 6, 187760, 189815
20, 2290, 6, 187514, 189409
20, 2300, 6, 186974, 187676
20, 2310, 6, 186828, 189356
20, 2320, 6, 186655, 191560
20, 2330, 6, 186237, 189722
20, 2340, 6, 186139, 186237
20, 2350, 6, 185607, 190591
20, 2360, 6, 185371, 187156
20, 2370, 6, 184932, 186332
20, 2380, 6, 183983, 187991
20, 2390, 6, 183804, 186160
20, 2400, 6, 183494, 186905
20, 2410, 6, 183477, 186446
20, 2420, 6, 183477, 185420
20, 2430, 6, 183477, 185947
20, 2440, 6, 183296, 184507
20, 2450, 6, 180955, 184457
20, 2460, 6, 180755, 183187
20, 2470, 6, 179702, 183149
20, 2480, 6, 179216, 182868
20, 2490, 6, 178176, 181516
20, 2500, 6, 176887, 177739
20, 2510, 6, 176316, 178297
20, 2520, 6, 176054, 182285
20, 2530, 6, 176054, 179804
20, 2540, 6, 175848, 177719
20, 2550, 6, 175105, 175848
20, 2560, 6, 174921, 176682
20, 2570, 6, 174807, 177715
20, 2580, 6, 173262, 178171
20, 2590, 6, 173262, 174997
20, 2600, 6, 172799, 173007
20, 2610, 6, 172799, 174694
20, 2620, 6, 172115, 175920
20, 2630, 6, 172035, 174403
20, 2640, 6, 172035, 172258
20, 2650, 6, 171940, 176228
20, 2660, 6, 171344, 173241
20, 2670, 6, 171287, 174991
20, 2680, 6, 170916, 173355
20, 2690, 6, 170901, 172841
20, 2700, 6, 170901, 173140
20, 2710, 6, 170779, 173603
20, 2720, 6, 170779, 171739
20, 2730, 6, 170779, 172307
20, 2740, 6, 170690, 173910
20, 2750, 6, 170220, 172976
20, 2760, 6, 169720, 172489
20, 2770, 6, 169397, 170132
20, 2780, 6, 169397, 173138
20, 2790, 6, 169127, 169341
20, 2800, 6, 168374, 170173
20, 2810, 6, 168374, 170809
20, 2820, 6, 168361, 168361
20, 2830, 6, 168139, 168361
20, 2840, 6, 167850, 170969
20, 2850, 6, 167713, 169465
20, 2860, 6, 167713, 172672
20, 2870, 6, 167643, 169553
20, 2880, 6, 167033, 167598
20, 2890, 6, 166125, 167324
20, 2900, 6, 166125, 167016
20, 2910, 6, 165621, 166427
20, 2920, 6, 165181, 166940
20, 2930, 6, 165181, 166791
20, 2940, 6, 164948, 166963
20, 2950, 6, 164531, 165979
20, 2960, 6, 164531, 166361
20, 2970, 6, 164322, 166933
20, 2980, 6, 163398, 165385
20, 2990, 6, 162988, 164024
20, 3000, 6, 162770, 168272
20, 3010, 6, 162325, 164323
20, 3020, 6, 162174, 164467
20, 3030, 6, 161736, 164168
20, 3040, 6, 161482, 161482
20, 3050, 6, 161215, 163190
20, 3060, 6, 161163, 161404
20, 3070, 6, 161112, 164407
20, 3080, 6, 159755, 161759
20, 3090, 6, 159755, 161060
20, 3100, 6, 159669, 164227
20, 3110, 6, 159570, 162557
20, 3120, 6, 159122, 161655
20, 3130, 6, 158904, 160825
20, 3140, 6, 158200, 161091
20, 3150, 6, 157794, 158055
20, 3160, 6, 157794, 161152
20, 3170, 6, 157587, 161773
20, 3180, 6, 157438, 163424
20, 3190, 6, 157154, 159121
20, 3200, 6, 156796, 159530
20, 3210, 6, 156786, 158180
20, 3220, 6, 156386, 159079
20, 3230, 6, 156386, 157238
20, 3240, 6, 156364, 161466
20, 3250, 6, 156357, 157526
20, 3260, 6, 156357, 157486
20, 3270, 6, 156175, 157281
20, 3280, 6, 156175, 159880
20, 3290, 6, 156163, 159390
20, 3300, 6, 156163, 160142
20, 3310, 6, 155518, 158163
20, 3320, 6, 154622, 156668
20, 3330, 6, 153682, 162232
20, 3340, 6, 153596, 154226
20, 3350, 6, 153596, 153998
20, 3360, 6, 153509, 156348
20, 3370, 6, 153249, 157336
20, 3380, 6, 153217, 154447
20, 3390, 6, 153125, 153729
20, 3400, 6, 152968, 154093
20, 3410, 6, 152651, 155559
20, 3420, 6, 152651, 156199
20, 3430, 6, 152561, 153954
20, 3440, 6, 151839, 154509
20, 3450, 6, 151141, 154572
20, 3460, 6, 150629, 153340
20, 3470, 6, 150387, 154005
20, 3480, 6, 150039, 153712
20, 3490, 6, 149881, 151026
20, 3500, 6, 149840, 152343
20, 3510, 6, 149433, 152068
20, 3520, 6, 149370, 150947
20, 3530, 6, 149213, 150735
20, 3540, 6, 149013, 152097
20, 3550, 6, 148766, 151248
20, 3560, 6, 148766, 150596
20, 3570, 6, 148766, 151158
20, 3580, 6, 147863, 150841
20, 3590, 6, 147863, 151779
20, 3600, 6, 147863, 149687
20, 3610, 6, 147863, 150387
20, 3620, 6, 147863, 148603
20, 3630, 6, 147498, 149784
20, 3640, 6, 147492, 150356
20, 3650, 6, 147317, 151581
20, 3660, 6, 146812, 147720
20, 3670, 6, 146497, 146812
20, 3680, 6, 146319, 148775
20, 3690, 6, 145548, 148249
20, 3700, 6, 145548, 149767
20, 3710, 6, 144730, 148761
20, 3720, 6, 144371, 146756
20, 3730, 6, 144249, 149599
20, 3740, 6, 144157, 145586
20, 3750, 6, 144127, 147149
20, 3760, 6, 144106, 147593
20, 3770, 6, 144106, 145106
20, 3780, 6, 143826, 149364
20, 3790, 6, 143738, 145865
20, 3800, 6, 143682, 146943
20, 3810, 6, 143077, 143549
20, 3820, 6, 142306, 146138
20, 3830, 6, 142306, 146721
20, 3840, 6, 142256, 142319
20, 3850, 6, 142211, 142614
20, 3860, 6, 142211, 145552
20, 3870, 6, 140848, 142211
20, 3880, 6, 139738, 140367
20, 3890, 6, 139403, 140796
20, 3900, 6, 139403, 142564
20, 3910, 6, 139403, 140400
20, 3920, 6, 139403, 141227
20, 3930, 6, 139058, 141122
20, 3940, 6, 138914, 143545
20, 3950, 6, 138914, 141748
20, 3960, 6, 138549, 141476
20, 3970, 6, 138514, 140610
20, 3980, 6, 138295, 139944
20, 3990, 6, 137805, 137873
20, 4000, 6, 137520, 137805
20, 4010, 6, 136936, 140026
20, 4020, 6, 136936, 138000
20, 4030, 6, 136936, 137615
20, 4040, 6, 136204, 138267
20, 4050, 6, 136204, 137969
20, 4060, 6, 135496, 137817
20, 4070, 6, 135307, 140123
20, 4080, 6, 135190, 138947
20, 4090, 6, 134874, 135190
20, 4100, 6, 134874, 138472
20, 4110, 6, 134874, 138927
20, 4120, 6, 134874, 138961
20, 4130, 6, 134425, 139311
20, 4140, 6, 134425, 138425
20, 4150, 6, 134179, 136390
20, 4160, 6, 133763, 135518
20, 4170, 6, 133763, 133763
20, 4180, 6, 133235, 133763
20, 4190, 6, 133235, 136181
20, 4200, 6, 133035, 135052
20, 4210, 6, 133024, 134558
20, 4220, 6, 133024, 135873
20, 4230, 6, 132609, 133209
20, 4240, 6, 132177, 136378
20, 4250, 6, 131950, 132177
20, 4260, 6, 131821, 131867
20, 4270, 6, 131332, 134284
20, 4280, 6, 130845, 132782
20, 4290, 6, 130807, 136971
20, 4300, 6, 130807, 134486
20, 4310, 6, 130326, 132686
20, 4320, 6, 129932, 130397
20, 4330, 6, 129932, 129932
20, 4340, 6, 129623, 132245
20, 4350, 6, 129623, 132746
20, 4360, 6, 129525, 130148
20, 4370, 6, 129314, 133538
20, 4380, 6, 129274, 130798
20, 4390, 6, 129078, 131411
20, 4400, 6, 129078, 131662
20, 4410, 6, 129078, 130668
20, 4420, 6, 129078, 131292
20, 4430, 6, 129078, 129078
20, 4440, 6, 128984, 130891
20, 4450, 6, 128766, 130937
20, 4460, 6, 128728, 130005
20, 4470, 6, 128728, 130979
20, 4480, 6, 128403, 132248
20, 4490, 6, 128399, 132621
20, 4500, 6, 128370, 128370
20, 4510, 6, 127958, 131067
20, 4520, 6, 127905, 127958
20, 4530, 6, 127905, 132372
20, 4540, 6, 127905, 128617
20, 4550, 6, 127905, 132320
20, 4560, 6, 127752, 129007
20, 4570, 6, 127378, 130100
20, 4580, 6, 127378, 128956
20, 4590, 6, 127378, 129380
20, 4600, 6, 127191, 130231
20, 4610, 6, 127191, 130743
20, 4620, 6, 127191, 129989
20, 4630, 6, 127188, 130081
20, 4640, 6, 127188, 128264
20, 4650, 6, 127188, 129171
20, 4660, 6, 127067, 127188
20, 4670, 6, 127067, 129229
20, 4680, 6, 127067, 129874
20, 4690, 6, 127067, 131656
20, 4700, 6, 126876, 126883
20, 4710, 6, 126815, 131301
20, 4720, 6, 126815, 129553
20, 4730, 6, 126725, 127709
20, 4740, 6, 126507, 128188
20, 4750, 6, 126440, 128556
20, 4760, 6, 126440, 128683
20, 4770, 6, 126317, 128225
20, 4780, 6, 126267, 126317
20, 4790, 6, 126267, 128689
20, 4800, 6, 126267, 127481
20, 4810, 6, 126099, 127711
20, 4820, 6, 125882, 127707
20, 4830, 6, 125514, 126743
20, 4840, 6, 125115, 125514
20, 4850, 6, 124827, 128445
20, 4860, 6, 124804, 127829
20, 4870, 6, 124804, 130229
20, 4880, 6, 124671, 124763
20, 4890, 6, 124671, 127017
20, 4900, 6, 124671, 127321
20, 4910, 6, 124426, 126900
20, 4920, 6, 124426, 126139
20, 4930, 6, 124397, 127089
20, 4940, 6, 124056, 126064
20, 4950, 6, 124056, 126436
20, 4960, 6, 123816, 124046
20, 4970, 6, 123803, 124783
20, 4980, 6, 123803, 124323
20, 4990, 6, 123747, 126697
20, 5000, 6, 123504, 125734
20, 5010, 6, 123497, 127334
20, 5020, 6, 123238, 127584
20, 5030, 6, 123131, 126973
20, 5040, 6, 123131, 125512
20, 5050, 6, 123131, 123131
20, 5060, 6, 123131, 123877
20, 5070, 6, 123085, 123131
20, 5080, 6, 123085, 123853
20, 5090, 6, 123085, 128457
20, 5100, 6, 123030, 124986
20, 5110, 6, 123030, 125462
20, 5120, 6, 122990, 124873
20, 5130, 6, 122901, 125549
20, 5140, 6, 122901, 123993
20, 5150, 6, 122806, 123508
20, 5160, 6, 122551, 125266
20, 5170, 6, 122535, 124665
20, 5180, 6, 122506, 122535
20, 5190, 6, 122506, 123444
20, 5200, 6, 122506, 123108
20, 5210, 6, 122502, 123617
20, 5220, 6, 122287, 122404
20, 5230, 6, 121686, 122287
20, 5240, 6, 121354, 122037
20, 5250, 6, 121354, 124625
20, 5260, 6, 121354, 122139
20, 5270, 6, 121354, 125970
20, 5280, 6, 121175, 122523
20, 5290, 6, 121175, 124864
20, 5300, 6, 120852, 122095
20, 5310, 6, 120852, 123759
20, 5320, 6, 120796, 121417
20, 5330, 6, 120796, 120796
20, 5340, 6, 120745, 123561
20, 5350, 6, 120554, 126219
20, 5360, 6, 120554, 124739
20, 5370, 6, 120554, 121995
20, 5380, 6, 120554, 125232
20, 5390, 6, 120554, 120554
20, 5400, 6, 120222, 123125
20, 5410, 6, 119663, 123848
20, 5420, 6, 119663, 122871
20, 5430, 6, 119463, 120274
20, 5440, 6, 118932, 119550
20, 5450, 6, 118840, 118932
20, 5460, 6, 118840, 118840
20, 5470, 6, 118388, 121341
20, 5480, 6, 118384, 118384
20, 5490, 6, 118384, 118384
20, 5500, 6, 117970, 122427
20, 5510, 6, 117866, 119641
20, 5520, 6, 117543, 117851
20, 5530, 6, 117473, 117543
20, 5540, 6, 116622, 117157
20, 5550, 6, 116596, 120446
20, 5560, 6, 116596, 118198
20, 5570, 6, 116555, 118322
20, 5580, 6, 116103, 118397
20, 5590, 6, 116043, 116733
20, 5600, 6, 116043, 116043
20, 5610, 6, 116036, 116043
20, 5620, 6, 115934, 116036
20, 5630, 6, 115934, 119854
20, 5640, 6, 115934, 116089
20, 5650, 6, 115463, 115463
20, 5660, 6, 115340, 116663
20, 5670, 6, 115272, 119222
20, 5680, 6, 114331, 115272
20, 5690, 6, 114331, 114874
20, 5700, 6, 114317, 114317
20, 5710, 6, 114317, 115771
20, 5720, 6, 114317, 115704
20, 5730, 6, 114298, 116813
20, 5740, 6, 114298, 115408
20, 5750, 6, 114298, 118652
20, 5760, 6, 114298, 114298
20, 5770, 6, 114298, 115944
20, 5780, 6, 114298, 116864
20, 5790, 6, 114298, 116430
20, 5800, 6, 114098, 114298
20, 5810, 6, 114098, 114114
20, 5820, 6, 113651, 115488
20, 5830, 6, 113651, 115705
20, 5840, 6, 113651, 115353
20, 5850, 6, 113651, 113651
20, 5860, 6, 113651, 116416
20, 5870, 6, 113651, 114320
20, 5880, 6, 113574, 113651
20, 5890, 6, 113546, 113574
20, 5900, 6, 113490, 113546
20, 5910, 6, 113490, 113490
20, 5920, 6, 113400, 113490
20, 5930, 6, 113247, 114861
20, 5940, 6, 113229, 115331
20, 5950, 6, 113009, 115836
20, 5960, 6, 113009, 115238
20, 5970, 6, 113009, 113614
20, 5980, 6, 112813, 113813
20, 5990, 6, 112685, 112685
20, 6000, 6, 112375, 114929
20, 6010, 6, 112351, 115616
20, 6020, 6, 112351, 113001
20, 6030, 6, 112351, 115375
20, 6040, 6, 112288, 112351
20, 6050, 6, 112086, 114823
20, 6060, 6, 111869, 113504
20, 6070, 6, 111869, 112461
20, 6080, 6, 111770, 111770
20, 6090, 6, 111770, 114980
20, 6100, 6, 111770, 112611
20, 6110, 6, 111570, 115866
20, 6120, 6, 111367, 115946
20, 6130, 6, 111367, 114195
20, 6140, 6, 111351, 113745
20, 6150, 6, 111351, 116429
20, 6160, 6, 111351, 113105
20, 6170, 6, 111115, 112275
20, 6180, 6, 111115, 112078
20, 6190, 6, 111115, 113345
20, 6200, 6, 111115, 111115
20, 6210, 6, 110885, 111066
20, 6220, 6, 110885, 113560
20, 6230, 6, 110885, 112073
20, 6240, 6, 110885, 112577
20, 6250, 6, 110885, 112209
20, 6260, 6, 110885, 112134
20, 6270, 6, 110851, 113621
20, 6280, 6, 110851, 110851
20, 6290, 6, 110819, 110851
20, 6300, 6, 110819, 112325
20, 6310, 6, 110328, 110521
20, 6320, 6, 110306, 110328
20, 6330, 6, 110294, 110306
20, 6340, 6, 110294, 110294
20, 6350, 6, 110294, 113037
20, 6360, 6, 110294, 111736
20, 6370, 6, 110294, 111518
20, 6380, 6, 109966, 112941
20, 6390, 6, 109966, 114149
20, 6400, 6, 109929, 111217
20, 6410, 6, 109929, 111087
20, 6420, 6, 109929, 109929
20, 6430, 6, 109929, 111659
20, 6440, 6, 109418, 112952
20, 6450, 6, 109418, 112224
20, 6460, 6, 109418, 112953
20, 6470, 6, 109313, 109418
20, 6480, 6, 109313, 109313
20, 6490, 6, 109295, 112747
20, 6500, 6, 109229, 109295
20, 6510, 6, 109149, 112112
20, 6520, 6, 109149, 111972
20, 6530, 6, 109084, 109863
20, 6540, 6, 109084, 109084
20, 6550, 6, 109011, 110297
20, 6560, 6, 109011, 109423
20, 6570, 6, 108755, 112372
20, 6580, 6, 108625, 111418
20, 6590, 6, 108625, 110895
20, 6600, 6, 108625, 111679
20, 6610, 6, 108625, 108625
20, 6620, 6, 108577, 110348
20, 6630, 6, 108577, 110243
20, 6640, 6, 108577, 110801
20, 6650, 6, 108577, 108577
20, 6660, 6, 108577, 108577
20, 6670, 6, 108577, 110662
20, 6680, 6, 108577, 110220
20, 6690, 6, 108577, 108577
20, 6700, 6, 108528, 110038
20, 6710, 6, 108528, 110160
20, 6720, 6, 108528, 110432
20, 6730, 6, 108528, 111226
20, 6740, 6, 107713, 109561
20, 6750, 6, 107713, 111054
20, 6760, 6, 107713, 110843
20, 6770, 6, 107713, 111198
20, 6780, 6, 107713, 110680
20, 6790, 6, 107612, 107713
20, 6800, 6, 107612, 109602
20, 6810, 6, 107577, 107577
20, 6820, 6, 107330, 110473
20, 6830, 6, 107330, 109676
20, 6840, 6, 107070, 107330
20, 6850, 6, 107070, 107070
20, 6860, 6, 107070, 107070
20, 6870, 6, 107066, 108407
20, 6880, 6, 107066, 107066
20, 6890, 6, 107014, 107014
20, 6900, 6, 107014, 107806
20, 6910, 6, 107014, 108812
20, 6920, 6, 106849, 107637
20, 6930, 6, 106758, 106849
20, 6940, 6, 106758, 106882
20, 6950, 6, 106758, 107787
20, 6960, 6, 106758, 106758
20, 6970, 6, 106758, 106758
20, 6980, 6, 106758, 107099
20, 6990, 6, 106758, 112024
20, 7000, 6, 106758, 106758
20, 7010, 6, 106329, 107599
20, 7020, 6, 106329, 106329
20, 7030, 6, 106151, 106156
20, 7040, 6, 105788, 107848
20, 7050, 6, 105788, 105788
20, 7060, 6, 105788, 109906
20, 7070, 6, 105788, 109171
20, 7080, 6, 105628, 105676
20, 7090, 6, 105435, 105628
20, 7100, 6, 105419, 106947
20, 7110, 6, 105237, 107188
20, 7120, 6, 105237, 109040
20, 7130, 6, 105037, 105237
20, 7140, 6, 104664, 107580
20, 7150, 6, 104664, 107043
20, 7160, 6, 104664, 107414
20, 7170, 6, 104481, 106362
20, 7180, 6, 104481, 104481
20, 7190, 6, 104481, 108221
20, 7200, 6, 104481, 107627
20, 7210, 6, 104481, 106949
20, 7220, 6, 104481, 106725
20, 7230, 6, 104481, 104481
20, 7240, 6, 104481, 104481
20, 7250, 6, 104481, 107821
20, 7260, 6, 104279, 106693
20, 7270, 6, 104279, 106402
20, 7280, 6, 104279, 105953
20, 7290, 6, 104130, 104130
20, 7300, 6, 104130, 105086
20, 7310, 6, 104006, 107223
20, 7320, 6, 103875, 108371
20, 7330, 6, 103875, 105679
20, 7340, 6, 103875, 103875
20, 7350, 6, 103875, 104697
20, 7360, 6, 103875, 104330
20, 7370, 6, 103875, 103875
20, 7380, 6, 103814, 104675
20, 7390, 6, 103814, 105772
20, 7400, 6, 103575, 104650
20, 7410, 6, 103575, 106583
20, 7420, 6, 103473, 103575
20, 7430, 6, 103473, 104992
20, 7440, 6, 103359, 104929
20, 7450, 6, 103323, 103574
20, 7460, 6, 103323, 103323
20, 7470, 6, 103082, 104375
20, 7480, 6, 103082, 107441
20, 7490, 6, 103082, 105269
20, 7500, 6, 103082, 103082
20, 7510, 6, 103082, 105109
20, 7520, 6, 103024, 104863
20, 7530, 6, 103024, 104283
20, 7540, 6, 103024, 103024
20, 7550, 6, 103024, 105731
20, 7560, 6, 102869, 104345
20, 7570, 6, 102804, 102869
20, 7580, 6, 102804, 105101
20, 7590, 6, 102804, 102804
20, 7600, 6, 102762, 102762
20, 7610, 6, 102762, 103436
20, 7620, 6, 102687, 103896
20, 7630, 6, 102247, 104220
20, 7640, 6, 102244, 105516
20, 7650, 6, 102244, 103293
20, 7660, 6, 102244, 103024
20, 7670, 6, 102242, 102242
20, 7680, 6, 102213, 102242
20, 7690, 6, 102213, 104023
20, 7700, 6, 101654, 102054
20, 7710, 6, 101654, 103396
20, 7720, 6, 101654, 104013
20, 7730, 6, 101654, 104467
20, 7740, 6, 101352, 104555
20, 7750, 6, 101352, 103497
20, 7760, 6, 101189, 101189
20, 7770, 6, 101189, 102233
20, 7780, 6, 101189, 101189
20, 7790, 6, 101189, 101189
20, 7800, 6, 101177, 101584
20, 7810, 6, 101177, 103970
20, 7820, 6, 100977, 102687
20, 7830, 6, 100977, 102918
20, 7840, 6, 100977, 100977
20, 7850, 6, 100977, 101997
20, 7860, 6, 100977, 101969
20, 7870, 6, 100901, 103463
20, 7880, 6, 100901, 103328
20, 7890, 6, 100901, 100901
20, 7900, 6, 100876, 102252
20, 7910, 6, 100876, 104624
20, 7920, 6, 100876, 101394
20, 7930, 6, 100876, 100876
20, 7940, 6, 100876, 100876
20, 7950, 6, 100274, 102122
20, 7960, 6, 100274, 100869
20, 7970, 6, 100274, 100274
20, 7980, 6, 100274, 100274
20, 7990, 6, 100274, 102780
20, 8000, 6, 100274, 102729
20, 8010, 6, 100251, 103060
20, 8020, 6, 100223, 100223
20, 8030, 6, 100103, 101760
20, 8040, 6, 99894, 101982
20, 8050, 6, 99894, 101963
20, 8060, 6, 99894, 99894
20, 8070, 6, 99894, 99894
20, 8080, 6, 99894, 103745
20, 8090, 6, 99894, 101386
20, 8100, 6, 99679, 99894
20, 8110, 6, 99629, 101882
20, 8120, 6, 99629, 99629
20, 8130, 6, 99629, 99629
20, 8140, 6, 99629, 100741
20, 8150, 6, 99629, 99629
20, 8160, 6, 99629, 101598
20, 8170, 6, 99508, 99629
20, 8180, 6, 99508, 99508
20, 8190, 6, 99505, 99505
20, 8200, 6, 99505, 104312
20, 8210, 6, 99505, 101970
20, 8220, 6, 99505, 99505
20, 8230, 6, 99505, 101795
20, 8240, 6, 99505, 102511
20, 8250, 6, 99505, 102455
20, 8260, 6, 99482, 99505
20, 8270, 6, 99482, 102961
20, 8280, 6, 99406, 99482
20, 8290, 6, 99406, 101568
20, 8300, 6, 99406, 102571
20, 8310, 6, 99406, 99406
20, 8320, 6, 99406, 102509
20, 8330, 6, 99406, 99406
20, 8340, 6, 99374, 99528
20, 8350, 6, 99314, 101818
20, 8360, 6, 99260, 100761
20, 8370, 6, 99253, 102529
20, 8380, 6, 99253, 99253
20, 8390, 6, 99152, 100602
20, 8400, 6, 99152, 101074
20, 8410, 6, 99152, 99252
20, 8420, 6, 99152, 99152
20, 8430, 6, 99152, 99352
20, 8440, 6, 99152, 99152
20, 8450, 6, 99152, 99152
20, 8460, 6, 99152, 99152
20, 8470, 6, 99152, 101232
20, 8480, 6, 99152, 99313
20, 8490, 6, 99093, 99152
20, 8500, 6, 99093, 99093
20, 8510, 6, 99093, 99093
20, 8520, 6, 99093, 99093
20, 8530, 6, 99093, 102386
20, 8540, 6, 99047, 99093
20, 8550, 6, 99047, 100484
20, 8560, 6, 99047, 99687
20, 8570, 6, 98841, 102041
20, 8580, 6, 98841, 101188
20, 8590, 6, 98841, 100468
20, 8600, 6, 98841, 98841
20, 8610, 6, 98765, 99443
20, 8620, 6, 98747, 102036
20, 8630, 6, 98747, 98747
20, 8640, 6, 98734, 98988
20, 8650, 6, 98734, 100503
20, 8660, 6, 98464, 98734
20, 8670, 6, 98464, 98464
20, 8680, 6, 98036, 99980
20, 8690, 6, 98036, 98036
20, 8700, 6, 98036, 98036
20, 8710, 6, 98036, 98036
20, 8720, 6, 98036, 98964
20, 8730, 6, 98036, 99823
20, 8740, 6, 98036, 98036
20, 8750, 6, 98036, 99909
20, 8760, 6, 98028, 100636
20, 8770, 6, 98028, 98028
20, 8780, 6, 98028, 99933
20, 8790, 6, 97781, 97781
20, 8800, 6, 97781, 101269
20, 8810, 6, 97781, 97781
20, 8820, 6, 97781, 97781
20, 8830, 6, 97781, 99028
20, 8840, 6, 97781, 97781
20, 8850, 6, 97781, 102813
20, 8860, 6, 97781, 100389
20, 8870, 6, 97781, 97781
20, 8880, 6, 97781, 100101
20, 8890, 6, 97760, 97760
20, 8900, 6, 97760, 97760
20, 8910, 6, 97760, 99798
20, 8920, 6, 97760, 97760
20, 8930, 6, 97760, 97760
20, 8940, 6, 97681, 98326
20, 8950, 6, 97681, 99117
20, 8960, 6, 97681, 98346
20, 8970, 6, 97681, 98217
20, 8980, 6, 97681, 98317
20, 8990, 6, 97681, 99657
20, 9000, 6, 97681, 97681
20, 9010, 6, 97681, 97681
20, 9020, 6, 97681, 100054
20, 9030, 6, 97681, 97681
20, 9040, 6, 97681, 99790
20, 9050, 6, 97681, 98991
20, 9060, 6, 97681, 99127
20, 9070, 6, 97459, 97459
20, 9080, 6, 97459, 97459
20, 9090, 6, 97459, 99247
20, 9100, 6, 97459, 98824
20, 9110, 6, 97324, 102193
20, 9120, 6, 97247, 99765
20, 9130, 6, 97214, 98873
20, 9140, 6, 97214, 100201
20, 9150, 6, 97214, 97214
20, 9160, 6, 97214, 97214
20, 9170, 6, 97214, 99966
20, 9180, 6, 97200, 98006
20, 9190, 6, 97200, 100700
20, 9200, 6, 97200, 97200
20, 9210, 6, 97200, 99163
20, 9220, 6, 97121, 97121
20, 9230, 6, 97080, 98860
20, 9240, 6, 97080, 97080
20, 9250, 6, 96969, 96969
20, 9260, 6, 96969, 96969
20, 9270, 6, 96969, 98481
20, 9280, 6, 96951, 96951
20, 9290, 6, 96951, 97876
20, 9300, 6, 96902, 96951
20, 9310, 6, 96902, 96902
20, 9320, 6, 96902, 99140
20, 9330, 6, 96902, 96902
20, 9340, 6, 96902, 97039
20, 9350, 6, 96902, 96902
20, 9360, 6, 96902, 98068
20, 9370, 6, 96902, 100400
20, 9380, 6, 96894, 96894
20, 9390, 6, 96839, 96839
20, 9400, 6, 96786, 101101
20, 9410, 6, 96786, 98454
20, 9420, 6, 96786, 96786
20, 9430, 6, 96753, 99290
20, 9440, 6, 96753, 96753
20, 9450, 6, 96679, 96679
20, 9460, 6, 96679, 96679
20, 9470, 6, 96679, 96679
20, 9480, 6, 96679, 98553
20, 9490, 6, 96679, 96679
20, 9500, 6, 96679, 96679
20, 9510, 6, 96679, 96679
20, 9520, 6, 96679, 96679
20, 9530, 6, 96679, 96679
20, 9540, 6, 96679, 97221
20, 9550, 6, 96679, 96679
20, 9560, 6, 96675, 96675
20, 9570, 6, 96419, 99392
20, 9580, 6, 96419, 96482
20, 9590, 6, 96419, 97423
20, 9600, 6, 96419, 96419
20, 9610, 6, 96419, 98181
20, 9620, 6, 96419, 96419
20, 9630, 6, 96394, 96419
20, 9640, 6, 96394, 96835
20, 9650, 6, 96394, 98432
20, 9660, 6, 96394, 98358
20, 9670, 6, 96394, 98070
20, 9680, 6, 96394, 96394
20, 9690, 6, 96394, 100471
20, 9700, 6, 96394, 97300
20, 9710, 6, 96394, 97384
20, 9720, 6, 96369, 96394
20, 9730, 6, 96264, 98342
20, 9740, 6, 96264, 97279
20, 9750, 6, 96264, 97802
20, 9760, 6, 96264, 103730
20, 9770, 6, 96264, 96264
20, 9780, 6, 96264, 97668
20, 9790, 6, 96264, 96438
20, 9800, 6, 96264, 96264
20, 9810, 6, 96264, 96264
20, 9820, 6, 96264, 99570
20, 9830, 6, 96264, 96483
20, 9840, 6, 96103, 96589
20, 9850, 6, 96103, 97018
20, 9860, 6, 96103, 98080
20, 9870, 6, 96103, 97769
20, 9880, 6, 96103, 97601
20, 9890, 6, 96103, 96103
20, 9900, 6, 96103, 96103
20, 9910, 6, 96103, 96103
20, 9920, 6, 96103, 96103
20, 9930, 6, 95955, 96103
20, 9940, 6, 95955, 97521
20, 9950, 6, 95955, 97437
20, 9960, 6, 95955, 95955
20, 9970, 6, 95899, 97782
20, 9980, 6, 95899, 95899
20, 9990, 6, 95899, 100627
20, 10000, 6, 95899, 95899
20, 10010, 6, 95899, 95899
20, 10020, 6, 95791, 96401
20, 10030, 6, 95791, 95791
20, 10040, 6, 95791, 95791
20, 10050, 6, 95791, 98459
20, 10060, 6, 95791, 96716
20, 10070, 6, 95733, 98654
20, 10080, 6, 95733, 95733
20, 10090, 6, 95733, 95733
20, 10100, 6, 95733, 95733
20, 10110, 6, 95733, 96765
20, 10120, 6, 95733, 95733
20, 10130, 6, 95733, 98836
20, 10140, 6, 95733, 95733
20, 10150, 6, 95733, 96873
20, 10160, 6, 95726, 97746
20, 10170, 6, 95726, 96527
20, 10180, 6, 95726, 95726
20, 10190, 6, 95726, 98417
20, 10200, 6, 95726, 98241
20, 10210, 6, 95726, 95726
20, 10220, 6, 95603, 95726
20, 10230, 6, 95603, 95603
20, 10240, 6, 95503, 96401
20, 10250, 6, 95503, 98455
20, 10260, 6, 95337, 95337
20, 10270, 6, 95337, 95337
20, 10280, 6, 95254, 95254
20, 10290, 6, 95254, 95254
20, 10300, 6, 95254, 95254
20, 10310, 6, 95254, 95254
20, 10320, 6, 95254, 96398
20, 10330, 6, 95254, 97398
20, 10340, 6, 95254, 96012
20, 10350, 6, 95254, 96589
20, 10360, 6, 95254, 95254
20, 10370, 6, 95254, 95254
20, 10380, 6, 95254, 96627
20, 10390, 6, 95254, 95254
20, 10400, 6, 95254, 98790
20, 10410, 6, 95235, 95254
20, 10420, 6, 95235, 95235
20, 10430, 6, 95235, 95235
20, 10440, 6, 95235, 98787
20, 10450, 6, 95233, 95235
20, 10460, 6, 95233, 95233
20, 10470, 6, 95233, 96366
20, 10480, 6, 95233, 95233
20, 10490, 6, 95233, 95233
20, 10500, 6, 95233, 95233
20, 10510, 6, 95218, 96381
20, 10520, 6, 95218, 96472
20, 10530, 6, 95096, 95193
20, 10540, 6, 95096, 95096
20, 10550, 6, 95096, 95096
20, 10560, 6, 95096, 95096
20, 10570, 6, 95096, 95096
20, 10580, 6, 95096, 95096
20, 10590, 6, 94926, 95096
20, 10600, 6, 94926, 94926
20, 10610, 6, 94571, 96098
20, 10620, 6, 94571, 94571
20, 10630, 6, 94521, 94571
20, 10640, 6, 94521, 94521
20, 10650, 6, 94521, 94681
20, 10660, 6, 94521, 94521
20, 10670, 6, 94521, 94521
20, 10680, 6, 94445, 94445
20, 10690, 6, 94445, 97072
20, 10700, 6, 94445, 94445
20, 10710, 6, 94445, 94445
20, 10720, 6, 94445, 94445
20, 10730, 6, 94445, 94926
20, 10740, 6, 94445, 94445
20, 10750, 6, 94445, 94445
20, 10760, 6, 94445, 98054
20, 10770, 6, 94445, 94445
20, 10780, 6, 94445, 96530
20, 10790, 6, 94445, 94445
20, 10800, 6, 94334, 94445
20, 10810, 6, 94334, 94334
20, 10820, 6, 94334, 94334
20, 10830, 6, 94334, 94334
20, 10840, 6, 94334, 94334
20, 10850, 6, 94334, 94334
20, 10860, 6, 94026, 94026
20, 10870, 6, 94026, 94026
20, 10880, 6, 94026, 94026
20, 10890, 6, 93945, 94026
20, 10900, 6, 93912, 94898
20, 10910, 6, 93723, 93723
20, 10920, 6, 93723, 93723
20, 10930, 6, 93723, 93723
20, 10940, 6, 93723, 94049
20, 10950, 6, 93657, 93657
20, 10960, 6, 93575, 93575
20, 10970, 6, 93119, 93119
20, 10980, 6, 93119, 93119
20, 10990, 6, 93119, 93677
20, 11000, 6, 93119, 93119
20, 11010, 6, 93119, 93119
20, 11020, 6, 93119, 93119
20, 11030, 6, 93119, 95456
20, 11040, 6, 93093, 93119
20, 11050, 6, 93093, 93093
20, 11060, 6, 93042, 95046
20, 11070, 6, 93042, 96344
20, 11080, 6, 93042, 94029
20, 11090, 6, 93042, 93042
20, 11100, 6, 93042, 93042
20, 11110, 6, 93042, 93042
20, 11120, 6, 92829, 93873
20, 11130, 6, 92829, 92829
20, 11140, 6, 92776, 92829
20, 11150, 6, 92776, 96234
20, 11160, 6, 92693, 92693
20, 11170, 6, 92693, 92693
20, 11180, 6, 92693, 92693
20, 11190, 6, 92510, 96118
20, 11200, 6, 92481, 92510
20, 11210, 6, 92481, 96763
20, 11220, 6, 92481, 92481
20, 11230, 6, 92481, 94208
20, 11240, 6, 92481, 92481
20, 11250, 6, 92481, 93868
20, 11260, 6, 92481, 92481
20, 11270, 6, 92394, 93364
20, 11280, 6, 92394, 92394
20, 11290, 6, 92394, 95397
20, 11300, 6, 92394, 92394
20, 11310, 6, 92394, 92394
20, 11320, 6, 92394, 92394
20, 11330, 6, 92260, 92260
20, 11340, 6, 92260, 92260
20, 11350, 6, 92260, 93268
20, 11360, 6, 92260, 92260
20, 11370, 6, 92260, 96703
20, 11380, 6, 92260, 92260
20, 11390, 6, 92119, 92119
20, 11400, 6, 91930, 93624
20, 11410, 6, 91930, 92183
20, 11420, 6, 91930, 91930
20, 11430, 6, 91930, 91930
20, 11440, 6, 91930, 91930
20, 11450, 6, 91769, 91769
20, 11460, 6, 91769, 91769
20, 11470, 6, 91769, 92100
20, 11480, 6, 91769, 91769
20, 11490, 6, 91769, 91769
20, 11500, 6, 91769, 91769
20, 11510, 6, 91769, 91769
20, 11520, 6, 91769, 91769
20, 11530, 6, 91769, 94655
20, 11540, 6, 91162, 93202
20, 11550, 6, 91162, 91162
20, 11560, 6, 91143, 91678
20, 11570, 6, 91143, 91143
20, 11580, 6, 91143, 91143
20, 11590, 6, 91143, 91143
20, 11600, 6, 91143, 91143
20, 11610, 6, 91143, 91143
20, 11620, 6, 91143, 93227
20, 11630, 6, 91143, 91143
20, 11640, 6, 91143, 91143
20, 11650, 6, 91143, 91143
20, 11660, 6, 91143, 91143
20, 11670, 6, 91143, 91143
20, 11680, 6, 90981, 90981
20, 11690, 6, 90637, 90637
20, 11700, 6, 90637, 90637
20, 11710, 6, 90637, 90891
20, 11720, 6, 90637, 94996
20, 11730, 6, 90637, 96011
20, 11740, 6, 90637, 90637
20, 11750, 6, 90637, 90637
20, 11760, 6, 90466, 90466
20, 11770, 6, 90466, 90466
20, 11780, 6, 90466, 90466
20, 11790, 6, 90466, 91819
20, 11800, 6, 90407, 90466
20, 11810, 6, 90407, 90407
20, 11820, 6, 90407, 90582
20, 11830, 6, 90407, 90407
20, 11840, 6, 90407, 90407
20, 11850, 6, 90290, 90290
20, 11860, 6, 90290, 90290
20, 11870, 6, 90290, 90290
20, 11880, 6, 90290, 92375
20, 11890, 6, 90290, 90290
20, 11900, 6, 90290, 92406
20, 11910, 6, 90286, 90290
20, 11920, 6, 90286, 90286
20, 11930, 6, 90286, 90286
20, 11940, 6, 90286, 91940
20, 11950, 6, 90286, 90286
20, 11960, 6, 90286, 90286
20, 11970, 6, 90286, 91090
20, 11980, 6, 90103, 92612
20, 11990, 6, 90103, 90103
20, 12000, 6, 90103, 90103
20, 12010, 6, 90103, 90103
20, 12020, 6, 90103, 90824
20, 12030, 6, 90103, 91847
20, 12040, 6, 90103, 90103
20, 12050, 6, 90103, 90103
20, 12060, 6, 90103, 90103
20, 12070, 6, 90103, 90103
20, 12080, 6, 89987, 90103
20, 12090, 6, 89987, 91156
20, 12100, 6, 89987, 89987
20, 12110, 6, 89987, 89987
20, 12120, 6, 89987, 89987
20, 12130, 6, 89987, 89987
20, 12140, 6, 89987, 89987
20, 12150, 6, 89987, 91778
20, 12160, 6, 89987, 89987
20, 12170, 6, 89987, 89987
20, 12180, 6, 89987, 89987
20, 12190, 6, 89987, 91402
20, 12200, 6, 89987, 89987
20, 12210, 6, 89987, 91445
20, 12220, 6, 89987, 89987
20, 12230, 6, 89987, 91003
20, 12240, 6, 89987, 89987
20, 12250, 6, 89987, 89987
20, 12260, 6, 89987, 92965
20, 12270, 6, 89885, 89987
20, 12280, 6, 89885, 89885
20, 12290, 6, 89885, 89885
20, 12300, 6, 89885, 89885
20, 12310, 6, 89885, 89885
20, 12320, 6, 89802, 89885
20, 12330, 6, 89793, 89802
20, 12340, 6, 89793, 89793
20, 12350, 6, 89793, 89793
20, 12360, 6, 89670, 90716
20, 12370, 6, 89670, 89670
20, 12380, 6, 89670, 90122
20, 12390, 6, 89652, 89670
20, 12400, 6, 89649, 89652
20, 12410, 6, 89649, 89649
20, 12420, 6, 89649, 90267
20, 12430, 6, 89649, 89649
20, 12440, 6, 89649, 89649
20, 12450, 6, 89649, 89649
20, 12460, 6, 89443, 89443
20, 12470, 6, 89443, 89443
20, 12480, 6, 89443, 89759
20, 12490, 6, 89443, 89443
20, 12500, 6, 89425, 91089
20, 12510, 6, 89425, 89506
20, 12520, 6, 89425, 89425
20, 12530, 6, 89425, 89425
20, 12540, 6, 89425, 89425
20, 12550, 6, 89425, 89425
20, 12560, 6, 88976, 88976
20, 12570, 6, 88976, 88976
20, 12580, 6, 88976, 88976
20, 12590, 6, 88976, 88976
20, 12600, 6, 88970, 88970
20, 12610, 6, 88929, 90315
20, 12620, 6, 88929, 89839
20, 12630, 6, 88929, 88929
20, 12640, 6, 88863, 88863
20, 12650, 6, 88863, 88863
20, 12660, 6, 88863, 88863
20, 12670, 6, 88863, 88863
20, 12680, 6, 88863, 88863
20, 12690, 6, 88518, 88518
20, 12700, 6, 88518, 88518
20, 12710, 6, 88453, 88453
20, 12720, 6, 88453, 88453
20, 12730, 6, 88453, 88453
20, 12740, 6, 88453, 88453
20, 12750, 6, 88453, 88453
20, 12760, 6, 88453, 88453
20, 12770, 6, 88453, 88453
20, 12780, 6, 88453, 88453
20, 12790, 6, 88453, 88453
20, 12800, 6, 88453, 88453
20, 12810, 6, 88453, 88453
20, 12820, 6, 88453, 90185
20, 12830, 6, 88453, 88453
20, 12840, 6, 88453, 88453
20, 12850, 6, 88453, 88453
20, 12860, 6, 88453, 88453
20, 12870, 6, 88453, 89173
20, 12880, 6, 88453, 90749
20, 12890, 6, 88453, 88453
20, 12900, 6, 88351, 88412
20, 12910, 6, 88322, 88351
20, 12920, 6, 88009, 88009
20, 12930, 6, 88009, 88009
20, 12940, 6, 88009, 88009
20, 12950, 6, 88009, 88009
20, 12960, 6, 88009, 88009
20, 12970, 6, 88009, 88009
20, 12980, 6, 88009, 88009
20, 12990, 6, 88009, 88009
20, 13000, 6, 88009, 88009
20, 13010, 6, 88009, 88009
20, 13020, 6, 88009, 88009
20, 13030, 6, 88009, 88009
20, 13040, 6, 88009, 88009
20, 13050, 6, 87817, 87927
20, 13060, 6, 87817, 87817
20, 13070, 6, 87676, 87809
20, 13080, 6, 87676, 87676
20, 13090, 6, 87676, 87676
20, 13100, 6, 87676, 87676
20, 13110, 6, 87676, 88149
20, 13120, 6, 87676, 87676
20, 13130, 6, 87649, 87649
20, 13140, 6, 87497, 87649
20, 13150, 6, 87497, 87497
20, 13160, 6, 87497, 87497
20, 13170, 6, 87497, 87497
20, 13180, 6, 87497, 88393
20, 13190, 6, 87497, 87497
20, 13200, 6, 87497, 88977
20, 13210, 6, 87497, 87497
20, 13220, 6, 87497, 87497
20, 13230, 6, 87497, 87497
20, 13240, 6, 87497, 87497
20, 13250, 6, 87497, 87497
20, 13260, 6, 87497, 87497
20, 13270, 6, 87446, 87497
20, 13280, 6, 87446, 88104
20, 13290, 6, 87446, 87446
20, 13300, 6, 87446, 89634
20, 13310, 6, 87428, 87428
20, 13320, 6, 87428, 87428
20, 13330, 6, 87428, 87428
20, 13340, 6, 87404, 88893
20, 13350, 6, 87404, 87404
20, 13360, 6, 87404, 87404
20, 13370, 6, 87404, 87404
20, 13380, 6, 87404, 87404
20, 13390, 6, 87350, 87350
20, 13400, 6, 87350, 87350
20, 13410, 6, 87336, 89640
20, 13420, 6, 87336, 87336
20, 13430, 6, 87336, 87336
20, 13440, 6, 87336, 87336
20, 13450, 6, 87336, 88694
20, 13460, 6, 87315, 87336
20, 13470, 6, 87315, 87315
20, 13480, 6, 87315, 87315
20, 13490, 6, 87249, 87315
20, 13500, 6, 87249, 87249
20, 13510, 6, 87249, 87249
20, 13520, 6, 87217, 87763
20, 13530, 6, 87041, 87217
20, 13540, 6, 87041, 87041
20, 13550, 6, 87041, 87041
20, 13560, 6, 87041, 87041
20, 13570, 6, 86985, 87041
20, 13580, 6, 86985, 86985
20, 13590, 6, 86985, 86985
20, 13600, 6, 86985, 86985
20, 13610, 6, 86985, 86985
20, 13620, 6, 86985, 86985
20, 13630, 6, 86985, 86985
20, 13640, 6, 86985, 86985
20, 13650, 6, 86839, 86985
20, 13660, 6, 86839, 86839
20, 13670, 6, 86839, 86839
20, 13680, 6, 86839, 86839
20, 13690, 6, 86657, 86774
20, 13700, 6, 86639, 86657
20, 13710, 6, 86639, 86639
20, 13720, 6, 86639, 86639
20, 13730, 6, 86639, 86639
20, 13740, 6, 86639, 86639
20, 13750, 6, 86639, 86639
20, 13760, 6, 86639, 86639
20, 13770, 6, 86639, 86639
20, 13780, 6, 86639, 86639
20, 13790, 6, 86639, 86639
20, 13800, 6, 86639, 86639
20, 13810, 6, 86639, 89023
20, 13820, 6, 86639, 90208
20, 13830, 6, 86639, 86639
20, 13840, 6, 86639, 86639
20, 13850, 6, 86579, 86579
20, 13860, 6, 86579, 86579
20, 13870, 6, 86568, 86568
20, 13880, 6, 86568, 86568
20, 13890, 6, 86568, 86568
20, 13900, 6, 86568, 86568
20, 13910, 6, 86568, 86568
20, 13920, 6, 86568, 86568
20, 13930, 6, 86568, 86568
20, 13940, 6, 86568, 86568
20, 13950, 6, 86568, 86568
20, 13960, 6, 86568, 88027
20, 13970, 6, 86262, 86568
20, 13980, 6, 86252, 86252
20, 13990, 6, 86252, 86252
20, 14000, 6, 86234, 86234
20, 14010, 6, 86234, 89353
20, 14020, 6, 86234, 86234
20, 14030, 6, 86143, 86143
20, 14040, 6, 86143, 86143
20, 14050, 6, 86078, 89101
20, 14060, 6, 86078, 86078
20, 14070, 6, 86078, 86078
20, 14080, 6, 86056, 86056
20, 14090, 6, 86056, 86056
20, 14100, 6, 86056, 86056
20, 14110, 6, 86056, 86056
20, 14120, 6, 86056, 86056
20, 14130, 6, 86056, 89524
20, 14140, 6, 85987, 85987
20, 14150, 6, 85987, 85987
20, 14160, 6, 85987, 85987
20, 14170, 6, 85987, 85987
20, 14180, 6, 85987, 85987
20, 14190, 6, 85987, 85987
20, 14200, 6, 85987, 85987
20, 14210, 6, 85987, 88192
20, 14220, 6, 85987, 85987
20, 14230, 6, 85987, 85987
20, 14240, 6, 85987, 85987
20, 14250, 6, 85987, 86052
20, 14260, 6, 85987, 85987
20, 14270, 6, 85987, 87640
20, 14280, 6, 85987, 85987
20, 14290, 6, 85987, 85987
20, 14300, 6, 85987, 85987
20, 14310, 6, 85987, 85987
20, 14320, 6, 85987, 85987
20, 14330, 6, 85987, 85987
20, 14340, 6, 85987, 86831
20, 14350, 6, 85987, 85987
20, 14360, 6, 85987, 85987
20, 14370, 6, 85987, 85987
20, 14380, 6, 85987, 85987
20, 14390, 6, 85971, 85987
20, 14400, 6, 85971, 85971
20, 14410, 6, 85971, 85971
20, 14420, 6, 85971, 85971
20, 14430, 6, 85971, 85971
20, 14440, 6, 85971, 85971
20, 14450, 6, 85971, 85971
20, 14460, 6, 85971, 85971
20, 14470, 6, 85871, 85871
20, 14480, 6, 85871, 85871
20, 14490, 6, 85871, 85871
20, 14500, 6, 85871, 85871
20, 14510, 6, 85871, 85871
20, 14520, 6, 85871, 85871
20, 14530, 6, 85871, 85871
20, 14540, 6, 85871, 85871
20, 14550, 6, 85871, 85871
20, 14560, 6, 85871, 85871
20, 14570, 6, 85871, 85871
20, 14580, 6, 85871, 85871
20, 14590, 6, 85871, 85871
20, 14600, 6, 85871, 85871
20, 14610, 6, 85871, 85871
20, 14620, 6, 85871, 85871
20, 14630, 6, 85871, 85871
20, 14640, 6, 85871, 85871
20, 14650, 6, 85871, 85871
20, 14660, 6, 85871, 89327
20, 14670, 6, 85871, 85871
20, 14680, 6, 85871, 85871
20, 14690, 6, 85871, 85871
20, 14700, 6, 85871, 85871
20, 14710, 6, 85689, 85871
20, 14720, 6, 85689, 88603
20, 14730, 6, 85688, 85688
20, 14740, 6, 85688, 88240
20, 14750, 6, 85688, 85688
20, 14760, 6, 85688, 85688
20, 14770, 6, 85688, 85688
20, 14780, 6, 85629, 85688
20, 14790, 6, 85568, 85568
20, 14800, 6, 85568, 85568
20, 14810, 6, 85568, 85568
20, 14820, 6, 85568, 85568
20, 14830, 6, 85368, 85568
20, 14840, 6, 85248, 85368
20, 14850, 6, 85248, 85248
20, 14860, 6, 85248, 85248
20, 14870, 6, 85248, 85248
20, 14880, 6, 85216, 85216
20, 14890, 6, 85216, 88060
20, 14900, 6, 85170, 85170
20, 14910, 6, 85170, 85170
20, 14920, 6, 85170, 85170
20, 14930, 6, 85170, 86340
20, 14940, 6, 85170, 85170
20, 14950, 6, 85170, 85170
20, 14960, 6, 85143, 85143
20, 14970, 6, 85143, 85143
20, 14980, 6, 85143, 85143
20, 14990, 6, 85143, 85143
20, 15000, 6, 85120, 85120
20, 15010, 6, 85120, 85120
20, 15020, 6, 85120, 85120
20, 15030, 6, 85120, 87778
20, 15040, 6, 85120, 85120
20, 15050, 6, 85120, 85120
20, 15060, 6, 85120, 85120
20, 15070, 6, 85120, 85120
20, 15080, 6, 85120, 85120
20, 15090, 6, 85120, 85925
20, 15100, 6, 85103, 85103
20, 15110, 6, 85103, 85103
20, 15120, 6, 84999, 84999
20, 15130, 6, 84999, 84999
20, 15140, 6, 84999, 84999
20, 15150, 6, 84999, 84999
20, 15160, 6, 84561, 84999
20, 15170, 6, 84561, 84561
20, 15180, 6, 84561, 84561
20, 15190, 6, 84561, 84561
20, 15200, 6, 84460, 84460
20, 15210, 6, 84460, 84460
20, 15220, 6, 84319, 84319
20, 15230, 6, 84319, 84319
20, 15240, 6, 84319, 84319
20, 15250, 6, 84319, 84319
20, 15260, 6, 84319, 84319
20, 15270, 6, 84319, 84319
20, 15280, 6, 84319, 85485
20, 15290, 6, 84319, 84319
20, 15300, 6, 84319, 84319
20, 15310, 6, 84319, 84319
20, 15320, 6, 84174, 84174
20, 15330, 6, 84174, 84174
20, 15340, 6, 84174, 84174
20, 15350, 6, 84174, 84174
20, 15360, 6, 84174, 84174
20, 15370, 6, 84174, 84174
20, 15380, 6, 83993, 84174
20, 15390, 6, 83993, 83993
20, 15400, 6, 83993, 83993
20, 15410, 6, 83993, 83993
20, 15420, 6, 83993, 83993
20, 15430, 6, 83993, 83993
20, 15440, 6, 83993, 83993
20, 15450, 6, 83993, 83993
20, 15460, 6, 83993, 83993
20, 15470, 6, 83993, 83993
20, 15480, 6, 83993, 83993
20, 15490, 6, 83993, 83993
20, 15500, 6, 83993, 83993
20, 15510, 6, 83993, 83993
20, 15520, 6, 83993, 83993
20, 15530, 6, 83992, 83993
20, 15540, 6, 83992, 83992
20, 15550, 6, 83992, 83992
20, 15560, 6, 83961, 83961
20, 15570, 6, 83961, 85435
20, 15580, 6, 83961, 83961
20, 15590, 6, 83961, 83961
20, 15600, 6, 83948, 83961
20, 15610, 6, 83948, 83948
20, 15620, 6, 83948, 83948
20, 15630, 6, 83948, 83948
20, 15640, 6, 83948, 83948
20, 15650, 6, 83948, 83948
20, 15660, 6, 83721, 83948
20, 15670, 6, 83721, 83721
20, 15680, 6, 83667, 83721
20, 15690, 6, 83667, 83667
20, 15700, 6, 83667, 85985
20, 15710, 6, 83667, 83711
20, 15720, 6, 83667, 83667
20, 15730, 6, 83667, 83847
20, 15740, 6, 83608, 83667
20, 15750, 6, 83608, 83608
20, 15760, 6, 83608, 83608
20, 15770, 6, 83608, 83608
20, 15780, 6, 83460, 83608
20, 15790, 6, 83460, 83460
20, 15800, 6, 83460, 83460
20, 15810, 6, 83460, 83460
20, 15820, 6, 83460, 84186
20, 15830, 6, 83460, 83460
20, 15840, 6, 83460, 83460
20, 15850, 6, 83460, 83460
20, 15860, 6, 83460, 83460
20, 15870, 6, 83460, 83460
20, 15880, 6, 83460, 83460
20, 15890, 6, 83454, 84783
20, 15900, 6, 83454, 83454
20, 15910, 6, 83454, 83454
20, 15920, 6, 83454, 83454
20, 15930, 6, 83454, 85027
20, 15940, 6, 83454, 83454
20, 15950, 6, 83454, 83454
20, 15960, 6, 83389, 83389
20, 15970, 6, 83389, 83389
20, 15980, 6, 83389, 83389
20, 15990, 6, 83389, 83389
20, 16000, 6, 83389, 83389
20, 16010, 6, 83389, 83389
20, 16020, 6, 83389, 83389
20, 16030, 6, 83389, 83389
20, 16040, 6, 83389, 83389
20, 16050, 6, 83389, 83389
20, 16060, 6, 83389, 83389
20, 16070, 6, 83389, 83389
20, 16080, 6, 83389, 83389
20, 16090, 6, 83389, 83389
20, 16100, 6, 83389, 83389
20, 16110, 6, 83389, 83389
20, 16120, 6, 83389, 83389
20, 16130, 6, 83389, 83389
20, 16140, 6, 83088, 83247
20, 16150, 6, 82908, 82908
20, 16160, 6, 82908, 82908
20, 16170, 6, 82908, 82908
20, 16180, 6, 82903, 82908
20, 16190, 6, 82903, 82903
20, 16200, 6, 82903, 82903
20, 16210, 6, 82903, 82903
20, 16220, 6, 82903, 82903
20, 16230, 6, 82903, 82903
20, 16240, 6, 82903, 82903
20, 16250, 6, 82723, 82903
20, 16260, 6, 82723, 82723
20, 16270, 6, 82723, 82723
20, 16280, 6, 82723, 82723
20, 16290, 6, 82713, 82713
20, 16300, 6, 82713, 82713
20, 16310, 6, 82713, 82713
20, 16320, 6, 82713, 82713
20, 16330, 6, 82713, 83596
20, 16340, 6, 82713, 82713
20, 16350, 6, 82713, 82713
20, 16360, 6, 82713, 82713
20, 16370, 6, 82713, 82713
20, 16380, 6, 82713, 82713
20, 16390, 6, 82713, 82713
20, 16400, 6, 82713, 82713
20, 16410, 6, 82713, 84157
20, 16420, 6, 82713, 82713
20, 16430, 6, 82713, 82713
20, 16440, 6, 82713, 82713
20, 16450, 6, 82713, 82713
20, 16460, 6, 82713, 82713
20, 16470, 6, 82713, 82713
20, 16480, 6, 82713, 82713
20, 16490, 6, 82713, 82713
20, 16500, 6, 82713, 82713
20, 16510, 6, 82713, 82713
20, 16520, 6, 82713, 82713
20, 16530, 6, 82713, 82713
20, 16540, 6, 82713, 82713
20, 16550, 6, 82713, 82713
20, 16560, 6, 82713, 82713
20, 16570, 6, 82664, 82664
20, 16580, 6, 82664, 82664
20, 16590, 6, 82471, 82664
20, 16600, 6, 82471, 82471
20, 16610, 6, 82471, 82471
20, 16620, 6, 82471, 83748
20, 16630, 6, 82348, 82471
20, 16640, 6, 82348, 82348
20, 16650, 6, 82348, 82348
20, 16660, 6, 82348, 82348
20, 16670, 6, 82348, 82348
20, 16680, 6, 82318, 82348
20, 16690, 6, 82318, 82318
20, 16700, 6, 82318, 82318
20, 16710, 6, 82318, 82318
20, 16720, 6, 82310, 82318
20, 16730, 6, 82310, 82310
20, 16740, 6, 82310, 82310
20, 16750, 6, 82310, 82310
20, 16760, 6, 82310, 82310
20, 16770, 6, 82310, 82310
20, 16780, 6, 82310, 82310
20, 16790, 6, 82310, 82310
20, 16800, 6, 82310, 82310
20, 16810, 6, 82310, 82310
20, 16820, 6, 82310, 82310
20, 16830, 6, 82310, 82310
20, 16840, 6, 82310, 82310
20, 16850, 6, 82248, 83155
20, 16860, 6, 82248, 82248
20, 16870, 6, 82224, 82248
20, 16880, 6, 82224, 82224
20, 16890, 6, 82224, 82224
20, 16900, 6, 82207, 82224
20, 16910, 6, 82207, 82207
20, 16920, 6, 82207, 82207
20, 16930, 6, 82207, 82207
20, 16940, 6, 82207, 82207
20, 16950, 6, 82207, 82207
20, 16960, 6, 82207, 82207
20, 16970, 6, 82207, 82207
20, 16980, 6, 82182, 82207
20, 16990, 6, 82182, 82182
20, 17000, 6, 82182, 82182
20, 17010, 6, 82182, 82182
20, 17020, 6, 82182, 82182
20, 17030, 6, 82182, 82803
20, 17040, 6, 82150, 82150
20, 17050, 6, 82150, 82150
20, 17060, 6, 82150, 82150
20, 17070, 6, 82150, 82150
20, 17080, 6, 82150, 82150
20, 17090, 6, 82150, 82150
20, 17100, 6, 82150, 82150
20, 17110, 6, 82150, 82150
20, 17120, 6, 82150, 82150
20, 17130, 6, 82150, 82150
20, 17140, 6, 82150, 84621
20, 17150, 6, 82150, 82150
20, 17160, 6, 82150, 82150
20, 17170, 6, 82150, 83617
20, 17180, 6, 82150, 82150
20, 17190, 6, 82150, 82150
20, 17200, 6, 82150, 82150
20, 17210, 6, 82150, 82150
20, 17220, 6, 82150, 82150
20, 17230, 6, 82126, 82150
20, 17240, 6, 82126, 82126
20, 17250, 6, 82126, 82126
20, 17260, 6, 82126, 82126
20, 17270, 6, 82126, 82126
20, 17280, 6, 82126, 82126
20, 17290, 6, 82126, 82126
20, 17300, 6, 82126, 82126
20, 17310, 6, 82052, 82052
20, 17320, 6, 82052, 82052
20, 17330, 6, 82052, 82052
20, 17340, 6, 81935, 81935
20, 17350, 6, 81935, 81935
20, 17360, 6, 81935, 81935
20, 17370, 6, 81935, 81935
20, 17380, 6, 81935, 81935
20, 17390, 6, 81935, 84363
20, 17400, 6, 81935, 81935
20, 17410, 6, 81935, 81935
20, 17420, 6, 81935, 81935
20, 17430, 6, 81935, 81935
20, 17440, 6, 81935, 83634
20, 17450, 6, 81935, 81935
20, 17460, 6, 81935, 81935
20, 17470, 6, 81935, 81935
20, 17480, 6, 81935, 81935
20, 17490, 6, 81935, 81935
20, 17500, 6, 81935, 81935
20, 17510, 6, 81935, 81935
20, 17520, 6, 81935, 81935
20, 17530, 6, 81935, 81935
20, 17540, 6, 81935, 81935
20, 17550, 6, 81935, 81935
20, 17560, 6, 81935, 81935
20, 17570, 6, 81935, 81935
20, 17580, 6, 81935, 81935
20, 17590, 6, 81935, 81935
20, 17600, 6, 81935, 81935
20, 17610, 6, 81889, 81889
20, 17620, 6, 81889, 81889
20, 17630, 6, 81889, 81889
20, 17640, 6, 81889, 81889
20, 17650, 6, 81889, 81889
20, 17660, 6, 81889, 81889
20, 17670, 6, 81889, 81889
20, 17680, 6, 81889, 81889
20, 17690, 6, 81889, 81889
20, 17700, 6, 81889, 82903
20, 17710, 6, 81889, 81889
20, 17720, 6, 81889, 81889
20, 17730, 6, 81889, 81889
20, 17740, 6, 81889, 81889
20, 17750, 6, 81848, 81889
20, 17760, 6, 81848, 81848
20, 17770, 6, 81848, 81848
20, 17780, 6, 81848, 81848
20, 17790, 6, 81787, 81787
20, 17800, 6, 81787, 81787
20, 17810, 6, 81787, 81787
20, 17820, 6, 81787, 81787
20, 17830, 6, 81787, 81787
20, 17840, 6, 81787, 81787
20, 17850, 6, 81787, 81787
20, 17860, 6, 81787, 81787
20, 17870, 6, 81787, 81787
20, 17880, 6, 81787, 81787
20, 17890, 6, 81786, 81787
20, 17900, 6, 81786, 81786
20, 17910, 6, 81786, 81786
20, 17920, 6, 81786, 81786
20, 17930, 6, 81786, 81786
20, 17940, 6, 81786, 81786
20, 17950, 6, 81786, 81786
20, 17960, 6, 81786, 81786
20, 17970, 6, 81786, 81786
20, 17980, 6, 81786, 81786
20, 17990, 6, 81726, 81786
20, 18000, 6, 81665, 81726
20, 18010, 6, 81665, 81665
20, 18020, 6, 81665, 81665
20, 18030, 6, 81665, 81665
20, 18040, 6, 81665, 81665
20, 18050, 6, 81371, 81371
20, 18060, 6, 81371, 81371
20, 18070, 6, 81371, 81371
20, 18080, 6, 81371, 81371
20, 18090, 6, 81371, 81371
20, 18100, 6, 81313, 81371
20, 18110, 6, 80633, 80633
20, 18120, 6, 80633, 80633
20, 18130, 6, 80633, 80633
20, 18140, 6, 80633, 80633
20, 18150, 6, 80633, 80633
20, 18160, 6, 80633, 80633
20, 18170, 6, 80633, 80633
20, 18180, 6, 80633, 80633
20, 18190, 6, 80633, 80633
20, 18200, 6, 80633, 80633
20, 18210, 6, 80633, 80633
20, 18220, 6, 80633, 80633
20, 18230, 6, 80633, 80633
20, 18240, 6, 80633, 80633
20, 18250, 6, 80633, 80633
20, 18260, 6, 80469, 80633
20, 18270, 6, 80469, 80469
20, 18280, 6, 80469, 80469
20, 18290, 6, 80469, 80469
20, 18300, 6, 80469, 81170
20, 18310, 6, 80469, 80469
20, 18320, 6, 80469, 80469
20, 18330, 6, 80469, 80469
20, 18340, 6, 80469, 80469
20, 18350, 6, 80469, 80469
20, 18360, 6, 80469, 80469
20, 18370, 6, 80469, 80469
20, 18380, 6, 80469, 80469
20, 18390, 6, 80469, 80469
20, 18400, 6, 80469, 80469
20, 18410, 6, 80469, 80469
20, 18420, 6, 80386, 80386
20, 18430, 6, 80386, 80386
20, 18440, 6, 80386, 80386
20, 18450, 6, 80386, 80386
20, 18460, 6, 80386, 80386
20, 18470, 6, 80386, 80386
20, 18480, 6, 80386, 80386
20, 18490, 6, 80386, 80386
20, 18500, 6, 80386, 80386
20, 18510, 6, 80386, 80386
20, 18520, 6, 80386, 80386
20, 18530, 6, 80386, 80386
20, 18540, 6, 80386, 80386
20, 18550, 6, 80386, 80386
20, 18560, 6, 80386, 80386
20, 18570, 6, 80386, 80386
20, 18580, 6, 80386, 80386
20, 18590, 6, 80386, 80386
20, 18600, 6, 80386, 80386
20, 18610, 6, 80386, 80386
20, 18620, 6, 80386, 80386
20, 18630, 6, 80386, 80386
20, 18640, 6, 80386, 80386
20, 18650, 6, 80386, 80386
20, 18660, 6, 80386, 80386
20, 18670, 6, 80376, 80386
20, 18680, 6, 80376, 80376
20, 18690, 6, 80376, 80376
20, 18700, 6, 80372, 80372
20, 18710, 6, 80372, 80372
20, 18720, 6, 80372, 80372
20, 18730, 6, 80372, 80372
20, 18740, 6, 80372, 80372
20, 18750, 6, 80372, 80372
20, 18760, 6, 80372, 80372
20, 18770, 6, 80372, 80372
20, 18780, 6, 80372, 80372
20, 18790, 6, 80372, 80372
20, 18800, 6, 80372, 80372
20, 18810, 6, 80372, 80372
20, 18820, 6, 80372, 80372
20, 18830, 6, 80372, 80372
20, 18840, 6, 80372, 80372
20, 18850, 6, 80372, 80372
20, 18860, 6, 80291, 80291
20, 18870, 6, 80291, 80291
20, 18880, 6, 80233, 80233
20, 18890, 6, 80233, 80233
20, 18900, 6, 80233, 80233
20, 18910, 6, 80233, 80233
20, 18920, 6, 80233, 80233
20, 18930, 6, 80233, 80233
20, 18940, 6, 80233, 80233
20, 18950, 6, 80158, 80174
20, 18960, 6, 80158, 80158
20, 18970, 6, 80158, 80158
20, 18980, 6, 80158, 80158
20, 18990, 6, 80133, 80154
20, 19000, 6, 80133, 80133
20, 19010, 6, 80133, 80133
20, 19020, 6, 80133, 80133
20, 19030, 6, 80133, 80133
20, 19040, 6, 80133, 80133
20, 19050, 6, 80133, 80133
20, 19060, 6, 80133, 80133
20, 19070, 6, 80133, 80133
20, 19080, 6, 80133, 80133
20, 19090, 6, 80133, 80133
20, 19100, 6, 80133, 80133
20, 19110, 6, 80133, 80133
20, 19120, 6, 80133, 80133
20, 19130, 6, 80133, 80654
20, 19140, 6, 80133, 80133
20, 19150, 6, 80133, 80133
20, 19160, 6, 80133, 80133
20, 19170, 6, 80133, 80133
20, 19180, 6, 80133, 80133
20, 19190, 6, 80133, 80133
20, 19200, 6, 80133, 80133
20, 19210, 6, 80060, 80060
20, 19220, 6, 80060, 80060
20, 19230, 6, 80060, 80060
20, 19240, 6, 80060, 80060
20, 19250, 6, 80060, 80060
20, 19260, 6, 80060, 80060
20, 19270, 6, 80002, 80002
20, 19280, 6, 80002, 80002
20, 19290, 6, 79966, 79966
20, 19300, 6, 79966, 79966
20, 19310, 6, 79895, 79966
20, 19320, 6, 79895, 79895
20, 19330, 6, 79895, 79895
20, 19340, 6, 79895, 79895
20, 19350, 6, 79895, 79895
20, 19360, 6, 79895, 79895
20, 19370, 6, 79895, 79895
20, 19380, 6, 79895, 79895
20, 19390, 6, 79895, 79895
20, 19400, 6, 79895, 79895
20, 19410, 6, 79895, 79895
20, 19420, 6, 79895, 79895
20, 19430, 6, 79895, 79895
20, 19440, 6, 79895, 79895
20, 19450, 6, 79895, 82104
20, 19460, 6, 79895, 79895
20, 19470, 6, 79895, 79895
20, 19480, 6, 79895, 79895
20, 19490, 6, 79895, 79895
20, 19500, 6, 79895, 79895
20, 19510, 6, 79895, 79895
20, 19520, 6, 79895, 79895
20, 19530, 6, 79895, 79895
20, 19540, 6, 79895, 79895
20, 19550, 6, 79895, 79895
20, 19560, 6, 79895, 79895
20, 19570, 6, 79895, 79895
20, 19580, 6, 79895, 79895
20, 19590, 6, 79895, 79895
20, 19600, 6, 79895, 79895
20, 19610, 6, 79895, 79895
20, 19620, 6, 79895, 79895
20, 19630, 6, 79895, 79895
20, 19640, 6, 79895, 79895
20, 19650, 6, 79895, 79895
20, 19660, 6, 79895, 79895
20, 19670, 6, 79895, 79895
20, 19680, 6, 79895, 79895
20, 19690, 6, 79895, 79895
20, 19700, 6, 79895, 79895
20, 19710, 6, 79895, 79895
20, 19720, 6, 79640, 79764
20, 19730, 6, 79640, 79640
20, 19740, 6, 79640, 79640
20, 19750, 6, 79640, 79640
20, 19760, 6, 79640, 79640
20, 19770, 6, 79640, 79640
20, 19780, 6, 79640, 79640
20, 19790, 6, 79640, 79640
20, 19800, 6, 79640, 79640
20, 19810, 6, 79640, 79640
20, 19820, 6, 79640, 79640
20, 19830, 6, 79640, 79640
20, 19840, 6, 79640, 79640
20, 19850, 6, 79640, 79640
20, 19860, 6, 79640, 79640
20, 19870, 6, 79640, 79640
20, 19880, 6, 79640, 79640
20, 19890, 6, 79640, 79640
20, 19900, 6, 79640, 79640
20, 19910, 6, 79640, 79640
20, 19920, 6, 79640, 79640
20, 19930, 6, 79640, 79640
20, 19940, 6, 79640, 79640
20, 19950, 6, 79640, 79640
20, 19960, 6, 79640, 79640
20, 19970, 6, 79640, 79640
20, 19980, 6, 79640, 79640
20, 19990, 6, 79640, 79640
