Population Size, Generation Count, Repetition, Best Fitness, Median Fitness
20, 0, 3, 737970, 778090
20, 10, 3, 716767, 721647
20, 20, 3, 694420, 699914
20, 30, 3, 678060, 681880
20, 40, 3, 658073, 667612
20, 50, 3, 646101, 649747
20, 60, 3, 635851, 639648
20, 70, 3, 623872, 628360
20, 80, 3, 612181, 617050
20, 90, 3, 597284, 600357
20, 100, 3, 586758, 590155
20, 110, 3, 575217, 580378
20, 120, 3, 566384, 571309
20, 130, 3, 557869, 561146
20, 140, 3, 551662, 555940
20, 150, 3, 543213, 547508
20, 160, 3, 537291, 540947
20, 170, 3, 522992, 529721
20, 180, 3, 517311, 519493
20, 190, 3, 510541, 515321
20, 200, 3, 502994, 506069
20, 210, 3, 498465, 501215
20, 220, 3, 493565, 497019
20, 230, 3, 483442, 489316
20, 240, 3, 479847, 481416
20, 250, 3, 473142, 475432
20, 260, 3, 467680, 470590
20, 270, 3, 462732, 464643
20, 280, 3, 455455, 462093
20, 290, 3, 450285, 454521
20, 300, 3, 446833, 449473
20, 310, 3, 441537, 443659
20, 320, 3, 439117, 441025
20, 330, 3, 436226, 438678
20, 340, 3, 429365, 433217
20, 350, 3, 424364, 429410
20, 360, 3, 422307, 423301
20, 370, 3, 413398, 418614
20, 380, 3, 408583, 410626
20, 390, 3, 403793, 406565
20, 400, 3, 396993, 400835
20, 410, 3, 395748, 397595
20, 420, 3, 392450, 397026
20, 430, 3, 388955, 392097
20, 440, 3, 384611, 388124
20, 450, 3, 383025, 384503
20, 460, 3, 380024, 384297
20, 470, 3, 376579, 379074
20, 480, 3, 375181, 379599
20, 490, 3, 371646, 374793
20, 500, 3, 368676, 371560
20, 510, 3, 365668, 369098
20, 520, 3, 362285, 364733
20, 530, 3, 361527, 363219
20, 540, 3, 357404, 360952
20, 550, 3, 353652, 354591
20, 560, 3, 350323, 352755
20, 570, 3, 349249, 353624
20, 580, 3, 347375, 348363
20, 590, 3, 344497, 347445
20, 600, 3, 343495, 344147
20, 610, 3, 339813, 342017
20, 620, 3, 338007, 341705
20, 630, 3, 335329, 337870
20, 640, 3, 334485, 337695
20, 650, 3, 331811, 336929
20, 660, 3, 330058, 335581
20, 670, 3, 328729, 332991
20, 680, 3, 326445, 327670
20, 690, 3, 324391, 326408
20, 700, 3, 322137, 325895
20, 710, 3, 320737, 322155
20, 720, 3, 320285, 322883
20, 730, 3, 319179, 321420
20, 740, 3, 316723, 319582
20, 750, 3, 315115, 318512
20, 760, 3, 312779, 314773
20, 770, 3, 312136, 313905
20, 780, 3, 311571, 314341
20, 790, 3, 309988, 312207
20, 800, 3, 308818, 309752
20, 810, 3, 306041, 310598
20, 820, 3, 303738, 305878
20, 830, 3, 302464, 303922
20, 840, 3, 298661, 300228
20, 850, 3, 295994, 299086
20, 860, 3, 294990, 295994
20, 870, 3, 293215, 297528
20, 880, 3, 290666, 295125
20, 890, 3, 289883, 292105
20, 900, 3, 289468, 294785
20, 910, 3, 287122, 289657
20, 920, 3, 284028, 287248
20, 930, 3, 283349, 284017
20, 940, 3, 282587, 286516
20, 950, 3, 281474, 283856
20, 960, 3, 280127, 282407
20, 970, 3, 279041, 281066
20, 980, 3, 276269, 278246
20, 990, 3, 274864, 279292
20, 1000, 3, 273624, 277458
20, 1010, 3, 272285, 276280
20, 1020, 3, 269562, 274156
20, 1030, 3, 268700, 271593
20, 1040, 3, 267332, 270370
20, 1050, 3, 265686, 267813
20, 1060, 3, 264322, 267818
20, 1070, 3, 264115, 265422
20, 1080, 3, 263732, 266371
20, 1090, 3, 263564, 265340
20, 1100, 3, 263078, 264912
20, 1110, 3, 259761, 262481
20, 1120, 3, 257659, 259581
20, 1130, 3, 256906, 259516
20, 1140, 3, 255313, 257304
20, 1150, 3, 253935, 257654
20, 1160, 3, 253555, 255062
20, 1170, 3, 252730, 254250
20, 1180, 3, 252208, 255574
20, 1190, 3, 251550, 254875
20, 1200, 3, 251043, 253507
20, 1210, 3, 251039, 256398
20, 1220, 3, 250337, 252102
20, 1230, 3, 249881, 252049
20, 1240, 3, 249544, 252312
20, 1250, 3, 248010, 250484
20, 1260, 3, 246023, 247538
20, 1270, 3, 245707, 250306
20, 1280, 3, 245094, 246213
20, 1290, 3, 244984, 245094
20, 1300, 3, 244478, 247153
20, 1310, 3, 243952, 244950
20, 1320, 3, 242018, 244792
20, 1330, 3, 241841, 242803
20, 1340, 3, 238891, 243058
20, 1350, 3, 237392, 239007
20, 1360, 3, 235869, 240981
20, 1370, 3, 235384, 236719
20, 1380, 3, 234746, 239026
20, 1390, 3, 233379, 236240
20, 1400, 3, 232277, 233661
20, 1410, 3, 232030, 233411
20, 1420, 3, 231643, 232470
20, 1430, 3, 231484, 232605
20, 1440, 3, 230977, 233428
20, 1450, 3, 230553, 232144
20, 1460, 3, 230161, 233216
20, 1470, 3, 229099, 229249
20, 1480, 3, 228754, 231761
20, 1490, 3, 227923, 229581
20, 1500, 3, 227601, 231903
20, 1510, 3, 227274, 229510
20, 1520, 3, 226665, 226725
20, 1530, 3, 226169, 228603
20, 1540, 3, 225946, 227129
20, 1550, 3, 225027, 227245
20, 1560, 3, 223881, 227359
20, 1570, 3, 223685, 225591
20, 1580, 3, 223078, 226680
20, 1590, 3, 222285, 224510
20, 1600, 3, 220707, 225170
20, 1610, 3, 220707, 222149
20, 1620, 3, 219346, 221278
20, 1630, 3, 218521, 223673
20, 1640, 3, 217473, 221011
20, 1650, 3, 217338, 219874
20, 1660, 3, 216554, 218921
20, 1670, 3, 216078, 216425
20, 1680, 3, 215028, 220964
20, 1690, 3, 215028, 216147
20, 1700, 3, 214985, 217162
20, 1710, 3, 214249, 216724
20, 1720, 3, 214168, 217349
20, 1730, 3, 213880, 213900
20, 1740, 3, 213670, 216854
20, 1750, 3, 212541, 215096
20, 1760, 3, 211009, 215753
20, 1770, 3, 209990, 212984
20, 1780, 3, 209341, 210291
20, 1790, 3, 208924, 210527
20, 1800, 3, 207758, 208924
20, 1810, 3, 207355, 209180
20, 1820, 3, 205542, 209715
20, 1830, 3, 205080, 207869
20, 1840, 3, 204782, 205018
20, 1850, 3, 203350, 206919
20, 1860, 3, 202209, 205998
20, 1870, 3, 201868, 203957
20, 1880, 3, 201534, 202808
20, 1890, 3, 201474, 204555
20, 1900, 3, 200539, 201494
20, 1910, 3, 200138, 204874
20, 1920, 3, 199425, 203581
20, 1930, 3, 199425, 200789
20, 1940, 3, 199406, 203852
20, 1950, 3, 199252, 199863
20, 1960, 3, 199174, 200310
20, 1970, 3, 198851, 199357
20, 1980, 3, 198348, 199358
20, 1990, 3, 198138, 203517
20, 2000, 3, 198007, 198138
20, 2010, 3, 197148, 198233
20, 2020, 3, 196871, 198072
20, 2030, 3, 195370, 199941
20, 2040, 3, 195049, 199892
20, 2050, 3, 195049, 198125
20, 2060, 3, 194551, 195049
20, 2070, 3, 194325, 202480
20, 2080, 3, 193460, 201424
20, 2090, 3, 192999, 196907
20, 2100, 3, 192657, 195699
20, 2110, 3, 191914, 194146
20, 2120, 3, 190637, 193025
20, 2130, 3, 189939, 194922
20, 2140, 3, 188945, 192235
20, 2150, 3, 187811, 190231
20, 2160, 3, 187211, 188593
20, 2170, 3, 186724, 189125
20, 2180, 3, 186595, 188749
20, 2190, 3, 185429, 187945
20, 2200, 3, 185320, 188747
20, 2210, 3, 184336, 187633
20, 2220, 3, 184020, 188291
20, 2230, 3, 183632, 186627
20, 2240, 3, 183058, 185591
20, 2250, 3, 183024, 190547
20, 2260, 3, 181535, 184596
20, 2270, 3, 180657, 183731
20, 2280, 3, 180459, 182403
20, 2290, 3, 179908, 182287
20, 2300, 3, 179846, 181894
20, 2310, 3, 178569, 180501
20, 2320, 3, 178445, 180878
20, 2330, 3, 177938, 181631
20, 2340, 3, 177938, 179511
20, 2350, 3, 177938, 180548
20, 2360, 3, 177938, 181708
20, 2370, 3, 177723, 180968
20, 2380, 3, 177395, 179128
20, 2390, 3, 176754, 179319
20, 2400, 3, 176136, 178417
20, 2410, 3, 175800, 178224
20, 2420, 3, 174915, 175149
20, 2430, 3, 174189, 176497
20, 2440, 3, 174189, 176542
20, 2450, 3, 173395, 173582
20, 2460, 3, 173263, 177290
20, 2470, 3, 173263, 176468
20, 2480, 3, 172900, 174965
20, 2490, 3, 172760, 178858
20, 2500, 3, 172413, 174191
20, 2510, 3, 171491, 177538
20, 2520, 3, 171291, 173068
20, 2530, 3, 169779, 171291
20, 2540, 3, 169688, 171008
20, 2550, 3, 169384, 171581
20, 2560, 3, 168461, 172431
20, 2570, 3, 168349, 171993
20, 2580, 3, 168087, 170181
20, 2590, 3, 168065, 168087
20, 2600, 3, 167488, 168224
20, 2610, 3, 167480, 169830
20, 2620, 3, 167427, 172317
20, 2630, 3, 167104, 169188
20, 2640, 3, 167029, 169700
20, 2650, 3, 166429, 167481
20, 2660, 3, 165803, 169790
20, 2670, 3, 165407, 169319
20, 2680, 3, 165381, 168437
20, 2690, 3, 165368, 166941
20, 2700, 3, 165109, 168604
20, 2710, 3, 165083, 167825
20, 2720, 3, 164463, 169374
20, 2730, 3, 163868, 168939
20, 2740, 3, 163746, 165656
20, 2750, 3, 163106, 165515
20, 2760, 3, 163096, 164750
20, 2770, 3, 162212, 168180
20, 2780, 3, 162206, 165533
20, 2790, 3, 162206, 163939
20, 2800, 3, 161599, 164523
20, 2810, 3, 161519, 164143
20, 2820, 3, 160785, 162844
20, 2830, 3, 160446, 163086
20, 2840, 3, 160336, 161972
20, 2850, 3, 160336, 163848
20, 2860, 3, 159704, 159921
20, 2870, 3, 159493, 161812
20, 2880, 3, 159493, 163491
20, 2890, 3, 159210, 159323
20, 2900, 3, 158517, 161918
20, 2910, 3, 158312, 162041
20, 2920, 3, 157949, 160211
20, 2930, 3, 157523, 159757
20, 2940, 3, 157445, 159146
20, 2950, 3, 157057, 158097
20, 2960, 3, 156933, 157057
20, 2970, 3, 156680, 156933
20, 2980, 3, 156581, 159423
20, 2990, 3, 156077, 160660
20, 3000, 3, 155935, 160472
20, 3010, 3, 155592, 160418
20, 3020, 3, 155010, 155407
20, 3030, 3, 154818, 154929
20, 3040, 3, 154394, 155113
20, 3050, 3, 153309, 157628
20, 3060, 3, 153262, 155648
20, 3070, 3, 152892, 155207
20, 3080, 3, 152677, 153282
20, 3090, 3, 152075, 155477
20, 3100, 3, 151817, 153152
20, 3110, 3, 151633, 154571
20, 3120, 3, 151633, 155767
20, 3130, 3, 151327, 154474
20, 3140, 3, 151104, 153151
20, 3150, 3, 150883, 153866
20, 3160, 3, 150677, 152580
20, 3170, 3, 150203, 152353
20, 3180, 3, 150144, 153177
20, 3190, 3, 150109, 152920
20, 3200, 3, 149642, 153156
20, 3210, 3, 149361, 152735
20, 3220, 3, 149236, 152072
20, 3230, 3, 149120, 151362
20, 3240, 3, 148875, 152388
20, 3250, 3, 148684, 150487
20, 3260, 3, 148684, 152098
20, 3270, 3, 148684, 148684
20, 3280, 3, 148684, 150344
20, 3290, 3, 148416, 152164
20, 3300, 3, 148416, 149764
20, 3310, 3, 148228, 151603
20, 3320, 3, 148107, 148365
20, 3330, 3, 147972, 148907
20, 3340, 3, 147972, 153102
20, 3350, 3, 147972, 150898
20, 3360, 3, 147077, 150725
20, 3370, 3, 147077, 151267
20, 3380, 3, 147077, 150724
20, 3390, 3, 147075, 148281
20, 3400, 3, 146319, 150693
20, 3410, 3, 145859, 148597
20, 3420, 3, 145827, 149978
20, 3430, 3, 145624, 145627
20, 3440, 3, 145624, 146115
20, 3450, 3, 145624, 145624
20, 3460, 3, 145402, 145402
20, 3470, 3, 145203, 146853
20, 3480, 3, 145041, 149548
20, 3490, 3, 145041, 145623
20, 3500, 3, 144829, 146531
20, 3510, 3, 144329, 145244
20, 3520, 3, 144189, 146547
20, 3530, 3, 144189, 147016
20, 3540, 3, 143192, 145305
20, 3550, 3, 142888, 146623
20, 3560, 3, 142888, 145864
20, 3570, 3, 142604, 143227
20, 3580, 3, 142604, 142929
20, 3590, 3, 142604, 144529
20, 3600, 3, 142480, 144853
20, 3610, 3, 142433, 143760
20, 3620, 3, 142329, 147093
20, 3630, 3, 141972, 142329
20, 3640, 3, 141972, 147801
20, 3650, 3, 141769, 142168
20, 3660, 3, 141751, 141769
20, 3670, 3, 141572, 143683
20, 3680, 3, 141572, 143757
20, 3690, 3, 141304, 143823
20, 3700, 3, 141226, 143007
20, 3710, 3, 141226, 142543
20, 3720, 3, 141184, 141749
20, 3730, 3, 141049, 142879
20, 3740, 3, 141049, 142577
20, 3750, 3, 140951, 144332
20, 3760, 3, 140951, 141984
20, 3770, 3, 140911, 143792
20, 3780, 3, 140911, 140911
20, 3790, 3, 140907, 144377
20, 3800, 3, 140907, 146036
20, 3810, 3, 140797, 142909
20, 3820, 3, 140778, 143038
20, 3830, 3, 140778, 140778
20, 3840, 3, 140778, 141840
20, 3850, 3, 140323, 142336
20, 3860, 3, 140323, 140563
20, 3870, 3, 139626, 143689
20, 3880, 3, 139503, 140986
20, 3890, 3, 139503, 140341
20, 3900, 3, 139316, 139456
20, 3910, 3, 139018, 142155
20, 3920, 3, 139018, 142402
20, 3930, 3, 138990, 140397
20, 3940, 3, 138990, 143233
20, 3950, 3, 138990, 143942
20, 3960, 3, 138922, 140307
20, 3970, 3, 138922, 141912
20, 3980, 3, 138922, 138922
20, 3990, 3, 138922, 140801
20, 4000, 3, 138922, 143056
20, 4010, 3, 137758, 140005
20, 4020, 3, 137545, 137758
20, 4030, 3, 137391, 140391
20, 4040, 3, 137312, 138446
20, 4050, 3, 136734, 138069
20, 4060, 3, 136734, 138599
20, 4070, 3, 136734, 138630
20, 4080, 3, 136734, 139587
20, 4090, 3, 136734, 139524
20, 4100, 3, 136630, 137958
20, 4110, 3, 136294, 139333
20, 4120, 3, 136294, 138269
20, 4130, 3, 136229, 139461
20, 4140, 3, 136229, 136884
20, 4150, 3, 136229, 138513
20, 4160, 3, 135895, 140137
20, 4170, 3, 135790, 137920
20, 4180, 3, 135790, 135790
20, 4190, 3, 135146, 138763
20, 4200, 3, 135041, 135146
20, 4210, 3, 134941, 135041
20, 4220, 3, 134778, 137636
20, 4230, 3, 134778, 136376
20, 4240, 3, 134778, 137072
20, 4250, 3, 134361, 136996
20, 4260, 3, 134358, 136985
20, 4270, 3, 134136, 136542
20, 4280, 3, 133395, 137627
20, 4290, 3, 133395, 134653
20, 4300, 3, 133129, 133315
20, 4310, 3, 133070, 136481
20, 4320, 3, 133070, 133477
20, 4330, 3, 132557, 135098
20, 4340, 3, 132240, 134238
20, 4350, 3, 132240, 136717
20, 4360, 3, 132240, 134512
20, 4370, 3, 131977, 136415
20, 4380, 3, 131801, 133363
20, 4390, 3, 131730, 132401
20, 4400, 3, 131357, 133352
20, 4410, 3, 131357, 132166
20, 4420, 3, 131106, 133192
20, 4430, 3, 131053, 137187
20, 4440, 3, 130825, 134163
20, 4450, 3, 130234, 130825
20, 4460, 3, 130030, 130656
20, 4470, 3, 129821, 130662
20, 4480, 3, 129533, 129821
20, 4490, 3, 129409, 132184
20, 4500, 3, 129352, 129850
20, 4510, 3, 129352, 129352
20, 4520, 3, 129290, 135191
20, 4530, 3, 129230, 133361
20, 4540, 3, 129230, 129230
20, 4550, 3, 129230, 131863
20, 4560, 3, 129111, 131821
20, 4570, 3, 129111, 130780
20, 4580, 3, 128833, 129329
20, 4590, 3, 128585, 129580
20, 4600, 3, 128542, 131734
20, 4610, 3, 128470, 131267
20, 4620, 3, 128470, 130669
20, 4630, 3, 128470, 128470
20, 4640, 3, 128235, 129056
20, 4650, 3, 128048, 129636
20, 4660, 3, 128016, 128048
20, 4670, 3, 127671, 130367
20, 4680, 3, 127629, 129285
20, 4690, 3, 127480, 131031
20, 4700, 3, 127352, 127475
20, 4710, 3, 127207, 128235
20, 4720, 3, 127043, 129136
20, 4730, 3, 127043, 132602
20, 4740, 3, 126990, 130101
20, 4750, 3, 126990, 129390
20, 4760, 3, 126866, 129689
20, 4770, 3, 126866, 130113
20, 4780, 3, 126720, 129762
20, 4790, 3, 126720, 129004
20, 4800, 3, 126720, 128392
20, 4810, 3, 126580, 132837
20, 4820, 3, 126515, 127845
20, 4830, 3, 126515, 129768
20, 4840, 3, 126485, 130450
20, 4850, 3, 126485, 130877
20, 4860, 3, 126485, 126485
20, 4870, 3, 126485, 128953
20, 4880, 3, 126485, 129511
20, 4890, 3, 126485, 126485
20, 4900, 3, 126456, 130623
20, 4910, 3, 125765, 128101
20, 4920, 3, 125765, 125765
20, 4930, 3, 125765, 128976
20, 4940, 3, 125731, 128976
20, 4950, 3, 125731, 131395
20, 4960, 3, 125731, 126711
20, 4970, 3, 125706, 125731
20, 4980, 3, 125412, 127176
20, 4990, 3, 125289, 126818
20, 5000, 3, 125270, 126385
20, 5010, 3, 125270, 130740
20, 5020, 3, 125270, 128392
20, 5030, 3, 125070, 126454
20, 5040, 3, 125070, 127044
20, 5050, 3, 125070, 127035
20, 5060, 3, 125070, 125070
20, 5070, 3, 124709, 127841
20, 5080, 3, 124709, 125804
20, 5090, 3, 124709, 127823
20, 5100, 3, 124628, 126926
20, 5110, 3, 124628, 127814
20, 5120, 3, 124628, 124872
20, 5130, 3, 124470, 128127
20, 5140, 3, 124412, 133171
20, 5150, 3, 124412, 127475
20, 5160, 3, 124412, 126883
20, 5170, 3, 124412, 127231
20, 5180, 3, 124313, 125705
20, 5190, 3, 124189, 124313
20, 5200, 3, 124189, 124314
20, 5210, 3, 124134, 128209
20, 5220, 3, 124134, 124134
20, 5230, 3, 123903, 126758
20, 5240, 3, 123779, 125318
20, 5250, 3, 123747, 123992
20, 5260, 3, 123747, 127701
20, 5270, 3, 123747, 125864
20, 5280, 3, 123747, 123747
20, 5290, 3, 123603, 123747
20, 5300, 3, 123603, 125242
20, 5310, 3, 123479, 123603
20, 5320, 3, 123479, 124564
20, 5330, 3, 123464, 123479
20, 5340, 3, 123464, 124462
20, 5350, 3, 123286, 124743
20, 5360, 3, 123271, 123286
20, 5370, 3, 123129, 125480
20, 5380, 3, 123129, 124918
20, 5390, 3, 122849, 123129
20, 5400, 3, 122842, 125346
20, 5410, 3, 122829, 122842
20, 5420, 3, 122829, 125684
20, 5430, 3, 122754, 125572
20, 5440, 3, 122754, 123128
20, 5450, 3, 122754, 124136
20, 5460, 3, 122754, 123434
20, 5470, 3, 122179, 126351
20, 5480, 3, 122179, 127271
20, 5490, 3, 121967, 127644
20, 5500, 3, 121967, 121967
20, 5510, 3, 121967, 125452
20, 5520, 3, 121967, 125992
20, 5530, 3, 121967, 122527
20, 5540, 3, 121967, 121967
20, 5550, 3, 121883, 123797
20, 5560, 3, 121639, 121639
20, 5570, 3, 121182, 121602
20, 5580, 3, 121182, 123702
20, 5590, 3, 121182, 121182
20, 5600, 3, 121182, 124730
20, 5610, 3, 120981, 124362
20, 5620, 3, 120981, 123242
20, 5630, 3, 120981, 121546
20, 5640, 3, 120981, 122855
20, 5650, 3, 120688, 122328
20, 5660, 3, 119870, 122956
20, 5670, 3, 119754, 121671
20, 5680, 3, 119754, 124517
20, 5690, 3, 119566, 123614
20, 5700, 3, 119566, 119765
20, 5710, 3, 119566, 123443
20, 5720, 3, 119381, 119566
20, 5730, 3, 119016, 119383
20, 5740, 3, 118802, 120044
20, 5750, 3, 118597, 122414
20, 5760, 3, 118494, 122291
20, 5770, 3, 118364, 119386
20, 5780, 3, 118173, 121596
20, 5790, 3, 118075, 118085
20, 5800, 3, 118075, 118075
20, 5810, 3, 118075, 120837
20, 5820, 3, 118075, 120860
20, 5830, 3, 117883, 120457
20, 5840, 3, 117430, 121899
20, 5850, 3, 117430, 119378
20, 5860, 3, 117399, 122217
20, 5870, 3, 117399, 117399
20, 5880, 3, 117399, 117399
20, 5890, 3, 117199, 119780
20, 5900, 3, 117036, 117199
20, 5910, 3, 116833, 119521
20, 5920, 3, 116833, 119799
20, 5930, 3, 116639, 119603
20, 5940, 3, 116639, 116747
20, 5950, 3, 116514, 116514
20, 5960, 3, 116514, 117578
20, 5970, 3, 116045, 116514
20, 5980, 3, 115913, 117310
20, 5990, 3, 115913, 115913
20, 6000, 3, 115913, 115913
20, 6010, 3, 115624, 116246
20, 6020, 3, 115350, 117644
20, 6030, 3, 115350, 117307
20, 6040, 3, 114887, 114962
20, 6050, 3, 114635, 114962
20, 6060, 3, 114635, 114717
20, 6070, 3, 114633, 115941
20, 6080, 3, 114517, 116920
20, 6090, 3, 114517, 116188
20, 6100, 3, 114517, 116877
20, 6110, 3, 114479, 115408
20, 6120, 3, 114385, 114479
20, 6130, 3, 114283, 115293
20, 6140, 3, 114283, 114283
20, 6150, 3, 114214, 116402
20, 6160, 3, 114214, 115202
20, 6170, 3, 114094, 115376
20, 6180, 3, 113886, 115779
20, 6190, 3, 113799, 116085
20, 6200, 3, 113799, 114112
20, 6210, 3, 113116, 116628
20, 6220, 3, 113116, 116431
20, 6230, 3, 112988, 113116
20, 6240, 3, 112737, 112988
20, 6250, 3, 112578, 113832
20, 6260, 3, 112516, 115053
20, 6270, 3, 112516, 113833
20, 6280, 3, 112228, 112516
20, 6290, 3, 112228, 112228
20, 6300, 3, 112213, 114023
20, 6310, 3, 112124, 115151
20, 6320, 3, 112124, 112524
20, 6330, 3, 112030, 115906
20, 6340, 3, 112030, 114330
20, 6350, 3, 112013, 112013
20, 6360, 3, 112013, 112013
20, 6370, 3, 111907, 114469
20, 6380, 3, 111859, 112638
20, 6390, 3, 111859, 112408
20, 6400, 3, 111859, 113390
20, 6410, 3, 111491, 113115
20, 6420, 3, 111491, 111491
20, 6430, 3, 111240, 113658
20, 6440, 3, 111240, 113194
20, 6450, 3, 111158, 112554
20, 6460, 3, 111158, 114194
20, 6470, 3, 111158, 112076
20, 6480, 3, 110965, 111158
20, 6490, 3, 110965, 112209
20, 6500, 3, 110777, 113062
20, 6510, 3, 110777, 113825
20, 6520, 3, 110777, 115870
20, 6530, 3, 110777, 113450
20, 6540, 3, 110777, 110979
20, 6550, 3, 110777, 113312
20, 6560, 3, 110777, 114118
20, 6570, 3, 110777, 114153
20, 6580, 3, 110777, 113965
20, 6590, 3, 110777, 111741
20, 6600, 3, 110759, 112572
20, 6610, 3, 110727, 113265
20, 6620, 3, 110727, 113237
20, 6630, 3, 110712, 110727
20, 6640, 3, 110679, 110712
20, 6650, 3, 110532, 112458
20, 6660, 3, 110415, 111668
20, 6670, 3, 110240, 112015
20, 6680, 3, 110031, 112224
20, 6690, 3, 109276, 109276
20, 6700, 3, 109276, 109276
20, 6710, 3, 109276, 110254
20, 6720, 3, 109276, 109276
20, 6730, 3, 109276, 110828
20, 6740, 3, 109276, 110964
20, 6750, 3, 109276, 109276
20, 6760, 3, 109255, 110792
20, 6770, 3, 109255, 109439
20, 6780, 3, 109215, 109955
20, 6790, 3, 109215, 110647
20, 6800, 3, 109215, 113176
20, 6810, 3, 109199, 111290
20, 6820, 3, 109199, 112219
20, 6830, 3, 109199, 111823
20, 6840, 3, 109199, 112699
20, 6850, 3, 108928, 109097
20, 6860, 3, 108763, 108763
20, 6870, 3, 108514, 111385
20, 6880, 3, 108503, 108514
20, 6890, 3, 108503, 108503
20, 6900, 3, 108503, 109537
20, 6910, 3, 108503, 109580
20, 6920, 3, 108503, 112886
20, 6930, 3, 108503, 108781
20, 6940, 3, 108251, 108251
20, 6950, 3, 108251, 108575
20, 6960, 3, 107952, 109153
20, 6970, 3, 107952, 110180
20, 6980, 3, 107952, 108901
20, 6990, 3, 107952, 109303
20, 7000, 3, 107785, 110409
20, 7010, 3, 107588, 112342
20, 7020, 3, 107588, 111325
20, 7030, 3, 107588, 107588
20, 7040, 3, 107588, 108261
20, 7050, 3, 107473, 107588
20, 7060, 3, 107473, 107950
20, 7070, 3, 107379, 110525
20, 7080, 3, 107379, 108775
20, 7090, 3, 107379, 108905
20, 7100, 3, 107379, 108519
20, 7110, 3, 107379, 107379
20, 7120, 3, 107379, 108913
20, 7130, 3, 107379, 110300
20, 7140, 3, 107022, 110657
20, 7150, 3, 106681, 107917
20, 7160, 3, 106681, 107387
20, 7170, 3, 106681, 110406
20, 7180, 3, 106443, 108845
20, 7190, 3, 106443, 108675
20, 7200, 3, 106427, 106443
20, 7210, 3, 106396, 108095
20, 7220, 3, 106396, 106396
20, 7230, 3, 106396, 108475
20, 7240, 3, 106396, 106670
20, 7250, 3, 106096, 106396
20, 7260, 3, 106096, 109716
20, 7270, 3, 106058, 107645
20, 7280, 3, 106058, 107829
20, 7290, 3, 106004, 106199
20, 7300, 3, 105753, 106815
20, 7310, 3, 105646, 108714
20, 7320, 3, 105646, 105646
20, 7330, 3, 105601, 106099
20, 7340, 3, 105601, 106617
20, 7350, 3, 105601, 108214
20, 7360, 3, 105446, 105954
20, 7370, 3, 105446, 107047
20, 7380, 3, 105386, 106587
20, 7390, 3, 105250, 110869
20, 7400, 3, 105250, 111330
20, 7410, 3, 105044, 105227
20, 7420, 3, 105044, 105162
20, 7430, 3, 105006, 105044
20, 7440, 3, 104957, 106909
20, 7450, 3, 104946, 105154
20, 7460, 3, 104798, 105146
20, 7470, 3, 104733, 104751
20, 7480, 3, 104733, 107620
20, 7490, 3, 104733, 105629
20, 7500, 3, 104733, 104733
20, 7510, 3, 104638, 106235
20, 7520, 3, 104638, 109169
20, 7530, 3, 104638, 104638
20, 7540, 3, 104228, 104638
20, 7550, 3, 104210, 106243
20, 7560, 3, 104113, 105076
20, 7570, 3, 103940, 104113
20, 7580, 3, 103820, 105729
20, 7590, 3, 103820, 105214
20, 7600, 3, 103820, 106856
20, 7610, 3, 103644, 106156
20, 7620, 3, 103359, 107759
20, 7630, 3, 103359, 103359
20, 7640, 3, 103359, 103359
20, 7650, 3, 103359, 103675
20, 7660, 3, 103359, 107834
20, 7670, 3, 103359, 103359
20, 7680, 3, 103125, 106083
20, 7690, 3, 102878, 103315
20, 7700, 3, 102878, 105270
20, 7710, 3, 102878, 102878
20, 7720, 3, 102878, 104988
20, 7730, 3, 102878, 106083
20, 7740, 3, 102812, 105412
20, 7750, 3, 102812, 104958
20, 7760, 3, 102812, 106132
20, 7770, 3, 102812, 103981
20, 7780, 3, 102812, 102812
20, 7790, 3, 102812, 102812
20, 7800, 3, 102812, 104488
20, 7810, 3, 102565, 102812
20, 7820, 3, 102346, 105846
20, 7830, 3, 102165, 104947
20, 7840, 3, 102165, 104010
20, 7850, 3, 102165, 107580
20, 7860, 3, 102165, 103680
20, 7870, 3, 102106, 104238
20, 7880, 3, 101689, 101689
20, 7890, 3, 101689, 101689
20, 7900, 3, 101611, 102318
20, 7910, 3, 101611, 102572
20, 7920, 3, 101609, 101611
20, 7930, 3, 101609, 104254
20, 7940, 3, 101609, 101609
20, 7950, 3, 101609, 102707
20, 7960, 3, 101609, 103889
20, 7970, 3, 101609, 102740
20, 7980, 3, 101396, 102895
20, 7990, 3, 101255, 101255
20, 8000, 3, 101255, 103488
20, 8010, 3, 101169, 101255
20, 8020, 3, 101169, 101169
20, 8030, 3, 101169, 101169
20, 8040, 3, 101169, 101752
20, 8050, 3, 101169, 101169
20, 8060, 3, 101166, 101169
20, 8070, 3, 101157, 101339
20, 8080, 3, 101157, 104633
20, 8090, 3, 101157, 101157
20, 8100, 3, 101002, 104790
20, 8110, 3, 101002, 101002
20, 8120, 3, 100982, 103875
20, 8130, 3, 100909, 102650
20, 8140, 3, 100598, 102119
20, 8150, 3, 100581, 102686
20, 8160, 3, 100581, 100760
20, 8170, 3, 100523, 101188
20, 8180, 3, 100523, 100523
20, 8190, 3, 100523, 102990
20, 8200, 3, 100523, 103461
20, 8210, 3, 100357, 100523
20, 8220, 3, 100160, 100160
20, 8230, 3, 100160, 100160
20, 8240, 3, 100041, 102151
20, 8250, 3, 100010, 103857
20, 8260, 3, 100010, 101940
20, 8270, 3, 100010, 100010
20, 8280, 3, 99791, 99931
20, 8290, 3, 99791, 99791
20, 8300, 3, 99791, 101476
20, 8310, 3, 99791, 102373
20, 8320, 3, 99569, 100635
20, 8330, 3, 99398, 99398
20, 8340, 3, 99398, 100521
20, 8350, 3, 99398, 101018
20, 8360, 3, 99398, 101401
20, 8370, 3, 99398, 99398
20, 8380, 3, 99398, 99398
20, 8390, 3, 99398, 100832
20, 8400, 3, 99398, 99511
20, 8410, 3, 99398, 99398
20, 8420, 3, 99233, 102464
20, 8430, 3, 98994, 98994
20, 8440, 3, 98994, 100890
20, 8450, 3, 98792, 101954
20, 8460, 3, 98787, 100052
20, 8470, 3, 98787, 100532
20, 8480, 3, 98787, 98981
20, 8490, 3, 98787, 98787
20, 8500, 3, 98752, 100507
20, 8510, 3, 98692, 98752
20, 8520, 3, 98692, 98692
20, 8530, 3, 98492, 98492
20, 8540, 3, 98492, 100261
20, 8550, 3, 98492, 98688
20, 8560, 3, 98471, 98471
20, 8570, 3, 98471, 98471
20, 8580, 3, 98363, 98363
20, 8590, 3, 98363, 100351
20, 8600, 3, 98134, 98465
20, 8610, 3, 98062, 98062
20, 8620, 3, 98062, 98062
20, 8630, 3, 98062, 99633
20, 8640, 3, 97904, 98062
20, 8650, 3, 97572, 97904
20, 8660, 3, 97572, 97572
20, 8670, 3, 97572, 97572
20, 8680, 3, 97310, 101053
20, 8690, 3, 97310, 97310
20, 8700, 3, 97310, 97869
20, 8710, 3, 97138, 97138
20, 8720, 3, 97138, 97901
20, 8730, 3, 97001, 102250
20, 8740, 3, 97001, 97001
20, 8750, 3, 97001, 97544
20, 8760, 3, 97001, 97001
20, 8770, 3, 97001, 101177
20, 8780, 3, 97001, 98785
20, 8790, 3, 97001, 97001
20, 8800, 3, 97001, 97325
20, 8810, 3, 97001, 101696
20, 8820, 3, 97001, 97809
20, 8830, 3, 97001, 99278
20, 8840, 3, 97001, 97001
20, 8850, 3, 96663, 99194
20, 8860, 3, 96663, 96663
20, 8870, 3, 96663, 96663
20, 8880, 3, 96638, 98144
20, 8890, 3, 96616, 96638
20, 8900, 3, 96616, 96616
20, 8910, 3, 96485, 96485
20, 8920, 3, 96485, 96485
20, 8930, 3, 96208, 96485
20, 8940, 3, 96095, 99880
20, 8950, 3, 96095, 96095
20, 8960, 3, 96095, 98548
20, 8970, 3, 96095, 97094
20, 8980, 3, 96095, 97620
20, 8990, 3, 96095, 96095
20, 9000, 3, 96095, 96095
20, 9010, 3, 96095, 96095
20, 9020, 3, 96024, 97200
20, 9030, 3, 95980, 96024
20, 9040, 3, 95980, 95980
20, 9050, 3, 95856, 97840
20, 9060, 3, 95842, 99142
20, 9070, 3, 95842, 95842
20, 9080, 3, 95842, 95842
20, 9090, 3, 95523, 96600
20, 9100, 3, 95523, 95523
20, 9110, 3, 95523, 95660
20, 9120, 3, 95523, 96523
20, 9130, 3, 95523, 97753
20, 9140, 3, 95399, 95523
20, 9150, 3, 95399, 95399
20, 9160, 3, 95399, 97036
20, 9170, 3, 95399, 97432
20, 9180, 3, 95399, 96668
20, 9190, 3, 95307, 95399
20, 9200, 3, 95307, 95307
20, 9210, 3, 95307, 95307
20, 9220, 3, 95307, 97239
20, 9230, 3, 95307, 95307
20, 9240, 3, 95307, 96490
20, 9250, 3, 95307, 97469
20, 9260, 3, 95307, 95307
20, 9270, 3, 95307, 96172
20, 9280, 3, 95225, 95307
20, 9290, 3, 95160, 95370
20, 9300, 3, 94972, 97132
20, 9310, 3, 94972, 96745
20, 9320, 3, 94923, 94972
20, 9330, 3, 94923, 98848
20, 9340, 3, 94758, 95961
20, 9350, 3, 94758, 94758
20, 9360, 3, 94758, 94758
20, 9370, 3, 94758, 94758
20, 9380, 3, 94758, 97307
20, 9390, 3, 94735, 97101
20, 9400, 3, 94735, 95701
20, 9410, 3, 94647, 94717
20, 9420, 3, 94647, 94647
20, 9430, 3, 94591, 97822
20, 9440, 3, 94591, 94591
20, 9450, 3, 94591, 94591
20, 9460, 3, 94591, 94591
20, 9470, 3, 94591, 94591
20, 9480, 3, 94591, 97833
20, 9490, 3, 94591, 94591
20, 9500, 3, 94440, 94443
20, 9510, 3, 94409, 95319
20, 9520, 3, 94409, 97144
20, 9530, 3, 94409, 94754
20, 9540, 3, 94306, 94306
20, 9550, 3, 94306, 94974
20, 9560, 3, 94154, 94306
20, 9570, 3, 94154, 97761
20, 9580, 3, 94154, 94154
20, 9590, 3, 94154, 94154
20, 9600, 3, 94154, 94154
20, 9610, 3, 94154, 95921
20, 9620, 3, 94070, 94154
20, 9630, 3, 93870, 93870
20, 9640, 3, 93870, 93870
20, 9650, 3, 93870, 95224
20, 9660, 3, 93870, 93870
20, 9670, 3, 93823, 93870
20, 9680, 3, 93818, 93823
20, 9690, 3, 93818, 93818
20, 9700, 3, 93818, 93818
20, 9710, 3, 93818, 95991
20, 9720, 3, 93818, 95196
20, 9730, 3, 93818, 95155
20, 9740, 3, 93686, 93818
20, 9750, 3, 93686, 95262
20, 9760, 3, 93686, 93686
20, 9770, 3, 93663, 93663
20, 9780, 3, 93663, 94298
20, 9790, 3, 93663, 95166
20, 9800, 3, 93663, 93663
20, 9810, 3, 93660, 95189
20, 9820, 3, 93660, 93660
20, 9830, 3, 93660, 93660
20, 9840, 3, 93227, 93744
20, 9850, 3, 93227, 93227
20, 9860, 3, 93227, 93227
20, 9870, 3, 93210, 94840
20, 9880, 3, 93210, 93210
20, 9890, 3, 92851, 92851
20, 9900, 3, 92851, 94388
20, 9910, 3, 92851, 96211
20, 9920, 3, 92851, 92851
20, 9930, 3, 92851, 92851
20, 9940, 3, 92851, 92851
20, 9950, 3, 92851, 92851
20, 9960, 3, 92851, 92851
20, 9970, 3, 92851, 95977
20, 9980, 3, 92851, 92851
20, 9990, 3, 92790, 92851
20, 10000, 3, 92651, 92651
20, 10010, 3, 92651, 92902
20, 10020, 3, 92299, 94930
20, 10030, 3, 92299, 92299
20, 10040, 3, 92299, 94295
20, 10050, 3, 92299, 92299
20, 10060, 3, 92299, 92299
20, 10070, 3, 92299, 96468
20, 10080, 3, 92299, 92299
20, 10090, 3, 92299, 93881
20, 10100, 3, 92184, 95876
20, 10110, 3, 92184, 92184
20, 10120, 3, 92184, 92184
20, 10130, 3, 92184, 94782
20, 10140, 3, 92184, 92184
20, 10150, 3, 92184, 92184
20, 10160, 3, 92118, 92482
20, 10170, 3, 92118, 95150
20, 10180, 3, 92118, 92118
20, 10190, 3, 92118, 93133
20, 10200, 3, 92081, 93479
20, 10210, 3, 91958, 91958
20, 10220, 3, 91958, 91958
20, 10230, 3, 91933, 93755
20, 10240, 3, 91933, 91933
20, 10250, 3, 91933, 91933
20, 10260, 3, 91933, 91933
20, 10270, 3, 91933, 91933
20, 10280, 3, 91933, 93483
20, 10290, 3, 91818, 91818
20, 10300, 3, 91818, 91818
20, 10310, 3, 91784, 91818
20, 10320, 3, 91784, 93721
20, 10330, 3, 91784, 91784
20, 10340, 3, 91784, 91784
20, 10350, 3, 91654, 92534
20, 10360, 3, 91556, 91556
20, 10370, 3, 91556, 91556
20, 10380, 3, 91141, 91141
20, 10390, 3, 91124, 92757
20, 10400, 3, 91124, 91124
20, 10410, 3, 91061, 91061
20, 10420, 3, 91061, 91061
20, 10430, 3, 91061, 91061
20, 10440, 3, 90986, 90986
20, 10450, 3, 90986, 91670
20, 10460, 3, 90947, 90986
20, 10470, 3, 90947, 93517
20, 10480, 3, 90947, 92781
20, 10490, 3, 90947, 90947
20, 10500, 3, 90947, 92416
20, 10510, 3, 90947, 90947
20, 10520, 3, 90947, 90947
20, 10530, 3, 90947, 90947
20, 10540, 3, 90947, 90947
20, 10550, 3, 90947, 90947
20, 10560, 3, 90514, 90947
20, 10570, 3, 90514, 90514
20, 10580, 3, 90514, 90514
20, 10590, 3, 90514, 93381
20, 10600, 3, 90514, 90514
20, 10610, 3, 90514, 90558
20, 10620, 3, 90514, 90880
20, 10630, 3, 90228, 91062
20, 10640, 3, 90228, 90228
20, 10650, 3, 90119, 90119
20, 10660, 3, 90119, 90119
20, 10670, 3, 90119, 90119
20, 10680, 3, 90119, 90119
20, 10690, 3, 90119, 90119
20, 10700, 3, 90119, 90119
20, 10710, 3, 90119, 90119
20, 10720, 3, 90119, 90876
20, 10730, 3, 90119, 92045
20, 10740, 3, 90119, 90119
20, 10750, 3, 90119, 91766
20, 10760, 3, 90038, 90578
20, 10770, 3, 90038, 90038
20, 10780, 3, 90038, 90038
20, 10790, 3, 90038, 92189
20, 10800, 3, 90038, 90038
20, 10810, 3, 90038, 91209
20, 10820, 3, 89897, 90677
20, 10830, 3, 89897, 90073
20, 10840, 3, 89897, 90554
20, 10850, 3, 89832, 91517
20, 10860, 3, 89832, 90218
20, 10870, 3, 89832, 89832
20, 10880, 3, 89677, 89832
20, 10890, 3, 89677, 89677
20, 10900, 3, 89677, 89677
20, 10910, 3, 89677, 89677
20, 10920, 3, 89569, 90734
20, 10930, 3, 89569, 89569
20, 10940, 3, 89564, 89564
20, 10950, 3, 89564, 92844
20, 10960, 3, 89564, 90141
20, 10970, 3, 89564, 92230
20, 10980, 3, 89564, 89564
20, 10990, 3, 89489, 89564
20, 11000, 3, 89489, 89489
20, 11010, 3, 89489, 89489
20, 11020, 3, 89489, 89489
20, 11030, 3, 89489, 89489
20, 11040, 3, 89489, 89489
20, 11050, 3, 89489, 89489
20, 11060, 3, 89489, 89489
20, 11070, 3, 89489, 90850
20, 11080, 3, 89489, 89489
20, 11090, 3, 89489, 89489
20, 11100, 3, 89489, 91206
20, 11110, 3, 89489, 89489
20, 11120, 3, 89489, 89489
20, 11130, 3, 89489, 89489
20, 11140, 3, 89489, 92072
20, 11150, 3, 89489, 89489
20, 11160, 3, 89489, 92312
20, 11170, 3, 89489, 89489
20, 11180, 3, 89489, 90788
20, 11190, 3, 89489, 90281
20, 11200, 3, 89430, 89430
20, 11210, 3, 89258, 91296
20, 11220, 3, 89258, 90082
20, 11230, 3, 89245, 89258
20, 11240, 3, 89245, 89789
20, 11250, 3, 89245, 89245
20, 11260, 3, 89245, 89245
20, 11270, 3, 89245, 89245
20, 11280, 3, 89085, 89085
20, 11290, 3, 89034, 90508
20, 11300, 3, 89034, 89034
20, 11310, 3, 89034, 89034
20, 11320, 3, 88785, 88785
20, 11330, 3, 88785, 88785
20, 11340, 3, 88785, 88785
20, 11350, 3, 88652, 90014
20, 11360, 3, 88275, 89651
20, 11370, 3, 88151, 88151
20, 11380, 3, 88148, 88151
20, 11390, 3, 88148, 88148
20, 11400, 3, 88148, 88148
20, 11410, 3, 88148, 90901
20, 11420, 3, 88148, 88525
20, 11430, 3, 88148, 88148
20, 11440, 3, 88148, 88713
20, 11450, 3, 88148, 88148
20, 11460, 3, 88148, 88148
20, 11470, 3, 87975, 88018
20, 11480, 3, 87975, 87975
20, 11490, 3, 87975, 87975
20, 11500, 3, 87975, 87975
20, 11510, 3, 87975, 89668
20, 11520, 3, 87975, 87975
20, 11530, 3, 87975, 87975
20, 11540, 3, 87834, 87936
20, 11550, 3, 87834, 87834
20, 11560, 3, 87834, 87834
20, 11570, 3, 87834, 87834
20, 11580, 3, 87834, 87834
20, 11590, 3, 87834, 87834
20, 11600, 3, 87834, 87834
20, 11610, 3, 87661, 87661
20, 11620, 3, 87661, 87699
20, 11630, 3, 87661, 87661
20, 11640, 3, 87661, 88122
20, 11650, 3, 87661, 87661
20, 11660, 3, 87661, 87661
20, 11670, 3, 87653, 89871
20, 11680, 3, 87653, 89615
20, 11690, 3, 87653, 87653
20, 11700, 3, 87653, 87653
20, 11710, 3, 87653, 87653
20, 11720, 3, 87653, 87653
20, 11730, 3, 87585, 87585
20, 11740, 3, 87585, 87585
20, 11750, 3, 87585, 87681
20, 11760, 3, 87585, 87585
20, 11770, 3, 87480, 87480
20, 11780, 3, 87480, 89070
20, 11790, 3, 87321, 87480
20, 11800, 3, 87321, 87321
20, 11810, 3, 87321, 87321
20, 11820, 3, 87321, 89728
20, 11830, 3, 87321, 87321
20, 11840, 3, 87321, 87321
20, 11850, 3, 87321, 89103
20, 11860, 3, 87321, 87321
20, 11870, 3, 87321, 87321
20, 11880, 3, 87321, 87321
20, 11890, 3, 87304, 89268
20, 11900, 3, 87180, 87304
20, 11910, 3, 87180, 87180
20, 11920, 3, 87180, 87180
20, 11930, 3, 87180, 87180
20, 11940, 3, 87180, 88597
20, 11950, 3, 87180, 88813
20, 11960, 3, 87180, 90141
20, 11970, 3, 86993, 86993
20, 11980, 3, 86993, 86993
20, 11990, 3, 86993, 86993
20, 12000, 3, 86993, 86993
20, 12010, 3, 86993, 87599
20, 12020, 3, 86993, 86993
20, 12030, 3, 86993, 87011
20, 12040, 3, 86993, 86993
20, 12050, 3, 86993, 86993
20, 12060, 3, 86993, 86993
20, 12070, 3, 86909, 86993
20, 12080, 3, 86909, 86909
20, 12090, 3, 86909, 86909
20, 12100, 3, 86909, 86909
20, 12110, 3, 86909, 86909
20, 12120, 3, 86909, 86909
20, 12130, 3, 86909, 88108
20, 12140, 3, 86909, 86909
20, 12150, 3, 86909, 86909
20, 12160, 3, 86909, 88590
20, 12170, 3, 86909, 89892
20, 12180, 3, 86830, 88450
20, 12190, 3, 86830, 88576
20, 12200, 3, 86830, 87163
20, 12210, 3, 86689, 86689
20, 12220, 3, 86689, 86689
20, 12230, 3, 86689, 88540
20, 12240, 3, 86689, 86689
20, 12250, 3, 86689, 86689
20, 12260, 3, 86689, 86689
20, 12270, 3, 86689, 86689
20, 12280, 3, 86689, 86689
20, 12290, 3, 86689, 86689
20, 12300, 3, 86689, 86689
20, 12310, 3, 86689, 87635
20, 12320, 3, 86689, 86689
20, 12330, 3, 86689, 86689
20, 12340, 3, 86689, 86890
20, 12350, 3, 86489, 90380
20, 12360, 3, 86489, 87881
20, 12370, 3, 86489, 86489
20, 12380, 3, 86398, 86398
20, 12390, 3, 86398, 86398
20, 12400, 3, 86398, 88966
20, 12410, 3, 86398, 86398
20, 12420, 3, 86398, 86398
20, 12430, 3, 86398, 86398
20, 12440, 3, 86398, 86398
20, 12450, 3, 86398, 89865
20, 12460, 3, 86330, 86398
20, 12470, 3, 86330, 86330
20, 12480, 3, 86330, 86330
20, 12490, 3, 86256, 86743
20, 12500, 3, 86256, 87375
20, 12510, 3, 86169, 86169
20, 12520, 3, 86169, 86169
20, 12530, 3, 86169, 89735
20, 12540, 3, 86169, 86169
20, 12550, 3, 86169, 88372
20, 12560, 3, 86169, 86169
20, 12570, 3, 86169, 89472
20, 12580, 3, 86169, 88380
20, 12590, 3, 86169, 86730
20, 12600, 3, 86169, 86169
20, 12610, 3, 86169, 87423
20, 12620, 3, 86128, 86128
20, 12630, 3, 85973, 88554
20, 12640, 3, 85901, 86539
20, 12650, 3, 85901, 85901
20, 12660, 3, 85901, 86066
20, 12670, 3, 85634, 85634
20, 12680, 3, 85634, 85634
20, 12690, 3, 85634, 85634
20, 12700, 3, 85583, 85634
20, 12710, 3, 85583, 85913
20, 12720, 3, 85583, 85583
20, 12730, 3, 85583, 85583
20, 12740, 3, 85583, 85583
20, 12750, 3, 85583, 85583
20, 12760, 3, 85583, 85583
20, 12770, 3, 85583, 86296
20, 12780, 3, 85475, 85475
20, 12790, 3, 85461, 85475
20, 12800, 3, 85461, 85461
20, 12810, 3, 85461, 85461
20, 12820, 3, 85461, 85461
20, 12830, 3, 85461, 85461
20, 12840, 3, 85453, 85578
20, 12850, 3, 85453, 86619
20, 12860, 3, 85400, 85453
20, 12870, 3, 85400, 85400
20, 12880, 3, 85400, 85400
20, 12890, 3, 85400, 86084
20, 12900, 3, 85400, 85400
20, 12910, 3, 85400, 85400
20, 12920, 3, 85400, 90074
20, 12930, 3, 85400, 85400
20, 12940, 3, 85400, 85400
20, 12950, 3, 85269, 85310
20, 12960, 3, 85269, 85269
20, 12970, 3, 85269, 85269
20, 12980, 3, 85269, 85269
20, 12990, 3, 85210, 85269
20, 13000, 3, 85210, 85210
20, 13010, 3, 85210, 86799
20, 13020, 3, 85210, 85210
20, 13030, 3, 85210, 85210
20, 13040, 3, 85210, 86198
20, 13050, 3, 85014, 85196
20, 13060, 3, 85014, 85668
20, 13070, 3, 85014, 85014
20, 13080, 3, 85014, 85014
20, 13090, 3, 85014, 85014
20, 13100, 3, 85014, 87673
20, 13110, 3, 85014, 85014
20, 13120, 3, 85014, 87048
20, 13130, 3, 85014, 88167
20, 13140, 3, 85014, 85014
20, 13150, 3, 85014, 87050
20, 13160, 3, 85014, 85014
20, 13170, 3, 85014, 85014
20, 13180, 3, 85014, 85014
20, 13190, 3, 85014, 85014
20, 13200, 3, 85014, 85014
20, 13210, 3, 85014, 85014
20, 13220, 3, 85014, 85014
20, 13230, 3, 84851, 85014
20, 13240, 3, 84851, 84851
20, 13250, 3, 84851, 84851
20, 13260, 3, 84851, 84851
20, 13270, 3, 84851, 84851
20, 13280, 3, 84851, 84851
20, 13290, 3, 84851, 86850
20, 13300, 3, 84762, 84851
20, 13310, 3, 84762, 84827
20, 13320, 3, 84753, 84753
20, 13330, 3, 84753, 85268
20, 13340, 3, 84753, 84753
20, 13350, 3, 84753, 84753
20, 13360, 3, 84753, 84753
20, 13370, 3, 84753, 84753
20, 13380, 3, 84753, 84753
20, 13390, 3, 84753, 84753
20, 13400, 3, 84429, 85980
20, 13410, 3, 84367, 84429
20, 13420, 3, 84367, 84367
20, 13430, 3, 84367, 84367
20, 13440, 3, 84367, 84367
20, 13450, 3, 84367, 84367
20, 13460, 3, 84367, 84367
20, 13470, 3, 84367, 86861
20, 13480, 3, 84367, 84367
20, 13490, 3, 84209, 86982
20, 13500, 3, 84049, 84209
20, 13510, 3, 84049, 84049
20, 13520, 3, 84049, 84049
20, 13530, 3, 84049, 84049
20, 13540, 3, 84049, 84049
20, 13550, 3, 84037, 85799
20, 13560, 3, 84037, 84037
20, 13570, 3, 83966, 84037
20, 13580, 3, 83966, 83966
20, 13590, 3, 83897, 84915
20, 13600, 3, 83897, 83897
20, 13610, 3, 83897, 83897
20, 13620, 3, 83897, 83897
20, 13630, 3, 83897, 83897
20, 13640, 3, 83897, 83897
20, 13650, 3, 83897, 83897
20, 13660, 3, 83843, 83897
20, 13670, 3, 83778, 83843
20, 13680, 3, 83637, 83778
20, 13690, 3, 83578, 85539
20, 13700, 3, 83578, 83578
20, 13710, 3, 83578, 83578
20, 13720, 3, 83578, 84090
20, 13730, 3, 83578, 83578
20, 13740, 3, 83578, 83578
20, 13750, 3, 83578, 83578
20, 13760, 3, 83578, 83578
20, 13770, 3, 83578, 83578
20, 13780, 3, 83489, 83489
20, 13790, 3, 83489, 84399
20, 13800, 3, 83489, 86925
20, 13810, 3, 83489, 83489
20, 13820, 3, 83489, 83489
20, 13830, 3, 83489, 83489
20, 13840, 3, 83355, 83355
20, 13850, 3, 83355, 83355
20, 13860, 3, 83355, 83355
20, 13870, 3, 83310, 83310
20, 13880, 3, 83310, 83310
20, 13890, 3, 83310, 83310
20, 13900, 3, 83310, 83310
20, 13910, 3, 83310, 83310
20, 13920, 3, 83310, 83310
20, 13930, 3, 83310, 83310
20, 13940, 3, 83110, 83310
20, 13950, 3, 83110, 83110
20, 13960, 3, 82902, 83110
20, 13970, 3, 82902, 82902
20, 13980, 3, 82902, 82902
20, 13990, 3, 82902, 86025
20, 14000, 3, 82902, 82902
20, 14010, 3, 82902, 82902
20, 14020, 3, 82902, 82902
20, 14030, 3, 82902, 85922
20, 14040, 3, 82902, 82902
20, 14050, 3, 82902, 82902
20, 14060, 3, 82902, 82902
20, 14070, 3, 82902, 82902
20, 14080, 3, 82750, 82750
20, 14090, 3, 82750, 82750
20, 14100, 3, 82750, 82750
20, 14110, 3, 82750, 82750
20, 14120, 3, 82750, 82750
20, 14130, 3, 82750, 84992
20, 14140, 3, 82750, 83363
20, 14150, 3, 82750, 82750
20, 14160, 3, 82750, 83143
20, 14170, 3, 82750, 82750
20, 14180, 3, 82750, 82750
20, 14190, 3, 82750, 82750
20, 14200, 3, 82522, 82750
20, 14210, 3, 82522, 82522
20, 14220, 3, 82522, 83615
20, 14230, 3, 82522, 85258
20, 14240, 3, 82522, 82522
20, 14250, 3, 82522, 82522
20, 14260, 3, 82028, 82522
20, 14270, 3, 82028, 83750
20, 14280, 3, 82028, 82028
20, 14290, 3, 82028, 82028
20, 14300, 3, 82028, 82028
20, 14310, 3, 82001, 82028
20, 14320, 3, 81983, 81983
20, 14330, 3, 81559, 81983
20, 14340, 3, 81559, 81559
20, 14350, 3, 81559, 81559
20, 14360, 3, 81559, 82587
20, 14370, 3, 81559, 82563
20, 14380, 3, 81559, 81559
20, 14390, 3, 81559, 81559
20, 14400, 3, 81559, 81559
20, 14410, 3, 81559, 81559
20, 14420, 3, 81559, 81559
20, 14430, 3, 81559, 81559
20, 14440, 3, 81501, 81559
20, 14450, 3, 81501, 81501
20, 14460, 3, 81501, 81501
20, 14470, 3, 81501, 81501
20, 14480, 3, 81501, 81501
20, 14490, 3, 81501, 81501
20, 14500, 3, 81501, 81501
20, 14510, 3, 81203, 81203
20, 14520, 3, 81203, 81203
20, 14530, 3, 81203, 81203
20, 14540, 3, 81203, 81203
20, 14550, 3, 81203, 81203
20, 14560, 3, 81203, 81203
20, 14570, 3, 81147, 81203
20, 14580, 3, 81112, 81112
20, 14590, 3, 81112, 81112
20, 14600, 3, 81112, 81112
20, 14610, 3, 81112, 83313
20, 14620, 3, 81112, 81112
20, 14630, 3, 81112, 81112
20, 14640, 3, 81030, 81112
20, 14650, 3, 81030, 81538
20, 14660, 3, 81030, 81030
20, 14670, 3, 81030, 81030
20, 14680, 3, 81030, 81030
20, 14690, 3, 81012, 81012
20, 14700, 3, 81012, 81012
20, 14710, 3, 80896, 81012
20, 14720, 3, 80896, 80896
20, 14730, 3, 80859, 80896
20, 14740, 3, 80859, 80859
20, 14750, 3, 80780, 80780
20, 14760, 3, 80780, 80780
20, 14770, 3, 80780, 80780
20, 14780, 3, 80704, 80704
20, 14790, 3, 80704, 80704
20, 14800, 3, 80704, 80704
20, 14810, 3, 80704, 80704
20, 14820, 3, 80704, 80704
20, 14830, 3, 80704, 80704
20, 14840, 3, 80704, 80704
20, 14850, 3, 80704, 80704
20, 14860, 3, 80704, 81908
20, 14870, 3, 80704, 82768
20, 14880, 3, 80704, 81453
20, 14890, 3, 80704, 80704
20, 14900, 3, 80704, 80704
20, 14910, 3, 80646, 80646
20, 14920, 3, 80628, 80646
20, 14930, 3, 80562, 80562
20, 14940, 3, 80562, 80562
20, 14950, 3, 80562, 80562
20, 14960, 3, 80562, 80562
20, 14970, 3, 80562, 80562
20, 14980, 3, 80562, 80562
20, 14990, 3, 80562, 80562
20, 15000, 3, 80562, 80562
20, 15010, 3, 80562, 80562
20, 15020, 3, 80562, 80562
20, 15030, 3, 80562, 80562
20, 15040, 3, 80562, 80562
20, 15050, 3, 80562, 82762
20, 15060, 3, 80562, 80562
20, 15070, 3, 80562, 80562
20, 15080, 3, 80562, 80562
20, 15090, 3, 80562, 80562
20, 15100, 3, 80562, 80562
20, 15110, 3, 80562, 80562
20, 15120, 3, 80562, 80562
20, 15130, 3, 80562, 80562
20, 15140, 3, 80562, 80562
20, 15150, 3, 80562, 80562
20, 15160, 3, 80562, 82313
20, 15170, 3, 80562, 82101
20, 15180, 3, 80562, 80562
20, 15190, 3, 80562, 80562
20, 15200, 3, 80520, 80562
20, 15210, 3, 80520, 80520
20, 15220, 3, 80520, 80520
20, 15230, 3, 80461, 80461
20, 15240, 3, 80439, 80439
20, 15250, 3, 80439, 80439
20, 15260, 3, 80297, 80439
20, 15270, 3, 80297, 80297
20, 15280, 3, 80274, 80274
20, 15290, 3, 80274, 80274
20, 15300, 3, 80274, 80274
20, 15310, 3, 80274, 80742
20, 15320, 3, 80274, 80274
20, 15330, 3, 80274, 80274
20, 15340, 3, 80274, 80274
20, 15350, 3, 80274, 80274
20, 15360, 3, 80274, 80274
20, 15370, 3, 80274, 82152
20, 15380, 3, 80074, 81262
20, 15390, 3, 80074, 80074
20, 15400, 3, 80074, 80074
20, 15410, 3, 80074, 80074
20, 15420, 3, 80074, 80074
20, 15430, 3, 80074, 80074
20, 15440, 3, 80074, 80074
20, 15450, 3, 80049, 80049
20, 15460, 3, 80049, 80049
20, 15470, 3, 80049, 80049
20, 15480, 3, 80049, 80049
20, 15490, 3, 80049, 82316
20, 15500, 3, 80049, 80049
20, 15510, 3, 79994, 80110
20, 15520, 3, 79994, 79994
20, 15530, 3, 79994, 79994
20, 15540, 3, 79994, 79994
20, 15550, 3, 79994, 79994
20, 15560, 3, 79994, 79994
20, 15570, 3, 79870, 79870
20, 15580, 3, 79870, 79870
20, 15590, 3, 79870, 79870
20, 15600, 3, 79870, 79870
20, 15610, 3, 79867, 79867
20, 15620, 3, 79867, 79867
20, 15630, 3, 79867, 81644
20, 15640, 3, 79867, 79867
20, 15650, 3, 79867, 79867
20, 15660, 3, 79784, 79784
20, 15670, 3, 79784, 79784
20, 15680, 3, 79784, 79784
20, 15690, 3, 79784, 79784
20, 15700, 3, 79784, 79784
20, 15710, 3, 79784, 79784
20, 15720, 3, 79784, 79784
20, 15730, 3, 79784, 80341
20, 15740, 3, 79784, 79784
20, 15750, 3, 79784, 80373
20, 15760, 3, 79672, 79672
20, 15770, 3, 79672, 79672
20, 15780, 3, 79536, 79672
20, 15790, 3, 79489, 79489
20, 15800, 3, 79489, 79489
20, 15810, 3, 79489, 79489
20, 15820, 3, 79489, 79489
20, 15830, 3, 79443, 79443
20, 15840, 3, 79443, 79443
20, 15850, 3, 79443, 79443
20, 15860, 3, 79443, 79443
20, 15870, 3, 79443, 80774
20, 15880, 3, 79443, 79443
20, 15890, 3, 79443, 79443
20, 15900, 3, 79443, 79443
20, 15910, 3, 79443, 79443
20, 15920, 3, 79443, 79443
20, 15930, 3, 79443, 79443
20, 15940, 3, 79443, 79443
20, 15950, 3, 79443, 83428
20, 15960, 3, 79443, 79443
20, 15970, 3, 79443, 81467
20, 15980, 3, 79443, 79443
20, 15990, 3, 79443, 79443
20, 16000, 3, 79443, 79443
20, 16010, 3, 79443, 79443
20, 16020, 3, 79443, 79443
20, 16030, 3, 79443, 79443
20, 16040, 3, 79443, 79443
20, 16050, 3, 79375, 79375
20, 16060, 3, 79375, 79375
20, 16070, 3, 79375, 80997
20, 16080, 3, 79375, 79375
20, 16090, 3, 79375, 79375
20, 16100, 3, 79375, 79375
20, 16110, 3, 79366, 79375
20, 16120, 3, 79366, 79366
20, 16130, 3, 79366, 79366
20, 16140, 3, 79366, 79366
20, 16150, 3, 79366, 79366
20, 16160, 3, 79366, 79366
20, 16170, 3, 79366, 79366
20, 16180, 3, 79366, 79366
20, 16190, 3, 79366, 79366
20, 16200, 3, 79366, 79366
20, 16210, 3, 79366, 79366
20, 16220, 3, 79366, 81470
20, 16230, 3, 79366, 79366
20, 16240, 3, 79366, 79366
20, 16250, 3, 79366, 79366
20, 16260, 3, 79366, 79366
20, 16270, 3, 79366, 79366
20, 16280, 3, 79366, 79366
20, 16290, 3, 79366, 79366
20, 16300, 3, 79366, 79366
20, 16310, 3, 79366, 79366
20, 16320, 3, 79366, 79366
20, 16330, 3, 79366, 79366
20, 16340, 3, 79366, 79366
20, 16350, 3, 79366, 79366
20, 16360, 3, 79366, 79366
20, 16370, 3, 79366, 79366
20, 16380, 3, 79366, 79366
20, 16390, 3, 79366, 79366
20, 16400, 3, 79366, 79366
20, 16410, 3, 79366, 79366
20, 16420, 3, 79366, 79366
20, 16430, 3, 79366, 79366
20, 16440, 3, 79366, 79366
20, 16450, 3, 79366, 79366
20, 16460, 3, 79366, 79366
20, 16470, 3, 79366, 79366
20, 16480, 3, 79366, 79366
20, 16490, 3, 79366, 79366
20, 16500, 3, 79366, 79366
20, 16510, 3, 79133, 79366
20, 16520, 3, 79133, 79133
20, 16530, 3, 79133, 79381
20, 16540, 3, 79133, 81515
20, 16550, 3, 79133, 79133
20, 16560, 3, 79121, 79133
20, 16570, 3, 79121, 79121
20, 16580, 3, 79121, 79121
20, 16590, 3, 79121, 79121
20, 16600, 3, 79121, 79121
20, 16610, 3, 79077, 79121
20, 16620, 3, 79077, 79077
20, 16630, 3, 79008, 79077
20, 16640, 3, 79008, 79008
20, 16650, 3, 79008, 79008
20, 16660, 3, 79008, 79008
20, 16670, 3, 79008, 79008
20, 16680, 3, 79008, 79008
20, 16690, 3, 79008, 79008
20, 16700, 3, 79008, 79008
20, 16710, 3, 79008, 79008
20, 16720, 3, 79008, 79008
20, 16730, 3, 79008, 79008
20, 16740, 3, 78950, 79008
20, 16750, 3, 78950, 78950
20, 16760, 3, 78950, 78950
20, 16770, 3, 78950, 78950
20, 16780, 3, 78950, 78950
20, 16790, 3, 78950, 78950
20, 16800, 3, 78950, 78950
20, 16810, 3, 78950, 78950
20, 16820, 3, 78950, 78950
20, 16830, 3, 78950, 78950
20, 16840, 3, 78950, 78950
20, 16850, 3, 78950, 78950
20, 16860, 3, 78950, 78950
20, 16870, 3, 78950, 78950
20, 16880, 3, 78950, 78950
20, 16890, 3, 78950, 78950
20, 16900, 3, 78950, 78950
20, 16910, 3, 78950, 78950
20, 16920, 3, 78950, 78950
20, 16930, 3, 78950, 78950
20, 16940, 3, 78950, 78950
20, 16950, 3, 78950, 78950
20, 16960, 3, 78950, 78950
20, 16970, 3, 78950, 78950
20, 16980, 3, 78950, 78950
20, 16990, 3, 78950, 78950
20, 17000, 3, 78950, 78950
20, 17010, 3, 78908, 78908
20, 17020, 3, 78908, 78908
20, 17030, 3, 78908, 78908
20, 17040, 3, 78908, 78908
20, 17050, 3, 78908, 78908
20, 17060, 3, 78908, 78908
20, 17070, 3, 78908, 78908
20, 17080, 3, 78908, 78908
20, 17090, 3, 78665, 78665
20, 17100, 3, 78665, 78665
20, 17110, 3, 78665, 78665
20, 17120, 3, 78665, 78665
20, 17130, 3, 78665, 79348
20, 17140, 3, 78665, 78665
20, 17150, 3, 78665, 78665
20, 17160, 3, 78665, 78665
20, 17170, 3, 78665, 78665
20, 17180, 3, 78665, 78665
20, 17190, 3, 78665, 78665
20, 17200, 3, 78665, 78665
20, 17210, 3, 78665, 78665
20, 17220, 3, 78665, 78665
20, 17230, 3, 78665, 78665
20, 17240, 3, 78665, 78665
20, 17250, 3, 78665, 78665
20, 17260, 3, 78665, 78665
20, 17270, 3, 78640, 78640
20, 17280, 3, 78640, 81229
20, 17290, 3, 78640, 78640
20, 17300, 3, 78640, 78640
20, 17310, 3, 78640, 78640
20, 17320, 3, 78640, 78640
20, 17330, 3, 78640, 78640
20, 17340, 3, 78640, 78640
20, 17350, 3, 78640, 78640
20, 17360, 3, 78640, 78640
20, 17370, 3, 78640, 78640
20, 17380, 3, 78640, 78640
20, 17390, 3, 78640, 78640
20, 17400, 3, 78631, 78631
20, 17410, 3, 78631, 78631
20, 17420, 3, 78631, 78631
20, 17430, 3, 78631, 78631
20, 17440, 3, 78631, 78631
20, 17450, 3, 78631, 78631
20, 17460, 3, 78631, 78631
20, 17470, 3, 78631, 78631
20, 17480, 3, 78631, 78631
20, 17490, 3, 78631, 78631
20, 17500, 3, 78631, 78631
20, 17510, 3, 78631, 78631
20, 17520, 3, 78631, 78631
20, 17530, 3, 78631, 78631
20, 17540, 3, 78619, 78619
20, 17550, 3, 78619, 78619
20, 17560, 3, 78619, 78619
20, 17570, 3, 78619, 78619
20, 17580, 3, 78619, 78619
20, 17590, 3, 78559, 78619
20, 17600, 3, 78559, 78559
20, 17610, 3, 78559, 78559
20, 17620, 3, 78559, 78559
20, 17630, 3, 78490, 78490
20, 17640, 3, 78490, 78490
20, 17650, 3, 78490, 78490
20, 17660, 3, 78490, 78490
20, 17670, 3, 78454, 78490
20, 17680, 3, 78454, 79822
20, 17690, 3, 78454, 78454
20, 17700, 3, 78454, 78454
20, 17710, 3, 78454, 78454
20, 17720, 3, 78454, 78454
20, 17730, 3, 78454, 79886
20, 17740, 3, 78454, 78454
20, 17750, 3, 78454, 78454
20, 17760, 3, 78454, 78454
20, 17770, 3, 78454, 78454
20, 17780, 3, 78454, 78454
20, 17790, 3, 78454, 80656
20, 17800, 3, 78454, 78454
20, 17810, 3, 78454, 78454
20, 17820, 3, 78454, 78454
20, 17830, 3, 78454, 78454
20, 17840, 3, 78454, 78454
20, 17850, 3, 78454, 78454
20, 17860, 3, 78454, 78818
20, 17870, 3, 78454, 78454
20, 17880, 3, 78454, 79637
20, 17890, 3, 78377, 78377
20, 17900, 3, 78377, 78377
20, 17910, 3, 78274, 78377
20, 17920, 3, 78274, 78274
20, 17930, 3, 78274, 78274
20, 17940, 3, 78274, 78274
20, 17950, 3, 78274, 78274
20, 17960, 3, 78274, 78274
20, 17970, 3, 78274, 78274
20, 17980, 3, 78274, 78274
20, 17990, 3, 78227, 78274
20, 18000, 3, 78227, 78227
20, 18010, 3, 78227, 78227
20, 18020, 3, 78227, 78227
20, 18030, 3, 78227, 78227
20, 18040, 3, 78227, 78227
20, 18050, 3, 78227, 78227
20, 18060, 3, 78227, 78227
20, 18070, 3, 78227, 78227
20, 18080, 3, 78227, 78227
20, 18090, 3, 78227, 78227
20, 18100, 3, 78227, 78227
20, 18110, 3, 78227, 78227
20, 18120, 3, 78227, 78227
20, 18130, 3, 78227, 78227
20, 18140, 3, 78204, 78204
20, 18150, 3, 78204, 78204
20, 18160, 3, 78204, 79053
20, 18170, 3, 78178, 78204
20, 18180, 3, 78178, 78178
20, 18190, 3, 78178, 78178
20, 18200, 3, 77987, 78078
20, 18210, 3, 77866, 77987
20, 18220, 3, 77866, 77866
20, 18230, 3, 77866, 77866
20, 18240, 3, 77866, 77866
20, 18250, 3, 77866, 77866
20, 18260, 3, 77866, 77866
20, 18270, 3, 77866, 77866
20, 18280, 3, 77866, 77866
20, 18290, 3, 77866, 77866
20, 18300, 3, 77866, 77866
20, 18310, 3, 77866, 77866
20, 18320, 3, 77866, 77866
20, 18330, 3, 77866, 77866
20, 18340, 3, 77866, 77866
20, 18350, 3, 77866, 77866
20, 18360, 3, 77866, 77866
20, 18370, 3, 77866, 77866
20, 18380, 3, 77866, 77866
20, 18390, 3, 77866, 77866
20, 18400, 3, 77866, 77866
20, 18410, 3, 77866, 77866
20, 18420, 3, 77866, 77866
20, 18430, 3, 77866, 77866
20, 18440, 3, 77866, 77866
20, 18450, 3, 77866, 77866
20, 18460, 3, 77866, 77866
20, 18470, 3, 77866, 77866
20, 18480, 3, 77866, 77866
20, 18490, 3, 77866, 77866
20, 18500, 3, 77866, 77866
20, 18510, 3, 77866, 77866
20, 18520, 3, 77866, 77866
20, 18530, 3, 77866, 77866
20, 18540, 3, 77866, 77866
20, 18550, 3, 77866, 77866
20, 18560, 3, 77798, 77866
20, 18570, 3, 77798, 78055
20, 18580, 3, 77798, 77798
20, 18590, 3, 77798, 77798
20, 18600, 3, 77798, 77798
20, 18610, 3, 77798, 77798
20, 18620, 3, 77798, 77798
20, 18630, 3, 77798, 77798
20, 18640, 3, 77798, 77798
20, 18650, 3, 77798, 77798
20, 18660, 3, 77798, 77798
20, 18670, 3, 77798, 77948
20, 18680, 3, 77798, 77798
20, 18690, 3, 77798, 77798
20, 18700, 3, 77798, 77798
20, 18710, 3, 77798, 77798
20, 18720, 3, 77798, 77798
20, 18730, 3, 77798, 77798
20, 18740, 3, 77798, 77798
20, 18750, 3, 77798, 77798
20, 18760, 3, 77798, 77798
20, 18770, 3, 77798, 77798
20, 18780, 3, 77798, 77798
20, 18790, 3, 77798, 77798
20, 18800, 3, 77798, 77798
20, 18810, 3, 77798, 77798
20, 18820, 3, 77798, 77798
20, 18830, 3, 77798, 77798
20, 18840, 3, 77798, 77798
20, 18850, 3, 77798, 77798
20, 18860, 3, 77798, 77798
20, 18870, 3, 77798, 77798
20, 18880, 3, 77798, 77798
20, 18890, 3, 77798, 77798
20, 18900, 3, 77735, 77735
20, 18910, 3, 77735, 77735
20, 18920, 3, 77735, 77735
20, 18930, 3, 77599, 77735
20, 18940, 3, 77599, 77599
20, 18950, 3, 77599, 77599
20, 18960, 3, 77599, 77599
20, 18970, 3, 77515, 77599
20, 18980, 3, 77515, 77515
20, 18990, 3, 77515, 77701
20, 19000, 3, 77515, 77515
20, 19010, 3, 77515, 77515
20, 19020, 3, 77515, 77515
20, 19030, 3, 77515, 77515
20, 19040, 3, 77515, 77515
20, 19050, 3, 77515, 77515
20, 19060, 3, 77515, 77515
20, 19070, 3, 77515, 77515
20, 19080, 3, 77515, 77515
20, 19090, 3, 77515, 77515
20, 19100, 3, 77515, 77515
20, 19110, 3, 77515, 77515
20, 19120, 3, 77515, 77515
20, 19130, 3, 77515, 77515
20, 19140, 3, 77515, 77515
20, 19150, 3, 77515, 77515
20, 19160, 3, 77515, 77515
20, 19170, 3, 77515, 77515
20, 19180, 3, 77299, 77299
20, 19190, 3, 77299, 77299
20, 19200, 3, 77299, 77299
20, 19210, 3, 77299, 77299
20, 19220, 3, 77299, 77299
20, 19230, 3, 77299, 77299
20, 19240, 3, 77299, 77299
20, 19250, 3, 77299, 77299
20, 19260, 3, 77299, 77299
20, 19270, 3, 77299, 77299
20, 19280, 3, 77299, 77299
20, 19290, 3, 77299, 77299
20, 19300, 3, 77299, 77299
20, 19310, 3, 77299, 77299
20, 19320, 3, 77299, 77299
20, 19330, 3, 77299, 77299
20, 19340, 3, 77298, 77298
20, 19350, 3, 77298, 77298
20, 19360, 3, 77298, 77298
20, 19370, 3, 77298, 77298
20, 19380, 3, 77298, 77298
20, 19390, 3, 77298, 77298
20, 19400, 3, 77298, 77298
20, 19410, 3, 77298, 77298
20, 19420, 3, 77298, 77298
20, 19430, 3, 77298, 77298
20, 19440, 3, 77298, 77298
20, 19450, 3, 77298, 77298
20, 19460, 3, 77298, 77298
20, 19470, 3, 77298, 77298
20, 19480, 3, 77298, 77298
20, 19490, 3, 77298, 77298
20, 19500, 3, 77298, 77298
20, 19510, 3, 77298, 77298
20, 19520, 3, 77298, 77298
20, 19530, 3, 77298, 77298
20, 19540, 3, 77298, 77298
20, 19550, 3, 77298, 77298
20, 19560, 3, 77298, 77298
20, 19570, 3, 77298, 77298
20, 19580, 3, 77298, 77298
20, 19590, 3, 77298, 77298
20, 19600, 3, 77298, 77298
20, 19610, 3, 77298, 77298
20, 19620, 3, 77298, 77298
20, 19630, 3, 77298, 77298
20, 19640, 3, 77298, 77298
20, 19650, 3, 77298, 77298
20, 19660, 3, 77240, 77240
20, 19670, 3, 77057, 77240
20, 19680, 3, 77057, 77057
20, 19690, 3, 77057, 77057
20, 19700, 3, 77057, 77057
20, 19710, 3, 77057, 77057
20, 19720, 3, 77057, 77057
20, 19730, 3, 77057, 77057
20, 19740, 3, 77057, 77057
20, 19750, 3, 77057, 77057
20, 19760, 3, 76923, 77057
20, 19770, 3, 76923, 76923
20, 19780, 3, 76923, 76923
20, 19790, 3, 76923, 76923
20, 19800, 3, 76923, 76923
20, 19810, 3, 76923, 76923
20, 19820, 3, 76923, 76923
20, 19830, 3, 76923, 76923
20, 19840, 3, 76923, 76923
20, 19850, 3, 76923, 76923
20, 19860, 3, 76923, 76923
20, 19870, 3, 76923, 76923
20, 19880, 3, 76923, 76923
20, 19890, 3, 76923, 76923
20, 19900, 3, 76923, 76923
20, 19910, 3, 76879, 76923
20, 19920, 3, 76879, 76879
20, 19930, 3, 76879, 76879
20, 19940, 3, 76879, 76879
20, 19950, 3, 76879, 76879
20, 19960, 3, 76768, 76879
20, 19970, 3, 76768, 76768
20, 19980, 3, 76768, 76768
20, 19990, 3, 76768, 76768
