Population Size, Generation Count, Repetition, Best Fitness, Median Fitness
50, 0, 17, 742631, 773416
50, 10, 17, 714898, 720645
50, 20, 17, 689708, 699463
50, 30, 17, 669991, 677581
50, 40, 17, 652949, 659752
50, 50, 17, 638983, 642728
50, 60, 17, 624804, 632754
50, 70, 17, 608028, 615061
50, 80, 17, 596942, 603719
50, 90, 17, 584360, 590777
50, 100, 17, 573200, 577689
50, 110, 17, 564532, 569016
50, 120, 17, 551802, 556586
50, 130, 17, 541411, 545997
50, 140, 17, 528411, 533736
50, 150, 17, 518917, 522538
50, 160, 17, 511994, 515564
50, 170, 17, 503253, 508480
50, 180, 17, 496490, 501743
50, 190, 17, 489289, 494609
50, 200, 17, 483166, 486383
50, 210, 17, 477130, 480507
50, 220, 17, 468816, 473782
50, 230, 17, 464611, 467726
50, 240, 17, 458100, 462583
50, 250, 17, 452792, 458325
50, 260, 17, 444873, 449321
50, 270, 17, 440187, 445484
50, 280, 17, 435381, 439683
50, 290, 17, 431547, 435463
50, 300, 17, 427245, 429412
50, 310, 17, 421195, 424756
50, 320, 17, 416263, 419719
50, 330, 17, 413831, 416435
50, 340, 17, 409559, 412157
50, 350, 17, 406071, 407869
50, 360, 17, 400649, 405485
50, 370, 17, 399388, 402617
50, 380, 17, 396036, 399536
50, 390, 17, 389454, 395705
50, 400, 17, 383687, 389146
50, 410, 17, 378134, 383149
50, 420, 17, 374519, 377728
50, 430, 17, 371361, 374353
50, 440, 17, 368141, 372857
50, 450, 17, 365698, 369519
50, 460, 17, 362402, 365191
50, 470, 17, 360656, 365033
50, 480, 17, 358056, 361357
50, 490, 17, 355788, 358814
50, 500, 17, 352346, 355184
50, 510, 17, 347698, 350423
50, 520, 17, 345058, 347381
50, 530, 17, 341834, 345686
50, 540, 17, 338247, 343165
50, 550, 17, 336418, 338684
50, 560, 17, 331081, 336031
50, 570, 17, 328375, 331772
50, 580, 17, 323609, 328537
50, 590, 17, 321707, 324566
50, 600, 17, 320003, 322760
50, 610, 17, 318166, 320073
50, 620, 17, 316132, 319665
50, 630, 17, 313436, 316474
50, 640, 17, 309808, 312790
50, 650, 17, 306461, 310225
50, 660, 17, 304783, 308022
50, 670, 17, 303965, 306772
50, 680, 17, 302246, 304729
50, 690, 17, 300567, 304220
50, 700, 17, 298514, 302082
50, 710, 17, 295868, 300151
50, 720, 17, 293803, 297375
50, 730, 17, 293084, 297491
50, 740, 17, 291915, 294252
50, 750, 17, 289474, 291382
50, 760, 17, 286605, 289211
50, 770, 17, 284024, 287884
50, 780, 17, 282823, 286085
50, 790, 17, 280954, 284667
50, 800, 17, 278890, 281374
50, 810, 17, 278082, 281903
50, 820, 17, 276032, 278277
50, 830, 17, 273978, 276078
50, 840, 17, 271384, 274674
50, 850, 17, 270972, 271733
50, 860, 17, 269746, 272473
50, 870, 17, 268487, 269593
50, 880, 17, 265983, 269713
50, 890, 17, 265122, 267534
50, 900, 17, 264430, 267542
50, 910, 17, 262270, 264372
50, 920, 17, 261529, 263850
50, 930, 17, 260006, 262675
50, 940, 17, 257908, 261508
50, 950, 17, 256308, 258572
50, 960, 17, 255489, 257235
50, 970, 17, 253020, 256139
50, 980, 17, 252310, 256825
50, 990, 17, 251849, 253599
50, 1000, 17, 250484, 252872
50, 1010, 17, 248285, 251465
50, 1020, 17, 247597, 249751
50, 1030, 17, 245644, 248580
50, 1040, 17, 244188, 246718
50, 1050, 17, 242981, 244861
50, 1060, 17, 241173, 245012
50, 1070, 17, 240275, 242471
50, 1080, 17, 239919, 241110
50, 1090, 17, 239487, 242529
50, 1100, 17, 238203, 239477
50, 1110, 17, 235581, 237802
50, 1120, 17, 234227, 237070
50, 1130, 17, 233534, 235879
50, 1140, 17, 231785, 233683
50, 1150, 17, 230931, 234985
50, 1160, 17, 230300, 232617
50, 1170, 17, 229509, 231503
50, 1180, 17, 228745, 229738
50, 1190, 17, 228041, 231014
50, 1200, 17, 227110, 229662
50, 1210, 17, 226053, 231276
50, 1220, 17, 225238, 227381
50, 1230, 17, 224049, 226472
50, 1240, 17, 223593, 225557
50, 1250, 17, 221380, 224439
50, 1260, 17, 220503, 223337
50, 1270, 17, 219173, 221023
50, 1280, 17, 218429, 219173
50, 1290, 17, 217183, 219480
50, 1300, 17, 216368, 219084
50, 1310, 17, 215106, 216868
50, 1320, 17, 214170, 217479
50, 1330, 17, 213641, 215483
50, 1340, 17, 212495, 216703
50, 1350, 17, 211729, 214524
50, 1360, 17, 210937, 213391
50, 1370, 17, 209262, 212003
50, 1380, 17, 208494, 212022
50, 1390, 17, 207253, 210840
50, 1400, 17, 206842, 208905
50, 1410, 17, 205754, 208971
50, 1420, 17, 205018, 207296
50, 1430, 17, 204901, 207931
50, 1440, 17, 202903, 205018
50, 1450, 17, 202407, 206208
50, 1460, 17, 200647, 204905
50, 1470, 17, 199979, 201520
50, 1480, 17, 198885, 202635
50, 1490, 17, 198006, 199875
50, 1500, 17, 197015, 198372
50, 1510, 17, 195990, 200938
50, 1520, 17, 194869, 199104
50, 1530, 17, 194462, 196983
50, 1540, 17, 193917, 196877
50, 1550, 17, 193394, 197981
50, 1560, 17, 192685, 197258
50, 1570, 17, 191667, 194148
50, 1580, 17, 191344, 193936
50, 1590, 17, 189770, 191673
50, 1600, 17, 189668, 194062
50, 1610, 17, 189051, 190715
50, 1620, 17, 187715, 189821
50, 1630, 17, 187683, 189817
50, 1640, 17, 187031, 188838
50, 1650, 17, 186786, 189397
50, 1660, 17, 186697, 189860
50, 1670, 17, 186113, 189880
50, 1680, 17, 184854, 187420
50, 1690, 17, 184628, 187715
50, 1700, 17, 184046, 187349
50, 1710, 17, 182877, 184675
50, 1720, 17, 182045, 185084
50, 1730, 17, 180787, 182160
50, 1740, 17, 180092, 181737
50, 1750, 17, 179525, 182554
50, 1760, 17, 179249, 180639
50, 1770, 17, 178605, 180653
50, 1780, 17, 178491, 181000
50, 1790, 17, 177510, 181240
50, 1800, 17, 177348, 180365
50, 1810, 17, 176727, 181244
50, 1820, 17, 175836, 178515
50, 1830, 17, 175307, 177573
50, 1840, 17, 174471, 176854
50, 1850, 17, 173705, 174942
50, 1860, 17, 173478, 176309
50, 1870, 17, 172648, 173779
50, 1880, 17, 172228, 176751
50, 1890, 17, 171846, 173887
50, 1900, 17, 171517, 173757
50, 1910, 17, 169969, 172448
50, 1920, 17, 169840, 171554
50, 1930, 17, 168653, 172560
50, 1940, 17, 168165, 170031
50, 1950, 17, 168067, 170844
50, 1960, 17, 167971, 172190
50, 1970, 17, 167597, 169945
50, 1980, 17, 167427, 169401
50, 1990, 17, 166728, 170016
50, 2000, 17, 165601, 168279
50, 2010, 17, 165072, 168140
50, 2020, 17, 165072, 166928
50, 2030, 17, 164789, 167619
50, 2040, 17, 163958, 166969
50, 2050, 17, 163653, 166463
50, 2060, 17, 163432, 164796
50, 2070, 17, 163087, 163769
50, 2080, 17, 162814, 166373
50, 2090, 17, 162696, 165833
50, 2100, 17, 161967, 162931
50, 2110, 17, 161724, 163240
50, 2120, 17, 160222, 163974
50, 2130, 17, 159236, 161298
50, 2140, 17, 158803, 161912
50, 2150, 17, 157854, 160735
50, 2160, 17, 157854, 160916
50, 2170, 17, 157442, 159167
50, 2180, 17, 156986, 159954
50, 2190, 17, 156678, 157950
50, 2200, 17, 156231, 158678
50, 2210, 17, 155746, 159881
50, 2220, 17, 155326, 158345
50, 2230, 17, 155133, 157173
50, 2240, 17, 154815, 157019
50, 2250, 17, 154015, 156547
50, 2260, 17, 153542, 155681
50, 2270, 17, 153070, 155916
50, 2280, 17, 152017, 156075
50, 2290, 17, 151454, 154570
50, 2300, 17, 150871, 153784
50, 2310, 17, 150450, 153255
50, 2320, 17, 150122, 152116
50, 2330, 17, 149906, 151154
50, 2340, 17, 149425, 151322
50, 2350, 17, 149262, 152284
50, 2360, 17, 148962, 152267
50, 2370, 17, 148212, 150107
50, 2380, 17, 147912, 151395
50, 2390, 17, 147241, 149241
50, 2400, 17, 146969, 148754
50, 2410, 17, 146868, 148141
50, 2420, 17, 146636, 149906
50, 2430, 17, 145744, 146811
50, 2440, 17, 145703, 146417
50, 2450, 17, 145446, 147565
50, 2460, 17, 145015, 146989
50, 2470, 17, 144710, 146166
50, 2480, 17, 144671, 148433
50, 2490, 17, 144157, 145840
50, 2500, 17, 144055, 146907
50, 2510, 17, 143650, 145301
50, 2520, 17, 143492, 145059
50, 2530, 17, 143029, 144948
50, 2540, 17, 142546, 144313
50, 2550, 17, 142285, 143002
50, 2560, 17, 141885, 143720
50, 2570, 17, 141691, 144487
50, 2580, 17, 141571, 143059
50, 2590, 17, 140922, 142971
50, 2600, 17, 140597, 143471
50, 2610, 17, 140522, 142465
50, 2620, 17, 140006, 142336
50, 2630, 17, 139546, 140999
50, 2640, 17, 138442, 142778
50, 2650, 17, 138442, 140341
50, 2660, 17, 138429, 141101
50, 2670, 17, 138186, 139270
50, 2680, 17, 138090, 141371
50, 2690, 17, 137986, 141503
50, 2700, 17, 137774, 140358
50, 2710, 17, 137628, 140623
50, 2720, 17, 137278, 140399
50, 2730, 17, 136847, 139873
50, 2740, 17, 136406, 139281
50, 2750, 17, 136406, 140335
50, 2760, 17, 136029, 136776
50, 2770, 17, 135724, 137798
50, 2780, 17, 135492, 137505
50, 2790, 17, 135384, 138099
50, 2800, 17, 134814, 136785
50, 2810, 17, 134484, 137014
50, 2820, 17, 134484, 137290
50, 2830, 17, 134158, 136816
50, 2840, 17, 134158, 134415
50, 2850, 17, 133967, 137160
50, 2860, 17, 133448, 135260
50, 2870, 17, 132638, 134305
50, 2880, 17, 132576, 134183
50, 2890, 17, 132576, 133181
50, 2900, 17, 132576, 133992
50, 2910, 17, 132164, 135553
50, 2920, 17, 131950, 136011
50, 2930, 17, 131853, 135088
50, 2940, 17, 131853, 133680
50, 2950, 17, 131612, 133599
50, 2960, 17, 131465, 132410
50, 2970, 17, 131048, 132635
50, 2980, 17, 130994, 133012
50, 2990, 17, 130829, 134231
50, 3000, 17, 130651, 133497
50, 3010, 17, 130585, 131280
50, 3020, 17, 130355, 134243
50, 3030, 17, 129327, 133434
50, 3040, 17, 129327, 131508
50, 3050, 17, 129220, 131757
50, 3060, 17, 129108, 129220
50, 3070, 17, 128858, 131767
50, 3080, 17, 128858, 132003
50, 3090, 17, 128597, 130980
50, 3100, 17, 128597, 132663
50, 3110, 17, 128453, 130603
50, 3120, 17, 128169, 130230
50, 3130, 17, 127726, 129922
50, 3140, 17, 127638, 128512
50, 3150, 17, 127333, 128792
50, 3160, 17, 127095, 130499
50, 3170, 17, 126795, 128359
50, 3180, 17, 126639, 128747
50, 3190, 17, 126361, 129007
50, 3200, 17, 125886, 129676
50, 3210, 17, 125886, 128228
50, 3220, 17, 125853, 128081
50, 3230, 17, 125853, 129691
50, 3240, 17, 125737, 129304
50, 3250, 17, 124794, 127611
50, 3260, 17, 124794, 126766
50, 3270, 17, 124623, 126656
50, 3280, 17, 124387, 126451
50, 3290, 17, 123884, 126076
50, 3300, 17, 123626, 125423
50, 3310, 17, 123528, 125798
50, 3320, 17, 123352, 124512
50, 3330, 17, 123184, 125888
50, 3340, 17, 123122, 124667
50, 3350, 17, 122398, 124755
50, 3360, 17, 121736, 122927
50, 3370, 17, 121623, 124887
50, 3380, 17, 121559, 122570
50, 3390, 17, 121559, 125016
50, 3400, 17, 121291, 123016
50, 3410, 17, 121123, 123216
50, 3420, 17, 121065, 124531
50, 3430, 17, 120841, 122752
50, 3440, 17, 120697, 122026
50, 3450, 17, 120569, 120697
50, 3460, 17, 120444, 121253
50, 3470, 17, 120379, 123705
50, 3480, 17, 120378, 122360
50, 3490, 17, 120003, 123058
50, 3500, 17, 120003, 122887
50, 3510, 17, 119970, 121357
50, 3520, 17, 119787, 122795
50, 3530, 17, 119417, 122121
50, 3540, 17, 119337, 119337
50, 3550, 17, 119065, 122247
50, 3560, 17, 119046, 121855
50, 3570, 17, 118921, 120506
50, 3580, 17, 118910, 119964
50, 3590, 17, 118740, 119127
50, 3600, 17, 118740, 118907
50, 3610, 17, 118588, 121171
50, 3620, 17, 118507, 119994
50, 3630, 17, 117449, 120644
50, 3640, 17, 117160, 120232
50, 3650, 17, 116982, 118315
50, 3660, 17, 116735, 120209
50, 3670, 17, 116735, 118666
50, 3680, 17, 116453, 119203
50, 3690, 17, 116022, 119574
50, 3700, 17, 115643, 117943
50, 3710, 17, 115446, 119076
50, 3720, 17, 115421, 116713
50, 3730, 17, 115074, 115937
50, 3740, 17, 114726, 115089
50, 3750, 17, 114726, 117729
50, 3760, 17, 114726, 118440
50, 3770, 17, 114133, 116103
50, 3780, 17, 113789, 114903
50, 3790, 17, 113763, 116104
50, 3800, 17, 113618, 115525
50, 3810, 17, 113483, 115487
50, 3820, 17, 113369, 116253
50, 3830, 17, 113236, 116538
50, 3840, 17, 113193, 113683
50, 3850, 17, 113030, 118911
50, 3860, 17, 113030, 114236
50, 3870, 17, 113030, 115383
50, 3880, 17, 113030, 115678
50, 3890, 17, 113030, 115511
50, 3900, 17, 112981, 114928
50, 3910, 17, 112610, 115754
50, 3920, 17, 112562, 113351
50, 3930, 17, 112216, 113182
50, 3940, 17, 112053, 113672
50, 3950, 17, 111910, 113638
50, 3960, 17, 111850, 114075
50, 3970, 17, 111850, 113251
50, 3980, 17, 111850, 113080
50, 3990, 17, 111470, 114144
50, 4000, 17, 111470, 114875
50, 4010, 17, 111317, 112324
50, 4020, 17, 111186, 113630
50, 4030, 17, 111177, 113382
50, 4040, 17, 110956, 113244
50, 4050, 17, 110956, 112988
50, 4060, 17, 110938, 112748
50, 4070, 17, 110938, 113097
50, 4080, 17, 110906, 110938
50, 4090, 17, 110672, 111901
50, 4100, 17, 110672, 112872
50, 4110, 17, 110601, 115047
50, 4120, 17, 110455, 112264
50, 4130, 17, 110394, 113291
50, 4140, 17, 109826, 112717
50, 4150, 17, 109826, 112086
50, 4160, 17, 109826, 111088
50, 4170, 17, 109640, 109826
50, 4180, 17, 109640, 110860
50, 4190, 17, 109633, 112167
50, 4200, 17, 109633, 111247
50, 4210, 17, 109629, 110021
50, 4220, 17, 109626, 112947
50, 4230, 17, 109626, 112460
50, 4240, 17, 109225, 111760
50, 4250, 17, 109186, 109225
50, 4260, 17, 108847, 109987
50, 4270, 17, 108782, 110865
50, 4280, 17, 108724, 111527
50, 4290, 17, 108708, 112115
50, 4300, 17, 108611, 110427
50, 4310, 17, 108328, 110984
50, 4320, 17, 108100, 109015
50, 4330, 17, 108100, 109094
50, 4340, 17, 107014, 110147
50, 4350, 17, 107014, 109389
50, 4360, 17, 106724, 107580
50, 4370, 17, 106659, 108267
50, 4380, 17, 106507, 107813
50, 4390, 17, 106346, 107613
50, 4400, 17, 106221, 110113
50, 4410, 17, 105544, 106855
50, 4420, 17, 105473, 108101
50, 4430, 17, 105462, 105923
50, 4440, 17, 105425, 105592
50, 4450, 17, 105346, 109705
50, 4460, 17, 105346, 106912
50, 4470, 17, 105346, 107678
50, 4480, 17, 105258, 106531
50, 4490, 17, 104846, 108033
50, 4500, 17, 104691, 105986
50, 4510, 17, 104670, 106318
50, 4520, 17, 104472, 105167
50, 4530, 17, 104472, 105137
50, 4540, 17, 104274, 107268
50, 4550, 17, 104197, 107803
50, 4560, 17, 104197, 106450
50, 4570, 17, 104197, 105483
50, 4580, 17, 104085, 105519
50, 4590, 17, 104085, 105528
50, 4600, 17, 103398, 104914
50, 4610, 17, 103344, 106731
50, 4620, 17, 103294, 105976
50, 4630, 17, 103294, 106581
50, 4640, 17, 103154, 103734
50, 4650, 17, 103142, 103154
50, 4660, 17, 103068, 106023
50, 4670, 17, 102957, 104410
50, 4680, 17, 102957, 105206
50, 4690, 17, 102557, 102757
50, 4700, 17, 102557, 102557
50, 4710, 17, 102049, 104637
50, 4720, 17, 102033, 104026
50, 4730, 17, 101850, 104574
50, 4740, 17, 101833, 104244
50, 4750, 17, 101785, 102169
50, 4760, 17, 101738, 102741
50, 4770, 17, 101670, 103203
50, 4780, 17, 101544, 102701
50, 4790, 17, 101544, 103484
50, 4800, 17, 101326, 103282
50, 4810, 17, 101282, 105162
50, 4820, 17, 101199, 102897
50, 4830, 17, 101061, 104165
50, 4840, 17, 101061, 103999
50, 4850, 17, 101020, 102874
50, 4860, 17, 101020, 103101
50, 4870, 17, 101020, 101929
50, 4880, 17, 100850, 102609
50, 4890, 17, 100317, 100850
50, 4900, 17, 100008, 103013
50, 4910, 17, 100008, 102476
50, 4920, 17, 99938, 100008
50, 4930, 17, 99859, 101266
50, 4940, 17, 99859, 102319
50, 4950, 17, 99859, 100212
50, 4960, 17, 99798, 101378
50, 4970, 17, 99790, 102269
50, 4980, 17, 99649, 101215
50, 4990, 17, 99541, 99651
50, 5000, 17, 99494, 101970
50, 5010, 17, 99494, 100816
50, 5020, 17, 99494, 101125
50, 5030, 17, 99402, 100820
50, 5040, 17, 99347, 102498
50, 5050, 17, 99347, 99347
50, 5060, 17, 98995, 101553
50, 5070, 17, 98995, 100365
50, 5080, 17, 98946, 99568
50, 5090, 17, 98870, 99942
50, 5100, 17, 98870, 98870
50, 5110, 17, 98477, 99693
50, 5120, 17, 98477, 101010
50, 5130, 17, 98477, 101384
50, 5140, 17, 98401, 100659
50, 5150, 17, 98310, 98480
50, 5160, 17, 97503, 98310
50, 5170, 17, 97503, 101128
50, 5180, 17, 97244, 99420
50, 5190, 17, 97149, 97864
50, 5200, 17, 97133, 98572
50, 5210, 17, 97002, 98518
50, 5220, 17, 97002, 100345
50, 5230, 17, 97002, 98113
50, 5240, 17, 97002, 97014
50, 5250, 17, 97002, 99230
50, 5260, 17, 97002, 98960
50, 5270, 17, 96862, 99391
50, 5280, 17, 96608, 96862
50, 5290, 17, 96608, 98438
50, 5300, 17, 96514, 98913
50, 5310, 17, 96514, 99171
50, 5320, 17, 96514, 96725
50, 5330, 17, 96514, 98609
50, 5340, 17, 96086, 96086
50, 5350, 17, 95906, 99021
50, 5360, 17, 95906, 97944
50, 5370, 17, 95906, 99453
50, 5380, 17, 95900, 97770
50, 5390, 17, 95900, 95900
50, 5400, 17, 95364, 95567
50, 5410, 17, 95141, 96203
50, 5420, 17, 95141, 97349
50, 5430, 17, 95141, 95141
50, 5440, 17, 94985, 96927
50, 5450, 17, 94985, 95329
50, 5460, 17, 94972, 96620
50, 5470, 17, 94564, 97176
50, 5480, 17, 94469, 95604
50, 5490, 17, 94469, 96449
50, 5500, 17, 94398, 94469
50, 5510, 17, 94002, 94250
50, 5520, 17, 93937, 94085
50, 5530, 17, 93854, 93937
50, 5540, 17, 93589, 97168
50, 5550, 17, 93589, 96942
50, 5560, 17, 93589, 95694
50, 5570, 17, 93589, 94995
50, 5580, 17, 93589, 93589
50, 5590, 17, 93497, 93589
50, 5600, 17, 93490, 96859
50, 5610, 17, 93432, 94239
50, 5620, 17, 93224, 96124
50, 5630, 17, 93109, 95044
50, 5640, 17, 92972, 94102
50, 5650, 17, 92852, 92949
50, 5660, 17, 92852, 94662
50, 5670, 17, 92839, 94189
50, 5680, 17, 92783, 95824
50, 5690, 17, 92760, 95077
50, 5700, 17, 92659, 94115
50, 5710, 17, 92652, 92912
50, 5720, 17, 92652, 95148
50, 5730, 17, 92520, 94596
50, 5740, 17, 91771, 94049
50, 5750, 17, 91771, 91771
50, 5760, 17, 91587, 94397
50, 5770, 17, 91286, 93412
50, 5780, 17, 91286, 93330
50, 5790, 17, 91130, 92822
50, 5800, 17, 91113, 93759
50, 5810, 17, 91096, 93820
50, 5820, 17, 91096, 92926
50, 5830, 17, 91096, 91357
50, 5840, 17, 91096, 91096
50, 5850, 17, 91096, 91537
50, 5860, 17, 91096, 91096
50, 5870, 17, 90914, 93171
50, 5880, 17, 90182, 91773
50, 5890, 17, 90182, 90789
50, 5900, 17, 90182, 92415
50, 5910, 17, 89930, 91342
50, 5920, 17, 89915, 93294
50, 5930, 17, 89915, 90231
50, 5940, 17, 89915, 92230
50, 5950, 17, 89915, 91666
50, 5960, 17, 89915, 92010
50, 5970, 17, 89915, 89915
50, 5980, 17, 89785, 90549
50, 5990, 17, 89785, 90452
50, 6000, 17, 89785, 90301
50, 6010, 17, 89785, 90974
50, 6020, 17, 89706, 91542
50, 6030, 17, 89525, 91754
50, 6040, 17, 89462, 91192
50, 6050, 17, 89290, 91810
50, 6060, 17, 89173, 90430
50, 6070, 17, 89173, 90961
50, 6080, 17, 89173, 90318
50, 6090, 17, 89053, 89602
50, 6100, 17, 88725, 89974
50, 6110, 17, 88725, 88725
50, 6120, 17, 88725, 91242
50, 6130, 17, 88591, 90984
50, 6140, 17, 88591, 90391
50, 6150, 17, 88375, 88775
50, 6160, 17, 88318, 88375
50, 6170, 17, 88318, 90514
50, 6180, 17, 88162, 89269
50, 6190, 17, 87962, 89702
50, 6200, 17, 87962, 88162
50, 6210, 17, 87913, 88467
50, 6220, 17, 87913, 90120
50, 6230, 17, 87855, 89368
50, 6240, 17, 87855, 88817
50, 6250, 17, 87681, 87855
50, 6260, 17, 87561, 87681
50, 6270, 17, 87561, 89737
50, 6280, 17, 87413, 89939
50, 6290, 17, 87413, 88952
50, 6300, 17, 87413, 88561
50, 6310, 17, 87226, 87413
50, 6320, 17, 87226, 88794
50, 6330, 17, 87174, 87787
50, 6340, 17, 86674, 88280
50, 6350, 17, 86609, 88255
50, 6360, 17, 86609, 86782
50, 6370, 17, 86500, 86503
50, 6380, 17, 86500, 89433
50, 6390, 17, 86137, 89395
50, 6400, 17, 86137, 87889
50, 6410, 17, 86137, 88789
50, 6420, 17, 86053, 87579
50, 6430, 17, 85871, 88467
50, 6440, 17, 85871, 85871
50, 6450, 17, 85728, 87218
50, 6460, 17, 85728, 87725
50, 6470, 17, 85588, 85728
50, 6480, 17, 85588, 85848
50, 6490, 17, 85588, 87846
50, 6500, 17, 85588, 86936
50, 6510, 17, 85545, 85545
50, 6520, 17, 85545, 87649
50, 6530, 17, 85536, 86966
50, 6540, 17, 85536, 87409
50, 6550, 17, 85536, 85536
50, 6560, 17, 85477, 88297
50, 6570, 17, 85477, 85477
50, 6580, 17, 85449, 85477
50, 6590, 17, 85387, 85415
50, 6600, 17, 85218, 85387
50, 6610, 17, 85083, 87779
50, 6620, 17, 85083, 87194
50, 6630, 17, 85083, 85083
50, 6640, 17, 85083, 85083
50, 6650, 17, 84967, 85083
50, 6660, 17, 84909, 84967
50, 6670, 17, 84909, 86025
50, 6680, 17, 84588, 86793
50, 6690, 17, 84588, 84588
50, 6700, 17, 84588, 85978
50, 6710, 17, 84588, 87715
50, 6720, 17, 84588, 84588
50, 6730, 17, 84588, 84588
50, 6740, 17, 84588, 85023
50, 6750, 17, 84588, 88224
50, 6760, 17, 84588, 84588
50, 6770, 17, 84569, 84588
50, 6780, 17, 84536, 84569
50, 6790, 17, 84536, 87215
50, 6800, 17, 84524, 86256
50, 6810, 17, 84524, 86659
50, 6820, 17, 84524, 84524
50, 6830, 17, 84524, 86322
50, 6840, 17, 84524, 84780
50, 6850, 17, 84428, 85914
50, 6860, 17, 84404, 84428
50, 6870, 17, 84261, 85125
50, 6880, 17, 84261, 85608
50, 6890, 17, 84102, 84178
50, 6900, 17, 84102, 85959
50, 6910, 17, 84102, 84102
50, 6920, 17, 84029, 85643
50, 6930, 17, 84019, 84501
50, 6940, 17, 84016, 86165
50, 6950, 17, 84016, 86643
50, 6960, 17, 84016, 85182
50, 6970, 17, 83715, 84623
50, 6980, 17, 83715, 83715
50, 6990, 17, 83715, 86443
50, 7000, 17, 83715, 83715
50, 7010, 17, 83715, 86463
50, 7020, 17, 83696, 83715
50, 7030, 17, 83549, 83696
50, 7040, 17, 83549, 84747
50, 7050, 17, 83289, 83549
50, 7060, 17, 83223, 85532
50, 7070, 17, 82811, 84670
50, 7080, 17, 82811, 82811
50, 7090, 17, 82357, 84204
50, 7100, 17, 82303, 82357
50, 7110, 17, 82303, 82739
50, 7120, 17, 82303, 82806
50, 7130, 17, 82303, 83067
50, 7140, 17, 82303, 82303
50, 7150, 17, 82285, 82303
50, 7160, 17, 82285, 84304
50, 7170, 17, 82230, 83367
50, 7180, 17, 82068, 83982
50, 7190, 17, 82047, 83047
50, 7200, 17, 81938, 82047
50, 7210, 17, 81938, 81938
50, 7220, 17, 81882, 81938
50, 7230, 17, 81872, 83737
50, 7240, 17, 81872, 81872
50, 7250, 17, 81847, 82650
50, 7260, 17, 81705, 81705
50, 7270, 17, 81705, 81705
50, 7280, 17, 81705, 84409
50, 7290, 17, 81596, 81705
50, 7300, 17, 81596, 84358
50, 7310, 17, 81335, 83116
50, 7320, 17, 80875, 82719
50, 7330, 17, 80811, 82040
50, 7340, 17, 80752, 83160
50, 7350, 17, 80752, 80752
50, 7360, 17, 80752, 80752
50, 7370, 17, 80752, 80752
50, 7380, 17, 80746, 82217
50, 7390, 17, 80619, 82346
50, 7400, 17, 80495, 80619
50, 7410, 17, 80495, 82247
50, 7420, 17, 80424, 81896
50, 7430, 17, 80424, 82112
50, 7440, 17, 80424, 80424
50, 7450, 17, 80424, 81722
50, 7460, 17, 80348, 81574
50, 7470, 17, 80348, 80748
50, 7480, 17, 80348, 81641
50, 7490, 17, 80348, 80348
50, 7500, 17, 80348, 81902
50, 7510, 17, 80211, 80348
50, 7520, 17, 80030, 81718
50, 7530, 17, 79861, 81303
50, 7540, 17, 79861, 79861
50, 7550, 17, 79844, 82214
50, 7560, 17, 79844, 80963
50, 7570, 17, 79844, 80807
50, 7580, 17, 79844, 82310
50, 7590, 17, 79785, 81069
50, 7600, 17, 79778, 80469
50, 7610, 17, 79778, 80284
50, 7620, 17, 79696, 80784
50, 7630, 17, 79696, 79696
50, 7640, 17, 79558, 80584
50, 7650, 17, 79176, 79480
50, 7660, 17, 79176, 80101
50, 7670, 17, 79151, 81058
50, 7680, 17, 79151, 81616
50, 7690, 17, 79151, 81210
50, 7700, 17, 78833, 79187
50, 7710, 17, 78833, 78833
50, 7720, 17, 78717, 78833
50, 7730, 17, 78644, 78717
50, 7740, 17, 78459, 79469
50, 7750, 17, 78459, 79017
50, 7760, 17, 78398, 78398
50, 7770, 17, 78385, 78813
50, 7780, 17, 78385, 78385
50, 7790, 17, 78333, 78650
50, 7800, 17, 78333, 81013
50, 7810, 17, 77933, 78848
50, 7820, 17, 77933, 79431
50, 7830, 17, 77933, 80062
50, 7840, 17, 77933, 77933
50, 7850, 17, 77868, 79624
50, 7860, 17, 77868, 79258
50, 7870, 17, 77851, 78033
50, 7880, 17, 77851, 80690
50, 7890, 17, 77851, 79469
50, 7900, 17, 77851, 78815
50, 7910, 17, 77851, 78763
50, 7920, 17, 77851, 77851
50, 7930, 17, 77851, 77851
50, 7940, 17, 77851, 78545
50, 7950, 17, 77851, 79370
50, 7960, 17, 77500, 78344
50, 7970, 17, 77467, 78578
50, 7980, 17, 77467, 80413
50, 7990, 17, 77467, 77467
50, 8000, 17, 77467, 77527
50, 8010, 17, 77454, 79774
50, 8020, 17, 77454, 80479
50, 8030, 17, 77454, 78195
50, 8040, 17, 77454, 79911
50, 8050, 17, 77454, 77454
50, 8060, 17, 77454, 79154
50, 8070, 17, 77454, 77454
50, 8080, 17, 77403, 77454
50, 8090, 17, 77403, 78850
50, 8100, 17, 77403, 77403
50, 8110, 17, 77205, 78214
50, 8120, 17, 77205, 77205
50, 8130, 17, 77205, 77205
50, 8140, 17, 77205, 78805
50, 8150, 17, 77010, 77205
50, 8160, 17, 77010, 79025
50, 8170, 17, 76943, 77172
50, 8180, 17, 76943, 78940
50, 8190, 17, 76943, 77364
50, 8200, 17, 76883, 78602
50, 8210, 17, 76792, 76792
50, 8220, 17, 76733, 77314
50, 8230, 17, 76733, 78104
50, 8240, 17, 76733, 76733
50, 8250, 17, 76733, 76733
50, 8260, 17, 76733, 76733
50, 8270, 17, 76733, 76733
50, 8280, 17, 76733, 76733
50, 8290, 17, 76697, 76733
50, 8300, 17, 76697, 78727
50, 8310, 17, 76697, 76697
50, 8320, 17, 76248, 77079
50, 8330, 17, 76248, 79039
50, 8340, 17, 76248, 77899
50, 8350, 17, 76248, 78924
50, 8360, 17, 76248, 76248
50, 8370, 17, 76248, 76248
50, 8380, 17, 76206, 77867
50, 8390, 17, 76016, 78089
50, 8400, 17, 75966, 76016
50, 8410, 17, 75949, 77407
50, 8420, 17, 75949, 75949
50, 8430, 17, 75949, 77706
50, 8440, 17, 75918, 78069
50, 8450, 17, 75918, 75918
50, 8460, 17, 75805, 76552
50, 8470, 17, 75783, 76392
50, 8480, 17, 75783, 78808
50, 8490, 17, 75783, 76860
50, 8500, 17, 75783, 77706
50, 8510, 17, 75783, 75783
50, 8520, 17, 75783, 77562
50, 8530, 17, 75700, 76881
50, 8540, 17, 75700, 75700
50, 8550, 17, 75700, 75700
50, 8560, 17, 75654, 75654
50, 8570, 17, 75654, 75907
50, 8580, 17, 75654, 76770
50, 8590, 17, 75444, 76826
50, 8600, 17, 75444, 75444
50, 8610, 17, 75444, 77711
50, 8620, 17, 75444, 75444
50, 8630, 17, 75444, 75444
50, 8640, 17, 75444, 75444
50, 8650, 17, 75406, 76114
50, 8660, 17, 75406, 75406
50, 8670, 17, 75406, 75406
50, 8680, 17, 75406, 76423
50, 8690, 17, 75356, 75534
50, 8700, 17, 75356, 76207
50, 8710, 17, 75356, 75356
50, 8720, 17, 75356, 75356
50, 8730, 17, 75356, 75356
50, 8740, 17, 75356, 76057
50, 8750, 17, 75356, 76336
50, 8760, 17, 75356, 75356
50, 8770, 17, 75356, 75356
50, 8780, 17, 75356, 75356
50, 8790, 17, 75356, 76064
50, 8800, 17, 75356, 76429
50, 8810, 17, 75356, 75356
50, 8820, 17, 75356, 75356
50, 8830, 17, 75356, 75356
50, 8840, 17, 75356, 75356
50, 8850, 17, 75356, 75356
50, 8860, 17, 75356, 76037
50, 8870, 17, 75356, 75356
50, 8880, 17, 75356, 76211
50, 8890, 17, 75237, 75356
50, 8900, 17, 75236, 75236
50, 8910, 17, 75236, 75236
50, 8920, 17, 75236, 75236
50, 8930, 17, 75236, 76754
50, 8940, 17, 75236, 75720
50, 8950, 17, 75236, 75236
50, 8960, 17, 75236, 77494
50, 8970, 17, 75236, 75236
50, 8980, 17, 75236, 75236
50, 8990, 17, 75236, 76408
50, 9000, 17, 75220, 75236
50, 9010, 17, 75220, 75220
50, 9020, 17, 75137, 75220
50, 9030, 17, 74992, 75639
50, 9040, 17, 74992, 74992
50, 9050, 17, 74927, 74992
50, 9060, 17, 74878, 75832
50, 9070, 17, 74878, 75758
50, 9080, 17, 74878, 76081
50, 9090, 17, 74878, 74878
50, 9100, 17, 74878, 74878
50, 9110, 17, 74878, 75040
50, 9120, 17, 74679, 74878
50, 9130, 17, 74624, 74624
50, 9140, 17, 74624, 74624
50, 9150, 17, 74624, 74624
50, 9160, 17, 74624, 74624
50, 9170, 17, 74624, 74624
50, 9180, 17, 74624, 74624
50, 9190, 17, 74624, 74624
50, 9200, 17, 74624, 74624
50, 9210, 17, 74561, 76213
50, 9220, 17, 74561, 75312
50, 9230, 17, 74561, 75161
50, 9240, 17, 74561, 75873
50, 9250, 17, 74561, 74561
50, 9260, 17, 74561, 74561
50, 9270, 17, 74561, 76889
50, 9280, 17, 74362, 74503
50, 9290, 17, 74362, 74362
50, 9300, 17, 74362, 75456
50, 9310, 17, 74362, 77784
50, 9320, 17, 74345, 75142
50, 9330, 17, 74224, 76814
50, 9340, 17, 74224, 74224
50, 9350, 17, 74224, 74224
50, 9360, 17, 74206, 74206
50, 9370, 17, 74083, 74083
50, 9380, 17, 74083, 75025
50, 9390, 17, 74083, 74083
50, 9400, 17, 74083, 74083
50, 9410, 17, 74059, 76566
50, 9420, 17, 74059, 75321
50, 9430, 17, 73626, 74059
50, 9440, 17, 73626, 73626
50, 9450, 17, 73626, 73626
50, 9460, 17, 73626, 73626
50, 9470, 17, 73626, 73626
50, 9480, 17, 73626, 74519
50, 9490, 17, 73626, 73626
50, 9500, 17, 73599, 73626
50, 9510, 17, 73599, 73599
50, 9520, 17, 73567, 73599
50, 9530, 17, 73567, 74498
50, 9540, 17, 73567, 73709
50, 9550, 17, 73567, 73567
50, 9560, 17, 73567, 73567
50, 9570, 17, 73567, 73567
50, 9580, 17, 73554, 73567
50, 9590, 17, 73431, 73554
50, 9600, 17, 73431, 75003
50, 9610, 17, 73423, 74076
50, 9620, 17, 73423, 73423
50, 9630, 17, 73266, 73423
50, 9640, 17, 73266, 73266
50, 9650, 17, 73266, 73266
50, 9660, 17, 73146, 74850
50, 9670, 17, 73146, 73855
50, 9680, 17, 73146, 75231
50, 9690, 17, 73146, 73146
50, 9700, 17, 73146, 74650
50, 9710, 17, 73146, 73146
50, 9720, 17, 73146, 73146
50, 9730, 17, 73146, 74340
50, 9740, 17, 73146, 73146
50, 9750, 17, 73146, 73146
50, 9760, 17, 73063, 75165
50, 9770, 17, 73063, 73063
50, 9780, 17, 73063, 73063
50, 9790, 17, 73063, 73063
50, 9800, 17, 73063, 73063
50, 9810, 17, 72748, 72748
50, 9820, 17, 72748, 72748
50, 9830, 17, 72748, 74658
50, 9840, 17, 72748, 72748
50, 9850, 17, 72631, 73972
50, 9860, 17, 72631, 74239
50, 9870, 17, 72631, 73548
50, 9880, 17, 72631, 72631
50, 9890, 17, 72631, 73985
50, 9900, 17, 72631, 72631
50, 9910, 17, 72557, 72557
50, 9920, 17, 72557, 72557
50, 9930, 17, 72557, 73803
50, 9940, 17, 72557, 74051
50, 9950, 17, 72557, 72557
50, 9960, 17, 72557, 72557
50, 9970, 17, 72557, 72557
50, 9980, 17, 72557, 75695
50, 9990, 17, 72557, 72557
50, 10000, 17, 72557, 72557
50, 10010, 17, 72557, 72557
50, 10020, 17, 72236, 72557
50, 10030, 17, 72236, 72236
50, 10040, 17, 72236, 74773
50, 10050, 17, 72218, 72218
50, 10060, 17, 72186, 72186
50, 10070, 17, 72145, 72186
50, 10080, 17, 72127, 74124
50, 10090, 17, 72127, 74336
50, 10100, 17, 72127, 72127
50, 10110, 17, 72127, 72127
50, 10120, 17, 72127, 72127
50, 10130, 17, 72127, 73699
50, 10140, 17, 72127, 72778
50, 10150, 17, 72127, 73574
50, 10160, 17, 72127, 72127
50, 10170, 17, 72127, 72127
50, 10180, 17, 72127, 72127
50, 10190, 17, 72127, 73025
50, 10200, 17, 72089, 72271
50, 10210, 17, 72089, 72089
50, 10220, 17, 72089, 72089
50, 10230, 17, 72089, 72089
50, 10240, 17, 72089, 72505
50, 10250, 17, 72089, 72910
50, 10260, 17, 72089, 72089
50, 10270, 17, 72089, 72089
50, 10280, 17, 72089, 72089
50, 10290, 17, 72089, 73815
50, 10300, 17, 72031, 72089
50, 10310, 17, 72031, 72031
50, 10320, 17, 72031, 72031
50, 10330, 17, 71853, 72031
50, 10340, 17, 71853, 72782
50, 10350, 17, 71853, 71853
50, 10360, 17, 71829, 73163
50, 10370, 17, 71829, 73614
50, 10380, 17, 71829, 72913
50, 10390, 17, 71829, 73287
50, 10400, 17, 71824, 71829
50, 10410, 17, 71824, 73633
50, 10420, 17, 71492, 73006
50, 10430, 17, 71492, 71492
50, 10440, 17, 71492, 71492
50, 10450, 17, 71492, 75045
50, 10460, 17, 71492, 71492
50, 10470, 17, 71492, 71492
50, 10480, 17, 71439, 71492
50, 10490, 17, 71439, 71439
50, 10500, 17, 71351, 71351
50, 10510, 17, 71351, 71351
50, 10520, 17, 71351, 71351
50, 10530, 17, 71351, 71351
50, 10540, 17, 71351, 72667
50, 10550, 17, 71351, 71351
50, 10560, 17, 71351, 71351
50, 10570, 17, 71351, 71351
50, 10580, 17, 71351, 71351
50, 10590, 17, 71351, 71351
50, 10600, 17, 71280, 72110
50, 10610, 17, 71230, 71280
50, 10620, 17, 71046, 71230
50, 10630, 17, 71046, 71046
50, 10640, 17, 71037, 71046
50, 10650, 17, 71037, 71037
50, 10660, 17, 71037, 71037
50, 10670, 17, 71037, 71037
50, 10680, 17, 71037, 71114
50, 10690, 17, 71037, 71037
50, 10700, 17, 70841, 71037
50, 10710, 17, 70841, 71761
50, 10720, 17, 70841, 70841
50, 10730, 17, 70841, 70841
50, 10740, 17, 70841, 70841
50, 10750, 17, 70841, 71520
50, 10760, 17, 70841, 70841
50, 10770, 17, 70841, 70841
50, 10780, 17, 70841, 73012
50, 10790, 17, 70841, 70841
50, 10800, 17, 70807, 70841
50, 10810, 17, 70807, 72353
50, 10820, 17, 70807, 70807
50, 10830, 17, 70807, 70807
50, 10840, 17, 70807, 70807
50, 10850, 17, 70662, 70807
50, 10860, 17, 70662, 70662
50, 10870, 17, 70662, 70662
50, 10880, 17, 70662, 71262
50, 10890, 17, 70662, 70662
50, 10900, 17, 70662, 70662
50, 10910, 17, 70629, 70662
50, 10920, 17, 70629, 70629
50, 10930, 17, 70629, 70629
50, 10940, 17, 70629, 70629
50, 10950, 17, 70629, 70629
50, 10960, 17, 70580, 70629
50, 10970, 17, 70580, 70580
50, 10980, 17, 70580, 70580
50, 10990, 17, 70456, 70580
50, 11000, 17, 70456, 70456
50, 11010, 17, 70456, 70456
50, 11020, 17, 70456, 70456
50, 11030, 17, 70343, 70456
50, 11040, 17, 70343, 70343
50, 11050, 17, 70343, 70343
50, 11060, 17, 70343, 70343
50, 11070, 17, 70343, 70343
50, 11080, 17, 70343, 70343
50, 11090, 17, 70343, 70343
50, 11100, 17, 70334, 70334
50, 11110, 17, 70152, 70334
50, 11120, 17, 70152, 70152
50, 11130, 17, 70152, 70465
50, 11140, 17, 70152, 70152
50, 11150, 17, 70152, 71430
50, 11160, 17, 70152, 70152
50, 11170, 17, 70152, 70152
50, 11180, 17, 70100, 70152
50, 11190, 17, 70100, 70100
50, 11200, 17, 70041, 70100
50, 11210, 17, 70041, 70041
50, 11220, 17, 70021, 70041
50, 11230, 17, 69879, 69879
50, 11240, 17, 69879, 69879
50, 11250, 17, 69879, 69879
50, 11260, 17, 69879, 69879
50, 11270, 17, 69879, 69879
50, 11280, 17, 69824, 69879
50, 11290, 17, 69824, 69824
50, 11300, 17, 69803, 69824
50, 11310, 17, 69803, 69803
50, 11320, 17, 69803, 69803
50, 11330, 17, 69803, 69803
50, 11340, 17, 69803, 69803
50, 11350, 17, 69762, 69762
50, 11360, 17, 69762, 69762
50, 11370, 17, 69762, 69762
50, 11380, 17, 69762, 69762
50, 11390, 17, 69762, 69762
50, 11400, 17, 69762, 70831
50, 11410, 17, 69762, 69762
50, 11420, 17, 69762, 69762
50, 11430, 17, 69762, 69762
50, 11440, 17, 69762, 69762
50, 11450, 17, 69701, 69701
50, 11460, 17, 69701, 69701
50, 11470, 17, 69701, 69701
50, 11480, 17, 69701, 69701
50, 11490, 17, 69701, 69701
50, 11500, 17, 69701, 69701
50, 11510, 17, 69701, 69701
50, 11520, 17, 69701, 70335
50, 11530, 17, 69701, 69701
50, 11540, 17, 69701, 69701
50, 11550, 17, 69701, 69701
50, 11560, 17, 69701, 69701
50, 11570, 17, 69701, 69701
50, 11580, 17, 69701, 71685
50, 11590, 17, 69701, 69701
50, 11600, 17, 69701, 70017
50, 11610, 17, 69680, 69701
50, 11620, 17, 69680, 69680
50, 11630, 17, 69680, 69680
50, 11640, 17, 69642, 69680
50, 11650, 17, 69572, 69642
50, 11660, 17, 69572, 69572
50, 11670, 17, 69395, 69572
50, 11680, 17, 69395, 70572
50, 11690, 17, 69325, 70191
50, 11700, 17, 69325, 69325
50, 11710, 17, 69325, 69706
50, 11720, 17, 69325, 69513
50, 11730, 17, 69325, 69325
50, 11740, 17, 69325, 69325
50, 11750, 17, 69325, 69325
50, 11760, 17, 69301, 70118
50, 11770, 17, 69301, 69301
50, 11780, 17, 69301, 69301
50, 11790, 17, 69301, 69301
50, 11800, 17, 69301, 69301
50, 11810, 17, 69301, 69301
50, 11820, 17, 69301, 69301
50, 11830, 17, 69301, 70888
50, 11840, 17, 69301, 69301
50, 11850, 17, 69301, 69301
50, 11860, 17, 69301, 69301
50, 11870, 17, 69301, 69301
50, 11880, 17, 69261, 69301
50, 11890, 17, 69261, 69261
50, 11900, 17, 69261, 69261
50, 11910, 17, 69221, 69432
50, 11920, 17, 69221, 69221
50, 11930, 17, 69221, 69221
50, 11940, 17, 69221, 69221
50, 11950, 17, 69221, 69221
50, 11960, 17, 69221, 69221
50, 11970, 17, 69221, 71044
50, 11980, 17, 69221, 69221
50, 11990, 17, 69221, 69221
50, 12000, 17, 69221, 69221
50, 12010, 17, 69021, 69021
50, 12020, 17, 69021, 69021
50, 12030, 17, 69021, 69021
50, 12040, 17, 69021, 69021
50, 12050, 17, 69021, 69758
50, 12060, 17, 69021, 69021
50, 12070, 17, 69021, 70059
50, 12080, 17, 69021, 69021
50, 12090, 17, 68938, 69021
50, 12100, 17, 68938, 69654
50, 12110, 17, 68938, 68938
50, 12120, 17, 68856, 68938
50, 12130, 17, 68856, 68856
50, 12140, 17, 68856, 68856
50, 12150, 17, 68856, 68856
50, 12160, 17, 68856, 68856
50, 12170, 17, 68856, 68856
50, 12180, 17, 68856, 68856
50, 12190, 17, 68856, 68856
50, 12200, 17, 68856, 68856
50, 12210, 17, 68856, 68856
50, 12220, 17, 68804, 68856
50, 12230, 17, 68804, 68804
50, 12240, 17, 68768, 68768
50, 12250, 17, 68668, 68768
50, 12260, 17, 68668, 68668
50, 12270, 17, 68668, 68668
50, 12280, 17, 68527, 68527
50, 12290, 17, 68527, 68527
50, 12300, 17, 68519, 68519
50, 12310, 17, 68350, 68519
50, 12320, 17, 68350, 68350
50, 12330, 17, 68350, 68350
50, 12340, 17, 68316, 68350
50, 12350, 17, 68316, 68316
50, 12360, 17, 68277, 68316
50, 12370, 17, 68277, 68277
50, 12380, 17, 68212, 68277
50, 12390, 17, 68212, 68212
50, 12400, 17, 68212, 68212
50, 12410, 17, 68212, 68212
50, 12420, 17, 68171, 68171
50, 12430, 17, 68171, 68171
50, 12440, 17, 68171, 68171
50, 12450, 17, 68061, 69409
50, 12460, 17, 68061, 68061
50, 12470, 17, 68061, 68061
50, 12480, 17, 68061, 69676
50, 12490, 17, 68061, 68061
50, 12500, 17, 68061, 69385
50, 12510, 17, 68061, 68061
50, 12520, 17, 68061, 68061
50, 12530, 17, 68049, 68061
50, 12540, 17, 68049, 68049
50, 12550, 17, 68049, 68049
50, 12560, 17, 68049, 68365
50, 12570, 17, 68049, 68049
50, 12580, 17, 68049, 68049
50, 12590, 17, 68049, 68049
50, 12600, 17, 68049, 68049
50, 12610, 17, 68049, 68049
50, 12620, 17, 68049, 68049
50, 12630, 17, 68005, 68049
50, 12640, 17, 68005, 68005
50, 12650, 17, 67993, 67993
50, 12660, 17, 67945, 67945
50, 12670, 17, 67945, 67945
50, 12680, 17, 67945, 67945
50, 12690, 17, 67945, 67945
50, 12700, 17, 67945, 67945
50, 12710, 17, 67945, 67945
50, 12720, 17, 67801, 67801
50, 12730, 17, 67801, 67801
50, 12740, 17, 67801, 67801
50, 12750, 17, 67785, 67785
50, 12760, 17, 67785, 67785
50, 12770, 17, 67745, 67745
50, 12780, 17, 67745, 67745
50, 12790, 17, 67745, 67745
50, 12800, 17, 67745, 67745
50, 12810, 17, 67745, 67745
50, 12820, 17, 67745, 67745
50, 12830, 17, 67745, 67745
50, 12840, 17, 67683, 67683
50, 12850, 17, 67683, 67683
50, 12860, 17, 67683, 67683
50, 12870, 17, 67683, 67683
50, 12880, 17, 67683, 67683
50, 12890, 17, 67633, 67633
50, 12900, 17, 67633, 67633
50, 12910, 17, 67633, 67633
50, 12920, 17, 67633, 67633
50, 12930, 17, 67633, 67633
50, 12940, 17, 67633, 67633
50, 12950, 17, 67633, 67633
50, 12960, 17, 67633, 67633
50, 12970, 17, 67633, 67633
50, 12980, 17, 67433, 67633
50, 12990, 17, 67433, 67433
50, 13000, 17, 67433, 67433
50, 13010, 17, 67433, 67433
50, 13020, 17, 67433, 67864
50, 13030, 17, 67433, 67433
50, 13040, 17, 67433, 67433
50, 13050, 17, 67433, 67433
50, 13060, 17, 67433, 67433
50, 13070, 17, 67433, 67433
50, 13080, 17, 67433, 67433
50, 13090, 17, 67433, 68149
50, 13100, 17, 67433, 67433
50, 13110, 17, 67433, 67433
50, 13120, 17, 67293, 67293
50, 13130, 17, 67293, 67293
50, 13140, 17, 67293, 67293
50, 13150, 17, 67293, 67293
50, 13160, 17, 67293, 67293
50, 13170, 17, 67293, 67293
50, 13180, 17, 67293, 67293
50, 13190, 17, 67293, 67293
50, 13200, 17, 67293, 67293
50, 13210, 17, 67293, 67293
50, 13220, 17, 67293, 67293
50, 13230, 17, 67293, 67293
50, 13240, 17, 67293, 67293
50, 13250, 17, 67293, 67293
50, 13260, 17, 67293, 67293
50, 13270, 17, 67293, 67293
50, 13280, 17, 67282, 67282
50, 13290, 17, 67282, 67282
50, 13300, 17, 67282, 67282
50, 13310, 17, 67282, 67282
50, 13320, 17, 67282, 67282
50, 13330, 17, 67282, 67282
50, 13340, 17, 67282, 67282
50, 13350, 17, 67282, 67282
50, 13360, 17, 67282, 67282
50, 13370, 17, 67282, 67282
50, 13380, 17, 67282, 67282
50, 13390, 17, 67228, 67228
50, 13400, 17, 67228, 67228
50, 13410, 17, 67228, 67228
50, 13420, 17, 67228, 67228
50, 13430, 17, 67228, 67228
50, 13440, 17, 67228, 67228
50, 13450, 17, 67228, 67228
50, 13460, 17, 67228, 67228
50, 13470, 17, 67228, 67228
50, 13480, 17, 67228, 67228
50, 13490, 17, 67206, 67228
50, 13500, 17, 67206, 67206
50, 13510, 17, 67206, 69389
50, 13520, 17, 67206, 67206
50, 13530, 17, 67206, 67206
50, 13540, 17, 67206, 67206
50, 13550, 17, 67206, 67206
50, 13560, 17, 67148, 67148
50, 13570, 17, 67148, 67148
50, 13580, 17, 67065, 67065
50, 13590, 17, 67065, 67065
50, 13600, 17, 67065, 67065
50, 13610, 17, 67065, 67065
50, 13620, 17, 67011, 67011
50, 13630, 17, 67011, 67011
50, 13640, 17, 67011, 67011
50, 13650, 17, 67011, 67011
50, 13660, 17, 67011, 67011
50, 13670, 17, 67011, 67011
50, 13680, 17, 67011, 67011
50, 13690, 17, 67011, 67011
50, 13700, 17, 67011, 67011
50, 13710, 17, 67011, 67011
50, 13720, 17, 67011, 67011
50, 13730, 17, 67011, 67011
50, 13740, 17, 67011, 67011
50, 13750, 17, 67011, 67011
50, 13760, 17, 67011, 67011
50, 13770, 17, 67011, 67011
50, 13780, 17, 67011, 67011
50, 13790, 17, 67011, 67011
50, 13800, 17, 67011, 67011
50, 13810, 17, 67011, 67011
50, 13820, 17, 67011, 67011
50, 13830, 17, 67011, 67011
50, 13840, 17, 67011, 67011
50, 13850, 17, 67011, 67011
50, 13860, 17, 67011, 67011
50, 13870, 17, 67011, 67011
50, 13880, 17, 67011, 67011
50, 13890, 17, 67011, 67011
50, 13900, 17, 67011, 67011
50, 13910, 17, 67011, 67011
50, 13920, 17, 66922, 66922
50, 13930, 17, 66922, 66922
50, 13940, 17, 66922, 66922
50, 13950, 17, 66922, 66922
50, 13960, 17, 66922, 66922
50, 13970, 17, 66922, 66922
50, 13980, 17, 66922, 68229
50, 13990, 17, 66818, 66922
50, 14000, 17, 66818, 66818
50, 14010, 17, 66818, 66818
50, 14020, 17, 66818, 66818
50, 14030, 17, 66818, 66818
50, 14040, 17, 66818, 66818
50, 14050, 17, 66818, 66818
50, 14060, 17, 66818, 66818
50, 14070, 17, 66818, 66947
50, 14080, 17, 66818, 66818
50, 14090, 17, 66818, 66818
50, 14100, 17, 66818, 66818
50, 14110, 17, 66818, 66818
50, 14120, 17, 66818, 66818
50, 14130, 17, 66818, 66818
50, 14140, 17, 66818, 66818
50, 14150, 17, 66818, 66818
50, 14160, 17, 66818, 66818
50, 14170, 17, 66818, 66818
50, 14180, 17, 66735, 66735
50, 14190, 17, 66735, 66735
50, 14200, 17, 66735, 66735
50, 14210, 17, 66735, 66735
50, 14220, 17, 66735, 66735
50, 14230, 17, 66735, 66735
50, 14240, 17, 66735, 66735
50, 14250, 17, 66735, 66735
50, 14260, 17, 66735, 66735
50, 14270, 17, 66735, 66735
50, 14280, 17, 66735, 66735
50, 14290, 17, 66735, 66953
50, 14300, 17, 66735, 66735
50, 14310, 17, 66735, 66735
50, 14320, 17, 66735, 66735
50, 14330, 17, 66735, 66735
50, 14340, 17, 66735, 66735
50, 14350, 17, 66735, 66735
50, 14360, 17, 66735, 66735
50, 14370, 17, 66595, 66595
50, 14380, 17, 66595, 66595
50, 14390, 17, 66595, 66595
50, 14400, 17, 66595, 66595
50, 14410, 17, 66562, 66562
50, 14420, 17, 66562, 66562
50, 14430, 17, 66465, 66465
50, 14440, 17, 66465, 66465
50, 14450, 17, 66465, 66465
50, 14460, 17, 66465, 66465
50, 14470, 17, 66465, 66465
50, 14480, 17, 66465, 66465
50, 14490, 17, 66465, 66465
50, 14500, 17, 66465, 66465
50, 14510, 17, 66465, 66465
50, 14520, 17, 66465, 66465
50, 14530, 17, 66233, 66465
50, 14540, 17, 66233, 66233
50, 14550, 17, 66233, 66233
50, 14560, 17, 66233, 66233
50, 14570, 17, 66233, 67298
50, 14580, 17, 66233, 66233
50, 14590, 17, 66233, 66233
50, 14600, 17, 66233, 66233
50, 14610, 17, 66233, 66233
50, 14620, 17, 66233, 66233
50, 14630, 17, 66193, 66233
50, 14640, 17, 66193, 66193
50, 14650, 17, 66186, 66186
50, 14660, 17, 66186, 66186
50, 14670, 17, 66186, 66186
50, 14680, 17, 66186, 66186
50, 14690, 17, 66186, 66186
50, 14700, 17, 66186, 66186
50, 14710, 17, 66186, 66186
50, 14720, 17, 66186, 66186
50, 14730, 17, 66186, 66186
50, 14740, 17, 66186, 66186
50, 14750, 17, 66186, 66186
50, 14760, 17, 66186, 66186
50, 14770, 17, 66186, 66186
50, 14780, 17, 66186, 66186
50, 14790, 17, 66186, 66186
50, 14800, 17, 66125, 66186
50, 14810, 17, 66125, 66125
50, 14820, 17, 66125, 66125
50, 14830, 17, 66125, 66125
50, 14840, 17, 65996, 66125
50, 14850, 17, 65996, 65996
50, 14860, 17, 65996, 65996
50, 14870, 17, 65996, 66886
50, 14880, 17, 65996, 65996
50, 14890, 17, 65996, 65996
50, 14900, 17, 65996, 65996
50, 14910, 17, 65996, 65996
50, 14920, 17, 65996, 65996
50, 14930, 17, 65996, 65996
50, 14940, 17, 65996, 65996
50, 14950, 17, 65996, 65996
50, 14960, 17, 65996, 65996
50, 14970, 17, 65996, 65996
50, 14980, 17, 65996, 65996
50, 14990, 17, 65996, 67456
50, 15000, 17, 65996, 65996
50, 15010, 17, 65996, 65996
50, 15020, 17, 65996, 65996
50, 15030, 17, 65996, 65996
50, 15040, 17, 65833, 65833
50, 15050, 17, 65810, 65833
50, 15060, 17, 65810, 65810
50, 15070, 17, 65802, 65810
50, 15080, 17, 65802, 65802
50, 15090, 17, 65802, 65802
50, 15100, 17, 65802, 65802
50, 15110, 17, 65802, 65802
50, 15120, 17, 65802, 65802
50, 15130, 17, 65802, 65802
50, 15140, 17, 65802, 65802
50, 15150, 17, 65762, 65762
50, 15160, 17, 65744, 65762
50, 15170, 17, 65744, 65744
50, 15180, 17, 65744, 65744
50, 15190, 17, 65744, 65744
50, 15200, 17, 65744, 65744
50, 15210, 17, 65741, 65741
50, 15220, 17, 65741, 65741
50, 15230, 17, 65741, 65741
50, 15240, 17, 65741, 65741
50, 15250, 17, 65741, 65741
50, 15260, 17, 65741, 65741
50, 15270, 17, 65741, 65741
50, 15280, 17, 65741, 65741
50, 15290, 17, 65741, 65741
50, 15300, 17, 65741, 65741
50, 15310, 17, 65741, 65741
50, 15320, 17, 65741, 65741
50, 15330, 17, 65741, 65741
50, 15340, 17, 65741, 65741
50, 15350, 17, 65741, 65741
50, 15360, 17, 65741, 65741
50, 15370, 17, 65741, 65741
50, 15380, 17, 65741, 65741
50, 15390, 17, 65741, 65741
50, 15400, 17, 65741, 65741
50, 15410, 17, 65741, 65741
50, 15420, 17, 65741, 65741
50, 15430, 17, 65741, 65741
50, 15440, 17, 65741, 65741
50, 15450, 17, 65741, 65741
50, 15460, 17, 65741, 65741
50, 15470, 17, 65741, 65741
50, 15480, 17, 65741, 65741
50, 15490, 17, 65741, 65741
50, 15500, 17, 65741, 65741
50, 15510, 17, 65741, 65741
50, 15520, 17, 65741, 65741
50, 15530, 17, 65741, 65741
50, 15540, 17, 65741, 65741
50, 15550, 17, 65741, 65741
50, 15560, 17, 65741, 65741
50, 15570, 17, 65535, 65535
50, 15580, 17, 65535, 65535
50, 15590, 17, 65535, 65535
50, 15600, 17, 65535, 65535
50, 15610, 17, 65535, 65535
50, 15620, 17, 65535, 65535
50, 15630, 17, 65492, 65492
50, 15640, 17, 65335, 65335
50, 15650, 17, 65249, 65249
50, 15660, 17, 65249, 65249
50, 15670, 17, 65249, 65249
50, 15680, 17, 65249, 65249
50, 15690, 17, 65249, 65249
50, 15700, 17, 65249, 65249
50, 15710, 17, 65249, 65249
50, 15720, 17, 65249, 65249
50, 15730, 17, 65249, 65249
50, 15740, 17, 65249, 65249
50, 15750, 17, 65249, 65249
50, 15760, 17, 65249, 65249
50, 15770, 17, 65249, 65249
50, 15780, 17, 65249, 65249
50, 15790, 17, 65249, 65249
50, 15800, 17, 65155, 65249
50, 15810, 17, 65155, 65155
50, 15820, 17, 65155, 65155
50, 15830, 17, 65155, 65155
50, 15840, 17, 65155, 65155
50, 15850, 17, 65155, 65155
50, 15860, 17, 65155, 65155
50, 15870, 17, 65155, 65155
50, 15880, 17, 65155, 65155
50, 15890, 17, 65155, 65155
50, 15900, 17, 65155, 65155
50, 15910, 17, 65155, 65155
50, 15920, 17, 65155, 65155
50, 15930, 17, 64868, 64868
50, 15940, 17, 64868, 64868
50, 15950, 17, 64868, 64868
50, 15960, 17, 64868, 64868
50, 15970, 17, 64868, 64868
50, 15980, 17, 64861, 64868
50, 15990, 17, 64756, 64756
50, 16000, 17, 64756, 64756
50, 16010, 17, 64756, 64756
50, 16020, 17, 64756, 64756
50, 16030, 17, 64756, 64756
50, 16040, 17, 64696, 64756
50, 16050, 17, 64696, 64696
50, 16060, 17, 64696, 64696
50, 16070, 17, 64696, 64696
50, 16080, 17, 64696, 64696
50, 16090, 17, 64696, 65578
50, 16100, 17, 64696, 64696
50, 16110, 17, 64696, 64696
50, 16120, 17, 64696, 64696
50, 16130, 17, 64696, 64696
50, 16140, 17, 64696, 64696
50, 16150, 17, 64696, 64696
50, 16160, 17, 64696, 64696
50, 16170, 17, 64696, 64696
50, 16180, 17, 64696, 64696
50, 16190, 17, 64696, 64696
50, 16200, 17, 64696, 64696
50, 16210, 17, 64696, 64696
50, 16220, 17, 64696, 64696
50, 16230, 17, 64696, 64696
50, 16240, 17, 64696, 64696
50, 16250, 17, 64696, 64696
50, 16260, 17, 64696, 64696
50, 16270, 17, 64696, 64696
50, 16280, 17, 64696, 64696
50, 16290, 17, 64696, 64696
50, 16300, 17, 64696, 64696
50, 16310, 17, 64696, 64696
50, 16320, 17, 64696, 64696
50, 16330, 17, 64580, 64696
50, 16340, 17, 64492, 64580
50, 16350, 17, 64492, 64492
50, 16360, 17, 64492, 64492
50, 16370, 17, 64492, 64492
50, 16380, 17, 64492, 64492
50, 16390, 17, 64492, 64492
50, 16400, 17, 64492, 64492
50, 16410, 17, 64492, 64492
50, 16420, 17, 64492, 64492
50, 16430, 17, 64492, 64492
50, 16440, 17, 64492, 64492
50, 16450, 17, 64492, 64492
50, 16460, 17, 64492, 64492
50, 16470, 17, 64492, 64492
50, 16480, 17, 64492, 64492
50, 16490, 17, 64492, 64492
50, 16500, 17, 64492, 64492
50, 16510, 17, 64492, 64492
50, 16520, 17, 64492, 64492
50, 16530, 17, 64492, 64492
50, 16540, 17, 64492, 64492
50, 16550, 17, 64492, 64492
50, 16560, 17, 64492, 64492
50, 16570, 17, 64492, 64492
50, 16580, 17, 64492, 64492
50, 16590, 17, 64492, 64492
50, 16600, 17, 64492, 64492
50, 16610, 17, 64492, 64492
50, 16620, 17, 64492, 64492
50, 16630, 17, 64492, 64492
50, 16640, 17, 64492, 64492
50, 16650, 17, 64492, 64492
50, 16660, 17, 64492, 64492
50, 16670, 17, 64492, 64492
50, 16680, 17, 64492, 64492
50, 16690, 17, 64492, 64492
50, 16700, 17, 64492, 64492
50, 16710, 17, 64492, 64492
50, 16720, 17, 64492, 64492
50, 16730, 17, 64492, 64492
50, 16740, 17, 64492, 64492
50, 16750, 17, 64492, 64492
50, 16760, 17, 64492, 64492
50, 16770, 17, 64463, 64463
50, 16780, 17, 64463, 64463
50, 16790, 17, 64463, 64463
50, 16800, 17, 64304, 64463
50, 16810, 17, 64304, 64304
50, 16820, 17, 64304, 64304
50, 16830, 17, 64304, 64304
50, 16840, 17, 64304, 64304
50, 16850, 17, 64304, 64304
50, 16860, 17, 64304, 64304
50, 16870, 17, 64304, 64304
50, 16880, 17, 64304, 64304
50, 16890, 17, 64180, 64304
50, 16900, 17, 64180, 64180
50, 16910, 17, 64180, 64180
50, 16920, 17, 64180, 64180
50, 16930, 17, 64180, 64180
50, 16940, 17, 64180, 64180
50, 16950, 17, 64180, 64180
50, 16960, 17, 64180, 64180
50, 16970, 17, 64180, 64180
50, 16980, 17, 64180, 64180
50, 16990, 17, 64180, 64180
50, 17000, 17, 64180, 64180
50, 17010, 17, 64180, 64180
50, 17020, 17, 64180, 64180
50, 17030, 17, 64180, 64180
50, 17040, 17, 64180, 64180
50, 17050, 17, 64180, 64180
50, 17060, 17, 64180, 64180
50, 17070, 17, 64180, 64180
50, 17080, 17, 64180, 64180
50, 17090, 17, 64067, 64067
50, 17100, 17, 64067, 64067
50, 17110, 17, 64067, 64067
50, 17120, 17, 64067, 64067
50, 17130, 17, 64067, 64067
50, 17140, 17, 64067, 64067
50, 17150, 17, 64032, 64032
50, 17160, 17, 64032, 64032
50, 17170, 17, 64032, 64032
50, 17180, 17, 64032, 64032
50, 17190, 17, 64032, 64032
50, 17200, 17, 64032, 64032
50, 17210, 17, 64032, 64032
50, 17220, 17, 64032, 64032
50, 17230, 17, 64032, 64032
50, 17240, 17, 64032, 64032
50, 17250, 17, 64032, 64032
50, 17260, 17, 64032, 64032
50, 17270, 17, 64032, 64032
50, 17280, 17, 64032, 64032
50, 17290, 17, 64032, 64032
50, 17300, 17, 63924, 64032
50, 17310, 17, 63924, 63924
50, 17320, 17, 63924, 63924
50, 17330, 17, 63924, 63924
50, 17340, 17, 63924, 63924
50, 17350, 17, 63924, 63924
50, 17360, 17, 63924, 63924
50, 17370, 17, 63924, 63924
50, 17380, 17, 63924, 63924
50, 17390, 17, 63924, 63924
50, 17400, 17, 63924, 63924
50, 17410, 17, 63924, 63924
50, 17420, 17, 63924, 63924
50, 17430, 17, 63924, 63924
50, 17440, 17, 63924, 63924
50, 17450, 17, 63924, 63924
50, 17460, 17, 63924, 63924
50, 17470, 17, 63924, 63924
50, 17480, 17, 63924, 63924
50, 17490, 17, 63924, 63924
50, 17500, 17, 63924, 63924
50, 17510, 17, 63924, 63924
50, 17520, 17, 63924, 63924
50, 17530, 17, 63924, 63924
50, 17540, 17, 63924, 63924
50, 17550, 17, 63924, 63924
50, 17560, 17, 63924, 63924
50, 17570, 17, 63924, 63924
50, 17580, 17, 63924, 63924
50, 17590, 17, 63924, 63924
50, 17600, 17, 63924, 63924
50, 17610, 17, 63924, 63924
50, 17620, 17, 63924, 63924
50, 17630, 17, 63924, 63924
50, 17640, 17, 63924, 63924
50, 17650, 17, 63924, 63924
50, 17660, 17, 63924, 63924
50, 17670, 17, 63924, 63924
50, 17680, 17, 63924, 63924
50, 17690, 17, 63924, 63924
50, 17700, 17, 63924, 63924
50, 17710, 17, 63924, 63924
50, 17720, 17, 63924, 63924
50, 17730, 17, 63924, 63924
50, 17740, 17, 63924, 63924
50, 17750, 17, 63924, 63924
50, 17760, 17, 63924, 63924
50, 17770, 17, 63924, 63924
50, 17780, 17, 63924, 63924
50, 17790, 17, 63914, 63914
50, 17800, 17, 63914, 63914
50, 17810, 17, 63914, 63914
50, 17820, 17, 63914, 63914
50, 17830, 17, 63914, 63914
50, 17840, 17, 63914, 63914
50, 17850, 17, 63914, 63914
50, 17860, 17, 63914, 63914
50, 17870, 17, 63914, 63914
50, 17880, 17, 63914, 63914
50, 17890, 17, 63914, 63914
50, 17900, 17, 63598, 63914
50, 17910, 17, 63598, 63598
50, 17920, 17, 63598, 63598
50, 17930, 17, 63598, 63598
50, 17940, 17, 63598, 63598
50, 17950, 17, 63598, 63598
50, 17960, 17, 63598, 63598
50, 17970, 17, 63598, 63598
50, 17980, 17, 63598, 63598
50, 17990, 17, 63598, 63598
50, 18000, 17, 63598, 63598
50, 18010, 17, 63598, 63598
50, 18020, 17, 63598, 63598
50, 18030, 17, 63598, 63598
50, 18040, 17, 63598, 63598
50, 18050, 17, 63423, 63598
50, 18060, 17, 63423, 63423
50, 18070, 17, 63423, 63423
50, 18080, 17, 63423, 63423
50, 18090, 17, 63423, 63423
50, 18100, 17, 63423, 63423
50, 18110, 17, 63423, 63423
50, 18120, 17, 63423, 63423
50, 18130, 17, 63423, 63423
50, 18140, 17, 63423, 63423
50, 18150, 17, 63423, 63423
50, 18160, 17, 63423, 63423
50, 18170, 17, 63423, 63423
50, 18180, 17, 63423, 63423
50, 18190, 17, 63423, 63423
50, 18200, 17, 63423, 63423
50, 18210, 17, 63423, 63423
50, 18220, 17, 63423, 63423
50, 18230, 17, 63423, 63423
50, 18240, 17, 63423, 63423
50, 18250, 17, 63423, 63423
50, 18260, 17, 63423, 63423
50, 18270, 17, 63423, 63423
50, 18280, 17, 63423, 63423
50, 18290, 17, 63423, 63423
50, 18300, 17, 63423, 63423
50, 18310, 17, 63423, 63423
50, 18320, 17, 63423, 63423
50, 18330, 17, 63423, 63423
50, 18340, 17, 63423, 63423
50, 18350, 17, 63423, 63423
50, 18360, 17, 63423, 63423
50, 18370, 17, 63423, 63423
50, 18380, 17, 63423, 63423
50, 18390, 17, 63423, 63423
50, 18400, 17, 63423, 63423
50, 18410, 17, 63423, 63423
50, 18420, 17, 63423, 63423
50, 18430, 17, 63423, 63423
50, 18440, 17, 63423, 63423
50, 18450, 17, 63423, 63423
50, 18460, 17, 63423, 63423
50, 18470, 17, 63423, 63423
50, 18480, 17, 63423, 63423
50, 18490, 17, 63423, 63423
50, 18500, 17, 63423, 63423
50, 18510, 17, 63423, 63423
50, 18520, 17, 63423, 63423
50, 18530, 17, 63423, 63423
50, 18540, 17, 63423, 63423
50, 18550, 17, 63423, 63423
50, 18560, 17, 63423, 63423
50, 18570, 17, 63423, 63423
50, 18580, 17, 63423, 63423
50, 18590, 17, 63423, 63423
50, 18600, 17, 63423, 63423
50, 18610, 17, 63423, 63423
50, 18620, 17, 63423, 63423
50, 18630, 17, 63423, 63423
50, 18640, 17, 63423, 63423
50, 18650, 17, 63423, 63423
50, 18660, 17, 63423, 63423
50, 18670, 17, 63423, 63423
50, 18680, 17, 63423, 63423
50, 18690, 17, 63423, 63423
50, 18700, 17, 63423, 63423
50, 18710, 17, 63423, 63423
50, 18720, 17, 63423, 63423
50, 18730, 17, 63423, 63423
50, 18740, 17, 63423, 63423
50, 18750, 17, 63423, 63423
50, 18760, 17, 63423, 63423
50, 18770, 17, 63423, 63423
50, 18780, 17, 63423, 63423
50, 18790, 17, 63423, 63423
50, 18800, 17, 63423, 63423
50, 18810, 17, 63300, 63423
50, 18820, 17, 63300, 63300
50, 18830, 17, 63300, 63300
50, 18840, 17, 63300, 63300
50, 18850, 17, 63300, 63300
50, 18860, 17, 63300, 63300
50, 18870, 17, 63100, 63300
50, 18880, 17, 63100, 63100
50, 18890, 17, 63100, 63100
50, 18900, 17, 63100, 63100
50, 18910, 17, 63100, 63100
50, 18920, 17, 63100, 63100
50, 18930, 17, 63100, 63100
50, 18940, 17, 63100, 63100
50, 18950, 17, 63100, 63100
50, 18960, 17, 63100, 63100
50, 18970, 17, 63100, 63100
50, 18980, 17, 62971, 63100
50, 18990, 17, 62971, 62971
50, 19000, 17, 62971, 62971
50, 19010, 17, 62971, 62971
50, 19020, 17, 62971, 62971
50, 19030, 17, 62971, 62971
50, 19040, 17, 62971, 62971
50, 19050, 17, 62971, 62971
50, 19060, 17, 62971, 62971
50, 19070, 17, 62971, 62971
50, 19080, 17, 62971, 62971
50, 19090, 17, 62971, 62971
50, 19100, 17, 62971, 62971
50, 19110, 17, 62971, 62971
50, 19120, 17, 62971, 62971
50, 19130, 17, 62971, 62971
50, 19140, 17, 62971, 62971
50, 19150, 17, 62971, 62971
50, 19160, 17, 62971, 62971
50, 19170, 17, 62971, 62971
50, 19180, 17, 62971, 62971
50, 19190, 17, 62971, 62971
50, 19200, 17, 62971, 62971
50, 19210, 17, 62971, 62971
50, 19220, 17, 62971, 62971
50, 19230, 17, 62971, 62971
50, 19240, 17, 62971, 62971
50, 19250, 17, 62971, 62971
50, 19260, 17, 62971, 62971
50, 19270, 17, 62971, 62971
50, 19280, 17, 62971, 62971
50, 19290, 17, 62971, 62971
50, 19300, 17, 62971, 62971
50, 19310, 17, 62627, 62627
50, 19320, 17, 62627, 62627
50, 19330, 17, 62427, 62427
50, 19340, 17, 62427, 62427
50, 19350, 17, 62427, 62427
50, 19360, 17, 62427, 62427
50, 19370, 17, 62324, 62427
50, 19380, 17, 62324, 62324
50, 19390, 17, 62324, 62324
50, 19400, 17, 62324, 62324
50, 19410, 17, 62324, 62324
50, 19420, 17, 62324, 62324
50, 19430, 17, 62324, 62324
50, 19440, 17, 62163, 62324
50, 19450, 17, 62163, 62163
50, 19460, 17, 62163, 62163
50, 19470, 17, 62163, 62163
50, 19480, 17, 62163, 62163
50, 19490, 17, 62163, 62163
50, 19500, 17, 62088, 62163
50, 19510, 17, 62088, 62088
50, 19520, 17, 62088, 62088
50, 19530, 17, 62088, 62088
50, 19540, 17, 62088, 62088
50, 19550, 17, 62088, 62088
50, 19560, 17, 62088, 62088
50, 19570, 17, 62088, 62088
50, 19580, 17, 62088, 62088
50, 19590, 17, 62088, 62088
50, 19600, 17, 62029, 62029
50, 19610, 17, 62029, 62029
50, 19620, 17, 62029, 62029
50, 19630, 17, 62029, 62029
50, 19640, 17, 62029, 62029
50, 19650, 17, 62029, 62029
50, 19660, 17, 62029, 62029
50, 19670, 17, 62029, 62029
50, 19680, 17, 62029, 62029
50, 19690, 17, 62029, 62029
50, 19700, 17, 62029, 62029
50, 19710, 17, 62029, 62029
50, 19720, 17, 62029, 62029
50, 19730, 17, 62029, 62029
50, 19740, 17, 62029, 62029
50, 19750, 17, 62029, 62029
50, 19760, 17, 62029, 62029
50, 19770, 17, 62029, 62029
50, 19780, 17, 62029, 62029
50, 19790, 17, 62029, 62029
50, 19800, 17, 62029, 62029
50, 19810, 17, 62029, 62029
50, 19820, 17, 62029, 62029
50, 19830, 17, 62029, 62029
50, 19840, 17, 62029, 62029
50, 19850, 17, 62029, 62029
50, 19860, 17, 62029, 62029
50, 19870, 17, 62029, 62029
50, 19880, 17, 62029, 62029
50, 19890, 17, 62029, 62029
50, 19900, 17, 62029, 62029
50, 19910, 17, 62029, 62029
50, 19920, 17, 62029, 62029
50, 19930, 17, 62029, 62029
50, 19940, 17, 62029, 62029
50, 19950, 17, 62029, 62029
50, 19960, 17, 62029, 62029
50, 19970, 17, 62029, 62029
50, 19980, 17, 62029, 62029
50, 19990, 17, 62029, 62029
