Population Size, Generation Count, Repetition, Best Fitness, Median Fitness
20, 0, 18, 736178, 770598
20, 10, 18, 714953, 722364
20, 20, 18, 695263, 699744
20, 30, 18, 678476, 683680
20, 40, 18, 664824, 667807
20, 50, 18, 650022, 652425
20, 60, 18, 637347, 643506
20, 70, 18, 619214, 624521
20, 80, 18, 611438, 613505
20, 90, 18, 597309, 601677
20, 100, 18, 585002, 590062
20, 110, 18, 578510, 581046
20, 120, 18, 566121, 572133
20, 130, 18, 556946, 561627
20, 140, 18, 543278, 546940
20, 150, 18, 532483, 537399
20, 160, 18, 526306, 531476
20, 170, 18, 520413, 522786
20, 180, 18, 510062, 513209
20, 190, 18, 505536, 508636
20, 200, 18, 499429, 503443
20, 210, 18, 494853, 498106
20, 220, 18, 489161, 492932
20, 230, 18, 481734, 484546
20, 240, 18, 474627, 481649
20, 250, 18, 471925, 472771
20, 260, 18, 466170, 468419
20, 270, 18, 459440, 462390
20, 280, 18, 455168, 457938
20, 290, 18, 450809, 453594
20, 300, 18, 446625, 451900
20, 310, 18, 444378, 450705
20, 320, 18, 442492, 446573
20, 330, 18, 434351, 437681
20, 340, 18, 430504, 432472
20, 350, 18, 428050, 429516
20, 360, 18, 424726, 428680
20, 370, 18, 419647, 421956
20, 380, 18, 416295, 418685
20, 390, 18, 414302, 416190
20, 400, 18, 410990, 412991
20, 410, 18, 408562, 411178
20, 420, 18, 403763, 407769
20, 430, 18, 402248, 403685
20, 440, 18, 399144, 403348
20, 450, 18, 395165, 396585
20, 460, 18, 390564, 393519
20, 470, 18, 386314, 388671
20, 480, 18, 383136, 385349
20, 490, 18, 380315, 381892
20, 500, 18, 378738, 382803
20, 510, 18, 375701, 377981
20, 520, 18, 373213, 376017
20, 530, 18, 368981, 371366
20, 540, 18, 368305, 372504
20, 550, 18, 367004, 371399
20, 560, 18, 364480, 365982
20, 570, 18, 361372, 364041
20, 580, 18, 359166, 361972
20, 590, 18, 357760, 360755
20, 600, 18, 353962, 355920
20, 610, 18, 350271, 352573
20, 620, 18, 346149, 348667
20, 630, 18, 344567, 347581
20, 640, 18, 342518, 344694
20, 650, 18, 342218, 344716
20, 660, 18, 340977, 343835
20, 670, 18, 339184, 343074
20, 680, 18, 338184, 342316
20, 690, 18, 337179, 338752
20, 700, 18, 334387, 336561
20, 710, 18, 332749, 338142
20, 720, 18, 331044, 333774
20, 730, 18, 330024, 332550
20, 740, 18, 326275, 331714
20, 750, 18, 324090, 328181
20, 760, 18, 322676, 327479
20, 770, 18, 320376, 324633
20, 780, 18, 317969, 322921
20, 790, 18, 316697, 318778
20, 800, 18, 314612, 316518
20, 810, 18, 314438, 318128
20, 820, 18, 313399, 315156
20, 830, 18, 312568, 314063
20, 840, 18, 309153, 313142
20, 850, 18, 306688, 309115
20, 860, 18, 305276, 308952
20, 870, 18, 302939, 304165
20, 880, 18, 302803, 305387
20, 890, 18, 301666, 304228
20, 900, 18, 300630, 302855
20, 910, 18, 299539, 302249
20, 920, 18, 296658, 298555
20, 930, 18, 294657, 302651
20, 940, 18, 293789, 297233
20, 950, 18, 292720, 294521
20, 960, 18, 290875, 293799
20, 970, 18, 289919, 292210
20, 980, 18, 288082, 292096
20, 990, 18, 286259, 289949
20, 1000, 18, 285025, 287211
20, 1010, 18, 283708, 285884
20, 1020, 18, 282433, 286654
20, 1030, 18, 281784, 283748
20, 1040, 18, 280340, 282787
20, 1050, 18, 279395, 280340
20, 1060, 18, 279173, 279815
20, 1070, 18, 278026, 279011
20, 1080, 18, 277336, 278012
20, 1090, 18, 276003, 277708
20, 1100, 18, 274991, 276883
20, 1110, 18, 273672, 275882
20, 1120, 18, 270652, 273048
20, 1130, 18, 267437, 271498
20, 1140, 18, 267437, 270136
20, 1150, 18, 267132, 268382
20, 1160, 18, 265626, 266643
20, 1170, 18, 264616, 266821
20, 1180, 18, 262962, 265783
20, 1190, 18, 262351, 263705
20, 1200, 18, 261390, 262992
20, 1210, 18, 260617, 265693
20, 1220, 18, 259888, 261843
20, 1230, 18, 259528, 262233
20, 1240, 18, 259528, 260909
20, 1250, 18, 259072, 261703
20, 1260, 18, 257447, 260367
20, 1270, 18, 256744, 258799
20, 1280, 18, 255650, 257028
20, 1290, 18, 254294, 258603
20, 1300, 18, 253612, 255326
20, 1310, 18, 253019, 255710
20, 1320, 18, 252770, 258449
20, 1330, 18, 252564, 255134
20, 1340, 18, 251281, 253488
20, 1350, 18, 251149, 253467
20, 1360, 18, 250347, 252859
20, 1370, 18, 249824, 251842
20, 1380, 18, 248940, 252893
20, 1390, 18, 248344, 250470
20, 1400, 18, 248080, 254650
20, 1410, 18, 246947, 249662
20, 1420, 18, 245268, 247999
20, 1430, 18, 244960, 246003
20, 1440, 18, 244355, 247853
20, 1450, 18, 244228, 245260
20, 1460, 18, 243841, 247027
20, 1470, 18, 242960, 244564
20, 1480, 18, 241661, 244780
20, 1490, 18, 240240, 242732
20, 1500, 18, 238816, 241452
20, 1510, 18, 238700, 239883
20, 1520, 18, 238669, 238700
20, 1530, 18, 238011, 239584
20, 1540, 18, 237781, 240259
20, 1550, 18, 237278, 239507
20, 1560, 18, 236293, 237788
20, 1570, 18, 235922, 236293
20, 1580, 18, 234747, 237671
20, 1590, 18, 233710, 236705
20, 1600, 18, 233311, 233439
20, 1610, 18, 231183, 234916
20, 1620, 18, 230812, 232202
20, 1630, 18, 230354, 231153
20, 1640, 18, 229984, 231951
20, 1650, 18, 229303, 230311
20, 1660, 18, 228293, 231348
20, 1670, 18, 228166, 231046
20, 1680, 18, 227345, 231229
20, 1690, 18, 227345, 229270
20, 1700, 18, 225508, 228456
20, 1710, 18, 225345, 229746
20, 1720, 18, 224826, 225990
20, 1730, 18, 224687, 224727
20, 1740, 18, 223739, 224222
20, 1750, 18, 223345, 226146
20, 1760, 18, 222874, 225803
20, 1770, 18, 221580, 224448
20, 1780, 18, 220286, 223116
20, 1790, 18, 219848, 221692
20, 1800, 18, 218910, 222360
20, 1810, 18, 218079, 221569
20, 1820, 18, 217410, 219531
20, 1830, 18, 217386, 220707
20, 1840, 18, 215776, 219720
20, 1850, 18, 214132, 217841
20, 1860, 18, 213158, 216791
20, 1870, 18, 212288, 213138
20, 1880, 18, 211529, 216410
20, 1890, 18, 211068, 211068
20, 1900, 18, 210802, 215853
20, 1910, 18, 210182, 212349
20, 1920, 18, 209871, 212241
20, 1930, 18, 209016, 213012
20, 1940, 18, 208332, 209625
20, 1950, 18, 207624, 209988
20, 1960, 18, 206807, 211033
20, 1970, 18, 205167, 209828
20, 1980, 18, 204865, 208032
20, 1990, 18, 204235, 204865
20, 2000, 18, 203739, 206790
20, 2010, 18, 203685, 205806
20, 2020, 18, 203685, 206180
20, 2030, 18, 203101, 205011
20, 2040, 18, 202191, 205521
20, 2050, 18, 201781, 203456
20, 2060, 18, 201349, 203871
20, 2070, 18, 201349, 202325
20, 2080, 18, 200326, 201272
20, 2090, 18, 199806, 205176
20, 2100, 18, 199806, 204428
20, 2110, 18, 198679, 203458
20, 2120, 18, 198277, 202718
20, 2130, 18, 197194, 197504
20, 2140, 18, 196986, 199857
20, 2150, 18, 196464, 198873
20, 2160, 18, 196212, 199237
20, 2170, 18, 196161, 200666
20, 2180, 18, 196161, 198223
20, 2190, 18, 196067, 198801
20, 2200, 18, 195887, 199392
20, 2210, 18, 195327, 199684
20, 2220, 18, 195090, 197952
20, 2230, 18, 193873, 196415
20, 2240, 18, 193810, 194873
20, 2250, 18, 193256, 196793
20, 2260, 18, 193253, 193256
20, 2270, 18, 193253, 195542
20, 2280, 18, 192997, 196783
20, 2290, 18, 192932, 197108
20, 2300, 18, 192489, 194787
20, 2310, 18, 191978, 194711
20, 2320, 18, 191578, 194997
20, 2330, 18, 191170, 197636
20, 2340, 18, 191170, 193202
20, 2350, 18, 189814, 192671
20, 2360, 18, 189720, 192356
20, 2370, 18, 189295, 193978
20, 2380, 18, 189295, 193591
20, 2390, 18, 188757, 189294
20, 2400, 18, 188480, 192037
20, 2410, 18, 188209, 190521
20, 2420, 18, 187617, 188633
20, 2430, 18, 187249, 190107
20, 2440, 18, 187129, 187139
20, 2450, 18, 186175, 187129
20, 2460, 18, 185874, 186179
20, 2470, 18, 185087, 188249
20, 2480, 18, 185087, 190521
20, 2490, 18, 184999, 188948
20, 2500, 18, 184689, 188957
20, 2510, 18, 184418, 187513
20, 2520, 18, 184268, 186522
20, 2530, 18, 184268, 185975
20, 2540, 18, 184075, 184170
20, 2550, 18, 184052, 185375
20, 2560, 18, 183652, 186157
20, 2570, 18, 183652, 183653
20, 2580, 18, 183386, 188372
20, 2590, 18, 183243, 186342
20, 2600, 18, 183060, 185256
20, 2610, 18, 182720, 185816
20, 2620, 18, 181925, 183642
20, 2630, 18, 181925, 184821
20, 2640, 18, 181820, 184349
20, 2650, 18, 181594, 181820
20, 2660, 18, 180945, 186745
20, 2670, 18, 180664, 183390
20, 2680, 18, 179730, 180617
20, 2690, 18, 179124, 182290
20, 2700, 18, 178502, 181717
20, 2710, 18, 178032, 182205
20, 2720, 18, 177269, 179921
20, 2730, 18, 177269, 179567
20, 2740, 18, 176591, 177780
20, 2750, 18, 176389, 178639
20, 2760, 18, 176046, 177507
20, 2770, 18, 175426, 178407
20, 2780, 18, 175426, 180307
20, 2790, 18, 175278, 176966
20, 2800, 18, 175082, 177591
20, 2810, 18, 174790, 177219
20, 2820, 18, 174751, 176209
20, 2830, 18, 174473, 178211
20, 2840, 18, 174432, 175468
20, 2850, 18, 174048, 176175
20, 2860, 18, 173434, 174273
20, 2870, 18, 172991, 174764
20, 2880, 18, 172991, 173354
20, 2890, 18, 172671, 176818
20, 2900, 18, 172189, 174841
20, 2910, 18, 171360, 172578
20, 2920, 18, 171233, 171769
20, 2930, 18, 170535, 174344
20, 2940, 18, 170292, 171669
20, 2950, 18, 170292, 172033
20, 2960, 18, 169410, 173411
20, 2970, 18, 169410, 172910
20, 2980, 18, 169288, 171516
20, 2990, 18, 168694, 171419
20, 3000, 18, 168262, 171458
20, 3010, 18, 167707, 171422
20, 3020, 18, 167361, 170273
20, 3030, 18, 167301, 167744
20, 3040, 18, 167142, 167142
20, 3050, 18, 167142, 171274
20, 3060, 18, 166845, 169347
20, 3070, 18, 166553, 169180
20, 3080, 18, 166553, 170301
20, 3090, 18, 166553, 169078
20, 3100, 18, 166553, 170994
20, 3110, 18, 166278, 168186
20, 3120, 18, 165356, 167219
20, 3130, 18, 165280, 167597
20, 3140, 18, 164594, 167958
20, 3150, 18, 164372, 166776
20, 3160, 18, 164249, 164372
20, 3170, 18, 164037, 166587
20, 3180, 18, 163805, 164037
20, 3190, 18, 163790, 167901
20, 3200, 18, 163024, 165238
20, 3210, 18, 162198, 163526
20, 3220, 18, 161635, 163737
20, 3230, 18, 161635, 164018
20, 3240, 18, 161289, 161635
20, 3250, 18, 160975, 162938
20, 3260, 18, 160849, 165151
20, 3270, 18, 160608, 162077
20, 3280, 18, 160079, 165261
20, 3290, 18, 159702, 160697
20, 3300, 18, 159702, 162688
20, 3310, 18, 159465, 161343
20, 3320, 18, 159365, 162022
20, 3330, 18, 158958, 162330
20, 3340, 18, 158825, 163262
20, 3350, 18, 158604, 158825
20, 3360, 18, 157707, 160321
20, 3370, 18, 157302, 157642
20, 3380, 18, 157302, 160385
20, 3390, 18, 157176, 158133
20, 3400, 18, 156912, 160085
20, 3410, 18, 156255, 159106
20, 3420, 18, 156255, 158770
20, 3430, 18, 155940, 158452
20, 3440, 18, 155940, 159791
20, 3450, 18, 155919, 159918
20, 3460, 18, 154959, 155719
20, 3470, 18, 154923, 154923
20, 3480, 18, 154488, 157036
20, 3490, 18, 153590, 157392
20, 3500, 18, 153590, 158908
20, 3510, 18, 153296, 157192
20, 3520, 18, 153073, 158378
20, 3530, 18, 152870, 154223
20, 3540, 18, 152027, 154548
20, 3550, 18, 152027, 157512
20, 3560, 18, 151856, 156395
20, 3570, 18, 151158, 151856
20, 3580, 18, 151026, 155173
20, 3590, 18, 151022, 151500
20, 3600, 18, 150933, 154274
20, 3610, 18, 150758, 152887
20, 3620, 18, 150758, 152077
20, 3630, 18, 150755, 154601
20, 3640, 18, 149977, 152236
20, 3650, 18, 149790, 150620
20, 3660, 18, 148915, 150133
20, 3670, 18, 148698, 150276
20, 3680, 18, 148615, 150453
20, 3690, 18, 148615, 151744
20, 3700, 18, 148615, 148615
20, 3710, 18, 148552, 152151
20, 3720, 18, 148417, 151186
20, 3730, 18, 148372, 150454
20, 3740, 18, 148264, 148303
20, 3750, 18, 148184, 148258
20, 3760, 18, 147680, 149228
20, 3770, 18, 147680, 150509
20, 3780, 18, 147647, 150388
20, 3790, 18, 147356, 147356
20, 3800, 18, 147037, 148488
20, 3810, 18, 146992, 149477
20, 3820, 18, 146498, 148665
20, 3830, 18, 146341, 148371
20, 3840, 18, 146341, 146341
20, 3850, 18, 146341, 150459
20, 3860, 18, 145524, 147296
20, 3870, 18, 145345, 147656
20, 3880, 18, 145345, 145345
20, 3890, 18, 144611, 149444
20, 3900, 18, 144611, 145503
20, 3910, 18, 144598, 147019
20, 3920, 18, 144597, 144598
20, 3930, 18, 144167, 144880
20, 3940, 18, 144040, 146374
20, 3950, 18, 143962, 146180
20, 3960, 18, 143892, 144922
20, 3970, 18, 143892, 144902
20, 3980, 18, 143656, 147366
20, 3990, 18, 143656, 147167
20, 4000, 18, 143533, 145193
20, 4010, 18, 143533, 143732
20, 4020, 18, 143166, 145425
20, 4030, 18, 143166, 143166
20, 4040, 18, 142884, 144370
20, 4050, 18, 142884, 145345
20, 4060, 18, 142884, 145374
20, 4070, 18, 142796, 143611
20, 4080, 18, 142796, 143152
20, 4090, 18, 142480, 145074
20, 4100, 18, 142480, 145598
20, 4110, 18, 142125, 144758
20, 4120, 18, 141949, 142125
20, 4130, 18, 141494, 143070
20, 4140, 18, 141373, 144209
20, 4150, 18, 141373, 142354
20, 4160, 18, 141081, 142990
20, 4170, 18, 140822, 142837
20, 4180, 18, 140822, 142799
20, 4190, 18, 140795, 143203
20, 4200, 18, 140795, 143085
20, 4210, 18, 139695, 143086
20, 4220, 18, 139695, 142226
20, 4230, 18, 139695, 142472
20, 4240, 18, 139609, 142241
20, 4250, 18, 139503, 140646
20, 4260, 18, 139503, 140999
20, 4270, 18, 139172, 141344
20, 4280, 18, 139172, 140999
20, 4290, 18, 138348, 139172
20, 4300, 18, 138286, 141589
20, 4310, 18, 138051, 139832
20, 4320, 18, 138051, 138051
20, 4330, 18, 137889, 140541
20, 4340, 18, 137889, 138397
20, 4350, 18, 137842, 141187
20, 4360, 18, 137842, 140181
20, 4370, 18, 137809, 139481
20, 4380, 18, 137684, 137809
20, 4390, 18, 137560, 137684
20, 4400, 18, 137343, 140317
20, 4410, 18, 137343, 139408
20, 4420, 18, 136457, 139957
20, 4430, 18, 136400, 141412
20, 4440, 18, 136063, 137776
20, 4450, 18, 135947, 136063
20, 4460, 18, 135947, 138776
20, 4470, 18, 135879, 135947
20, 4480, 18, 135282, 138632
20, 4490, 18, 135282, 139475
20, 4500, 18, 134680, 135082
20, 4510, 18, 134592, 135192
20, 4520, 18, 134592, 137239
20, 4530, 18, 134312, 135963
20, 4540, 18, 134111, 136904
20, 4550, 18, 134035, 134409
20, 4560, 18, 133635, 138972
20, 4570, 18, 133070, 136998
20, 4580, 18, 132998, 135462
20, 4590, 18, 132878, 137042
20, 4600, 18, 132796, 135434
20, 4610, 18, 132789, 134684
20, 4620, 18, 132573, 133660
20, 4630, 18, 132573, 133447
20, 4640, 18, 132573, 132590
20, 4650, 18, 132437, 133587
20, 4660, 18, 132402, 134077
20, 4670, 18, 131803, 133721
20, 4680, 18, 131086, 134848
20, 4690, 18, 131086, 134227
20, 4700, 18, 131086, 134434
20, 4710, 18, 130668, 134467
20, 4720, 18, 130585, 134798
20, 4730, 18, 130585, 131681
20, 4740, 18, 130438, 131355
20, 4750, 18, 130433, 131975
20, 4760, 18, 129787, 130433
20, 4770, 18, 129511, 129787
20, 4780, 18, 129511, 129511
20, 4790, 18, 129288, 131920
20, 4800, 18, 128694, 130809
20, 4810, 18, 128676, 129851
20, 4820, 18, 128676, 128676
20, 4830, 18, 128151, 128560
20, 4840, 18, 128094, 129923
20, 4850, 18, 127982, 130136
20, 4860, 18, 127765, 129747
20, 4870, 18, 127765, 128893
20, 4880, 18, 127641, 127765
20, 4890, 18, 127274, 128669
20, 4900, 18, 127267, 130237
20, 4910, 18, 126623, 129537
20, 4920, 18, 126623, 126954
20, 4930, 18, 126589, 127239
20, 4940, 18, 126589, 126589
20, 4950, 18, 126589, 126589
20, 4960, 18, 126585, 130438
20, 4970, 18, 126585, 126585
20, 4980, 18, 126585, 128891
20, 4990, 18, 126479, 126585
20, 5000, 18, 126088, 128407
20, 5010, 18, 126004, 130271
20, 5020, 18, 125935, 128455
20, 5030, 18, 125935, 125935
20, 5040, 18, 125935, 126971
20, 5050, 18, 125915, 128719
20, 5060, 18, 125808, 129096
20, 5070, 18, 125808, 126196
20, 5080, 18, 125808, 128070
20, 5090, 18, 125683, 127546
20, 5100, 18, 125683, 126150
20, 5110, 18, 125489, 130504
20, 5120, 18, 125120, 130417
20, 5130, 18, 125070, 125120
20, 5140, 18, 124802, 128411
20, 5150, 18, 124673, 126567
20, 5160, 18, 124673, 127593
20, 5170, 18, 124508, 126329
20, 5180, 18, 124309, 124336
20, 5190, 18, 124071, 125759
20, 5200, 18, 123945, 125148
20, 5210, 18, 123939, 126344
20, 5220, 18, 123939, 123939
20, 5230, 18, 123939, 123939
20, 5240, 18, 123798, 126293
20, 5250, 18, 123436, 129537
20, 5260, 18, 123436, 123436
20, 5270, 18, 123117, 125497
20, 5280, 18, 123000, 125483
20, 5290, 18, 122823, 125009
20, 5300, 18, 122612, 124145
20, 5310, 18, 122424, 126180
20, 5320, 18, 122404, 122599
20, 5330, 18, 122109, 122332
20, 5340, 18, 122109, 126826
20, 5350, 18, 121838, 122109
20, 5360, 18, 121838, 121838
20, 5370, 18, 121330, 121838
20, 5380, 18, 120297, 120297
20, 5390, 18, 120297, 122611
20, 5400, 18, 120297, 120297
20, 5410, 18, 119679, 120997
20, 5420, 18, 119496, 120916
20, 5430, 18, 119496, 119496
20, 5440, 18, 119440, 120180
20, 5450, 18, 118989, 119727
20, 5460, 18, 118100, 120279
20, 5470, 18, 118100, 118100
20, 5480, 18, 118050, 118396
20, 5490, 18, 118044, 120456
20, 5500, 18, 118044, 118044
20, 5510, 18, 117800, 117800
20, 5520, 18, 117800, 117810
20, 5530, 18, 117800, 121774
20, 5540, 18, 117800, 124061
20, 5550, 18, 117385, 121161
20, 5560, 18, 117329, 119826
20, 5570, 18, 117254, 119487
20, 5580, 18, 117254, 118499
20, 5590, 18, 117188, 118971
20, 5600, 18, 117096, 117123
20, 5610, 18, 117096, 118731
20, 5620, 18, 116739, 117512
20, 5630, 18, 116676, 119548
20, 5640, 18, 116676, 118040
20, 5650, 18, 116676, 118361
20, 5660, 18, 116676, 116676
20, 5670, 18, 116024, 117993
20, 5680, 18, 115973, 116024
20, 5690, 18, 115905, 116197
20, 5700, 18, 115905, 118210
20, 5710, 18, 115864, 115864
20, 5720, 18, 115864, 119435
20, 5730, 18, 115839, 118320
20, 5740, 18, 115821, 117228
20, 5750, 18, 115564, 117582
20, 5760, 18, 115360, 118841
20, 5770, 18, 115268, 115773
20, 5780, 18, 115168, 115797
20, 5790, 18, 115168, 115168
20, 5800, 18, 115152, 115902
20, 5810, 18, 115152, 120112
20, 5820, 18, 115152, 118760
20, 5830, 18, 115152, 117684
20, 5840, 18, 114693, 116058
20, 5850, 18, 114693, 116945
20, 5860, 18, 114571, 114596
20, 5870, 18, 114379, 116999
20, 5880, 18, 114379, 116988
20, 5890, 18, 114343, 116411
20, 5900, 18, 114343, 117813
20, 5910, 18, 114318, 118743
20, 5920, 18, 114126, 115513
20, 5930, 18, 114048, 114126
20, 5940, 18, 114048, 114048
20, 5950, 18, 114028, 114048
20, 5960, 18, 114028, 114861
20, 5970, 18, 113866, 116355
20, 5980, 18, 113866, 115458
20, 5990, 18, 113683, 113866
20, 6000, 18, 113683, 116550
20, 6010, 18, 113683, 113683
20, 6020, 18, 113317, 115431
20, 6030, 18, 113317, 114454
20, 6040, 18, 113317, 113623
20, 6050, 18, 112653, 113960
20, 6060, 18, 112430, 112654
20, 6070, 18, 112150, 113978
20, 6080, 18, 111030, 111299
20, 6090, 18, 110607, 113007
20, 6100, 18, 110607, 115671
20, 6110, 18, 110607, 110953
20, 6120, 18, 110607, 112678
20, 6130, 18, 110607, 113609
20, 6140, 18, 110423, 112703
20, 6150, 18, 110112, 110423
20, 6160, 18, 110112, 110336
20, 6170, 18, 110082, 112288
20, 6180, 18, 110082, 110183
20, 6190, 18, 110065, 112896
20, 6200, 18, 110065, 114611
20, 6210, 18, 110065, 110319
20, 6220, 18, 109297, 111441
20, 6230, 18, 109097, 111730
20, 6240, 18, 109097, 109097
20, 6250, 18, 109097, 110781
20, 6260, 18, 109097, 111085
20, 6270, 18, 109033, 109807
20, 6280, 18, 109033, 109033
20, 6290, 18, 109033, 110062
20, 6300, 18, 109033, 112952
20, 6310, 18, 109033, 109033
20, 6320, 18, 109033, 112960
20, 6330, 18, 108720, 108720
20, 6340, 18, 108720, 111503
20, 6350, 18, 108720, 110949
20, 6360, 18, 108720, 108720
20, 6370, 18, 108661, 110618
20, 6380, 18, 108661, 110549
20, 6390, 18, 108605, 110991
20, 6400, 18, 108584, 111571
20, 6410, 18, 108512, 111467
20, 6420, 18, 108512, 109947
20, 6430, 18, 108512, 111868
20, 6440, 18, 108193, 109914
20, 6450, 18, 108193, 113061
20, 6460, 18, 107997, 108723
20, 6470, 18, 107997, 108008
20, 6480, 18, 107997, 108589
20, 6490, 18, 107997, 108792
20, 6500, 18, 107997, 111486
20, 6510, 18, 107997, 111363
20, 6520, 18, 107997, 108501
20, 6530, 18, 107881, 111381
20, 6540, 18, 107735, 107881
20, 6550, 18, 107728, 111236
20, 6560, 18, 107505, 109856
20, 6570, 18, 107505, 109935
20, 6580, 18, 106934, 109332
20, 6590, 18, 106934, 111861
20, 6600, 18, 106934, 107674
20, 6610, 18, 106934, 106934
20, 6620, 18, 106934, 107762
20, 6630, 18, 106857, 106934
20, 6640, 18, 106763, 107604
20, 6650, 18, 106505, 106505
20, 6660, 18, 106306, 107353
20, 6670, 18, 106306, 107835
20, 6680, 18, 106247, 109105
20, 6690, 18, 106247, 107537
20, 6700, 18, 105978, 107440
20, 6710, 18, 105978, 105978
20, 6720, 18, 105978, 106211
20, 6730, 18, 105978, 107623
20, 6740, 18, 105978, 108944
20, 6750, 18, 105604, 105978
20, 6760, 18, 105604, 107282
20, 6770, 18, 105481, 108569
20, 6780, 18, 105481, 108025
20, 6790, 18, 105481, 106540
20, 6800, 18, 105481, 105481
20, 6810, 18, 105481, 108856
20, 6820, 18, 105027, 105027
20, 6830, 18, 104975, 108600
20, 6840, 18, 104975, 109418
20, 6850, 18, 104975, 107721
20, 6860, 18, 104975, 104975
20, 6870, 18, 104975, 105776
20, 6880, 18, 104975, 109073
20, 6890, 18, 104975, 104975
20, 6900, 18, 104975, 104975
20, 6910, 18, 104975, 105233
20, 6920, 18, 104975, 104975
20, 6930, 18, 104748, 104891
20, 6940, 18, 104748, 105501
20, 6950, 18, 104748, 106830
20, 6960, 18, 104748, 105258
20, 6970, 18, 104748, 105407
20, 6980, 18, 104748, 105127
20, 6990, 18, 104716, 107271
20, 7000, 18, 104716, 104716
20, 7010, 18, 104662, 105145
20, 7020, 18, 104662, 108157
20, 7030, 18, 104660, 106464
20, 7040, 18, 104599, 104660
20, 7050, 18, 104599, 107572
20, 7060, 18, 104599, 106533
20, 7070, 18, 104558, 105247
20, 7080, 18, 104558, 108160
20, 7090, 18, 104558, 106334
20, 7100, 18, 103965, 104506
20, 7110, 18, 103965, 103965
20, 7120, 18, 103965, 103965
20, 7130, 18, 103965, 105885
20, 7140, 18, 103950, 103950
20, 7150, 18, 103950, 105533
20, 7160, 18, 103950, 103950
20, 7170, 18, 103642, 103830
20, 7180, 18, 103509, 104118
20, 7190, 18, 103509, 106079
20, 7200, 18, 103509, 103509
20, 7210, 18, 103509, 104898
20, 7220, 18, 103477, 104474
20, 7230, 18, 103477, 104872
20, 7240, 18, 103477, 106682
20, 7250, 18, 103477, 104729
20, 7260, 18, 103477, 103477
20, 7270, 18, 103464, 107627
20, 7280, 18, 103464, 106174
20, 7290, 18, 103464, 106307
20, 7300, 18, 103464, 104406
20, 7310, 18, 103464, 106764
20, 7320, 18, 103464, 107049
20, 7330, 18, 103464, 103464
20, 7340, 18, 103441, 103441
20, 7350, 18, 103306, 105736
20, 7360, 18, 103306, 103306
20, 7370, 18, 103131, 104271
20, 7380, 18, 103131, 104940
20, 7390, 18, 102982, 103129
20, 7400, 18, 102724, 106915
20, 7410, 18, 102724, 105628
20, 7420, 18, 102724, 102724
20, 7430, 18, 102724, 102782
20, 7440, 18, 102672, 102987
20, 7450, 18, 102672, 106537
20, 7460, 18, 102672, 102672
20, 7470, 18, 102672, 104773
20, 7480, 18, 102672, 102672
20, 7490, 18, 102672, 104016
20, 7500, 18, 102584, 106039
20, 7510, 18, 102584, 103399
20, 7520, 18, 102562, 103983
20, 7530, 18, 102555, 106523
20, 7540, 18, 102372, 102555
20, 7550, 18, 102372, 103340
20, 7560, 18, 102372, 102372
20, 7570, 18, 102138, 105252
20, 7580, 18, 102138, 105758
20, 7590, 18, 102138, 102138
20, 7600, 18, 102138, 102138
20, 7610, 18, 102002, 102138
20, 7620, 18, 102002, 102002
20, 7630, 18, 101591, 106034
20, 7640, 18, 101570, 102125
20, 7650, 18, 101474, 103229
20, 7660, 18, 101474, 101474
20, 7670, 18, 101474, 101474
20, 7680, 18, 101428, 103658
20, 7690, 18, 101428, 103578
20, 7700, 18, 101428, 101428
20, 7710, 18, 101428, 101428
20, 7720, 18, 101428, 104688
20, 7730, 18, 101428, 101428
20, 7740, 18, 101339, 102810
20, 7750, 18, 101339, 101339
20, 7760, 18, 101279, 104345
20, 7770, 18, 101279, 101279
20, 7780, 18, 101279, 102750
20, 7790, 18, 101279, 101279
20, 7800, 18, 101279, 102757
20, 7810, 18, 101279, 103532
20, 7820, 18, 101279, 102923
20, 7830, 18, 101279, 102008
20, 7840, 18, 101261, 102420
20, 7850, 18, 101261, 101261
20, 7860, 18, 101261, 102711
20, 7870, 18, 101261, 101261
20, 7880, 18, 101233, 101719
20, 7890, 18, 101233, 102178
20, 7900, 18, 101233, 101233
20, 7910, 18, 101233, 103809
20, 7920, 18, 101233, 103433
20, 7930, 18, 101192, 101233
20, 7940, 18, 101192, 101192
20, 7950, 18, 101192, 101192
20, 7960, 18, 101192, 104328
20, 7970, 18, 101163, 103993
20, 7980, 18, 101163, 104375
20, 7990, 18, 101163, 101163
20, 8000, 18, 101163, 102704
20, 8010, 18, 101163, 101163
20, 8020, 18, 100846, 101163
20, 8030, 18, 100846, 104060
20, 8040, 18, 100846, 101679
20, 8050, 18, 100846, 104088
20, 8060, 18, 100671, 103413
20, 8070, 18, 100671, 100671
20, 8080, 18, 100618, 100824
20, 8090, 18, 100436, 100436
20, 8100, 18, 100436, 100436
20, 8110, 18, 100425, 102756
20, 8120, 18, 100425, 100692
20, 8130, 18, 100425, 103259
20, 8140, 18, 100360, 102208
20, 8150, 18, 100284, 101424
20, 8160, 18, 100284, 100284
20, 8170, 18, 100231, 102830
20, 8180, 18, 99970, 103479
20, 8190, 18, 99970, 99970
20, 8200, 18, 99970, 99970
20, 8210, 18, 99970, 99970
20, 8220, 18, 99970, 99970
20, 8230, 18, 99854, 99970
20, 8240, 18, 99854, 99854
20, 8250, 18, 99854, 102130
20, 8260, 18, 99854, 99854
20, 8270, 18, 99854, 100319
20, 8280, 18, 99854, 99854
20, 8290, 18, 99854, 102953
20, 8300, 18, 99854, 99854
20, 8310, 18, 99667, 99718
20, 8320, 18, 99591, 99667
20, 8330, 18, 99591, 101133
20, 8340, 18, 99591, 100483
20, 8350, 18, 99591, 101191
20, 8360, 18, 99591, 99591
20, 8370, 18, 99467, 99591
20, 8380, 18, 99467, 99604
20, 8390, 18, 99467, 99467
20, 8400, 18, 99467, 99467
20, 8410, 18, 99467, 102017
20, 8420, 18, 99091, 101004
20, 8430, 18, 99091, 99091
20, 8440, 18, 99091, 99091
20, 8450, 18, 99091, 99406
20, 8460, 18, 98624, 100906
20, 8470, 18, 98624, 99953
20, 8480, 18, 98624, 100807
20, 8490, 18, 98624, 99833
20, 8500, 18, 98624, 98624
20, 8510, 18, 98624, 98624
20, 8520, 18, 98624, 99104
20, 8530, 18, 98624, 100472
20, 8540, 18, 98624, 98624
20, 8550, 18, 98624, 98624
20, 8560, 18, 98545, 101009
20, 8570, 18, 98545, 98545
20, 8580, 18, 98537, 98537
20, 8590, 18, 98020, 98866
20, 8600, 18, 98020, 98020
20, 8610, 18, 98020, 98020
20, 8620, 18, 97978, 98587
20, 8630, 18, 97901, 97978
20, 8640, 18, 97857, 98212
20, 8650, 18, 97526, 97857
20, 8660, 18, 97526, 98092
20, 8670, 18, 97480, 97526
20, 8680, 18, 97480, 98728
20, 8690, 18, 97480, 98737
20, 8700, 18, 97480, 101192
20, 8710, 18, 97480, 97480
20, 8720, 18, 97480, 100452
20, 8730, 18, 97396, 99517
20, 8740, 18, 97396, 99913
20, 8750, 18, 97396, 97720
20, 8760, 18, 97396, 97396
20, 8770, 18, 97325, 97396
20, 8780, 18, 97325, 97325
20, 8790, 18, 97323, 99298
20, 8800, 18, 97323, 102092
20, 8810, 18, 97323, 97323
20, 8820, 18, 97323, 97323
20, 8830, 18, 97110, 97323
20, 8840, 18, 96988, 96988
20, 8850, 18, 96909, 98279
20, 8860, 18, 96909, 98582
20, 8870, 18, 96868, 99966
20, 8880, 18, 96868, 96868
20, 8890, 18, 96859, 98589
20, 8900, 18, 96859, 96859
20, 8910, 18, 96859, 96859
20, 8920, 18, 96852, 98667
20, 8930, 18, 96852, 96852
20, 8940, 18, 96852, 96852
20, 8950, 18, 96852, 96852
20, 8960, 18, 96852, 96852
20, 8970, 18, 96852, 96852
20, 8980, 18, 96823, 96852
20, 8990, 18, 96823, 98103
20, 9000, 18, 96823, 96823
20, 9010, 18, 96610, 98610
20, 9020, 18, 96610, 96610
20, 9030, 18, 96610, 98167
20, 9040, 18, 96554, 97407
20, 9050, 18, 96554, 98684
20, 9060, 18, 96507, 96554
20, 9070, 18, 96507, 100511
20, 9080, 18, 96412, 98857
20, 9090, 18, 96412, 99566
20, 9100, 18, 96412, 98230
20, 9110, 18, 96412, 96412
20, 9120, 18, 96350, 96350
20, 9130, 18, 96350, 96350
20, 9140, 18, 96350, 97502
20, 9150, 18, 96303, 97621
20, 9160, 18, 96247, 96247
20, 9170, 18, 96247, 98357
20, 9180, 18, 96247, 96412
20, 9190, 18, 95901, 98794
20, 9200, 18, 95901, 95901
20, 9210, 18, 95854, 98124
20, 9220, 18, 95854, 98421
20, 9230, 18, 95854, 95854
20, 9240, 18, 95854, 96078
20, 9250, 18, 95854, 95854
20, 9260, 18, 95854, 95854
20, 9270, 18, 95854, 95854
20, 9280, 18, 95810, 95854
20, 9290, 18, 95807, 97438
20, 9300, 18, 95807, 95807
20, 9310, 18, 95807, 95807
20, 9320, 18, 95807, 96267
20, 9330, 18, 95807, 95807
20, 9340, 18, 95607, 95630
20, 9350, 18, 95607, 95607
20, 9360, 18, 95512, 96593
20, 9370, 18, 95278, 95278
20, 9380, 18, 94819, 95155
20, 9390, 18, 94819, 97598
20, 9400, 18, 94650, 96506
20, 9410, 18, 94650, 94650
20, 9420, 18, 94595, 97761
20, 9430, 18, 94595, 94595
20, 9440, 18, 94510, 95573
20, 9450, 18, 94326, 94326
20, 9460, 18, 94277, 95396
20, 9470, 18, 94277, 95160
20, 9480, 18, 94277, 95011
20, 9490, 18, 94277, 94277
20, 9500, 18, 94277, 94277
20, 9510, 18, 94231, 94231
20, 9520, 18, 94231, 94767
20, 9530, 18, 94229, 94231
20, 9540, 18, 94154, 98998
20, 9550, 18, 94154, 95586
20, 9560, 18, 93997, 94154
20, 9570, 18, 93997, 93997
20, 9580, 18, 93997, 93997
20, 9590, 18, 93997, 98049
20, 9600, 18, 93997, 93997
20, 9610, 18, 93997, 96576
20, 9620, 18, 93997, 93997
20, 9630, 18, 93917, 93997
20, 9640, 18, 93917, 95557
20, 9650, 18, 93917, 95386
20, 9660, 18, 93917, 93917
20, 9670, 18, 93775, 94639
20, 9680, 18, 93775, 95764
20, 9690, 18, 93768, 97207
20, 9700, 18, 93768, 95781
20, 9710, 18, 93768, 93768
20, 9720, 18, 93470, 93645
20, 9730, 18, 93470, 96142
20, 9740, 18, 93470, 93470
20, 9750, 18, 93470, 93470
20, 9760, 18, 93306, 94921
20, 9770, 18, 93055, 94434
20, 9780, 18, 93055, 95177
20, 9790, 18, 93055, 93255
20, 9800, 18, 93019, 96413
20, 9810, 18, 93019, 94865
20, 9820, 18, 93019, 95758
20, 9830, 18, 93019, 93019
20, 9840, 18, 93019, 93841
20, 9850, 18, 93019, 93447
20, 9860, 18, 93019, 93019
20, 9870, 18, 93019, 93019
20, 9880, 18, 93019, 93019
20, 9890, 18, 93019, 93818
20, 9900, 18, 93019, 93019
20, 9910, 18, 92928, 95515
20, 9920, 18, 92928, 93961
20, 9930, 18, 92928, 92928
20, 9940, 18, 92928, 92928
20, 9950, 18, 92928, 92928
20, 9960, 18, 92928, 92928
20, 9970, 18, 92928, 94924
20, 9980, 18, 92928, 92928
20, 9990, 18, 92928, 94646
20, 10000, 18, 92928, 92928
20, 10010, 18, 92928, 97910
20, 10020, 18, 92928, 95549
20, 10030, 18, 92756, 93822
20, 10040, 18, 92756, 93326
20, 10050, 18, 92756, 93212
20, 10060, 18, 92756, 92756
20, 10070, 18, 92756, 92756
20, 10080, 18, 92756, 93682
20, 10090, 18, 92756, 92756
20, 10100, 18, 92616, 92740
20, 10110, 18, 92616, 92616
20, 10120, 18, 92522, 92522
20, 10130, 18, 92522, 94527
20, 10140, 18, 92522, 92522
20, 10150, 18, 92434, 92522
20, 10160, 18, 92434, 92597
20, 10170, 18, 92434, 92434
20, 10180, 18, 92434, 93866
20, 10190, 18, 92434, 92434
20, 10200, 18, 92358, 94451
20, 10210, 18, 92320, 92358
20, 10220, 18, 92320, 92320
20, 10230, 18, 92279, 92320
20, 10240, 18, 92279, 96021
20, 10250, 18, 92140, 92140
20, 10260, 18, 92140, 92140
20, 10270, 18, 92063, 92063
20, 10280, 18, 92063, 94334
20, 10290, 18, 92063, 97584
20, 10300, 18, 92063, 92063
20, 10310, 18, 92063, 92063
20, 10320, 18, 92063, 95413
20, 10330, 18, 92063, 94107
20, 10340, 18, 92063, 94722
20, 10350, 18, 92063, 94170
20, 10360, 18, 92063, 93262
20, 10370, 18, 92022, 92022
20, 10380, 18, 91900, 93982
20, 10390, 18, 91734, 91959
20, 10400, 18, 91734, 91734
20, 10410, 18, 91734, 91734
20, 10420, 18, 91673, 91734
20, 10430, 18, 91673, 93327
20, 10440, 18, 91589, 91589
20, 10450, 18, 91589, 93302
20, 10460, 18, 91589, 91589
20, 10470, 18, 91589, 92896
20, 10480, 18, 91589, 91589
20, 10490, 18, 91589, 91589
20, 10500, 18, 91528, 91528
20, 10510, 18, 90975, 93097
20, 10520, 18, 90975, 94059
20, 10530, 18, 90975, 90975
20, 10540, 18, 90975, 90975
20, 10550, 18, 90835, 90835
20, 10560, 18, 90700, 92910
20, 10570, 18, 90700, 90700
20, 10580, 18, 90700, 90700
20, 10590, 18, 90580, 90700
20, 10600, 18, 90580, 90580
20, 10610, 18, 90580, 94460
20, 10620, 18, 90580, 90580
20, 10630, 18, 90580, 90580
20, 10640, 18, 90580, 90580
20, 10650, 18, 90580, 90580
20, 10660, 18, 90580, 92591
20, 10670, 18, 90580, 90580
20, 10680, 18, 90580, 93159
20, 10690, 18, 90562, 90562
20, 10700, 18, 90562, 90562
20, 10710, 18, 90562, 90562
20, 10720, 18, 90514, 92408
20, 10730, 18, 90514, 90514
20, 10740, 18, 90514, 91717
20, 10750, 18, 90514, 90514
20, 10760, 18, 90460, 94162
20, 10770, 18, 90460, 92489
20, 10780, 18, 90377, 94712
20, 10790, 18, 90377, 90377
20, 10800, 18, 90377, 90377
20, 10810, 18, 90377, 91190
20, 10820, 18, 90220, 90240
20, 10830, 18, 90045, 90416
20, 10840, 18, 89761, 89761
20, 10850, 18, 89761, 92198
20, 10860, 18, 89761, 91030
20, 10870, 18, 89761, 89761
20, 10880, 18, 89538, 91029
20, 10890, 18, 89538, 91378
20, 10900, 18, 89538, 89538
20, 10910, 18, 89387, 89538
20, 10920, 18, 89209, 89968
20, 10930, 18, 89209, 89209
20, 10940, 18, 89209, 89209
20, 10950, 18, 89209, 89209
20, 10960, 18, 89209, 91056
20, 10970, 18, 89209, 89209
20, 10980, 18, 89209, 89209
20, 10990, 18, 89192, 90693
20, 11000, 18, 89192, 90897
20, 11010, 18, 89145, 89192
20, 11020, 18, 88869, 89145
20, 11030, 18, 88869, 88869
20, 11040, 18, 88745, 88745
20, 11050, 18, 88745, 89488
20, 11060, 18, 88745, 88745
20, 11070, 18, 88649, 90975
20, 11080, 18, 88649, 88649
20, 11090, 18, 88649, 89284
20, 11100, 18, 88646, 88649
20, 11110, 18, 88646, 90284
20, 11120, 18, 88614, 88614
20, 11130, 18, 88614, 88614
20, 11140, 18, 88614, 88614
20, 11150, 18, 88574, 88614
20, 11160, 18, 88574, 88574
20, 11170, 18, 88574, 91277
20, 11180, 18, 88574, 88574
20, 11190, 18, 88488, 90884
20, 11200, 18, 88488, 88488
20, 11210, 18, 88488, 88488
20, 11220, 18, 88488, 88488
20, 11230, 18, 88488, 88488
20, 11240, 18, 88344, 88488
20, 11250, 18, 88344, 89259
20, 11260, 18, 88344, 88344
20, 11270, 18, 88344, 88344
20, 11280, 18, 88344, 88344
20, 11290, 18, 88344, 91015
20, 11300, 18, 88344, 88344
20, 11310, 18, 88344, 90180
20, 11320, 18, 88344, 90804
20, 11330, 18, 88344, 89695
20, 11340, 18, 88344, 90638
20, 11350, 18, 88344, 88344
20, 11360, 18, 88344, 88344
20, 11370, 18, 88344, 88344
20, 11380, 18, 88344, 90958
20, 11390, 18, 88220, 88220
20, 11400, 18, 88220, 88220
20, 11410, 18, 88220, 88220
20, 11420, 18, 88220, 88220
20, 11430, 18, 88220, 88220
20, 11440, 18, 88220, 88220
20, 11450, 18, 88220, 92006
20, 11460, 18, 88179, 90944
20, 11470, 18, 88179, 88179
20, 11480, 18, 88179, 88179
20, 11490, 18, 88179, 88179
20, 11500, 18, 88179, 88179
20, 11510, 18, 88179, 88179
20, 11520, 18, 88102, 88102
20, 11530, 18, 88102, 91127
20, 11540, 18, 88102, 88102
20, 11550, 18, 88002, 88002
20, 11560, 18, 88002, 88803
20, 11570, 18, 88002, 88002
20, 11580, 18, 88002, 88002
20, 11590, 18, 88002, 88002
20, 11600, 18, 88002, 88002
20, 11610, 18, 88002, 88002
20, 11620, 18, 87661, 87805
20, 11630, 18, 87661, 88052
20, 11640, 18, 87593, 90034
20, 11650, 18, 87593, 87593
20, 11660, 18, 87036, 87393
20, 11670, 18, 87036, 87036
20, 11680, 18, 86881, 86881
20, 11690, 18, 86881, 86881
20, 11700, 18, 86881, 87714
20, 11710, 18, 86881, 86881
20, 11720, 18, 86881, 86881
20, 11730, 18, 86881, 86881
20, 11740, 18, 86881, 86881
20, 11750, 18, 86718, 86718
20, 11760, 18, 86718, 86718
20, 11770, 18, 86579, 86718
20, 11780, 18, 86579, 86579
20, 11790, 18, 86579, 89933
20, 11800, 18, 86579, 86579
20, 11810, 18, 86579, 88542
20, 11820, 18, 86418, 89052
20, 11830, 18, 86418, 86418
20, 11840, 18, 86418, 86418
20, 11850, 18, 86418, 87304
20, 11860, 18, 86343, 86418
20, 11870, 18, 86343, 86343
20, 11880, 18, 86343, 88744
20, 11890, 18, 86343, 88321
20, 11900, 18, 86343, 86343
20, 11910, 18, 86306, 86306
20, 11920, 18, 86244, 86306
20, 11930, 18, 86244, 88341
20, 11940, 18, 86244, 86244
20, 11950, 18, 86244, 86244
20, 11960, 18, 86244, 86244
20, 11970, 18, 86244, 86244
20, 11980, 18, 86244, 86244
20, 11990, 18, 86244, 86244
20, 12000, 18, 86244, 86244
20, 12010, 18, 86244, 88216
20, 12020, 18, 86244, 86244
20, 12030, 18, 86244, 86244
20, 12040, 18, 86244, 86244
20, 12050, 18, 86244, 88073
20, 12060, 18, 86204, 86204
20, 12070, 18, 86204, 86831
20, 12080, 18, 86204, 86204
20, 12090, 18, 86204, 87029
20, 12100, 18, 86204, 86204
20, 12110, 18, 86204, 86204
20, 12120, 18, 86204, 86204
20, 12130, 18, 86200, 87101
20, 12140, 18, 86200, 86200
20, 12150, 18, 86200, 88862
20, 12160, 18, 86194, 86194
20, 12170, 18, 86194, 86194
20, 12180, 18, 86194, 86194
20, 12190, 18, 86194, 86194
20, 12200, 18, 86194, 86194
20, 12210, 18, 86194, 86194
20, 12220, 18, 86194, 89200
20, 12230, 18, 86060, 86060
20, 12240, 18, 86060, 86060
20, 12250, 18, 86060, 86060
20, 12260, 18, 86060, 86060
20, 12270, 18, 86060, 86060
20, 12280, 18, 85978, 86019
20, 12290, 18, 85978, 85978
20, 12300, 18, 85978, 85978
20, 12310, 18, 85978, 85978
20, 12320, 18, 85891, 85891
20, 12330, 18, 85691, 85891
20, 12340, 18, 85691, 89717
20, 12350, 18, 85691, 85691
20, 12360, 18, 85691, 85691
20, 12370, 18, 85691, 85691
20, 12380, 18, 85691, 85691
20, 12390, 18, 85691, 85691
20, 12400, 18, 85691, 85791
20, 12410, 18, 85691, 85691
20, 12420, 18, 85691, 86213
20, 12430, 18, 85567, 85691
20, 12440, 18, 85567, 85567
20, 12450, 18, 85567, 85567
20, 12460, 18, 85528, 85567
20, 12470, 18, 85357, 85528
20, 12480, 18, 85357, 87399
20, 12490, 18, 85325, 87705
20, 12500, 18, 85319, 85319
20, 12510, 18, 85319, 85319
20, 12520, 18, 85319, 85319
20, 12530, 18, 85319, 85319
20, 12540, 18, 85319, 85319
20, 12550, 18, 85319, 85319
20, 12560, 18, 85319, 85319
20, 12570, 18, 85319, 85319
20, 12580, 18, 85319, 85319
20, 12590, 18, 85319, 85724
20, 12600, 18, 85177, 85319
20, 12610, 18, 85177, 86089
20, 12620, 18, 85177, 85177
20, 12630, 18, 85177, 85177
20, 12640, 18, 85177, 86359
20, 12650, 18, 85177, 85177
20, 12660, 18, 85177, 85177
20, 12670, 18, 85129, 85177
20, 12680, 18, 85129, 85129
20, 12690, 18, 85053, 85053
20, 12700, 18, 85053, 85053
20, 12710, 18, 85053, 85053
20, 12720, 18, 85053, 85053
20, 12730, 18, 85053, 85053
20, 12740, 18, 85053, 85053
20, 12750, 18, 85053, 85053
20, 12760, 18, 85053, 85053
20, 12770, 18, 85053, 85053
20, 12780, 18, 85053, 85053
20, 12790, 18, 85053, 85053
20, 12800, 18, 85053, 85053
20, 12810, 18, 84871, 84944
20, 12820, 18, 84871, 84871
20, 12830, 18, 84871, 84871
20, 12840, 18, 84871, 84871
20, 12850, 18, 84871, 84871
20, 12860, 18, 84871, 84871
20, 12870, 18, 84868, 84868
20, 12880, 18, 84868, 84868
20, 12890, 18, 84868, 85334
20, 12900, 18, 84807, 86004
20, 12910, 18, 84807, 84807
20, 12920, 18, 84582, 84750
20, 12930, 18, 84482, 84582
20, 12940, 18, 84482, 84482
20, 12950, 18, 84482, 84482
20, 12960, 18, 84482, 84540
20, 12970, 18, 84482, 86358
20, 12980, 18, 84482, 85074
20, 12990, 18, 84482, 84482
20, 13000, 18, 84482, 86827
20, 13010, 18, 84482, 84482
20, 13020, 18, 84482, 84482
20, 13030, 18, 84482, 84482
20, 13040, 18, 84282, 84282
20, 13050, 18, 84282, 84300
20, 13060, 18, 84282, 84282
20, 13070, 18, 84282, 84282
20, 13080, 18, 84282, 84282
20, 13090, 18, 84223, 85182
20, 13100, 18, 84223, 84223
20, 13110, 18, 84223, 84605
20, 13120, 18, 84223, 84223
20, 13130, 18, 84223, 84223
20, 13140, 18, 84223, 86854
20, 13150, 18, 84223, 86759
20, 13160, 18, 84223, 85530
20, 13170, 18, 84072, 84072
20, 13180, 18, 84072, 84072
20, 13190, 18, 84072, 84072
20, 13200, 18, 84072, 87502
20, 13210, 18, 84072, 84072
20, 13220, 18, 83907, 83907
20, 13230, 18, 83907, 83907
20, 13240, 18, 83907, 83907
20, 13250, 18, 83907, 83907
20, 13260, 18, 83907, 83907
20, 13270, 18, 83907, 83907
20, 13280, 18, 83907, 83907
20, 13290, 18, 83907, 83907
20, 13300, 18, 83907, 86261
20, 13310, 18, 83907, 83907
20, 13320, 18, 83907, 83907
20, 13330, 18, 83907, 83907
20, 13340, 18, 83907, 83907
20, 13350, 18, 83907, 83907
20, 13360, 18, 83907, 83990
20, 13370, 18, 83889, 83889
20, 13380, 18, 83889, 83889
20, 13390, 18, 83848, 83889
20, 13400, 18, 83848, 83848
20, 13410, 18, 83834, 88583
20, 13420, 18, 83834, 88668
20, 13430, 18, 83834, 83834
20, 13440, 18, 83834, 86936
20, 13450, 18, 83810, 83834
20, 13460, 18, 83810, 83810
20, 13470, 18, 83723, 84421
20, 13480, 18, 83723, 83723
20, 13490, 18, 83723, 83723
20, 13500, 18, 83723, 83723
20, 13510, 18, 83723, 85632
20, 13520, 18, 83723, 83723
20, 13530, 18, 83723, 83723
20, 13540, 18, 83723, 83723
20, 13550, 18, 83723, 83723
20, 13560, 18, 83723, 87083
20, 13570, 18, 83723, 85452
20, 13580, 18, 83723, 83723
20, 13590, 18, 83723, 83723
20, 13600, 18, 83636, 83636
20, 13610, 18, 83636, 83636
20, 13620, 18, 83636, 83636
20, 13630, 18, 83636, 83636
20, 13640, 18, 83636, 83636
20, 13650, 18, 83636, 83636
20, 13660, 18, 83610, 83610
20, 13670, 18, 83610, 83610
20, 13680, 18, 83610, 83610
20, 13690, 18, 83610, 83610
20, 13700, 18, 83610, 83610
20, 13710, 18, 83610, 83610
20, 13720, 18, 83610, 83610
20, 13730, 18, 83610, 83610
20, 13740, 18, 83610, 84609
20, 13750, 18, 83610, 85880
20, 13760, 18, 83610, 84628
20, 13770, 18, 83610, 83610
20, 13780, 18, 83584, 83584
20, 13790, 18, 83584, 83584
20, 13800, 18, 83584, 83584
20, 13810, 18, 83584, 83584
20, 13820, 18, 83584, 83584
20, 13830, 18, 83584, 83584
20, 13840, 18, 83584, 83584
20, 13850, 18, 83558, 83558
20, 13860, 18, 83558, 83558
20, 13870, 18, 83558, 84135
20, 13880, 18, 83558, 83558
20, 13890, 18, 83127, 83733
20, 13900, 18, 83127, 83127
20, 13910, 18, 83127, 85138
20, 13920, 18, 82946, 82946
20, 13930, 18, 82946, 82946
20, 13940, 18, 82946, 83471
20, 13950, 18, 82946, 82946
20, 13960, 18, 82946, 82946
20, 13970, 18, 82946, 82946
20, 13980, 18, 82946, 82946
20, 13990, 18, 82946, 82946
20, 14000, 18, 82929, 84556
20, 14010, 18, 82493, 82929
20, 14020, 18, 82493, 82493
20, 14030, 18, 82484, 82484
20, 14040, 18, 82484, 82484
20, 14050, 18, 82484, 84151
20, 14060, 18, 82484, 82484
20, 14070, 18, 82484, 85578
20, 14080, 18, 82484, 82484
20, 14090, 18, 82484, 82484
20, 14100, 18, 82484, 82484
20, 14110, 18, 82484, 82484
20, 14120, 18, 82484, 83157
20, 14130, 18, 82484, 82484
20, 14140, 18, 82086, 82484
20, 14150, 18, 82086, 82086
20, 14160, 18, 82086, 82086
20, 14170, 18, 82086, 84075
20, 14180, 18, 82075, 82086
20, 14190, 18, 82075, 82075
20, 14200, 18, 82075, 82075
20, 14210, 18, 82075, 82075
20, 14220, 18, 82058, 84513
20, 14230, 18, 82058, 82058
20, 14240, 18, 82058, 82058
20, 14250, 18, 82013, 82058
20, 14260, 18, 82013, 82013
20, 14270, 18, 82013, 82013
20, 14280, 18, 82013, 82013
20, 14290, 18, 81970, 81970
20, 14300, 18, 81970, 82425
20, 14310, 18, 81846, 81970
20, 14320, 18, 81846, 81846
20, 14330, 18, 81846, 81846
20, 14340, 18, 81846, 81846
20, 14350, 18, 81815, 81815
20, 14360, 18, 81571, 81815
20, 14370, 18, 81571, 81571
20, 14380, 18, 81571, 84018
20, 14390, 18, 81571, 81571
20, 14400, 18, 81571, 81571
20, 14410, 18, 81571, 83665
20, 14420, 18, 81571, 81571
20, 14430, 18, 81571, 81571
20, 14440, 18, 81571, 81571
20, 14450, 18, 81571, 82254
20, 14460, 18, 81571, 81571
20, 14470, 18, 81571, 81571
20, 14480, 18, 81571, 81571
20, 14490, 18, 81497, 81571
20, 14500, 18, 81497, 81497
20, 14510, 18, 81497, 81497
20, 14520, 18, 81497, 81497
20, 14530, 18, 81497, 81497
20, 14540, 18, 81483, 81497
20, 14550, 18, 81483, 81483
20, 14560, 18, 81483, 81483
20, 14570, 18, 81483, 81483
20, 14580, 18, 81483, 81483
20, 14590, 18, 81462, 81483
20, 14600, 18, 81462, 81462
20, 14610, 18, 81462, 81462
20, 14620, 18, 81462, 81462
20, 14630, 18, 81343, 81343
20, 14640, 18, 81343, 81343
20, 14650, 18, 81343, 81343
20, 14660, 18, 81253, 81253
20, 14670, 18, 81253, 81253
20, 14680, 18, 81205, 81206
20, 14690, 18, 81182, 81205
20, 14700, 18, 81182, 81182
20, 14710, 18, 81182, 81182
20, 14720, 18, 81182, 81182
20, 14730, 18, 81182, 82898
20, 14740, 18, 81182, 81182
20, 14750, 18, 81182, 81182
20, 14760, 18, 81182, 81182
20, 14770, 18, 81182, 81182
20, 14780, 18, 80982, 80982
20, 14790, 18, 80982, 80982
20, 14800, 18, 80982, 80982
20, 14810, 18, 80982, 80982
20, 14820, 18, 80982, 80982
20, 14830, 18, 80982, 80982
20, 14840, 18, 80982, 81611
20, 14850, 18, 80913, 81599
20, 14860, 18, 80913, 80913
20, 14870, 18, 80913, 80913
20, 14880, 18, 80913, 80913
20, 14890, 18, 80807, 82631
20, 14900, 18, 80807, 80807
20, 14910, 18, 80807, 80807
20, 14920, 18, 80807, 80807
20, 14930, 18, 80807, 80807
20, 14940, 18, 80730, 80807
20, 14950, 18, 80730, 80730
20, 14960, 18, 80730, 80730
20, 14970, 18, 80730, 80730
20, 14980, 18, 80730, 80730
20, 14990, 18, 80730, 80730
20, 15000, 18, 80730, 80730
20, 15010, 18, 80730, 80730
20, 15020, 18, 80730, 80730
20, 15030, 18, 80710, 80730
20, 15040, 18, 80710, 80710
20, 15050, 18, 80710, 80710
20, 15060, 18, 80202, 80202
20, 15070, 18, 80154, 80593
20, 15080, 18, 80154, 80154
20, 15090, 18, 80154, 80154
20, 15100, 18, 80139, 81414
20, 15110, 18, 80139, 80139
20, 15120, 18, 80139, 80139
20, 15130, 18, 80139, 80139
20, 15140, 18, 80139, 80139
20, 15150, 18, 80139, 80139
20, 15160, 18, 80040, 80040
20, 15170, 18, 80040, 80567
20, 15180, 18, 80040, 80040
20, 15190, 18, 80040, 80040
20, 15200, 18, 80040, 80040
20, 15210, 18, 80040, 80040
20, 15220, 18, 80040, 80040
20, 15230, 18, 80040, 80040
20, 15240, 18, 80040, 80040
20, 15250, 18, 80022, 80022
20, 15260, 18, 80022, 80022
20, 15270, 18, 80022, 80022
20, 15280, 18, 80022, 80022
20, 15290, 18, 79822, 79822
20, 15300, 18, 79822, 79822
20, 15310, 18, 79822, 79822
20, 15320, 18, 79822, 79822
20, 15330, 18, 79553, 81338
20, 15340, 18, 79473, 79473
20, 15350, 18, 79473, 79473
20, 15360, 18, 79473, 79473
20, 15370, 18, 79473, 79473
20, 15380, 18, 79473, 79473
20, 15390, 18, 79473, 79473
20, 15400, 18, 79473, 79473
20, 15410, 18, 79473, 79473
20, 15420, 18, 79473, 79473
20, 15430, 18, 79473, 79473
20, 15440, 18, 79473, 79473
20, 15450, 18, 79473, 79473
20, 15460, 18, 79473, 80004
20, 15470, 18, 79473, 79473
20, 15480, 18, 79473, 79473
20, 15490, 18, 79473, 79473
20, 15500, 18, 79473, 79473
20, 15510, 18, 79417, 81247
20, 15520, 18, 79417, 79417
20, 15530, 18, 79417, 79417
20, 15540, 18, 79417, 79417
20, 15550, 18, 79417, 79417
20, 15560, 18, 79417, 79417
20, 15570, 18, 79417, 79417
20, 15580, 18, 79417, 79417
20, 15590, 18, 79417, 79417
20, 15600, 18, 79417, 79417
20, 15610, 18, 79417, 79417
20, 15620, 18, 79238, 79238
20, 15630, 18, 79238, 79238
20, 15640, 18, 79215, 79238
20, 15650, 18, 79191, 79191
20, 15660, 18, 79191, 80840
20, 15670, 18, 79150, 79150
20, 15680, 18, 79058, 79150
20, 15690, 18, 79058, 79058
20, 15700, 18, 79058, 82680
20, 15710, 18, 79058, 80408
20, 15720, 18, 79058, 79058
20, 15730, 18, 79058, 79058
20, 15740, 18, 79058, 79058
20, 15750, 18, 79058, 79811
20, 15760, 18, 79058, 79058
20, 15770, 18, 79058, 79058
20, 15780, 18, 79058, 79058
20, 15790, 18, 79058, 79058
20, 15800, 18, 79058, 80560
20, 15810, 18, 79058, 79058
20, 15820, 18, 79058, 79058
20, 15830, 18, 79058, 79896
20, 15840, 18, 79058, 79058
20, 15850, 18, 79058, 79058
20, 15860, 18, 79058, 79058
20, 15870, 18, 79058, 79058
20, 15880, 18, 79058, 79058
20, 15890, 18, 79058, 79058
20, 15900, 18, 79058, 79058
20, 15910, 18, 79042, 79042
20, 15920, 18, 79042, 79042
20, 15930, 18, 79042, 79042
20, 15940, 18, 79042, 80586
20, 15950, 18, 79042, 79042
20, 15960, 18, 79031, 79042
20, 15970, 18, 79031, 79031
20, 15980, 18, 79031, 79031
20, 15990, 18, 79031, 79031
20, 16000, 18, 79031, 79031
20, 16010, 18, 79031, 79031
20, 16020, 18, 79031, 81182
20, 16030, 18, 79031, 79031
20, 16040, 18, 79031, 79031
20, 16050, 18, 79031, 79031
20, 16060, 18, 79031, 79031
20, 16070, 18, 79031, 79031
20, 16080, 18, 78971, 78971
20, 16090, 18, 78971, 78971
20, 16100, 18, 78855, 78971
20, 16110, 18, 78855, 78855
20, 16120, 18, 78855, 78855
20, 16130, 18, 78855, 78855
20, 16140, 18, 78855, 78855
20, 16150, 18, 78855, 78855
20, 16160, 18, 78855, 78855
20, 16170, 18, 78855, 78855
20, 16180, 18, 78546, 78546
20, 16190, 18, 78421, 78546
20, 16200, 18, 78421, 78421
20, 16210, 18, 78421, 78421
20, 16220, 18, 78421, 78421
20, 16230, 18, 78421, 78421
20, 16240, 18, 78338, 78338
20, 16250, 18, 78280, 78280
20, 16260, 18, 78280, 78280
20, 16270, 18, 78280, 78280
20, 16280, 18, 78280, 78280
20, 16290, 18, 78280, 78280
20, 16300, 18, 78280, 78280
20, 16310, 18, 78280, 78280
20, 16320, 18, 78080, 78280
20, 16330, 18, 78080, 78080
20, 16340, 18, 78080, 78080
20, 16350, 18, 78062, 78062
20, 16360, 18, 78062, 78062
20, 16370, 18, 78062, 78062
20, 16380, 18, 78062, 78062
20, 16390, 18, 78062, 78278
20, 16400, 18, 78062, 79877
20, 16410, 18, 78062, 78062
20, 16420, 18, 77922, 77922
20, 16430, 18, 77922, 77922
20, 16440, 18, 77922, 77922
20, 16450, 18, 77895, 77895
20, 16460, 18, 77895, 77895
20, 16470, 18, 77895, 77895
20, 16480, 18, 77895, 77895
20, 16490, 18, 77895, 77895
20, 16500, 18, 77895, 77895
20, 16510, 18, 77895, 77895
20, 16520, 18, 77811, 77811
20, 16530, 18, 77811, 77811
20, 16540, 18, 77811, 77811
20, 16550, 18, 77811, 77811
20, 16560, 18, 77634, 77811
20, 16570, 18, 77634, 77634
20, 16580, 18, 77634, 77634
20, 16590, 18, 77634, 77634
20, 16600, 18, 77411, 77634
20, 16610, 18, 77411, 77411
20, 16620, 18, 77411, 77411
20, 16630, 18, 77411, 77411
20, 16640, 18, 77411, 77411
20, 16650, 18, 77411, 77411
20, 16660, 18, 77411, 77411
20, 16670, 18, 77411, 77411
20, 16680, 18, 77411, 79141
20, 16690, 18, 77411, 77411
20, 16700, 18, 77411, 77411
20, 16710, 18, 77411, 77411
20, 16720, 18, 77411, 77411
20, 16730, 18, 77411, 77411
20, 16740, 18, 77411, 77411
20, 16750, 18, 77411, 77411
20, 16760, 18, 77411, 77411
20, 16770, 18, 77411, 77411
20, 16780, 18, 77411, 77411
20, 16790, 18, 77411, 77411
20, 16800, 18, 77411, 77411
20, 16810, 18, 77411, 77411
20, 16820, 18, 77411, 77411
20, 16830, 18, 77411, 77411
20, 16840, 18, 77411, 77411
20, 16850, 18, 77395, 77395
20, 16860, 18, 77395, 77395
20, 16870, 18, 77358, 77358
20, 16880, 18, 77358, 77358
20, 16890, 18, 77358, 77358
20, 16900, 18, 77358, 77358
20, 16910, 18, 77358, 77358
20, 16920, 18, 77358, 77358
20, 16930, 18, 77358, 77358
20, 16940, 18, 77358, 77358
20, 16950, 18, 77358, 77358
20, 16960, 18, 77358, 77358
20, 16970, 18, 77358, 77358
20, 16980, 18, 77358, 77358
20, 16990, 18, 77358, 77358
20, 17000, 18, 77358, 77358
20, 17010, 18, 77358, 77358
20, 17020, 18, 77358, 77358
20, 17030, 18, 77358, 77358
20, 17040, 18, 77358, 77358
20, 17050, 18, 77358, 77358
20, 17060, 18, 77358, 77358
20, 17070, 18, 77358, 77358
20, 17080, 18, 77340, 77340
20, 17090, 18, 77340, 77340
20, 17100, 18, 77340, 77340
20, 17110, 18, 77340, 77340
20, 17120, 18, 77340, 77340
20, 17130, 18, 77340, 77340
20, 17140, 18, 77340, 77340
20, 17150, 18, 77340, 77340
20, 17160, 18, 77340, 77340
20, 17170, 18, 77340, 77340
20, 17180, 18, 77340, 77340
20, 17190, 18, 77340, 77340
20, 17200, 18, 77340, 77340
20, 17210, 18, 77256, 77340
20, 17220, 18, 77156, 77256
20, 17230, 18, 77156, 77156
20, 17240, 18, 77156, 77156
20, 17250, 18, 77114, 77438
20, 17260, 18, 77114, 77114
20, 17270, 18, 77114, 77114
20, 17280, 18, 76991, 77114
20, 17290, 18, 76991, 76991
20, 17300, 18, 76991, 76991
20, 17310, 18, 76965, 76991
20, 17320, 18, 76965, 76965
20, 17330, 18, 76965, 76965
20, 17340, 18, 76957, 76957
20, 17350, 18, 76957, 76957
20, 17360, 18, 76957, 76957
20, 17370, 18, 76957, 76957
20, 17380, 18, 76873, 76873
20, 17390, 18, 76873, 76873
20, 17400, 18, 76873, 76873
20, 17410, 18, 76873, 76873
20, 17420, 18, 76873, 77273
20, 17430, 18, 76873, 76873
20, 17440, 18, 76873, 78515
20, 17450, 18, 76873, 76873
20, 17460, 18, 76873, 76873
20, 17470, 18, 76873, 76873
20, 17480, 18, 76873, 76873
20, 17490, 18, 76873, 76873
20, 17500, 18, 76873, 76873
20, 17510, 18, 76873, 76873
20, 17520, 18, 76873, 76873
20, 17530, 18, 76732, 76732
20, 17540, 18, 76732, 76732
20, 17550, 18, 76732, 76732
20, 17560, 18, 76732, 76732
20, 17570, 18, 76732, 76732
20, 17580, 18, 76732, 76732
20, 17590, 18, 76732, 76732
20, 17600, 18, 76732, 76732
20, 17610, 18, 76732, 76732
20, 17620, 18, 76732, 76732
20, 17630, 18, 76732, 76732
20, 17640, 18, 76732, 76732
20, 17650, 18, 76732, 76732
20, 17660, 18, 76732, 76732
20, 17670, 18, 76732, 76732
20, 17680, 18, 76641, 76641
20, 17690, 18, 76641, 76641
20, 17700, 18, 76641, 76641
20, 17710, 18, 76612, 76612
20, 17720, 18, 76612, 76612
20, 17730, 18, 76551, 76551
20, 17740, 18, 76551, 76551
20, 17750, 18, 76551, 76551
20, 17760, 18, 76551, 76551
20, 17770, 18, 76551, 76551
20, 17780, 18, 76551, 76551
20, 17790, 18, 76551, 76551
20, 17800, 18, 76551, 78134
20, 17810, 18, 76551, 76551
20, 17820, 18, 76551, 76551
20, 17830, 18, 76551, 76551
20, 17840, 18, 76551, 76551
20, 17850, 18, 76551, 76551
20, 17860, 18, 76551, 76551
20, 17870, 18, 76551, 76551
20, 17880, 18, 76551, 76551
20, 17890, 18, 76551, 76551
20, 17900, 18, 76551, 76551
20, 17910, 18, 76551, 76551
20, 17920, 18, 76551, 76551
20, 17930, 18, 76551, 76551
20, 17940, 18, 76551, 76551
20, 17950, 18, 76551, 76551
20, 17960, 18, 76551, 76551
20, 17970, 18, 76551, 76551
20, 17980, 18, 76551, 76551
20, 17990, 18, 76551, 76551
20, 18000, 18, 76551, 76551
20, 18010, 18, 76551, 76551
20, 18020, 18, 76551, 76551
20, 18030, 18, 76551, 76551
20, 18040, 18, 76551, 76551
20, 18050, 18, 76551, 76551
20, 18060, 18, 76551, 76551
20, 18070, 18, 76551, 76551
20, 18080, 18, 76551, 76551
20, 18090, 18, 76551, 76551
20, 18100, 18, 76551, 76551
20, 18110, 18, 76551, 76551
20, 18120, 18, 76551, 76551
20, 18130, 18, 76551, 76551
20, 18140, 18, 76551, 76551
20, 18150, 18, 76551, 76551
20, 18160, 18, 76551, 76551
20, 18170, 18, 76551, 76551
20, 18180, 18, 76551, 76551
20, 18190, 18, 76551, 76551
20, 18200, 18, 76551, 76551
20, 18210, 18, 76551, 76551
20, 18220, 18, 76551, 76551
20, 18230, 18, 76551, 76551
20, 18240, 18, 76266, 76551
20, 18250, 18, 76266, 76266
20, 18260, 18, 76266, 76266
20, 18270, 18, 76266, 76266
20, 18280, 18, 76266, 76266
20, 18290, 18, 76266, 76266
20, 18300, 18, 76266, 76266
20, 18310, 18, 76266, 76266
20, 18320, 18, 76266, 76266
20, 18330, 18, 76266, 76266
20, 18340, 18, 76266, 76266
20, 18350, 18, 76266, 76266
20, 18360, 18, 76266, 76266
20, 18370, 18, 76266, 76266
20, 18380, 18, 76266, 76266
20, 18390, 18, 76266, 76266
20, 18400, 18, 76266, 76266
20, 18410, 18, 76235, 76235
20, 18420, 18, 76235, 76235
20, 18430, 18, 76235, 76235
20, 18440, 18, 76180, 76180
20, 18450, 18, 76180, 76180
20, 18460, 18, 76180, 76180
20, 18470, 18, 76180, 76180
20, 18480, 18, 76180, 76180
20, 18490, 18, 76180, 76180
20, 18500, 18, 76180, 76180
20, 18510, 18, 76180, 76180
20, 18520, 18, 76180, 76180
20, 18530, 18, 76180, 76180
20, 18540, 18, 76180, 76180
20, 18550, 18, 76180, 76180
20, 18560, 18, 76180, 76180
20, 18570, 18, 76180, 76180
20, 18580, 18, 76180, 76180
20, 18590, 18, 76056, 76056
20, 18600, 18, 76056, 76056
20, 18610, 18, 76056, 76056
20, 18620, 18, 76056, 76056
20, 18630, 18, 76056, 76056
20, 18640, 18, 76056, 76056
20, 18650, 18, 76056, 76056
20, 18660, 18, 76056, 76056
20, 18670, 18, 76056, 76056
20, 18680, 18, 76056, 76056
20, 18690, 18, 76056, 76056
20, 18700, 18, 76056, 76056
20, 18710, 18, 76056, 76056
20, 18720, 18, 76047, 76056
20, 18730, 18, 76047, 76047
20, 18740, 18, 76047, 76047
20, 18750, 18, 76047, 76047
20, 18760, 18, 76047, 76047
20, 18770, 18, 76047, 76047
20, 18780, 18, 76047, 76047
20, 18790, 18, 76023, 78427
20, 18800, 18, 76023, 76023
20, 18810, 18, 76023, 76023
20, 18820, 18, 76023, 76023
20, 18830, 18, 76023, 76023
20, 18840, 18, 76023, 76023
20, 18850, 18, 76023, 76023
20, 18860, 18, 76023, 76023
20, 18870, 18, 76023, 76023
20, 18880, 18, 76023, 76023
20, 18890, 18, 76023, 76023
20, 18900, 18, 76023, 76023
20, 18910, 18, 76023, 76023
20, 18920, 18, 76023, 76023
20, 18930, 18, 76023, 76023
20, 18940, 18, 76023, 76023
20, 18950, 18, 76023, 76023
20, 18960, 18, 76023, 76023
20, 18970, 18, 76023, 76023
20, 18980, 18, 76023, 76023
20, 18990, 18, 76023, 76023
20, 19000, 18, 76023, 77838
20, 19010, 18, 76023, 76023
20, 19020, 18, 76023, 76023
20, 19030, 18, 76023, 76023
20, 19040, 18, 76023, 76023
20, 19050, 18, 76023, 76023
20, 19060, 18, 76023, 76023
20, 19070, 18, 76023, 76023
20, 19080, 18, 76023, 76023
20, 19090, 18, 76023, 76023
20, 19100, 18, 76023, 76023
20, 19110, 18, 76023, 76023
20, 19120, 18, 76023, 76023
20, 19130, 18, 75976, 75976
20, 19140, 18, 75976, 75976
20, 19150, 18, 75976, 75976
20, 19160, 18, 75976, 75976
20, 19170, 18, 75976, 75976
20, 19180, 18, 75976, 75976
20, 19190, 18, 75976, 75976
20, 19200, 18, 75976, 75976
20, 19210, 18, 75976, 75976
20, 19220, 18, 75976, 75976
20, 19230, 18, 75976, 75976
20, 19240, 18, 75976, 75976
20, 19250, 18, 75976, 75976
20, 19260, 18, 75976, 75976
20, 19270, 18, 75791, 75831
20, 19280, 18, 75791, 75791
20, 19290, 18, 75667, 75791
20, 19300, 18, 75667, 75667
20, 19310, 18, 75667, 75667
20, 19320, 18, 75667, 78173
20, 19330, 18, 75667, 75667
20, 19340, 18, 75667, 75667
20, 19350, 18, 75667, 75667
20, 19360, 18, 75667, 75667
20, 19370, 18, 75667, 75667
20, 19380, 18, 75667, 75667
20, 19390, 18, 75667, 75667
20, 19400, 18, 75667, 75667
20, 19410, 18, 75667, 75667
20, 19420, 18, 75667, 75667
20, 19430, 18, 75667, 75667
20, 19440, 18, 75667, 75667
20, 19450, 18, 75667, 75667
20, 19460, 18, 75659, 75667
20, 19470, 18, 75659, 75659
20, 19480, 18, 75659, 75659
20, 19490, 18, 75659, 75659
20, 19500, 18, 75659, 75659
20, 19510, 18, 75659, 75659
20, 19520, 18, 75659, 75659
20, 19530, 18, 75659, 75659
20, 19540, 18, 75659, 75659
20, 19550, 18, 75659, 75659
20, 19560, 18, 75659, 75659
20, 19570, 18, 75659, 75659
20, 19580, 18, 75659, 75659
20, 19590, 18, 75659, 75659
20, 19600, 18, 75659, 75659
20, 19610, 18, 75659, 75659
20, 19620, 18, 75659, 75659
20, 19630, 18, 75659, 75659
20, 19640, 18, 75659, 75659
20, 19650, 18, 75659, 75659
20, 19660, 18, 75659, 75659
20, 19670, 18, 75659, 75659
20, 19680, 18, 75659, 75659
20, 19690, 18, 75659, 75659
20, 19700, 18, 75659, 75659
20, 19710, 18, 75659, 75659
20, 19720, 18, 75510, 75659
20, 19730, 18, 75462, 75462
20, 19740, 18, 75419, 75419
20, 19750, 18, 75419, 75419
20, 19760, 18, 75419, 75419
20, 19770, 18, 75419, 75419
20, 19780, 18, 74472, 74472
20, 19790, 18, 74472, 74472
20, 19800, 18, 74472, 74472
20, 19810, 18, 74402, 74402
20, 19820, 18, 74402, 74402
20, 19830, 18, 74376, 74376
20, 19840, 18, 74376, 74376
20, 19850, 18, 74376, 74376
20, 19860, 18, 74376, 74376
20, 19870, 18, 74376, 74376
20, 19880, 18, 74376, 74376
20, 19890, 18, 74305, 74376
20, 19900, 18, 74305, 74305
20, 19910, 18, 74181, 74181
20, 19920, 18, 74147, 74147
20, 19930, 18, 74147, 74147
20, 19940, 18, 74147, 74147
20, 19950, 18, 74147, 74147
20, 19960, 18, 74147, 74147
20, 19970, 18, 74147, 74147
20, 19980, 18, 74147, 74147
20, 19990, 18, 74147, 74147
