Population Size, Generation Count, Repetition, Best Fitness, Median Fitness
50, 0, 23, 739441, 771610
50, 10, 23, 707113, 716981
50, 20, 23, 690091, 695411
50, 30, 23, 670579, 675663
50, 40, 23, 656473, 659525
50, 50, 23, 635511, 645862
50, 60, 23, 622457, 630255
50, 70, 23, 608284, 613382
50, 80, 23, 594363, 599161
50, 90, 23, 581810, 588443
50, 100, 23, 571162, 576585
50, 110, 23, 560106, 565502
50, 120, 23, 547413, 552862
50, 130, 23, 536762, 542598
50, 140, 23, 526420, 531021
50, 150, 23, 514251, 519998
50, 160, 23, 506147, 511056
50, 170, 23, 499373, 501339
50, 180, 23, 491716, 495616
50, 190, 23, 483706, 487217
50, 200, 23, 476636, 479860
50, 210, 23, 471064, 474876
50, 220, 23, 464303, 470463
50, 230, 23, 456891, 460591
50, 240, 23, 451731, 455454
50, 250, 23, 446396, 449997
50, 260, 23, 439724, 444738
50, 270, 23, 432123, 436385
50, 280, 23, 424702, 431738
50, 290, 23, 419629, 424725
50, 300, 23, 415058, 417462
50, 310, 23, 407624, 413522
50, 320, 23, 399822, 404272
50, 330, 23, 395090, 399338
50, 340, 23, 391354, 393965
50, 350, 23, 387380, 390115
50, 360, 23, 382291, 386944
50, 370, 23, 379728, 382714
50, 380, 23, 376009, 379698
50, 390, 23, 371618, 374736
50, 400, 23, 367329, 372006
50, 410, 23, 363291, 367194
50, 420, 23, 359483, 362952
50, 430, 23, 356299, 359039
50, 440, 23, 355012, 356849
50, 450, 23, 350672, 355072
50, 460, 23, 347611, 349835
50, 470, 23, 343830, 347059
50, 480, 23, 339166, 344262
50, 490, 23, 335462, 339580
50, 500, 23, 331845, 335580
50, 510, 23, 329583, 332215
50, 520, 23, 327322, 329944
50, 530, 23, 323432, 326813
50, 540, 23, 321024, 322125
50, 550, 23, 317699, 321763
50, 560, 23, 315927, 319952
50, 570, 23, 314535, 316875
50, 580, 23, 310266, 312941
50, 590, 23, 308627, 312952
50, 600, 23, 305047, 307537
50, 610, 23, 303867, 306674
50, 620, 23, 301279, 303833
50, 630, 23, 297417, 301834
50, 640, 23, 294637, 298093
50, 650, 23, 292578, 295436
50, 660, 23, 290849, 294141
50, 670, 23, 289710, 291945
50, 680, 23, 288965, 291105
50, 690, 23, 287471, 289627
50, 700, 23, 285511, 291054
50, 710, 23, 283664, 286437
50, 720, 23, 279345, 283812
50, 730, 23, 278420, 280337
50, 740, 23, 276195, 279785
50, 750, 23, 274810, 277164
50, 760, 23, 273820, 277574
50, 770, 23, 272452, 274991
50, 780, 23, 270944, 274799
50, 790, 23, 268732, 271158
50, 800, 23, 266855, 269937
50, 810, 23, 265441, 268608
50, 820, 23, 262403, 265733
50, 830, 23, 259608, 264079
50, 840, 23, 259487, 261630
50, 850, 23, 258691, 261464
50, 860, 23, 256483, 258631
50, 870, 23, 254975, 255891
50, 880, 23, 254418, 257483
50, 890, 23, 254418, 256765
50, 900, 23, 252558, 255060
50, 910, 23, 250040, 255963
50, 920, 23, 248459, 251268
50, 930, 23, 246997, 250370
50, 940, 23, 245516, 248917
50, 950, 23, 243756, 247857
50, 960, 23, 240881, 243786
50, 970, 23, 239342, 241169
50, 980, 23, 237470, 239625
50, 990, 23, 237015, 238804
50, 1000, 23, 235977, 237211
50, 1010, 23, 234141, 237123
50, 1020, 23, 233188, 235321
50, 1030, 23, 231909, 233030
50, 1040, 23, 230972, 235323
50, 1050, 23, 229357, 233055
50, 1060, 23, 227945, 231247
50, 1070, 23, 226697, 231660
50, 1080, 23, 225833, 228550
50, 1090, 23, 225456, 227711
50, 1100, 23, 223787, 226025
50, 1110, 23, 222542, 226374
50, 1120, 23, 221438, 223700
50, 1130, 23, 219806, 222388
50, 1140, 23, 218750, 221505
50, 1150, 23, 218473, 221705
50, 1160, 23, 216909, 220388
50, 1170, 23, 215831, 219448
50, 1180, 23, 215070, 216972
50, 1190, 23, 213572, 215351
50, 1200, 23, 212735, 215086
50, 1210, 23, 211735, 216334
50, 1220, 23, 210690, 214531
50, 1230, 23, 210375, 212534
50, 1240, 23, 209303, 214051
50, 1250, 23, 207704, 210144
50, 1260, 23, 206850, 209357
50, 1270, 23, 206100, 209050
50, 1280, 23, 205217, 208839
50, 1290, 23, 204098, 205447
50, 1300, 23, 203594, 206798
50, 1310, 23, 202836, 204276
50, 1320, 23, 202435, 206983
50, 1330, 23, 201733, 204726
50, 1340, 23, 200136, 204623
50, 1350, 23, 199502, 201639
50, 1360, 23, 198860, 200348
50, 1370, 23, 198727, 201513
50, 1380, 23, 197856, 200666
50, 1390, 23, 197524, 202331
50, 1400, 23, 196582, 200441
50, 1410, 23, 196474, 199691
50, 1420, 23, 196097, 197632
50, 1430, 23, 195570, 199151
50, 1440, 23, 195508, 197051
50, 1450, 23, 194121, 197472
50, 1460, 23, 192415, 196044
50, 1470, 23, 191975, 194738
50, 1480, 23, 191493, 192845
50, 1490, 23, 190594, 193419
50, 1500, 23, 190301, 193749
50, 1510, 23, 189940, 192491
50, 1520, 23, 189321, 191257
50, 1530, 23, 188321, 191734
50, 1540, 23, 188196, 189765
50, 1550, 23, 187523, 190883
50, 1560, 23, 186273, 190459
50, 1570, 23, 185691, 187854
50, 1580, 23, 183653, 186442
50, 1590, 23, 183384, 185408
50, 1600, 23, 183027, 187658
50, 1610, 23, 182354, 186499
50, 1620, 23, 181576, 184266
50, 1630, 23, 180772, 184596
50, 1640, 23, 180193, 183628
50, 1650, 23, 180193, 183528
50, 1660, 23, 179364, 181220
50, 1670, 23, 178888, 181215
50, 1680, 23, 178261, 181127
50, 1690, 23, 177852, 178903
50, 1700, 23, 177355, 181724
50, 1710, 23, 176820, 179308
50, 1720, 23, 176820, 180081
50, 1730, 23, 176155, 179418
50, 1740, 23, 175736, 178785
50, 1750, 23, 175288, 176907
50, 1760, 23, 174777, 176078
50, 1770, 23, 173811, 176024
50, 1780, 23, 173611, 176357
50, 1790, 23, 172841, 173904
50, 1800, 23, 171581, 174268
50, 1810, 23, 170991, 174215
50, 1820, 23, 170222, 173355
50, 1830, 23, 169221, 171744
50, 1840, 23, 168776, 170654
50, 1850, 23, 168539, 169962
50, 1860, 23, 167693, 169600
50, 1870, 23, 166970, 169156
50, 1880, 23, 166403, 169922
50, 1890, 23, 165946, 169148
50, 1900, 23, 165946, 168441
50, 1910, 23, 165828, 168191
50, 1920, 23, 165222, 167065
50, 1930, 23, 164663, 167295
50, 1940, 23, 164569, 165634
50, 1950, 23, 164439, 166898
50, 1960, 23, 163450, 166270
50, 1970, 23, 163180, 166137
50, 1980, 23, 162863, 165321
50, 1990, 23, 162065, 163865
50, 2000, 23, 159815, 163578
50, 2010, 23, 159426, 161247
50, 2020, 23, 159110, 161294
50, 2030, 23, 158150, 160273
50, 2040, 23, 156930, 159394
50, 2050, 23, 156465, 159263
50, 2060, 23, 156112, 158532
50, 2070, 23, 155707, 158291
50, 2080, 23, 155245, 158212
50, 2090, 23, 154981, 157723
50, 2100, 23, 154961, 156665
50, 2110, 23, 154087, 158231
50, 2120, 23, 153687, 155919
50, 2130, 23, 153522, 155910
50, 2140, 23, 152723, 154660
50, 2150, 23, 152393, 154837
50, 2160, 23, 152165, 154924
50, 2170, 23, 150910, 155745
50, 2180, 23, 150538, 153727
50, 2190, 23, 150145, 152033
50, 2200, 23, 149681, 153094
50, 2210, 23, 148854, 151767
50, 2220, 23, 148655, 152553
50, 2230, 23, 148348, 152143
50, 2240, 23, 147287, 149049
50, 2250, 23, 145785, 146924
50, 2260, 23, 145090, 146769
50, 2270, 23, 144585, 147553
50, 2280, 23, 143816, 146857
50, 2290, 23, 143774, 145608
50, 2300, 23, 142847, 145216
50, 2310, 23, 142782, 146208
50, 2320, 23, 142771, 144882
50, 2330, 23, 142470, 144094
50, 2340, 23, 141954, 145197
50, 2350, 23, 141747, 145330
50, 2360, 23, 141492, 143769
50, 2370, 23, 141320, 143827
50, 2380, 23, 141016, 143394
50, 2390, 23, 140313, 142037
50, 2400, 23, 139457, 143418
50, 2410, 23, 139261, 139716
50, 2420, 23, 138711, 140789
50, 2430, 23, 138264, 139966
50, 2440, 23, 137813, 139965
50, 2450, 23, 137557, 141162
50, 2460, 23, 137509, 139061
50, 2470, 23, 137086, 139247
50, 2480, 23, 136736, 138166
50, 2490, 23, 136457, 139607
50, 2500, 23, 135640, 140663
50, 2510, 23, 135310, 138256
50, 2520, 23, 135093, 138449
50, 2530, 23, 135093, 137249
50, 2540, 23, 134472, 136947
50, 2550, 23, 134331, 137051
50, 2560, 23, 134331, 139037
50, 2570, 23, 133936, 135404
50, 2580, 23, 133936, 136322
50, 2590, 23, 133936, 135991
50, 2600, 23, 133700, 134228
50, 2610, 23, 133483, 136591
50, 2620, 23, 133169, 135699
50, 2630, 23, 132742, 134013
50, 2640, 23, 132391, 133105
50, 2650, 23, 132093, 135219
50, 2660, 23, 131911, 134518
50, 2670, 23, 131704, 133848
50, 2680, 23, 131442, 132805
50, 2690, 23, 131442, 132741
50, 2700, 23, 131280, 131442
50, 2710, 23, 131212, 134017
50, 2720, 23, 130812, 133703
50, 2730, 23, 130328, 131930
50, 2740, 23, 130082, 133698
50, 2750, 23, 129176, 131357
50, 2760, 23, 129106, 130890
50, 2770, 23, 128603, 129959
50, 2780, 23, 128461, 130136
50, 2790, 23, 128441, 130452
50, 2800, 23, 128115, 131697
50, 2810, 23, 128021, 129036
50, 2820, 23, 127958, 130513
50, 2830, 23, 127388, 129280
50, 2840, 23, 127388, 129254
50, 2850, 23, 127312, 127388
50, 2860, 23, 126781, 129131
50, 2870, 23, 125889, 129476
50, 2880, 23, 125740, 126889
50, 2890, 23, 125540, 126539
50, 2900, 23, 125356, 128290
50, 2910, 23, 125356, 125767
50, 2920, 23, 125356, 128476
50, 2930, 23, 125001, 127210
50, 2940, 23, 124500, 127366
50, 2950, 23, 124442, 126960
50, 2960, 23, 124146, 126954
50, 2970, 23, 123920, 125135
50, 2980, 23, 123848, 124539
50, 2990, 23, 123711, 125783
50, 3000, 23, 123548, 125691
50, 3010, 23, 123084, 124320
50, 3020, 23, 122741, 126351
50, 3030, 23, 122741, 125588
50, 3040, 23, 122268, 124064
50, 3050, 23, 122104, 124524
50, 3060, 23, 121983, 122532
50, 3070, 23, 121862, 124560
50, 3080, 23, 121862, 124536
50, 3090, 23, 121862, 124918
50, 3100, 23, 121738, 122610
50, 3110, 23, 121738, 124415
50, 3120, 23, 121626, 123622
50, 3130, 23, 121482, 123601
50, 3140, 23, 121111, 121949
50, 3150, 23, 120948, 121999
50, 3160, 23, 120752, 123425
50, 3170, 23, 120562, 122702
50, 3180, 23, 120475, 122097
50, 3190, 23, 120142, 121229
50, 3200, 23, 120081, 121873
50, 3210, 23, 119724, 120850
50, 3220, 23, 119460, 123325
50, 3230, 23, 119119, 122458
50, 3240, 23, 119119, 120142
50, 3250, 23, 119009, 120200
50, 3260, 23, 118711, 120276
50, 3270, 23, 118711, 121137
50, 3280, 23, 118351, 119637
50, 3290, 23, 118304, 121833
50, 3300, 23, 118052, 120945
50, 3310, 23, 118000, 120142
50, 3320, 23, 117987, 121197
50, 3330, 23, 117924, 121233
50, 3340, 23, 117301, 119027
50, 3350, 23, 117191, 120346
50, 3360, 23, 116917, 119054
50, 3370, 23, 116917, 116917
50, 3380, 23, 116654, 118243
50, 3390, 23, 116193, 117493
50, 3400, 23, 116193, 118480
50, 3410, 23, 116123, 119476
50, 3420, 23, 116123, 116751
50, 3430, 23, 116123, 118220
50, 3440, 23, 116123, 117274
50, 3450, 23, 116123, 119854
50, 3460, 23, 115746, 118651
50, 3470, 23, 115740, 118224
50, 3480, 23, 115613, 118035
50, 3490, 23, 115573, 118314
50, 3500, 23, 115432, 117082
50, 3510, 23, 115432, 117308
50, 3520, 23, 115315, 115484
50, 3530, 23, 115030, 117164
50, 3540, 23, 115030, 115247
50, 3550, 23, 114498, 118866
50, 3560, 23, 114498, 116368
50, 3570, 23, 114434, 117331
50, 3580, 23, 114434, 116193
50, 3590, 23, 114434, 115115
50, 3600, 23, 114434, 117336
50, 3610, 23, 114212, 116178
50, 3620, 23, 114212, 116308
50, 3630, 23, 114212, 117268
50, 3640, 23, 114149, 117519
50, 3650, 23, 114148, 117594
50, 3660, 23, 114086, 114373
50, 3670, 23, 114062, 116205
50, 3680, 23, 113535, 113812
50, 3690, 23, 113459, 116592
50, 3700, 23, 113344, 114646
50, 3710, 23, 113344, 116088
50, 3720, 23, 113220, 115094
50, 3730, 23, 113220, 115307
50, 3740, 23, 113220, 116453
50, 3750, 23, 113202, 116576
50, 3760, 23, 112938, 115249
50, 3770, 23, 112938, 115091
50, 3780, 23, 112663, 113995
50, 3790, 23, 112486, 113839
50, 3800, 23, 112233, 113292
50, 3810, 23, 112233, 113392
50, 3820, 23, 112033, 114056
50, 3830, 23, 111956, 114840
50, 3840, 23, 111788, 113225
50, 3850, 23, 111788, 114383
50, 3860, 23, 111668, 114515
50, 3870, 23, 111668, 113830
50, 3880, 23, 111634, 114576
50, 3890, 23, 111634, 114085
50, 3900, 23, 111634, 111956
50, 3910, 23, 111522, 114875
50, 3920, 23, 111447, 113866
50, 3930, 23, 111348, 111348
50, 3940, 23, 111348, 113721
50, 3950, 23, 111271, 112751
50, 3960, 23, 111130, 111272
50, 3970, 23, 110835, 113090
50, 3980, 23, 110824, 112205
50, 3990, 23, 110679, 112301
50, 4000, 23, 110654, 112721
50, 4010, 23, 110510, 112986
50, 4020, 23, 110477, 113299
50, 4030, 23, 110475, 112137
50, 4040, 23, 110475, 112996
50, 4050, 23, 110366, 112748
50, 4060, 23, 109895, 112405
50, 4070, 23, 109895, 113370
50, 4080, 23, 109771, 111063
50, 4090, 23, 109771, 112803
50, 4100, 23, 109771, 112656
50, 4110, 23, 109771, 113190
50, 4120, 23, 109641, 111152
50, 4130, 23, 109482, 111307
50, 4140, 23, 109482, 111301
50, 4150, 23, 109482, 112262
50, 4160, 23, 109482, 111294
50, 4170, 23, 109197, 109531
50, 4180, 23, 109185, 111567
50, 4190, 23, 109085, 111943
50, 4200, 23, 108795, 112353
50, 4210, 23, 108619, 111483
50, 4220, 23, 108509, 110981
50, 4230, 23, 108428, 109219
50, 4240, 23, 108110, 109375
50, 4250, 23, 108110, 109163
50, 4260, 23, 108110, 111036
50, 4270, 23, 108110, 109573
50, 4280, 23, 107879, 111939
50, 4290, 23, 107728, 110608
50, 4300, 23, 107419, 109892
50, 4310, 23, 107278, 109844
50, 4320, 23, 107115, 109095
50, 4330, 23, 107054, 108712
50, 4340, 23, 107054, 108024
50, 4350, 23, 107054, 109888
50, 4360, 23, 107054, 108363
50, 4370, 23, 107038, 109147
50, 4380, 23, 107022, 107638
50, 4390, 23, 106917, 109072
50, 4400, 23, 106859, 110089
50, 4410, 23, 106746, 108681
50, 4420, 23, 106711, 108655
50, 4430, 23, 106498, 108358
50, 4440, 23, 106341, 108614
50, 4450, 23, 106270, 107904
50, 4460, 23, 106135, 109103
50, 4470, 23, 106050, 106453
50, 4480, 23, 106044, 106337
50, 4490, 23, 106044, 108439
50, 4500, 23, 105856, 108869
50, 4510, 23, 105856, 108041
50, 4520, 23, 105744, 108426
50, 4530, 23, 105513, 107464
50, 4540, 23, 105345, 106603
50, 4550, 23, 105295, 107242
50, 4560, 23, 105295, 107154
50, 4570, 23, 105295, 108112
50, 4580, 23, 105244, 107813
50, 4590, 23, 105244, 106277
50, 4600, 23, 104969, 106645
50, 4610, 23, 104923, 105738
50, 4620, 23, 104693, 106810
50, 4630, 23, 104534, 107428
50, 4640, 23, 104349, 106158
50, 4650, 23, 104349, 106211
50, 4660, 23, 104349, 104349
50, 4670, 23, 104273, 106333
50, 4680, 23, 104261, 106767
50, 4690, 23, 104182, 105767
50, 4700, 23, 104021, 106906
50, 4710, 23, 103993, 104632
50, 4720, 23, 103987, 107339
50, 4730, 23, 103813, 105551
50, 4740, 23, 103813, 103813
50, 4750, 23, 103755, 104277
50, 4760, 23, 103516, 104969
50, 4770, 23, 103429, 103516
50, 4780, 23, 103426, 103563
50, 4790, 23, 103426, 106127
50, 4800, 23, 103426, 106074
50, 4810, 23, 103418, 105203
50, 4820, 23, 103418, 106943
50, 4830, 23, 103418, 105944
50, 4840, 23, 103418, 104236
50, 4850, 23, 102784, 105732
50, 4860, 23, 102605, 103993
50, 4870, 23, 102455, 103853
50, 4880, 23, 101747, 102455
50, 4890, 23, 101632, 102573
50, 4900, 23, 101632, 103530
50, 4910, 23, 101137, 105721
50, 4920, 23, 101137, 101907
50, 4930, 23, 100896, 104282
50, 4940, 23, 100755, 101694
50, 4950, 23, 100681, 100755
50, 4960, 23, 100681, 102709
50, 4970, 23, 100681, 102542
50, 4980, 23, 100420, 101565
50, 4990, 23, 100420, 101643
50, 5000, 23, 100420, 102994
50, 5010, 23, 100420, 103804
50, 5020, 23, 100327, 103363
50, 5030, 23, 100211, 101571
50, 5040, 23, 100121, 101684
50, 5050, 23, 99960, 101649
50, 5060, 23, 99695, 102855
50, 5070, 23, 99695, 103509
50, 5080, 23, 99695, 101160
50, 5090, 23, 99695, 101113
50, 5100, 23, 99695, 101245
50, 5110, 23, 99630, 102202
50, 5120, 23, 99630, 101791
50, 5130, 23, 99149, 102418
50, 5140, 23, 99091, 99605
50, 5150, 23, 98972, 101055
50, 5160, 23, 98778, 100148
50, 5170, 23, 98778, 101643
50, 5180, 23, 98778, 102050
50, 5190, 23, 98778, 100494
50, 5200, 23, 98614, 100512
50, 5210, 23, 98574, 100096
50, 5220, 23, 98373, 99958
50, 5230, 23, 98291, 100612
50, 5240, 23, 98244, 98291
50, 5250, 23, 98138, 99087
50, 5260, 23, 98054, 102365
50, 5270, 23, 98054, 100026
50, 5280, 23, 97749, 98054
50, 5290, 23, 97372, 98482
50, 5300, 23, 97372, 98126
50, 5310, 23, 97372, 99369
50, 5320, 23, 97254, 100143
50, 5330, 23, 96975, 98847
50, 5340, 23, 96692, 99058
50, 5350, 23, 96692, 96692
50, 5360, 23, 96456, 97565
50, 5370, 23, 96456, 98294
50, 5380, 23, 96450, 98557
50, 5390, 23, 96339, 99481
50, 5400, 23, 96265, 96265
50, 5410, 23, 96010, 97378
50, 5420, 23, 95945, 97684
50, 5430, 23, 95945, 96148
50, 5440, 23, 95885, 95885
50, 5450, 23, 95885, 98137
50, 5460, 23, 95668, 98308
50, 5470, 23, 95668, 99030
50, 5480, 23, 95181, 95689
50, 5490, 23, 95042, 96340
50, 5500, 23, 94780, 96902
50, 5510, 23, 94709, 97160
50, 5520, 23, 94651, 97863
50, 5530, 23, 94638, 96257
50, 5540, 23, 94343, 95504
50, 5550, 23, 94260, 96738
50, 5560, 23, 93817, 95009
50, 5570, 23, 93812, 96282
50, 5580, 23, 93729, 96635
50, 5590, 23, 93297, 95023
50, 5600, 23, 93297, 95061
50, 5610, 23, 93094, 95307
50, 5620, 23, 93094, 94851
50, 5630, 23, 93094, 94546
50, 5640, 23, 93094, 93597
50, 5650, 23, 92983, 94928
50, 5660, 23, 92896, 94303
50, 5670, 23, 92878, 92896
50, 5680, 23, 92811, 94465
50, 5690, 23, 92685, 92852
50, 5700, 23, 92685, 93674
50, 5710, 23, 92494, 93984
50, 5720, 23, 92431, 94675
50, 5730, 23, 92290, 94186
50, 5740, 23, 92290, 94879
50, 5750, 23, 91966, 95452
50, 5760, 23, 91946, 91947
50, 5770, 23, 91930, 91946
50, 5780, 23, 91733, 95479
50, 5790, 23, 91331, 91733
50, 5800, 23, 90939, 93003
50, 5810, 23, 90939, 92351
50, 5820, 23, 90939, 91569
50, 5830, 23, 90939, 92280
50, 5840, 23, 90863, 92774
50, 5850, 23, 90698, 94363
50, 5860, 23, 90698, 94487
50, 5870, 23, 90698, 92883
50, 5880, 23, 90698, 93879
50, 5890, 23, 90495, 93395
50, 5900, 23, 90495, 91530
50, 5910, 23, 90454, 92529
50, 5920, 23, 90454, 92332
50, 5930, 23, 90454, 91575
50, 5940, 23, 90454, 90577
50, 5950, 23, 90389, 94560
50, 5960, 23, 90133, 90389
50, 5970, 23, 90133, 90988
50, 5980, 23, 90133, 91740
50, 5990, 23, 90015, 91521
50, 6000, 23, 90015, 92889
50, 6010, 23, 89917, 90015
50, 6020, 23, 89858, 89858
50, 6030, 23, 89858, 90543
50, 6040, 23, 89748, 89748
50, 6050, 23, 89653, 91848
50, 6060, 23, 89653, 91051
50, 6070, 23, 89653, 89653
50, 6080, 23, 89653, 91942
50, 6090, 23, 89653, 91601
50, 6100, 23, 89601, 92039
50, 6110, 23, 89601, 92054
50, 6120, 23, 89601, 89778
50, 6130, 23, 89601, 90751
50, 6140, 23, 89601, 90935
50, 6150, 23, 89597, 92536
50, 6160, 23, 89597, 89597
50, 6170, 23, 89362, 89597
50, 6180, 23, 89362, 90181
50, 6190, 23, 89117, 91452
50, 6200, 23, 89117, 91240
50, 6210, 23, 89117, 91814
50, 6220, 23, 89117, 90407
50, 6230, 23, 89098, 89117
50, 6240, 23, 89022, 89022
50, 6250, 23, 89022, 89914
50, 6260, 23, 89022, 89022
50, 6270, 23, 89022, 90871
50, 6280, 23, 88942, 88997
50, 6290, 23, 88578, 89937
50, 6300, 23, 88385, 88578
50, 6310, 23, 88320, 90670
50, 6320, 23, 88320, 88988
50, 6330, 23, 88320, 91210
50, 6340, 23, 88234, 89868
50, 6350, 23, 88234, 90468
50, 6360, 23, 88234, 88750
50, 6370, 23, 88234, 89784
50, 6380, 23, 88234, 90017
50, 6390, 23, 88223, 89240
50, 6400, 23, 88165, 90992
50, 6410, 23, 88165, 88223
50, 6420, 23, 88066, 89210
50, 6430, 23, 87973, 88066
50, 6440, 23, 87673, 89372
50, 6450, 23, 87673, 89642
50, 6460, 23, 87564, 87673
50, 6470, 23, 87564, 88647
50, 6480, 23, 87535, 89279
50, 6490, 23, 87535, 87535
50, 6500, 23, 87482, 89488
50, 6510, 23, 87462, 88629
50, 6520, 23, 87462, 88711
50, 6530, 23, 87462, 87462
50, 6540, 23, 87413, 88699
50, 6550, 23, 87389, 90700
50, 6560, 23, 87324, 88268
50, 6570, 23, 87262, 88734
50, 6580, 23, 87262, 87262
50, 6590, 23, 87262, 89831
50, 6600, 23, 87210, 89873
50, 6610, 23, 87149, 88713
50, 6620, 23, 87091, 87889
50, 6630, 23, 87091, 87734
50, 6640, 23, 87091, 89917
50, 6650, 23, 87091, 87091
50, 6660, 23, 87091, 88837
50, 6670, 23, 87086, 87091
50, 6680, 23, 87086, 87086
50, 6690, 23, 87086, 88389
50, 6700, 23, 87034, 89738
50, 6710, 23, 87034, 89573
50, 6720, 23, 87034, 88365
50, 6730, 23, 87033, 89950
50, 6740, 23, 86960, 87033
50, 6750, 23, 86902, 86902
50, 6760, 23, 86847, 88838
50, 6770, 23, 86847, 87207
50, 6780, 23, 86823, 86823
50, 6790, 23, 86817, 88682
50, 6800, 23, 86817, 87915
50, 6810, 23, 86811, 87113
50, 6820, 23, 86793, 86811
50, 6830, 23, 86793, 87670
50, 6840, 23, 86793, 88087
50, 6850, 23, 86793, 86793
50, 6860, 23, 86793, 87286
50, 6870, 23, 86793, 87257
50, 6880, 23, 86793, 88732
50, 6890, 23, 86640, 86793
50, 6900, 23, 86640, 86640
50, 6910, 23, 86640, 86640
50, 6920, 23, 86584, 90466
50, 6930, 23, 86584, 87389
50, 6940, 23, 86584, 86584
50, 6950, 23, 86521, 86584
50, 6960, 23, 86521, 88625
50, 6970, 23, 86260, 86521
50, 6980, 23, 86257, 89046
50, 6990, 23, 86209, 86257
50, 7000, 23, 86209, 88370
50, 7010, 23, 86209, 87460
50, 7020, 23, 86149, 88576
50, 7030, 23, 86149, 86149
50, 7040, 23, 86105, 87011
50, 7050, 23, 86105, 87093
50, 7060, 23, 86105, 87562
50, 7070, 23, 85905, 85905
50, 7080, 23, 85789, 87137
50, 7090, 23, 85789, 87996
50, 7100, 23, 85789, 87193
50, 7110, 23, 85789, 87706
50, 7120, 23, 85789, 88729
50, 7130, 23, 85789, 86931
50, 7140, 23, 85734, 87676
50, 7150, 23, 85734, 85734
50, 7160, 23, 85683, 88128
50, 7170, 23, 85211, 85683
50, 7180, 23, 85211, 85211
50, 7190, 23, 85186, 87072
50, 7200, 23, 85186, 85673
50, 7210, 23, 85181, 88782
50, 7220, 23, 85156, 85995
50, 7230, 23, 85122, 88230
50, 7240, 23, 85122, 88026
50, 7250, 23, 85122, 86634
50, 7260, 23, 85122, 85828
50, 7270, 23, 85070, 85122
50, 7280, 23, 85070, 85135
50, 7290, 23, 85070, 85070
50, 7300, 23, 84419, 85009
50, 7310, 23, 84391, 86089
50, 7320, 23, 84339, 85774
50, 7330, 23, 84339, 86542
50, 7340, 23, 84339, 84339
50, 7350, 23, 84339, 84952
50, 7360, 23, 84183, 86697
50, 7370, 23, 84183, 84183
50, 7380, 23, 84183, 84183
50, 7390, 23, 84183, 85253
50, 7400, 23, 84183, 84183
50, 7410, 23, 84183, 84183
50, 7420, 23, 83924, 86819
50, 7430, 23, 83822, 86356
50, 7440, 23, 83818, 86768
50, 7450, 23, 83557, 83557
50, 7460, 23, 83221, 85082
50, 7470, 23, 83121, 83933
50, 7480, 23, 83121, 85382
50, 7490, 23, 83121, 83121
50, 7500, 23, 83121, 84832
50, 7510, 23, 83107, 83121
50, 7520, 23, 82884, 85215
50, 7530, 23, 82826, 85130
50, 7540, 23, 82826, 84356
50, 7550, 23, 82826, 83532
50, 7560, 23, 82826, 83628
50, 7570, 23, 82826, 83363
50, 7580, 23, 82826, 84338
50, 7590, 23, 82826, 83712
50, 7600, 23, 82585, 82826
50, 7610, 23, 82545, 82777
50, 7620, 23, 82545, 83230
50, 7630, 23, 82545, 82545
50, 7640, 23, 82482, 82545
50, 7650, 23, 82482, 83097
50, 7660, 23, 82419, 82654
50, 7670, 23, 82419, 84523
50, 7680, 23, 82419, 83985
50, 7690, 23, 82419, 82419
50, 7700, 23, 82116, 83495
50, 7710, 23, 81857, 84376
50, 7720, 23, 81815, 83711
50, 7730, 23, 81815, 82884
50, 7740, 23, 81815, 82607
50, 7750, 23, 81815, 83005
50, 7760, 23, 81815, 81815
50, 7770, 23, 81810, 84182
50, 7780, 23, 81786, 82789
50, 7790, 23, 81786, 82934
50, 7800, 23, 81661, 83833
50, 7810, 23, 81661, 82337
50, 7820, 23, 81661, 84116
50, 7830, 23, 81661, 83032
50, 7840, 23, 81661, 81661
50, 7850, 23, 81661, 82998
50, 7860, 23, 81469, 81537
50, 7870, 23, 81452, 82350
50, 7880, 23, 81452, 83404
50, 7890, 23, 81452, 81452
50, 7900, 23, 81435, 81632
50, 7910, 23, 81435, 82860
50, 7920, 23, 81435, 81917
50, 7930, 23, 81291, 81291
50, 7940, 23, 81291, 83293
50, 7950, 23, 81291, 82225
50, 7960, 23, 81291, 81291
50, 7970, 23, 81291, 83195
50, 7980, 23, 81120, 83145
50, 7990, 23, 81102, 81102
50, 8000, 23, 81102, 83625
50, 8010, 23, 81102, 81102
50, 8020, 23, 80970, 81102
50, 8030, 23, 80970, 80970
50, 8040, 23, 80970, 82349
50, 8050, 23, 80970, 81668
50, 8060, 23, 80970, 81705
50, 8070, 23, 80970, 81688
50, 8080, 23, 80943, 80970
50, 8090, 23, 80943, 80971
50, 8100, 23, 80943, 81783
50, 8110, 23, 80910, 81483
50, 8120, 23, 80910, 80910
50, 8130, 23, 80910, 80910
50, 8140, 23, 80910, 81109
50, 8150, 23, 80910, 81610
50, 8160, 23, 80793, 80910
50, 8170, 23, 80735, 83041
50, 8180, 23, 80735, 80735
50, 8190, 23, 80701, 81645
50, 8200, 23, 80560, 80701
50, 8210, 23, 80560, 80560
50, 8220, 23, 80560, 80560
50, 8230, 23, 80560, 80560
50, 8240, 23, 80560, 80560
50, 8250, 23, 80223, 83147
50, 8260, 23, 80205, 80223
50, 8270, 23, 80188, 81723
50, 8280, 23, 80188, 80188
50, 8290, 23, 80147, 81439
50, 8300, 23, 80129, 80129
50, 8310, 23, 79911, 80129
50, 8320, 23, 79887, 79911
50, 8330, 23, 79887, 79887
50, 8340, 23, 79887, 79887
50, 8350, 23, 79804, 79887
50, 8360, 23, 79804, 79804
50, 8370, 23, 79804, 79804
50, 8380, 23, 79804, 79804
50, 8390, 23, 79804, 79804
50, 8400, 23, 79804, 81075
50, 8410, 23, 79681, 79804
50, 8420, 23, 79681, 79704
50, 8430, 23, 79621, 80697
50, 8440, 23, 79621, 81762
50, 8450, 23, 79556, 82619
50, 8460, 23, 79495, 79556
50, 8470, 23, 79436, 79436
50, 8480, 23, 79250, 79436
50, 8490, 23, 79250, 81937
50, 8500, 23, 79250, 79250
50, 8510, 23, 79250, 79896
50, 8520, 23, 79250, 79515
50, 8530, 23, 78850, 80051
50, 8540, 23, 78850, 78850
50, 8550, 23, 78850, 78850
50, 8560, 23, 78840, 78850
50, 8570, 23, 78840, 78840
50, 8580, 23, 78822, 78822
50, 8590, 23, 78506, 78822
50, 8600, 23, 78488, 79022
50, 8610, 23, 78488, 80190
50, 8620, 23, 78488, 78612
50, 8630, 23, 78488, 78488
50, 8640, 23, 78433, 78688
50, 8650, 23, 78433, 78433
50, 8660, 23, 78433, 78433
50, 8670, 23, 77567, 78487
50, 8680, 23, 77567, 79968
50, 8690, 23, 77567, 77567
50, 8700, 23, 77528, 78844
50, 8710, 23, 77528, 77528
50, 8720, 23, 77528, 78625
50, 8730, 23, 77528, 78477
50, 8740, 23, 77430, 77528
50, 8750, 23, 77430, 77430
50, 8760, 23, 77430, 78497
50, 8770, 23, 77391, 79665
50, 8780, 23, 77292, 77391
50, 8790, 23, 77292, 77849
50, 8800, 23, 77221, 77221
50, 8810, 23, 77098, 77221
50, 8820, 23, 76815, 76976
50, 8830, 23, 76815, 76815
50, 8840, 23, 76733, 77002
50, 8850, 23, 76636, 76733
50, 8860, 23, 76636, 78840
50, 8870, 23, 76492, 77651
50, 8880, 23, 76492, 78434
50, 8890, 23, 76492, 76558
50, 8900, 23, 76492, 76492
50, 8910, 23, 76331, 76492
50, 8920, 23, 76331, 76331
50, 8930, 23, 76331, 77921
50, 8940, 23, 76331, 76603
50, 8950, 23, 76331, 76331
50, 8960, 23, 76331, 77911
50, 8970, 23, 76272, 76331
50, 8980, 23, 76272, 76272
50, 8990, 23, 76272, 76272
50, 9000, 23, 76272, 76272
50, 9010, 23, 76272, 76272
50, 9020, 23, 76155, 77311
50, 9030, 23, 76155, 78082
50, 9040, 23, 76155, 76155
50, 9050, 23, 76155, 76898
50, 9060, 23, 76155, 76155
50, 9070, 23, 76155, 76155
50, 9080, 23, 76155, 76630
50, 9090, 23, 76134, 76155
50, 9100, 23, 76134, 76134
50, 9110, 23, 76134, 76134
50, 9120, 23, 76134, 76134
50, 9130, 23, 76134, 79296
50, 9140, 23, 76134, 76134
50, 9150, 23, 76134, 77695
50, 9160, 23, 75770, 76451
50, 9170, 23, 75752, 75752
50, 9180, 23, 75752, 77135
50, 9190, 23, 75752, 75752
50, 9200, 23, 75752, 76504
50, 9210, 23, 75752, 75752
50, 9220, 23, 75752, 76339
50, 9230, 23, 75470, 75922
50, 9240, 23, 75470, 75470
50, 9250, 23, 75470, 75470
50, 9260, 23, 75470, 75470
50, 9270, 23, 75470, 75723
50, 9280, 23, 75470, 76835
50, 9290, 23, 75470, 75470
50, 9300, 23, 75470, 75470
50, 9310, 23, 75470, 76126
50, 9320, 23, 75470, 76174
50, 9330, 23, 75386, 75386
50, 9340, 23, 75386, 76942
50, 9350, 23, 75382, 77088
50, 9360, 23, 75382, 77924
50, 9370, 23, 75382, 75382
50, 9380, 23, 75382, 77828
50, 9390, 23, 75382, 75382
50, 9400, 23, 75382, 75682
50, 9410, 23, 75382, 75382
50, 9420, 23, 75382, 75870
50, 9430, 23, 75382, 76554
50, 9440, 23, 75382, 75382
50, 9450, 23, 75376, 76611
50, 9460, 23, 75304, 75304
50, 9470, 23, 75304, 75304
50, 9480, 23, 75304, 75304
50, 9490, 23, 75304, 75304
50, 9500, 23, 75298, 75304
50, 9510, 23, 75093, 75216
50, 9520, 23, 75093, 75093
50, 9530, 23, 75093, 75093
50, 9540, 23, 74980, 76620
50, 9550, 23, 74980, 74980
50, 9560, 23, 74980, 74980
50, 9570, 23, 74698, 74980
50, 9580, 23, 74498, 74698
50, 9590, 23, 74498, 74498
50, 9600, 23, 74498, 75345
50, 9610, 23, 74294, 74498
50, 9620, 23, 74294, 76187
50, 9630, 23, 74294, 74294
50, 9640, 23, 74201, 74294
50, 9650, 23, 74201, 74201
50, 9660, 23, 74057, 74201
50, 9670, 23, 74057, 74057
50, 9680, 23, 74057, 74057
50, 9690, 23, 73973, 74057
50, 9700, 23, 73973, 74492
50, 9710, 23, 73880, 75991
50, 9720, 23, 73880, 73880
50, 9730, 23, 73880, 75753
50, 9740, 23, 73880, 74649
50, 9750, 23, 73880, 73880
50, 9760, 23, 73880, 74280
50, 9770, 23, 73808, 73880
50, 9780, 23, 73808, 73808
50, 9790, 23, 73749, 73808
50, 9800, 23, 73690, 73749
50, 9810, 23, 73690, 73690
50, 9820, 23, 73690, 73885
50, 9830, 23, 73690, 73690
50, 9840, 23, 73690, 73690
50, 9850, 23, 73587, 74631
50, 9860, 23, 73587, 73587
50, 9870, 23, 73587, 74625
50, 9880, 23, 73587, 73587
50, 9890, 23, 73587, 73587
50, 9900, 23, 73581, 74487
50, 9910, 23, 73581, 74143
50, 9920, 23, 73581, 74695
50, 9930, 23, 73581, 74294
50, 9940, 23, 73581, 73581
50, 9950, 23, 73581, 73581
50, 9960, 23, 73571, 73581
50, 9970, 23, 73460, 73460
50, 9980, 23, 73460, 74795
50, 9990, 23, 73460, 73460
50, 10000, 23, 73460, 73460
50, 10010, 23, 73460, 73812
50, 10020, 23, 73460, 74107
50, 10030, 23, 73405, 73460
50, 10040, 23, 73405, 73405
50, 10050, 23, 73346, 73405
50, 10060, 23, 73346, 73346
50, 10070, 23, 73231, 73346
50, 10080, 23, 73231, 73794
50, 10090, 23, 73231, 73231
50, 10100, 23, 73231, 74696
50, 10110, 23, 73231, 74923
50, 10120, 23, 73231, 73231
50, 10130, 23, 73231, 73231
50, 10140, 23, 73231, 73231
50, 10150, 23, 73231, 73231
50, 10160, 23, 73175, 73231
50, 10170, 23, 73160, 73175
50, 10180, 23, 73109, 73160
50, 10190, 23, 73109, 73109
50, 10200, 23, 73109, 74873
50, 10210, 23, 73109, 73342
50, 10220, 23, 73109, 73109
50, 10230, 23, 73109, 73109
50, 10240, 23, 73109, 73109
50, 10250, 23, 73109, 73574
50, 10260, 23, 73109, 73109
50, 10270, 23, 72996, 74821
50, 10280, 23, 72996, 72996
50, 10290, 23, 72996, 73428
50, 10300, 23, 72996, 74396
50, 10310, 23, 72938, 74350
50, 10320, 23, 72938, 72938
50, 10330, 23, 72938, 72938
50, 10340, 23, 72938, 74174
50, 10350, 23, 72938, 74804
50, 10360, 23, 72938, 72938
50, 10370, 23, 72938, 72938
50, 10380, 23, 72938, 72938
50, 10390, 23, 72938, 72938
50, 10400, 23, 72938, 72938
50, 10410, 23, 72938, 72938
50, 10420, 23, 72638, 72938
50, 10430, 23, 72638, 72638
50, 10440, 23, 72638, 72638
50, 10450, 23, 72638, 72638
50, 10460, 23, 72638, 74457
50, 10470, 23, 72554, 74760
50, 10480, 23, 72554, 72554
50, 10490, 23, 72471, 72554
50, 10500, 23, 72471, 72471
50, 10510, 23, 72471, 72471
50, 10520, 23, 72413, 72471
50, 10530, 23, 72413, 72413
50, 10540, 23, 72308, 73373
50, 10550, 23, 72308, 73662
50, 10560, 23, 72308, 72308
50, 10570, 23, 72308, 72308
50, 10580, 23, 72308, 72969
50, 10590, 23, 72308, 72535
50, 10600, 23, 72308, 72308
50, 10610, 23, 72236, 72308
50, 10620, 23, 72234, 72236
50, 10630, 23, 72192, 72234
50, 10640, 23, 72174, 72500
50, 10650, 23, 72115, 72174
50, 10660, 23, 72115, 72115
50, 10670, 23, 71992, 71992
50, 10680, 23, 71992, 71992
50, 10690, 23, 71992, 71992
50, 10700, 23, 71992, 71992
50, 10710, 23, 71992, 71992
50, 10720, 23, 71953, 71953
50, 10730, 23, 71953, 71953
50, 10740, 23, 71953, 71953
50, 10750, 23, 71953, 71953
50, 10760, 23, 71825, 71953
50, 10770, 23, 71782, 72687
50, 10780, 23, 71782, 71782
50, 10790, 23, 71782, 71782
50, 10800, 23, 71637, 71782
50, 10810, 23, 71637, 71637
50, 10820, 23, 71637, 71637
50, 10830, 23, 71637, 71637
50, 10840, 23, 71637, 71637
50, 10850, 23, 71637, 71637
50, 10860, 23, 71637, 72944
50, 10870, 23, 71457, 71637
50, 10880, 23, 71457, 71457
50, 10890, 23, 71457, 71457
50, 10900, 23, 71457, 72441
50, 10910, 23, 71457, 71457
50, 10920, 23, 71457, 71457
50, 10930, 23, 71457, 71457
50, 10940, 23, 70988, 70988
50, 10950, 23, 70988, 70988
50, 10960, 23, 70988, 73011
50, 10970, 23, 70988, 70988
50, 10980, 23, 70988, 70988
50, 10990, 23, 70988, 70988
50, 11000, 23, 70988, 70988
50, 11010, 23, 70854, 70988
50, 11020, 23, 70679, 70679
50, 11030, 23, 70679, 70679
50, 11040, 23, 70679, 70679
50, 11050, 23, 70679, 70679
50, 11060, 23, 70679, 70679
50, 11070, 23, 70679, 70679
50, 11080, 23, 70679, 70679
50, 11090, 23, 70634, 71793
50, 11100, 23, 70634, 70634
50, 11110, 23, 70634, 72013
50, 11120, 23, 70634, 70634
50, 11130, 23, 70607, 70634
50, 11140, 23, 70577, 70607
50, 11150, 23, 70577, 70577
50, 11160, 23, 70577, 71190
50, 11170, 23, 70577, 70577
50, 11180, 23, 70468, 70468
50, 11190, 23, 70468, 70468
50, 11200, 23, 70468, 71079
50, 11210, 23, 70468, 70468
50, 11220, 23, 70468, 70705
50, 11230, 23, 70468, 70468
50, 11240, 23, 70336, 70468
50, 11250, 23, 70336, 72077
50, 11260, 23, 70336, 70336
50, 11270, 23, 70336, 70336
50, 11280, 23, 70336, 70336
50, 11290, 23, 70314, 70314
50, 11300, 23, 70314, 70314
50, 11310, 23, 70314, 70314
50, 11320, 23, 70314, 70314
50, 11330, 23, 70314, 70314
50, 11340, 23, 70314, 70314
50, 11350, 23, 70304, 70314
50, 11360, 23, 70304, 70304
50, 11370, 23, 70304, 70304
50, 11380, 23, 70304, 70304
50, 11390, 23, 70304, 70304
50, 11400, 23, 70113, 72035
50, 11410, 23, 70113, 70113
50, 11420, 23, 70113, 70113
50, 11430, 23, 70113, 72361
50, 11440, 23, 70113, 70113
50, 11450, 23, 70113, 70913
50, 11460, 23, 70113, 71661
50, 11470, 23, 70049, 70104
50, 11480, 23, 70049, 70049
50, 11490, 23, 69949, 70049
50, 11500, 23, 69949, 69949
50, 11510, 23, 69949, 69949
50, 11520, 23, 69949, 69949
50, 11530, 23, 69949, 69949
50, 11540, 23, 69949, 69949
50, 11550, 23, 69949, 69949
50, 11560, 23, 69949, 71720
50, 11570, 23, 69871, 69871
50, 11580, 23, 69864, 69871
50, 11590, 23, 69864, 69864
50, 11600, 23, 69864, 69864
50, 11610, 23, 69864, 70163
50, 11620, 23, 69689, 69689
50, 11630, 23, 69689, 69689
50, 11640, 23, 69548, 69548
50, 11650, 23, 69364, 69548
50, 11660, 23, 69352, 69364
50, 11670, 23, 69352, 69352
50, 11680, 23, 69352, 69352
50, 11690, 23, 69352, 70334
50, 11700, 23, 69352, 69352
50, 11710, 23, 69352, 69352
50, 11720, 23, 69192, 69352
50, 11730, 23, 69192, 69192
50, 11740, 23, 69066, 69192
50, 11750, 23, 68972, 69066
50, 11760, 23, 68972, 68972
50, 11770, 23, 68972, 69326
50, 11780, 23, 68972, 68972
50, 11790, 23, 68972, 68972
50, 11800, 23, 68972, 68972
50, 11810, 23, 68964, 68972
50, 11820, 23, 68964, 68964
50, 11830, 23, 68964, 68964
50, 11840, 23, 68964, 68964
50, 11850, 23, 68964, 68964
50, 11860, 23, 68964, 68964
50, 11870, 23, 68964, 68964
50, 11880, 23, 68964, 68964
50, 11890, 23, 68964, 68964
50, 11900, 23, 68964, 68964
50, 11910, 23, 68964, 68964
50, 11920, 23, 68964, 69908
50, 11930, 23, 68946, 68946
50, 11940, 23, 68946, 68946
50, 11950, 23, 68946, 68946
50, 11960, 23, 68888, 68888
50, 11970, 23, 68888, 68888
50, 11980, 23, 68888, 68888
50, 11990, 23, 68888, 68888
50, 12000, 23, 68888, 68888
50, 12010, 23, 68888, 68888
50, 12020, 23, 68788, 69760
50, 12030, 23, 68596, 68788
50, 12040, 23, 68596, 68596
50, 12050, 23, 68596, 68596
50, 12060, 23, 68596, 68596
50, 12070, 23, 68596, 68596
50, 12080, 23, 68556, 68596
50, 12090, 23, 68556, 68556
50, 12100, 23, 68556, 68556
50, 12110, 23, 68556, 68556
50, 12120, 23, 68556, 68942
50, 12130, 23, 68539, 68556
50, 12140, 23, 68539, 68539
50, 12150, 23, 68539, 68539
50, 12160, 23, 68539, 68539
50, 12170, 23, 68539, 68539
50, 12180, 23, 68539, 68539
50, 12190, 23, 68455, 68539
50, 12200, 23, 68455, 68455
50, 12210, 23, 68455, 68455
50, 12220, 23, 68455, 68455
50, 12230, 23, 68455, 68455
50, 12240, 23, 68208, 68208
50, 12250, 23, 68208, 68208
50, 12260, 23, 68208, 68208
50, 12270, 23, 68208, 68208
50, 12280, 23, 68208, 68208
50, 12290, 23, 68208, 68208
50, 12300, 23, 68208, 68208
50, 12310, 23, 68208, 68208
50, 12320, 23, 68208, 68208
50, 12330, 23, 68208, 69041
50, 12340, 23, 68208, 68208
50, 12350, 23, 68208, 68208
50, 12360, 23, 68178, 68208
50, 12370, 23, 68055, 69409
50, 12380, 23, 68055, 68055
50, 12390, 23, 68055, 68055
50, 12400, 23, 68055, 68055
50, 12410, 23, 68055, 69471
50, 12420, 23, 67985, 68055
50, 12430, 23, 67909, 67985
50, 12440, 23, 67909, 67909
50, 12450, 23, 67909, 67909
50, 12460, 23, 67909, 67909
50, 12470, 23, 67909, 67909
50, 12480, 23, 67909, 67909
50, 12490, 23, 67909, 67909
50, 12500, 23, 67909, 67909
50, 12510, 23, 67727, 67909
50, 12520, 23, 67727, 67727
50, 12530, 23, 67099, 67727
50, 12540, 23, 67099, 67099
50, 12550, 23, 67099, 67099
50, 12560, 23, 67099, 67099
50, 12570, 23, 67000, 67099
50, 12580, 23, 66876, 66876
50, 12590, 23, 66726, 66726
50, 12600, 23, 66726, 66726
50, 12610, 23, 66683, 66726
50, 12620, 23, 66610, 66610
50, 12630, 23, 66610, 66610
50, 12640, 23, 66610, 66610
50, 12650, 23, 66592, 66610
50, 12660, 23, 66581, 66592
50, 12670, 23, 66581, 66581
50, 12680, 23, 66581, 66581
50, 12690, 23, 66581, 66581
50, 12700, 23, 66581, 68634
50, 12710, 23, 66581, 66581
50, 12720, 23, 66581, 66581
50, 12730, 23, 66581, 66581
50, 12740, 23, 66581, 66581
50, 12750, 23, 66581, 66581
50, 12760, 23, 66581, 66581
50, 12770, 23, 66581, 66581
50, 12780, 23, 66581, 66581
50, 12790, 23, 66581, 66581
50, 12800, 23, 66581, 66581
50, 12810, 23, 66581, 66945
50, 12820, 23, 66581, 66581
50, 12830, 23, 66581, 66581
50, 12840, 23, 66581, 66581
50, 12850, 23, 66581, 66581
50, 12860, 23, 66581, 66581
50, 12870, 23, 66581, 66581
50, 12880, 23, 66581, 66581
50, 12890, 23, 66581, 66581
50, 12900, 23, 66581, 66581
50, 12910, 23, 66581, 66581
50, 12920, 23, 66581, 66581
50, 12930, 23, 66581, 66581
50, 12940, 23, 66581, 66581
50, 12950, 23, 66581, 66581
50, 12960, 23, 66581, 66581
50, 12970, 23, 66581, 66581
50, 12980, 23, 66581, 66581
50, 12990, 23, 66581, 66581
50, 13000, 23, 66437, 66437
50, 13010, 23, 66437, 66437
50, 13020, 23, 66437, 66437
50, 13030, 23, 66431, 66437
50, 13040, 23, 66431, 66431
50, 13050, 23, 66431, 67446
50, 13060, 23, 66431, 66431
50, 13070, 23, 66431, 66431
50, 13080, 23, 66431, 66431
50, 13090, 23, 66366, 67819
50, 13100, 23, 66366, 66366
50, 13110, 23, 66366, 66366
50, 13120, 23, 66366, 66366
50, 13130, 23, 66366, 66366
50, 13140, 23, 66366, 66366
50, 13150, 23, 66351, 66351
50, 13160, 23, 66351, 66351
50, 13170, 23, 66351, 66351
50, 13180, 23, 66351, 66351
50, 13190, 23, 66351, 66351
50, 13200, 23, 66351, 66351
50, 13210, 23, 66351, 66351
50, 13220, 23, 66351, 66351
50, 13230, 23, 66351, 66351
50, 13240, 23, 66351, 66351
50, 13250, 23, 66340, 66351
50, 13260, 23, 66340, 66540
50, 13270, 23, 66340, 66340
50, 13280, 23, 66340, 66340
50, 13290, 23, 66340, 66340
50, 13300, 23, 66340, 66340
50, 13310, 23, 66340, 66340
50, 13320, 23, 66340, 66340
50, 13330, 23, 66340, 66340
50, 13340, 23, 66340, 66340
50, 13350, 23, 66340, 66340
50, 13360, 23, 66340, 66340
50, 13370, 23, 66340, 66340
50, 13380, 23, 66340, 66340
50, 13390, 23, 66340, 66340
50, 13400, 23, 66340, 66340
50, 13410, 23, 66340, 66340
50, 13420, 23, 66340, 66340
50, 13430, 23, 66340, 66922
50, 13440, 23, 66340, 66340
50, 13450, 23, 66340, 66340
50, 13460, 23, 66323, 66323
50, 13470, 23, 66323, 66323
50, 13480, 23, 66323, 66323
50, 13490, 23, 66323, 66323
50, 13500, 23, 66323, 66323
50, 13510, 23, 66323, 66323
50, 13520, 23, 66323, 66323
50, 13530, 23, 66323, 66323
50, 13540, 23, 66323, 66323
50, 13550, 23, 66323, 66323
50, 13560, 23, 66312, 66312
50, 13570, 23, 66312, 66312
50, 13580, 23, 66312, 66312
50, 13590, 23, 66312, 66312
50, 13600, 23, 66312, 66312
50, 13610, 23, 66312, 66312
50, 13620, 23, 66312, 66312
50, 13630, 23, 66312, 66312
50, 13640, 23, 66312, 66312
50, 13650, 23, 66312, 66312
50, 13660, 23, 66312, 66312
50, 13670, 23, 66312, 66312
50, 13680, 23, 66312, 66312
50, 13690, 23, 66312, 66312
50, 13700, 23, 66312, 66312
50, 13710, 23, 66312, 66312
50, 13720, 23, 66312, 66312
50, 13730, 23, 66312, 66312
50, 13740, 23, 66312, 66312
50, 13750, 23, 66312, 66312
50, 13760, 23, 66312, 66312
50, 13770, 23, 66312, 66312
50, 13780, 23, 66312, 66312
50, 13790, 23, 66312, 66312
50, 13800, 23, 66204, 66312
50, 13810, 23, 66204, 66204
50, 13820, 23, 66204, 66587
50, 13830, 23, 66204, 66204
50, 13840, 23, 66204, 66204
50, 13850, 23, 66204, 66204
50, 13860, 23, 66204, 66598
50, 13870, 23, 66204, 66204
50, 13880, 23, 66204, 66204
50, 13890, 23, 66204, 66204
50, 13900, 23, 66204, 66204
50, 13910, 23, 66204, 66204
50, 13920, 23, 66121, 66204
50, 13930, 23, 66121, 66121
50, 13940, 23, 66051, 66051
50, 13950, 23, 65967, 65967
50, 13960, 23, 65967, 65967
50, 13970, 23, 65967, 65967
50, 13980, 23, 65967, 65967
50, 13990, 23, 65967, 65967
50, 14000, 23, 65856, 65967
50, 14010, 23, 65856, 65856
50, 14020, 23, 65856, 65856
50, 14030, 23, 65856, 65856
50, 14040, 23, 65856, 66416
50, 14050, 23, 65856, 65856
50, 14060, 23, 65856, 65856
50, 14070, 23, 65856, 65856
50, 14080, 23, 65856, 65856
50, 14090, 23, 65856, 65856
50, 14100, 23, 65856, 65856
50, 14110, 23, 65856, 65856
50, 14120, 23, 65856, 65856
50, 14130, 23, 65856, 65856
50, 14140, 23, 65856, 65856
50, 14150, 23, 65766, 65766
50, 14160, 23, 65766, 65766
50, 14170, 23, 65766, 65766
50, 14180, 23, 65766, 65766
50, 14190, 23, 65766, 65766
50, 14200, 23, 65766, 65766
50, 14210, 23, 65766, 65766
50, 14220, 23, 65766, 65766
50, 14230, 23, 65766, 65766
50, 14240, 23, 65766, 65766
50, 14250, 23, 65766, 65766
50, 14260, 23, 65766, 65766
50, 14270, 23, 65719, 65766
50, 14280, 23, 65719, 65719
50, 14290, 23, 65719, 65719
50, 14300, 23, 65719, 65719
50, 14310, 23, 65719, 65719
50, 14320, 23, 65719, 67574
50, 14330, 23, 65719, 65719
50, 14340, 23, 65719, 65719
50, 14350, 23, 65719, 65719
50, 14360, 23, 65719, 65719
50, 14370, 23, 65719, 65719
50, 14380, 23, 65519, 65719
50, 14390, 23, 65414, 65417
50, 14400, 23, 65414, 65414
50, 14410, 23, 65414, 65414
50, 14420, 23, 65414, 65414
50, 14430, 23, 65414, 65414
50, 14440, 23, 65414, 65414
50, 14450, 23, 65414, 65414
50, 14460, 23, 65407, 65407
50, 14470, 23, 65407, 65407
50, 14480, 23, 65407, 66108
50, 14490, 23, 65407, 65407
50, 14500, 23, 65407, 65407
50, 14510, 23, 65407, 65407
50, 14520, 23, 65407, 65407
50, 14530, 23, 65407, 65407
50, 14540, 23, 65324, 65324
50, 14550, 23, 65316, 65324
50, 14560, 23, 65316, 65316
50, 14570, 23, 65316, 65316
50, 14580, 23, 65316, 65316
50, 14590, 23, 65316, 65316
50, 14600, 23, 65316, 65316
50, 14610, 23, 65316, 65316
50, 14620, 23, 65307, 65316
50, 14630, 23, 65307, 65307
50, 14640, 23, 65135, 65135
50, 14650, 23, 65135, 65135
50, 14660, 23, 65135, 65135
50, 14670, 23, 64982, 65135
50, 14680, 23, 64982, 64982
50, 14690, 23, 64929, 64982
50, 14700, 23, 64929, 64929
50, 14710, 23, 64929, 64929
50, 14720, 23, 64929, 64929
50, 14730, 23, 64929, 64929
50, 14740, 23, 64929, 64929
50, 14750, 23, 64929, 64929
50, 14760, 23, 64929, 64929
50, 14770, 23, 64918, 64929
50, 14780, 23, 64918, 64918
50, 14790, 23, 64918, 64918
50, 14800, 23, 64918, 64918
50, 14810, 23, 64918, 64918
50, 14820, 23, 64918, 64918
50, 14830, 23, 64918, 64918
50, 14840, 23, 64918, 64918
50, 14850, 23, 64918, 64918
50, 14860, 23, 64918, 64918
50, 14870, 23, 64918, 64918
50, 14880, 23, 64918, 64918
50, 14890, 23, 64918, 64918
50, 14900, 23, 64918, 64918
50, 14910, 23, 64918, 64918
50, 14920, 23, 64918, 64918
50, 14930, 23, 64918, 64918
50, 14940, 23, 64918, 64918
50, 14950, 23, 64918, 64918
50, 14960, 23, 64918, 64918
50, 14970, 23, 64918, 66077
50, 14980, 23, 64918, 64918
50, 14990, 23, 64918, 64918
50, 15000, 23, 64918, 64918
50, 15010, 23, 64918, 64918
50, 15020, 23, 64918, 64918
50, 15030, 23, 64918, 64918
50, 15040, 23, 64918, 64918
50, 15050, 23, 64915, 64915
50, 15060, 23, 64915, 64915
50, 15070, 23, 64915, 64915
50, 15080, 23, 64915, 64915
50, 15090, 23, 64915, 64915
50, 15100, 23, 64915, 64915
50, 15110, 23, 64915, 64915
50, 15120, 23, 64915, 64915
50, 15130, 23, 64915, 64915
50, 15140, 23, 64915, 64915
50, 15150, 23, 64915, 64915
50, 15160, 23, 64915, 64915
50, 15170, 23, 64915, 64915
50, 15180, 23, 64915, 64915
50, 15190, 23, 64915, 64915
50, 15200, 23, 64915, 64915
50, 15210, 23, 64915, 64915
50, 15220, 23, 64915, 64915
50, 15230, 23, 64823, 64823
50, 15240, 23, 64823, 64823
50, 15250, 23, 64823, 64823
50, 15260, 23, 64823, 64823
50, 15270, 23, 64823, 64823
50, 15280, 23, 64782, 64823
50, 15290, 23, 64782, 64782
50, 15300, 23, 64782, 64782
50, 15310, 23, 64782, 64782
50, 15320, 23, 64769, 64769
50, 15330, 23, 64711, 64769
50, 15340, 23, 64621, 64711
50, 15350, 23, 64621, 64621
50, 15360, 23, 64621, 64621
50, 15370, 23, 64621, 64621
50, 15380, 23, 64621, 64621
50, 15390, 23, 64621, 64621
50, 15400, 23, 64621, 64621
50, 15410, 23, 64621, 64621
50, 15420, 23, 64621, 64621
50, 15430, 23, 64621, 64621
50, 15440, 23, 64621, 64621
50, 15450, 23, 64621, 64621
50, 15460, 23, 64621, 64621
50, 15470, 23, 64621, 64621
50, 15480, 23, 64621, 64621
50, 15490, 23, 64621, 64621
50, 15500, 23, 64621, 64621
50, 15510, 23, 64621, 64621
50, 15520, 23, 64621, 64621
50, 15530, 23, 64621, 64621
50, 15540, 23, 64621, 64621
50, 15550, 23, 64621, 64621
50, 15560, 23, 64621, 64621
50, 15570, 23, 64621, 64621
50, 15580, 23, 64621, 64621
50, 15590, 23, 64621, 64621
50, 15600, 23, 64607, 64607
50, 15610, 23, 64607, 64607
50, 15620, 23, 64607, 64607
50, 15630, 23, 64607, 64607
50, 15640, 23, 64607, 64607
50, 15650, 23, 64607, 64607
50, 15660, 23, 64607, 64607
50, 15670, 23, 64607, 64607
50, 15680, 23, 64527, 64607
50, 15690, 23, 64527, 64527
50, 15700, 23, 64527, 64527
50, 15710, 23, 64527, 64527
50, 15720, 23, 64527, 64527
50, 15730, 23, 64527, 64527
50, 15740, 23, 64527, 64527
50, 15750, 23, 64511, 64527
50, 15760, 23, 64511, 64511
50, 15770, 23, 64475, 64511
50, 15780, 23, 64475, 64475
50, 15790, 23, 64475, 64475
50, 15800, 23, 64475, 64475
50, 15810, 23, 64475, 64475
50, 15820, 23, 64475, 64475
50, 15830, 23, 64475, 64475
50, 15840, 23, 64475, 64475
50, 15850, 23, 64475, 64475
50, 15860, 23, 64475, 64475
50, 15870, 23, 64475, 64475
50, 15880, 23, 64475, 64475
50, 15890, 23, 64475, 64475
50, 15900, 23, 64475, 64475
50, 15910, 23, 64475, 64475
50, 15920, 23, 64475, 64475
50, 15930, 23, 64475, 64475
50, 15940, 23, 64475, 64475
50, 15950, 23, 64475, 64475
50, 15960, 23, 64475, 64475
50, 15970, 23, 64475, 64475
50, 15980, 23, 64475, 64475
50, 15990, 23, 64475, 64475
50, 16000, 23, 64475, 64475
50, 16010, 23, 64475, 64475
50, 16020, 23, 64351, 64475
50, 16030, 23, 64351, 64351
50, 16040, 23, 64351, 64351
50, 16050, 23, 64351, 64351
50, 16060, 23, 64351, 64351
50, 16070, 23, 64351, 64351
50, 16080, 23, 64351, 64351
50, 16090, 23, 64351, 64351
50, 16100, 23, 64351, 64351
50, 16110, 23, 64333, 64333
50, 16120, 23, 64333, 64333
50, 16130, 23, 64333, 64333
50, 16140, 23, 64333, 64333
50, 16150, 23, 64333, 64333
50, 16160, 23, 64333, 64333
50, 16170, 23, 64333, 64333
50, 16180, 23, 64333, 64333
50, 16190, 23, 64333, 64333
50, 16200, 23, 64333, 64333
50, 16210, 23, 64333, 64333
50, 16220, 23, 64333, 64333
50, 16230, 23, 64333, 64333
50, 16240, 23, 64333, 64333
50, 16250, 23, 64333, 64333
50, 16260, 23, 64333, 64333
50, 16270, 23, 64333, 64333
50, 16280, 23, 64333, 64333
50, 16290, 23, 64333, 64333
50, 16300, 23, 64333, 64333
50, 16310, 23, 64333, 64333
50, 16320, 23, 64333, 64333
50, 16330, 23, 64207, 64333
50, 16340, 23, 64207, 64207
50, 16350, 23, 64207, 64207
50, 16360, 23, 64207, 64207
50, 16370, 23, 64207, 64207
50, 16380, 23, 64207, 64207
50, 16390, 23, 64207, 64207
50, 16400, 23, 64207, 64207
50, 16410, 23, 64207, 64207
50, 16420, 23, 64207, 64207
50, 16430, 23, 64207, 64207
50, 16440, 23, 64207, 64207
50, 16450, 23, 64207, 64207
50, 16460, 23, 64207, 64207
50, 16470, 23, 64207, 64207
50, 16480, 23, 64207, 64207
50, 16490, 23, 64124, 64207
50, 16500, 23, 64124, 64124
50, 16510, 23, 64124, 64124
50, 16520, 23, 64124, 64124
50, 16530, 23, 64124, 64124
50, 16540, 23, 64124, 64124
50, 16550, 23, 64124, 64124
50, 16560, 23, 64124, 64124
50, 16570, 23, 64124, 64124
50, 16580, 23, 64124, 64124
50, 16590, 23, 63805, 63805
50, 16600, 23, 63805, 63805
50, 16610, 23, 63805, 63805
50, 16620, 23, 63805, 63805
50, 16630, 23, 63805, 63805
50, 16640, 23, 63805, 63805
50, 16650, 23, 63805, 63805
50, 16660, 23, 63805, 63805
50, 16670, 23, 63805, 63805
50, 16680, 23, 63805, 63805
50, 16690, 23, 63805, 63805
50, 16700, 23, 63805, 63805
50, 16710, 23, 63805, 63805
50, 16720, 23, 63805, 63805
50, 16730, 23, 63805, 63805
50, 16740, 23, 63805, 63805
50, 16750, 23, 63805, 63805
50, 16760, 23, 63805, 63805
50, 16770, 23, 63725, 63725
50, 16780, 23, 63725, 63725
50, 16790, 23, 63725, 63725
50, 16800, 23, 63725, 63725
50, 16810, 23, 63725, 63725
50, 16820, 23, 63725, 63725
50, 16830, 23, 63725, 63725
50, 16840, 23, 63725, 63725
50, 16850, 23, 63725, 63725
50, 16860, 23, 63725, 63725
50, 16870, 23, 63670, 63725
50, 16880, 23, 63670, 63670
50, 16890, 23, 63670, 63670
50, 16900, 23, 63670, 63670
50, 16910, 23, 63670, 63670
50, 16920, 23, 63670, 63670
50, 16930, 23, 63670, 63670
50, 16940, 23, 63670, 63670
50, 16950, 23, 63371, 63670
50, 16960, 23, 63371, 63371
50, 16970, 23, 63140, 63140
50, 16980, 23, 63140, 63140
50, 16990, 23, 63140, 63140
50, 17000, 23, 63140, 63140
50, 17010, 23, 63140, 63140
50, 17020, 23, 63140, 63140
50, 17030, 23, 62903, 62903
50, 17040, 23, 62903, 62903
50, 17050, 23, 62903, 62903
50, 17060, 23, 62903, 62903
50, 17070, 23, 62903, 62903
50, 17080, 23, 62903, 62903
50, 17090, 23, 62903, 62903
50, 17100, 23, 62903, 62903
50, 17110, 23, 62903, 62903
50, 17120, 23, 62903, 62903
50, 17130, 23, 62903, 62903
50, 17140, 23, 62903, 62903
50, 17150, 23, 62903, 62903
50, 17160, 23, 62903, 62903
50, 17170, 23, 62903, 62903
50, 17180, 23, 62903, 62903
50, 17190, 23, 62903, 62903
50, 17200, 23, 62903, 62903
50, 17210, 23, 62903, 62903
50, 17220, 23, 62895, 62903
50, 17230, 23, 62895, 62895
50, 17240, 23, 62895, 62895
50, 17250, 23, 62895, 62895
50, 17260, 23, 62841, 62895
50, 17270, 23, 62841, 62841
50, 17280, 23, 62841, 62841
50, 17290, 23, 62841, 62841
50, 17300, 23, 62841, 62841
50, 17310, 23, 62841, 62841
50, 17320, 23, 62841, 62841
50, 17330, 23, 62841, 62841
50, 17340, 23, 62759, 62841
50, 17350, 23, 62759, 62759
50, 17360, 23, 62759, 62759
50, 17370, 23, 62759, 62759
50, 17380, 23, 62759, 62759
50, 17390, 23, 62759, 62759
50, 17400, 23, 62759, 62759
50, 17410, 23, 62759, 62759
50, 17420, 23, 62759, 62759
50, 17430, 23, 62759, 63385
50, 17440, 23, 62759, 62759
50, 17450, 23, 62759, 62759
50, 17460, 23, 62759, 62759
50, 17470, 23, 62759, 62759
50, 17480, 23, 62759, 62759
50, 17490, 23, 62759, 62759
50, 17500, 23, 62759, 62759
50, 17510, 23, 62759, 62759
50, 17520, 23, 62724, 62724
50, 17530, 23, 62724, 62724
50, 17540, 23, 62724, 62724
50, 17550, 23, 62724, 62724
50, 17560, 23, 62724, 62724
50, 17570, 23, 62724, 62724
50, 17580, 23, 62724, 62724
50, 17590, 23, 62724, 62724
50, 17600, 23, 62724, 62724
50, 17610, 23, 62724, 62724
50, 17620, 23, 62724, 62724
50, 17630, 23, 62724, 62724
50, 17640, 23, 62623, 62724
50, 17650, 23, 62623, 62623
50, 17660, 23, 62623, 62623
50, 17670, 23, 62623, 62623
50, 17680, 23, 62623, 62623
50, 17690, 23, 62623, 62623
50, 17700, 23, 62623, 62623
50, 17710, 23, 62574, 62623
50, 17720, 23, 62574, 62574
50, 17730, 23, 62574, 62574
50, 17740, 23, 62574, 62574
50, 17750, 23, 62574, 62574
50, 17760, 23, 62574, 62574
50, 17770, 23, 62574, 62574
50, 17780, 23, 62574, 62574
50, 17790, 23, 62574, 62574
50, 17800, 23, 62574, 62574
50, 17810, 23, 62574, 62574
50, 17820, 23, 62574, 62574
50, 17830, 23, 62574, 62574
50, 17840, 23, 62574, 62574
50, 17850, 23, 62574, 62574
50, 17860, 23, 62574, 62574
50, 17870, 23, 62574, 62574
50, 17880, 23, 62574, 62574
50, 17890, 23, 62574, 62574
50, 17900, 23, 62574, 62574
50, 17910, 23, 62416, 62416
50, 17920, 23, 62416, 62416
50, 17930, 23, 62416, 62416
50, 17940, 23, 62416, 62416
50, 17950, 23, 62416, 62416
50, 17960, 23, 62416, 62416
50, 17970, 23, 62416, 62416
50, 17980, 23, 62416, 62416
50, 17990, 23, 62416, 62416
50, 18000, 23, 62416, 62416
50, 18010, 23, 62416, 62416
50, 18020, 23, 62416, 62416
50, 18030, 23, 62416, 62416
50, 18040, 23, 62416, 62416
50, 18050, 23, 62416, 62416
50, 18060, 23, 62416, 62416
50, 18070, 23, 62416, 62416
50, 18080, 23, 62416, 62416
50, 18090, 23, 62416, 62416
50, 18100, 23, 62416, 62416
50, 18110, 23, 62416, 62416
50, 18120, 23, 62416, 62416
50, 18130, 23, 62403, 62403
50, 18140, 23, 62403, 62403
50, 18150, 23, 62403, 62403
50, 18160, 23, 62403, 62403
50, 18170, 23, 62403, 62403
50, 18180, 23, 62403, 62403
50, 18190, 23, 62403, 62403
50, 18200, 23, 62403, 62403
50, 18210, 23, 62403, 62403
50, 18220, 23, 62403, 62403
50, 18230, 23, 62403, 62403
50, 18240, 23, 62403, 62403
50, 18250, 23, 62403, 62403
50, 18260, 23, 62403, 62403
50, 18270, 23, 62185, 62403
50, 18280, 23, 62185, 62185
50, 18290, 23, 62185, 62185
50, 18300, 23, 62185, 62185
50, 18310, 23, 62185, 62185
50, 18320, 23, 62185, 62185
50, 18330, 23, 62185, 62185
50, 18340, 23, 62185, 62185
50, 18350, 23, 62185, 62185
50, 18360, 23, 62185, 62185
50, 18370, 23, 62185, 62185
50, 18380, 23, 62070, 62070
50, 18390, 23, 62070, 62070
50, 18400, 23, 62070, 62070
50, 18410, 23, 62070, 62070
50, 18420, 23, 62058, 62070
50, 18430, 23, 62058, 62058
50, 18440, 23, 62058, 62058
50, 18450, 23, 62058, 62058
50, 18460, 23, 62058, 62058
50, 18470, 23, 62058, 62058
50, 18480, 23, 62058, 62058
50, 18490, 23, 62058, 62058
50, 18500, 23, 62058, 62058
50, 18510, 23, 62058, 62058
50, 18520, 23, 62058, 62058
50, 18530, 23, 62058, 62058
50, 18540, 23, 62058, 62058
50, 18550, 23, 62058, 62058
50, 18560, 23, 62058, 62058
50, 18570, 23, 62058, 62058
50, 18580, 23, 62058, 62058
50, 18590, 23, 62058, 62058
50, 18600, 23, 62058, 62058
50, 18610, 23, 62058, 62058
50, 18620, 23, 62058, 62058
50, 18630, 23, 62058, 62058
50, 18640, 23, 62058, 62058
50, 18650, 23, 62058, 62058
50, 18660, 23, 62058, 62058
50, 18670, 23, 62058, 62058
50, 18680, 23, 62058, 62058
50, 18690, 23, 62058, 62058
50, 18700, 23, 62058, 62058
50, 18710, 23, 62058, 62058
50, 18720, 23, 62058, 62058
50, 18730, 23, 62058, 62058
50, 18740, 23, 62058, 62058
50, 18750, 23, 62058, 62058
50, 18760, 23, 62058, 62058
50, 18770, 23, 62058, 62058
50, 18780, 23, 62058, 62058
50, 18790, 23, 62058, 62058
50, 18800, 23, 62058, 62058
50, 18810, 23, 62058, 62058
50, 18820, 23, 62058, 62058
50, 18830, 23, 62058, 62058
50, 18840, 23, 62058, 62058
50, 18850, 23, 62058, 62058
50, 18860, 23, 62058, 62058
50, 18870, 23, 62058, 62058
50, 18880, 23, 62058, 62058
50, 18890, 23, 62058, 62058
50, 18900, 23, 62051, 62051
50, 18910, 23, 62051, 62051
50, 18920, 23, 62051, 62051
50, 18930, 23, 62051, 62051
50, 18940, 23, 62051, 62051
50, 18950, 23, 62051, 62051
50, 18960, 23, 62051, 62051
50, 18970, 23, 62051, 62051
50, 18980, 23, 62051, 62051
50, 18990, 23, 62051, 62051
50, 19000, 23, 62051, 62051
50, 19010, 23, 62051, 62051
50, 19020, 23, 62051, 62051
50, 19030, 23, 62051, 62051
50, 19040, 23, 62051, 62051
50, 19050, 23, 62051, 62051
50, 19060, 23, 62051, 62051
50, 19070, 23, 62051, 62051
50, 19080, 23, 62051, 62051
50, 19090, 23, 62051, 62051
50, 19100, 23, 62026, 62051
50, 19110, 23, 62026, 62026
50, 19120, 23, 62026, 62026
50, 19130, 23, 62026, 62026
50, 19140, 23, 62026, 62026
50, 19150, 23, 62026, 62026
50, 19160, 23, 62026, 62026
50, 19170, 23, 62026, 62026
50, 19180, 23, 62026, 62026
50, 19190, 23, 62026, 62026
50, 19200, 23, 62026, 62026
50, 19210, 23, 62026, 62026
50, 19220, 23, 62026, 62026
50, 19230, 23, 62026, 62026
50, 19240, 23, 62026, 62026
50, 19250, 23, 62026, 62026
50, 19260, 23, 62026, 62026
50, 19270, 23, 62026, 62026
50, 19280, 23, 62026, 62026
50, 19290, 23, 62026, 62026
50, 19300, 23, 62026, 62026
50, 19310, 23, 62026, 62026
50, 19320, 23, 62026, 62026
50, 19330, 23, 62026, 62026
50, 19340, 23, 62026, 62026
50, 19350, 23, 62026, 62026
50, 19360, 23, 62026, 62026
50, 19370, 23, 62026, 62026
50, 19380, 23, 62026, 62026
50, 19390, 23, 62026, 62026
50, 19400, 23, 62026, 62026
50, 19410, 23, 62026, 62026
50, 19420, 23, 62026, 62026
50, 19430, 23, 62026, 62026
50, 19440, 23, 62026, 62026
50, 19450, 23, 62026, 62026
50, 19460, 23, 62026, 62026
50, 19470, 23, 62026, 62026
50, 19480, 23, 62026, 62026
50, 19490, 23, 62026, 62026
50, 19500, 23, 62026, 62026
50, 19510, 23, 62026, 62026
50, 19520, 23, 62026, 62026
50, 19530, 23, 62026, 62026
50, 19540, 23, 62026, 62026
50, 19550, 23, 62026, 62026
50, 19560, 23, 62026, 62026
50, 19570, 23, 62026, 62026
50, 19580, 23, 62026, 62026
50, 19590, 23, 62026, 62026
50, 19600, 23, 62026, 62026
50, 19610, 23, 62026, 62026
50, 19620, 23, 62026, 62026
50, 19630, 23, 62026, 62026
50, 19640, 23, 62026, 62026
50, 19650, 23, 62026, 62026
50, 19660, 23, 62026, 62026
50, 19670, 23, 62026, 62026
50, 19680, 23, 62026, 62026
50, 19690, 23, 62026, 62026
50, 19700, 23, 62026, 62026
50, 19710, 23, 62026, 62026
50, 19720, 23, 62026, 62026
50, 19730, 23, 62026, 62026
50, 19740, 23, 62026, 62026
50, 19750, 23, 62026, 62026
50, 19760, 23, 62026, 62026
50, 19770, 23, 62026, 62026
50, 19780, 23, 62026, 62026
50, 19790, 23, 62026, 62026
50, 19800, 23, 62026, 62026
50, 19810, 23, 62026, 62026
50, 19820, 23, 62026, 62026
50, 19830, 23, 62026, 62026
50, 19840, 23, 62026, 62026
50, 19850, 23, 62026, 62026
50, 19860, 23, 61985, 61985
50, 19870, 23, 61985, 61985
50, 19880, 23, 61985, 61985
50, 19890, 23, 61985, 61985
50, 19900, 23, 61985, 61985
50, 19910, 23, 61985, 61985
50, 19920, 23, 61985, 61985
50, 19930, 23, 61985, 61985
50, 19940, 23, 61985, 61985
50, 19950, 23, 61985, 61985
50, 19960, 23, 61985, 61985
50, 19970, 23, 61985, 61985
50, 19980, 23, 61985, 61985
50, 19990, 23, 61985, 61985
