Population Size, Generation Count, Repetition, Best Fitness, Median Fitness
20, 0, 29, 752354, 773523
20, 10, 29, 702941, 712325
20, 20, 29, 690420, 692428
20, 30, 29, 678273, 681831
20, 40, 29, 663002, 668050
20, 50, 29, 651786, 654300
20, 60, 29, 642716, 645330
20, 70, 29, 631880, 635670
20, 80, 29, 625056, 628735
20, 90, 29, 610327, 615780
20, 100, 29, 601706, 603182
20, 110, 29, 593816, 597029
20, 120, 29, 587858, 590636
20, 130, 29, 580297, 582456
20, 140, 29, 567300, 572356
20, 150, 29, 562290, 564052
20, 160, 29, 558718, 561820
20, 170, 29, 552126, 555747
20, 180, 29, 543323, 546807
20, 190, 29, 533824, 538740
20, 200, 29, 527484, 530346
20, 210, 29, 520972, 528543
20, 220, 29, 512328, 517244
20, 230, 29, 506434, 507636
20, 240, 29, 499310, 503392
20, 250, 29, 496538, 499432
20, 260, 29, 492661, 494766
20, 270, 29, 488805, 491014
20, 280, 29, 480159, 484697
20, 290, 29, 478417, 478657
20, 300, 29, 473842, 477318
20, 310, 29, 469421, 472600
20, 320, 29, 461676, 466093
20, 330, 29, 458029, 459088
20, 340, 29, 452115, 457150
20, 350, 29, 444387, 448096
20, 360, 29, 441365, 443341
20, 370, 29, 435078, 437725
20, 380, 29, 429564, 432733
20, 390, 29, 427611, 430543
20, 400, 29, 424573, 426225
20, 410, 29, 420706, 423818
20, 420, 29, 417708, 423937
20, 430, 29, 416373, 416969
20, 440, 29, 412817, 415063
20, 450, 29, 409979, 413298
20, 460, 29, 406385, 407932
20, 470, 29, 402239, 405320
20, 480, 29, 399445, 403128
20, 490, 29, 394021, 398808
20, 500, 29, 391621, 394760
20, 510, 29, 388568, 390185
20, 520, 29, 385751, 387898
20, 530, 29, 381601, 384347
20, 540, 29, 380166, 385550
20, 550, 29, 378894, 380830
20, 560, 29, 377935, 378491
20, 570, 29, 376650, 377772
20, 580, 29, 374353, 375153
20, 590, 29, 371454, 374614
20, 600, 29, 369365, 372431
20, 610, 29, 365969, 369497
20, 620, 29, 363419, 363576
20, 630, 29, 360219, 362755
20, 640, 29, 358436, 362957
20, 650, 29, 356705, 360961
20, 660, 29, 354786, 357414
20, 670, 29, 352580, 355222
20, 680, 29, 351463, 354411
20, 690, 29, 347355, 350117
20, 700, 29, 345382, 350560
20, 710, 29, 343581, 344736
20, 720, 29, 342121, 345821
20, 730, 29, 340261, 340974
20, 740, 29, 336750, 340489
20, 750, 29, 335373, 336957
20, 760, 29, 332363, 334296
20, 770, 29, 331193, 334568
20, 780, 29, 329461, 331635
20, 790, 29, 328445, 329748
20, 800, 29, 326063, 328825
20, 810, 29, 324162, 325090
20, 820, 29, 321345, 322943
20, 830, 29, 320305, 323978
20, 840, 29, 318418, 319950
20, 850, 29, 316289, 318750
20, 860, 29, 313172, 314775
20, 870, 29, 313014, 315616
20, 880, 29, 312382, 314817
20, 890, 29, 311043, 312551
20, 900, 29, 307224, 311700
20, 910, 29, 305300, 309273
20, 920, 29, 303902, 306605
20, 930, 29, 300358, 304906
20, 940, 29, 297690, 303474
20, 950, 29, 295565, 296224
20, 960, 29, 293800, 294549
20, 970, 29, 291219, 295800
20, 980, 29, 289053, 291320
20, 990, 29, 286589, 288753
20, 1000, 29, 286589, 289593
20, 1010, 29, 285986, 287658
20, 1020, 29, 285625, 288206
20, 1030, 29, 281604, 283440
20, 1040, 29, 279631, 282130
20, 1050, 29, 279053, 281211
20, 1060, 29, 278619, 281036
20, 1070, 29, 277524, 280311
20, 1080, 29, 275880, 277599
20, 1090, 29, 272002, 275433
20, 1100, 29, 271602, 275044
20, 1110, 29, 269496, 273154
20, 1120, 29, 269270, 272360
20, 1130, 29, 268539, 269443
20, 1140, 29, 267502, 268126
20, 1150, 29, 266585, 270494
20, 1160, 29, 266080, 268618
20, 1170, 29, 263311, 267958
20, 1180, 29, 262046, 265683
20, 1190, 29, 260178, 261849
20, 1200, 29, 259948, 261290
20, 1210, 29, 259774, 260815
20, 1220, 29, 257014, 258678
20, 1230, 29, 256267, 258873
20, 1240, 29, 255821, 258000
20, 1250, 29, 255771, 261356
20, 1260, 29, 252778, 255632
20, 1270, 29, 251557, 255786
20, 1280, 29, 250215, 254054
20, 1290, 29, 249263, 250773
20, 1300, 29, 248378, 252219
20, 1310, 29, 246685, 249233
20, 1320, 29, 246085, 250075
20, 1330, 29, 245341, 247096
20, 1340, 29, 243556, 245401
20, 1350, 29, 242912, 246070
20, 1360, 29, 241997, 243557
20, 1370, 29, 241396, 243290
20, 1380, 29, 239242, 241720
20, 1390, 29, 238409, 241557
20, 1400, 29, 237951, 239003
20, 1410, 29, 237810, 238897
20, 1420, 29, 237383, 240235
20, 1430, 29, 236771, 237383
20, 1440, 29, 235070, 237969
20, 1450, 29, 234044, 235456
20, 1460, 29, 233272, 235707
20, 1470, 29, 232930, 234756
20, 1480, 29, 232863, 237184
20, 1490, 29, 231939, 234331
20, 1500, 29, 231094, 233820
20, 1510, 29, 229744, 230624
20, 1520, 29, 228323, 229528
20, 1530, 29, 226724, 231379
20, 1540, 29, 225927, 227942
20, 1550, 29, 224764, 226063
20, 1560, 29, 224741, 227612
20, 1570, 29, 223902, 226252
20, 1580, 29, 222362, 223902
20, 1590, 29, 221774, 225926
20, 1600, 29, 221350, 222577
20, 1610, 29, 221328, 225085
20, 1620, 29, 220062, 223008
20, 1630, 29, 218170, 219691
20, 1640, 29, 217462, 218419
20, 1650, 29, 216314, 219605
20, 1660, 29, 215369, 215882
20, 1670, 29, 214764, 218690
20, 1680, 29, 214273, 215874
20, 1690, 29, 211130, 216811
20, 1700, 29, 210813, 213308
20, 1710, 29, 210035, 213817
20, 1720, 29, 208361, 211434
20, 1730, 29, 207961, 210105
20, 1740, 29, 207296, 208032
20, 1750, 29, 206893, 208766
20, 1760, 29, 206589, 208974
20, 1770, 29, 206361, 211058
20, 1780, 29, 205785, 207057
20, 1790, 29, 204588, 208027
20, 1800, 29, 204281, 204588
20, 1810, 29, 204086, 207787
20, 1820, 29, 203965, 207257
20, 1830, 29, 203305, 207257
20, 1840, 29, 203114, 206052
20, 1850, 29, 202752, 205103
20, 1860, 29, 202134, 202134
20, 1870, 29, 201962, 204377
20, 1880, 29, 201392, 201752
20, 1890, 29, 201195, 205450
20, 1900, 29, 200113, 202955
20, 1910, 29, 199525, 201754
20, 1920, 29, 199490, 204705
20, 1930, 29, 198999, 201484
20, 1940, 29, 198992, 199634
20, 1950, 29, 198615, 199706
20, 1960, 29, 197668, 199413
20, 1970, 29, 197464, 198827
20, 1980, 29, 197073, 198436
20, 1990, 29, 197073, 198073
20, 2000, 29, 196749, 199955
20, 2010, 29, 196602, 199551
20, 2020, 29, 196164, 197820
20, 2030, 29, 195884, 198798
20, 2040, 29, 195743, 198278
20, 2050, 29, 195296, 198043
20, 2060, 29, 195196, 196085
20, 2070, 29, 194544, 198710
20, 2080, 29, 194108, 195466
20, 2090, 29, 193666, 196509
20, 2100, 29, 193666, 197698
20, 2110, 29, 193666, 196654
20, 2120, 29, 193298, 193360
20, 2130, 29, 192619, 195452
20, 2140, 29, 192619, 194325
20, 2150, 29, 191898, 195220
20, 2160, 29, 191263, 193080
20, 2170, 29, 191247, 191263
20, 2180, 29, 190851, 193669
20, 2190, 29, 190851, 192595
20, 2200, 29, 189919, 190498
20, 2210, 29, 188651, 189304
20, 2220, 29, 188137, 191004
20, 2230, 29, 187415, 191852
20, 2240, 29, 187375, 189886
20, 2250, 29, 186968, 188276
20, 2260, 29, 186759, 188117
20, 2270, 29, 186634, 188024
20, 2280, 29, 186521, 188715
20, 2290, 29, 186198, 186625
20, 2300, 29, 185784, 187983
20, 2310, 29, 184696, 186082
20, 2320, 29, 184640, 188981
20, 2330, 29, 184216, 188420
20, 2340, 29, 183943, 187414
20, 2350, 29, 183943, 186284
20, 2360, 29, 183486, 190893
20, 2370, 29, 182688, 185896
20, 2380, 29, 182367, 185411
20, 2390, 29, 182079, 187365
20, 2400, 29, 181674, 185900
20, 2410, 29, 181498, 182477
20, 2420, 29, 181432, 184364
20, 2430, 29, 180420, 183021
20, 2440, 29, 179988, 182575
20, 2450, 29, 179835, 182181
20, 2460, 29, 179063, 183783
20, 2470, 29, 178845, 181721
20, 2480, 29, 178518, 182719
20, 2490, 29, 178178, 182034
20, 2500, 29, 178118, 183169
20, 2510, 29, 178118, 183123
20, 2520, 29, 177943, 183604
20, 2530, 29, 176442, 179123
20, 2540, 29, 175861, 179435
20, 2550, 29, 175799, 176960
20, 2560, 29, 175040, 175999
20, 2570, 29, 174847, 177661
20, 2580, 29, 174521, 176276
20, 2590, 29, 174019, 175852
20, 2600, 29, 173890, 174670
20, 2610, 29, 173786, 175978
20, 2620, 29, 173668, 178995
20, 2630, 29, 173390, 178113
20, 2640, 29, 172860, 175398
20, 2650, 29, 172775, 175060
20, 2660, 29, 172636, 175534
20, 2670, 29, 172292, 172767
20, 2680, 29, 172045, 172717
20, 2690, 29, 170970, 173525
20, 2700, 29, 170910, 172703
20, 2710, 29, 170410, 173576
20, 2720, 29, 169961, 174027
20, 2730, 29, 169748, 172917
20, 2740, 29, 168944, 171389
20, 2750, 29, 168278, 172387
20, 2760, 29, 167907, 169060
20, 2770, 29, 167907, 170339
20, 2780, 29, 167844, 169399
20, 2790, 29, 167191, 168707
20, 2800, 29, 167191, 170369
20, 2810, 29, 166179, 167691
20, 2820, 29, 166104, 168416
20, 2830, 29, 165709, 165732
20, 2840, 29, 165360, 168307
20, 2850, 29, 164986, 169082
20, 2860, 29, 164601, 167511
20, 2870, 29, 164241, 164530
20, 2880, 29, 163910, 166064
20, 2890, 29, 163390, 166056
20, 2900, 29, 162875, 166756
20, 2910, 29, 162832, 165982
20, 2920, 29, 162239, 164671
20, 2930, 29, 162053, 163536
20, 2940, 29, 162014, 163428
20, 2950, 29, 161877, 163303
20, 2960, 29, 161692, 164656
20, 2970, 29, 161132, 165321
20, 2980, 29, 160977, 163352
20, 2990, 29, 160721, 164721
20, 3000, 29, 160721, 163480
20, 3010, 29, 160537, 161555
20, 3020, 29, 160308, 162927
20, 3030, 29, 160202, 162116
20, 3040, 29, 160202, 163188
20, 3050, 29, 159883, 162199
20, 3060, 29, 159657, 160449
20, 3070, 29, 159504, 160523
20, 3080, 29, 159040, 160365
20, 3090, 29, 158924, 160026
20, 3100, 29, 158924, 160612
20, 3110, 29, 158805, 162581
20, 3120, 29, 158653, 160148
20, 3130, 29, 158564, 158593
20, 3140, 29, 158264, 162464
20, 3150, 29, 157619, 159733
20, 3160, 29, 157619, 162344
20, 3170, 29, 157347, 158038
20, 3180, 29, 157347, 162060
20, 3190, 29, 157347, 158640
20, 3200, 29, 157347, 160791
20, 3210, 29, 157179, 159131
20, 3220, 29, 157179, 159141
20, 3230, 29, 157179, 157179
20, 3240, 29, 156843, 159503
20, 3250, 29, 156403, 156843
20, 3260, 29, 156096, 159139
20, 3270, 29, 155719, 159463
20, 3280, 29, 155719, 158116
20, 3290, 29, 155055, 157055
20, 3300, 29, 154638, 155704
20, 3310, 29, 154638, 158928
20, 3320, 29, 154584, 156550
20, 3330, 29, 154106, 157596
20, 3340, 29, 154103, 155126
20, 3350, 29, 153335, 156400
20, 3360, 29, 152920, 156129
20, 3370, 29, 152900, 155251
20, 3380, 29, 152723, 154772
20, 3390, 29, 152723, 163936
20, 3400, 29, 152723, 156309
20, 3410, 29, 152650, 153514
20, 3420, 29, 152650, 153833
20, 3430, 29, 152650, 154885
20, 3440, 29, 152501, 155450
20, 3450, 29, 152202, 152822
20, 3460, 29, 152202, 154772
20, 3470, 29, 151830, 153520
20, 3480, 29, 151587, 153846
20, 3490, 29, 151351, 153154
20, 3500, 29, 151351, 154013
20, 3510, 29, 151011, 151220
20, 3520, 29, 150890, 152695
20, 3530, 29, 150806, 152655
20, 3540, 29, 150806, 153000
20, 3550, 29, 150747, 155804
20, 3560, 29, 150568, 153112
20, 3570, 29, 150091, 152321
20, 3580, 29, 150040, 151278
20, 3590, 29, 149843, 153920
20, 3600, 29, 149704, 150724
20, 3610, 29, 149704, 150984
20, 3620, 29, 149704, 153313
20, 3630, 29, 149621, 153886
20, 3640, 29, 149333, 151422
20, 3650, 29, 149333, 149979
20, 3660, 29, 148759, 148897
20, 3670, 29, 148759, 153757
20, 3680, 29, 148759, 149950
20, 3690, 29, 148759, 152411
20, 3700, 29, 148759, 149862
20, 3710, 29, 148297, 148736
20, 3720, 29, 148181, 151617
20, 3730, 29, 147428, 149087
20, 3740, 29, 147104, 150335
20, 3750, 29, 147104, 147104
20, 3760, 29, 146655, 147859
20, 3770, 29, 146486, 147563
20, 3780, 29, 146202, 147751
20, 3790, 29, 145631, 148375
20, 3800, 29, 145631, 147312
20, 3810, 29, 145631, 146665
20, 3820, 29, 145237, 148986
20, 3830, 29, 145175, 147981
20, 3840, 29, 144500, 149203
20, 3850, 29, 144467, 146296
20, 3860, 29, 144412, 145701
20, 3870, 29, 144371, 147214
20, 3880, 29, 144344, 144908
20, 3890, 29, 144344, 147729
20, 3900, 29, 144292, 148073
20, 3910, 29, 144292, 144465
20, 3920, 29, 144250, 144250
20, 3930, 29, 144211, 146320
20, 3940, 29, 144048, 144122
20, 3950, 29, 144048, 146270
20, 3960, 29, 143966, 147657
20, 3970, 29, 143395, 143666
20, 3980, 29, 143395, 143939
20, 3990, 29, 142377, 146616
20, 4000, 29, 141977, 144157
20, 4010, 29, 141977, 143132
20, 4020, 29, 141977, 143793
20, 4030, 29, 141718, 141977
20, 4040, 29, 141718, 143987
20, 4050, 29, 141581, 143719
20, 4060, 29, 141370, 142230
20, 4070, 29, 141306, 142878
20, 4080, 29, 141189, 143866
20, 4090, 29, 140872, 141189
20, 4100, 29, 140872, 143153
20, 4110, 29, 140687, 142961
20, 4120, 29, 140364, 143294
20, 4130, 29, 140097, 142948
20, 4140, 29, 140097, 142548
20, 4150, 29, 140097, 140433
20, 4160, 29, 140097, 140639
20, 4170, 29, 139998, 143726
20, 4180, 29, 139935, 144037
20, 4190, 29, 139578, 141979
20, 4200, 29, 138862, 140583
20, 4210, 29, 138286, 143808
20, 4220, 29, 138286, 138286
20, 4230, 29, 138286, 138286
20, 4240, 29, 138286, 138505
20, 4250, 29, 138286, 138947
20, 4260, 29, 138135, 140570
20, 4270, 29, 137814, 140227
20, 4280, 29, 137622, 139149
20, 4290, 29, 137044, 139433
20, 4300, 29, 137044, 139528
20, 4310, 29, 137044, 140679
20, 4320, 29, 137044, 138752
20, 4330, 29, 136925, 139555
20, 4340, 29, 136925, 140608
20, 4350, 29, 136885, 137873
20, 4360, 29, 136758, 136758
20, 4370, 29, 136758, 137995
20, 4380, 29, 136617, 138129
20, 4390, 29, 136617, 137470
20, 4400, 29, 136505, 139645
20, 4410, 29, 136505, 139889
20, 4420, 29, 136482, 137637
20, 4430, 29, 136131, 138175
20, 4440, 29, 136095, 136837
20, 4450, 29, 136095, 137984
20, 4460, 29, 135953, 136095
20, 4470, 29, 135953, 137788
20, 4480, 29, 135681, 135792
20, 4490, 29, 135366, 137644
20, 4500, 29, 135317, 135317
20, 4510, 29, 135247, 138455
20, 4520, 29, 135203, 135247
20, 4530, 29, 134398, 137115
20, 4540, 29, 134366, 134398
20, 4550, 29, 134366, 138043
20, 4560, 29, 134366, 136645
20, 4570, 29, 134251, 134366
20, 4580, 29, 134251, 136253
20, 4590, 29, 134251, 138149
20, 4600, 29, 134251, 136396
20, 4610, 29, 134163, 135454
20, 4620, 29, 134156, 136684
20, 4630, 29, 133998, 137384
20, 4640, 29, 133998, 134987
20, 4650, 29, 133464, 136799
20, 4660, 29, 133199, 135595
20, 4670, 29, 132963, 136486
20, 4680, 29, 132663, 135134
20, 4690, 29, 132663, 132663
20, 4700, 29, 132358, 134800
20, 4710, 29, 132358, 134341
20, 4720, 29, 132358, 135082
20, 4730, 29, 132216, 132756
20, 4740, 29, 131969, 135129
20, 4750, 29, 131804, 132428
20, 4760, 29, 131804, 131804
20, 4770, 29, 131677, 133538
20, 4780, 29, 131493, 134162
20, 4790, 29, 131493, 131768
20, 4800, 29, 131000, 133233
20, 4810, 29, 131000, 132214
20, 4820, 29, 131000, 133447
20, 4830, 29, 130978, 132656
20, 4840, 29, 130811, 132561
20, 4850, 29, 130691, 133631
20, 4860, 29, 130534, 132475
20, 4870, 29, 130411, 133296
20, 4880, 29, 130411, 132100
20, 4890, 29, 130411, 130411
20, 4900, 29, 130350, 132310
20, 4910, 29, 130240, 132026
20, 4920, 29, 130236, 132076
20, 4930, 29, 130125, 133500
20, 4940, 29, 130125, 134250
20, 4950, 29, 130125, 132733
20, 4960, 29, 130125, 133181
20, 4970, 29, 130125, 131719
20, 4980, 29, 130017, 133103
20, 4990, 29, 130017, 132928
20, 5000, 29, 129083, 129849
20, 5010, 29, 129083, 132333
20, 5020, 29, 129083, 133420
20, 5030, 29, 128891, 130937
20, 5040, 29, 128891, 128891
20, 5050, 29, 128891, 128891
20, 5060, 29, 128891, 133620
20, 5070, 29, 128834, 128891
20, 5080, 29, 128834, 132304
20, 5090, 29, 128680, 128680
20, 5100, 29, 128680, 130065
20, 5110, 29, 128550, 130327
20, 5120, 29, 128506, 129692
20, 5130, 29, 128414, 133136
20, 5140, 29, 128218, 129496
20, 5150, 29, 128218, 131819
20, 5160, 29, 128171, 131355
20, 5170, 29, 127629, 129063
20, 5180, 29, 127629, 127629
20, 5190, 29, 127629, 129048
20, 5200, 29, 127432, 130751
20, 5210, 29, 127432, 129407
20, 5220, 29, 127404, 127432
20, 5230, 29, 127197, 131236
20, 5240, 29, 127074, 130023
20, 5250, 29, 127074, 127074
20, 5260, 29, 126890, 128520
20, 5270, 29, 126819, 129426
20, 5280, 29, 126599, 129505
20, 5290, 29, 126557, 126810
20, 5300, 29, 126243, 127856
20, 5310, 29, 125825, 128663
20, 5320, 29, 125489, 127914
20, 5330, 29, 125489, 125773
20, 5340, 29, 124938, 125991
20, 5350, 29, 124629, 124938
20, 5360, 29, 124567, 129603
20, 5370, 29, 124567, 128687
20, 5380, 29, 124380, 124721
20, 5390, 29, 124380, 125992
20, 5400, 29, 124380, 126988
20, 5410, 29, 124380, 124973
20, 5420, 29, 124380, 127980
20, 5430, 29, 124357, 127783
20, 5440, 29, 124357, 128998
20, 5450, 29, 124357, 125746
20, 5460, 29, 124357, 127752
20, 5470, 29, 124357, 126014
20, 5480, 29, 124243, 128217
20, 5490, 29, 123762, 125236
20, 5500, 29, 123498, 125134
20, 5510, 29, 123280, 123280
20, 5520, 29, 123280, 124521
20, 5530, 29, 122674, 123280
20, 5540, 29, 122254, 122500
20, 5550, 29, 122254, 123802
20, 5560, 29, 122168, 124128
20, 5570, 29, 121415, 124781
20, 5580, 29, 121369, 124089
20, 5590, 29, 121299, 124124
20, 5600, 29, 121180, 123611
20, 5610, 29, 121041, 121041
20, 5620, 29, 121041, 122586
20, 5630, 29, 120965, 122960
20, 5640, 29, 120965, 121055
20, 5650, 29, 120965, 123944
20, 5660, 29, 120851, 123470
20, 5670, 29, 120851, 120946
20, 5680, 29, 120851, 120851
20, 5690, 29, 120795, 122379
20, 5700, 29, 120795, 124161
20, 5710, 29, 120795, 122439
20, 5720, 29, 120691, 120795
20, 5730, 29, 120384, 122872
20, 5740, 29, 120343, 122560
20, 5750, 29, 120343, 122179
20, 5760, 29, 120343, 123351
20, 5770, 29, 120105, 121828
20, 5780, 29, 119692, 122732
20, 5790, 29, 119692, 122248
20, 5800, 29, 119692, 122631
20, 5810, 29, 119513, 119513
20, 5820, 29, 119293, 121747
20, 5830, 29, 119216, 120247
20, 5840, 29, 118794, 120822
20, 5850, 29, 118746, 121035
20, 5860, 29, 118746, 121167
20, 5870, 29, 118746, 119408
20, 5880, 29, 118746, 118746
20, 5890, 29, 118746, 121919
20, 5900, 29, 118746, 120334
20, 5910, 29, 118627, 120749
20, 5920, 29, 118383, 118383
20, 5930, 29, 118383, 118383
20, 5940, 29, 118383, 118960
20, 5950, 29, 118081, 120857
20, 5960, 29, 117681, 121975
20, 5970, 29, 117548, 118654
20, 5980, 29, 117210, 117410
20, 5990, 29, 117210, 117210
20, 6000, 29, 117210, 120267
20, 6010, 29, 117210, 117210
20, 6020, 29, 117194, 117808
20, 6030, 29, 117194, 119677
20, 6040, 29, 116763, 119571
20, 6050, 29, 116763, 120382
20, 6060, 29, 116763, 117873
20, 6070, 29, 116473, 119815
20, 6080, 29, 116473, 116473
20, 6090, 29, 116184, 116473
20, 6100, 29, 116184, 116184
20, 6110, 29, 116184, 117980
20, 6120, 29, 116184, 117596
20, 6130, 29, 116184, 117142
20, 6140, 29, 116184, 116184
20, 6150, 29, 115915, 117092
20, 6160, 29, 115915, 115915
20, 6170, 29, 115915, 117915
20, 6180, 29, 115604, 119605
20, 6190, 29, 115273, 118770
20, 6200, 29, 115273, 115273
20, 6210, 29, 115273, 116307
20, 6220, 29, 115273, 115273
20, 6230, 29, 115273, 118895
20, 6240, 29, 115093, 121098
20, 6250, 29, 115093, 115561
20, 6260, 29, 115093, 121192
20, 6270, 29, 115026, 115026
20, 6280, 29, 115026, 119687
20, 6290, 29, 114836, 118751
20, 6300, 29, 114469, 114636
20, 6310, 29, 114469, 114806
20, 6320, 29, 114469, 115764
20, 6330, 29, 114264, 114641
20, 6340, 29, 114264, 114264
20, 6350, 29, 114253, 119314
20, 6360, 29, 114253, 114253
20, 6370, 29, 114253, 114762
20, 6380, 29, 114253, 114253
20, 6390, 29, 114180, 114546
20, 6400, 29, 113168, 114186
20, 6410, 29, 112847, 113196
20, 6420, 29, 112847, 113810
20, 6430, 29, 112672, 116099
20, 6440, 29, 112672, 113054
20, 6450, 29, 112472, 114812
20, 6460, 29, 112472, 116734
20, 6470, 29, 112472, 115045
20, 6480, 29, 112472, 112472
20, 6490, 29, 112367, 113560
20, 6500, 29, 112367, 113142
20, 6510, 29, 112367, 112367
20, 6520, 29, 112367, 112832
20, 6530, 29, 112367, 114317
20, 6540, 29, 112251, 113841
20, 6550, 29, 112251, 118265
20, 6560, 29, 112251, 112730
20, 6570, 29, 112251, 112786
20, 6580, 29, 111807, 115618
20, 6590, 29, 111807, 114978
20, 6600, 29, 111660, 114522
20, 6610, 29, 111239, 111239
20, 6620, 29, 111239, 113109
20, 6630, 29, 111239, 111239
20, 6640, 29, 111239, 111239
20, 6650, 29, 111202, 111239
20, 6660, 29, 111199, 111202
20, 6670, 29, 111199, 113909
20, 6680, 29, 111199, 113124
20, 6690, 29, 111199, 111199
20, 6700, 29, 111167, 113442
20, 6710, 29, 111116, 112822
20, 6720, 29, 110345, 112034
20, 6730, 29, 109660, 111971
20, 6740, 29, 109514, 112116
20, 6750, 29, 109514, 110921
20, 6760, 29, 109514, 110883
20, 6770, 29, 109514, 113581
20, 6780, 29, 109514, 109514
20, 6790, 29, 109514, 111667
20, 6800, 29, 109514, 109888
20, 6810, 29, 109514, 111340
20, 6820, 29, 109354, 109514
20, 6830, 29, 109303, 112324
20, 6840, 29, 109303, 111573
20, 6850, 29, 109210, 111173
20, 6860, 29, 109210, 111087
20, 6870, 29, 109177, 112325
20, 6880, 29, 109094, 111709
20, 6890, 29, 109094, 112602
20, 6900, 29, 109059, 110625
20, 6910, 29, 109059, 109735
20, 6920, 29, 109059, 109266
20, 6930, 29, 109059, 112088
20, 6940, 29, 108667, 111734
20, 6950, 29, 108545, 108545
20, 6960, 29, 108545, 111109
20, 6970, 29, 108304, 108488
20, 6980, 29, 107939, 111779
20, 6990, 29, 107939, 107939
20, 7000, 29, 107939, 107939
20, 7010, 29, 107939, 108740
20, 7020, 29, 107724, 107939
20, 7030, 29, 107724, 110588
20, 7040, 29, 107184, 107724
20, 7050, 29, 107184, 107733
20, 7060, 29, 107126, 108662
20, 7070, 29, 107126, 108485
20, 7080, 29, 106985, 107840
20, 7090, 29, 106985, 107408
20, 7100, 29, 106985, 106985
20, 7110, 29, 106985, 110394
20, 7120, 29, 106894, 106985
20, 7130, 29, 106894, 110628
20, 7140, 29, 106894, 110492
20, 7150, 29, 106894, 107884
20, 7160, 29, 106894, 109071
20, 7170, 29, 106894, 106894
20, 7180, 29, 106894, 106894
20, 7190, 29, 106894, 106894
20, 7200, 29, 106894, 109730
20, 7210, 29, 106894, 106894
20, 7220, 29, 106894, 106894
20, 7230, 29, 106894, 108751
20, 7240, 29, 106894, 106894
20, 7250, 29, 106894, 111573
20, 7260, 29, 106894, 106894
20, 7270, 29, 106696, 106696
20, 7280, 29, 106531, 109650
20, 7290, 29, 106207, 108998
20, 7300, 29, 106057, 106057
20, 7310, 29, 105923, 108184
20, 7320, 29, 105521, 105680
20, 7330, 29, 105321, 107790
20, 7340, 29, 105321, 106072
20, 7350, 29, 105205, 109690
20, 7360, 29, 105205, 105205
20, 7370, 29, 105205, 105205
20, 7380, 29, 104934, 104934
20, 7390, 29, 104764, 104895
20, 7400, 29, 104764, 104764
20, 7410, 29, 104764, 104764
20, 7420, 29, 104764, 104764
20, 7430, 29, 104764, 104764
20, 7440, 29, 104631, 105895
20, 7450, 29, 104589, 104975
20, 7460, 29, 104409, 104589
20, 7470, 29, 104409, 105023
20, 7480, 29, 104150, 107205
20, 7490, 29, 104150, 104150
20, 7500, 29, 104150, 104150
20, 7510, 29, 104150, 104150
20, 7520, 29, 104150, 105477
20, 7530, 29, 104150, 104865
20, 7540, 29, 103883, 107164
20, 7550, 29, 103835, 103883
20, 7560, 29, 103835, 105404
20, 7570, 29, 103835, 103835
20, 7580, 29, 103835, 104332
20, 7590, 29, 103365, 103835
20, 7600, 29, 103299, 103299
20, 7610, 29, 103251, 103299
20, 7620, 29, 103251, 106392
20, 7630, 29, 103251, 103251
20, 7640, 29, 103251, 104578
20, 7650, 29, 103251, 104711
20, 7660, 29, 103225, 104084
20, 7670, 29, 103225, 105178
20, 7680, 29, 103160, 105577
20, 7690, 29, 103160, 104340
20, 7700, 29, 103085, 103160
20, 7710, 29, 103085, 105285
20, 7720, 29, 103060, 106396
20, 7730, 29, 102678, 104434
20, 7740, 29, 102314, 108416
20, 7750, 29, 102314, 104057
20, 7760, 29, 102314, 102314
20, 7770, 29, 102314, 104551
20, 7780, 29, 102231, 104341
20, 7790, 29, 102231, 104098
20, 7800, 29, 102231, 103842
20, 7810, 29, 102231, 104084
20, 7820, 29, 102231, 105167
20, 7830, 29, 102231, 104267
20, 7840, 29, 102231, 102231
20, 7850, 29, 102148, 105265
20, 7860, 29, 102148, 102148
20, 7870, 29, 102113, 103945
20, 7880, 29, 102113, 102113
20, 7890, 29, 101926, 102113
20, 7900, 29, 101926, 101926
20, 7910, 29, 101926, 101926
20, 7920, 29, 101926, 101926
20, 7930, 29, 101541, 105112
20, 7940, 29, 101541, 101541
20, 7950, 29, 101449, 104413
20, 7960, 29, 101449, 101449
20, 7970, 29, 101449, 101922
20, 7980, 29, 101449, 104235
20, 7990, 29, 101449, 103831
20, 8000, 29, 101449, 103007
20, 8010, 29, 101449, 101449
20, 8020, 29, 101449, 101449
20, 8030, 29, 101449, 106236
20, 8040, 29, 101449, 101449
20, 8050, 29, 101449, 103478
20, 8060, 29, 101332, 102661
20, 8070, 29, 101130, 102351
20, 8080, 29, 100930, 105033
20, 8090, 29, 100930, 101134
20, 8100, 29, 100930, 100930
20, 8110, 29, 100930, 102458
20, 8120, 29, 100930, 101960
20, 8130, 29, 100930, 100930
20, 8140, 29, 100930, 100930
20, 8150, 29, 100683, 102167
20, 8160, 29, 100683, 101707
20, 8170, 29, 100589, 101900
20, 8180, 29, 100589, 100589
20, 8190, 29, 100589, 101256
20, 8200, 29, 100402, 101192
20, 8210, 29, 100402, 100824
20, 8220, 29, 100402, 102140
20, 8230, 29, 100367, 102411
20, 8240, 29, 100367, 100367
20, 8250, 29, 100294, 103896
20, 8260, 29, 100203, 101174
20, 8270, 29, 100203, 101167
20, 8280, 29, 100147, 100444
20, 8290, 29, 100147, 100147
20, 8300, 29, 100147, 102395
20, 8310, 29, 100147, 101837
20, 8320, 29, 100069, 100794
20, 8330, 29, 100069, 100069
20, 8340, 29, 100069, 102396
20, 8350, 29, 100069, 100661
20, 8360, 29, 99953, 100267
20, 8370, 29, 99953, 99953
20, 8380, 29, 99953, 101236
20, 8390, 29, 99953, 99953
20, 8400, 29, 99953, 99953
20, 8410, 29, 99953, 100384
20, 8420, 29, 99953, 99953
20, 8430, 29, 99953, 99953
20, 8440, 29, 99953, 102550
20, 8450, 29, 99953, 99953
20, 8460, 29, 99953, 99953
20, 8470, 29, 99953, 99953
20, 8480, 29, 99953, 102039
20, 8490, 29, 99869, 100708
20, 8500, 29, 99694, 101666
20, 8510, 29, 99575, 99694
20, 8520, 29, 99575, 101975
20, 8530, 29, 99575, 99575
20, 8540, 29, 99561, 99575
20, 8550, 29, 99561, 99561
20, 8560, 29, 99561, 102315
20, 8570, 29, 99448, 102403
20, 8580, 29, 99448, 99448
20, 8590, 29, 99448, 99448
20, 8600, 29, 99237, 99437
20, 8610, 29, 99237, 99237
20, 8620, 29, 99237, 101296
20, 8630, 29, 99237, 99930
20, 8640, 29, 99219, 100248
20, 8650, 29, 99219, 99219
20, 8660, 29, 99135, 99135
20, 8670, 29, 99135, 99135
20, 8680, 29, 99135, 99135
20, 8690, 29, 99098, 102045
20, 8700, 29, 99098, 101292
20, 8710, 29, 99098, 99098
20, 8720, 29, 99098, 99395
20, 8730, 29, 98967, 99966
20, 8740, 29, 98850, 98967
20, 8750, 29, 98850, 99250
20, 8760, 29, 98850, 98850
20, 8770, 29, 98850, 99198
20, 8780, 29, 98780, 98780
20, 8790, 29, 98755, 98780
20, 8800, 29, 98755, 102497
20, 8810, 29, 98755, 99150
20, 8820, 29, 98663, 98755
20, 8830, 29, 98663, 98663
20, 8840, 29, 98663, 99065
20, 8850, 29, 98663, 100154
20, 8860, 29, 98663, 99930
20, 8870, 29, 98573, 98573
20, 8880, 29, 98573, 98573
20, 8890, 29, 98573, 99732
20, 8900, 29, 98573, 98573
20, 8910, 29, 98520, 98573
20, 8920, 29, 98520, 102189
20, 8930, 29, 98520, 101895
20, 8940, 29, 98520, 101288
20, 8950, 29, 98444, 100496
20, 8960, 29, 98410, 98444
20, 8970, 29, 98410, 101121
20, 8980, 29, 98410, 98410
20, 8990, 29, 98410, 100610
20, 9000, 29, 98410, 100146
20, 9010, 29, 98410, 99637
20, 9020, 29, 98410, 99334
20, 9030, 29, 98280, 100184
20, 9040, 29, 98280, 98280
20, 9050, 29, 98140, 98280
20, 9060, 29, 98140, 99292
20, 9070, 29, 98031, 99646
20, 9080, 29, 98031, 99198
20, 9090, 29, 98031, 98031
20, 9100, 29, 98031, 99208
20, 9110, 29, 98031, 98031
20, 9120, 29, 98031, 98031
20, 9130, 29, 97958, 97958
20, 9140, 29, 97958, 97958
20, 9150, 29, 97958, 97958
20, 9160, 29, 97958, 100419
20, 9170, 29, 97958, 100569
20, 9180, 29, 97958, 99088
20, 9190, 29, 97958, 99095
20, 9200, 29, 97958, 98507
20, 9210, 29, 97836, 100858
20, 9220, 29, 97836, 97836
20, 9230, 29, 97836, 97836
20, 9240, 29, 97836, 97836
20, 9250, 29, 97836, 97836
20, 9260, 29, 97836, 97836
20, 9270, 29, 97836, 97836
20, 9280, 29, 97730, 97836
20, 9290, 29, 97730, 99625
20, 9300, 29, 97730, 97730
20, 9310, 29, 97541, 97541
20, 9320, 29, 97326, 97350
20, 9330, 29, 97326, 99744
20, 9340, 29, 97326, 98537
20, 9350, 29, 97326, 97326
20, 9360, 29, 97283, 97283
20, 9370, 29, 97283, 97283
20, 9380, 29, 97283, 101018
20, 9390, 29, 97184, 97283
20, 9400, 29, 97135, 97135
20, 9410, 29, 97081, 100409
20, 9420, 29, 97081, 101679
20, 9430, 29, 97081, 101542
20, 9440, 29, 97081, 97761
20, 9450, 29, 97081, 97081
20, 9460, 29, 97081, 97081
20, 9470, 29, 97081, 97081
20, 9480, 29, 97072, 97237
20, 9490, 29, 97072, 97072
20, 9500, 29, 97072, 97072
20, 9510, 29, 97072, 97072
20, 9520, 29, 97072, 98293
20, 9530, 29, 97072, 97072
20, 9540, 29, 97072, 100917
20, 9550, 29, 97072, 97651
20, 9560, 29, 97072, 97072
20, 9570, 29, 97072, 97072
20, 9580, 29, 97072, 97072
20, 9590, 29, 97072, 97706
20, 9600, 29, 97072, 97358
20, 9610, 29, 97072, 97072
20, 9620, 29, 97072, 98423
20, 9630, 29, 97072, 98765
20, 9640, 29, 97072, 97072
20, 9650, 29, 96730, 97072
20, 9660, 29, 96510, 96510
20, 9670, 29, 96510, 97504
20, 9680, 29, 96510, 98062
20, 9690, 29, 96510, 97599
20, 9700, 29, 96427, 96510
20, 9710, 29, 96427, 96427
20, 9720, 29, 96369, 98721
20, 9730, 29, 96369, 96369
20, 9740, 29, 96369, 96369
20, 9750, 29, 96369, 97245
20, 9760, 29, 96334, 97802
20, 9770, 29, 96334, 97087
20, 9780, 29, 96334, 98137
20, 9790, 29, 96200, 98092
20, 9800, 29, 96200, 96200
20, 9810, 29, 96200, 96200
20, 9820, 29, 96200, 98585
20, 9830, 29, 96200, 99313
20, 9840, 29, 95912, 96231
20, 9850, 29, 95771, 99428
20, 9860, 29, 95771, 95771
20, 9870, 29, 95771, 96123
20, 9880, 29, 95720, 95720
20, 9890, 29, 95720, 95720
20, 9900, 29, 95720, 95720
20, 9910, 29, 95720, 95720
20, 9920, 29, 95720, 98470
20, 9930, 29, 95720, 95978
20, 9940, 29, 95720, 98994
20, 9950, 29, 95635, 95635
20, 9960, 29, 95635, 95635
20, 9970, 29, 95557, 96059
20, 9980, 29, 95557, 96243
20, 9990, 29, 95557, 97947
20, 10000, 29, 95557, 95557
20, 10010, 29, 95336, 95415
20, 10020, 29, 95336, 98672
20, 10030, 29, 95336, 95336
20, 10040, 29, 95336, 95336
20, 10050, 29, 95336, 95336
20, 10060, 29, 95111, 95336
20, 10070, 29, 95111, 98913
20, 10080, 29, 95111, 95111
20, 10090, 29, 95111, 95111
20, 10100, 29, 95111, 96059
20, 10110, 29, 94793, 97291
20, 10120, 29, 94793, 97614
20, 10130, 29, 94564, 94648
20, 10140, 29, 94564, 97987
20, 10150, 29, 94564, 97221
20, 10160, 29, 94564, 94564
20, 10170, 29, 94554, 94970
20, 10180, 29, 94468, 98735
20, 10190, 29, 94410, 95499
20, 10200, 29, 94410, 95496
20, 10210, 29, 94410, 94410
20, 10220, 29, 94410, 94410
20, 10230, 29, 94332, 94332
20, 10240, 29, 94332, 94332
20, 10250, 29, 94069, 95804
20, 10260, 29, 94069, 94069
20, 10270, 29, 93875, 94363
20, 10280, 29, 93875, 93875
20, 10290, 29, 93875, 95183
20, 10300, 29, 93875, 93875
20, 10310, 29, 93875, 93875
20, 10320, 29, 93875, 93875
20, 10330, 29, 93840, 93875
20, 10340, 29, 93840, 93840
20, 10350, 29, 93840, 93840
20, 10360, 29, 93771, 93771
20, 10370, 29, 93771, 95086
20, 10380, 29, 93771, 96409
20, 10390, 29, 93771, 93771
20, 10400, 29, 93566, 96634
20, 10410, 29, 93566, 96501
20, 10420, 29, 93566, 94589
20, 10430, 29, 93404, 93520
20, 10440, 29, 93204, 93404
20, 10450, 29, 93081, 93139
20, 10460, 29, 93081, 93081
20, 10470, 29, 93081, 93081
20, 10480, 29, 93081, 93081
20, 10490, 29, 93081, 93081
20, 10500, 29, 93081, 94865
20, 10510, 29, 93081, 93081
20, 10520, 29, 93081, 93081
20, 10530, 29, 93040, 96297
20, 10540, 29, 93040, 93040
20, 10550, 29, 93040, 93040
20, 10560, 29, 93040, 96520
20, 10570, 29, 93040, 95033
20, 10580, 29, 93040, 94691
20, 10590, 29, 92756, 93040
20, 10600, 29, 92756, 92796
20, 10610, 29, 92756, 92756
20, 10620, 29, 92756, 92756
20, 10630, 29, 92756, 93449
20, 10640, 29, 92725, 92756
20, 10650, 29, 92725, 92725
20, 10660, 29, 92725, 92725
20, 10670, 29, 92725, 92725
20, 10680, 29, 92725, 92725
20, 10690, 29, 92725, 92725
20, 10700, 29, 92718, 97131
20, 10710, 29, 92679, 92679
20, 10720, 29, 92679, 92679
20, 10730, 29, 92679, 93640
20, 10740, 29, 92670, 94896
20, 10750, 29, 92670, 92670
20, 10760, 29, 92670, 95328
20, 10770, 29, 92670, 92670
20, 10780, 29, 92670, 93503
20, 10790, 29, 92670, 92670
20, 10800, 29, 92670, 93228
20, 10810, 29, 92578, 92578
20, 10820, 29, 92565, 95286
20, 10830, 29, 92565, 92565
20, 10840, 29, 92565, 94239
20, 10850, 29, 92565, 92565
20, 10860, 29, 92445, 94032
20, 10870, 29, 92445, 92445
20, 10880, 29, 92445, 92445
20, 10890, 29, 92445, 93435
20, 10900, 29, 92445, 92445
20, 10910, 29, 92445, 92445
20, 10920, 29, 92445, 95189
20, 10930, 29, 92317, 92957
20, 10940, 29, 92317, 93059
20, 10950, 29, 92317, 92317
20, 10960, 29, 92317, 92317
20, 10970, 29, 92102, 92102
20, 10980, 29, 92102, 92102
20, 10990, 29, 92102, 92102
20, 11000, 29, 92102, 92102
20, 11010, 29, 92037, 92102
20, 11020, 29, 92037, 92037
20, 11030, 29, 92037, 92037
20, 11040, 29, 92037, 92037
20, 11050, 29, 92037, 92037
20, 11060, 29, 91983, 93346
20, 11070, 29, 91983, 91983
20, 11080, 29, 91983, 91983
20, 11090, 29, 91983, 91983
20, 11100, 29, 91983, 91983
20, 11110, 29, 91916, 93448
20, 11120, 29, 91916, 91916
20, 11130, 29, 91916, 91916
20, 11140, 29, 91916, 91916
20, 11150, 29, 91916, 91916
20, 11160, 29, 91833, 91916
20, 11170, 29, 91833, 91833
20, 11180, 29, 91758, 91758
20, 11190, 29, 91699, 93467
20, 11200, 29, 91699, 96016
20, 11210, 29, 91699, 91699
20, 11220, 29, 91699, 91699
20, 11230, 29, 91699, 91699
20, 11240, 29, 91699, 94090
20, 11250, 29, 91699, 91699
20, 11260, 29, 91699, 91699
20, 11270, 29, 91616, 91699
20, 11280, 29, 91616, 93921
20, 11290, 29, 91582, 91582
20, 11300, 29, 91582, 91582
20, 11310, 29, 91510, 91510
20, 11320, 29, 91510, 91510
20, 11330, 29, 91510, 91510
20, 11340, 29, 91510, 91510
20, 11350, 29, 91510, 91510
20, 11360, 29, 91510, 91510
20, 11370, 29, 91451, 91510
20, 11380, 29, 91451, 91451
20, 11390, 29, 91145, 93955
20, 11400, 29, 91145, 92299
20, 11410, 29, 91145, 91145
20, 11420, 29, 90974, 91145
20, 11430, 29, 90974, 90974
20, 11440, 29, 90966, 90966
20, 11450, 29, 90966, 91850
20, 11460, 29, 90966, 90966
20, 11470, 29, 90966, 91215
20, 11480, 29, 90966, 90966
20, 11490, 29, 90966, 90966
20, 11500, 29, 90966, 90966
20, 11510, 29, 90966, 90966
20, 11520, 29, 90966, 92177
20, 11530, 29, 90831, 93361
20, 11540, 29, 90831, 91813
20, 11550, 29, 90831, 90831
20, 11560, 29, 90831, 93435
20, 11570, 29, 90736, 92212
20, 11580, 29, 90736, 90736
20, 11590, 29, 90676, 90676
20, 11600, 29, 90658, 90676
20, 11610, 29, 90596, 91722
20, 11620, 29, 90596, 92692
20, 11630, 29, 90596, 90596
20, 11640, 29, 90596, 90596
20, 11650, 29, 90596, 90596
20, 11660, 29, 90596, 90596
20, 11670, 29, 90596, 90596
20, 11680, 29, 90596, 90596
20, 11690, 29, 90596, 90596
20, 11700, 29, 90596, 90596
20, 11710, 29, 90586, 93884
20, 11720, 29, 90586, 90586
20, 11730, 29, 90586, 92690
20, 11740, 29, 90586, 91810
20, 11750, 29, 90586, 90586
20, 11760, 29, 90586, 90586
20, 11770, 29, 90525, 90561
20, 11780, 29, 90525, 90525
20, 11790, 29, 90525, 90525
20, 11800, 29, 90525, 90525
20, 11810, 29, 90525, 90525
20, 11820, 29, 90308, 90525
20, 11830, 29, 90308, 92436
20, 11840, 29, 90249, 90308
20, 11850, 29, 90151, 90249
20, 11860, 29, 90151, 90151
20, 11870, 29, 90151, 90151
20, 11880, 29, 89766, 89766
20, 11890, 29, 89766, 89766
20, 11900, 29, 89766, 89766
20, 11910, 29, 89651, 89766
20, 11920, 29, 89651, 89651
20, 11930, 29, 89651, 90253
20, 11940, 29, 89651, 89651
20, 11950, 29, 89651, 89651
20, 11960, 29, 89651, 89651
20, 11970, 29, 89651, 89651
20, 11980, 29, 89510, 89510
20, 11990, 29, 89510, 89510
20, 12000, 29, 89486, 89510
20, 12010, 29, 89486, 89486
20, 12020, 29, 89486, 89486
20, 12030, 29, 89486, 89486
20, 12040, 29, 89486, 92304
20, 12050, 29, 89486, 89486
20, 12060, 29, 89486, 89486
20, 12070, 29, 89386, 89386
20, 12080, 29, 89386, 89386
20, 12090, 29, 89386, 89386
20, 12100, 29, 89386, 89386
20, 12110, 29, 89369, 89369
20, 12120, 29, 89369, 89369
20, 12130, 29, 89369, 89369
20, 12140, 29, 89369, 89369
20, 12150, 29, 89369, 89369
20, 12160, 29, 89369, 92516
20, 12170, 29, 89369, 89369
20, 12180, 29, 89369, 92384
20, 12190, 29, 89369, 89369
20, 12200, 29, 89369, 89369
20, 12210, 29, 89369, 89369
20, 12220, 29, 89369, 89369
20, 12230, 29, 89369, 89369
20, 12240, 29, 89369, 89369
20, 12250, 29, 89369, 91799
20, 12260, 29, 89369, 89369
20, 12270, 29, 89193, 89369
20, 12280, 29, 89193, 91295
20, 12290, 29, 89193, 89193
20, 12300, 29, 89193, 89193
20, 12310, 29, 89121, 89193
20, 12320, 29, 89121, 89121
20, 12330, 29, 89121, 89121
20, 12340, 29, 89121, 89121
20, 12350, 29, 89113, 89121
20, 12360, 29, 89113, 91271
20, 12370, 29, 89113, 90901
20, 12380, 29, 89113, 89113
20, 12390, 29, 89113, 89113
20, 12400, 29, 89089, 92314
20, 12410, 29, 89089, 90247
20, 12420, 29, 89089, 89089
20, 12430, 29, 89047, 89047
20, 12440, 29, 89047, 89047
20, 12450, 29, 89047, 89047
20, 12460, 29, 89047, 89047
20, 12470, 29, 89047, 89047
20, 12480, 29, 89047, 89047
20, 12490, 29, 89047, 89277
20, 12500, 29, 89006, 89006
20, 12510, 29, 89006, 89006
20, 12520, 29, 89006, 89476
20, 12530, 29, 89006, 89006
20, 12540, 29, 89006, 89006
20, 12550, 29, 89006, 89006
20, 12560, 29, 88826, 89006
20, 12570, 29, 88826, 88826
20, 12580, 29, 88826, 88826
20, 12590, 29, 88826, 88826
20, 12600, 29, 88826, 93188
20, 12610, 29, 88802, 88826
20, 12620, 29, 88802, 88802
20, 12630, 29, 88802, 91766
20, 12640, 29, 88802, 89524
20, 12650, 29, 88802, 90539
20, 12660, 29, 88795, 88802
20, 12670, 29, 88595, 88795
20, 12680, 29, 88595, 91404
20, 12690, 29, 88595, 88595
20, 12700, 29, 88595, 88595
20, 12710, 29, 88406, 89052
20, 12720, 29, 88406, 88406
20, 12730, 29, 88373, 88373
20, 12740, 29, 88373, 88373
20, 12750, 29, 88358, 88368
20, 12760, 29, 88358, 88358
20, 12770, 29, 88358, 88358
20, 12780, 29, 88358, 88358
20, 12790, 29, 88168, 88168
20, 12800, 29, 88168, 89074
20, 12810, 29, 88168, 88168
20, 12820, 29, 88168, 89474
20, 12830, 29, 88168, 90886
20, 12840, 29, 88168, 88168
20, 12850, 29, 88168, 88168
20, 12860, 29, 88110, 90067
20, 12870, 29, 88110, 88110
20, 12880, 29, 88110, 88110
20, 12890, 29, 88110, 88110
20, 12900, 29, 88110, 88110
20, 12910, 29, 88110, 88110
20, 12920, 29, 88110, 88110
20, 12930, 29, 88110, 88110
20, 12940, 29, 88110, 88110
20, 12950, 29, 88110, 88110
20, 12960, 29, 88110, 89489
20, 12970, 29, 88110, 91058
20, 12980, 29, 88110, 88110
20, 12990, 29, 88110, 88110
20, 13000, 29, 88110, 88110
20, 13010, 29, 87948, 91328
20, 13020, 29, 87948, 87948
20, 13030, 29, 87948, 87948
20, 13040, 29, 87948, 87948
20, 13050, 29, 87948, 87948
20, 13060, 29, 87948, 87948
20, 13070, 29, 87948, 88031
20, 13080, 29, 87948, 87948
20, 13090, 29, 87948, 88089
20, 13100, 29, 87941, 87948
20, 13110, 29, 87941, 88597
20, 13120, 29, 87941, 87941
20, 13130, 29, 87941, 87941
20, 13140, 29, 87941, 87941
20, 13150, 29, 87941, 87941
20, 13160, 29, 87941, 87941
20, 13170, 29, 87941, 87941
20, 13180, 29, 87941, 89981
20, 13190, 29, 87941, 87941
20, 13200, 29, 87941, 87941
20, 13210, 29, 87889, 87889
20, 13220, 29, 87889, 87889
20, 13230, 29, 87889, 87889
20, 13240, 29, 87887, 87889
20, 13250, 29, 87887, 87887
20, 13260, 29, 87887, 90058
20, 13270, 29, 87887, 87887
20, 13280, 29, 87803, 87887
20, 13290, 29, 87803, 87803
20, 13300, 29, 87803, 87803
20, 13310, 29, 87803, 87803
20, 13320, 29, 87803, 87803
20, 13330, 29, 87803, 87803
20, 13340, 29, 87803, 87803
20, 13350, 29, 87803, 90677
20, 13360, 29, 87803, 88571
20, 13370, 29, 87803, 87803
20, 13380, 29, 87803, 87803
20, 13390, 29, 87803, 87803
20, 13400, 29, 87455, 87455
20, 13410, 29, 87455, 87455
20, 13420, 29, 87455, 87455
20, 13430, 29, 87455, 87455
20, 13440, 29, 87455, 87455
20, 13450, 29, 87455, 87455
20, 13460, 29, 87455, 87455
20, 13470, 29, 87351, 87402
20, 13480, 29, 87351, 87351
20, 13490, 29, 87291, 87676
20, 13500, 29, 87291, 87291
20, 13510, 29, 87291, 87291
20, 13520, 29, 87291, 87291
20, 13530, 29, 87291, 87291
20, 13540, 29, 87291, 87291
20, 13550, 29, 87291, 87291
20, 13560, 29, 87291, 87291
20, 13570, 29, 87291, 87291
20, 13580, 29, 87291, 87291
20, 13590, 29, 87291, 87291
20, 13600, 29, 87291, 87291
20, 13610, 29, 87291, 88808
20, 13620, 29, 87291, 87291
20, 13630, 29, 87291, 87291
20, 13640, 29, 87291, 88340
20, 13650, 29, 87291, 87291
20, 13660, 29, 87207, 89719
20, 13670, 29, 87207, 87207
20, 13680, 29, 87152, 87152
20, 13690, 29, 86952, 86952
20, 13700, 29, 86952, 86952
20, 13710, 29, 86952, 86952
20, 13720, 29, 86952, 86952
20, 13730, 29, 86952, 86952
20, 13740, 29, 86952, 86952
20, 13750, 29, 86952, 86952
20, 13760, 29, 86864, 86864
20, 13770, 29, 86864, 86864
20, 13780, 29, 86864, 89854
20, 13790, 29, 86505, 86505
20, 13800, 29, 86505, 86505
20, 13810, 29, 86505, 86505
20, 13820, 29, 86505, 86505
20, 13830, 29, 86360, 90963
20, 13840, 29, 86360, 86360
20, 13850, 29, 86360, 86360
20, 13860, 29, 86360, 86360
20, 13870, 29, 86360, 86360
20, 13880, 29, 86360, 86360
20, 13890, 29, 86360, 89703
20, 13900, 29, 86289, 86360
20, 13910, 29, 86289, 86289
20, 13920, 29, 86286, 86289
20, 13930, 29, 86286, 86286
20, 13940, 29, 86286, 86286
20, 13950, 29, 86286, 86286
20, 13960, 29, 86286, 86286
20, 13970, 29, 86286, 86286
20, 13980, 29, 86286, 87296
20, 13990, 29, 86286, 87343
20, 14000, 29, 86286, 86286
20, 14010, 29, 86286, 86286
20, 14020, 29, 86286, 86286
20, 14030, 29, 86177, 86177
20, 14040, 29, 86177, 86177
20, 14050, 29, 86177, 86177
20, 14060, 29, 86177, 86177
20, 14070, 29, 86177, 86177
20, 14080, 29, 86177, 86590
20, 14090, 29, 86177, 86177
20, 14100, 29, 86177, 86177
20, 14110, 29, 86177, 86177
20, 14120, 29, 86177, 86177
20, 14130, 29, 86177, 86664
20, 14140, 29, 86177, 86177
20, 14150, 29, 86177, 86177
20, 14160, 29, 86177, 86177
20, 14170, 29, 86177, 86177
20, 14180, 29, 86177, 86177
20, 14190, 29, 86177, 86177
20, 14200, 29, 86177, 86177
20, 14210, 29, 86177, 86177
20, 14220, 29, 86177, 86177
20, 14230, 29, 86177, 86177
20, 14240, 29, 86177, 86177
20, 14250, 29, 86177, 86177
20, 14260, 29, 86177, 87778
20, 14270, 29, 86177, 90174
20, 14280, 29, 86177, 86177
20, 14290, 29, 86066, 86066
20, 14300, 29, 86026, 86026
20, 14310, 29, 86026, 86026
20, 14320, 29, 86026, 86026
20, 14330, 29, 86026, 86026
20, 14340, 29, 86026, 86026
20, 14350, 29, 86026, 86882
20, 14360, 29, 86026, 86026
20, 14370, 29, 86026, 86026
20, 14380, 29, 86026, 86026
20, 14390, 29, 86026, 86842
20, 14400, 29, 85967, 85967
20, 14410, 29, 85967, 85967
20, 14420, 29, 85967, 85967
20, 14430, 29, 85967, 85967
20, 14440, 29, 85967, 85967
20, 14450, 29, 85967, 85967
20, 14460, 29, 85967, 85967
20, 14470, 29, 85884, 85967
20, 14480, 29, 85768, 85884
20, 14490, 29, 85768, 85768
20, 14500, 29, 85745, 86007
20, 14510, 29, 85580, 85580
20, 14520, 29, 85580, 86119
20, 14530, 29, 85580, 85580
20, 14540, 29, 85580, 85580
20, 14550, 29, 85580, 85580
20, 14560, 29, 85541, 85580
20, 14570, 29, 85541, 88384
20, 14580, 29, 85541, 87814
20, 14590, 29, 85523, 85523
20, 14600, 29, 85523, 85523
20, 14610, 29, 85523, 85523
20, 14620, 29, 85440, 87410
20, 14630, 29, 85440, 85440
20, 14640, 29, 85078, 85440
20, 14650, 29, 85078, 85078
20, 14660, 29, 85078, 85078
20, 14670, 29, 85078, 85078
20, 14680, 29, 85078, 85078
20, 14690, 29, 85078, 85078
20, 14700, 29, 85078, 85078
20, 14710, 29, 85078, 85078
20, 14720, 29, 85078, 85078
20, 14730, 29, 85078, 85078
20, 14740, 29, 85078, 85078
20, 14750, 29, 85078, 85078
20, 14760, 29, 85078, 85078
20, 14770, 29, 85078, 85078
20, 14780, 29, 85078, 85078
20, 14790, 29, 85078, 85078
20, 14800, 29, 85078, 85078
20, 14810, 29, 85045, 85078
20, 14820, 29, 85045, 85045
20, 14830, 29, 85045, 85045
20, 14840, 29, 85045, 85045
20, 14850, 29, 85045, 85045
20, 14860, 29, 85045, 85045
20, 14870, 29, 85033, 85045
20, 14880, 29, 85033, 85033
20, 14890, 29, 85028, 85028
20, 14900, 29, 85028, 85028
20, 14910, 29, 85028, 85028
20, 14920, 29, 85028, 85028
20, 14930, 29, 85028, 85028
20, 14940, 29, 85028, 85028
20, 14950, 29, 85028, 85028
20, 14960, 29, 85028, 85028
20, 14970, 29, 85028, 85028
20, 14980, 29, 85028, 85028
20, 14990, 29, 85009, 85009
20, 15000, 29, 85009, 85009
20, 15010, 29, 85009, 85009
20, 15020, 29, 85009, 85009
20, 15030, 29, 85009, 89129
20, 15040, 29, 84907, 84907
20, 15050, 29, 84907, 84907
20, 15060, 29, 84907, 84907
20, 15070, 29, 84907, 84907
20, 15080, 29, 84907, 84907
20, 15090, 29, 84907, 84907
20, 15100, 29, 84907, 84907
20, 15110, 29, 84721, 84721
20, 15120, 29, 84721, 86068
20, 15130, 29, 84721, 84721
20, 15140, 29, 84721, 84721
20, 15150, 29, 84721, 84721
20, 15160, 29, 84663, 84663
20, 15170, 29, 84663, 84663
20, 15180, 29, 84663, 84663
20, 15190, 29, 84663, 84663
20, 15200, 29, 84663, 84663
20, 15210, 29, 84663, 84663
20, 15220, 29, 84663, 84663
20, 15230, 29, 84663, 84663
20, 15240, 29, 84663, 84663
20, 15250, 29, 84663, 84663
20, 15260, 29, 84663, 84663
20, 15270, 29, 84663, 84663
20, 15280, 29, 84663, 84663
20, 15290, 29, 84663, 86964
20, 15300, 29, 84663, 84663
20, 15310, 29, 84663, 84663
20, 15320, 29, 84663, 84663
20, 15330, 29, 84663, 84663
20, 15340, 29, 84663, 84663
20, 15350, 29, 84646, 84646
20, 15360, 29, 84646, 84646
20, 15370, 29, 84530, 84530
20, 15380, 29, 84530, 84530
20, 15390, 29, 84530, 84530
20, 15400, 29, 84530, 84530
20, 15410, 29, 84530, 84530
20, 15420, 29, 84530, 84530
20, 15430, 29, 84415, 84415
20, 15440, 29, 84369, 84415
20, 15450, 29, 84369, 84369
20, 15460, 29, 84369, 84369
20, 15470, 29, 84369, 84369
20, 15480, 29, 84347, 84369
20, 15490, 29, 84347, 84347
20, 15500, 29, 84347, 84347
20, 15510, 29, 84347, 84347
20, 15520, 29, 84347, 84347
20, 15530, 29, 84347, 84347
20, 15540, 29, 84347, 84484
20, 15550, 29, 84347, 84347
20, 15560, 29, 84208, 84347
20, 15570, 29, 84208, 84208
20, 15580, 29, 84150, 84208
20, 15590, 29, 84089, 84150
20, 15600, 29, 84089, 84089
20, 15610, 29, 84089, 84089
20, 15620, 29, 84089, 84089
20, 15630, 29, 84089, 84089
20, 15640, 29, 84089, 84089
20, 15650, 29, 84089, 84089
20, 15660, 29, 84089, 84089
20, 15670, 29, 84089, 84089
20, 15680, 29, 84089, 84089
20, 15690, 29, 84089, 84089
20, 15700, 29, 84089, 84089
20, 15710, 29, 84089, 84089
20, 15720, 29, 83969, 84654
20, 15730, 29, 83969, 83969
20, 15740, 29, 83969, 83969
20, 15750, 29, 83969, 84940
20, 15760, 29, 83769, 83969
20, 15770, 29, 83769, 83769
20, 15780, 29, 83769, 83769
20, 15790, 29, 83769, 83769
20, 15800, 29, 83769, 83769
20, 15810, 29, 83769, 83769
20, 15820, 29, 83501, 83501
20, 15830, 29, 83501, 83501
20, 15840, 29, 83501, 83501
20, 15850, 29, 83501, 83501
20, 15860, 29, 83501, 83501
20, 15870, 29, 83501, 83501
20, 15880, 29, 83210, 83501
20, 15890, 29, 83210, 83210
20, 15900, 29, 83210, 83210
20, 15910, 29, 83210, 83943
20, 15920, 29, 83210, 83210
20, 15930, 29, 83051, 83210
20, 15940, 29, 83051, 83051
20, 15950, 29, 83051, 83051
20, 15960, 29, 83051, 83051
20, 15970, 29, 83051, 83051
20, 15980, 29, 83051, 83051
20, 15990, 29, 82866, 82866
20, 16000, 29, 82866, 82866
20, 16010, 29, 82866, 82866
20, 16020, 29, 82866, 82866
20, 16030, 29, 82866, 82866
20, 16040, 29, 82866, 82866
20, 16050, 29, 82866, 82866
20, 16060, 29, 82866, 82866
20, 16070, 29, 82866, 82866
20, 16080, 29, 82866, 82866
20, 16090, 29, 82866, 82866
20, 16100, 29, 82866, 82866
20, 16110, 29, 82859, 82866
20, 16120, 29, 82822, 82822
20, 16130, 29, 82822, 82822
20, 16140, 29, 82822, 82822
20, 16150, 29, 82822, 82822
20, 16160, 29, 82822, 82822
20, 16170, 29, 82822, 82822
20, 16180, 29, 82725, 82822
20, 16190, 29, 82725, 82725
20, 16200, 29, 82725, 82725
20, 16210, 29, 82617, 82617
20, 16220, 29, 82617, 82617
20, 16230, 29, 82617, 82617
20, 16240, 29, 82617, 82617
20, 16250, 29, 82617, 82617
20, 16260, 29, 82617, 82617
20, 16270, 29, 82617, 82617
20, 16280, 29, 82617, 82617
20, 16290, 29, 82617, 82617
20, 16300, 29, 82617, 82617
20, 16310, 29, 82617, 83188
20, 16320, 29, 82617, 82617
20, 16330, 29, 82617, 82617
20, 16340, 29, 82617, 82617
20, 16350, 29, 82617, 82617
20, 16360, 29, 82617, 82617
20, 16370, 29, 82617, 82617
20, 16380, 29, 82442, 82442
20, 16390, 29, 82442, 82442
20, 16400, 29, 82442, 82442
20, 16410, 29, 82442, 82442
20, 16420, 29, 82442, 82442
20, 16430, 29, 82442, 84336
20, 16440, 29, 82442, 82442
20, 16450, 29, 82301, 82301
20, 16460, 29, 82301, 82301
20, 16470, 29, 82301, 82301
20, 16480, 29, 82301, 82301
20, 16490, 29, 82301, 82301
20, 16500, 29, 82301, 83666
20, 16510, 29, 82120, 82301
20, 16520, 29, 82091, 82091
20, 16530, 29, 82091, 82629
20, 16540, 29, 82091, 82091
20, 16550, 29, 82091, 87382
20, 16560, 29, 82091, 85015
20, 16570, 29, 82091, 82091
20, 16580, 29, 82091, 82091
20, 16590, 29, 82091, 82091
20, 16600, 29, 82091, 82091
20, 16610, 29, 82091, 82091
20, 16620, 29, 82091, 82091
20, 16630, 29, 82091, 82091
20, 16640, 29, 82091, 82091
20, 16650, 29, 82091, 82091
20, 16660, 29, 82091, 82091
20, 16670, 29, 82091, 82091
20, 16680, 29, 82091, 82091
20, 16690, 29, 82091, 82091
20, 16700, 29, 82091, 82091
20, 16710, 29, 82091, 82091
20, 16720, 29, 82013, 82013
20, 16730, 29, 82013, 82013
20, 16740, 29, 81944, 82013
20, 16750, 29, 81944, 81944
20, 16760, 29, 81855, 81855
20, 16770, 29, 81855, 81855
20, 16780, 29, 81855, 82655
20, 16790, 29, 81855, 81855
20, 16800, 29, 81855, 81855
20, 16810, 29, 81855, 81855
20, 16820, 29, 81855, 81855
20, 16830, 29, 81855, 83639
20, 16840, 29, 81855, 81855
20, 16850, 29, 81855, 81855
20, 16860, 29, 81855, 81855
20, 16870, 29, 81855, 81855
20, 16880, 29, 81855, 81855
20, 16890, 29, 81849, 81849
20, 16900, 29, 81849, 81849
20, 16910, 29, 81849, 81849
20, 16920, 29, 81849, 81849
20, 16930, 29, 81849, 81849
20, 16940, 29, 81849, 81849
20, 16950, 29, 81849, 81849
20, 16960, 29, 81849, 81849
20, 16970, 29, 81849, 81849
20, 16980, 29, 81849, 81849
20, 16990, 29, 81849, 81849
20, 17000, 29, 81849, 81849
20, 17010, 29, 81849, 81849
20, 17020, 29, 81649, 81649
20, 17030, 29, 81649, 81649
20, 17040, 29, 81649, 81649
20, 17050, 29, 81649, 81649
20, 17060, 29, 81649, 81649
20, 17070, 29, 81649, 81649
20, 17080, 29, 81621, 84807
20, 17090, 29, 81621, 81621
20, 17100, 29, 81621, 81621
20, 17110, 29, 81621, 81621
20, 17120, 29, 81621, 81621
20, 17130, 29, 81585, 81585
20, 17140, 29, 81462, 81462
20, 17150, 29, 81462, 81462
20, 17160, 29, 81462, 81462
20, 17170, 29, 81462, 81462
20, 17180, 29, 81293, 81462
20, 17190, 29, 81293, 84067
20, 17200, 29, 81293, 81293
20, 17210, 29, 81293, 81293
20, 17220, 29, 81293, 81293
20, 17230, 29, 81293, 81293
20, 17240, 29, 81293, 81293
20, 17250, 29, 81293, 81293
20, 17260, 29, 81293, 81293
20, 17270, 29, 81293, 81293
20, 17280, 29, 81293, 81293
20, 17290, 29, 81293, 81293
20, 17300, 29, 81293, 81293
20, 17310, 29, 81293, 81293
20, 17320, 29, 81293, 81293
20, 17330, 29, 81293, 81293
20, 17340, 29, 81293, 81293
20, 17350, 29, 81293, 81293
20, 17360, 29, 81283, 81283
20, 17370, 29, 81283, 81283
20, 17380, 29, 81283, 81283
20, 17390, 29, 81283, 81283
20, 17400, 29, 81283, 81283
20, 17410, 29, 81283, 81283
20, 17420, 29, 81283, 81283
20, 17430, 29, 81283, 81283
20, 17440, 29, 81283, 81283
20, 17450, 29, 81225, 81225
20, 17460, 29, 81225, 81225
20, 17470, 29, 81225, 81225
20, 17480, 29, 81225, 81225
20, 17490, 29, 81225, 81225
20, 17500, 29, 81225, 81225
20, 17510, 29, 81225, 81225
20, 17520, 29, 81225, 81225
20, 17530, 29, 81225, 81225
20, 17540, 29, 81199, 81225
20, 17550, 29, 81199, 81199
20, 17560, 29, 81199, 81199
20, 17570, 29, 81199, 81199
20, 17580, 29, 81199, 81199
20, 17590, 29, 81199, 81199
20, 17600, 29, 81199, 81199
20, 17610, 29, 81199, 81199
20, 17620, 29, 81199, 81199
20, 17630, 29, 81199, 81199
20, 17640, 29, 81199, 81967
20, 17650, 29, 81199, 81199
20, 17660, 29, 81199, 81199
20, 17670, 29, 81199, 81199
20, 17680, 29, 81192, 81199
20, 17690, 29, 81192, 81192
20, 17700, 29, 81192, 81192
20, 17710, 29, 81192, 81192
20, 17720, 29, 81192, 83338
20, 17730, 29, 81192, 81192
20, 17740, 29, 81192, 81192
20, 17750, 29, 81192, 81192
20, 17760, 29, 81192, 81192
20, 17770, 29, 81186, 81192
20, 17780, 29, 81186, 81186
20, 17790, 29, 81186, 81186
20, 17800, 29, 81186, 81186
20, 17810, 29, 81186, 81186
20, 17820, 29, 81186, 81186
20, 17830, 29, 81128, 81186
20, 17840, 29, 81128, 81128
20, 17850, 29, 81128, 81128
20, 17860, 29, 81128, 81128
20, 17870, 29, 81128, 81128
20, 17880, 29, 81128, 81128
20, 17890, 29, 81128, 81128
20, 17900, 29, 81128, 82059
20, 17910, 29, 81128, 81128
20, 17920, 29, 81128, 81128
20, 17930, 29, 81088, 81128
20, 17940, 29, 81088, 81088
20, 17950, 29, 81044, 81088
20, 17960, 29, 81024, 81044
20, 17970, 29, 81024, 81024
20, 17980, 29, 81012, 81024
20, 17990, 29, 81012, 81012
20, 18000, 29, 81012, 81012
20, 18010, 29, 81012, 81012
20, 18020, 29, 81012, 81012
20, 18030, 29, 81012, 81012
20, 18040, 29, 80947, 80947
20, 18050, 29, 80947, 80947
20, 18060, 29, 80947, 80947
20, 18070, 29, 80947, 80947
20, 18080, 29, 80947, 80947
20, 18090, 29, 80947, 80947
20, 18100, 29, 80930, 80930
20, 18110, 29, 80930, 80930
20, 18120, 29, 80930, 80930
20, 18130, 29, 80930, 80930
20, 18140, 29, 80930, 80930
20, 18150, 29, 80930, 80930
20, 18160, 29, 80920, 80920
20, 18170, 29, 80488, 80488
20, 18180, 29, 80488, 80488
20, 18190, 29, 80488, 80488
20, 18200, 29, 80488, 80488
20, 18210, 29, 80488, 80488
20, 18220, 29, 80488, 80488
20, 18230, 29, 80488, 80488
20, 18240, 29, 80130, 80130
20, 18250, 29, 80130, 80130
20, 18260, 29, 80130, 80130
20, 18270, 29, 80130, 80130
20, 18280, 29, 80130, 80130
20, 18290, 29, 80130, 80130
20, 18300, 29, 80130, 80130
20, 18310, 29, 80130, 80130
20, 18320, 29, 80130, 80146
20, 18330, 29, 80130, 80130
20, 18340, 29, 80130, 80130
20, 18350, 29, 80041, 80130
20, 18360, 29, 80041, 80041
20, 18370, 29, 80041, 80041
20, 18380, 29, 80041, 80041
20, 18390, 29, 80041, 80041
20, 18400, 29, 80041, 80041
20, 18410, 29, 80041, 80041
20, 18420, 29, 80041, 80041
20, 18430, 29, 80041, 80041
20, 18440, 29, 80041, 80041
20, 18450, 29, 80041, 80041
20, 18460, 29, 79984, 79984
20, 18470, 29, 79984, 79984
20, 18480, 29, 79984, 79984
20, 18490, 29, 79984, 79984
20, 18500, 29, 79974, 79974
20, 18510, 29, 79974, 79974
20, 18520, 29, 79974, 79974
20, 18530, 29, 79691, 79974
20, 18540, 29, 79677, 79677
20, 18550, 29, 79677, 79677
20, 18560, 29, 79677, 79677
20, 18570, 29, 79677, 79677
20, 18580, 29, 79677, 79677
20, 18590, 29, 79677, 79677
20, 18600, 29, 79677, 79677
20, 18610, 29, 79677, 79677
20, 18620, 29, 79677, 79677
20, 18630, 29, 79677, 79677
20, 18640, 29, 79647, 79677
20, 18650, 29, 79647, 79647
20, 18660, 29, 79647, 79647
20, 18670, 29, 79571, 79571
20, 18680, 29, 79571, 83647
20, 18690, 29, 79571, 79571
20, 18700, 29, 79571, 79571
20, 18710, 29, 79571, 79571
20, 18720, 29, 79505, 79505
20, 18730, 29, 79505, 79505
20, 18740, 29, 79505, 79505
20, 18750, 29, 79505, 79505
20, 18760, 29, 79505, 79505
20, 18770, 29, 79505, 79505
20, 18780, 29, 79505, 79505
20, 18790, 29, 79505, 79505
20, 18800, 29, 79505, 79505
20, 18810, 29, 79505, 79505
20, 18820, 29, 79505, 79505
20, 18830, 29, 79505, 79505
20, 18840, 29, 79505, 79505
20, 18850, 29, 79505, 79505
20, 18860, 29, 79505, 79505
20, 18870, 29, 79505, 79505
20, 18880, 29, 79505, 79505
20, 18890, 29, 79505, 79505
20, 18900, 29, 79505, 79505
20, 18910, 29, 79505, 79505
20, 18920, 29, 79289, 79289
20, 18930, 29, 79289, 79289
20, 18940, 29, 79289, 79289
20, 18950, 29, 79289, 79289
20, 18960, 29, 79289, 79289
20, 18970, 29, 79289, 79289
20, 18980, 29, 79289, 79289
20, 18990, 29, 79289, 79289
20, 19000, 29, 79289, 79289
20, 19010, 29, 79289, 79289
20, 19020, 29, 79289, 79289
20, 19030, 29, 79289, 79289
20, 19040, 29, 79289, 79289
20, 19050, 29, 79289, 79289
20, 19060, 29, 79289, 79289
20, 19070, 29, 79289, 79289
20, 19080, 29, 79289, 79289
20, 19090, 29, 79207, 79289
20, 19100, 29, 79207, 79207
20, 19110, 29, 79207, 79207
20, 19120, 29, 79207, 79207
20, 19130, 29, 79207, 79207
20, 19140, 29, 79166, 79207
20, 19150, 29, 79166, 79166
20, 19160, 29, 79166, 79166
20, 19170, 29, 79166, 79166
20, 19180, 29, 79166, 79166
20, 19190, 29, 79166, 79166
20, 19200, 29, 79166, 79166
20, 19210, 29, 79166, 79166
20, 19220, 29, 79166, 79166
20, 19230, 29, 79166, 79166
20, 19240, 29, 79166, 79166
20, 19250, 29, 79166, 79166
20, 19260, 29, 79071, 79071
20, 19270, 29, 79071, 79071
20, 19280, 29, 79071, 79071
20, 19290, 29, 79071, 79071
20, 19300, 29, 79071, 79071
20, 19310, 29, 79071, 79071
20, 19320, 29, 79071, 79071
20, 19330, 29, 79071, 79071
20, 19340, 29, 79071, 79071
20, 19350, 29, 79071, 79071
20, 19360, 29, 79046, 79046
20, 19370, 29, 79046, 79046
20, 19380, 29, 79046, 79046
20, 19390, 29, 79046, 79046
20, 19400, 29, 79020, 79020
20, 19410, 29, 79020, 79020
20, 19420, 29, 79020, 79020
20, 19430, 29, 79020, 79020
20, 19440, 29, 78928, 78928
20, 19450, 29, 78928, 78928
20, 19460, 29, 78928, 78928
20, 19470, 29, 78928, 78928
20, 19480, 29, 78928, 78928
20, 19490, 29, 78928, 78928
20, 19500, 29, 78928, 78928
20, 19510, 29, 78928, 78928
20, 19520, 29, 78928, 78928
20, 19530, 29, 78928, 78928
20, 19540, 29, 78793, 78793
20, 19550, 29, 78793, 78793
20, 19560, 29, 78793, 81154
20, 19570, 29, 78793, 78793
20, 19580, 29, 78793, 78793
20, 19590, 29, 78793, 78793
20, 19600, 29, 78793, 78793
20, 19610, 29, 78793, 78793
20, 19620, 29, 78793, 78793
20, 19630, 29, 78793, 78793
20, 19640, 29, 78793, 78793
20, 19650, 29, 78793, 78793
20, 19660, 29, 78793, 78793
20, 19670, 29, 78793, 78793
20, 19680, 29, 78793, 78793
20, 19690, 29, 78289, 78289
20, 19700, 29, 78190, 78248
20, 19710, 29, 78190, 78190
20, 19720, 29, 78190, 78190
20, 19730, 29, 78190, 78190
20, 19740, 29, 78190, 78190
20, 19750, 29, 78190, 78190
20, 19760, 29, 78190, 78190
20, 19770, 29, 78190, 78190
20, 19780, 29, 78190, 78190
20, 19790, 29, 78190, 78190
20, 19800, 29, 78190, 78190
20, 19810, 29, 78190, 78190
20, 19820, 29, 78190, 78190
20, 19830, 29, 78190, 78190
20, 19840, 29, 78190, 78190
20, 19850, 29, 78190, 78190
20, 19860, 29, 78190, 78190
20, 19870, 29, 78190, 78190
20, 19880, 29, 78190, 78190
20, 19890, 29, 78190, 78190
20, 19900, 29, 78190, 78190
20, 19910, 29, 78190, 78190
20, 19920, 29, 78190, 78190
20, 19930, 29, 78190, 78190
20, 19940, 29, 78190, 78190
20, 19950, 29, 78190, 78190
20, 19960, 29, 78190, 78190
20, 19970, 29, 78190, 78190
20, 19980, 29, 78190, 78190
20, 19990, 29, 78190, 78190
