Population Size, Generation Count, Repetition, Best Fitness, Median Fitness
20, 0, 22, 735062, 775131
20, 10, 22, 712401, 721165
20, 20, 22, 689830, 695072
20, 30, 22, 673675, 679740
20, 40, 22, 660138, 664045
20, 50, 22, 652145, 655523
20, 60, 22, 633507, 636871
20, 70, 22, 617471, 623124
20, 80, 22, 610767, 611978
20, 90, 22, 603509, 605796
20, 100, 22, 591203, 594393
20, 110, 22, 581912, 584097
20, 120, 22, 571435, 575223
20, 130, 22, 561407, 565455
20, 140, 22, 556263, 558116
20, 150, 22, 548519, 551374
20, 160, 22, 533548, 539958
20, 170, 22, 527774, 533414
20, 180, 22, 516598, 521617
20, 190, 22, 512306, 514883
20, 200, 22, 502780, 509133
20, 210, 22, 497231, 500613
20, 220, 22, 491916, 493172
20, 230, 22, 483409, 488509
20, 240, 22, 480683, 484179
20, 250, 22, 473721, 474948
20, 260, 22, 467726, 470525
20, 270, 22, 463340, 465721
20, 280, 22, 457659, 460172
20, 290, 22, 454682, 458404
20, 300, 22, 451240, 453744
20, 310, 22, 447218, 448272
20, 320, 22, 444700, 449760
20, 330, 22, 442426, 444102
20, 340, 22, 439697, 442345
20, 350, 22, 430419, 436296
20, 360, 22, 427451, 430022
20, 370, 22, 424534, 426732
20, 380, 22, 423572, 424736
20, 390, 22, 421731, 426162
20, 400, 22, 419208, 423864
20, 410, 22, 414692, 417477
20, 420, 22, 411181, 414639
20, 430, 22, 409699, 414131
20, 440, 22, 406506, 409326
20, 450, 22, 403836, 405427
20, 460, 22, 401284, 404655
20, 470, 22, 397747, 402472
20, 480, 22, 396608, 397747
20, 490, 22, 394547, 397239
20, 500, 22, 391809, 394364
20, 510, 22, 387723, 391703
20, 520, 22, 385180, 386544
20, 530, 22, 382348, 383513
20, 540, 22, 379576, 384461
20, 550, 22, 376365, 378107
20, 560, 22, 373511, 375309
20, 570, 22, 370941, 372721
20, 580, 22, 369328, 371647
20, 590, 22, 368930, 370437
20, 600, 22, 365920, 369125
20, 610, 22, 364846, 367464
20, 620, 22, 362561, 365012
20, 630, 22, 360634, 363610
20, 640, 22, 357568, 360082
20, 650, 22, 355738, 357983
20, 660, 22, 353875, 357075
20, 670, 22, 352196, 353336
20, 680, 22, 347209, 353281
20, 690, 22, 341283, 343864
20, 700, 22, 339786, 343665
20, 710, 22, 335322, 339428
20, 720, 22, 334266, 336180
20, 730, 22, 331385, 335136
20, 740, 22, 329581, 331368
20, 750, 22, 324484, 329046
20, 760, 22, 323773, 326325
20, 770, 22, 320747, 323774
20, 780, 22, 318911, 320374
20, 790, 22, 318131, 323373
20, 800, 22, 317027, 319683
20, 810, 22, 314387, 315372
20, 820, 22, 311730, 315720
20, 830, 22, 310941, 313108
20, 840, 22, 310048, 311579
20, 850, 22, 308238, 309924
20, 860, 22, 307481, 308637
20, 870, 22, 303249, 306770
20, 880, 22, 302627, 302975
20, 890, 22, 301823, 303946
20, 900, 22, 301208, 302633
20, 910, 22, 300564, 301086
20, 920, 22, 298944, 302027
20, 930, 22, 296599, 301111
20, 940, 22, 295314, 299965
20, 950, 22, 294516, 297929
20, 960, 22, 292785, 295386
20, 970, 22, 292418, 293574
20, 980, 22, 290444, 293003
20, 990, 22, 289311, 291419
20, 1000, 22, 287391, 289390
20, 1010, 22, 285701, 288844
20, 1020, 22, 285024, 286991
20, 1030, 22, 282943, 284819
20, 1040, 22, 280144, 282922
20, 1050, 22, 278153, 280650
20, 1060, 22, 277228, 278153
20, 1070, 22, 277005, 279886
20, 1080, 22, 276134, 276758
20, 1090, 22, 275566, 277816
20, 1100, 22, 272903, 274567
20, 1110, 22, 271952, 273330
20, 1120, 22, 270520, 272019
20, 1130, 22, 269745, 272210
20, 1140, 22, 268578, 271438
20, 1150, 22, 268280, 272494
20, 1160, 22, 267698, 272632
20, 1170, 22, 266151, 266938
20, 1180, 22, 265352, 267526
20, 1190, 22, 264815, 268302
20, 1200, 22, 262632, 267173
20, 1210, 22, 261978, 263214
20, 1220, 22, 261535, 261978
20, 1230, 22, 259497, 264938
20, 1240, 22, 258838, 263573
20, 1250, 22, 257286, 260482
20, 1260, 22, 256511, 257668
20, 1270, 22, 254514, 255608
20, 1280, 22, 253484, 258790
20, 1290, 22, 253013, 254777
20, 1300, 22, 252437, 256350
20, 1310, 22, 252395, 254865
20, 1320, 22, 251672, 254564
20, 1330, 22, 250425, 253339
20, 1340, 22, 249908, 254037
20, 1350, 22, 246380, 251715
20, 1360, 22, 245390, 249325
20, 1370, 22, 243145, 245957
20, 1380, 22, 242605, 246128
20, 1390, 22, 242605, 244471
20, 1400, 22, 242070, 243052
20, 1410, 22, 241283, 243128
20, 1420, 22, 240803, 242540
20, 1430, 22, 239698, 242397
20, 1440, 22, 238547, 239266
20, 1450, 22, 237889, 238568
20, 1460, 22, 236343, 238084
20, 1470, 22, 235646, 239953
20, 1480, 22, 235614, 237455
20, 1490, 22, 235063, 236711
20, 1500, 22, 234897, 236584
20, 1510, 22, 233287, 234384
20, 1520, 22, 233287, 235962
20, 1530, 22, 233174, 237521
20, 1540, 22, 232410, 233675
20, 1550, 22, 232062, 233745
20, 1560, 22, 230068, 232085
20, 1570, 22, 229976, 232139
20, 1580, 22, 229231, 229339
20, 1590, 22, 229064, 229188
20, 1600, 22, 228640, 229422
20, 1610, 22, 228317, 229228
20, 1620, 22, 227464, 230225
20, 1630, 22, 227164, 229550
20, 1640, 22, 226920, 230351
20, 1650, 22, 226862, 227705
20, 1660, 22, 226692, 228614
20, 1670, 22, 225642, 230923
20, 1680, 22, 225072, 228256
20, 1690, 22, 223456, 227633
20, 1700, 22, 222839, 226322
20, 1710, 22, 222123, 225515
20, 1720, 22, 220127, 223458
20, 1730, 22, 219704, 221972
20, 1740, 22, 218977, 221339
20, 1750, 22, 218863, 224487
20, 1760, 22, 218863, 221154
20, 1770, 22, 218654, 221751
20, 1780, 22, 217829, 222492
20, 1790, 22, 217443, 219940
20, 1800, 22, 217271, 220706
20, 1810, 22, 216554, 216930
20, 1820, 22, 215272, 216899
20, 1830, 22, 214883, 216952
20, 1840, 22, 213121, 216151
20, 1850, 22, 212510, 216058
20, 1860, 22, 211985, 213260
20, 1870, 22, 211985, 214310
20, 1880, 22, 211730, 212668
20, 1890, 22, 211486, 213212
20, 1900, 22, 210711, 212542
20, 1910, 22, 210099, 211660
20, 1920, 22, 209911, 214168
20, 1930, 22, 209459, 212950
20, 1940, 22, 208879, 212777
20, 1950, 22, 208510, 208879
20, 1960, 22, 207769, 208514
20, 1970, 22, 207750, 210637
20, 1980, 22, 206952, 207892
20, 1990, 22, 206666, 211506
20, 2000, 22, 206666, 208430
20, 2010, 22, 206524, 210876
20, 2020, 22, 206210, 207599
20, 2030, 22, 206210, 209515
20, 2040, 22, 206092, 209188
20, 2050, 22, 205544, 207406
20, 2060, 22, 205177, 208495
20, 2070, 22, 204919, 205177
20, 2080, 22, 204204, 209438
20, 2090, 22, 203425, 206658
20, 2100, 22, 202624, 204288
20, 2110, 22, 202226, 206916
20, 2120, 22, 201983, 203086
20, 2130, 22, 201983, 204490
20, 2140, 22, 201983, 206127
20, 2150, 22, 201747, 204974
20, 2160, 22, 201459, 204032
20, 2170, 22, 200771, 202838
20, 2180, 22, 199986, 203002
20, 2190, 22, 199500, 202844
20, 2200, 22, 199451, 202085
20, 2210, 22, 198963, 202734
20, 2220, 22, 198873, 200538
20, 2230, 22, 198611, 200075
20, 2240, 22, 198500, 198533
20, 2250, 22, 198296, 202209
20, 2260, 22, 197485, 198209
20, 2270, 22, 196227, 198748
20, 2280, 22, 196018, 198704
20, 2290, 22, 194972, 195510
20, 2300, 22, 194626, 197622
20, 2310, 22, 194109, 196630
20, 2320, 22, 193631, 194049
20, 2330, 22, 193631, 194587
20, 2340, 22, 193208, 196214
20, 2350, 22, 192764, 197279
20, 2360, 22, 192340, 194741
20, 2370, 22, 192301, 197519
20, 2380, 22, 192097, 194759
20, 2390, 22, 192060, 194727
20, 2400, 22, 192060, 194767
20, 2410, 22, 191716, 194915
20, 2420, 22, 191159, 193474
20, 2430, 22, 190597, 194024
20, 2440, 22, 189598, 192318
20, 2450, 22, 189503, 192607
20, 2460, 22, 189407, 189822
20, 2470, 22, 189123, 190785
20, 2480, 22, 189123, 191257
20, 2490, 22, 189034, 190709
20, 2500, 22, 187986, 191385
20, 2510, 22, 187986, 188350
20, 2520, 22, 186987, 188908
20, 2530, 22, 185408, 188674
20, 2540, 22, 185278, 186653
20, 2550, 22, 185052, 188784
20, 2560, 22, 184636, 187986
20, 2570, 22, 184567, 186126
20, 2580, 22, 183589, 186432
20, 2590, 22, 183161, 183469
20, 2600, 22, 182961, 187327
20, 2610, 22, 182113, 183620
20, 2620, 22, 182113, 183789
20, 2630, 22, 182022, 183438
20, 2640, 22, 181989, 182524
20, 2650, 22, 181423, 182723
20, 2660, 22, 181249, 183817
20, 2670, 22, 180405, 182911
20, 2680, 22, 180002, 181649
20, 2690, 22, 179851, 183299
20, 2700, 22, 179361, 183181
20, 2710, 22, 177726, 179005
20, 2720, 22, 177275, 179831
20, 2730, 22, 176892, 180597
20, 2740, 22, 176405, 181476
20, 2750, 22, 175784, 176295
20, 2760, 22, 174966, 176867
20, 2770, 22, 174330, 175107
20, 2780, 22, 174269, 177346
20, 2790, 22, 173390, 178524
20, 2800, 22, 173356, 177145
20, 2810, 22, 173013, 177075
20, 2820, 22, 172641, 174404
20, 2830, 22, 172608, 178702
20, 2840, 22, 172552, 175802
20, 2850, 22, 172281, 173532
20, 2860, 22, 172254, 173185
20, 2870, 22, 170767, 172550
20, 2880, 22, 170767, 173090
20, 2890, 22, 170415, 174803
20, 2900, 22, 170011, 173605
20, 2910, 22, 169919, 171941
20, 2920, 22, 169546, 172160
20, 2930, 22, 169071, 169811
20, 2940, 22, 169071, 169291
20, 2950, 22, 168606, 171078
20, 2960, 22, 168079, 171295
20, 2970, 22, 167532, 170899
20, 2980, 22, 167113, 169260
20, 2990, 22, 166612, 168784
20, 3000, 22, 166024, 169846
20, 3010, 22, 166024, 167801
20, 3020, 22, 165789, 169855
20, 3030, 22, 165601, 168132
20, 3040, 22, 165498, 169828
20, 3050, 22, 164846, 167692
20, 3060, 22, 164459, 165084
20, 3070, 22, 163822, 165078
20, 3080, 22, 163280, 163280
20, 3090, 22, 163280, 168447
20, 3100, 22, 163005, 164701
20, 3110, 22, 162075, 164393
20, 3120, 22, 161362, 164189
20, 3130, 22, 161284, 163764
20, 3140, 22, 160956, 162501
20, 3150, 22, 160843, 162613
20, 3160, 22, 160171, 163217
20, 3170, 22, 159927, 163416
20, 3180, 22, 159888, 162354
20, 3190, 22, 159423, 161926
20, 3200, 22, 159272, 161193
20, 3210, 22, 159204, 159204
20, 3220, 22, 158554, 161572
20, 3230, 22, 158554, 159021
20, 3240, 22, 158382, 158779
20, 3250, 22, 157815, 158382
20, 3260, 22, 157589, 157867
20, 3270, 22, 157589, 159593
20, 3280, 22, 157106, 160035
20, 3290, 22, 157106, 158552
20, 3300, 22, 157105, 157106
20, 3310, 22, 156909, 157029
20, 3320, 22, 156780, 158980
20, 3330, 22, 156377, 158184
20, 3340, 22, 156377, 158724
20, 3350, 22, 155989, 160041
20, 3360, 22, 155989, 155989
20, 3370, 22, 155977, 159000
20, 3380, 22, 155277, 156228
20, 3390, 22, 155277, 157432
20, 3400, 22, 155268, 158466
20, 3410, 22, 155154, 157113
20, 3420, 22, 154880, 158532
20, 3430, 22, 154880, 157248
20, 3440, 22, 154672, 158028
20, 3450, 22, 154672, 161780
20, 3460, 22, 154650, 154650
20, 3470, 22, 154435, 157297
20, 3480, 22, 154069, 156594
20, 3490, 22, 154069, 154581
20, 3500, 22, 153930, 157200
20, 3510, 22, 153918, 155044
20, 3520, 22, 153736, 154372
20, 3530, 22, 153388, 155578
20, 3540, 22, 153381, 154996
20, 3550, 22, 153336, 155277
20, 3560, 22, 152680, 157368
20, 3570, 22, 151389, 155136
20, 3580, 22, 151322, 153234
20, 3590, 22, 151322, 154809
20, 3600, 22, 150753, 153418
20, 3610, 22, 150607, 152226
20, 3620, 22, 150607, 153459
20, 3630, 22, 150502, 154179
20, 3640, 22, 149981, 150432
20, 3650, 22, 149825, 149981
20, 3660, 22, 149617, 150553
20, 3670, 22, 149305, 152753
20, 3680, 22, 149242, 150594
20, 3690, 22, 148610, 151163
20, 3700, 22, 147184, 149746
20, 3710, 22, 147183, 147915
20, 3720, 22, 147183, 151532
20, 3730, 22, 147183, 148923
20, 3740, 22, 146638, 148191
20, 3750, 22, 146412, 148252
20, 3760, 22, 146255, 149356
20, 3770, 22, 146255, 148415
20, 3780, 22, 145843, 147825
20, 3790, 22, 145407, 149417
20, 3800, 22, 145238, 147053
20, 3810, 22, 145238, 146878
20, 3820, 22, 144492, 149542
20, 3830, 22, 144492, 146692
20, 3840, 22, 143930, 146645
20, 3850, 22, 143721, 146921
20, 3860, 22, 143656, 144791
20, 3870, 22, 143656, 145949
20, 3880, 22, 143582, 148581
20, 3890, 22, 143580, 144973
20, 3900, 22, 142884, 148222
20, 3910, 22, 142878, 143562
20, 3920, 22, 142691, 145253
20, 3930, 22, 142691, 144835
20, 3940, 22, 142691, 145111
20, 3950, 22, 142665, 146536
20, 3960, 22, 142665, 143870
20, 3970, 22, 142245, 145682
20, 3980, 22, 142245, 144842
20, 3990, 22, 142176, 144158
20, 4000, 22, 142176, 143579
20, 4010, 22, 141665, 142404
20, 4020, 22, 141665, 143654
20, 4030, 22, 141367, 143628
20, 4040, 22, 140386, 142638
20, 4050, 22, 140018, 141905
20, 4060, 22, 140018, 141950
20, 4070, 22, 139751, 141489
20, 4080, 22, 139751, 142352
20, 4090, 22, 139751, 143763
20, 4100, 22, 139271, 140806
20, 4110, 22, 138971, 141777
20, 4120, 22, 138805, 141000
20, 4130, 22, 138805, 140356
20, 4140, 22, 138554, 142441
20, 4150, 22, 138531, 142750
20, 4160, 22, 138238, 138968
20, 4170, 22, 137985, 140939
20, 4180, 22, 137535, 139888
20, 4190, 22, 137354, 139686
20, 4200, 22, 137205, 138064
20, 4210, 22, 137205, 137917
20, 4220, 22, 136919, 139632
20, 4230, 22, 136643, 140195
20, 4240, 22, 136508, 139101
20, 4250, 22, 136508, 138221
20, 4260, 22, 136492, 137707
20, 4270, 22, 136492, 136492
20, 4280, 22, 136492, 138827
20, 4290, 22, 136271, 136326
20, 4300, 22, 136271, 138014
20, 4310, 22, 136241, 138932
20, 4320, 22, 136165, 140062
20, 4330, 22, 135633, 139868
20, 4340, 22, 135633, 135633
20, 4350, 22, 135184, 136802
20, 4360, 22, 135184, 139557
20, 4370, 22, 135081, 135184
20, 4380, 22, 135081, 138168
20, 4390, 22, 135081, 136044
20, 4400, 22, 135081, 135254
20, 4410, 22, 134957, 134957
20, 4420, 22, 134924, 137040
20, 4430, 22, 134924, 140276
20, 4440, 22, 134924, 138839
20, 4450, 22, 134776, 138887
20, 4460, 22, 134544, 134767
20, 4470, 22, 134515, 135446
20, 4480, 22, 134413, 137202
20, 4490, 22, 133852, 135069
20, 4500, 22, 133716, 138337
20, 4510, 22, 133510, 133716
20, 4520, 22, 133510, 135109
20, 4530, 22, 133178, 133510
20, 4540, 22, 132677, 134800
20, 4550, 22, 132677, 136019
20, 4560, 22, 132677, 136212
20, 4570, 22, 132677, 136153
20, 4580, 22, 132677, 136672
20, 4590, 22, 132677, 136437
20, 4600, 22, 132677, 132677
20, 4610, 22, 132437, 133021
20, 4620, 22, 132364, 134829
20, 4630, 22, 132229, 132364
20, 4640, 22, 132129, 132229
20, 4650, 22, 132129, 134467
20, 4660, 22, 131908, 134405
20, 4670, 22, 131908, 134108
20, 4680, 22, 131908, 133101
20, 4690, 22, 131429, 131908
20, 4700, 22, 131344, 134726
20, 4710, 22, 131034, 133516
20, 4720, 22, 130900, 132696
20, 4730, 22, 130874, 132079
20, 4740, 22, 130759, 135016
20, 4750, 22, 130759, 133399
20, 4760, 22, 130735, 132592
20, 4770, 22, 130603, 133953
20, 4780, 22, 130519, 130876
20, 4790, 22, 130472, 134421
20, 4800, 22, 130472, 133528
20, 4810, 22, 130472, 132437
20, 4820, 22, 130472, 130572
20, 4830, 22, 130084, 131571
20, 4840, 22, 130066, 131299
20, 4850, 22, 130066, 130066
20, 4860, 22, 129778, 130751
20, 4870, 22, 129778, 132522
20, 4880, 22, 129778, 132406
20, 4890, 22, 129684, 134309
20, 4900, 22, 129684, 129684
20, 4910, 22, 129679, 130821
20, 4920, 22, 129679, 133555
20, 4930, 22, 129679, 129679
20, 4940, 22, 129679, 132810
20, 4950, 22, 129450, 132242
20, 4960, 22, 129450, 131941
20, 4970, 22, 129450, 133836
20, 4980, 22, 129450, 130132
20, 4990, 22, 128929, 130407
20, 5000, 22, 128566, 130674
20, 5010, 22, 128566, 130865
20, 5020, 22, 128566, 130072
20, 5030, 22, 128101, 128101
20, 5040, 22, 127863, 128945
20, 5050, 22, 127863, 130401
20, 5060, 22, 127743, 129096
20, 5070, 22, 127743, 131255
20, 5080, 22, 127743, 134588
20, 5090, 22, 127599, 129187
20, 5100, 22, 127599, 129813
20, 5110, 22, 127599, 131256
20, 5120, 22, 127586, 128338
20, 5130, 22, 127586, 128280
20, 5140, 22, 127514, 129881
20, 5150, 22, 127446, 131267
20, 5160, 22, 127446, 127446
20, 5170, 22, 127446, 127683
20, 5180, 22, 127446, 129768
20, 5190, 22, 127446, 131299
20, 5200, 22, 127446, 129511
20, 5210, 22, 127428, 129518
20, 5220, 22, 127112, 132037
20, 5230, 22, 127112, 127662
20, 5240, 22, 126865, 130526
20, 5250, 22, 126794, 127393
20, 5260, 22, 126300, 126794
20, 5270, 22, 126199, 129773
20, 5280, 22, 126199, 127611
20, 5290, 22, 125713, 126802
20, 5300, 22, 125713, 129235
20, 5310, 22, 124763, 126492
20, 5320, 22, 124763, 126116
20, 5330, 22, 124763, 127136
20, 5340, 22, 124148, 127227
20, 5350, 22, 124136, 127791
20, 5360, 22, 124136, 124136
20, 5370, 22, 124014, 126421
20, 5380, 22, 124014, 124014
20, 5390, 22, 124014, 125623
20, 5400, 22, 123978, 125303
20, 5410, 22, 123901, 126182
20, 5420, 22, 123800, 126295
20, 5430, 22, 123753, 123800
20, 5440, 22, 123582, 123800
20, 5450, 22, 123582, 125381
20, 5460, 22, 123582, 123815
20, 5470, 22, 123582, 125069
20, 5480, 22, 123582, 127211
20, 5490, 22, 123574, 123614
20, 5500, 22, 123485, 123574
20, 5510, 22, 123485, 123485
20, 5520, 22, 123485, 124477
20, 5530, 22, 123467, 123467
20, 5540, 22, 123344, 124933
20, 5550, 22, 123184, 123344
20, 5560, 22, 123045, 127362
20, 5570, 22, 123045, 126348
20, 5580, 22, 123045, 125056
20, 5590, 22, 123045, 124739
20, 5600, 22, 123045, 127377
20, 5610, 22, 123045, 123903
20, 5620, 22, 122921, 124047
20, 5630, 22, 122906, 125426
20, 5640, 22, 121823, 126046
20, 5650, 22, 121823, 122657
20, 5660, 22, 121823, 125590
20, 5670, 22, 121787, 123716
20, 5680, 22, 121633, 121787
20, 5690, 22, 121387, 123906
20, 5700, 22, 121387, 121709
20, 5710, 22, 121071, 122644
20, 5720, 22, 120987, 120987
20, 5730, 22, 120987, 122828
20, 5740, 22, 120822, 121348
20, 5750, 22, 120822, 123112
20, 5760, 22, 120822, 124549
20, 5770, 22, 120822, 123845
20, 5780, 22, 120822, 123999
20, 5790, 22, 120654, 120822
20, 5800, 22, 120648, 123099
20, 5810, 22, 120614, 120730
20, 5820, 22, 120614, 121482
20, 5830, 22, 120498, 124874
20, 5840, 22, 120438, 120438
20, 5850, 22, 120438, 121030
20, 5860, 22, 120396, 120438
20, 5870, 22, 120396, 124555
20, 5880, 22, 120390, 122041
20, 5890, 22, 120212, 121847
20, 5900, 22, 120212, 120212
20, 5910, 22, 120212, 122606
20, 5920, 22, 120212, 120459
20, 5930, 22, 120044, 122285
20, 5940, 22, 120044, 120044
20, 5950, 22, 120044, 120044
20, 5960, 22, 119921, 120086
20, 5970, 22, 119921, 122125
20, 5980, 22, 119921, 123162
20, 5990, 22, 119914, 122054
20, 6000, 22, 119851, 123103
20, 6010, 22, 119851, 121711
20, 6020, 22, 119817, 120174
20, 6030, 22, 119637, 123905
20, 6040, 22, 119637, 122384
20, 6050, 22, 119637, 120910
20, 6060, 22, 119419, 119597
20, 6070, 22, 119419, 119419
20, 6080, 22, 118915, 122721
20, 6090, 22, 118915, 120825
20, 6100, 22, 118915, 120492
20, 6110, 22, 118915, 122482
20, 6120, 22, 118842, 118915
20, 6130, 22, 118842, 118842
20, 6140, 22, 118842, 119872
20, 6150, 22, 118842, 119861
20, 6160, 22, 118840, 121156
20, 6170, 22, 118664, 120758
20, 6180, 22, 118439, 119236
20, 6190, 22, 118266, 120047
20, 6200, 22, 118253, 118266
20, 6210, 22, 118253, 121742
20, 6220, 22, 118253, 121673
20, 6230, 22, 118253, 120472
20, 6240, 22, 118241, 120588
20, 6250, 22, 118241, 121243
20, 6260, 22, 118066, 118241
20, 6270, 22, 118066, 118851
20, 6280, 22, 118066, 120692
20, 6290, 22, 118066, 120698
20, 6300, 22, 118066, 118066
20, 6310, 22, 117916, 122711
20, 6320, 22, 117916, 119155
20, 6330, 22, 117761, 117916
20, 6340, 22, 117681, 119175
20, 6350, 22, 117580, 121012
20, 6360, 22, 117580, 119022
20, 6370, 22, 117165, 117580
20, 6380, 22, 117160, 118387
20, 6390, 22, 117160, 119192
20, 6400, 22, 117160, 120315
20, 6410, 22, 117044, 118689
20, 6420, 22, 116750, 118316
20, 6430, 22, 116750, 116750
20, 6440, 22, 116750, 119480
20, 6450, 22, 116750, 119537
20, 6460, 22, 116750, 117907
20, 6470, 22, 116750, 117359
20, 6480, 22, 116638, 118604
20, 6490, 22, 116638, 116638
20, 6500, 22, 116608, 119376
20, 6510, 22, 116608, 116608
20, 6520, 22, 116361, 117827
20, 6530, 22, 116361, 116975
20, 6540, 22, 116361, 117772
20, 6550, 22, 116361, 117922
20, 6560, 22, 116240, 120438
20, 6570, 22, 116240, 117450
20, 6580, 22, 116240, 117409
20, 6590, 22, 116160, 118197
20, 6600, 22, 116160, 116160
20, 6610, 22, 115973, 118724
20, 6620, 22, 115827, 116727
20, 6630, 22, 115827, 115827
20, 6640, 22, 115827, 116818
20, 6650, 22, 115827, 118620
20, 6660, 22, 115812, 115827
20, 6670, 22, 115795, 115795
20, 6680, 22, 115632, 117951
20, 6690, 22, 115514, 118538
20, 6700, 22, 115514, 118484
20, 6710, 22, 115514, 117698
20, 6720, 22, 115508, 115508
20, 6730, 22, 115313, 116550
20, 6740, 22, 115313, 116974
20, 6750, 22, 114993, 115313
20, 6760, 22, 114993, 115910
20, 6770, 22, 114885, 114885
20, 6780, 22, 114721, 115499
20, 6790, 22, 114541, 114721
20, 6800, 22, 114233, 116168
20, 6810, 22, 114233, 114233
20, 6820, 22, 114175, 116289
20, 6830, 22, 114175, 115977
20, 6840, 22, 113858, 113963
20, 6850, 22, 113858, 115308
20, 6860, 22, 113858, 114148
20, 6870, 22, 113858, 115976
20, 6880, 22, 113858, 116390
20, 6890, 22, 113487, 113994
20, 6900, 22, 113469, 113487
20, 6910, 22, 113469, 115831
20, 6920, 22, 113469, 116836
20, 6930, 22, 113469, 115976
20, 6940, 22, 113469, 114586
20, 6950, 22, 113469, 113469
20, 6960, 22, 113360, 113469
20, 6970, 22, 113360, 115352
20, 6980, 22, 113360, 116446
20, 6990, 22, 112905, 115939
20, 7000, 22, 112905, 114668
20, 7010, 22, 112819, 112843
20, 7020, 22, 112819, 113714
20, 7030, 22, 112819, 114128
20, 7040, 22, 112250, 113973
20, 7050, 22, 112250, 117314
20, 7060, 22, 112250, 112729
20, 7070, 22, 112250, 114650
20, 7080, 22, 112124, 112124
20, 7090, 22, 112124, 112124
20, 7100, 22, 112068, 115047
20, 7110, 22, 112064, 112068
20, 7120, 22, 112064, 113835
20, 7130, 22, 111946, 113366
20, 7140, 22, 111946, 111946
20, 7150, 22, 111828, 111862
20, 7160, 22, 111559, 113312
20, 7170, 22, 111559, 112593
20, 7180, 22, 111559, 112328
20, 7190, 22, 111555, 112510
20, 7200, 22, 111538, 114174
20, 7210, 22, 111467, 111538
20, 7220, 22, 111402, 112805
20, 7230, 22, 111267, 113557
20, 7240, 22, 111267, 111267
20, 7250, 22, 111267, 112118
20, 7260, 22, 111120, 111267
20, 7270, 22, 111092, 113987
20, 7280, 22, 110786, 111889
20, 7290, 22, 110786, 110786
20, 7300, 22, 110786, 112205
20, 7310, 22, 110786, 112847
20, 7320, 22, 110734, 110786
20, 7330, 22, 110720, 110731
20, 7340, 22, 110720, 111963
20, 7350, 22, 110720, 111231
20, 7360, 22, 110588, 111126
20, 7370, 22, 110588, 115136
20, 7380, 22, 110588, 112501
20, 7390, 22, 110588, 110588
20, 7400, 22, 110588, 110982
20, 7410, 22, 110031, 110588
20, 7420, 22, 109899, 112909
20, 7430, 22, 109680, 109899
20, 7440, 22, 109607, 109607
20, 7450, 22, 109255, 111453
20, 7460, 22, 109132, 109931
20, 7470, 22, 109132, 109132
20, 7480, 22, 108959, 112746
20, 7490, 22, 108959, 110230
20, 7500, 22, 108959, 110497
20, 7510, 22, 108959, 115282
20, 7520, 22, 108859, 111492
20, 7530, 22, 108689, 114146
20, 7540, 22, 108604, 111074
20, 7550, 22, 108604, 108604
20, 7560, 22, 108604, 111885
20, 7570, 22, 108301, 108604
20, 7580, 22, 108166, 108832
20, 7590, 22, 108166, 109549
20, 7600, 22, 107989, 111239
20, 7610, 22, 107787, 109783
20, 7620, 22, 107705, 110955
20, 7630, 22, 107705, 107705
20, 7640, 22, 107705, 108242
20, 7650, 22, 107574, 107705
20, 7660, 22, 107468, 107989
20, 7670, 22, 107468, 107468
20, 7680, 22, 107456, 110047
20, 7690, 22, 107456, 109465
20, 7700, 22, 107196, 110100
20, 7710, 22, 107196, 108662
20, 7720, 22, 107196, 109877
20, 7730, 22, 107196, 107196
20, 7740, 22, 107171, 107196
20, 7750, 22, 107021, 107021
20, 7760, 22, 106861, 107989
20, 7770, 22, 106861, 109315
20, 7780, 22, 106584, 106584
20, 7790, 22, 106584, 106998
20, 7800, 22, 106584, 108651
20, 7810, 22, 106524, 106584
20, 7820, 22, 106486, 108872
20, 7830, 22, 106486, 106486
20, 7840, 22, 106486, 107993
20, 7850, 22, 106464, 106486
20, 7860, 22, 106443, 106486
20, 7870, 22, 106288, 108871
20, 7880, 22, 106288, 106889
20, 7890, 22, 106288, 107673
20, 7900, 22, 106288, 109046
20, 7910, 22, 106288, 106288
20, 7920, 22, 106217, 108291
20, 7930, 22, 106217, 110437
20, 7940, 22, 106217, 108185
20, 7950, 22, 106217, 106217
20, 7960, 22, 106217, 106217
20, 7970, 22, 106217, 106217
20, 7980, 22, 106192, 106217
20, 7990, 22, 106030, 106192
20, 8000, 22, 105921, 107939
20, 8010, 22, 105921, 105921
20, 8020, 22, 105921, 107138
20, 8030, 22, 105921, 109686
20, 8040, 22, 105921, 109460
20, 8050, 22, 105921, 107201
20, 8060, 22, 105703, 105921
20, 8070, 22, 105703, 108161
20, 8080, 22, 105703, 108989
20, 8090, 22, 104969, 108394
20, 8100, 22, 104969, 104969
20, 8110, 22, 104969, 104969
20, 8120, 22, 104953, 104953
20, 8130, 22, 104953, 104953
20, 8140, 22, 104816, 105577
20, 8150, 22, 104816, 104816
20, 8160, 22, 104467, 109194
20, 8170, 22, 104467, 105518
20, 8180, 22, 104267, 105125
20, 8190, 22, 104267, 109872
20, 8200, 22, 103997, 103997
20, 8210, 22, 103997, 106929
20, 8220, 22, 103940, 104232
20, 8230, 22, 103940, 106243
20, 8240, 22, 103940, 105090
20, 8250, 22, 103940, 105356
20, 8260, 22, 103743, 103940
20, 8270, 22, 103743, 107949
20, 8280, 22, 103743, 108095
20, 8290, 22, 103570, 104601
20, 8300, 22, 103557, 103570
20, 8310, 22, 103557, 104608
20, 8320, 22, 103246, 104072
20, 8330, 22, 103246, 104660
20, 8340, 22, 103227, 104631
20, 8350, 22, 103227, 106507
20, 8360, 22, 103227, 107288
20, 8370, 22, 103227, 104730
20, 8380, 22, 103227, 105314
20, 8390, 22, 103227, 105090
20, 8400, 22, 103227, 103227
20, 8410, 22, 103052, 103227
20, 8420, 22, 103052, 103052
20, 8430, 22, 103052, 103052
20, 8440, 22, 102971, 104714
20, 8450, 22, 102966, 102966
20, 8460, 22, 102966, 105821
20, 8470, 22, 102966, 104656
20, 8480, 22, 102949, 102949
20, 8490, 22, 102949, 105362
20, 8500, 22, 102939, 104658
20, 8510, 22, 102939, 104247
20, 8520, 22, 102939, 105504
20, 8530, 22, 102939, 102939
20, 8540, 22, 102939, 104922
20, 8550, 22, 102939, 104270
20, 8560, 22, 102939, 102939
20, 8570, 22, 102939, 102939
20, 8580, 22, 102682, 102682
20, 8590, 22, 102615, 103826
20, 8600, 22, 102548, 105224
20, 8610, 22, 102548, 106143
20, 8620, 22, 102548, 104589
20, 8630, 22, 102136, 102136
20, 8640, 22, 102136, 102136
20, 8650, 22, 102136, 102136
20, 8660, 22, 102008, 102136
20, 8670, 22, 102008, 104559
20, 8680, 22, 102008, 103604
20, 8690, 22, 101925, 102808
20, 8700, 22, 101925, 101925
20, 8710, 22, 101925, 102986
20, 8720, 22, 101925, 101925
20, 8730, 22, 101925, 101925
20, 8740, 22, 101842, 101925
20, 8750, 22, 101629, 101842
20, 8760, 22, 101629, 101629
20, 8770, 22, 101546, 101818
20, 8780, 22, 101546, 101546
20, 8790, 22, 101546, 103248
20, 8800, 22, 101472, 104308
20, 8810, 22, 101472, 101472
20, 8820, 22, 101472, 102120
20, 8830, 22, 101472, 102158
20, 8840, 22, 101415, 102992
20, 8850, 22, 101415, 101415
20, 8860, 22, 101352, 103071
20, 8870, 22, 101352, 101352
20, 8880, 22, 101346, 101352
20, 8890, 22, 101346, 101346
20, 8900, 22, 101283, 102314
20, 8910, 22, 101283, 101283
20, 8920, 22, 101053, 102910
20, 8930, 22, 101053, 101053
20, 8940, 22, 101012, 101053
20, 8950, 22, 101012, 102513
20, 8960, 22, 101012, 101012
20, 8970, 22, 101012, 101776
20, 8980, 22, 101012, 103509
20, 8990, 22, 101012, 103293
20, 9000, 22, 101012, 104045
20, 9010, 22, 101012, 101012
20, 9020, 22, 101012, 101066
20, 9030, 22, 100835, 100900
20, 9040, 22, 100835, 100835
20, 9050, 22, 100645, 100835
20, 9060, 22, 100645, 100645
20, 9070, 22, 100645, 100782
20, 9080, 22, 100496, 100496
20, 9090, 22, 100351, 103017
20, 9100, 22, 100351, 100351
20, 9110, 22, 100317, 100909
20, 9120, 22, 100278, 104002
20, 9130, 22, 100278, 102215
20, 9140, 22, 100141, 100278
20, 9150, 22, 100141, 100141
20, 9160, 22, 100141, 102572
20, 9170, 22, 100141, 103457
20, 9180, 22, 100141, 100141
20, 9190, 22, 100040, 100141
20, 9200, 22, 100040, 102116
20, 9210, 22, 100040, 101886
20, 9220, 22, 100040, 102644
20, 9230, 22, 100040, 101712
20, 9240, 22, 99918, 100040
20, 9250, 22, 99918, 101383
20, 9260, 22, 99918, 101201
20, 9270, 22, 99918, 99918
20, 9280, 22, 99717, 102128
20, 9290, 22, 99717, 100729
20, 9300, 22, 99717, 101987
20, 9310, 22, 99676, 100642
20, 9320, 22, 99676, 99676
20, 9330, 22, 99385, 99676
20, 9340, 22, 99385, 99385
20, 9350, 22, 99385, 100512
20, 9360, 22, 99385, 99974
20, 9370, 22, 98915, 98915
20, 9380, 22, 98915, 98915
20, 9390, 22, 98596, 98915
20, 9400, 22, 98535, 98596
20, 9410, 22, 98535, 98535
20, 9420, 22, 98488, 100695
20, 9430, 22, 98488, 101111
20, 9440, 22, 98433, 98433
20, 9450, 22, 98433, 99044
20, 9460, 22, 98433, 101179
20, 9470, 22, 98433, 98433
20, 9480, 22, 98433, 101942
20, 9490, 22, 98433, 98433
20, 9500, 22, 98408, 99413
20, 9510, 22, 98372, 98372
20, 9520, 22, 98372, 99348
20, 9530, 22, 98222, 98372
20, 9540, 22, 97969, 97969
20, 9550, 22, 97911, 97911
20, 9560, 22, 97911, 97911
20, 9570, 22, 97911, 97911
20, 9580, 22, 97900, 100799
20, 9590, 22, 97900, 103130
20, 9600, 22, 97900, 99005
20, 9610, 22, 97654, 97793
20, 9620, 22, 97654, 97654
20, 9630, 22, 97654, 97654
20, 9640, 22, 97537, 98806
20, 9650, 22, 97537, 97537
20, 9660, 22, 97537, 100219
20, 9670, 22, 97356, 97356
20, 9680, 22, 97356, 97356
20, 9690, 22, 97356, 97356
20, 9700, 22, 97356, 97356
20, 9710, 22, 97356, 97356
20, 9720, 22, 97356, 97356
20, 9730, 22, 97108, 97913
20, 9740, 22, 97108, 97108
20, 9750, 22, 97108, 100738
20, 9760, 22, 97108, 100421
20, 9770, 22, 97108, 97539
20, 9780, 22, 97108, 97108
20, 9790, 22, 96989, 96989
20, 9800, 22, 96868, 97637
20, 9810, 22, 96868, 99168
20, 9820, 22, 96868, 99765
20, 9830, 22, 96694, 97288
20, 9840, 22, 96694, 97077
20, 9850, 22, 96594, 96694
20, 9860, 22, 96594, 96594
20, 9870, 22, 96594, 96594
20, 9880, 22, 96497, 96497
20, 9890, 22, 96497, 96497
20, 9900, 22, 96497, 100248
20, 9910, 22, 96497, 96497
20, 9920, 22, 96497, 96497
20, 9930, 22, 95915, 95915
20, 9940, 22, 95915, 95915
20, 9950, 22, 95915, 95915
20, 9960, 22, 95915, 97752
20, 9970, 22, 95915, 100035
20, 9980, 22, 95915, 95915
20, 9990, 22, 95792, 95792
20, 10000, 22, 95325, 98663
20, 10010, 22, 95313, 97946
20, 10020, 22, 95313, 97955
20, 10030, 22, 95313, 97914
20, 10040, 22, 95313, 95313
20, 10050, 22, 95313, 95313
20, 10060, 22, 95068, 96796
20, 10070, 22, 95068, 95068
20, 10080, 22, 95068, 95956
20, 10090, 22, 95068, 96191
20, 10100, 22, 95068, 98508
20, 10110, 22, 95068, 98430
20, 10120, 22, 95068, 96927
20, 10130, 22, 95068, 95068
20, 10140, 22, 94675, 94675
20, 10150, 22, 94675, 94675
20, 10160, 22, 94675, 95272
20, 10170, 22, 94675, 94675
20, 10180, 22, 94211, 94211
20, 10190, 22, 94211, 94211
20, 10200, 22, 94211, 94211
20, 10210, 22, 94211, 94211
20, 10220, 22, 94211, 94211
20, 10230, 22, 94211, 94211
20, 10240, 22, 94211, 96657
20, 10250, 22, 94211, 96304
20, 10260, 22, 94211, 94211
20, 10270, 22, 94211, 94211
20, 10280, 22, 94211, 94211
20, 10290, 22, 94193, 94193
20, 10300, 22, 94193, 96206
20, 10310, 22, 94193, 95322
20, 10320, 22, 94037, 94171
20, 10330, 22, 94004, 94004
20, 10340, 22, 93994, 94004
20, 10350, 22, 93993, 94017
20, 10360, 22, 93993, 93993
20, 10370, 22, 93993, 93993
20, 10380, 22, 93901, 93993
20, 10390, 22, 93901, 93901
20, 10400, 22, 93656, 93726
20, 10410, 22, 93656, 93656
20, 10420, 22, 93620, 93656
20, 10430, 22, 93620, 93620
20, 10440, 22, 93620, 93620
20, 10450, 22, 93620, 94210
20, 10460, 22, 93620, 93620
20, 10470, 22, 93506, 94129
20, 10480, 22, 93506, 93506
20, 10490, 22, 93506, 93506
20, 10500, 22, 93506, 93506
20, 10510, 22, 93225, 95266
20, 10520, 22, 93225, 93225
20, 10530, 22, 93091, 94396
20, 10540, 22, 93091, 95430
20, 10550, 22, 93091, 95049
20, 10560, 22, 93091, 93091
20, 10570, 22, 93091, 96920
20, 10580, 22, 93091, 94598
20, 10590, 22, 93091, 93091
20, 10600, 22, 93091, 93091
20, 10610, 22, 92996, 92996
20, 10620, 22, 92996, 92996
20, 10630, 22, 92994, 96475
20, 10640, 22, 92994, 92994
20, 10650, 22, 92994, 96076
20, 10660, 22, 92994, 96188
20, 10670, 22, 92994, 94944
20, 10680, 22, 92961, 92994
20, 10690, 22, 92961, 94470
20, 10700, 22, 92961, 94941
20, 10710, 22, 92961, 92961
20, 10720, 22, 92855, 92961
20, 10730, 22, 92664, 93643
20, 10740, 22, 92664, 93132
20, 10750, 22, 92664, 92664
20, 10760, 22, 92664, 92664
20, 10770, 22, 92664, 93264
20, 10780, 22, 92664, 94595
20, 10790, 22, 92612, 92664
20, 10800, 22, 92236, 92612
20, 10810, 22, 92236, 92236
20, 10820, 22, 92217, 94278
20, 10830, 22, 92217, 92979
20, 10840, 22, 92217, 92217
20, 10850, 22, 92217, 92217
20, 10860, 22, 92217, 92217
20, 10870, 22, 92217, 92217
20, 10880, 22, 92217, 92819
20, 10890, 22, 92217, 92217
20, 10900, 22, 92217, 94196
20, 10910, 22, 92217, 92217
20, 10920, 22, 92217, 92217
20, 10930, 22, 92149, 92149
20, 10940, 22, 92149, 92415
20, 10950, 22, 92149, 95127
20, 10960, 22, 92149, 94337
20, 10970, 22, 92149, 92149
20, 10980, 22, 92149, 95759
20, 10990, 22, 92149, 93104
20, 11000, 22, 92149, 97191
20, 11010, 22, 92149, 93535
20, 11020, 22, 92149, 92149
20, 11030, 22, 92149, 92149
20, 11040, 22, 92149, 95050
20, 11050, 22, 92149, 92149
20, 11060, 22, 92149, 92149
20, 11070, 22, 92149, 92149
20, 11080, 22, 92149, 92149
20, 11090, 22, 92072, 92072
20, 11100, 22, 92072, 92072
20, 11110, 22, 92030, 92030
20, 11120, 22, 91954, 92030
20, 11130, 22, 91733, 91908
20, 11140, 22, 91733, 93373
20, 11150, 22, 91733, 91733
20, 11160, 22, 91733, 91733
20, 11170, 22, 91733, 91733
20, 11180, 22, 91700, 91733
20, 11190, 22, 91700, 94793
20, 11200, 22, 91700, 94633
20, 11210, 22, 91700, 91700
20, 11220, 22, 91700, 91700
20, 11230, 22, 91700, 91700
20, 11240, 22, 91700, 93459
20, 11250, 22, 91700, 91700
20, 11260, 22, 91700, 91700
20, 11270, 22, 91700, 91700
20, 11280, 22, 91700, 91700
20, 11290, 22, 91700, 91700
20, 11300, 22, 91700, 91700
20, 11310, 22, 91700, 91996
20, 11320, 22, 91672, 91672
20, 11330, 22, 91672, 94220
20, 11340, 22, 91424, 91672
20, 11350, 22, 91424, 91424
20, 11360, 22, 91392, 91392
20, 11370, 22, 91392, 94800
20, 11380, 22, 91392, 91392
20, 11390, 22, 91392, 91392
20, 11400, 22, 91392, 91392
20, 11410, 22, 91392, 91392
20, 11420, 22, 91392, 91392
20, 11430, 22, 91392, 94268
20, 11440, 22, 91392, 91392
20, 11450, 22, 91392, 92894
20, 11460, 22, 91392, 91392
20, 11470, 22, 91392, 91392
20, 11480, 22, 91308, 92065
20, 11490, 22, 91308, 91308
20, 11500, 22, 91308, 91308
20, 11510, 22, 91308, 91308
20, 11520, 22, 91248, 91256
20, 11530, 22, 91248, 91248
20, 11540, 22, 91248, 91248
20, 11550, 22, 91248, 93322
20, 11560, 22, 91248, 91248
20, 11570, 22, 91248, 91608
20, 11580, 22, 91165, 92916
20, 11590, 22, 91165, 93823
20, 11600, 22, 91165, 92968
20, 11610, 22, 91165, 91612
20, 11620, 22, 91165, 91165
20, 11630, 22, 91165, 92787
20, 11640, 22, 91165, 91165
20, 11650, 22, 91165, 91165
20, 11660, 22, 91165, 92407
20, 11670, 22, 91165, 91165
20, 11680, 22, 91165, 91165
20, 11690, 22, 91165, 91165
20, 11700, 22, 91141, 94628
20, 11710, 22, 91141, 91141
20, 11720, 22, 91102, 93188
20, 11730, 22, 90908, 91102
20, 11740, 22, 90902, 91132
20, 11750, 22, 90902, 90902
20, 11760, 22, 90695, 90695
20, 11770, 22, 90695, 90695
20, 11780, 22, 90479, 90479
20, 11790, 22, 90479, 90479
20, 11800, 22, 90355, 93268
20, 11810, 22, 90355, 90355
20, 11820, 22, 90355, 90355
20, 11830, 22, 90355, 90355
20, 11840, 22, 90355, 94475
20, 11850, 22, 90308, 91860
20, 11860, 22, 90308, 90308
20, 11870, 22, 90308, 90427
20, 11880, 22, 90308, 90308
20, 11890, 22, 90308, 91546
20, 11900, 22, 90290, 90308
20, 11910, 22, 90290, 90290
20, 11920, 22, 90090, 90090
20, 11930, 22, 90090, 90090
20, 11940, 22, 90004, 91556
20, 11950, 22, 90004, 90004
20, 11960, 22, 90004, 92123
20, 11970, 22, 90004, 90004
20, 11980, 22, 89846, 90970
20, 11990, 22, 89766, 89766
20, 12000, 22, 89683, 89683
20, 12010, 22, 89683, 89683
20, 12020, 22, 89683, 89683
20, 12030, 22, 89544, 89544
20, 12040, 22, 89367, 89544
20, 12050, 22, 89367, 91685
20, 12060, 22, 89367, 89367
20, 12070, 22, 89367, 89367
20, 12080, 22, 89367, 89367
20, 12090, 22, 89367, 89367
20, 12100, 22, 89367, 89367
20, 12110, 22, 89367, 89367
20, 12120, 22, 89367, 89367
20, 12130, 22, 89267, 89267
20, 12140, 22, 89267, 89267
20, 12150, 22, 89267, 89267
20, 12160, 22, 89267, 89951
20, 12170, 22, 89267, 90360
20, 12180, 22, 89267, 89267
20, 12190, 22, 89267, 89267
20, 12200, 22, 89098, 89209
20, 12210, 22, 89098, 89098
20, 12220, 22, 89098, 89098
20, 12230, 22, 89098, 89098
20, 12240, 22, 89098, 89098
20, 12250, 22, 89098, 89098
20, 12260, 22, 89098, 89098
20, 12270, 22, 89098, 90163
20, 12280, 22, 89080, 89080
20, 12290, 22, 89080, 91163
20, 12300, 22, 89076, 89080
20, 12310, 22, 89072, 90089
20, 12320, 22, 89072, 89072
20, 12330, 22, 89072, 89072
20, 12340, 22, 89072, 89072
20, 12350, 22, 89072, 89873
20, 12360, 22, 89072, 89072
20, 12370, 22, 89072, 89072
20, 12380, 22, 89072, 90639
20, 12390, 22, 89072, 89072
20, 12400, 22, 89011, 89072
20, 12410, 22, 89011, 89011
20, 12420, 22, 89011, 89011
20, 12430, 22, 89011, 89011
20, 12440, 22, 89011, 89011
20, 12450, 22, 89011, 89795
20, 12460, 22, 88887, 89011
20, 12470, 22, 88809, 88887
20, 12480, 22, 88809, 88809
20, 12490, 22, 88809, 88809
20, 12500, 22, 88809, 88809
20, 12510, 22, 88809, 88809
20, 12520, 22, 88734, 88809
20, 12530, 22, 88734, 88734
20, 12540, 22, 88734, 90639
20, 12550, 22, 88383, 90038
20, 12560, 22, 88383, 88383
20, 12570, 22, 88383, 88383
20, 12580, 22, 88383, 88383
20, 12590, 22, 88345, 89545
20, 12600, 22, 88345, 88345
20, 12610, 22, 88269, 90663
20, 12620, 22, 88269, 88269
20, 12630, 22, 88269, 88852
20, 12640, 22, 88269, 88269
20, 12650, 22, 88269, 88269
20, 12660, 22, 88269, 88269
20, 12670, 22, 87869, 87869
20, 12680, 22, 87781, 88687
20, 12690, 22, 87781, 87781
20, 12700, 22, 87781, 87781
20, 12710, 22, 87781, 87781
20, 12720, 22, 87781, 87781
20, 12730, 22, 87781, 87781
20, 12740, 22, 87781, 87781
20, 12750, 22, 87781, 87781
20, 12760, 22, 87705, 87705
20, 12770, 22, 87685, 87705
20, 12780, 22, 87685, 87685
20, 12790, 22, 87685, 89224
20, 12800, 22, 87685, 87685
20, 12810, 22, 87685, 87685
20, 12820, 22, 87685, 87685
20, 12830, 22, 87685, 88820
20, 12840, 22, 87685, 87685
20, 12850, 22, 87685, 87685
20, 12860, 22, 87167, 87167
20, 12870, 22, 87167, 87465
20, 12880, 22, 87167, 87167
20, 12890, 22, 87167, 87167
20, 12900, 22, 86986, 89204
20, 12910, 22, 86986, 86986
20, 12920, 22, 86731, 86731
20, 12930, 22, 86731, 86731
20, 12940, 22, 86731, 86731
20, 12950, 22, 86731, 86731
20, 12960, 22, 86731, 86731
20, 12970, 22, 86396, 86731
20, 12980, 22, 86396, 86396
20, 12990, 22, 86396, 86396
20, 13000, 22, 86283, 86283
20, 13010, 22, 86147, 86147
20, 13020, 22, 86147, 86147
20, 13030, 22, 86147, 86147
20, 13040, 22, 86147, 88369
20, 13050, 22, 86147, 86147
20, 13060, 22, 86147, 86147
20, 13070, 22, 86147, 86147
20, 13080, 22, 86147, 86147
20, 13090, 22, 86147, 86147
20, 13100, 22, 86067, 86147
20, 13110, 22, 86067, 86067
20, 13120, 22, 86067, 86067
20, 13130, 22, 86067, 88308
20, 13140, 22, 86067, 86067
20, 13150, 22, 86067, 89041
20, 13160, 22, 86067, 86067
20, 13170, 22, 86067, 86067
20, 13180, 22, 86067, 86067
20, 13190, 22, 86049, 86049
20, 13200, 22, 86049, 86849
20, 13210, 22, 86046, 88944
20, 13220, 22, 86046, 86046
20, 13230, 22, 86046, 86046
20, 13240, 22, 86046, 86046
20, 13250, 22, 86046, 86046
20, 13260, 22, 86035, 86035
20, 13270, 22, 86035, 86035
20, 13280, 22, 86035, 86035
20, 13290, 22, 86035, 86432
20, 13300, 22, 86035, 86035
20, 13310, 22, 86035, 86035
20, 13320, 22, 86035, 86035
20, 13330, 22, 86035, 87148
20, 13340, 22, 86035, 86035
20, 13350, 22, 86003, 86003
20, 13360, 22, 85984, 86546
20, 13370, 22, 85984, 85984
20, 13380, 22, 85944, 85944
20, 13390, 22, 85944, 85944
20, 13400, 22, 85944, 85944
20, 13410, 22, 85944, 89503
20, 13420, 22, 85944, 85944
20, 13430, 22, 85944, 85944
20, 13440, 22, 85944, 85944
20, 13450, 22, 85944, 88786
20, 13460, 22, 85944, 85944
20, 13470, 22, 85944, 85944
20, 13480, 22, 85944, 85944
20, 13490, 22, 85944, 86807
20, 13500, 22, 85944, 87326
20, 13510, 22, 85823, 85823
20, 13520, 22, 85823, 85823
20, 13530, 22, 85424, 85823
20, 13540, 22, 85424, 85424
20, 13550, 22, 85424, 85424
20, 13560, 22, 85424, 87542
20, 13570, 22, 85424, 85424
20, 13580, 22, 85424, 85424
20, 13590, 22, 85424, 85424
20, 13600, 22, 85424, 87059
20, 13610, 22, 85424, 85424
20, 13620, 22, 85424, 85424
20, 13630, 22, 85424, 85424
20, 13640, 22, 85424, 85424
20, 13650, 22, 85415, 85424
20, 13660, 22, 85332, 85332
20, 13670, 22, 85332, 85332
20, 13680, 22, 85332, 85332
20, 13690, 22, 85332, 85332
20, 13700, 22, 85332, 87228
20, 13710, 22, 85332, 85332
20, 13720, 22, 85232, 85232
20, 13730, 22, 85232, 85232
20, 13740, 22, 85191, 85191
20, 13750, 22, 85191, 85191
20, 13760, 22, 85191, 85191
20, 13770, 22, 85191, 85191
20, 13780, 22, 85191, 85191
20, 13790, 22, 85191, 85191
20, 13800, 22, 85191, 85191
20, 13810, 22, 85191, 85191
20, 13820, 22, 85191, 85191
20, 13830, 22, 85191, 87724
20, 13840, 22, 85191, 86989
20, 13850, 22, 85191, 85191
20, 13860, 22, 85191, 85191
20, 13870, 22, 85191, 85191
20, 13880, 22, 85191, 85191
20, 13890, 22, 85191, 85191
20, 13900, 22, 85191, 85191
20, 13910, 22, 85191, 87589
20, 13920, 22, 85191, 85191
20, 13930, 22, 85191, 85863
20, 13940, 22, 85191, 85191
20, 13950, 22, 85191, 85191
20, 13960, 22, 85191, 85191
20, 13970, 22, 85191, 85191
20, 13980, 22, 85191, 85191
20, 13990, 22, 85191, 85191
20, 14000, 22, 85191, 85191
20, 14010, 22, 85191, 85191
20, 14020, 22, 85191, 85191
20, 14030, 22, 85191, 85191
20, 14040, 22, 85191, 85191
20, 14050, 22, 85191, 85191
20, 14060, 22, 85191, 85191
20, 14070, 22, 85191, 85191
20, 14080, 22, 85191, 85191
20, 14090, 22, 85191, 85191
20, 14100, 22, 85191, 85191
20, 14110, 22, 85191, 85191
20, 14120, 22, 85191, 85191
20, 14130, 22, 85191, 85191
20, 14140, 22, 85191, 87771
20, 14150, 22, 85191, 85191
20, 14160, 22, 85191, 85191
20, 14170, 22, 85191, 85191
20, 14180, 22, 85191, 85191
20, 14190, 22, 85126, 85180
20, 14200, 22, 85126, 85126
20, 14210, 22, 85126, 85126
20, 14220, 22, 85126, 85126
20, 14230, 22, 85126, 85126
20, 14240, 22, 85126, 85126
20, 14250, 22, 85126, 85126
20, 14260, 22, 85126, 85126
20, 14270, 22, 85126, 85126
20, 14280, 22, 84959, 84959
20, 14290, 22, 84959, 84959
20, 14300, 22, 84959, 84959
20, 14310, 22, 84959, 84959
20, 14320, 22, 84959, 84959
20, 14330, 22, 84959, 84959
20, 14340, 22, 84959, 86202
20, 14350, 22, 84959, 84959
20, 14360, 22, 84959, 84959
20, 14370, 22, 84959, 84959
20, 14380, 22, 84959, 84959
20, 14390, 22, 84959, 84959
20, 14400, 22, 84959, 84959
20, 14410, 22, 84959, 84959
20, 14420, 22, 84959, 84959
20, 14430, 22, 84959, 84959
20, 14440, 22, 84959, 84959
20, 14450, 22, 84959, 84959
20, 14460, 22, 84791, 84791
20, 14470, 22, 84779, 84791
20, 14480, 22, 84779, 84779
20, 14490, 22, 84779, 84779
20, 14500, 22, 84746, 84779
20, 14510, 22, 84728, 84746
20, 14520, 22, 84728, 84728
20, 14530, 22, 84728, 84728
20, 14540, 22, 84728, 85791
20, 14550, 22, 84728, 85835
20, 14560, 22, 84728, 88552
20, 14570, 22, 84728, 87113
20, 14580, 22, 84728, 84728
20, 14590, 22, 84668, 84668
20, 14600, 22, 84668, 86276
20, 14610, 22, 84668, 84668
20, 14620, 22, 84668, 84668
20, 14630, 22, 84668, 84668
20, 14640, 22, 84661, 84661
20, 14650, 22, 84647, 84661
20, 14660, 22, 84647, 84647
20, 14670, 22, 84647, 87961
20, 14680, 22, 84592, 84592
20, 14690, 22, 84592, 84592
20, 14700, 22, 84592, 84592
20, 14710, 22, 84592, 84592
20, 14720, 22, 84527, 84592
20, 14730, 22, 84527, 84527
20, 14740, 22, 84527, 84527
20, 14750, 22, 84527, 84527
20, 14760, 22, 84527, 84527
20, 14770, 22, 84527, 84527
20, 14780, 22, 84527, 84527
20, 14790, 22, 84527, 84527
20, 14800, 22, 84527, 84527
20, 14810, 22, 84527, 84527
20, 14820, 22, 84527, 86931
20, 14830, 22, 84435, 84527
20, 14840, 22, 84412, 84412
20, 14850, 22, 84412, 84844
20, 14860, 22, 84412, 84412
20, 14870, 22, 84412, 84412
20, 14880, 22, 84402, 84402
20, 14890, 22, 84402, 84402
20, 14900, 22, 84402, 84402
20, 14910, 22, 84402, 84402
20, 14920, 22, 84267, 84402
20, 14930, 22, 84267, 84267
20, 14940, 22, 84267, 84267
20, 14950, 22, 84267, 84267
20, 14960, 22, 84267, 84267
20, 14970, 22, 84267, 85932
20, 14980, 22, 84267, 84267
20, 14990, 22, 84257, 84257
20, 15000, 22, 84257, 84257
20, 15010, 22, 84257, 86387
20, 15020, 22, 84257, 84257
20, 15030, 22, 84257, 84257
20, 15040, 22, 84257, 84257
20, 15050, 22, 84257, 84257
20, 15060, 22, 84257, 84257
20, 15070, 22, 84257, 84257
20, 15080, 22, 84257, 84257
20, 15090, 22, 84257, 84257
20, 15100, 22, 84257, 84257
20, 15110, 22, 84232, 84257
20, 15120, 22, 84178, 84178
20, 15130, 22, 84178, 86899
20, 15140, 22, 84178, 84178
20, 15150, 22, 84178, 84178
20, 15160, 22, 83928, 84178
20, 15170, 22, 83928, 83928
20, 15180, 22, 83928, 84821
20, 15190, 22, 83928, 83928
20, 15200, 22, 83928, 84877
20, 15210, 22, 83862, 83862
20, 15220, 22, 83862, 83862
20, 15230, 22, 83862, 84427
20, 15240, 22, 83862, 83862
20, 15250, 22, 83862, 83862
20, 15260, 22, 83862, 83862
20, 15270, 22, 83820, 83820
20, 15280, 22, 83820, 87400
20, 15290, 22, 83820, 86316
20, 15300, 22, 83820, 83820
20, 15310, 22, 83820, 83820
20, 15320, 22, 83820, 83820
20, 15330, 22, 83820, 83820
20, 15340, 22, 83820, 83820
20, 15350, 22, 83820, 83820
20, 15360, 22, 83820, 83820
20, 15370, 22, 83820, 83820
20, 15380, 22, 83820, 83820
20, 15390, 22, 83820, 83820
20, 15400, 22, 83820, 83820
20, 15410, 22, 83820, 84253
20, 15420, 22, 83820, 83820
20, 15430, 22, 83820, 83820
20, 15440, 22, 83820, 83820
20, 15450, 22, 83374, 83374
20, 15460, 22, 83374, 83374
20, 15470, 22, 83374, 85453
20, 15480, 22, 83374, 83374
20, 15490, 22, 83374, 84903
20, 15500, 22, 83374, 83374
20, 15510, 22, 83374, 83374
20, 15520, 22, 83374, 83374
20, 15530, 22, 83342, 83342
20, 15540, 22, 83260, 83260
20, 15550, 22, 83070, 83070
20, 15560, 22, 83070, 83070
20, 15570, 22, 83070, 83070
20, 15580, 22, 83070, 83070
20, 15590, 22, 83070, 83070
20, 15600, 22, 82972, 83070
20, 15610, 22, 82972, 82972
20, 15620, 22, 82972, 82972
20, 15630, 22, 82972, 82972
20, 15640, 22, 82972, 82972
20, 15650, 22, 82641, 82641
20, 15660, 22, 82641, 82641
20, 15670, 22, 82641, 82641
20, 15680, 22, 82641, 82641
20, 15690, 22, 82641, 82641
20, 15700, 22, 82641, 82641
20, 15710, 22, 82641, 82641
20, 15720, 22, 82555, 82641
20, 15730, 22, 82530, 82530
20, 15740, 22, 82530, 82530
20, 15750, 22, 82530, 82530
20, 15760, 22, 82505, 82505
20, 15770, 22, 82505, 83745
20, 15780, 22, 82505, 82505
20, 15790, 22, 82505, 82505
20, 15800, 22, 82505, 82505
20, 15810, 22, 82505, 82505
20, 15820, 22, 82505, 82505
20, 15830, 22, 82505, 82505
20, 15840, 22, 82494, 82494
20, 15850, 22, 82494, 82494
20, 15860, 22, 82477, 82477
20, 15870, 22, 82353, 82353
20, 15880, 22, 82346, 82353
20, 15890, 22, 82346, 82346
20, 15900, 22, 82267, 82346
20, 15910, 22, 82267, 82267
20, 15920, 22, 82267, 82267
20, 15930, 22, 82267, 82267
20, 15940, 22, 82226, 82226
20, 15950, 22, 82226, 82226
20, 15960, 22, 82226, 82226
20, 15970, 22, 82226, 82226
20, 15980, 22, 81953, 81953
20, 15990, 22, 81953, 81953
20, 16000, 22, 81953, 81953
20, 16010, 22, 81953, 81953
20, 16020, 22, 81953, 81953
20, 16030, 22, 81953, 81953
20, 16040, 22, 81953, 81953
20, 16050, 22, 81953, 81953
20, 16060, 22, 81848, 81848
20, 16070, 22, 81848, 81848
20, 16080, 22, 81848, 81848
20, 16090, 22, 81848, 81848
20, 16100, 22, 81848, 81848
20, 16110, 22, 81848, 81848
20, 16120, 22, 81848, 81848
20, 16130, 22, 81848, 81848
20, 16140, 22, 81848, 81848
20, 16150, 22, 81848, 81848
20, 16160, 22, 81848, 81848
20, 16170, 22, 81848, 81848
20, 16180, 22, 81848, 81848
20, 16190, 22, 81848, 81848
20, 16200, 22, 81848, 81848
20, 16210, 22, 81848, 81848
20, 16220, 22, 81848, 81848
20, 16230, 22, 81848, 81848
20, 16240, 22, 81848, 81848
20, 16250, 22, 81848, 81848
20, 16260, 22, 81848, 81848
20, 16270, 22, 81647, 81647
20, 16280, 22, 81647, 81647
20, 16290, 22, 81647, 81647
20, 16300, 22, 81647, 81647
20, 16310, 22, 81647, 81647
20, 16320, 22, 81647, 81647
20, 16330, 22, 81512, 81512
20, 16340, 22, 81512, 81512
20, 16350, 22, 81512, 81512
20, 16360, 22, 81512, 83572
20, 16370, 22, 81512, 81512
20, 16380, 22, 81512, 81512
20, 16390, 22, 81512, 81512
20, 16400, 22, 81512, 81512
20, 16410, 22, 81512, 81512
20, 16420, 22, 81512, 81512
20, 16430, 22, 81396, 81396
20, 16440, 22, 81396, 81396
20, 16450, 22, 81396, 81396
20, 16460, 22, 81396, 81396
20, 16470, 22, 81396, 81396
20, 16480, 22, 81396, 81396
20, 16490, 22, 81396, 81396
20, 16500, 22, 81396, 81396
20, 16510, 22, 81396, 81396
20, 16520, 22, 81396, 81396
20, 16530, 22, 81396, 81396
20, 16540, 22, 81396, 81396
20, 16550, 22, 81396, 81396
20, 16560, 22, 81396, 81396
20, 16570, 22, 81206, 81206
20, 16580, 22, 81206, 81206
20, 16590, 22, 81206, 81206
20, 16600, 22, 81206, 81206
20, 16610, 22, 81206, 81206
20, 16620, 22, 81206, 81206
20, 16630, 22, 81206, 81206
20, 16640, 22, 81206, 81206
20, 16650, 22, 81189, 81189
20, 16660, 22, 81189, 81189
20, 16670, 22, 81171, 81189
20, 16680, 22, 81171, 81171
20, 16690, 22, 81171, 81171
20, 16700, 22, 81048, 81048
20, 16710, 22, 81048, 81048
20, 16720, 22, 81048, 81048
20, 16730, 22, 81048, 81048
20, 16740, 22, 81048, 81048
20, 16750, 22, 81048, 81048
20, 16760, 22, 81048, 81048
20, 16770, 22, 81048, 81457
20, 16780, 22, 81048, 81048
20, 16790, 22, 81048, 81048
20, 16800, 22, 81048, 81048
20, 16810, 22, 81048, 83087
20, 16820, 22, 81048, 81332
20, 16830, 22, 81048, 81048
20, 16840, 22, 81048, 81048
20, 16850, 22, 81048, 81048
20, 16860, 22, 81048, 81048
20, 16870, 22, 81048, 81048
20, 16880, 22, 81048, 81048
20, 16890, 22, 81005, 81048
20, 16900, 22, 81005, 81005
20, 16910, 22, 81005, 81005
20, 16920, 22, 81005, 81005
20, 16930, 22, 81005, 81005
20, 16940, 22, 81005, 81005
20, 16950, 22, 81005, 81005
20, 16960, 22, 80910, 80910
20, 16970, 22, 80910, 80910
20, 16980, 22, 80910, 80910
20, 16990, 22, 80910, 80910
20, 17000, 22, 80786, 80910
20, 17010, 22, 80786, 80786
20, 17020, 22, 80786, 80786
20, 17030, 22, 80786, 80786
20, 17040, 22, 80786, 80786
20, 17050, 22, 80786, 80786
20, 17060, 22, 80786, 80786
20, 17070, 22, 80786, 80786
20, 17080, 22, 80785, 82313
20, 17090, 22, 80785, 80785
20, 17100, 22, 80785, 80785
20, 17110, 22, 80785, 80785
20, 17120, 22, 80785, 80785
20, 17130, 22, 80785, 80785
20, 17140, 22, 80785, 80785
20, 17150, 22, 80785, 80785
20, 17160, 22, 80785, 80785
20, 17170, 22, 80785, 80785
20, 17180, 22, 80785, 80785
20, 17190, 22, 80785, 80785
20, 17200, 22, 80785, 80785
20, 17210, 22, 80785, 80785
20, 17220, 22, 80785, 80785
20, 17230, 22, 80785, 80785
20, 17240, 22, 80785, 80785
20, 17250, 22, 80785, 80785
20, 17260, 22, 80536, 80536
20, 17270, 22, 80536, 80536
20, 17280, 22, 80536, 80536
20, 17290, 22, 80536, 80536
20, 17300, 22, 80536, 80536
20, 17310, 22, 80536, 80536
20, 17320, 22, 80536, 80536
20, 17330, 22, 80536, 80536
20, 17340, 22, 80536, 80536
20, 17350, 22, 80536, 80536
20, 17360, 22, 80536, 80536
20, 17370, 22, 80337, 80379
20, 17380, 22, 80337, 80337
20, 17390, 22, 80337, 80337
20, 17400, 22, 80337, 80337
20, 17410, 22, 80337, 80337
20, 17420, 22, 80337, 80337
20, 17430, 22, 80337, 80337
20, 17440, 22, 80337, 80337
20, 17450, 22, 80337, 80337
20, 17460, 22, 80337, 80337
20, 17470, 22, 80337, 80337
20, 17480, 22, 80337, 80337
20, 17490, 22, 80337, 80337
20, 17500, 22, 80337, 80337
20, 17510, 22, 80337, 80337
20, 17520, 22, 80337, 80337
20, 17530, 22, 80337, 80337
20, 17540, 22, 80337, 80337
20, 17550, 22, 80337, 80337
20, 17560, 22, 80337, 80337
20, 17570, 22, 80337, 80337
20, 17580, 22, 80337, 80337
20, 17590, 22, 80337, 80337
20, 17600, 22, 80337, 80337
20, 17610, 22, 80337, 80337
20, 17620, 22, 80337, 80337
20, 17630, 22, 80337, 80337
20, 17640, 22, 80337, 80337
20, 17650, 22, 80337, 80337
20, 17660, 22, 80337, 80337
20, 17670, 22, 80337, 80337
20, 17680, 22, 80337, 80337
20, 17690, 22, 80337, 80337
20, 17700, 22, 80337, 80337
20, 17710, 22, 80337, 80337
20, 17720, 22, 80337, 80337
20, 17730, 22, 80337, 80337
20, 17740, 22, 80337, 80337
20, 17750, 22, 80308, 80337
20, 17760, 22, 80308, 80308
20, 17770, 22, 80308, 80308
20, 17780, 22, 80308, 80308
20, 17790, 22, 80308, 80308
20, 17800, 22, 80308, 80308
20, 17810, 22, 80265, 80265
20, 17820, 22, 80265, 80265
20, 17830, 22, 80265, 80265
20, 17840, 22, 80265, 80265
20, 17850, 22, 80265, 82788
20, 17860, 22, 80265, 80265
20, 17870, 22, 80265, 80813
20, 17880, 22, 80239, 80239
20, 17890, 22, 80239, 80239
20, 17900, 22, 80239, 80239
20, 17910, 22, 80239, 80239
20, 17920, 22, 80172, 80239
20, 17930, 22, 80139, 80172
20, 17940, 22, 80036, 80036
20, 17950, 22, 80036, 80036
20, 17960, 22, 80036, 80036
20, 17970, 22, 80036, 80036
20, 17980, 22, 80036, 80036
20, 17990, 22, 79977, 79977
20, 18000, 22, 79977, 79977
20, 18010, 22, 79977, 79977
20, 18020, 22, 79977, 79977
20, 18030, 22, 79977, 79977
20, 18040, 22, 79977, 79977
20, 18050, 22, 79977, 79977
20, 18060, 22, 79977, 79977
20, 18070, 22, 79977, 79977
20, 18080, 22, 79977, 79977
20, 18090, 22, 79975, 79977
20, 18100, 22, 79975, 79975
20, 18110, 22, 79975, 79975
20, 18120, 22, 79975, 79975
20, 18130, 22, 79783, 79975
20, 18140, 22, 79783, 79783
20, 18150, 22, 79783, 79783
20, 18160, 22, 79783, 79783
20, 18170, 22, 79783, 79783
20, 18180, 22, 79783, 79783
20, 18190, 22, 79783, 79783
20, 18200, 22, 79783, 79783
20, 18210, 22, 79783, 79783
20, 18220, 22, 79783, 79783
20, 18230, 22, 79783, 79783
20, 18240, 22, 79783, 79783
20, 18250, 22, 79783, 79783
20, 18260, 22, 79778, 79783
20, 18270, 22, 79653, 79653
20, 18280, 22, 79653, 79653
20, 18290, 22, 79653, 79653
20, 18300, 22, 79653, 79653
20, 18310, 22, 79653, 79653
20, 18320, 22, 79653, 79653
20, 18330, 22, 79653, 79653
20, 18340, 22, 79653, 79653
20, 18350, 22, 79653, 79653
20, 18360, 22, 79653, 79653
20, 18370, 22, 79653, 79653
20, 18380, 22, 79653, 79653
20, 18390, 22, 79653, 79653
20, 18400, 22, 79653, 79653
20, 18410, 22, 79653, 79653
20, 18420, 22, 79653, 79653
20, 18430, 22, 79653, 79653
20, 18440, 22, 79588, 79588
20, 18450, 22, 79588, 79588
20, 18460, 22, 79588, 79588
20, 18470, 22, 79581, 79581
20, 18480, 22, 79581, 79581
20, 18490, 22, 79581, 79581
20, 18500, 22, 79581, 79581
20, 18510, 22, 79454, 79454
20, 18520, 22, 79306, 79306
20, 18530, 22, 79306, 79830
20, 18540, 22, 79306, 79306
20, 18550, 22, 79306, 79306
20, 18560, 22, 79306, 79306
20, 18570, 22, 79306, 79306
20, 18580, 22, 79306, 79306
20, 18590, 22, 79306, 79306
20, 18600, 22, 79306, 79306
20, 18610, 22, 79306, 79306
20, 18620, 22, 79306, 79306
20, 18630, 22, 79306, 79306
20, 18640, 22, 79306, 79306
20, 18650, 22, 79306, 79306
20, 18660, 22, 79306, 79306
20, 18670, 22, 79306, 79306
20, 18680, 22, 79306, 79306
20, 18690, 22, 79306, 79306
20, 18700, 22, 79306, 79306
20, 18710, 22, 79306, 79306
20, 18720, 22, 79306, 79306
20, 18730, 22, 79306, 79306
20, 18740, 22, 79306, 79306
20, 18750, 22, 79306, 79306
20, 18760, 22, 79306, 79306
20, 18770, 22, 79306, 79306
20, 18780, 22, 79197, 79197
20, 18790, 22, 79197, 79197
20, 18800, 22, 79197, 79197
20, 18810, 22, 79197, 79197
20, 18820, 22, 79197, 79197
20, 18830, 22, 79197, 79197
20, 18840, 22, 79197, 79197
20, 18850, 22, 79197, 79197
20, 18860, 22, 79197, 79197
20, 18870, 22, 79197, 79197
20, 18880, 22, 79197, 79197
20, 18890, 22, 79197, 79197
20, 18900, 22, 79197, 79197
20, 18910, 22, 79197, 79197
20, 18920, 22, 79197, 79197
20, 18930, 22, 79197, 79197
20, 18940, 22, 79138, 79138
20, 18950, 22, 79138, 79138
20, 18960, 22, 79138, 79138
20, 18970, 22, 79138, 79138
20, 18980, 22, 79138, 79138
20, 18990, 22, 79138, 79138
20, 19000, 22, 79138, 80135
20, 19010, 22, 79138, 79138
20, 19020, 22, 79138, 79138
20, 19030, 22, 79138, 79138
20, 19040, 22, 79138, 80691
20, 19050, 22, 79138, 79138
20, 19060, 22, 79138, 79138
20, 19070, 22, 79138, 79138
20, 19080, 22, 79138, 79138
20, 19090, 22, 79138, 79138
20, 19100, 22, 79138, 79138
20, 19110, 22, 79138, 79138
20, 19120, 22, 79138, 79679
20, 19130, 22, 79138, 79138
20, 19140, 22, 79138, 79138
20, 19150, 22, 79138, 79138
20, 19160, 22, 79138, 79138
20, 19170, 22, 79106, 79106
20, 19180, 22, 79106, 79106
20, 19190, 22, 79106, 79106
20, 19200, 22, 79046, 79106
20, 19210, 22, 78996, 79046
20, 19220, 22, 78996, 78996
20, 19230, 22, 78996, 78996
20, 19240, 22, 78996, 78996
20, 19250, 22, 78996, 78996
20, 19260, 22, 78996, 78996
20, 19270, 22, 78996, 78996
20, 19280, 22, 78996, 78996
20, 19290, 22, 78996, 78996
20, 19300, 22, 78996, 78996
20, 19310, 22, 78996, 78996
20, 19320, 22, 78996, 78996
20, 19330, 22, 78996, 78996
20, 19340, 22, 78937, 78937
20, 19350, 22, 78937, 78937
20, 19360, 22, 78937, 78937
20, 19370, 22, 78937, 78937
20, 19380, 22, 78937, 78937
20, 19390, 22, 78937, 78937
20, 19400, 22, 78937, 82406
20, 19410, 22, 78937, 78937
20, 19420, 22, 78937, 78937
20, 19430, 22, 78937, 78937
20, 19440, 22, 78937, 78937
20, 19450, 22, 78937, 78937
20, 19460, 22, 78937, 78937
20, 19470, 22, 78937, 78937
20, 19480, 22, 78937, 78937
20, 19490, 22, 78937, 78937
20, 19500, 22, 78937, 78937
20, 19510, 22, 78937, 78937
20, 19520, 22, 78937, 78937
20, 19530, 22, 78937, 78937
20, 19540, 22, 78937, 78937
20, 19550, 22, 78937, 78937
20, 19560, 22, 78937, 78937
20, 19570, 22, 78937, 78937
20, 19580, 22, 78871, 78871
20, 19590, 22, 78871, 78871
20, 19600, 22, 78871, 78871
20, 19610, 22, 78871, 78871
20, 19620, 22, 78871, 79511
20, 19630, 22, 78871, 78871
20, 19640, 22, 78871, 78871
20, 19650, 22, 78871, 78871
20, 19660, 22, 78871, 78871
20, 19670, 22, 78871, 78871
20, 19680, 22, 78871, 78871
20, 19690, 22, 78871, 78871
20, 19700, 22, 78871, 78871
20, 19710, 22, 78871, 78871
20, 19720, 22, 78871, 78871
20, 19730, 22, 78810, 78810
20, 19740, 22, 78810, 78810
20, 19750, 22, 78810, 80654
20, 19760, 22, 78810, 78810
20, 19770, 22, 78810, 78810
20, 19780, 22, 78810, 78810
20, 19790, 22, 78810, 78810
20, 19800, 22, 78587, 78810
20, 19810, 22, 78529, 78529
20, 19820, 22, 78529, 78529
20, 19830, 22, 78529, 78529
20, 19840, 22, 78529, 78529
20, 19850, 22, 78529, 78529
20, 19860, 22, 78529, 78529
20, 19870, 22, 78529, 78529
20, 19880, 22, 78529, 78529
20, 19890, 22, 78529, 78529
20, 19900, 22, 78474, 78529
20, 19910, 22, 78474, 78474
20, 19920, 22, 78474, 78474
20, 19930, 22, 78303, 78474
20, 19940, 22, 78303, 78303
20, 19950, 22, 78303, 78303
20, 19960, 22, 78303, 78303
20, 19970, 22, 78303, 78303
20, 19980, 22, 78303, 78303
20, 19990, 22, 78303, 78303
