Population Size, Generation Count, Repetition, Best Fitness, Median Fitness
50, 0, 22, 742704, 765980
50, 10, 22, 694865, 710633
50, 20, 22, 668616, 674080
50, 30, 22, 650020, 659703
50, 40, 22, 639124, 644496
50, 50, 22, 616772, 622219
50, 60, 22, 600779, 605380
50, 70, 22, 586003, 589563
50, 80, 22, 576925, 580737
50, 90, 22, 567829, 570486
50, 100, 22, 558033, 561944
50, 110, 22, 550167, 554233
50, 120, 22, 541319, 545312
50, 130, 22, 532454, 536262
50, 140, 22, 521050, 526265
50, 150, 22, 514700, 518535
50, 160, 22, 503241, 507302
50, 170, 22, 495365, 499648
50, 180, 22, 488030, 491603
50, 190, 22, 480038, 485883
50, 200, 22, 472921, 477554
50, 210, 22, 468711, 471882
50, 220, 22, 462881, 467094
50, 230, 22, 456997, 460955
50, 240, 22, 452853, 455484
50, 250, 22, 449173, 452641
50, 260, 22, 444444, 448429
50, 270, 22, 440220, 442814
50, 280, 22, 436315, 439315
50, 290, 22, 431262, 434607
50, 300, 22, 424585, 426399
50, 310, 22, 418678, 423000
50, 320, 22, 414776, 418145
50, 330, 22, 408881, 415268
50, 340, 22, 406738, 409683
50, 350, 22, 400217, 402352
50, 360, 22, 395955, 400517
50, 370, 22, 392237, 395616
50, 380, 22, 387251, 392133
50, 390, 22, 383496, 387005
50, 400, 22, 380261, 382118
50, 410, 22, 376409, 379254
50, 420, 22, 372798, 375383
50, 430, 22, 366370, 373128
50, 440, 22, 361157, 365369
50, 450, 22, 359520, 362453
50, 460, 22, 358175, 360649
50, 470, 22, 354786, 357469
50, 480, 22, 350207, 353409
50, 490, 22, 348490, 350596
50, 500, 22, 346439, 348039
50, 510, 22, 344247, 347055
50, 520, 22, 342259, 345235
50, 530, 22, 338363, 341887
50, 540, 22, 335186, 339145
50, 550, 22, 332976, 335746
50, 560, 22, 331474, 335087
50, 570, 22, 328888, 332221
50, 580, 22, 325063, 329254
50, 590, 22, 321782, 323861
50, 600, 22, 319172, 322705
50, 610, 22, 316575, 320470
50, 620, 22, 315388, 318342
50, 630, 22, 313085, 315466
50, 640, 22, 310576, 315037
50, 650, 22, 309341, 311583
50, 660, 22, 307933, 310813
50, 670, 22, 305978, 308503
50, 680, 22, 303292, 307367
50, 690, 22, 300441, 303765
50, 700, 22, 298015, 299998
50, 710, 22, 297513, 298385
50, 720, 22, 294364, 297941
50, 730, 22, 291203, 294987
50, 740, 22, 287426, 291755
50, 750, 22, 285765, 288846
50, 760, 22, 284637, 287448
50, 770, 22, 282062, 284814
50, 780, 22, 281735, 283058
50, 790, 22, 280547, 283856
50, 800, 22, 278671, 281425
50, 810, 22, 277871, 280519
50, 820, 22, 275365, 279784
50, 830, 22, 271795, 276435
50, 840, 22, 270826, 272161
50, 850, 22, 269481, 273116
50, 860, 22, 268021, 272159
50, 870, 22, 266953, 271486
50, 880, 22, 265209, 268132
50, 890, 22, 263269, 265895
50, 900, 22, 262515, 266444
50, 910, 22, 261545, 263395
50, 920, 22, 260419, 264246
50, 930, 22, 258913, 263120
50, 940, 22, 257770, 260845
50, 950, 22, 256346, 259376
50, 960, 22, 255402, 259210
50, 970, 22, 251549, 255752
50, 980, 22, 250771, 254063
50, 990, 22, 249826, 252911
50, 1000, 22, 248521, 253419
50, 1010, 22, 247833, 249866
50, 1020, 22, 246816, 248867
50, 1030, 22, 246426, 249067
50, 1040, 22, 245463, 248516
50, 1050, 22, 244999, 245665
50, 1060, 22, 242878, 247189
50, 1070, 22, 241288, 245039
50, 1080, 22, 240560, 244180
50, 1090, 22, 239121, 241723
50, 1100, 22, 236155, 239092
50, 1110, 22, 235416, 237568
50, 1120, 22, 233344, 237582
50, 1130, 22, 232390, 235555
50, 1140, 22, 230507, 234389
50, 1150, 22, 229266, 232776
50, 1160, 22, 228536, 231327
50, 1170, 22, 227985, 231175
50, 1180, 22, 227299, 229446
50, 1190, 22, 226199, 228805
50, 1200, 22, 225451, 229160
50, 1210, 22, 224882, 228094
50, 1220, 22, 224161, 227216
50, 1230, 22, 222524, 224785
50, 1240, 22, 221593, 223678
50, 1250, 22, 221106, 223042
50, 1260, 22, 220457, 223412
50, 1270, 22, 220122, 223248
50, 1280, 22, 218675, 221519
50, 1290, 22, 217932, 220089
50, 1300, 22, 216742, 220338
50, 1310, 22, 216279, 221074
50, 1320, 22, 215726, 218692
50, 1330, 22, 214242, 217974
50, 1340, 22, 213613, 216356
50, 1350, 22, 212436, 214908
50, 1360, 22, 212206, 215608
50, 1370, 22, 211021, 214869
50, 1380, 22, 209809, 211979
50, 1390, 22, 208917, 210316
50, 1400, 22, 208443, 211444
50, 1410, 22, 206873, 210879
50, 1420, 22, 205817, 210310
50, 1430, 22, 205158, 207672
50, 1440, 22, 203982, 207588
50, 1450, 22, 202718, 206160
50, 1460, 22, 201731, 203868
50, 1470, 22, 201308, 204355
50, 1480, 22, 200761, 203566
50, 1490, 22, 199890, 201789
50, 1500, 22, 198759, 202369
50, 1510, 22, 197714, 201267
50, 1520, 22, 197271, 199921
50, 1530, 22, 195967, 197976
50, 1540, 22, 195184, 197308
50, 1550, 22, 194577, 197139
50, 1560, 22, 192959, 196321
50, 1570, 22, 192791, 195340
50, 1580, 22, 192336, 195643
50, 1590, 22, 191239, 194159
50, 1600, 22, 190704, 193984
50, 1610, 22, 190586, 193138
50, 1620, 22, 189459, 193126
50, 1630, 22, 189021, 192515
50, 1640, 22, 187772, 190434
50, 1650, 22, 187194, 190934
50, 1660, 22, 185472, 187975
50, 1670, 22, 185404, 187473
50, 1680, 22, 184752, 187728
50, 1690, 22, 184426, 187596
50, 1700, 22, 184136, 186625
50, 1710, 22, 183627, 183915
50, 1720, 22, 182623, 185293
50, 1730, 22, 182513, 184038
50, 1740, 22, 182269, 184507
50, 1750, 22, 181867, 183931
50, 1760, 22, 181761, 185903
50, 1770, 22, 181412, 183165
50, 1780, 22, 180604, 183715
50, 1790, 22, 180511, 181877
50, 1800, 22, 179714, 182570
50, 1810, 22, 179234, 183541
50, 1820, 22, 178849, 180496
50, 1830, 22, 178071, 181992
50, 1840, 22, 177702, 180105
50, 1850, 22, 177063, 179373
50, 1860, 22, 176385, 178645
50, 1870, 22, 175791, 178605
50, 1880, 22, 175390, 177979
50, 1890, 22, 175345, 177536
50, 1900, 22, 175180, 177105
50, 1910, 22, 174432, 175577
50, 1920, 22, 173797, 177007
50, 1930, 22, 173253, 176735
50, 1940, 22, 172611, 178132
50, 1950, 22, 172149, 172611
50, 1960, 22, 171665, 175975
50, 1970, 22, 171358, 172811
50, 1980, 22, 171075, 174816
50, 1990, 22, 171075, 174540
50, 2000, 22, 170307, 173230
50, 2010, 22, 170191, 174343
50, 2020, 22, 168893, 170342
50, 2030, 22, 168461, 171028
50, 2040, 22, 168038, 171529
50, 2050, 22, 167709, 170781
50, 2060, 22, 166945, 169941
50, 2070, 22, 166155, 168705
50, 2080, 22, 166070, 166355
50, 2090, 22, 165340, 166571
50, 2100, 22, 165270, 168079
50, 2110, 22, 164587, 167374
50, 2120, 22, 163975, 167068
50, 2130, 22, 163276, 164964
50, 2140, 22, 162928, 164770
50, 2150, 22, 162928, 165172
50, 2160, 22, 162493, 165713
50, 2170, 22, 161885, 163717
50, 2180, 22, 161380, 163020
50, 2190, 22, 160741, 162977
50, 2200, 22, 160559, 163988
50, 2210, 22, 159390, 163061
50, 2220, 22, 158394, 160718
50, 2230, 22, 157925, 160127
50, 2240, 22, 157223, 158574
50, 2250, 22, 156833, 158691
50, 2260, 22, 156389, 158981
50, 2270, 22, 155767, 160520
50, 2280, 22, 155767, 158264
50, 2290, 22, 155164, 157610
50, 2300, 22, 154773, 158087
50, 2310, 22, 154607, 156581
50, 2320, 22, 154342, 155870
50, 2330, 22, 154334, 156470
50, 2340, 22, 152836, 155604
50, 2350, 22, 152760, 155806
50, 2360, 22, 152118, 154061
50, 2370, 22, 151489, 155581
50, 2380, 22, 151459, 154484
50, 2390, 22, 150886, 153786
50, 2400, 22, 150438, 152389
50, 2410, 22, 149969, 151765
50, 2420, 22, 149630, 152653
50, 2430, 22, 149585, 152493
50, 2440, 22, 149585, 151994
50, 2450, 22, 148950, 151265
50, 2460, 22, 148781, 150832
50, 2470, 22, 148045, 150209
50, 2480, 22, 147425, 151388
50, 2490, 22, 147296, 150100
50, 2500, 22, 147205, 148638
50, 2510, 22, 146815, 149301
50, 2520, 22, 145801, 149064
50, 2530, 22, 145149, 146914
50, 2540, 22, 144540, 146901
50, 2550, 22, 144126, 145630
50, 2560, 22, 143653, 146240
50, 2570, 22, 143387, 147186
50, 2580, 22, 143283, 146135
50, 2590, 22, 143065, 145423
50, 2600, 22, 142881, 145711
50, 2610, 22, 142656, 145153
50, 2620, 22, 142636, 143827
50, 2630, 22, 142234, 144077
50, 2640, 22, 142186, 143324
50, 2650, 22, 141972, 143616
50, 2660, 22, 141305, 143532
50, 2670, 22, 140459, 142355
50, 2680, 22, 139940, 142377
50, 2690, 22, 139631, 144311
50, 2700, 22, 139086, 141507
50, 2710, 22, 138808, 140684
50, 2720, 22, 138402, 140678
50, 2730, 22, 138310, 140977
50, 2740, 22, 138079, 140589
50, 2750, 22, 137593, 140010
50, 2760, 22, 137375, 139810
50, 2770, 22, 136154, 140147
50, 2780, 22, 135780, 138586
50, 2790, 22, 135350, 136750
50, 2800, 22, 134949, 137105
50, 2810, 22, 134943, 137102
50, 2820, 22, 134943, 137466
50, 2830, 22, 134801, 137318
50, 2840, 22, 134725, 138086
50, 2850, 22, 134554, 135357
50, 2860, 22, 134206, 136417
50, 2870, 22, 133603, 134656
50, 2880, 22, 132430, 136103
50, 2890, 22, 132332, 134006
50, 2900, 22, 132278, 134657
50, 2910, 22, 131977, 134940
50, 2920, 22, 131847, 134292
50, 2930, 22, 130935, 132910
50, 2940, 22, 130521, 131262
50, 2950, 22, 130215, 132979
50, 2960, 22, 129520, 132085
50, 2970, 22, 129450, 132860
50, 2980, 22, 129389, 130052
50, 2990, 22, 128840, 130717
50, 3000, 22, 128783, 130162
50, 3010, 22, 128141, 130774
50, 3020, 22, 127981, 130141
50, 3030, 22, 127976, 130726
50, 3040, 22, 127909, 129054
50, 3050, 22, 127604, 129062
50, 3060, 22, 127604, 129375
50, 3070, 22, 127602, 128411
50, 3080, 22, 126692, 128383
50, 3090, 22, 126352, 130795
50, 3100, 22, 126352, 128600
50, 3110, 22, 126352, 129211
50, 3120, 22, 125546, 130459
50, 3130, 22, 125451, 126476
50, 3140, 22, 125175, 127058
50, 3150, 22, 124951, 127309
50, 3160, 22, 124559, 127614
50, 3170, 22, 124106, 125735
50, 3180, 22, 123890, 126441
50, 3190, 22, 123837, 126420
50, 3200, 22, 123526, 127332
50, 3210, 22, 123173, 127065
50, 3220, 22, 123107, 124068
50, 3230, 22, 122868, 125376
50, 3240, 22, 122850, 125641
50, 3250, 22, 122850, 125618
50, 3260, 22, 122703, 124319
50, 3270, 22, 122693, 124941
50, 3280, 22, 122693, 123719
50, 3290, 22, 122112, 124237
50, 3300, 22, 122112, 122112
50, 3310, 22, 121527, 124216
50, 3320, 22, 121251, 122988
50, 3330, 22, 121251, 121251
50, 3340, 22, 121251, 122945
50, 3350, 22, 120965, 122133
50, 3360, 22, 120965, 122569
50, 3370, 22, 120925, 124649
50, 3380, 22, 120925, 123868
50, 3390, 22, 120179, 125018
50, 3400, 22, 120121, 123332
50, 3410, 22, 119763, 120121
50, 3420, 22, 119763, 122740
50, 3430, 22, 119559, 123231
50, 3440, 22, 119559, 122785
50, 3450, 22, 118973, 121498
50, 3460, 22, 118641, 120654
50, 3470, 22, 117888, 121223
50, 3480, 22, 117888, 119702
50, 3490, 22, 117704, 119568
50, 3500, 22, 117665, 120284
50, 3510, 22, 117375, 120184
50, 3520, 22, 117375, 119680
50, 3530, 22, 117273, 119264
50, 3540, 22, 117273, 118650
50, 3550, 22, 117273, 119992
50, 3560, 22, 116886, 117945
50, 3570, 22, 116886, 117261
50, 3580, 22, 116886, 116886
50, 3590, 22, 116865, 119427
50, 3600, 22, 116645, 118827
50, 3610, 22, 116645, 119071
50, 3620, 22, 116342, 119515
50, 3630, 22, 116245, 117670
50, 3640, 22, 116160, 117639
50, 3650, 22, 115928, 119465
50, 3660, 22, 115928, 117874
50, 3670, 22, 115928, 117528
50, 3680, 22, 115775, 118803
50, 3690, 22, 115775, 117066
50, 3700, 22, 115692, 117056
50, 3710, 22, 115571, 117216
50, 3720, 22, 115325, 117681
50, 3730, 22, 115296, 119251
50, 3740, 22, 115296, 117624
50, 3750, 22, 115258, 117377
50, 3760, 22, 115223, 116926
50, 3770, 22, 115157, 118033
50, 3780, 22, 115097, 117455
50, 3790, 22, 114876, 117106
50, 3800, 22, 114699, 117104
50, 3810, 22, 114699, 115082
50, 3820, 22, 114699, 117213
50, 3830, 22, 114558, 117432
50, 3840, 22, 114553, 115956
50, 3850, 22, 114486, 116621
50, 3860, 22, 114135, 117362
50, 3870, 22, 113907, 117041
50, 3880, 22, 113810, 115830
50, 3890, 22, 113680, 116276
50, 3900, 22, 113419, 115349
50, 3910, 22, 112806, 113648
50, 3920, 22, 112511, 114294
50, 3930, 22, 112511, 114478
50, 3940, 22, 112502, 112896
50, 3950, 22, 111791, 113760
50, 3960, 22, 111791, 113986
50, 3970, 22, 111563, 113833
50, 3980, 22, 111483, 113912
50, 3990, 22, 111061, 113242
50, 4000, 22, 111061, 112074
50, 4010, 22, 111061, 112359
50, 4020, 22, 110938, 113619
50, 4030, 22, 110938, 113321
50, 4040, 22, 110938, 114738
50, 4050, 22, 110420, 111516
50, 4060, 22, 110290, 113235
50, 4070, 22, 110290, 111938
50, 4080, 22, 110038, 110689
50, 4090, 22, 109387, 110478
50, 4100, 22, 109116, 110981
50, 4110, 22, 109055, 112505
50, 4120, 22, 108957, 110302
50, 4130, 22, 108742, 111106
50, 4140, 22, 108742, 110540
50, 4150, 22, 108742, 110269
50, 4160, 22, 108401, 110065
50, 4170, 22, 108401, 110236
50, 4180, 22, 108201, 110080
50, 4190, 22, 108166, 110208
50, 4200, 22, 108164, 109251
50, 4210, 22, 108105, 109687
50, 4220, 22, 108052, 108701
50, 4230, 22, 107684, 108684
50, 4240, 22, 107392, 107684
50, 4250, 22, 107333, 110170
50, 4260, 22, 107333, 107333
50, 4270, 22, 107090, 108813
50, 4280, 22, 107090, 110003
50, 4290, 22, 106989, 108745
50, 4300, 22, 106917, 109541
50, 4310, 22, 106794, 107132
50, 4320, 22, 106601, 107408
50, 4330, 22, 106561, 109501
50, 4340, 22, 106561, 106561
50, 4350, 22, 106427, 109557
50, 4360, 22, 106427, 109447
50, 4370, 22, 106427, 107531
50, 4380, 22, 106366, 108333
50, 4390, 22, 106366, 108050
50, 4400, 22, 106366, 106991
50, 4410, 22, 106366, 108021
50, 4420, 22, 106003, 109059
50, 4430, 22, 106003, 108072
50, 4440, 22, 105844, 107132
50, 4450, 22, 105526, 106488
50, 4460, 22, 105423, 108703
50, 4470, 22, 105087, 106080
50, 4480, 22, 105087, 108194
50, 4490, 22, 105040, 105962
50, 4500, 22, 105040, 106109
50, 4510, 22, 105040, 106623
50, 4520, 22, 104516, 106564
50, 4530, 22, 104477, 105818
50, 4540, 22, 104477, 105297
50, 4550, 22, 104220, 105678
50, 4560, 22, 104179, 104220
50, 4570, 22, 103979, 104179
50, 4580, 22, 103871, 104522
50, 4590, 22, 103547, 105222
50, 4600, 22, 102990, 103146
50, 4610, 22, 102976, 105827
50, 4620, 22, 102847, 104658
50, 4630, 22, 102847, 106314
50, 4640, 22, 102822, 104299
50, 4650, 22, 102591, 105725
50, 4660, 22, 102591, 104506
50, 4670, 22, 102591, 103926
50, 4680, 22, 102112, 105113
50, 4690, 22, 102112, 103943
50, 4700, 22, 102112, 104655
50, 4710, 22, 101975, 102502
50, 4720, 22, 101702, 102755
50, 4730, 22, 101235, 101898
50, 4740, 22, 101136, 101695
50, 4750, 22, 101081, 104788
50, 4760, 22, 101081, 103403
50, 4770, 22, 100902, 102377
50, 4780, 22, 100758, 102585
50, 4790, 22, 100740, 102621
50, 4800, 22, 100687, 102026
50, 4810, 22, 100602, 102344
50, 4820, 22, 100602, 101843
50, 4830, 22, 100586, 102250
50, 4840, 22, 100586, 102575
50, 4850, 22, 100586, 102587
50, 4860, 22, 100576, 103386
50, 4870, 22, 100404, 101328
50, 4880, 22, 99863, 102435
50, 4890, 22, 99638, 99991
50, 4900, 22, 99481, 100741
50, 4910, 22, 99422, 100942
50, 4920, 22, 99215, 99515
50, 4930, 22, 98700, 100622
50, 4940, 22, 98444, 98700
50, 4950, 22, 98444, 100571
50, 4960, 22, 98186, 98761
50, 4970, 22, 98186, 100960
50, 4980, 22, 98107, 99235
50, 4990, 22, 97833, 99750
50, 5000, 22, 97833, 97833
50, 5010, 22, 97677, 100289
50, 5020, 22, 97677, 100370
50, 5030, 22, 97677, 99868
50, 5040, 22, 97677, 99479
50, 5050, 22, 97677, 99383
50, 5060, 22, 97677, 100400
50, 5070, 22, 97495, 99367
50, 5080, 22, 97354, 99903
50, 5090, 22, 97354, 99593
50, 5100, 22, 97277, 98992
50, 5110, 22, 97095, 100999
50, 5120, 22, 97095, 98801
50, 5130, 22, 96919, 98900
50, 5140, 22, 96415, 97112
50, 5150, 22, 96399, 97172
50, 5160, 22, 96316, 96316
50, 5170, 22, 96301, 96982
50, 5180, 22, 96301, 98408
50, 5190, 22, 96301, 97824
50, 5200, 22, 96301, 97862
50, 5210, 22, 95949, 96556
50, 5220, 22, 95200, 97985
50, 5230, 22, 95193, 97278
50, 5240, 22, 95164, 95193
50, 5250, 22, 95103, 96608
50, 5260, 22, 95103, 95370
50, 5270, 22, 94823, 96939
50, 5280, 22, 94823, 95845
50, 5290, 22, 94758, 94758
50, 5300, 22, 94758, 95919
50, 5310, 22, 94751, 94751
50, 5320, 22, 94751, 95615
50, 5330, 22, 94751, 95566
50, 5340, 22, 94628, 96140
50, 5350, 22, 94628, 97965
50, 5360, 22, 94587, 96305
50, 5370, 22, 94587, 96684
50, 5380, 22, 94587, 95181
50, 5390, 22, 94446, 95932
50, 5400, 22, 94446, 97027
50, 5410, 22, 94397, 95234
50, 5420, 22, 94339, 95574
50, 5430, 22, 93990, 95794
50, 5440, 22, 93602, 94811
50, 5450, 22, 93519, 94086
50, 5460, 22, 93370, 93519
50, 5470, 22, 93365, 95823
50, 5480, 22, 93289, 95109
50, 5490, 22, 93086, 94834
50, 5500, 22, 93086, 95337
50, 5510, 22, 92788, 94326
50, 5520, 22, 92697, 92788
50, 5530, 22, 92662, 92697
50, 5540, 22, 92662, 95912
50, 5550, 22, 92607, 93647
50, 5560, 22, 92183, 93321
50, 5570, 22, 92183, 93383
50, 5580, 22, 92183, 93222
50, 5590, 22, 92183, 92719
50, 5600, 22, 92183, 94017
50, 5610, 22, 91737, 94606
50, 5620, 22, 91737, 92550
50, 5630, 22, 91671, 91737
50, 5640, 22, 91623, 92371
50, 5650, 22, 91608, 92568
50, 5660, 22, 91608, 92797
50, 5670, 22, 91544, 91608
50, 5680, 22, 91544, 94734
50, 5690, 22, 91411, 92360
50, 5700, 22, 91411, 93292
50, 5710, 22, 91411, 91832
50, 5720, 22, 91223, 93523
50, 5730, 22, 91182, 92174
50, 5740, 22, 90902, 93936
50, 5750, 22, 90879, 90879
50, 5760, 22, 90879, 92798
50, 5770, 22, 90879, 93495
50, 5780, 22, 90675, 91195
50, 5790, 22, 90317, 91756
50, 5800, 22, 90317, 92405
50, 5810, 22, 90021, 90538
50, 5820, 22, 90021, 90310
50, 5830, 22, 89950, 91563
50, 5840, 22, 89791, 90382
50, 5850, 22, 89735, 93642
50, 5860, 22, 89716, 89918
50, 5870, 22, 89657, 90398
50, 5880, 22, 89608, 90723
50, 5890, 22, 89554, 89554
50, 5900, 22, 89554, 91414
50, 5910, 22, 89554, 91323
50, 5920, 22, 89474, 89554
50, 5930, 22, 89474, 91874
50, 5940, 22, 89474, 89474
50, 5950, 22, 89474, 90033
50, 5960, 22, 89457, 89474
50, 5970, 22, 89025, 89025
50, 5980, 22, 88971, 89998
50, 5990, 22, 88796, 90336
50, 6000, 22, 88796, 91991
50, 6010, 22, 88703, 88796
50, 6020, 22, 88623, 89422
50, 6030, 22, 88583, 89459
50, 6040, 22, 88555, 90278
50, 6050, 22, 88555, 89062
50, 6060, 22, 88522, 89031
50, 6070, 22, 88522, 88522
50, 6080, 22, 88490, 89329
50, 6090, 22, 88490, 90472
50, 6100, 22, 88374, 89679
50, 6110, 22, 88308, 88374
50, 6120, 22, 88256, 91034
50, 6130, 22, 88256, 88628
50, 6140, 22, 88256, 89050
50, 6150, 22, 88256, 89881
50, 6160, 22, 88256, 88256
50, 6170, 22, 88256, 89580
50, 6180, 22, 88256, 88312
50, 6190, 22, 88145, 89808
50, 6200, 22, 88048, 88145
50, 6210, 22, 87846, 88048
50, 6220, 22, 87846, 90810
50, 6230, 22, 87846, 89603
50, 6240, 22, 87846, 89603
50, 6250, 22, 87846, 89327
50, 6260, 22, 87814, 88554
50, 6270, 22, 87771, 89595
50, 6280, 22, 87771, 87771
50, 6290, 22, 87771, 88668
50, 6300, 22, 87771, 89126
50, 6310, 22, 87771, 90856
50, 6320, 22, 87711, 87877
50, 6330, 22, 87547, 88007
50, 6340, 22, 87547, 88140
50, 6350, 22, 87547, 89190
50, 6360, 22, 87547, 88966
50, 6370, 22, 87547, 89978
50, 6380, 22, 87547, 90488
50, 6390, 22, 87519, 88478
50, 6400, 22, 87492, 87824
50, 6410, 22, 87492, 88825
50, 6420, 22, 87492, 89871
50, 6430, 22, 87492, 88780
50, 6440, 22, 87389, 87492
50, 6450, 22, 87389, 89806
50, 6460, 22, 87161, 89982
50, 6470, 22, 87161, 87161
50, 6480, 22, 87161, 90112
50, 6490, 22, 87020, 87536
50, 6500, 22, 87020, 87020
50, 6510, 22, 86910, 87502
50, 6520, 22, 86910, 86910
50, 6530, 22, 86910, 88411
50, 6540, 22, 86910, 87422
50, 6550, 22, 86910, 89141
50, 6560, 22, 86672, 86672
50, 6570, 22, 86672, 86855
50, 6580, 22, 86330, 86672
50, 6590, 22, 86330, 86330
50, 6600, 22, 86290, 88510
50, 6610, 22, 86061, 87431
50, 6620, 22, 85884, 88456
50, 6630, 22, 85884, 86030
50, 6640, 22, 85856, 88204
50, 6650, 22, 85757, 87821
50, 6660, 22, 85757, 86714
50, 6670, 22, 85757, 86952
50, 6680, 22, 85757, 85757
50, 6690, 22, 85757, 87254
50, 6700, 22, 85676, 86460
50, 6710, 22, 85535, 88259
50, 6720, 22, 85535, 86428
50, 6730, 22, 85535, 85535
50, 6740, 22, 85535, 87117
50, 6750, 22, 85535, 88629
50, 6760, 22, 85535, 85911
50, 6770, 22, 85492, 86552
50, 6780, 22, 85492, 86369
50, 6790, 22, 85292, 85492
50, 6800, 22, 85292, 86056
50, 6810, 22, 85245, 85245
50, 6820, 22, 85024, 86956
50, 6830, 22, 85024, 85774
50, 6840, 22, 85024, 86564
50, 6850, 22, 85024, 87298
50, 6860, 22, 84930, 87030
50, 6870, 22, 84930, 86638
50, 6880, 22, 84922, 87272
50, 6890, 22, 84922, 84922
50, 6900, 22, 84853, 85321
50, 6910, 22, 84853, 84853
50, 6920, 22, 84853, 85677
50, 6930, 22, 84416, 84576
50, 6940, 22, 84416, 85961
50, 6950, 22, 84416, 84416
50, 6960, 22, 84265, 85496
50, 6970, 22, 84265, 84265
50, 6980, 22, 83950, 85720
50, 6990, 22, 83950, 86411
50, 7000, 22, 83950, 84915
50, 7010, 22, 83950, 84619
50, 7020, 22, 83950, 85546
50, 7030, 22, 83804, 83950
50, 7040, 22, 83804, 83804
50, 7050, 22, 83804, 85073
50, 7060, 22, 83804, 85313
50, 7070, 22, 83761, 83761
50, 7080, 22, 83549, 84112
50, 7090, 22, 83342, 83666
50, 7100, 22, 83342, 84540
50, 7110, 22, 83028, 83342
50, 7120, 22, 83028, 83544
50, 7130, 22, 83028, 84601
50, 7140, 22, 83028, 84662
50, 7150, 22, 83028, 83828
50, 7160, 22, 82988, 83028
50, 7170, 22, 82729, 84221
50, 7180, 22, 82729, 82729
50, 7190, 22, 82657, 82729
50, 7200, 22, 82541, 85227
50, 7210, 22, 82402, 82799
50, 7220, 22, 82402, 83095
50, 7230, 22, 82361, 82793
50, 7240, 22, 82361, 83564
50, 7250, 22, 82361, 83071
50, 7260, 22, 82250, 84035
50, 7270, 22, 82250, 84410
50, 7280, 22, 82193, 83776
50, 7290, 22, 82175, 82193
50, 7300, 22, 82175, 82175
50, 7310, 22, 82175, 84049
50, 7320, 22, 82175, 84144
50, 7330, 22, 82175, 82175
50, 7340, 22, 82092, 85092
50, 7350, 22, 82092, 82888
50, 7360, 22, 81920, 84331
50, 7370, 22, 81920, 82496
50, 7380, 22, 81920, 83192
50, 7390, 22, 81920, 83778
50, 7400, 22, 81920, 83524
50, 7410, 22, 81920, 81920
50, 7420, 22, 81920, 81944
50, 7430, 22, 81920, 81920
50, 7440, 22, 81920, 83567
50, 7450, 22, 81920, 82782
50, 7460, 22, 81920, 81920
50, 7470, 22, 81920, 86134
50, 7480, 22, 81920, 83743
50, 7490, 22, 81882, 82924
50, 7500, 22, 81882, 85054
50, 7510, 22, 81842, 83891
50, 7520, 22, 81842, 81842
50, 7530, 22, 81842, 83465
50, 7540, 22, 81842, 83059
50, 7550, 22, 81842, 81842
50, 7560, 22, 81691, 81842
50, 7570, 22, 81691, 82878
50, 7580, 22, 81537, 83397
50, 7590, 22, 81537, 82342
50, 7600, 22, 81537, 81537
50, 7610, 22, 81537, 83089
50, 7620, 22, 81537, 81537
50, 7630, 22, 81469, 84760
50, 7640, 22, 81148, 81908
50, 7650, 22, 81083, 82948
50, 7660, 22, 81083, 81083
50, 7670, 22, 81083, 81866
50, 7680, 22, 80975, 83742
50, 7690, 22, 80975, 82549
50, 7700, 22, 80975, 80975
50, 7710, 22, 80975, 81793
50, 7720, 22, 80975, 83249
50, 7730, 22, 80883, 80975
50, 7740, 22, 80883, 81568
50, 7750, 22, 80800, 82718
50, 7760, 22, 80800, 81991
50, 7770, 22, 80782, 81402
50, 7780, 22, 80612, 81009
50, 7790, 22, 80612, 80612
50, 7800, 22, 80612, 80612
50, 7810, 22, 80612, 80612
50, 7820, 22, 80612, 82313
50, 7830, 22, 80612, 83492
50, 7840, 22, 80612, 81916
50, 7850, 22, 80612, 81828
50, 7860, 22, 80612, 82200
50, 7870, 22, 80612, 80612
50, 7880, 22, 80555, 80555
50, 7890, 22, 80555, 81238
50, 7900, 22, 80555, 80709
50, 7910, 22, 80555, 81177
50, 7920, 22, 80472, 80472
50, 7930, 22, 80472, 82196
50, 7940, 22, 80472, 80472
50, 7950, 22, 80472, 81503
50, 7960, 22, 80472, 80988
50, 7970, 22, 80472, 80472
50, 7980, 22, 80472, 80472
50, 7990, 22, 80472, 81872
50, 8000, 22, 80472, 81930
50, 8010, 22, 80435, 81400
50, 8020, 22, 80435, 80435
50, 8030, 22, 80435, 80435
50, 8040, 22, 80435, 80435
50, 8050, 22, 80435, 80435
50, 8060, 22, 80260, 80435
50, 8070, 22, 80101, 81531
50, 8080, 22, 80101, 81969
50, 8090, 22, 79986, 80101
50, 8100, 22, 79986, 80428
50, 8110, 22, 79986, 79986
50, 8120, 22, 79986, 79986
50, 8130, 22, 79986, 79986
50, 8140, 22, 79986, 79986
50, 8150, 22, 79695, 81421
50, 8160, 22, 79666, 79695
50, 8170, 22, 79388, 81162
50, 8180, 22, 79388, 81229
50, 8190, 22, 79280, 82098
50, 8200, 22, 79280, 80352
50, 8210, 22, 79280, 79484
50, 8220, 22, 79280, 81244
50, 8230, 22, 79280, 79280
50, 8240, 22, 79280, 81272
50, 8250, 22, 79262, 81279
50, 8260, 22, 79262, 80056
50, 8270, 22, 79156, 79730
50, 8280, 22, 79099, 80114
50, 8290, 22, 78949, 79252
50, 8300, 22, 78949, 79966
50, 8310, 22, 78949, 78949
50, 8320, 22, 78949, 78949
50, 8330, 22, 78849, 78949
50, 8340, 22, 78849, 81257
50, 8350, 22, 78849, 81502
50, 8360, 22, 78783, 79678
50, 8370, 22, 78652, 80372
50, 8380, 22, 78528, 78652
50, 8390, 22, 78528, 78528
50, 8400, 22, 78528, 79637
50, 8410, 22, 78528, 78528
50, 8420, 22, 78528, 78528
50, 8430, 22, 78528, 81030
50, 8440, 22, 78528, 78528
50, 8450, 22, 78528, 78917
50, 8460, 22, 78237, 78528
50, 8470, 22, 78237, 78745
50, 8480, 22, 78237, 78647
50, 8490, 22, 78237, 78237
50, 8500, 22, 78237, 79544
50, 8510, 22, 78237, 80126
50, 8520, 22, 78237, 78237
50, 8530, 22, 77941, 77972
50, 8540, 22, 77900, 78953
50, 8550, 22, 77900, 81543
50, 8560, 22, 77900, 81132
50, 8570, 22, 77700, 79583
50, 8580, 22, 77600, 77700
50, 8590, 22, 77600, 77600
50, 8600, 22, 77600, 77600
50, 8610, 22, 77582, 77600
50, 8620, 22, 77582, 78614
50, 8630, 22, 77443, 77582
50, 8640, 22, 77443, 77443
50, 8650, 22, 77443, 77443
50, 8660, 22, 77170, 77443
50, 8670, 22, 77170, 79011
50, 8680, 22, 77116, 79070
50, 8690, 22, 77116, 77116
50, 8700, 22, 76933, 77116
50, 8710, 22, 76933, 76933
50, 8720, 22, 76933, 76933
50, 8730, 22, 76933, 76933
50, 8740, 22, 76836, 78629
50, 8750, 22, 76521, 76521
50, 8760, 22, 76480, 78479
50, 8770, 22, 76480, 76480
50, 8780, 22, 76439, 77302
50, 8790, 22, 76354, 76354
50, 8800, 22, 76354, 76354
50, 8810, 22, 76189, 76315
50, 8820, 22, 76140, 76189
50, 8830, 22, 76140, 76140
50, 8840, 22, 76120, 76652
50, 8850, 22, 75945, 76120
50, 8860, 22, 75834, 77561
50, 8870, 22, 75834, 77340
50, 8880, 22, 75834, 75834
50, 8890, 22, 75759, 76259
50, 8900, 22, 75759, 78028
50, 8910, 22, 75759, 76076
50, 8920, 22, 75559, 75759
50, 8930, 22, 75559, 75559
50, 8940, 22, 75559, 75559
50, 8950, 22, 75500, 75559
50, 8960, 22, 75500, 75500
50, 8970, 22, 75500, 76509
50, 8980, 22, 75500, 75500
50, 8990, 22, 75500, 75500
50, 9000, 22, 75500, 75500
50, 9010, 22, 75500, 75500
50, 9020, 22, 75416, 76113
50, 9030, 22, 75416, 75416
50, 9040, 22, 75416, 75890
50, 9050, 22, 75416, 77375
50, 9060, 22, 75416, 75416
50, 9070, 22, 75416, 76400
50, 9080, 22, 75416, 75416
50, 9090, 22, 75416, 76000
50, 9100, 22, 75416, 75416
50, 9110, 22, 75301, 75301
50, 9120, 22, 75301, 75301
50, 9130, 22, 75301, 75301
50, 9140, 22, 75301, 75301
50, 9150, 22, 75262, 76731
50, 9160, 22, 75262, 75262
50, 9170, 22, 75262, 75262
50, 9180, 22, 75253, 75262
50, 9190, 22, 75253, 76073
50, 9200, 22, 75246, 75253
50, 9210, 22, 75246, 75246
50, 9220, 22, 75127, 75133
50, 9230, 22, 75127, 75127
50, 9240, 22, 75127, 75127
50, 9250, 22, 75127, 75127
50, 9260, 22, 75127, 75127
50, 9270, 22, 75044, 75044
50, 9280, 22, 75044, 75044
50, 9290, 22, 74989, 74989
50, 9300, 22, 74670, 74670
50, 9310, 22, 74670, 76415
50, 9320, 22, 74670, 74670
50, 9330, 22, 74670, 74670
50, 9340, 22, 74670, 74670
50, 9350, 22, 74670, 74670
50, 9360, 22, 74602, 74670
50, 9370, 22, 74602, 74602
50, 9380, 22, 74602, 74602
50, 9390, 22, 74602, 74602
50, 9400, 22, 74602, 74602
50, 9410, 22, 74602, 77595
50, 9420, 22, 74602, 75531
50, 9430, 22, 74590, 74602
50, 9440, 22, 74572, 74572
50, 9450, 22, 74572, 76735
50, 9460, 22, 74551, 75485
50, 9470, 22, 74410, 74410
50, 9480, 22, 74410, 75113
50, 9490, 22, 74410, 74410
50, 9500, 22, 74410, 74652
50, 9510, 22, 74380, 74571
50, 9520, 22, 74380, 74380
50, 9530, 22, 74380, 75187
50, 9540, 22, 74380, 74380
50, 9550, 22, 74380, 74380
50, 9560, 22, 74264, 74264
50, 9570, 22, 74264, 74899
50, 9580, 22, 74264, 75090
50, 9590, 22, 74264, 74264
50, 9600, 22, 74264, 76509
50, 9610, 22, 74264, 76614
50, 9620, 22, 74264, 74264
50, 9630, 22, 74264, 74833
50, 9640, 22, 74264, 76581
50, 9650, 22, 74264, 74515
50, 9660, 22, 74264, 75889
50, 9670, 22, 74264, 74264
50, 9680, 22, 74264, 74935
50, 9690, 22, 74264, 74264
50, 9700, 22, 74246, 76240
50, 9710, 22, 74246, 74246
50, 9720, 22, 74246, 75439
50, 9730, 22, 74246, 74246
50, 9740, 22, 74246, 74246
50, 9750, 22, 74129, 74246
50, 9760, 22, 74129, 74129
50, 9770, 22, 74129, 76275
50, 9780, 22, 74046, 74046
50, 9790, 22, 74046, 74046
50, 9800, 22, 74012, 74046
50, 9810, 22, 74012, 74012
50, 9820, 22, 74012, 74012
50, 9830, 22, 74012, 74012
50, 9840, 22, 74012, 74012
50, 9850, 22, 74012, 74012
50, 9860, 22, 73922, 73994
50, 9870, 22, 73732, 74622
50, 9880, 22, 73732, 73732
50, 9890, 22, 73732, 73732
50, 9900, 22, 73732, 73732
50, 9910, 22, 73732, 73732
50, 9920, 22, 73693, 73732
50, 9930, 22, 73693, 73693
50, 9940, 22, 73655, 73693
50, 9950, 22, 73655, 73655
50, 9960, 22, 73655, 75196
50, 9970, 22, 73655, 73655
50, 9980, 22, 73613, 73655
50, 9990, 22, 73613, 73613
50, 10000, 22, 73613, 73613
50, 10010, 22, 73613, 73613
50, 10020, 22, 73412, 74914
50, 10030, 22, 73394, 73412
50, 10040, 22, 73394, 75148
50, 10050, 22, 73394, 73394
50, 10060, 22, 73394, 73657
50, 10070, 22, 73394, 75337
50, 10080, 22, 73379, 73394
50, 10090, 22, 73379, 73379
50, 10100, 22, 73379, 75221
50, 10110, 22, 73379, 73379
50, 10120, 22, 73379, 73379
50, 10130, 22, 73338, 73379
50, 10140, 22, 73262, 73262
50, 10150, 22, 73246, 73674
50, 10160, 22, 73246, 73364
50, 10170, 22, 73246, 73246
50, 10180, 22, 73246, 73246
50, 10190, 22, 73246, 73246
50, 10200, 22, 73246, 74975
50, 10210, 22, 73246, 74248
50, 10220, 22, 73246, 73246
50, 10230, 22, 73124, 73934
50, 10240, 22, 73105, 73124
50, 10250, 22, 73105, 73105
50, 10260, 22, 73073, 73105
50, 10270, 22, 73073, 73073
50, 10280, 22, 73073, 73073
50, 10290, 22, 73073, 73073
50, 10300, 22, 73073, 73073
50, 10310, 22, 73073, 73073
50, 10320, 22, 73073, 73073
50, 10330, 22, 73073, 73073
50, 10340, 22, 73073, 73073
50, 10350, 22, 73073, 73609
50, 10360, 22, 72950, 73073
50, 10370, 22, 72712, 72712
50, 10380, 22, 72689, 72689
50, 10390, 22, 72689, 72689
50, 10400, 22, 72689, 72689
50, 10410, 22, 72663, 74560
50, 10420, 22, 72663, 72663
50, 10430, 22, 72663, 72663
50, 10440, 22, 72663, 72663
50, 10450, 22, 72552, 73573
50, 10460, 22, 72428, 72552
50, 10470, 22, 72396, 72396
50, 10480, 22, 72396, 74022
50, 10490, 22, 72172, 73759
50, 10500, 22, 72172, 72172
50, 10510, 22, 72172, 72172
50, 10520, 22, 72172, 72172
50, 10530, 22, 72172, 72172
50, 10540, 22, 72172, 72172
50, 10550, 22, 72172, 72172
50, 10560, 22, 72113, 72172
50, 10570, 22, 72113, 72113
50, 10580, 22, 72113, 72113
50, 10590, 22, 72113, 72113
50, 10600, 22, 72113, 72113
50, 10610, 22, 72096, 72113
50, 10620, 22, 72096, 72096
50, 10630, 22, 72096, 72096
50, 10640, 22, 72096, 72096
50, 10650, 22, 72096, 72096
50, 10660, 22, 72022, 73856
50, 10670, 22, 72022, 73175
50, 10680, 22, 71922, 72022
50, 10690, 22, 71922, 71922
50, 10700, 22, 71922, 72421
50, 10710, 22, 71922, 71922
50, 10720, 22, 71922, 71922
50, 10730, 22, 71922, 71922
50, 10740, 22, 71922, 71922
50, 10750, 22, 71922, 74061
50, 10760, 22, 71922, 72299
50, 10770, 22, 71722, 73125
50, 10780, 22, 71604, 71924
50, 10790, 22, 71604, 72178
50, 10800, 22, 71604, 71604
50, 10810, 22, 71604, 71604
50, 10820, 22, 71494, 71604
50, 10830, 22, 71494, 71494
50, 10840, 22, 71494, 71494
50, 10850, 22, 71494, 71494
50, 10860, 22, 71494, 71494
50, 10870, 22, 71494, 71494
50, 10880, 22, 71494, 71494
50, 10890, 22, 71494, 71494
50, 10900, 22, 71467, 71494
50, 10910, 22, 71408, 71408
50, 10920, 22, 71408, 71408
50, 10930, 22, 71408, 71408
50, 10940, 22, 71408, 71408
50, 10950, 22, 71405, 71405
50, 10960, 22, 71405, 71405
50, 10970, 22, 71405, 71405
50, 10980, 22, 71405, 71405
50, 10990, 22, 71405, 71405
50, 11000, 22, 71405, 71405
50, 11010, 22, 71223, 71405
50, 11020, 22, 71114, 72057
50, 11030, 22, 71114, 71114
50, 11040, 22, 71114, 71114
50, 11050, 22, 71114, 71114
50, 11060, 22, 71114, 71114
50, 11070, 22, 71114, 72660
50, 11080, 22, 71114, 73500
50, 11090, 22, 71114, 71114
50, 11100, 22, 71114, 71631
50, 11110, 22, 71114, 71114
50, 11120, 22, 71114, 71114
50, 11130, 22, 71114, 71114
50, 11140, 22, 71114, 71114
50, 11150, 22, 71114, 71114
50, 11160, 22, 71114, 71114
50, 11170, 22, 71114, 71114
50, 11180, 22, 71114, 72305
50, 11190, 22, 71114, 71114
50, 11200, 22, 71114, 71114
50, 11210, 22, 71114, 73464
50, 11220, 22, 71114, 71114
50, 11230, 22, 71114, 71114
50, 11240, 22, 71114, 71114
50, 11250, 22, 71114, 71114
50, 11260, 22, 71073, 71073
50, 11270, 22, 71073, 71073
50, 11280, 22, 71058, 71073
50, 11290, 22, 70999, 70999
50, 11300, 22, 70984, 70984
50, 11310, 22, 70984, 70984
50, 11320, 22, 70984, 70984
50, 11330, 22, 70984, 70984
50, 11340, 22, 70984, 70984
50, 11350, 22, 70984, 72090
50, 11360, 22, 70984, 75280
50, 11370, 22, 70984, 70984
50, 11380, 22, 70984, 70984
50, 11390, 22, 70857, 70984
50, 11400, 22, 70857, 70857
50, 11410, 22, 70700, 70857
50, 11420, 22, 70700, 70700
50, 11430, 22, 70700, 70700
50, 11440, 22, 70700, 70700
50, 11450, 22, 70700, 70700
50, 11460, 22, 70647, 70700
50, 11470, 22, 70647, 70647
50, 11480, 22, 70647, 70647
50, 11490, 22, 70647, 70647
50, 11500, 22, 70647, 70647
50, 11510, 22, 70226, 70647
50, 11520, 22, 70226, 71498
50, 11530, 22, 70226, 70226
50, 11540, 22, 70226, 70226
50, 11550, 22, 70226, 70226
50, 11560, 22, 70226, 70226
50, 11570, 22, 70226, 70226
50, 11580, 22, 70226, 71558
50, 11590, 22, 70226, 72589
50, 11600, 22, 70226, 70226
50, 11610, 22, 70226, 70226
50, 11620, 22, 70226, 70226
50, 11630, 22, 70219, 71218
50, 11640, 22, 70219, 70219
50, 11650, 22, 70219, 70219
50, 11660, 22, 70219, 70219
50, 11670, 22, 70219, 71014
50, 11680, 22, 70219, 70219
50, 11690, 22, 70189, 70189
50, 11700, 22, 70189, 70189
50, 11710, 22, 70189, 70189
50, 11720, 22, 70189, 70189
50, 11730, 22, 70189, 70189
50, 11740, 22, 70189, 70189
50, 11750, 22, 70189, 70189
50, 11760, 22, 70189, 70189
50, 11770, 22, 70189, 72011
50, 11780, 22, 70189, 72293
50, 11790, 22, 69986, 70004
50, 11800, 22, 69609, 69986
50, 11810, 22, 69320, 69320
50, 11820, 22, 69240, 69320
50, 11830, 22, 69240, 69240
50, 11840, 22, 69240, 69240
50, 11850, 22, 69240, 69240
50, 11860, 22, 69240, 69240
50, 11870, 22, 69240, 69240
50, 11880, 22, 69240, 69240
50, 11890, 22, 69240, 69240
50, 11900, 22, 69240, 69240
50, 11910, 22, 69240, 69240
50, 11920, 22, 69240, 69240
50, 11930, 22, 69240, 69240
50, 11940, 22, 69240, 69240
50, 11950, 22, 69240, 69240
50, 11960, 22, 69240, 69240
50, 11970, 22, 69240, 71132
50, 11980, 22, 69240, 69240
50, 11990, 22, 69240, 71347
50, 12000, 22, 69240, 69240
50, 12010, 22, 69240, 69240
50, 12020, 22, 69110, 69240
50, 12030, 22, 69012, 69012
50, 12040, 22, 69012, 69012
50, 12050, 22, 68929, 68929
50, 12060, 22, 68929, 68929
50, 12070, 22, 68929, 68929
50, 12080, 22, 68929, 68929
50, 12090, 22, 68929, 68929
50, 12100, 22, 68929, 68929
50, 12110, 22, 68929, 68929
50, 12120, 22, 68929, 68929
50, 12130, 22, 68929, 68929
50, 12140, 22, 68906, 68929
50, 12150, 22, 68598, 68963
50, 12160, 22, 68598, 69843
50, 12170, 22, 68398, 68598
50, 12180, 22, 68398, 68398
50, 12190, 22, 68398, 68398
50, 12200, 22, 68398, 68398
50, 12210, 22, 68398, 68398
50, 12220, 22, 68398, 68398
50, 12230, 22, 68398, 68398
50, 12240, 22, 68398, 68398
50, 12250, 22, 68398, 68398
50, 12260, 22, 68398, 68398
50, 12270, 22, 68398, 68398
50, 12280, 22, 68363, 68398
50, 12290, 22, 68300, 68486
50, 12300, 22, 68300, 68300
50, 12310, 22, 68300, 68300
50, 12320, 22, 68300, 68300
50, 12330, 22, 68300, 68300
50, 12340, 22, 68300, 68300
50, 12350, 22, 68300, 68300
50, 12360, 22, 68300, 68300
50, 12370, 22, 68300, 68300
50, 12380, 22, 68300, 68300
50, 12390, 22, 68300, 68300
50, 12400, 22, 68295, 68300
50, 12410, 22, 68157, 68295
50, 12420, 22, 68157, 68157
50, 12430, 22, 68098, 68157
50, 12440, 22, 68098, 68098
50, 12450, 22, 68098, 68098
50, 12460, 22, 68098, 68098
50, 12470, 22, 68098, 68098
50, 12480, 22, 68098, 69670
50, 12490, 22, 68098, 68098
50, 12500, 22, 68098, 68098
50, 12510, 22, 68098, 68098
50, 12520, 22, 68098, 68098
50, 12530, 22, 68098, 68098
50, 12540, 22, 68093, 68098
50, 12550, 22, 68004, 68087
50, 12560, 22, 68004, 68004
50, 12570, 22, 68004, 68004
50, 12580, 22, 68004, 68004
50, 12590, 22, 68004, 68004
50, 12600, 22, 68004, 68004
50, 12610, 22, 68004, 68004
50, 12620, 22, 67963, 68373
50, 12630, 22, 67963, 67963
50, 12640, 22, 67871, 67963
50, 12650, 22, 67871, 67871
50, 12660, 22, 67871, 67871
50, 12670, 22, 67871, 67871
50, 12680, 22, 67871, 67871
50, 12690, 22, 67871, 67871
50, 12700, 22, 67871, 67871
50, 12710, 22, 67871, 67871
50, 12720, 22, 67871, 67871
50, 12730, 22, 67871, 67871
50, 12740, 22, 67871, 67871
50, 12750, 22, 67871, 67871
50, 12760, 22, 67661, 67871
50, 12770, 22, 67661, 68310
50, 12780, 22, 67661, 67661
50, 12790, 22, 67661, 67661
50, 12800, 22, 67661, 67661
50, 12810, 22, 67661, 67661
50, 12820, 22, 67661, 67661
50, 12830, 22, 67661, 67661
50, 12840, 22, 67461, 67661
50, 12850, 22, 67461, 67461
50, 12860, 22, 67396, 68151
50, 12870, 22, 67396, 68902
50, 12880, 22, 67396, 67396
50, 12890, 22, 67396, 67396
50, 12900, 22, 67396, 67396
50, 12910, 22, 67396, 67396
50, 12920, 22, 67396, 67396
50, 12930, 22, 67396, 67396
50, 12940, 22, 67396, 67396
50, 12950, 22, 67396, 67396
50, 12960, 22, 67364, 67396
50, 12970, 22, 67364, 67364
50, 12980, 22, 67364, 67364
50, 12990, 22, 67364, 67364
50, 13000, 22, 67364, 67364
50, 13010, 22, 67364, 67364
50, 13020, 22, 67364, 67364
50, 13030, 22, 67364, 67364
50, 13040, 22, 67364, 67364
50, 13050, 22, 67364, 67364
50, 13060, 22, 67364, 67364
50, 13070, 22, 67364, 67364
50, 13080, 22, 67241, 67241
50, 13090, 22, 67241, 67241
50, 13100, 22, 67241, 67241
50, 13110, 22, 67241, 67241
50, 13120, 22, 67241, 67241
50, 13130, 22, 67241, 67241
50, 13140, 22, 67241, 67241
50, 13150, 22, 67241, 67241
50, 13160, 22, 67241, 67241
50, 13170, 22, 67241, 67241
50, 13180, 22, 67241, 67241
50, 13190, 22, 67241, 67241
50, 13200, 22, 67131, 67131
50, 13210, 22, 67131, 69025
50, 13220, 22, 67131, 67131
50, 13230, 22, 67130, 67131
50, 13240, 22, 66906, 67130
50, 13250, 22, 66906, 66906
50, 13260, 22, 66882, 66906
50, 13270, 22, 66882, 66882
50, 13280, 22, 66882, 66882
50, 13290, 22, 66882, 67541
50, 13300, 22, 66882, 66882
50, 13310, 22, 66882, 66882
50, 13320, 22, 66882, 66882
50, 13330, 22, 66882, 66882
50, 13340, 22, 66882, 66882
50, 13350, 22, 66882, 66882
50, 13360, 22, 66866, 66919
50, 13370, 22, 66866, 66866
50, 13380, 22, 66866, 68731
50, 13390, 22, 66866, 66866
50, 13400, 22, 66866, 66866
50, 13410, 22, 66866, 66866
50, 13420, 22, 66866, 66866
50, 13430, 22, 66816, 66866
50, 13440, 22, 66816, 66816
50, 13450, 22, 66816, 66816
50, 13460, 22, 66816, 66816
50, 13470, 22, 66816, 66816
50, 13480, 22, 66816, 66816
50, 13490, 22, 66816, 66816
50, 13500, 22, 66816, 66816
50, 13510, 22, 66816, 66816
50, 13520, 22, 66816, 66816
50, 13530, 22, 66816, 66816
50, 13540, 22, 66806, 66816
50, 13550, 22, 66806, 66806
50, 13560, 22, 66806, 66806
50, 13570, 22, 66787, 66787
50, 13580, 22, 66787, 67358
50, 13590, 22, 66787, 66787
50, 13600, 22, 66787, 66787
50, 13610, 22, 66787, 66787
50, 13620, 22, 66611, 66787
50, 13630, 22, 66611, 66611
50, 13640, 22, 66611, 66611
50, 13650, 22, 66611, 66611
50, 13660, 22, 66611, 66611
50, 13670, 22, 66611, 66611
50, 13680, 22, 66611, 69247
50, 13690, 22, 66611, 66611
50, 13700, 22, 66611, 66611
50, 13710, 22, 66593, 66593
50, 13720, 22, 66593, 67399
50, 13730, 22, 66593, 66593
50, 13740, 22, 66593, 66593
50, 13750, 22, 66593, 66593
50, 13760, 22, 66593, 66593
50, 13770, 22, 66593, 66593
50, 13780, 22, 66593, 66593
50, 13790, 22, 66593, 66593
50, 13800, 22, 66593, 66593
50, 13810, 22, 66593, 66593
50, 13820, 22, 66593, 66593
50, 13830, 22, 66593, 66593
50, 13840, 22, 66593, 66593
50, 13850, 22, 66593, 66593
50, 13860, 22, 66593, 66593
50, 13870, 22, 66593, 66593
50, 13880, 22, 66593, 66593
50, 13890, 22, 66593, 66593
50, 13900, 22, 66593, 66593
50, 13910, 22, 66593, 66593
50, 13920, 22, 66593, 66593
50, 13930, 22, 66593, 66593
50, 13940, 22, 66593, 67051
50, 13950, 22, 66593, 66593
50, 13960, 22, 66593, 66593
50, 13970, 22, 66593, 66593
50, 13980, 22, 66593, 66593
50, 13990, 22, 66593, 66593
50, 14000, 22, 66593, 66593
50, 14010, 22, 66593, 66593
50, 14020, 22, 66533, 66593
50, 14030, 22, 66520, 66520
50, 14040, 22, 66520, 66520
50, 14050, 22, 66520, 66520
50, 14060, 22, 66520, 66520
50, 14070, 22, 66520, 66520
50, 14080, 22, 66520, 66520
50, 14090, 22, 66406, 66520
50, 14100, 22, 66406, 66406
50, 14110, 22, 66406, 66406
50, 14120, 22, 66406, 66406
50, 14130, 22, 66406, 66406
50, 14140, 22, 66406, 66406
50, 14150, 22, 66406, 66406
50, 14160, 22, 66406, 66406
50, 14170, 22, 66406, 66406
50, 14180, 22, 66406, 66406
50, 14190, 22, 66406, 66406
50, 14200, 22, 66406, 66406
50, 14210, 22, 66406, 66406
50, 14220, 22, 66406, 66406
50, 14230, 22, 66344, 66406
50, 14240, 22, 66344, 66344
50, 14250, 22, 66344, 66344
50, 14260, 22, 66210, 66210
50, 14270, 22, 66210, 66210
50, 14280, 22, 66210, 66210
50, 14290, 22, 66010, 66010
50, 14300, 22, 66010, 66010
50, 14310, 22, 66010, 66010
50, 14320, 22, 66010, 66010
50, 14330, 22, 66010, 66010
50, 14340, 22, 66010, 66010
50, 14350, 22, 66010, 66010
50, 14360, 22, 66010, 66010
50, 14370, 22, 66010, 66010
50, 14380, 22, 66010, 66010
50, 14390, 22, 66010, 66010
50, 14400, 22, 66010, 66010
50, 14410, 22, 66010, 66010
50, 14420, 22, 66010, 66010
50, 14430, 22, 66010, 66010
50, 14440, 22, 66010, 66010
50, 14450, 22, 66010, 66010
50, 14460, 22, 66010, 66010
50, 14470, 22, 66010, 66010
50, 14480, 22, 66010, 66010
50, 14490, 22, 65982, 65982
50, 14500, 22, 65982, 65982
50, 14510, 22, 65922, 65922
50, 14520, 22, 65922, 65922
50, 14530, 22, 65922, 65922
50, 14540, 22, 65922, 65922
50, 14550, 22, 65922, 65922
50, 14560, 22, 65922, 65922
50, 14570, 22, 65922, 65922
50, 14580, 22, 65922, 65922
50, 14590, 22, 65922, 65922
50, 14600, 22, 65757, 65922
50, 14610, 22, 65757, 65757
50, 14620, 22, 65757, 65757
50, 14630, 22, 65705, 65757
50, 14640, 22, 65705, 65705
50, 14650, 22, 65705, 65705
50, 14660, 22, 65705, 65705
50, 14670, 22, 65705, 65705
50, 14680, 22, 65705, 65705
50, 14690, 22, 65705, 65705
50, 14700, 22, 65705, 65705
50, 14710, 22, 65705, 65705
50, 14720, 22, 65705, 65705
50, 14730, 22, 65705, 65705
50, 14740, 22, 65705, 65705
50, 14750, 22, 65705, 65705
50, 14760, 22, 65705, 65705
50, 14770, 22, 65660, 65705
50, 14780, 22, 65660, 65660
50, 14790, 22, 65660, 65660
50, 14800, 22, 65660, 65660
50, 14810, 22, 65660, 65660
50, 14820, 22, 65660, 65660
50, 14830, 22, 65660, 65660
50, 14840, 22, 65660, 65660
50, 14850, 22, 65660, 65660
50, 14860, 22, 65660, 65660
50, 14870, 22, 65660, 65660
50, 14880, 22, 65660, 65660
50, 14890, 22, 65660, 65660
50, 14900, 22, 65660, 65660
50, 14910, 22, 65660, 65660
50, 14920, 22, 65660, 65660
50, 14930, 22, 65607, 65660
50, 14940, 22, 65326, 65607
50, 14950, 22, 65326, 65326
50, 14960, 22, 65326, 65326
50, 14970, 22, 65326, 65326
50, 14980, 22, 65326, 65326
50, 14990, 22, 65326, 65326
50, 15000, 22, 65326, 65326
50, 15010, 22, 65326, 65326
50, 15020, 22, 65326, 65326
50, 15030, 22, 65326, 65326
50, 15040, 22, 65326, 65326
50, 15050, 22, 65326, 65326
50, 15060, 22, 65326, 65326
50, 15070, 22, 65326, 65326
50, 15080, 22, 65326, 65326
50, 15090, 22, 65326, 65326
50, 15100, 22, 65326, 65326
50, 15110, 22, 65326, 65326
50, 15120, 22, 65326, 65326
50, 15130, 22, 65326, 65326
50, 15140, 22, 65326, 65326
50, 15150, 22, 65326, 65326
50, 15160, 22, 65326, 65326
50, 15170, 22, 65326, 65326
50, 15180, 22, 65326, 65326
50, 15190, 22, 65326, 65326
50, 15200, 22, 65326, 65326
50, 15210, 22, 65203, 65326
50, 15220, 22, 65203, 65203
50, 15230, 22, 65203, 65203
50, 15240, 22, 65203, 65203
50, 15250, 22, 65203, 65203
50, 15260, 22, 65203, 65203
50, 15270, 22, 65203, 65203
50, 15280, 22, 65203, 65203
50, 15290, 22, 65203, 65203
50, 15300, 22, 65203, 65203
50, 15310, 22, 65203, 65203
50, 15320, 22, 65203, 65203
50, 15330, 22, 65203, 65203
50, 15340, 22, 65203, 65203
50, 15350, 22, 65203, 65203
50, 15360, 22, 65203, 65203
50, 15370, 22, 64915, 64915
50, 15380, 22, 64915, 64915
50, 15390, 22, 64915, 64915
50, 15400, 22, 64915, 64915
50, 15410, 22, 64915, 64915
50, 15420, 22, 64915, 64915
50, 15430, 22, 64915, 64915
50, 15440, 22, 64915, 64915
50, 15450, 22, 64915, 64915
50, 15460, 22, 64915, 64915
50, 15470, 22, 64776, 64776
50, 15480, 22, 64776, 64776
50, 15490, 22, 64776, 64776
50, 15500, 22, 64660, 64660
50, 15510, 22, 64660, 64660
50, 15520, 22, 64660, 64660
50, 15530, 22, 64660, 64660
50, 15540, 22, 64660, 64660
50, 15550, 22, 64612, 64660
50, 15560, 22, 64612, 64612
50, 15570, 22, 64612, 64612
50, 15580, 22, 64568, 64612
50, 15590, 22, 64568, 64568
50, 15600, 22, 64528, 64528
50, 15610, 22, 64528, 64528
50, 15620, 22, 64528, 64528
50, 15630, 22, 64528, 64528
50, 15640, 22, 64528, 64528
50, 15650, 22, 64528, 64528
50, 15660, 22, 64528, 64528
50, 15670, 22, 64528, 64528
50, 15680, 22, 64528, 64528
50, 15690, 22, 64528, 64528
50, 15700, 22, 64528, 64528
50, 15710, 22, 64528, 64528
50, 15720, 22, 64528, 64528
50, 15730, 22, 64528, 64528
50, 15740, 22, 64528, 64528
50, 15750, 22, 64528, 64528
50, 15760, 22, 64528, 64528
50, 15770, 22, 64528, 64528
50, 15780, 22, 64528, 64528
50, 15790, 22, 64528, 64528
50, 15800, 22, 64528, 64528
50, 15810, 22, 64528, 64528
50, 15820, 22, 64528, 64528
50, 15830, 22, 64528, 64528
50, 15840, 22, 64528, 64528
50, 15850, 22, 64528, 64528
50, 15860, 22, 64528, 64528
50, 15870, 22, 64528, 64528
50, 15880, 22, 64506, 64528
50, 15890, 22, 64506, 64506
50, 15900, 22, 64506, 64506
50, 15910, 22, 64506, 64506
50, 15920, 22, 64506, 64506
50, 15930, 22, 64506, 64506
50, 15940, 22, 64506, 64506
50, 15950, 22, 64506, 64506
50, 15960, 22, 64506, 64506
50, 15970, 22, 64488, 64488
50, 15980, 22, 64488, 64488
50, 15990, 22, 64488, 64488
50, 16000, 22, 64485, 64488
50, 16010, 22, 64485, 64485
50, 16020, 22, 64485, 64485
50, 16030, 22, 64485, 64485
50, 16040, 22, 64485, 64485
50, 16050, 22, 64485, 64485
50, 16060, 22, 64047, 64485
50, 16070, 22, 64047, 64047
50, 16080, 22, 64047, 64047
50, 16090, 22, 64047, 64047
50, 16100, 22, 64047, 64047
50, 16110, 22, 64047, 64047
50, 16120, 22, 64047, 64047
50, 16130, 22, 64047, 64047
50, 16140, 22, 64047, 64047
50, 16150, 22, 64047, 64047
50, 16160, 22, 64047, 64047
50, 16170, 22, 64047, 64047
50, 16180, 22, 64047, 64047
50, 16190, 22, 64047, 64047
50, 16200, 22, 64047, 64047
50, 16210, 22, 64047, 64047
50, 16220, 22, 64011, 64047
50, 16230, 22, 63874, 63874
50, 16240, 22, 63874, 63874
50, 16250, 22, 63874, 63874
50, 16260, 22, 63874, 63874
50, 16270, 22, 63843, 63843
50, 16280, 22, 63843, 63843
50, 16290, 22, 63643, 63643
50, 16300, 22, 63643, 63643
50, 16310, 22, 63643, 63643
50, 16320, 22, 63643, 63643
50, 16330, 22, 63643, 63643
50, 16340, 22, 63643, 63643
50, 16350, 22, 63643, 63643
50, 16360, 22, 63643, 63643
50, 16370, 22, 63643, 63643
50, 16380, 22, 63643, 63643
50, 16390, 22, 63643, 63643
50, 16400, 22, 63643, 63643
50, 16410, 22, 63643, 63643
50, 16420, 22, 63626, 63626
50, 16430, 22, 63626, 63626
50, 16440, 22, 63626, 63626
50, 16450, 22, 63626, 63626
50, 16460, 22, 63626, 63626
50, 16470, 22, 63626, 63626
50, 16480, 22, 63626, 63626
50, 16490, 22, 63626, 63626
50, 16500, 22, 63626, 63626
50, 16510, 22, 63626, 63626
50, 16520, 22, 63626, 63626
50, 16530, 22, 63590, 63626
50, 16540, 22, 63590, 63590
50, 16550, 22, 63590, 63590
50, 16560, 22, 63590, 63590
50, 16570, 22, 63590, 63590
50, 16580, 22, 63590, 63590
50, 16590, 22, 63547, 63547
50, 16600, 22, 63547, 63547
50, 16610, 22, 63547, 63547
50, 16620, 22, 63547, 63547
50, 16630, 22, 63547, 63547
50, 16640, 22, 63547, 63547
50, 16650, 22, 63547, 63547
50, 16660, 22, 63547, 63547
50, 16670, 22, 63547, 63547
50, 16680, 22, 63547, 63547
50, 16690, 22, 63547, 63547
50, 16700, 22, 63463, 63463
50, 16710, 22, 63463, 63463
50, 16720, 22, 63463, 63463
50, 16730, 22, 63463, 63463
50, 16740, 22, 63463, 63463
50, 16750, 22, 63463, 63463
50, 16760, 22, 63463, 63463
50, 16770, 22, 63463, 63463
50, 16780, 22, 63463, 63463
50, 16790, 22, 63463, 63463
50, 16800, 22, 63463, 63463
50, 16810, 22, 63463, 63463
50, 16820, 22, 63463, 63463
50, 16830, 22, 63463, 63463
50, 16840, 22, 63463, 63463
50, 16850, 22, 63262, 63262
50, 16860, 22, 63262, 63262
50, 16870, 22, 63262, 63262
50, 16880, 22, 63262, 63262
50, 16890, 22, 63262, 63262
50, 16900, 22, 63262, 63262
50, 16910, 22, 63262, 63262
50, 16920, 22, 63262, 63262
50, 16930, 22, 63262, 63262
50, 16940, 22, 63262, 63262
50, 16950, 22, 63262, 63262
50, 16960, 22, 63262, 63262
50, 16970, 22, 63262, 63262
50, 16980, 22, 63262, 63262
50, 16990, 22, 63262, 63262
50, 17000, 22, 63262, 63262
50, 17010, 22, 63262, 63262
50, 17020, 22, 63262, 63262
50, 17030, 22, 63238, 63262
50, 17040, 22, 63238, 63238
50, 17050, 22, 63238, 63238
50, 17060, 22, 63238, 63238
50, 17070, 22, 63238, 63238
50, 17080, 22, 63238, 63238
50, 17090, 22, 63097, 63238
50, 17100, 22, 63097, 63097
50, 17110, 22, 63097, 63097
50, 17120, 22, 63097, 63097
50, 17130, 22, 63097, 63097
50, 17140, 22, 63097, 63097
50, 17150, 22, 63097, 63097
50, 17160, 22, 63097, 63097
50, 17170, 22, 63097, 63097
50, 17180, 22, 63097, 63097
50, 17190, 22, 63097, 63097
50, 17200, 22, 63097, 63097
50, 17210, 22, 63097, 63097
50, 17220, 22, 63097, 63097
50, 17230, 22, 63097, 63097
50, 17240, 22, 63054, 63097
50, 17250, 22, 63054, 63054
50, 17260, 22, 63054, 63054
50, 17270, 22, 63054, 63054
50, 17280, 22, 63054, 63054
50, 17290, 22, 63054, 63054
50, 17300, 22, 63054, 63054
50, 17310, 22, 63054, 63054
50, 17320, 22, 63054, 63054
50, 17330, 22, 63054, 63054
50, 17340, 22, 63054, 63054
50, 17350, 22, 63054, 63054
50, 17360, 22, 63037, 63037
50, 17370, 22, 63037, 63037
50, 17380, 22, 63037, 63037
50, 17390, 22, 63037, 63037
50, 17400, 22, 63037, 63037
50, 17410, 22, 63037, 63037
50, 17420, 22, 63037, 63037
50, 17430, 22, 63037, 63037
50, 17440, 22, 63037, 63037
50, 17450, 22, 63037, 63037
50, 17460, 22, 62710, 63037
50, 17470, 22, 62710, 62710
50, 17480, 22, 62710, 62710
50, 17490, 22, 62710, 62710
50, 17500, 22, 62710, 62710
50, 17510, 22, 62710, 62710
50, 17520, 22, 62710, 62710
50, 17530, 22, 62710, 62710
50, 17540, 22, 62710, 62710
50, 17550, 22, 62710, 62710
50, 17560, 22, 62710, 62710
50, 17570, 22, 62710, 62710
50, 17580, 22, 62710, 62710
50, 17590, 22, 62710, 62710
50, 17600, 22, 62710, 62710
50, 17610, 22, 62710, 62710
50, 17620, 22, 62710, 62710
50, 17630, 22, 62710, 62710
50, 17640, 22, 62528, 62710
50, 17650, 22, 62528, 62528
50, 17660, 22, 62528, 62528
50, 17670, 22, 62528, 62528
50, 17680, 22, 62412, 62528
50, 17690, 22, 62412, 62412
50, 17700, 22, 62412, 62412
50, 17710, 22, 62412, 62412
50, 17720, 22, 62412, 62412
50, 17730, 22, 62412, 62412
50, 17740, 22, 62412, 62412
50, 17750, 22, 62412, 62412
50, 17760, 22, 62412, 62412
50, 17770, 22, 62412, 62412
50, 17780, 22, 62412, 62412
50, 17790, 22, 62412, 62412
50, 17800, 22, 62412, 62412
50, 17810, 22, 62412, 62412
50, 17820, 22, 62412, 62412
50, 17830, 22, 62412, 62412
50, 17840, 22, 62412, 62412
50, 17850, 22, 62412, 62412
50, 17860, 22, 62412, 62412
50, 17870, 22, 62412, 62412
50, 17880, 22, 62412, 62412
50, 17890, 22, 62412, 62412
50, 17900, 22, 62412, 62412
50, 17910, 22, 62412, 62412
50, 17920, 22, 62412, 62412
50, 17930, 22, 62412, 62412
50, 17940, 22, 62387, 62412
50, 17950, 22, 62387, 62387
50, 17960, 22, 62387, 62387
50, 17970, 22, 62387, 62387
50, 17980, 22, 62387, 62387
50, 17990, 22, 62387, 62387
50, 18000, 22, 62387, 62387
50, 18010, 22, 62387, 62387
50, 18020, 22, 62387, 62387
50, 18030, 22, 62387, 62387
50, 18040, 22, 62387, 62387
50, 18050, 22, 62387, 62387
50, 18060, 22, 62387, 62387
50, 18070, 22, 62387, 62387
50, 18080, 22, 62387, 62387
50, 18090, 22, 62387, 62387
50, 18100, 22, 62387, 62387
50, 18110, 22, 62387, 62387
50, 18120, 22, 62387, 62387
50, 18130, 22, 62387, 62387
50, 18140, 22, 62387, 62387
50, 18150, 22, 62387, 62387
50, 18160, 22, 62387, 62387
50, 18170, 22, 62387, 62387
50, 18180, 22, 62387, 62387
50, 18190, 22, 62387, 62387
50, 18200, 22, 62387, 62387
50, 18210, 22, 62387, 62387
50, 18220, 22, 62387, 62387
50, 18230, 22, 62387, 62387
50, 18240, 22, 62387, 62387
50, 18250, 22, 62264, 62387
50, 18260, 22, 62264, 62264
50, 18270, 22, 62264, 62264
50, 18280, 22, 62264, 62264
50, 18290, 22, 62264, 62264
50, 18300, 22, 62264, 62264
50, 18310, 22, 62264, 62264
50, 18320, 22, 62264, 62264
50, 18330, 22, 62264, 62264
50, 18340, 22, 62264, 62264
50, 18350, 22, 62264, 62264
50, 18360, 22, 62222, 62222
50, 18370, 22, 62222, 62222
50, 18380, 22, 62222, 62222
50, 18390, 22, 62222, 62222
50, 18400, 22, 62222, 62222
50, 18410, 22, 62222, 62222
50, 18420, 22, 62222, 62222
50, 18430, 22, 62222, 62222
50, 18440, 22, 62222, 62222
50, 18450, 22, 62222, 62222
50, 18460, 22, 62222, 62222
50, 18470, 22, 62222, 62222
50, 18480, 22, 62222, 62222
50, 18490, 22, 62222, 62222
50, 18500, 22, 62222, 62222
50, 18510, 22, 62222, 62222
50, 18520, 22, 62222, 62222
50, 18530, 22, 62222, 62222
50, 18540, 22, 62222, 62222
50, 18550, 22, 62212, 62212
50, 18560, 22, 62212, 62212
50, 18570, 22, 62212, 62212
50, 18580, 22, 62212, 62212
50, 18590, 22, 62212, 62212
50, 18600, 22, 62212, 62212
50, 18610, 22, 62212, 62212
50, 18620, 22, 62212, 62212
50, 18630, 22, 62212, 62212
50, 18640, 22, 62212, 62212
50, 18650, 22, 62171, 62171
50, 18660, 22, 62171, 62171
50, 18670, 22, 62171, 62171
50, 18680, 22, 62171, 62171
50, 18690, 22, 62171, 62171
50, 18700, 22, 62171, 62171
50, 18710, 22, 62171, 62171
50, 18720, 22, 62171, 62171
50, 18730, 22, 62171, 62171
50, 18740, 22, 62171, 62171
50, 18750, 22, 62171, 62171
50, 18760, 22, 62165, 62171
50, 18770, 22, 62165, 62165
50, 18780, 22, 62165, 62165
50, 18790, 22, 62165, 62165
50, 18800, 22, 62165, 62165
50, 18810, 22, 62165, 62165
50, 18820, 22, 62165, 62165
50, 18830, 22, 62165, 62165
50, 18840, 22, 62165, 62165
50, 18850, 22, 62165, 62165
50, 18860, 22, 62165, 62165
50, 18870, 22, 62165, 62165
50, 18880, 22, 62165, 62165
50, 18890, 22, 62165, 62165
50, 18900, 22, 62165, 62165
50, 18910, 22, 62165, 62165
50, 18920, 22, 62165, 62165
50, 18930, 22, 62165, 62165
50, 18940, 22, 62165, 62165
50, 18950, 22, 62165, 62165
50, 18960, 22, 62165, 62165
50, 18970, 22, 62165, 62165
50, 18980, 22, 62165, 62165
50, 18990, 22, 62165, 62165
50, 19000, 22, 62165, 62165
50, 19010, 22, 62165, 62165
50, 19020, 22, 62165, 62165
50, 19030, 22, 62165, 62165
50, 19040, 22, 62165, 62165
50, 19050, 22, 62165, 62165
50, 19060, 22, 62165, 62165
50, 19070, 22, 62165, 62165
50, 19080, 22, 62165, 62165
50, 19090, 22, 62165, 62165
50, 19100, 22, 62165, 62165
50, 19110, 22, 62165, 62165
50, 19120, 22, 62165, 62165
50, 19130, 22, 62165, 62165
50, 19140, 22, 62165, 62165
50, 19150, 22, 62165, 62165
50, 19160, 22, 62165, 62165
50, 19170, 22, 62165, 62165
50, 19180, 22, 62165, 62165
50, 19190, 22, 62165, 62165
50, 19200, 22, 62165, 62165
50, 19210, 22, 62165, 62165
50, 19220, 22, 62165, 62165
50, 19230, 22, 62157, 62165
50, 19240, 22, 62157, 62157
50, 19250, 22, 62157, 62157
50, 19260, 22, 61992, 62157
50, 19270, 22, 61960, 61992
50, 19280, 22, 61960, 61960
50, 19290, 22, 61960, 61960
50, 19300, 22, 61960, 61960
50, 19310, 22, 61960, 61960
50, 19320, 22, 61953, 61953
50, 19330, 22, 61953, 61953
50, 19340, 22, 61953, 61953
50, 19350, 22, 61953, 61953
50, 19360, 22, 61953, 61953
50, 19370, 22, 61953, 61953
50, 19380, 22, 61953, 61953
50, 19390, 22, 61953, 61953
50, 19400, 22, 61953, 61953
50, 19410, 22, 61953, 61953
50, 19420, 22, 61953, 61953
50, 19430, 22, 61953, 61953
50, 19440, 22, 61953, 61953
50, 19450, 22, 61953, 61953
50, 19460, 22, 61953, 61953
50, 19470, 22, 61953, 61953
50, 19480, 22, 61953, 61953
50, 19490, 22, 61953, 61953
50, 19500, 22, 61953, 61953
50, 19510, 22, 61953, 61953
50, 19520, 22, 61953, 61953
50, 19530, 22, 61953, 61953
50, 19540, 22, 61953, 61953
50, 19550, 22, 61953, 61953
50, 19560, 22, 61953, 61953
50, 19570, 22, 61953, 61953
50, 19580, 22, 61953, 61953
50, 19590, 22, 61953, 61953
50, 19600, 22, 61953, 61953
50, 19610, 22, 61953, 61953
50, 19620, 22, 61953, 61953
50, 19630, 22, 61953, 61953
50, 19640, 22, 61953, 61953
50, 19650, 22, 61953, 61953
50, 19660, 22, 61953, 61953
50, 19670, 22, 61953, 61953
50, 19680, 22, 61953, 61953
50, 19690, 22, 61953, 61953
50, 19700, 22, 61953, 61953
50, 19710, 22, 61953, 61953
50, 19720, 22, 61953, 61953
50, 19730, 22, 61953, 61953
50, 19740, 22, 61953, 61953
50, 19750, 22, 61953, 61953
50, 19760, 22, 61953, 61953
50, 19770, 22, 61953, 61953
50, 19780, 22, 61953, 61953
50, 19790, 22, 61953, 61953
50, 19800, 22, 61953, 61953
50, 19810, 22, 61953, 61953
50, 19820, 22, 61953, 61953
50, 19830, 22, 61953, 61953
50, 19840, 22, 61953, 61953
50, 19850, 22, 61953, 61953
50, 19860, 22, 61953, 61953
50, 19870, 22, 61953, 61953
50, 19880, 22, 61953, 61953
50, 19890, 22, 61953, 61953
50, 19900, 22, 61953, 61953
50, 19910, 22, 61953, 61953
50, 19920, 22, 61953, 61953
50, 19930, 22, 61953, 61953
50, 19940, 22, 61953, 61953
50, 19950, 22, 61953, 61953
50, 19960, 22, 61953, 61953
50, 19970, 22, 61953, 61953
50, 19980, 22, 61953, 61953
50, 19990, 22, 61953, 61953
