Population Size, Generation Count, Repetition, Best Fitness, Median Fitness
50, 0, 14, 718461, 766156
50, 10, 14, 689677, 699197
50, 20, 14, 664293, 676506
50, 30, 14, 640492, 649438
50, 40, 14, 616008, 632677
50, 50, 14, 601538, 608262
50, 60, 14, 585870, 592771
50, 70, 14, 571824, 575365
50, 80, 14, 559628, 568294
50, 90, 14, 548674, 556973
50, 100, 14, 533196, 542455
50, 110, 14, 524835, 528430
50, 120, 14, 514478, 522281
50, 130, 14, 502424, 509438
50, 140, 14, 490891, 499063
50, 150, 14, 484817, 489979
50, 160, 14, 477535, 483051
50, 170, 14, 470441, 473537
50, 180, 14, 463331, 466839
50, 190, 14, 457081, 462196
50, 200, 14, 451929, 456570
50, 210, 14, 441683, 449901
50, 220, 14, 436135, 439650
50, 230, 14, 432357, 435028
50, 240, 14, 426939, 430074
50, 250, 14, 422492, 426872
50, 260, 14, 415514, 420799
50, 270, 14, 412097, 414322
50, 280, 14, 406817, 410678
50, 290, 14, 401734, 405578
50, 300, 14, 397273, 401494
50, 310, 14, 394959, 398220
50, 320, 14, 388933, 394841
50, 330, 14, 385020, 386968
50, 340, 14, 381700, 383560
50, 350, 14, 377055, 381316
50, 360, 14, 372895, 377856
50, 370, 14, 370982, 372761
50, 380, 14, 368400, 371280
50, 390, 14, 363567, 367938
50, 400, 14, 361705, 363731
50, 410, 14, 358973, 364134
50, 420, 14, 355048, 357708
50, 430, 14, 352633, 354981
50, 440, 14, 348765, 351275
50, 450, 14, 345780, 350081
50, 460, 14, 342579, 346317
50, 470, 14, 339955, 344759
50, 480, 14, 338567, 341177
50, 490, 14, 335703, 340154
50, 500, 14, 333116, 335465
50, 510, 14, 329994, 332537
50, 520, 14, 327041, 330115
50, 530, 14, 325317, 328154
50, 540, 14, 322318, 326094
50, 550, 14, 320569, 325160
50, 560, 14, 318308, 321569
50, 570, 14, 314293, 318403
50, 580, 14, 311353, 314551
50, 590, 14, 308184, 311367
50, 600, 14, 306528, 308946
50, 610, 14, 305007, 308876
50, 620, 14, 302923, 307624
50, 630, 14, 300882, 304939
50, 640, 14, 300189, 302926
50, 650, 14, 297368, 301087
50, 660, 14, 295334, 298062
50, 670, 14, 293541, 295699
50, 680, 14, 291533, 292882
50, 690, 14, 289609, 292342
50, 700, 14, 287325, 290534
50, 710, 14, 284276, 288730
50, 720, 14, 283001, 286372
50, 730, 14, 280810, 283820
50, 740, 14, 278955, 281835
50, 750, 14, 275099, 278799
50, 760, 14, 272439, 276065
50, 770, 14, 269056, 273198
50, 780, 14, 267823, 269849
50, 790, 14, 266787, 269682
50, 800, 14, 265056, 268172
50, 810, 14, 263018, 267250
50, 820, 14, 261325, 264282
50, 830, 14, 260094, 263323
50, 840, 14, 259112, 261777
50, 850, 14, 257739, 261758
50, 860, 14, 256212, 259262
50, 870, 14, 255797, 258509
50, 880, 14, 254193, 257963
50, 890, 14, 253337, 254676
50, 900, 14, 252144, 255231
50, 910, 14, 251431, 254208
50, 920, 14, 249518, 252316
50, 930, 14, 248149, 251703
50, 940, 14, 247089, 248774
50, 950, 14, 245861, 248679
50, 960, 14, 243998, 247507
50, 970, 14, 243028, 246328
50, 980, 14, 240654, 244126
50, 990, 14, 238540, 241800
50, 1000, 14, 236929, 239040
50, 1010, 14, 235120, 238616
50, 1020, 14, 234060, 236664
50, 1030, 14, 232223, 235107
50, 1040, 14, 231902, 234541
50, 1050, 14, 230905, 234278
50, 1060, 14, 229606, 232540
50, 1070, 14, 229010, 230216
50, 1080, 14, 228258, 231200
50, 1090, 14, 226528, 229478
50, 1100, 14, 225853, 229232
50, 1110, 14, 225376, 228530
50, 1120, 14, 223748, 227480
50, 1130, 14, 221609, 225568
50, 1140, 14, 220617, 222960
50, 1150, 14, 219521, 223396
50, 1160, 14, 218962, 222577
50, 1170, 14, 218516, 222197
50, 1180, 14, 217755, 220461
50, 1190, 14, 217260, 220960
50, 1200, 14, 215403, 217654
50, 1210, 14, 214848, 217377
50, 1220, 14, 214416, 217724
50, 1230, 14, 213980, 215150
50, 1240, 14, 213003, 214533
50, 1250, 14, 212605, 215239
50, 1260, 14, 210720, 214313
50, 1270, 14, 209585, 212251
50, 1280, 14, 206722, 209792
50, 1290, 14, 206004, 208076
50, 1300, 14, 205290, 208549
50, 1310, 14, 204437, 207459
50, 1320, 14, 203518, 206601
50, 1330, 14, 202015, 204868
50, 1340, 14, 201679, 204616
50, 1350, 14, 200509, 202860
50, 1360, 14, 199891, 201276
50, 1370, 14, 199483, 201383
50, 1380, 14, 198140, 200445
50, 1390, 14, 197665, 201328
50, 1400, 14, 197332, 198912
50, 1410, 14, 196717, 197615
50, 1420, 14, 196092, 198561
50, 1430, 14, 195914, 197426
50, 1440, 14, 195147, 197896
50, 1450, 14, 194474, 196902
50, 1460, 14, 192721, 195412
50, 1470, 14, 192486, 195465
50, 1480, 14, 191354, 194123
50, 1490, 14, 190437, 194135
50, 1500, 14, 189926, 195186
50, 1510, 14, 189482, 191342
50, 1520, 14, 187851, 188790
50, 1530, 14, 187747, 191113
50, 1540, 14, 187168, 190075
50, 1550, 14, 186863, 189716
50, 1560, 14, 186201, 189727
50, 1570, 14, 185106, 189104
50, 1580, 14, 184557, 188798
50, 1590, 14, 183065, 186316
50, 1600, 14, 182409, 185909
50, 1610, 14, 181770, 185064
50, 1620, 14, 180982, 184090
50, 1630, 14, 179904, 184024
50, 1640, 14, 179730, 181755
50, 1650, 14, 179438, 181419
50, 1660, 14, 178587, 181789
50, 1670, 14, 178254, 180624
50, 1680, 14, 178017, 180468
50, 1690, 14, 177421, 179275
50, 1700, 14, 176958, 180262
50, 1710, 14, 175531, 176216
50, 1720, 14, 174909, 178952
50, 1730, 14, 173985, 175682
50, 1740, 14, 173340, 175439
50, 1750, 14, 172059, 174455
50, 1760, 14, 170740, 173786
50, 1770, 14, 170506, 173743
50, 1780, 14, 169615, 174134
50, 1790, 14, 169615, 172095
50, 1800, 14, 168866, 171440
50, 1810, 14, 168138, 169757
50, 1820, 14, 167518, 170949
50, 1830, 14, 167155, 168938
50, 1840, 14, 166687, 170622
50, 1850, 14, 165769, 168543
50, 1860, 14, 164307, 167596
50, 1870, 14, 163817, 165471
50, 1880, 14, 163147, 165443
50, 1890, 14, 161844, 165687
50, 1900, 14, 161502, 164357
50, 1910, 14, 160853, 161502
50, 1920, 14, 160212, 164660
50, 1930, 14, 159429, 163123
50, 1940, 14, 159349, 160228
50, 1950, 14, 159047, 160807
50, 1960, 14, 158937, 161279
50, 1970, 14, 158266, 160611
50, 1980, 14, 158006, 162147
50, 1990, 14, 157868, 160579
50, 2000, 14, 157864, 160974
50, 2010, 14, 157720, 158342
50, 2020, 14, 156582, 159700
50, 2030, 14, 155745, 159841
50, 2040, 14, 155745, 156824
50, 2050, 14, 155732, 157746
50, 2060, 14, 155264, 158644
50, 2070, 14, 154288, 156768
50, 2080, 14, 154046, 156611
50, 2090, 14, 153669, 156721
50, 2100, 14, 153413, 155297
50, 2110, 14, 153324, 155557
50, 2120, 14, 153120, 157402
50, 2130, 14, 152617, 156343
50, 2140, 14, 152502, 156585
50, 2150, 14, 151932, 155437
50, 2160, 14, 151777, 153984
50, 2170, 14, 150483, 153064
50, 2180, 14, 150347, 152541
50, 2190, 14, 150000, 152244
50, 2200, 14, 149551, 152145
50, 2210, 14, 148846, 151843
50, 2220, 14, 148512, 150316
50, 2230, 14, 147997, 150676
50, 2240, 14, 147769, 149640
50, 2250, 14, 147303, 150256
50, 2260, 14, 146889, 151180
50, 2270, 14, 146574, 149159
50, 2280, 14, 145873, 147688
50, 2290, 14, 145168, 148202
50, 2300, 14, 145076, 147525
50, 2310, 14, 144718, 148586
50, 2320, 14, 144210, 147301
50, 2330, 14, 143967, 147937
50, 2340, 14, 143606, 144667
50, 2350, 14, 143502, 147219
50, 2360, 14, 143502, 145400
50, 2370, 14, 143387, 146777
50, 2380, 14, 142782, 144534
50, 2390, 14, 142590, 143236
50, 2400, 14, 142331, 146189
50, 2410, 14, 141518, 143855
50, 2420, 14, 141304, 144583
50, 2430, 14, 141097, 142292
50, 2440, 14, 140564, 145442
50, 2450, 14, 140418, 143451
50, 2460, 14, 140341, 142635
50, 2470, 14, 140166, 142365
50, 2480, 14, 140047, 143510
50, 2490, 14, 139963, 143805
50, 2500, 14, 139579, 142140
50, 2510, 14, 139106, 142649
50, 2520, 14, 138577, 139647
50, 2530, 14, 138358, 140264
50, 2540, 14, 137959, 140274
50, 2550, 14, 137017, 139328
50, 2560, 14, 137017, 138577
50, 2570, 14, 136822, 139169
50, 2580, 14, 136822, 138971
50, 2590, 14, 136611, 140806
50, 2600, 14, 136522, 138362
50, 2610, 14, 136415, 139575
50, 2620, 14, 136285, 138701
50, 2630, 14, 135964, 138658
50, 2640, 14, 135821, 138097
50, 2650, 14, 135504, 138595
50, 2660, 14, 135279, 137760
50, 2670, 14, 134643, 135994
50, 2680, 14, 134250, 135662
50, 2690, 14, 134250, 137050
50, 2700, 14, 133989, 134862
50, 2710, 14, 133826, 136534
50, 2720, 14, 133421, 136927
50, 2730, 14, 133209, 135139
50, 2740, 14, 133102, 137111
50, 2750, 14, 133044, 135710
50, 2760, 14, 132581, 135227
50, 2770, 14, 132519, 135459
50, 2780, 14, 131622, 133582
50, 2790, 14, 131433, 134812
50, 2800, 14, 131074, 132476
50, 2810, 14, 130862, 132283
50, 2820, 14, 130661, 133757
50, 2830, 14, 130435, 133826
50, 2840, 14, 129623, 131594
50, 2850, 14, 129137, 130927
50, 2860, 14, 129137, 131734
50, 2870, 14, 128536, 131443
50, 2880, 14, 128536, 131445
50, 2890, 14, 128536, 129869
50, 2900, 14, 127381, 130313
50, 2910, 14, 127381, 129430
50, 2920, 14, 127298, 129524
50, 2930, 14, 127047, 130979
50, 2940, 14, 127022, 129841
50, 2950, 14, 127020, 128734
50, 2960, 14, 126798, 130062
50, 2970, 14, 126751, 129652
50, 2980, 14, 126751, 128694
50, 2990, 14, 126534, 126946
50, 3000, 14, 126374, 128608
50, 3010, 14, 126138, 129129
50, 3020, 14, 125761, 127188
50, 3030, 14, 125558, 127896
50, 3040, 14, 125078, 127744
50, 3050, 14, 125078, 126736
50, 3060, 14, 124999, 126983
50, 3070, 14, 124991, 126245
50, 3080, 14, 124738, 126703
50, 3090, 14, 124720, 126336
50, 3100, 14, 124200, 127120
50, 3110, 14, 123851, 125873
50, 3120, 14, 122096, 123290
50, 3130, 14, 121974, 124792
50, 3140, 14, 121919, 124102
50, 3150, 14, 121818, 123066
50, 3160, 14, 121248, 123893
50, 3170, 14, 121153, 121512
50, 3180, 14, 120945, 124098
50, 3190, 14, 120704, 123621
50, 3200, 14, 120244, 123364
50, 3210, 14, 119792, 123403
50, 3220, 14, 119668, 121225
50, 3230, 14, 119492, 121739
50, 3240, 14, 119492, 121529
50, 3250, 14, 119337, 121827
50, 3260, 14, 119293, 120447
50, 3270, 14, 118960, 122136
50, 3280, 14, 118237, 118960
50, 3290, 14, 118237, 121022
50, 3300, 14, 117614, 121092
50, 3310, 14, 117587, 117614
50, 3320, 14, 116784, 120089
50, 3330, 14, 116544, 118968
50, 3340, 14, 116430, 118127
50, 3350, 14, 116306, 120128
50, 3360, 14, 116215, 117075
50, 3370, 14, 115975, 119342
50, 3380, 14, 115910, 119125
50, 3390, 14, 115780, 118002
50, 3400, 14, 115751, 118163
50, 3410, 14, 115650, 116759
50, 3420, 14, 115541, 115650
50, 3430, 14, 115388, 118257
50, 3440, 14, 115335, 118463
50, 3450, 14, 115090, 118479
50, 3460, 14, 115090, 118757
50, 3470, 14, 114949, 115881
50, 3480, 14, 114756, 116384
50, 3490, 14, 114418, 117276
50, 3500, 14, 114243, 116232
50, 3510, 14, 114243, 116638
50, 3520, 14, 114165, 118429
50, 3530, 14, 113789, 116496
50, 3540, 14, 113672, 116901
50, 3550, 14, 113672, 114974
50, 3560, 14, 113672, 114698
50, 3570, 14, 113414, 115039
50, 3580, 14, 113343, 116162
50, 3590, 14, 113284, 113284
50, 3600, 14, 112912, 113943
50, 3610, 14, 112912, 114254
50, 3620, 14, 112412, 114386
50, 3630, 14, 111962, 113740
50, 3640, 14, 111609, 112158
50, 3650, 14, 111558, 111999
50, 3660, 14, 111542, 114489
50, 3670, 14, 111466, 114701
50, 3680, 14, 111466, 114358
50, 3690, 14, 111466, 112167
50, 3700, 14, 111431, 115357
50, 3710, 14, 111431, 111738
50, 3720, 14, 111374, 113355
50, 3730, 14, 111355, 113006
50, 3740, 14, 111248, 111355
50, 3750, 14, 111066, 114308
50, 3760, 14, 110516, 113129
50, 3770, 14, 110404, 113489
50, 3780, 14, 110096, 110260
50, 3790, 14, 109378, 113939
50, 3800, 14, 109129, 112651
50, 3810, 14, 109065, 111757
50, 3820, 14, 108938, 112085
50, 3830, 14, 108852, 110210
50, 3840, 14, 108852, 110070
50, 3850, 14, 108852, 109549
50, 3860, 14, 108556, 110061
50, 3870, 14, 108556, 110332
50, 3880, 14, 108304, 109958
50, 3890, 14, 108126, 110457
50, 3900, 14, 108069, 111391
50, 3910, 14, 107878, 110146
50, 3920, 14, 107820, 108835
50, 3930, 14, 107820, 109256
50, 3940, 14, 107820, 109934
50, 3950, 14, 107533, 110485
50, 3960, 14, 107533, 110223
50, 3970, 14, 107427, 109952
50, 3980, 14, 107427, 109165
50, 3990, 14, 107427, 110122
50, 4000, 14, 107427, 109680
50, 4010, 14, 107127, 109171
50, 4020, 14, 107127, 108781
50, 4030, 14, 106939, 109721
50, 4040, 14, 106823, 108852
50, 4050, 14, 106375, 108979
50, 4060, 14, 106175, 107570
50, 4070, 14, 106066, 106695
50, 4080, 14, 106066, 108460
50, 4090, 14, 105929, 107959
50, 4100, 14, 105927, 107557
50, 4110, 14, 105927, 107363
50, 4120, 14, 105923, 108889
50, 4130, 14, 105905, 106884
50, 4140, 14, 105788, 107902
50, 4150, 14, 105788, 105788
50, 4160, 14, 105788, 106937
50, 4170, 14, 105558, 108059
50, 4180, 14, 105558, 107355
50, 4190, 14, 105400, 105575
50, 4200, 14, 105400, 107408
50, 4210, 14, 105399, 107208
50, 4220, 14, 105157, 106768
50, 4230, 14, 104841, 107280
50, 4240, 14, 104841, 106343
50, 4250, 14, 104785, 108789
50, 4260, 14, 104570, 104792
50, 4270, 14, 104468, 106114
50, 4280, 14, 104468, 106949
50, 4290, 14, 104409, 106914
50, 4300, 14, 104348, 106848
50, 4310, 14, 104147, 104348
50, 4320, 14, 103953, 104147
50, 4330, 14, 103953, 103953
50, 4340, 14, 103870, 103953
50, 4350, 14, 103696, 105952
50, 4360, 14, 103579, 104864
50, 4370, 14, 103525, 105486
50, 4380, 14, 103233, 103455
50, 4390, 14, 103199, 103998
50, 4400, 14, 103116, 105481
50, 4410, 14, 102597, 104205
50, 4420, 14, 102579, 104025
50, 4430, 14, 102471, 103904
50, 4440, 14, 102271, 102471
50, 4450, 14, 101927, 103023
50, 4460, 14, 101610, 103330
50, 4470, 14, 101553, 102477
50, 4480, 14, 101553, 104462
50, 4490, 14, 101275, 103742
50, 4500, 14, 101242, 102802
50, 4510, 14, 101224, 103756
50, 4520, 14, 101224, 101614
50, 4530, 14, 100988, 105110
50, 4540, 14, 100988, 103973
50, 4550, 14, 100874, 102206
50, 4560, 14, 100792, 100874
50, 4570, 14, 100684, 102640
50, 4580, 14, 100666, 103276
50, 4590, 14, 100659, 102206
50, 4600, 14, 100507, 102770
50, 4610, 14, 100507, 101948
50, 4620, 14, 100440, 100758
50, 4630, 14, 100390, 103451
50, 4640, 14, 100390, 100390
50, 4650, 14, 100350, 103091
50, 4660, 14, 100125, 102048
50, 4670, 14, 100125, 102937
50, 4680, 14, 99986, 101323
50, 4690, 14, 99986, 103074
50, 4700, 14, 99931, 103250
50, 4710, 14, 99931, 100920
50, 4720, 14, 99899, 102236
50, 4730, 14, 99899, 101790
50, 4740, 14, 99718, 101248
50, 4750, 14, 99718, 101465
50, 4760, 14, 99653, 102082
50, 4770, 14, 99653, 101943
50, 4780, 14, 99653, 101468
50, 4790, 14, 99627, 100307
50, 4800, 14, 99417, 100227
50, 4810, 14, 99201, 102143
50, 4820, 14, 99201, 102040
50, 4830, 14, 99201, 100425
50, 4840, 14, 99056, 100878
50, 4850, 14, 99056, 102286
50, 4860, 14, 99056, 100546
50, 4870, 14, 98803, 100185
50, 4880, 14, 98803, 101155
50, 4890, 14, 98803, 98803
50, 4900, 14, 98754, 99800
50, 4910, 14, 98638, 100011
50, 4920, 14, 98577, 101048
50, 4930, 14, 98532, 99457
50, 4940, 14, 98015, 101765
50, 4950, 14, 98015, 99929
50, 4960, 14, 97445, 98041
50, 4970, 14, 97388, 99128
50, 4980, 14, 97265, 99053
50, 4990, 14, 97265, 100016
50, 5000, 14, 97178, 98631
50, 5010, 14, 96994, 99374
50, 5020, 14, 96877, 97178
50, 5030, 14, 96776, 98205
50, 5040, 14, 96660, 98920
50, 5050, 14, 96525, 99002
50, 5060, 14, 96341, 99352
50, 5070, 14, 96310, 99690
50, 5080, 14, 96310, 98962
50, 5090, 14, 96131, 96252
50, 5100, 14, 96008, 98284
50, 5110, 14, 95889, 97537
50, 5120, 14, 95814, 95889
50, 5130, 14, 95814, 98597
50, 5140, 14, 95814, 95814
50, 5150, 14, 95814, 96715
50, 5160, 14, 95814, 98710
50, 5170, 14, 95661, 95887
50, 5180, 14, 95661, 96948
50, 5190, 14, 95661, 98997
50, 5200, 14, 95649, 98184
50, 5210, 14, 95529, 95964
50, 5220, 14, 95525, 97339
50, 5230, 14, 95500, 97605
50, 5240, 14, 95377, 97728
50, 5250, 14, 95377, 97054
50, 5260, 14, 94985, 95077
50, 5270, 14, 94967, 96596
50, 5280, 14, 94967, 94985
50, 5290, 14, 94967, 98275
50, 5300, 14, 94967, 96227
50, 5310, 14, 94851, 96288
50, 5320, 14, 94688, 95543
50, 5330, 14, 94535, 97485
50, 5340, 14, 94484, 97159
50, 5350, 14, 94314, 94484
50, 5360, 14, 94202, 95505
50, 5370, 14, 94043, 94256
50, 5380, 14, 93924, 95577
50, 5390, 14, 93882, 97333
50, 5400, 14, 93882, 94134
50, 5410, 14, 93523, 95807
50, 5420, 14, 93495, 95689
50, 5430, 14, 93374, 95084
50, 5440, 14, 93374, 94950
50, 5450, 14, 93058, 93840
50, 5460, 14, 92801, 95589
50, 5470, 14, 92801, 92801
50, 5480, 14, 92680, 92716
50, 5490, 14, 92680, 92680
50, 5500, 14, 92621, 95103
50, 5510, 14, 92384, 93844
50, 5520, 14, 92384, 93765
50, 5530, 14, 92384, 95701
50, 5540, 14, 92384, 93180
50, 5550, 14, 92349, 92987
50, 5560, 14, 92349, 94236
50, 5570, 14, 92165, 95933
50, 5580, 14, 91627, 92165
50, 5590, 14, 91627, 91794
50, 5600, 14, 91452, 95092
50, 5610, 14, 91377, 94077
50, 5620, 14, 91351, 93988
50, 5630, 14, 91176, 93235
50, 5640, 14, 91176, 93671
50, 5650, 14, 91176, 92727
50, 5660, 14, 90607, 90797
50, 5670, 14, 90528, 92206
50, 5680, 14, 90456, 90528
50, 5690, 14, 90376, 91833
50, 5700, 14, 90276, 91905
50, 5710, 14, 90251, 91695
50, 5720, 14, 90251, 90546
50, 5730, 14, 90137, 91284
50, 5740, 14, 89959, 91758
50, 5750, 14, 89727, 91122
50, 5760, 14, 89727, 90003
50, 5770, 14, 89727, 92330
50, 5780, 14, 89727, 91696
50, 5790, 14, 89723, 93006
50, 5800, 14, 89723, 91965
50, 5810, 14, 89680, 90569
50, 5820, 14, 89680, 89680
50, 5830, 14, 89615, 91675
50, 5840, 14, 89615, 89615
50, 5850, 14, 89219, 90087
50, 5860, 14, 89019, 89219
50, 5870, 14, 89019, 90823
50, 5880, 14, 89019, 92935
50, 5890, 14, 88458, 91640
50, 5900, 14, 88458, 90957
50, 5910, 14, 88458, 91188
50, 5920, 14, 88458, 89701
50, 5930, 14, 88458, 89559
50, 5940, 14, 88458, 88458
50, 5950, 14, 88458, 89896
50, 5960, 14, 88342, 90378
50, 5970, 14, 88168, 88342
50, 5980, 14, 88168, 89324
50, 5990, 14, 88168, 90081
50, 6000, 14, 88168, 91384
50, 6010, 14, 88168, 88667
50, 6020, 14, 88044, 90693
50, 6030, 14, 88044, 89188
50, 6040, 14, 87645, 90244
50, 6050, 14, 87645, 88256
50, 6060, 14, 87414, 90043
50, 6070, 14, 87414, 87819
50, 6080, 14, 87330, 89280
50, 6090, 14, 87330, 90514
50, 6100, 14, 87330, 88388
50, 6110, 14, 87330, 88973
50, 6120, 14, 87286, 88275
50, 6130, 14, 87286, 87286
50, 6140, 14, 87086, 87286
50, 6150, 14, 87086, 87883
50, 6160, 14, 87013, 89045
50, 6170, 14, 86920, 88018
50, 6180, 14, 86920, 87834
50, 6190, 14, 86784, 89304
50, 6200, 14, 86719, 86784
50, 6210, 14, 86719, 88767
50, 6220, 14, 86719, 88927
50, 6230, 14, 86719, 87388
50, 6240, 14, 86635, 88587
50, 6250, 14, 86635, 88560
50, 6260, 14, 86635, 88967
50, 6270, 14, 86322, 87231
50, 6280, 14, 86264, 89358
50, 6290, 14, 86264, 89813
50, 6300, 14, 86264, 88327
50, 6310, 14, 86253, 88981
50, 6320, 14, 86219, 88547
50, 6330, 14, 86141, 87946
50, 6340, 14, 86083, 86761
50, 6350, 14, 86083, 86261
50, 6360, 14, 86042, 86042
50, 6370, 14, 86042, 88763
50, 6380, 14, 85701, 86042
50, 6390, 14, 85701, 86894
50, 6400, 14, 85388, 86152
50, 6410, 14, 85388, 85388
50, 6420, 14, 85388, 87715
50, 6430, 14, 85388, 85995
50, 6440, 14, 85388, 86573
50, 6450, 14, 85320, 87515
50, 6460, 14, 85320, 85320
50, 6470, 14, 85320, 88768
50, 6480, 14, 85319, 86132
50, 6490, 14, 85171, 86314
50, 6500, 14, 85079, 85171
50, 6510, 14, 84967, 87726
50, 6520, 14, 84914, 87000
50, 6530, 14, 84898, 87557
50, 6540, 14, 84825, 87652
50, 6550, 14, 84825, 84825
50, 6560, 14, 84825, 85653
50, 6570, 14, 84650, 85282
50, 6580, 14, 84527, 84650
50, 6590, 14, 84142, 87137
50, 6600, 14, 84036, 85779
50, 6610, 14, 83978, 84384
50, 6620, 14, 83978, 86219
50, 6630, 14, 83765, 84709
50, 6640, 14, 83765, 83765
50, 6650, 14, 83765, 83765
50, 6660, 14, 83748, 85529
50, 6670, 14, 83748, 85629
50, 6680, 14, 83748, 83748
50, 6690, 14, 83748, 83748
50, 6700, 14, 83748, 85058
50, 6710, 14, 83748, 85025
50, 6720, 14, 83748, 83748
50, 6730, 14, 83611, 83748
50, 6740, 14, 83611, 84602
50, 6750, 14, 83463, 83611
50, 6760, 14, 83463, 83463
50, 6770, 14, 83245, 85470
50, 6780, 14, 83245, 84188
50, 6790, 14, 83245, 85473
50, 6800, 14, 83162, 84605
50, 6810, 14, 83162, 83162
50, 6820, 14, 83007, 83162
50, 6830, 14, 83007, 83007
50, 6840, 14, 83007, 85187
50, 6850, 14, 82759, 85291
50, 6860, 14, 82759, 82759
50, 6870, 14, 82710, 82957
50, 6880, 14, 82710, 84415
50, 6890, 14, 82710, 82710
50, 6900, 14, 82658, 84227
50, 6910, 14, 82658, 82833
50, 6920, 14, 82628, 82628
50, 6930, 14, 82580, 83060
50, 6940, 14, 82580, 82580
50, 6950, 14, 82577, 84361
50, 6960, 14, 82577, 83667
50, 6970, 14, 82577, 84396
50, 6980, 14, 82357, 84782
50, 6990, 14, 82357, 83950
50, 7000, 14, 82357, 82592
50, 7010, 14, 82247, 85975
50, 7020, 14, 82247, 83152
50, 7030, 14, 82215, 83613
50, 7040, 14, 82215, 82215
50, 7050, 14, 82215, 83842
50, 7060, 14, 82121, 82215
50, 7070, 14, 82121, 82121
50, 7080, 14, 82038, 82964
50, 7090, 14, 81917, 83006
50, 7100, 14, 81917, 83583
50, 7110, 14, 81917, 81917
50, 7120, 14, 81917, 83217
50, 7130, 14, 81814, 85228
50, 7140, 14, 81814, 82973
50, 7150, 14, 81814, 83289
50, 7160, 14, 81814, 81930
50, 7170, 14, 81814, 81814
50, 7180, 14, 81814, 82519
50, 7190, 14, 81814, 83665
50, 7200, 14, 81631, 85151
50, 7210, 14, 81631, 82999
50, 7220, 14, 81631, 83398
50, 7230, 14, 81521, 82728
50, 7240, 14, 81509, 82879
50, 7250, 14, 81334, 81509
50, 7260, 14, 81334, 84036
50, 7270, 14, 81334, 83177
50, 7280, 14, 81258, 81334
50, 7290, 14, 81135, 82525
50, 7300, 14, 81063, 81523
50, 7310, 14, 81063, 82592
50, 7320, 14, 81063, 81063
50, 7330, 14, 81063, 83629
50, 7340, 14, 80939, 81063
50, 7350, 14, 80904, 83746
50, 7360, 14, 80904, 81780
50, 7370, 14, 80890, 80904
50, 7380, 14, 80890, 80890
50, 7390, 14, 80694, 84682
50, 7400, 14, 80644, 81352
50, 7410, 14, 80635, 81879
50, 7420, 14, 80635, 80635
50, 7430, 14, 80635, 80635
50, 7440, 14, 80635, 82420
50, 7450, 14, 80635, 82896
50, 7460, 14, 80436, 82377
50, 7470, 14, 80360, 80360
50, 7480, 14, 80357, 82271
50, 7490, 14, 80357, 80357
50, 7500, 14, 80283, 80970
50, 7510, 14, 80153, 80280
50, 7520, 14, 80044, 82977
50, 7530, 14, 80044, 83250
50, 7540, 14, 79865, 82261
50, 7550, 14, 79865, 79865
50, 7560, 14, 79865, 82663
50, 7570, 14, 79865, 79865
50, 7580, 14, 79865, 81027
50, 7590, 14, 79851, 80307
50, 7600, 14, 79851, 82088
50, 7610, 14, 79835, 79851
50, 7620, 14, 79342, 79835
50, 7630, 14, 79342, 79688
50, 7640, 14, 79342, 81887
50, 7650, 14, 79330, 81342
50, 7660, 14, 79330, 80270
50, 7670, 14, 79312, 81334
50, 7680, 14, 79312, 80379
50, 7690, 14, 79312, 81823
50, 7700, 14, 79312, 79312
50, 7710, 14, 79297, 81162
50, 7720, 14, 79297, 80626
50, 7730, 14, 79297, 79297
50, 7740, 14, 79245, 81391
50, 7750, 14, 79057, 79813
50, 7760, 14, 79057, 81224
50, 7770, 14, 79057, 79057
50, 7780, 14, 78974, 79057
50, 7790, 14, 78974, 79408
50, 7800, 14, 78962, 80949
50, 7810, 14, 78962, 79867
50, 7820, 14, 78962, 78962
50, 7830, 14, 78962, 80616
50, 7840, 14, 78848, 78962
50, 7850, 14, 78848, 78848
50, 7860, 14, 78848, 78848
50, 7870, 14, 78848, 79627
50, 7880, 14, 78524, 81191
50, 7890, 14, 78506, 79430
50, 7900, 14, 78506, 78808
50, 7910, 14, 78422, 81183
50, 7920, 14, 78323, 78968
50, 7930, 14, 78238, 80764
50, 7940, 14, 78238, 80447
50, 7950, 14, 78238, 78238
50, 7960, 14, 78216, 80868
50, 7970, 14, 78216, 78216
50, 7980, 14, 77993, 78143
50, 7990, 14, 77993, 77993
50, 8000, 14, 77993, 77993
50, 8010, 14, 77849, 77993
50, 8020, 14, 77835, 77849
50, 8030, 14, 77835, 79694
50, 8040, 14, 77835, 78810
50, 8050, 14, 77835, 77835
50, 8060, 14, 77835, 77835
50, 8070, 14, 77835, 78850
50, 8080, 14, 77835, 78162
50, 8090, 14, 77835, 77835
50, 8100, 14, 77788, 78718
50, 8110, 14, 77788, 79232
50, 8120, 14, 77788, 77788
50, 8130, 14, 77788, 79229
50, 8140, 14, 77779, 77788
50, 8150, 14, 77779, 77779
50, 8160, 14, 77696, 77985
50, 8170, 14, 77609, 77696
50, 8180, 14, 77609, 77609
50, 8190, 14, 77609, 77609
50, 8200, 14, 77609, 78684
50, 8210, 14, 77598, 79447
50, 8220, 14, 77598, 77598
50, 8230, 14, 77598, 79249
50, 8240, 14, 77598, 78725
50, 8250, 14, 77598, 77598
50, 8260, 14, 77462, 77598
50, 8270, 14, 77462, 77462
50, 8280, 14, 77462, 77839
50, 8290, 14, 77462, 79349
50, 8300, 14, 77462, 77462
50, 8310, 14, 77462, 78822
50, 8320, 14, 77462, 78990
50, 8330, 14, 77462, 77462
50, 8340, 14, 77462, 77462
50, 8350, 14, 77462, 77558
50, 8360, 14, 77462, 77462
50, 8370, 14, 77352, 78918
50, 8380, 14, 77272, 78343
50, 8390, 14, 77106, 78581
50, 8400, 14, 77092, 78415
50, 8410, 14, 77092, 79758
50, 8420, 14, 77092, 78610
50, 8430, 14, 77092, 79553
50, 8440, 14, 77051, 77051
50, 8450, 14, 76967, 77051
50, 8460, 14, 76674, 77954
50, 8470, 14, 76674, 76866
50, 8480, 14, 76674, 76674
50, 8490, 14, 76499, 76499
50, 8500, 14, 76499, 79425
50, 8510, 14, 76458, 76953
50, 8520, 14, 76458, 78395
50, 8530, 14, 76458, 76458
50, 8540, 14, 76458, 77474
50, 8550, 14, 76440, 76440
50, 8560, 14, 76440, 76762
50, 8570, 14, 76440, 76440
50, 8580, 14, 76406, 76440
50, 8590, 14, 76180, 76835
50, 8600, 14, 76173, 78573
50, 8610, 14, 76173, 76173
50, 8620, 14, 76173, 76173
50, 8630, 14, 76173, 76173
50, 8640, 14, 76075, 76173
50, 8650, 14, 76075, 76075
50, 8660, 14, 76075, 76075
50, 8670, 14, 76075, 77211
50, 8680, 14, 76075, 77000
50, 8690, 14, 75964, 75964
50, 8700, 14, 75854, 77922
50, 8710, 14, 75854, 77573
50, 8720, 14, 75816, 75854
50, 8730, 14, 75816, 75816
50, 8740, 14, 75816, 75816
50, 8750, 14, 75764, 77453
50, 8760, 14, 75625, 75816
50, 8770, 14, 75569, 76342
50, 8780, 14, 75569, 76810
50, 8790, 14, 75564, 75569
50, 8800, 14, 75564, 75564
50, 8810, 14, 75564, 77685
50, 8820, 14, 75564, 75564
50, 8830, 14, 75509, 75509
50, 8840, 14, 75509, 75509
50, 8850, 14, 75213, 75413
50, 8860, 14, 75213, 75213
50, 8870, 14, 75213, 75213
50, 8880, 14, 75213, 75213
50, 8890, 14, 75213, 75213
50, 8900, 14, 75213, 75729
50, 8910, 14, 75156, 75156
50, 8920, 14, 75156, 77681
50, 8930, 14, 75091, 75156
50, 8940, 14, 75091, 76559
50, 8950, 14, 75091, 75091
50, 8960, 14, 75091, 75091
50, 8970, 14, 75091, 75091
50, 8980, 14, 74855, 75659
50, 8990, 14, 74855, 75615
50, 9000, 14, 74761, 74761
50, 9010, 14, 74761, 75442
50, 9020, 14, 74761, 74761
50, 9030, 14, 74761, 74761
50, 9040, 14, 74761, 74761
50, 9050, 14, 74761, 74761
50, 9060, 14, 74761, 74761
50, 9070, 14, 74761, 74761
50, 9080, 14, 74761, 74761
50, 9090, 14, 74761, 74761
50, 9100, 14, 74728, 74728
50, 9110, 14, 74728, 75356
50, 9120, 14, 74728, 74728
50, 9130, 14, 74728, 74728
50, 9140, 14, 74535, 74728
50, 9150, 14, 74535, 76159
50, 9160, 14, 74535, 75360
50, 9170, 14, 74513, 74535
50, 9180, 14, 74470, 74513
50, 9190, 14, 74470, 74470
50, 9200, 14, 74470, 74470
50, 9210, 14, 74470, 74644
50, 9220, 14, 74470, 76457
50, 9230, 14, 74470, 74470
50, 9240, 14, 74470, 75563
50, 9250, 14, 74426, 74426
50, 9260, 14, 74426, 76363
50, 9270, 14, 74426, 74426
50, 9280, 14, 74426, 74426
50, 9290, 14, 74226, 74226
50, 9300, 14, 74226, 75005
50, 9310, 14, 73970, 73970
50, 9320, 14, 73968, 73970
50, 9330, 14, 73702, 74965
50, 9340, 14, 73702, 73702
50, 9350, 14, 73702, 73702
50, 9360, 14, 73702, 73702
50, 9370, 14, 73702, 75161
50, 9380, 14, 73470, 73702
50, 9390, 14, 73470, 75205
50, 9400, 14, 73470, 74238
50, 9410, 14, 73470, 73470
50, 9420, 14, 73470, 74562
50, 9430, 14, 73470, 73470
50, 9440, 14, 73445, 75197
50, 9450, 14, 73445, 74530
50, 9460, 14, 73445, 73445
50, 9470, 14, 73445, 73998
50, 9480, 14, 73445, 73445
50, 9490, 14, 73387, 73445
50, 9500, 14, 73387, 73387
50, 9510, 14, 73387, 73387
50, 9520, 14, 73387, 73387
50, 9530, 14, 73387, 73387
50, 9540, 14, 73369, 73700
50, 9550, 14, 73369, 73369
50, 9560, 14, 73369, 73369
50, 9570, 14, 73369, 73369
50, 9580, 14, 73369, 75076
50, 9590, 14, 73369, 73369
50, 9600, 14, 73369, 74389
50, 9610, 14, 73369, 73369
50, 9620, 14, 73369, 73369
50, 9630, 14, 73331, 73369
50, 9640, 14, 73331, 73331
50, 9650, 14, 73331, 73331
50, 9660, 14, 73001, 75131
50, 9670, 14, 73001, 74745
50, 9680, 14, 73001, 75341
50, 9690, 14, 73001, 73001
50, 9700, 14, 73001, 73001
50, 9710, 14, 73001, 73001
50, 9720, 14, 73001, 75120
50, 9730, 14, 73001, 73001
50, 9740, 14, 72856, 72856
50, 9750, 14, 72856, 72856
50, 9760, 14, 72856, 72856
50, 9770, 14, 72856, 72856
50, 9780, 14, 72849, 74919
50, 9790, 14, 72849, 72856
50, 9800, 14, 72849, 72849
50, 9810, 14, 72849, 72849
50, 9820, 14, 72849, 74128
50, 9830, 14, 72849, 72849
50, 9840, 14, 72849, 72849
50, 9850, 14, 72849, 72849
50, 9860, 14, 72849, 72849
50, 9870, 14, 72839, 73372
50, 9880, 14, 72839, 72839
50, 9890, 14, 72839, 72839
50, 9900, 14, 72765, 73030
50, 9910, 14, 72765, 73459
50, 9920, 14, 72765, 72765
50, 9930, 14, 72765, 74691
50, 9940, 14, 72765, 74347
50, 9950, 14, 72734, 73214
50, 9960, 14, 72734, 72734
50, 9970, 14, 72734, 72999
50, 9980, 14, 72682, 72734
50, 9990, 14, 72682, 72682
50, 10000, 14, 72682, 72708
50, 10010, 14, 72682, 72682
50, 10020, 14, 72682, 72682
50, 10030, 14, 72682, 76032
50, 10040, 14, 72682, 72682
50, 10050, 14, 72682, 72682
50, 10060, 14, 72682, 72682
50, 10070, 14, 72682, 72682
50, 10080, 14, 72682, 72682
50, 10090, 14, 72682, 74387
50, 10100, 14, 72637, 73303
50, 10110, 14, 72637, 72637
50, 10120, 14, 72637, 72637
50, 10130, 14, 72637, 72637
50, 10140, 14, 72637, 73513
50, 10150, 14, 72637, 72637
50, 10160, 14, 72510, 74026
50, 10170, 14, 72510, 72874
50, 10180, 14, 72510, 72510
50, 10190, 14, 72510, 72510
50, 10200, 14, 72510, 72510
50, 10210, 14, 72510, 72510
50, 10220, 14, 72510, 75046
50, 10230, 14, 72474, 72510
50, 10240, 14, 72398, 73414
50, 10250, 14, 72398, 72527
50, 10260, 14, 72398, 72398
50, 10270, 14, 72398, 72398
50, 10280, 14, 72398, 72398
50, 10290, 14, 72398, 72398
50, 10300, 14, 72398, 72398
50, 10310, 14, 72398, 72398
50, 10320, 14, 72398, 72398
50, 10330, 14, 72398, 73644
50, 10340, 14, 72398, 73381
50, 10350, 14, 72398, 72398
50, 10360, 14, 72398, 72398
50, 10370, 14, 72398, 72398
50, 10380, 14, 72398, 72398
50, 10390, 14, 72398, 72398
50, 10400, 14, 72398, 72398
50, 10410, 14, 72398, 74554
50, 10420, 14, 72333, 72398
50, 10430, 14, 72333, 72333
50, 10440, 14, 72301, 72301
50, 10450, 14, 72301, 72301
50, 10460, 14, 72301, 72301
50, 10470, 14, 72301, 72301
50, 10480, 14, 72301, 72301
50, 10490, 14, 72301, 72301
50, 10500, 14, 72301, 72301
50, 10510, 14, 72301, 72301
50, 10520, 14, 72301, 72301
50, 10530, 14, 72301, 72301
50, 10540, 14, 72301, 72301
50, 10550, 14, 72301, 72301
50, 10560, 14, 72301, 72301
50, 10570, 14, 72268, 72268
50, 10580, 14, 72047, 72145
50, 10590, 14, 72047, 72619
50, 10600, 14, 72047, 72047
50, 10610, 14, 72032, 73636
50, 10620, 14, 72032, 72032
50, 10630, 14, 71957, 72032
50, 10640, 14, 71957, 71957
50, 10650, 14, 71957, 72359
50, 10660, 14, 71957, 71957
50, 10670, 14, 71957, 71957
50, 10680, 14, 71957, 71957
50, 10690, 14, 71957, 71957
50, 10700, 14, 71957, 71957
50, 10710, 14, 71957, 71957
50, 10720, 14, 71757, 72365
50, 10730, 14, 71757, 71757
50, 10740, 14, 71757, 74208
50, 10750, 14, 71757, 73077
50, 10760, 14, 71757, 71757
50, 10770, 14, 71757, 73632
50, 10780, 14, 71717, 71717
50, 10790, 14, 71689, 71871
50, 10800, 14, 71689, 71689
50, 10810, 14, 71689, 71689
50, 10820, 14, 71689, 72919
50, 10830, 14, 71689, 71689
50, 10840, 14, 71689, 71689
50, 10850, 14, 71689, 71689
50, 10860, 14, 71689, 71689
50, 10870, 14, 71689, 72112
50, 10880, 14, 71689, 71689
50, 10890, 14, 71689, 71689
50, 10900, 14, 71689, 71689
50, 10910, 14, 71565, 74019
50, 10920, 14, 71565, 71706
50, 10930, 14, 71565, 72000
50, 10940, 14, 71565, 71565
50, 10950, 14, 71565, 73632
50, 10960, 14, 71565, 71565
50, 10970, 14, 71565, 71565
50, 10980, 14, 71565, 73183
50, 10990, 14, 71508, 71565
50, 11000, 14, 71508, 71508
50, 11010, 14, 71508, 71508
50, 11020, 14, 71463, 72463
50, 11030, 14, 71289, 71463
50, 11040, 14, 71176, 71176
50, 11050, 14, 71176, 71176
50, 11060, 14, 71100, 71176
50, 11070, 14, 71100, 71176
50, 11080, 14, 71100, 71100
50, 11090, 14, 70974, 71100
50, 11100, 14, 70974, 70974
50, 11110, 14, 70974, 70974
50, 11120, 14, 70974, 70974
50, 11130, 14, 70974, 70974
50, 11140, 14, 70974, 70974
50, 11150, 14, 70974, 70974
50, 11160, 14, 70974, 71191
50, 11170, 14, 70974, 70974
50, 11180, 14, 70974, 70974
50, 11190, 14, 70974, 70974
50, 11200, 14, 70974, 70974
50, 11210, 14, 70974, 70974
50, 11220, 14, 70974, 70974
50, 11230, 14, 70974, 70974
50, 11240, 14, 70974, 70974
50, 11250, 14, 70974, 70974
50, 11260, 14, 70974, 72109
50, 11270, 14, 70974, 70974
50, 11280, 14, 70908, 72616
50, 11290, 14, 70908, 70908
50, 11300, 14, 70908, 70908
50, 11310, 14, 70908, 70908
50, 11320, 14, 70908, 70908
50, 11330, 14, 70908, 70908
50, 11340, 14, 70908, 70908
50, 11350, 14, 70908, 70908
50, 11360, 14, 70874, 70908
50, 11370, 14, 70791, 70791
50, 11380, 14, 70791, 70791
50, 11390, 14, 70791, 70791
50, 11400, 14, 70791, 71649
50, 11410, 14, 70785, 70791
50, 11420, 14, 70785, 70785
50, 11430, 14, 70785, 70785
50, 11440, 14, 70785, 70785
50, 11450, 14, 70785, 70785
50, 11460, 14, 70767, 70767
50, 11470, 14, 70767, 72392
50, 11480, 14, 70767, 70767
50, 11490, 14, 70767, 70767
50, 11500, 14, 70767, 70767
50, 11510, 14, 70767, 70767
50, 11520, 14, 70767, 70767
50, 11530, 14, 70767, 70767
50, 11540, 14, 70767, 70767
50, 11550, 14, 70767, 70767
50, 11560, 14, 70767, 70767
50, 11570, 14, 70723, 72553
50, 11580, 14, 70646, 70723
50, 11590, 14, 70560, 70646
50, 11600, 14, 70560, 70560
50, 11610, 14, 70560, 70560
50, 11620, 14, 70560, 70560
50, 11630, 14, 70560, 70560
50, 11640, 14, 70560, 70560
50, 11650, 14, 70560, 70560
50, 11660, 14, 70560, 70683
50, 11670, 14, 70468, 70560
50, 11680, 14, 70468, 70468
50, 11690, 14, 70468, 70468
50, 11700, 14, 70468, 70468
50, 11710, 14, 70468, 70468
50, 11720, 14, 70468, 70468
50, 11730, 14, 70468, 70468
50, 11740, 14, 70468, 70468
50, 11750, 14, 70468, 70468
50, 11760, 14, 70468, 70468
50, 11770, 14, 70468, 70609
50, 11780, 14, 70468, 70468
50, 11790, 14, 70368, 70468
50, 11800, 14, 70368, 70368
50, 11810, 14, 70360, 70368
50, 11820, 14, 70360, 70360
50, 11830, 14, 70360, 70360
50, 11840, 14, 70360, 70360
50, 11850, 14, 70325, 70360
50, 11860, 14, 70325, 70325
50, 11870, 14, 70325, 70325
50, 11880, 14, 70325, 71928
50, 11890, 14, 70325, 70325
50, 11900, 14, 70325, 70325
50, 11910, 14, 70325, 70325
50, 11920, 14, 70325, 70325
50, 11930, 14, 70325, 70325
50, 11940, 14, 70299, 71370
50, 11950, 14, 70283, 70299
50, 11960, 14, 70275, 70275
50, 11970, 14, 70275, 70275
50, 11980, 14, 70275, 70275
50, 11990, 14, 70275, 70275
50, 12000, 14, 70275, 70275
50, 12010, 14, 70275, 70275
50, 12020, 14, 70275, 70275
50, 12030, 14, 70275, 70623
50, 12040, 14, 70275, 70275
50, 12050, 14, 70265, 70275
50, 12060, 14, 70265, 70265
50, 12070, 14, 70265, 70265
50, 12080, 14, 70265, 70265
50, 12090, 14, 70265, 70265
50, 12100, 14, 70265, 70265
50, 12110, 14, 70265, 71336
50, 12120, 14, 70265, 70265
50, 12130, 14, 70265, 70265
50, 12140, 14, 70265, 70265
50, 12150, 14, 70265, 70265
50, 12160, 14, 70124, 70124
50, 12170, 14, 70124, 70124
50, 12180, 14, 70124, 70124
50, 12190, 14, 70081, 70081
50, 12200, 14, 70081, 70448
50, 12210, 14, 70081, 70081
50, 12220, 14, 70081, 70081
50, 12230, 14, 70081, 70081
50, 12240, 14, 70081, 70081
50, 12250, 14, 70081, 70081
50, 12260, 14, 70081, 70081
50, 12270, 14, 70081, 70081
50, 12280, 14, 70081, 70081
50, 12290, 14, 70081, 70081
50, 12300, 14, 70081, 70081
50, 12310, 14, 70081, 70081
50, 12320, 14, 70081, 70081
50, 12330, 14, 70081, 70081
50, 12340, 14, 70040, 70081
50, 12350, 14, 70040, 70932
50, 12360, 14, 70040, 70644
50, 12370, 14, 70040, 70040
50, 12380, 14, 70040, 71840
50, 12390, 14, 70005, 70040
50, 12400, 14, 70005, 70005
50, 12410, 14, 70005, 70005
50, 12420, 14, 70005, 70005
50, 12430, 14, 69980, 70462
50, 12440, 14, 69980, 69980
50, 12450, 14, 69980, 69980
50, 12460, 14, 69980, 69980
50, 12470, 14, 69980, 69980
50, 12480, 14, 69980, 69980
50, 12490, 14, 69980, 69980
50, 12500, 14, 69980, 69980
50, 12510, 14, 69980, 69980
50, 12520, 14, 69856, 69939
50, 12530, 14, 69856, 69856
50, 12540, 14, 69856, 69856
50, 12550, 14, 69856, 69856
50, 12560, 14, 69856, 69856
50, 12570, 14, 69856, 69856
50, 12580, 14, 69856, 69856
50, 12590, 14, 69856, 69856
50, 12600, 14, 69754, 69856
50, 12610, 14, 69754, 69754
50, 12620, 14, 69754, 69754
50, 12630, 14, 69754, 69754
50, 12640, 14, 69459, 69562
50, 12650, 14, 69459, 69459
50, 12660, 14, 69459, 69459
50, 12670, 14, 69459, 69459
50, 12680, 14, 69459, 70259
50, 12690, 14, 69459, 69459
50, 12700, 14, 69420, 69459
50, 12710, 14, 69420, 69420
50, 12720, 14, 69420, 69420
50, 12730, 14, 69420, 69420
50, 12740, 14, 69420, 69420
50, 12750, 14, 69420, 69420
50, 12760, 14, 69420, 69420
50, 12770, 14, 69420, 69420
50, 12780, 14, 69320, 69420
50, 12790, 14, 69320, 69320
50, 12800, 14, 69320, 71997
50, 12810, 14, 69302, 69320
50, 12820, 14, 69302, 69302
50, 12830, 14, 69302, 69302
50, 12840, 14, 69302, 69302
50, 12850, 14, 69302, 69302
50, 12860, 14, 69302, 69302
50, 12870, 14, 69180, 69302
50, 12880, 14, 69180, 69679
50, 12890, 14, 69180, 69180
50, 12900, 14, 69180, 69180
50, 12910, 14, 69180, 69180
50, 12920, 14, 69180, 69180
50, 12930, 14, 69180, 69180
50, 12940, 14, 69180, 69180
50, 12950, 14, 69180, 69180
50, 12960, 14, 69163, 69180
50, 12970, 14, 69163, 69163
50, 12980, 14, 69163, 69163
50, 12990, 14, 69163, 69163
50, 13000, 14, 69163, 69163
50, 13010, 14, 68983, 69163
50, 13020, 14, 68983, 68983
50, 13030, 14, 68983, 68983
50, 13040, 14, 68983, 68983
50, 13050, 14, 68983, 68983
50, 13060, 14, 68983, 68983
50, 13070, 14, 68983, 68983
50, 13080, 14, 68983, 68983
50, 13090, 14, 68983, 68983
50, 13100, 14, 68983, 69298
50, 13110, 14, 68983, 68983
50, 13120, 14, 68983, 68983
50, 13130, 14, 68983, 68983
50, 13140, 14, 68983, 69504
50, 13150, 14, 68983, 68983
50, 13160, 14, 68983, 68983
50, 13170, 14, 68983, 68983
50, 13180, 14, 68983, 68983
50, 13190, 14, 68983, 68983
50, 13200, 14, 68925, 68983
50, 13210, 14, 68925, 68925
50, 13220, 14, 68925, 68925
50, 13230, 14, 68925, 68925
50, 13240, 14, 68925, 68925
50, 13250, 14, 68925, 68925
50, 13260, 14, 68925, 68925
50, 13270, 14, 68925, 68925
50, 13280, 14, 68925, 68925
50, 13290, 14, 68925, 68925
50, 13300, 14, 68833, 69623
50, 13310, 14, 68833, 68833
50, 13320, 14, 68775, 68833
50, 13330, 14, 68775, 68775
50, 13340, 14, 68775, 68775
50, 13350, 14, 68775, 68775
50, 13360, 14, 68775, 68775
50, 13370, 14, 68775, 68775
50, 13380, 14, 68533, 68775
50, 13390, 14, 68533, 69500
50, 13400, 14, 68533, 68533
50, 13410, 14, 68533, 68533
50, 13420, 14, 68482, 68482
50, 13430, 14, 68394, 68482
50, 13440, 14, 68352, 68352
50, 13450, 14, 68352, 68868
50, 13460, 14, 68352, 68352
50, 13470, 14, 68275, 68275
50, 13480, 14, 68241, 68275
50, 13490, 14, 68241, 68241
50, 13500, 14, 68241, 68241
50, 13510, 14, 68241, 68241
50, 13520, 14, 68241, 68241
50, 13530, 14, 68241, 68241
50, 13540, 14, 68241, 68241
50, 13550, 14, 68241, 68241
50, 13560, 14, 68241, 68241
50, 13570, 14, 68241, 68241
50, 13580, 14, 68241, 68241
50, 13590, 14, 68158, 68158
50, 13600, 14, 68158, 68546
50, 13610, 14, 68142, 68158
50, 13620, 14, 68142, 68142
50, 13630, 14, 68142, 68142
50, 13640, 14, 68053, 68142
50, 13650, 14, 67999, 68053
50, 13660, 14, 67999, 67999
50, 13670, 14, 67999, 67999
50, 13680, 14, 67999, 67999
50, 13690, 14, 67999, 67999
50, 13700, 14, 67999, 67999
50, 13710, 14, 67999, 67999
50, 13720, 14, 67999, 67999
50, 13730, 14, 67999, 67999
50, 13740, 14, 67934, 67934
50, 13750, 14, 67934, 67934
50, 13760, 14, 67934, 67934
50, 13770, 14, 67924, 67924
50, 13780, 14, 67924, 67924
50, 13790, 14, 67924, 67924
50, 13800, 14, 67924, 67924
50, 13810, 14, 67924, 67924
50, 13820, 14, 67924, 67924
50, 13830, 14, 67800, 67800
50, 13840, 14, 67800, 67800
50, 13850, 14, 67800, 67800
50, 13860, 14, 67800, 67800
50, 13870, 14, 67800, 67800
50, 13880, 14, 67653, 67800
50, 13890, 14, 67653, 67653
50, 13900, 14, 67653, 67653
50, 13910, 14, 67653, 67653
50, 13920, 14, 67653, 67653
50, 13930, 14, 67653, 67653
50, 13940, 14, 67653, 67653
50, 13950, 14, 67653, 67653
50, 13960, 14, 67653, 67653
50, 13970, 14, 67629, 67653
50, 13980, 14, 67629, 67629
50, 13990, 14, 67612, 67612
50, 14000, 14, 67612, 67612
50, 14010, 14, 67612, 67612
50, 14020, 14, 67612, 67612
50, 14030, 14, 67612, 67612
50, 14040, 14, 67612, 67612
50, 14050, 14, 67612, 67612
50, 14060, 14, 67612, 67612
50, 14070, 14, 67412, 67612
50, 14080, 14, 67412, 68716
50, 14090, 14, 67288, 67412
50, 14100, 14, 67288, 67288
50, 14110, 14, 67277, 67288
50, 14120, 14, 67277, 67277
50, 14130, 14, 67277, 67277
50, 14140, 14, 67277, 67277
50, 14150, 14, 67277, 67277
50, 14160, 14, 67277, 67277
50, 14170, 14, 67277, 67277
50, 14180, 14, 67232, 67232
50, 14190, 14, 67232, 67232
50, 14200, 14, 67232, 67232
50, 14210, 14, 67232, 67232
50, 14220, 14, 67232, 67232
50, 14230, 14, 67232, 67232
50, 14240, 14, 67232, 67232
50, 14250, 14, 67232, 67232
50, 14260, 14, 67232, 67232
50, 14270, 14, 67200, 67200
50, 14280, 14, 67200, 67200
50, 14290, 14, 67200, 67200
50, 14300, 14, 67200, 67200
50, 14310, 14, 67200, 67200
50, 14320, 14, 67200, 67200
50, 14330, 14, 67200, 67200
50, 14340, 14, 67200, 67200
50, 14350, 14, 67024, 67200
50, 14360, 14, 67024, 67024
50, 14370, 14, 66911, 66911
50, 14380, 14, 66911, 66911
50, 14390, 14, 66911, 66911
50, 14400, 14, 66911, 66911
50, 14410, 14, 66911, 66911
50, 14420, 14, 66911, 66911
50, 14430, 14, 66911, 66911
50, 14440, 14, 66911, 66911
50, 14450, 14, 66911, 66911
50, 14460, 14, 66911, 66911
50, 14470, 14, 66911, 66911
50, 14480, 14, 66911, 66911
50, 14490, 14, 66911, 66911
50, 14500, 14, 66911, 66911
50, 14510, 14, 66911, 66911
50, 14520, 14, 66911, 66911
50, 14530, 14, 66911, 66911
50, 14540, 14, 66911, 66911
50, 14550, 14, 66911, 66911
50, 14560, 14, 66911, 66911
50, 14570, 14, 66911, 66911
50, 14580, 14, 66911, 66911
50, 14590, 14, 66911, 66911
50, 14600, 14, 66911, 66911
50, 14610, 14, 66911, 66911
50, 14620, 14, 66911, 66911
50, 14630, 14, 66911, 66911
50, 14640, 14, 66911, 66911
50, 14650, 14, 66911, 66911
50, 14660, 14, 66911, 66911
50, 14670, 14, 66911, 66911
50, 14680, 14, 66893, 66893
50, 14690, 14, 66893, 66893
50, 14700, 14, 66893, 66893
50, 14710, 14, 66893, 66893
50, 14720, 14, 66893, 66893
50, 14730, 14, 66893, 66893
50, 14740, 14, 66893, 66893
50, 14750, 14, 66893, 66893
50, 14760, 14, 66893, 66893
50, 14770, 14, 66785, 66893
50, 14780, 14, 66785, 66785
50, 14790, 14, 66778, 66778
50, 14800, 14, 66778, 66778
50, 14810, 14, 66778, 66778
50, 14820, 14, 66778, 66778
50, 14830, 14, 66778, 66778
50, 14840, 14, 66778, 66778
50, 14850, 14, 66778, 66778
50, 14860, 14, 66778, 66778
50, 14870, 14, 66778, 66778
50, 14880, 14, 66778, 66778
50, 14890, 14, 66778, 66778
50, 14900, 14, 66702, 66778
50, 14910, 14, 66702, 66702
50, 14920, 14, 66702, 66702
50, 14930, 14, 66702, 66702
50, 14940, 14, 66618, 66702
50, 14950, 14, 66618, 66618
50, 14960, 14, 66618, 66618
50, 14970, 14, 66618, 66618
50, 14980, 14, 66618, 66618
50, 14990, 14, 66618, 66618
50, 15000, 14, 66618, 66618
50, 15010, 14, 66618, 66618
50, 15020, 14, 66618, 66618
50, 15030, 14, 66618, 66618
50, 15040, 14, 66618, 66618
50, 15050, 14, 66618, 66618
50, 15060, 14, 66618, 66618
50, 15070, 14, 66618, 66618
50, 15080, 14, 66618, 66618
50, 15090, 14, 66618, 66618
50, 15100, 14, 66502, 66618
50, 15110, 14, 66410, 66410
50, 15120, 14, 66078, 66078
50, 15130, 14, 66078, 66078
50, 15140, 14, 65964, 66078
50, 15150, 14, 65964, 65964
50, 15160, 14, 65964, 65964
50, 15170, 14, 65964, 65964
50, 15180, 14, 65964, 65964
50, 15190, 14, 65964, 65964
50, 15200, 14, 65964, 65964
50, 15210, 14, 65964, 65964
50, 15220, 14, 65964, 65964
50, 15230, 14, 65964, 65964
50, 15240, 14, 65964, 65964
50, 15250, 14, 65964, 65964
50, 15260, 14, 65928, 65955
50, 15270, 14, 65928, 65928
50, 15280, 14, 65928, 65928
50, 15290, 14, 65928, 65928
50, 15300, 14, 65928, 65928
50, 15310, 14, 65928, 65928
50, 15320, 14, 65928, 65928
50, 15330, 14, 65928, 65928
50, 15340, 14, 65928, 66292
50, 15350, 14, 65928, 65928
50, 15360, 14, 65928, 65928
50, 15370, 14, 65844, 65928
50, 15380, 14, 65844, 65844
50, 15390, 14, 65844, 65844
50, 15400, 14, 65844, 65844
50, 15410, 14, 65844, 65844
50, 15420, 14, 65844, 65844
50, 15430, 14, 65844, 65844
50, 15440, 14, 65751, 65844
50, 15450, 14, 65751, 65751
50, 15460, 14, 65751, 65751
50, 15470, 14, 65669, 65669
50, 15480, 14, 65669, 65669
50, 15490, 14, 65669, 65669
50, 15500, 14, 65629, 65669
50, 15510, 14, 65629, 65629
50, 15520, 14, 65629, 65629
50, 15530, 14, 65629, 65629
50, 15540, 14, 65629, 65629
50, 15550, 14, 65629, 65629
50, 15560, 14, 65629, 65629
50, 15570, 14, 65629, 65629
50, 15580, 14, 65629, 65629
50, 15590, 14, 65629, 65629
50, 15600, 14, 65629, 65629
50, 15610, 14, 65629, 65629
50, 15620, 14, 65629, 65629
50, 15630, 14, 65629, 65629
50, 15640, 14, 65629, 65629
50, 15650, 14, 65629, 65629
50, 15660, 14, 65629, 65629
50, 15670, 14, 65588, 65629
50, 15680, 14, 65529, 65529
50, 15690, 14, 65529, 65529
50, 15700, 14, 65529, 65529
50, 15710, 14, 65529, 65529
50, 15720, 14, 65529, 65529
50, 15730, 14, 65529, 65529
50, 15740, 14, 65382, 65529
50, 15750, 14, 65382, 65382
50, 15760, 14, 65382, 65382
50, 15770, 14, 65382, 65382
50, 15780, 14, 65382, 65382
50, 15790, 14, 65382, 65382
50, 15800, 14, 65382, 65382
50, 15810, 14, 65382, 65382
50, 15820, 14, 65382, 65382
50, 15830, 14, 65382, 65382
50, 15840, 14, 65382, 65382
50, 15850, 14, 65382, 65382
50, 15860, 14, 65382, 65382
50, 15870, 14, 65382, 65382
50, 15880, 14, 65382, 65382
50, 15890, 14, 65382, 65382
50, 15900, 14, 65382, 65382
50, 15910, 14, 65382, 65382
50, 15920, 14, 65382, 65382
50, 15930, 14, 65382, 65382
50, 15940, 14, 65382, 65382
50, 15950, 14, 65382, 65382
50, 15960, 14, 65382, 65382
50, 15970, 14, 65327, 65327
50, 15980, 14, 65327, 65327
50, 15990, 14, 65327, 65327
50, 16000, 14, 65327, 65327
50, 16010, 14, 65327, 65327
50, 16020, 14, 65327, 65327
50, 16030, 14, 65327, 65327
50, 16040, 14, 65327, 65327
50, 16050, 14, 65327, 65327
50, 16060, 14, 65327, 65327
50, 16070, 14, 65327, 65327
50, 16080, 14, 65327, 65327
50, 16090, 14, 65327, 65327
50, 16100, 14, 65327, 65327
50, 16110, 14, 65327, 65327
50, 16120, 14, 65327, 65327
50, 16130, 14, 65327, 65327
50, 16140, 14, 65327, 65327
50, 16150, 14, 65327, 65327
50, 16160, 14, 65327, 65327
50, 16170, 14, 65327, 65327
50, 16180, 14, 65327, 65327
50, 16190, 14, 65327, 65327
50, 16200, 14, 65327, 65327
50, 16210, 14, 65327, 65327
50, 16220, 14, 65327, 65327
50, 16230, 14, 65327, 65327
50, 16240, 14, 65327, 65327
50, 16250, 14, 65327, 65327
50, 16260, 14, 65327, 65327
50, 16270, 14, 65327, 65327
50, 16280, 14, 65327, 65327
50, 16290, 14, 65327, 65327
50, 16300, 14, 65327, 65327
50, 16310, 14, 65327, 65327
50, 16320, 14, 65327, 65327
50, 16330, 14, 65327, 65327
50, 16340, 14, 65327, 65327
50, 16350, 14, 65327, 65327
50, 16360, 14, 65327, 65327
50, 16370, 14, 65327, 65327
50, 16380, 14, 65327, 65327
50, 16390, 14, 65327, 65327
50, 16400, 14, 65327, 65327
50, 16410, 14, 65327, 65327
50, 16420, 14, 65327, 65327
50, 16430, 14, 65246, 65246
50, 16440, 14, 65237, 65237
50, 16450, 14, 65237, 65237
50, 16460, 14, 65237, 65237
50, 16470, 14, 65237, 65237
50, 16480, 14, 65237, 65237
50, 16490, 14, 65237, 65237
50, 16500, 14, 65237, 65237
50, 16510, 14, 65230, 65230
50, 16520, 14, 65230, 65230
50, 16530, 14, 65230, 65230
50, 16540, 14, 65230, 65230
50, 16550, 14, 65230, 65230
50, 16560, 14, 65230, 65230
50, 16570, 14, 65230, 65230
50, 16580, 14, 65129, 65230
50, 16590, 14, 65129, 65129
50, 16600, 14, 65129, 65129
50, 16610, 14, 65129, 65129
50, 16620, 14, 65053, 65129
50, 16630, 14, 65053, 65053
50, 16640, 14, 65053, 65053
50, 16650, 14, 65053, 65053
50, 16660, 14, 65053, 65053
50, 16670, 14, 65053, 65053
50, 16680, 14, 65053, 65053
50, 16690, 14, 65053, 65053
50, 16700, 14, 65053, 65053
50, 16710, 14, 65053, 65053
50, 16720, 14, 65053, 65053
50, 16730, 14, 65053, 65053
50, 16740, 14, 65053, 65053
50, 16750, 14, 65053, 65053
50, 16760, 14, 65053, 65053
50, 16770, 14, 65053, 65053
50, 16780, 14, 64621, 64621
50, 16790, 14, 64621, 64621
50, 16800, 14, 64621, 64621
50, 16810, 14, 64621, 64621
50, 16820, 14, 64621, 64621
50, 16830, 14, 64621, 64621
50, 16840, 14, 64621, 64621
50, 16850, 14, 64621, 64621
50, 16860, 14, 64621, 64621
50, 16870, 14, 64621, 64621
50, 16880, 14, 64621, 64621
50, 16890, 14, 64621, 64621
50, 16900, 14, 64621, 64621
50, 16910, 14, 64621, 64621
50, 16920, 14, 64621, 64621
50, 16930, 14, 64621, 64621
50, 16940, 14, 64621, 64621
50, 16950, 14, 64621, 64621
50, 16960, 14, 64621, 64621
50, 16970, 14, 64621, 64621
50, 16980, 14, 64621, 64621
50, 16990, 14, 64621, 64621
50, 17000, 14, 64621, 64621
50, 17010, 14, 64587, 64587
50, 17020, 14, 64587, 64587
50, 17030, 14, 64587, 64587
50, 17040, 14, 64587, 64587
50, 17050, 14, 64587, 64587
50, 17060, 14, 64587, 64587
50, 17070, 14, 64587, 64587
50, 17080, 14, 64587, 64587
50, 17090, 14, 64587, 64587
50, 17100, 14, 64587, 64587
50, 17110, 14, 64587, 64587
50, 17120, 14, 64587, 64587
50, 17130, 14, 64587, 64587
50, 17140, 14, 64587, 64587
50, 17150, 14, 64587, 64587
50, 17160, 14, 64587, 64587
50, 17170, 14, 64587, 64587
50, 17180, 14, 64587, 64587
50, 17190, 14, 64587, 64587
50, 17200, 14, 64587, 64587
50, 17210, 14, 64587, 64587
50, 17220, 14, 64504, 64504
50, 17230, 14, 64504, 64504
50, 17240, 14, 64504, 64504
50, 17250, 14, 64504, 64504
50, 17260, 14, 64504, 64504
50, 17270, 14, 64504, 64504
50, 17280, 14, 64504, 64504
50, 17290, 14, 64504, 64504
50, 17300, 14, 64504, 64504
50, 17310, 14, 64504, 64504
50, 17320, 14, 64504, 64504
50, 17330, 14, 64504, 64504
50, 17340, 14, 64504, 64504
50, 17350, 14, 64455, 64455
50, 17360, 14, 64455, 64455
50, 17370, 14, 64455, 64455
50, 17380, 14, 64455, 64455
50, 17390, 14, 64455, 64455
50, 17400, 14, 64455, 64455
50, 17410, 14, 64455, 64455
50, 17420, 14, 64455, 64455
50, 17430, 14, 64455, 64455
50, 17440, 14, 64455, 64455
50, 17450, 14, 64455, 64455
50, 17460, 14, 64455, 64455
50, 17470, 14, 64455, 64455
50, 17480, 14, 64455, 64455
50, 17490, 14, 64455, 64455
50, 17500, 14, 64455, 64455
50, 17510, 14, 64425, 64425
50, 17520, 14, 64425, 64425
50, 17530, 14, 64425, 64425
50, 17540, 14, 64425, 64425
50, 17550, 14, 64425, 64425
50, 17560, 14, 64425, 64425
50, 17570, 14, 64271, 64271
50, 17580, 14, 64271, 64271
50, 17590, 14, 64271, 64271
50, 17600, 14, 64271, 64271
50, 17610, 14, 64271, 64271
50, 17620, 14, 64271, 64271
50, 17630, 14, 64271, 64271
50, 17640, 14, 64271, 64271
50, 17650, 14, 64271, 64271
50, 17660, 14, 64271, 64271
50, 17670, 14, 64271, 64271
50, 17680, 14, 64271, 64271
50, 17690, 14, 64271, 64271
50, 17700, 14, 64271, 64271
50, 17710, 14, 64271, 64271
50, 17720, 14, 64271, 64271
50, 17730, 14, 64271, 64271
50, 17740, 14, 64271, 64271
50, 17750, 14, 64271, 64271
50, 17760, 14, 64271, 64271
50, 17770, 14, 64271, 64271
50, 17780, 14, 64271, 64271
50, 17790, 14, 64271, 64271
50, 17800, 14, 64271, 64271
50, 17810, 14, 64271, 64271
50, 17820, 14, 64271, 64271
50, 17830, 14, 64271, 64271
50, 17840, 14, 64271, 64271
50, 17850, 14, 64271, 64271
50, 17860, 14, 64271, 64271
50, 17870, 14, 64271, 64271
50, 17880, 14, 64271, 64271
50, 17890, 14, 64271, 64271
50, 17900, 14, 64271, 64271
50, 17910, 14, 64271, 64271
50, 17920, 14, 64271, 64271
50, 17930, 14, 64271, 64271
50, 17940, 14, 64271, 64271
50, 17950, 14, 64271, 64271
50, 17960, 14, 64271, 64271
50, 17970, 14, 64271, 64271
50, 17980, 14, 64271, 64271
50, 17990, 14, 64271, 64271
50, 18000, 14, 64271, 64271
50, 18010, 14, 64271, 64271
50, 18020, 14, 64271, 64271
50, 18030, 14, 64271, 64271
50, 18040, 14, 64271, 64271
50, 18050, 14, 64271, 64271
50, 18060, 14, 64271, 64271
50, 18070, 14, 64271, 64271
50, 18080, 14, 64271, 64271
50, 18090, 14, 64271, 64271
50, 18100, 14, 64271, 64271
50, 18110, 14, 64271, 64271
50, 18120, 14, 64271, 64271
50, 18130, 14, 64271, 64271
50, 18140, 14, 64271, 64271
50, 18150, 14, 64271, 64271
50, 18160, 14, 64271, 64271
50, 18170, 14, 64271, 64271
50, 18180, 14, 64271, 64271
50, 18190, 14, 64271, 64271
50, 18200, 14, 64271, 64271
50, 18210, 14, 64271, 64271
50, 18220, 14, 64271, 64271
50, 18230, 14, 64271, 64271
50, 18240, 14, 64271, 64271
50, 18250, 14, 64271, 64271
50, 18260, 14, 64271, 64271
50, 18270, 14, 64271, 64271
50, 18280, 14, 64271, 64271
50, 18290, 14, 64271, 64271
50, 18300, 14, 64271, 64271
50, 18310, 14, 63871, 63871
50, 18320, 14, 63871, 63871
50, 18330, 14, 63871, 63871
50, 18340, 14, 63871, 63871
50, 18350, 14, 63708, 63871
50, 18360, 14, 63650, 63708
50, 18370, 14, 63650, 63650
50, 18380, 14, 63650, 63650
50, 18390, 14, 63650, 63650
50, 18400, 14, 63650, 63650
50, 18410, 14, 63650, 63650
50, 18420, 14, 63650, 63650
50, 18430, 14, 63650, 63650
50, 18440, 14, 63650, 63650
50, 18450, 14, 63650, 63650
50, 18460, 14, 63650, 63650
50, 18470, 14, 63650, 63650
50, 18480, 14, 63650, 63650
50, 18490, 14, 63650, 63650
50, 18500, 14, 63650, 63650
50, 18510, 14, 63650, 63650
50, 18520, 14, 63650, 63650
50, 18530, 14, 63650, 63650
50, 18540, 14, 63650, 63650
50, 18550, 14, 63650, 63650
50, 18560, 14, 63650, 63650
50, 18570, 14, 63650, 63650
50, 18580, 14, 63650, 63650
50, 18590, 14, 63650, 63650
50, 18600, 14, 63650, 63650
50, 18610, 14, 63650, 63650
50, 18620, 14, 63650, 63650
50, 18630, 14, 63650, 63650
50, 18640, 14, 63650, 63650
50, 18650, 14, 63650, 63650
50, 18660, 14, 63650, 63650
50, 18670, 14, 63650, 63650
50, 18680, 14, 63650, 63650
50, 18690, 14, 63650, 63650
50, 18700, 14, 63650, 63650
50, 18710, 14, 63650, 63650
50, 18720, 14, 63650, 63650
50, 18730, 14, 63650, 63650
50, 18740, 14, 63650, 63650
50, 18750, 14, 63650, 63650
50, 18760, 14, 63650, 63650
50, 18770, 14, 63650, 63650
50, 18780, 14, 63650, 63650
50, 18790, 14, 63650, 63650
50, 18800, 14, 63650, 63650
50, 18810, 14, 63650, 63650
50, 18820, 14, 63650, 63650
50, 18830, 14, 63650, 63650
50, 18840, 14, 63650, 63650
50, 18850, 14, 63650, 63650
50, 18860, 14, 63634, 63634
50, 18870, 14, 63634, 63634
50, 18880, 14, 63634, 63634
50, 18890, 14, 63634, 63634
50, 18900, 14, 63634, 63634
50, 18910, 14, 63634, 63634
50, 18920, 14, 63634, 63634
50, 18930, 14, 63634, 63634
50, 18940, 14, 63634, 63634
50, 18950, 14, 63634, 63634
50, 18960, 14, 63634, 63634
50, 18970, 14, 63634, 63634
50, 18980, 14, 63634, 63634
50, 18990, 14, 63634, 63634
50, 19000, 14, 63634, 63634
50, 19010, 14, 63634, 63634
50, 19020, 14, 63634, 63634
50, 19030, 14, 63560, 63634
50, 19040, 14, 63560, 63560
50, 19050, 14, 63560, 63560
50, 19060, 14, 63560, 63560
50, 19070, 14, 63560, 63560
50, 19080, 14, 63560, 63560
50, 19090, 14, 63560, 63560
50, 19100, 14, 63560, 63560
50, 19110, 14, 63560, 63560
50, 19120, 14, 63560, 63560
50, 19130, 14, 63560, 63560
50, 19140, 14, 63560, 63560
50, 19150, 14, 63560, 63560
50, 19160, 14, 63560, 63560
50, 19170, 14, 63541, 63560
50, 19180, 14, 63541, 63541
50, 19190, 14, 63541, 63541
50, 19200, 14, 63541, 63541
50, 19210, 14, 63541, 63541
50, 19220, 14, 63541, 63541
50, 19230, 14, 63518, 63541
50, 19240, 14, 63518, 63518
50, 19250, 14, 63518, 63518
50, 19260, 14, 63518, 63518
50, 19270, 14, 63518, 63518
50, 19280, 14, 63518, 63518
50, 19290, 14, 63518, 63518
50, 19300, 14, 63518, 63518
50, 19310, 14, 63518, 63518
50, 19320, 14, 63518, 63518
50, 19330, 14, 63518, 63518
50, 19340, 14, 63518, 63518
50, 19350, 14, 63518, 63518
50, 19360, 14, 63518, 63518
50, 19370, 14, 63462, 63462
50, 19380, 14, 63430, 63430
50, 19390, 14, 63430, 63430
50, 19400, 14, 63430, 63430
50, 19410, 14, 63430, 63430
50, 19420, 14, 63430, 63430
50, 19430, 14, 63430, 63430
50, 19440, 14, 63430, 63430
50, 19450, 14, 63430, 63430
50, 19460, 14, 63430, 63430
50, 19470, 14, 63430, 63430
50, 19480, 14, 63430, 63430
50, 19490, 14, 63430, 63430
50, 19500, 14, 63430, 63430
50, 19510, 14, 63430, 63430
50, 19520, 14, 63430, 63430
50, 19530, 14, 63430, 63430
50, 19540, 14, 63430, 63430
50, 19550, 14, 63430, 63430
50, 19560, 14, 63427, 63427
50, 19570, 14, 63427, 63427
50, 19580, 14, 63427, 63427
50, 19590, 14, 63427, 63427
50, 19600, 14, 63405, 63405
50, 19610, 14, 63405, 63405
50, 19620, 14, 63405, 63405
50, 19630, 14, 63405, 63405
50, 19640, 14, 63405, 63405
50, 19650, 14, 63405, 63405
50, 19660, 14, 63405, 63405
50, 19670, 14, 63405, 63405
50, 19680, 14, 63303, 63303
50, 19690, 14, 63303, 63303
50, 19700, 14, 63303, 63303
50, 19710, 14, 63303, 63303
50, 19720, 14, 63303, 63303
50, 19730, 14, 63303, 63303
50, 19740, 14, 63303, 63303
50, 19750, 14, 63303, 63303
50, 19760, 14, 63303, 63303
50, 19770, 14, 63303, 63303
50, 19780, 14, 63303, 63303
50, 19790, 14, 63303, 63303
50, 19800, 14, 63303, 63303
50, 19810, 14, 63303, 63303
50, 19820, 14, 63303, 63303
50, 19830, 14, 63303, 63303
50, 19840, 14, 63303, 63303
50, 19850, 14, 63303, 63303
50, 19860, 14, 63303, 63303
50, 19870, 14, 63303, 63303
50, 19880, 14, 63303, 63303
50, 19890, 14, 63303, 63303
50, 19900, 14, 63303, 63303
50, 19910, 14, 63303, 63303
50, 19920, 14, 63303, 63303
50, 19930, 14, 63303, 63303
50, 19940, 14, 63303, 63303
50, 19950, 14, 63303, 63303
50, 19960, 14, 63303, 63303
50, 19970, 14, 63303, 63303
50, 19980, 14, 63303, 63303
50, 19990, 14, 63303, 63303
