Population Size, Generation Count, Repetition, Best Fitness, Median Fitness
100, 0, 18, 740724, 771799
100, 10, 18, 698300, 709816
100, 20, 18, 672565, 688463
100, 30, 18, 649941, 655717
100, 40, 18, 629797, 636258
100, 50, 18, 613977, 621053
100, 60, 18, 593705, 602667
100, 70, 18, 580139, 588072
100, 80, 18, 568032, 574520
100, 90, 18, 554630, 562315
100, 100, 18, 537411, 544750
100, 110, 18, 528161, 532655
100, 120, 18, 516810, 521235
100, 130, 18, 508647, 515224
100, 140, 18, 499354, 505334
100, 150, 18, 491029, 495795
100, 160, 18, 482692, 487378
100, 170, 18, 476430, 480019
100, 180, 18, 467566, 472841
100, 190, 18, 460455, 465544
100, 200, 18, 451772, 459345
100, 210, 18, 444764, 448756
100, 220, 18, 440549, 444064
100, 230, 18, 435457, 439552
100, 240, 18, 429706, 434096
100, 250, 18, 424427, 429102
100, 260, 18, 420367, 424140
100, 270, 18, 416227, 419611
100, 280, 18, 411650, 415406
100, 290, 18, 407716, 412697
100, 300, 18, 401639, 406970
100, 310, 18, 397605, 401853
100, 320, 18, 390944, 395141
100, 330, 18, 387203, 390476
100, 340, 18, 380269, 386700
100, 350, 18, 376343, 380212
100, 360, 18, 370478, 375852
100, 370, 18, 365437, 370279
100, 380, 18, 363186, 366154
100, 390, 18, 356411, 363412
100, 400, 18, 352287, 356654
100, 410, 18, 348890, 351496
100, 420, 18, 344005, 348106
100, 430, 18, 339388, 344245
100, 440, 18, 335288, 338855
100, 450, 18, 333082, 335939
100, 460, 18, 330648, 333564
100, 470, 18, 327527, 331576
100, 480, 18, 324877, 327955
100, 490, 18, 321863, 325474
100, 500, 18, 320947, 323527
100, 510, 18, 318068, 320455
100, 520, 18, 316220, 319209
100, 530, 18, 314281, 316703
100, 540, 18, 312331, 314507
100, 550, 18, 308416, 312822
100, 560, 18, 304843, 307821
100, 570, 18, 302315, 305903
100, 580, 18, 300215, 303476
100, 590, 18, 297874, 301889
100, 600, 18, 294405, 298426
100, 610, 18, 291664, 295000
100, 620, 18, 290903, 293964
100, 630, 18, 288987, 292039
100, 640, 18, 287178, 290188
100, 650, 18, 284863, 288699
100, 660, 18, 283225, 287383
100, 670, 18, 281528, 284534
100, 680, 18, 279523, 283739
100, 690, 18, 277244, 281503
100, 700, 18, 276052, 279371
100, 710, 18, 274095, 276689
100, 720, 18, 271782, 274851
100, 730, 18, 270134, 273084
100, 740, 18, 267491, 270843
100, 750, 18, 265098, 267932
100, 760, 18, 263076, 266804
100, 770, 18, 261148, 264388
100, 780, 18, 259407, 263161
100, 790, 18, 257838, 260875
100, 800, 18, 255118, 258751
100, 810, 18, 253183, 255943
100, 820, 18, 251773, 254295
100, 830, 18, 250286, 252759
100, 840, 18, 249041, 251418
100, 850, 18, 247416, 251354
100, 860, 18, 246249, 248647
100, 870, 18, 244613, 247928
100, 880, 18, 242045, 245309
100, 890, 18, 239570, 243675
100, 900, 18, 238870, 241183
100, 910, 18, 237056, 240505
100, 920, 18, 235869, 237191
100, 930, 18, 234852, 237098
100, 940, 18, 234019, 236064
100, 950, 18, 233036, 236259
100, 960, 18, 230804, 234548
100, 970, 18, 229521, 232855
100, 980, 18, 228313, 231079
100, 990, 18, 227528, 229629
100, 1000, 18, 226379, 228727
100, 1010, 18, 224859, 229407
100, 1020, 18, 222900, 226753
100, 1030, 18, 221506, 224837
100, 1040, 18, 220311, 223606
100, 1050, 18, 218659, 222477
100, 1060, 18, 217810, 221436
100, 1070, 18, 217064, 219642
100, 1080, 18, 216181, 219101
100, 1090, 18, 214911, 218749
100, 1100, 18, 212466, 216400
100, 1110, 18, 212192, 215448
100, 1120, 18, 210739, 213771
100, 1130, 18, 208340, 211916
100, 1140, 18, 206888, 210932
100, 1150, 18, 206091, 208518
100, 1160, 18, 205326, 207529
100, 1170, 18, 204275, 206658
100, 1180, 18, 202274, 204614
100, 1190, 18, 201482, 204803
100, 1200, 18, 199723, 203320
100, 1210, 18, 198436, 202762
100, 1220, 18, 197181, 199323
100, 1230, 18, 196592, 199298
100, 1240, 18, 195283, 198202
100, 1250, 18, 193984, 195620
100, 1260, 18, 192912, 195997
100, 1270, 18, 191950, 194728
100, 1280, 18, 188928, 193430
100, 1290, 18, 187626, 191098
100, 1300, 18, 187119, 189681
100, 1310, 18, 185765, 187559
100, 1320, 18, 184569, 187449
100, 1330, 18, 184446, 186974
100, 1340, 18, 183303, 186782
100, 1350, 18, 181755, 183965
100, 1360, 18, 180911, 183819
100, 1370, 18, 180634, 182104
100, 1380, 18, 180011, 183270
100, 1390, 18, 178928, 182972
100, 1400, 18, 178740, 182195
100, 1410, 18, 178459, 180228
100, 1420, 18, 177476, 180334
100, 1430, 18, 176879, 179334
100, 1440, 18, 176133, 178611
100, 1450, 18, 175545, 177008
100, 1460, 18, 174628, 178108
100, 1470, 18, 173640, 176683
100, 1480, 18, 173046, 176377
100, 1490, 18, 172583, 175190
100, 1500, 18, 171937, 173873
100, 1510, 18, 171284, 173939
100, 1520, 18, 170211, 173246
100, 1530, 18, 169687, 171316
100, 1540, 18, 169086, 173335
100, 1550, 18, 168727, 171461
100, 1560, 18, 168065, 172515
100, 1570, 18, 167603, 170615
100, 1580, 18, 167353, 171364
100, 1590, 18, 167072, 169734
100, 1600, 18, 166832, 169642
100, 1610, 18, 166040, 170051
100, 1620, 18, 165472, 168011
100, 1630, 18, 164823, 168139
100, 1640, 18, 164160, 166507
100, 1650, 18, 163956, 165995
100, 1660, 18, 163049, 165937
100, 1670, 18, 162726, 165271
100, 1680, 18, 161532, 165325
100, 1690, 18, 160535, 164457
100, 1700, 18, 159857, 162801
100, 1710, 18, 159425, 162190
100, 1720, 18, 158925, 161587
100, 1730, 18, 158353, 161316
100, 1740, 18, 157433, 160276
100, 1750, 18, 156931, 159979
100, 1760, 18, 156639, 159345
100, 1770, 18, 156010, 158931
100, 1780, 18, 155630, 158671
100, 1790, 18, 155336, 156974
100, 1800, 18, 155107, 157532
100, 1810, 18, 154666, 156084
100, 1820, 18, 154147, 157738
100, 1830, 18, 153882, 156351
100, 1840, 18, 153389, 156833
100, 1850, 18, 153303, 155637
100, 1860, 18, 152389, 155931
100, 1870, 18, 152034, 155821
100, 1880, 18, 151388, 153328
100, 1890, 18, 151171, 153600
100, 1900, 18, 150743, 153343
100, 1910, 18, 150247, 153082
100, 1920, 18, 150087, 153026
100, 1930, 18, 149812, 152003
100, 1940, 18, 149104, 152062
100, 1950, 18, 148306, 150479
100, 1960, 18, 148080, 150112
100, 1970, 18, 147638, 149334
100, 1980, 18, 147356, 149761
100, 1990, 18, 146971, 149953
100, 2000, 18, 146880, 149277
100, 2010, 18, 146682, 148907
100, 2020, 18, 146502, 148789
100, 2030, 18, 145875, 148662
100, 2040, 18, 145824, 148471
100, 2050, 18, 145624, 147865
100, 2060, 18, 145024, 147294
100, 2070, 18, 144492, 146002
100, 2080, 18, 142805, 145498
100, 2090, 18, 142232, 144571
100, 2100, 18, 142035, 144824
100, 2110, 18, 141186, 142981
100, 2120, 18, 140873, 143530
100, 2130, 18, 139713, 142703
100, 2140, 18, 139091, 141378
100, 2150, 18, 138649, 141126
100, 2160, 18, 138034, 140402
100, 2170, 18, 137596, 139773
100, 2180, 18, 137438, 140514
100, 2190, 18, 136848, 138993
100, 2200, 18, 136662, 139289
100, 2210, 18, 136184, 139026
100, 2220, 18, 135856, 138765
100, 2230, 18, 135669, 138152
100, 2240, 18, 135443, 137553
100, 2250, 18, 135300, 136600
100, 2260, 18, 134889, 137666
100, 2270, 18, 134622, 136704
100, 2280, 18, 133901, 136178
100, 2290, 18, 133503, 135550
100, 2300, 18, 133130, 135920
100, 2310, 18, 132977, 134980
100, 2320, 18, 131931, 134597
100, 2330, 18, 131587, 133471
100, 2340, 18, 130962, 134545
100, 2350, 18, 130414, 132189
100, 2360, 18, 129796, 133635
100, 2370, 18, 129427, 131566
100, 2380, 18, 129278, 131335
100, 2390, 18, 128915, 131352
100, 2400, 18, 128626, 131942
100, 2410, 18, 128306, 130193
100, 2420, 18, 128057, 130681
100, 2430, 18, 127596, 130010
100, 2440, 18, 127407, 129781
100, 2450, 18, 127288, 128075
100, 2460, 18, 127156, 129301
100, 2470, 18, 126576, 129182
100, 2480, 18, 126068, 127319
100, 2490, 18, 125918, 128232
100, 2500, 18, 125215, 126769
100, 2510, 18, 124664, 127305
100, 2520, 18, 124476, 126782
100, 2530, 18, 124210, 126670
100, 2540, 18, 124203, 126235
100, 2550, 18, 124091, 126460
100, 2560, 18, 124029, 126386
100, 2570, 18, 123743, 125994
100, 2580, 18, 123241, 126004
100, 2590, 18, 123038, 125988
100, 2600, 18, 123038, 125902
100, 2610, 18, 122404, 123997
100, 2620, 18, 122320, 125324
100, 2630, 18, 122078, 124996
100, 2640, 18, 121986, 122716
100, 2650, 18, 121830, 123721
100, 2660, 18, 121570, 123639
100, 2670, 18, 121428, 123109
100, 2680, 18, 120902, 122084
100, 2690, 18, 120758, 124147
100, 2700, 18, 120704, 122549
100, 2710, 18, 120280, 123047
100, 2720, 18, 120246, 122533
100, 2730, 18, 119813, 121531
100, 2740, 18, 119519, 121386
100, 2750, 18, 119002, 120657
100, 2760, 18, 118701, 122058
100, 2770, 18, 117966, 120504
100, 2780, 18, 117948, 119269
100, 2790, 18, 117333, 120166
100, 2800, 18, 117333, 121278
100, 2810, 18, 117102, 120402
100, 2820, 18, 117086, 119917
100, 2830, 18, 116749, 119716
100, 2840, 18, 116749, 120260
100, 2850, 18, 116496, 119029
100, 2860, 18, 116103, 118680
100, 2870, 18, 116103, 119122
100, 2880, 18, 115785, 118853
100, 2890, 18, 115337, 118624
100, 2900, 18, 115176, 118320
100, 2910, 18, 114693, 117908
100, 2920, 18, 114293, 116509
100, 2930, 18, 114039, 116342
100, 2940, 18, 113581, 117287
100, 2950, 18, 113563, 115829
100, 2960, 18, 113518, 116410
100, 2970, 18, 113252, 115615
100, 2980, 18, 113100, 115620
100, 2990, 18, 112781, 115731
100, 3000, 18, 112665, 114543
100, 3010, 18, 112489, 114841
100, 3020, 18, 112471, 114181
100, 3030, 18, 112231, 113876
100, 3040, 18, 112225, 114811
100, 3050, 18, 112225, 115023
100, 3060, 18, 112032, 114706
100, 3070, 18, 111743, 114312
100, 3080, 18, 111743, 114905
100, 3090, 18, 111589, 113819
100, 3100, 18, 111589, 114152
100, 3110, 18, 111171, 114397
100, 3120, 18, 110932, 113619
100, 3130, 18, 110791, 113459
100, 3140, 18, 110659, 112471
100, 3150, 18, 110659, 112952
100, 3160, 18, 110408, 113382
100, 3170, 18, 110254, 113089
100, 3180, 18, 110131, 112303
100, 3190, 18, 109807, 111981
100, 3200, 18, 109486, 113033
100, 3210, 18, 109363, 112195
100, 3220, 18, 109314, 110695
100, 3230, 18, 108991, 111173
100, 3240, 18, 108588, 110753
100, 3250, 18, 108588, 111327
100, 3260, 18, 108397, 110929
100, 3270, 18, 108281, 110866
100, 3280, 18, 108245, 110578
100, 3290, 18, 108045, 109707
100, 3300, 18, 107914, 108663
100, 3310, 18, 107858, 110194
100, 3320, 18, 107656, 109586
100, 3330, 18, 107267, 109497
100, 3340, 18, 106707, 108208
100, 3350, 18, 106707, 109253
100, 3360, 18, 106639, 108839
100, 3370, 18, 106441, 109171
100, 3380, 18, 105775, 109494
100, 3390, 18, 105592, 108152
100, 3400, 18, 105548, 108112
100, 3410, 18, 105108, 108754
100, 3420, 18, 105095, 107409
100, 3430, 18, 105030, 106930
100, 3440, 18, 104949, 107263
100, 3450, 18, 104782, 107410
100, 3460, 18, 104559, 107327
100, 3470, 18, 104418, 106812
100, 3480, 18, 104113, 106187
100, 3490, 18, 103923, 106566
100, 3500, 18, 103774, 105483
100, 3510, 18, 103472, 105386
100, 3520, 18, 103384, 105584
100, 3530, 18, 103310, 105316
100, 3540, 18, 103057, 104892
100, 3550, 18, 103044, 105176
100, 3560, 18, 102905, 105424
100, 3570, 18, 102355, 103998
100, 3580, 18, 102355, 104535
100, 3590, 18, 102058, 105279
100, 3600, 18, 101540, 105061
100, 3610, 18, 101475, 104750
100, 3620, 18, 101350, 103306
100, 3630, 18, 101316, 103630
100, 3640, 18, 101316, 102512
100, 3650, 18, 101193, 102299
100, 3660, 18, 100744, 101629
100, 3670, 18, 100415, 101766
100, 3680, 18, 100042, 102059
100, 3690, 18, 100042, 100642
100, 3700, 18, 100042, 101557
100, 3710, 18, 99831, 100931
100, 3720, 18, 99698, 102134
100, 3730, 18, 99684, 101857
100, 3740, 18, 99538, 102789
100, 3750, 18, 99188, 101935
100, 3760, 18, 98924, 100433
100, 3770, 18, 98742, 101613
100, 3780, 18, 98694, 101230
100, 3790, 18, 98494, 100201
100, 3800, 18, 98494, 101402
100, 3810, 18, 98298, 100964
100, 3820, 18, 98117, 100451
100, 3830, 18, 98092, 99896
100, 3840, 18, 97986, 99357
100, 3850, 18, 97860, 100148
100, 3860, 18, 97845, 100532
100, 3870, 18, 97738, 100697
100, 3880, 18, 97491, 99274
100, 3890, 18, 97248, 99072
100, 3900, 18, 97002, 98556
100, 3910, 18, 96885, 98743
100, 3920, 18, 96441, 99233
100, 3930, 18, 96434, 97873
100, 3940, 18, 96376, 97904
100, 3950, 18, 96239, 96789
100, 3960, 18, 95726, 98811
100, 3970, 18, 95609, 99001
100, 3980, 18, 95369, 98553
100, 3990, 18, 95245, 97907
100, 4000, 18, 95222, 97376
100, 4010, 18, 95046, 95222
100, 4020, 18, 94882, 96895
100, 4030, 18, 94514, 97682
100, 4040, 18, 94485, 95515
100, 4050, 18, 94029, 97257
100, 4060, 18, 93923, 96216
100, 4070, 18, 93783, 96676
100, 4080, 18, 93783, 96650
100, 4090, 18, 93280, 95723
100, 4100, 18, 93219, 96531
100, 4110, 18, 93021, 94475
100, 4120, 18, 92882, 94787
100, 4130, 18, 92569, 94517
100, 4140, 18, 92569, 94174
100, 4150, 18, 92352, 94516
100, 4160, 18, 92286, 94322
100, 4170, 18, 92276, 94390
100, 4180, 18, 92276, 93330
100, 4190, 18, 92276, 95486
100, 4200, 18, 92190, 94356
100, 4210, 18, 92154, 93555
100, 4220, 18, 91980, 94217
100, 4230, 18, 91980, 93874
100, 4240, 18, 91903, 93298
100, 4250, 18, 91868, 93396
100, 4260, 18, 91268, 92352
100, 4270, 18, 91060, 93754
100, 4280, 18, 90844, 93142
100, 4290, 18, 90620, 92075
100, 4300, 18, 90273, 92282
100, 4310, 18, 90273, 92777
100, 4320, 18, 90067, 90273
100, 4330, 18, 90067, 90120
100, 4340, 18, 90001, 92231
100, 4350, 18, 89752, 91644
100, 4360, 18, 89505, 90156
100, 4370, 18, 89245, 91258
100, 4380, 18, 88838, 91291
100, 4390, 18, 88773, 91085
100, 4400, 18, 88773, 90560
100, 4410, 18, 88772, 90438
100, 4420, 18, 88712, 90759
100, 4430, 18, 88544, 90066
100, 4440, 18, 88507, 90857
100, 4450, 18, 88444, 90143
100, 4460, 18, 88444, 90615
100, 4470, 18, 88444, 90361
100, 4480, 18, 88356, 90003
100, 4490, 18, 88240, 88951
100, 4500, 18, 88240, 89724
100, 4510, 18, 88183, 90467
100, 4520, 18, 88100, 89787
100, 4530, 18, 87796, 89825
100, 4540, 18, 87528, 89128
100, 4550, 18, 87528, 88670
100, 4560, 18, 87356, 89667
100, 4570, 18, 87291, 88609
100, 4580, 18, 87155, 88057
100, 4590, 18, 87054, 88560
100, 4600, 18, 86970, 89561
100, 4610, 18, 86932, 89032
100, 4620, 18, 86845, 88804
100, 4630, 18, 86730, 87843
100, 4640, 18, 86412, 88376
100, 4650, 18, 86215, 87266
100, 4660, 18, 86215, 88232
100, 4670, 18, 86110, 89027
100, 4680, 18, 85849, 88238
100, 4690, 18, 85754, 87549
100, 4700, 18, 85522, 85742
100, 4710, 18, 85205, 86278
100, 4720, 18, 85205, 87091
100, 4730, 18, 85205, 87011
100, 4740, 18, 85191, 87976
100, 4750, 18, 85191, 85445
100, 4760, 18, 85104, 86802
100, 4770, 18, 85104, 88115
100, 4780, 18, 84887, 87402
100, 4790, 18, 84846, 85772
100, 4800, 18, 84707, 86829
100, 4810, 18, 84707, 86372
100, 4820, 18, 84707, 86087
100, 4830, 18, 84642, 85717
100, 4840, 18, 84642, 85327
100, 4850, 18, 84509, 86153
100, 4860, 18, 84358, 86799
100, 4870, 18, 84308, 86053
100, 4880, 18, 84221, 86473
100, 4890, 18, 84125, 85624
100, 4900, 18, 84125, 84266
100, 4910, 18, 84079, 85594
100, 4920, 18, 84038, 87019
100, 4930, 18, 83982, 86668
100, 4940, 18, 83951, 85654
100, 4950, 18, 83893, 85826
100, 4960, 18, 83801, 85001
100, 4970, 18, 83801, 86195
100, 4980, 18, 83744, 84192
100, 4990, 18, 83605, 85144
100, 5000, 18, 83559, 85305
100, 5010, 18, 83436, 84424
100, 5020, 18, 83299, 84828
100, 5030, 18, 83093, 85834
100, 5040, 18, 83002, 84726
100, 5050, 18, 82569, 84447
100, 5060, 18, 82569, 83757
100, 5070, 18, 82321, 84585
100, 5080, 18, 82175, 84450
100, 5090, 18, 82175, 84774
100, 5100, 18, 82099, 82514
100, 5110, 18, 82009, 82640
100, 5120, 18, 81868, 84070
100, 5130, 18, 81868, 83876
100, 5140, 18, 81772, 85054
100, 5150, 18, 81772, 83015
100, 5160, 18, 81767, 83635
100, 5170, 18, 81767, 83378
100, 5180, 18, 81717, 81767
100, 5190, 18, 81649, 84070
100, 5200, 18, 81132, 84218
100, 5210, 18, 80929, 83872
100, 5220, 18, 80883, 84678
100, 5230, 18, 80814, 82514
100, 5240, 18, 80656, 83712
100, 5250, 18, 80599, 83368
100, 5260, 18, 80599, 80599
100, 5270, 18, 80599, 82825
100, 5280, 18, 80599, 81652
100, 5290, 18, 80502, 81203
100, 5300, 18, 80502, 80502
100, 5310, 18, 80476, 81831
100, 5320, 18, 80459, 82275
100, 5330, 18, 80459, 82194
100, 5340, 18, 80442, 82318
100, 5350, 18, 80432, 82026
100, 5360, 18, 80349, 82558
100, 5370, 18, 80116, 82810
100, 5380, 18, 80055, 82856
100, 5390, 18, 80055, 81410
100, 5400, 18, 80028, 80755
100, 5410, 18, 79941, 80897
100, 5420, 18, 79910, 81648
100, 5430, 18, 79910, 81553
100, 5440, 18, 79867, 80606
100, 5450, 18, 79803, 81567
100, 5460, 18, 79803, 81619
100, 5470, 18, 79744, 81513
100, 5480, 18, 79744, 81086
100, 5490, 18, 79744, 81200
100, 5500, 18, 79727, 81116
100, 5510, 18, 79697, 81690
100, 5520, 18, 79603, 80959
100, 5530, 18, 79406, 81265
100, 5540, 18, 79354, 80374
100, 5550, 18, 79231, 80828
100, 5560, 18, 79107, 79271
100, 5570, 18, 79007, 81636
100, 5580, 18, 79007, 80375
100, 5590, 18, 78984, 79793
100, 5600, 18, 78984, 81178
100, 5610, 18, 78964, 81450
100, 5620, 18, 78946, 80754
100, 5630, 18, 78751, 80134
100, 5640, 18, 78751, 80342
100, 5650, 18, 78724, 80888
100, 5660, 18, 78608, 80939
100, 5670, 18, 78203, 79951
100, 5680, 18, 78203, 80901
100, 5690, 18, 78118, 80183
100, 5700, 18, 78042, 80160
100, 5710, 18, 77958, 79402
100, 5720, 18, 77958, 80027
100, 5730, 18, 77958, 78793
100, 5740, 18, 77958, 77958
100, 5750, 18, 77958, 80580
100, 5760, 18, 77641, 79273
100, 5770, 18, 77641, 79627
100, 5780, 18, 77577, 78235
100, 5790, 18, 77577, 79292
100, 5800, 18, 77577, 79730
100, 5810, 18, 77574, 79517
100, 5820, 18, 77535, 79660
100, 5830, 18, 77535, 78935
100, 5840, 18, 77445, 79992
100, 5850, 18, 77362, 78830
100, 5860, 18, 77315, 79964
100, 5870, 18, 77277, 79032
100, 5880, 18, 77277, 78710
100, 5890, 18, 77277, 78792
100, 5900, 18, 77277, 78925
100, 5910, 18, 77243, 78862
100, 5920, 18, 77185, 79844
100, 5930, 18, 77155, 78732
100, 5940, 18, 77155, 78615
100, 5950, 18, 76980, 77155
100, 5960, 18, 76957, 77381
100, 5970, 18, 76957, 80030
100, 5980, 18, 76957, 78047
100, 5990, 18, 76956, 78807
100, 6000, 18, 76956, 77898
100, 6010, 18, 76956, 77043
100, 6020, 18, 76760, 78859
100, 6030, 18, 76760, 78142
100, 6040, 18, 76702, 79028
100, 6050, 18, 76688, 78235
100, 6060, 18, 76688, 79546
100, 6070, 18, 76670, 79027
100, 6080, 18, 76605, 77205
100, 6090, 18, 76525, 77732
100, 6100, 18, 76525, 77083
100, 6110, 18, 76525, 79955
100, 6120, 18, 76345, 77450
100, 6130, 18, 76266, 76345
100, 6140, 18, 76266, 78291
100, 6150, 18, 76266, 76526
100, 6160, 18, 76266, 77393
100, 6170, 18, 76145, 76945
100, 6180, 18, 76145, 76145
100, 6190, 18, 76145, 77806
100, 6200, 18, 76145, 77584
100, 6210, 18, 76145, 76914
100, 6220, 18, 75902, 77383
100, 6230, 18, 75902, 76043
100, 6240, 18, 75902, 75902
100, 6250, 18, 75866, 77400
100, 6260, 18, 75866, 76833
100, 6270, 18, 75866, 75866
100, 6280, 18, 75866, 77863
100, 6290, 18, 75866, 77235
100, 6300, 18, 75666, 76818
100, 6310, 18, 75666, 78187
100, 6320, 18, 75658, 75666
100, 6330, 18, 75538, 77149
100, 6340, 18, 75538, 76966
100, 6350, 18, 75414, 77116
100, 6360, 18, 75196, 77185
100, 6370, 18, 75196, 75196
100, 6380, 18, 75145, 75196
100, 6390, 18, 75145, 77337
100, 6400, 18, 75145, 75145
100, 6410, 18, 75094, 76905
100, 6420, 18, 75045, 76793
100, 6430, 18, 74791, 75045
100, 6440, 18, 74791, 74791
100, 6450, 18, 74791, 76512
100, 6460, 18, 74750, 76538
100, 6470, 18, 74745, 74750
100, 6480, 18, 74727, 76404
100, 6490, 18, 74727, 76403
100, 6500, 18, 74549, 75122
100, 6510, 18, 74545, 75545
100, 6520, 18, 74545, 74545
100, 6530, 18, 74545, 75912
100, 6540, 18, 74428, 75237
100, 6550, 18, 74428, 74428
100, 6560, 18, 74428, 74428
100, 6570, 18, 74243, 74648
100, 6580, 18, 74243, 76507
100, 6590, 18, 74243, 76778
100, 6600, 18, 74243, 75497
100, 6610, 18, 74243, 76450
100, 6620, 18, 74232, 74232
100, 6630, 18, 74222, 75415
100, 6640, 18, 74222, 76717
100, 6650, 18, 74222, 74420
100, 6660, 18, 74106, 76276
100, 6670, 18, 74023, 75426
100, 6680, 18, 74023, 75816
100, 6690, 18, 74023, 74615
100, 6700, 18, 73712, 73835
100, 6710, 18, 73635, 74481
100, 6720, 18, 73453, 76415
100, 6730, 18, 73395, 75405
100, 6740, 18, 73302, 74361
100, 6750, 18, 73266, 73986
100, 6760, 18, 73266, 74724
100, 6770, 18, 73266, 73266
100, 6780, 18, 73262, 75076
100, 6790, 18, 73262, 74353
100, 6800, 18, 73237, 74421
100, 6810, 18, 73149, 73237
100, 6820, 18, 73149, 74809
100, 6830, 18, 73091, 73208
100, 6840, 18, 73069, 74870
100, 6850, 18, 72910, 74775
100, 6860, 18, 72910, 72910
100, 6870, 18, 72910, 75157
100, 6880, 18, 72910, 74521
100, 6890, 18, 72910, 74692
100, 6900, 18, 72910, 74634
100, 6910, 18, 72750, 73225
100, 6920, 18, 72750, 72750
100, 6930, 18, 72750, 72750
100, 6940, 18, 72750, 74219
100, 6950, 18, 72722, 72750
100, 6960, 18, 72686, 72722
100, 6970, 18, 72542, 74456
100, 6980, 18, 72542, 73831
100, 6990, 18, 72542, 73652
100, 7000, 18, 72542, 72542
100, 7010, 18, 72432, 72542
100, 7020, 18, 72414, 74614
100, 7030, 18, 72392, 73911
100, 7040, 18, 72392, 73046
100, 7050, 18, 72352, 73405
100, 7060, 18, 72320, 73609
100, 7070, 18, 72202, 73611
100, 7080, 18, 72199, 73473
100, 7090, 18, 72118, 73815
100, 7100, 18, 72118, 72528
100, 7110, 18, 72053, 73230
100, 7120, 18, 72053, 72053
100, 7130, 18, 71873, 72973
100, 7140, 18, 71851, 73534
100, 7150, 18, 71751, 72512
100, 7160, 18, 71751, 73581
100, 7170, 18, 71751, 74227
100, 7180, 18, 71751, 72308
100, 7190, 18, 71620, 72998
100, 7200, 18, 71586, 73776
100, 7210, 18, 71586, 72050
100, 7220, 18, 71586, 71586
100, 7230, 18, 71470, 71586
100, 7240, 18, 71470, 71605
100, 7250, 18, 71346, 71402
100, 7260, 18, 71346, 73468
100, 7270, 18, 71346, 71346
100, 7280, 18, 71263, 73612
100, 7290, 18, 71263, 71958
100, 7300, 18, 71263, 71263
100, 7310, 18, 71263, 71263
100, 7320, 18, 71263, 72103
100, 7330, 18, 71263, 72263
100, 7340, 18, 71150, 72254
100, 7350, 18, 71102, 72121
100, 7360, 18, 70987, 71102
100, 7370, 18, 70933, 73402
100, 7380, 18, 70933, 71456
100, 7390, 18, 70933, 73037
100, 7400, 18, 70933, 72966
100, 7410, 18, 70933, 72775
100, 7420, 18, 70933, 72215
100, 7430, 18, 70908, 72016
100, 7440, 18, 70908, 70908
100, 7450, 18, 70908, 72559
100, 7460, 18, 70766, 70908
100, 7470, 18, 70546, 73174
100, 7480, 18, 70546, 70546
100, 7490, 18, 70546, 72499
100, 7500, 18, 70546, 71492
100, 7510, 18, 70491, 71893
100, 7520, 18, 70491, 73445
100, 7530, 18, 70491, 71715
100, 7540, 18, 70491, 70927
100, 7550, 18, 70428, 70491
100, 7560, 18, 70202, 71707
100, 7570, 18, 70202, 70802
100, 7580, 18, 70202, 70515
100, 7590, 18, 70202, 71708
100, 7600, 18, 70045, 70202
100, 7610, 18, 70045, 72323
100, 7620, 18, 70018, 71588
100, 7630, 18, 70018, 71485
100, 7640, 18, 70018, 70204
100, 7650, 18, 69824, 71175
100, 7660, 18, 69812, 69812
100, 7670, 18, 69812, 71616
100, 7680, 18, 69812, 69812
100, 7690, 18, 69812, 72441
100, 7700, 18, 69794, 69812
100, 7710, 18, 69794, 69794
100, 7720, 18, 69794, 69943
100, 7730, 18, 69394, 69794
100, 7740, 18, 69394, 72493
100, 7750, 18, 69394, 71219
100, 7760, 18, 69373, 71305
100, 7770, 18, 69373, 69373
100, 7780, 18, 69373, 69373
100, 7790, 18, 69373, 69373
100, 7800, 18, 69373, 70650
100, 7810, 18, 69373, 69373
100, 7820, 18, 69373, 70509
100, 7830, 18, 69373, 71128
100, 7840, 18, 69311, 69373
100, 7850, 18, 69311, 69311
100, 7860, 18, 69311, 70342
100, 7870, 18, 69194, 70664
100, 7880, 18, 69060, 69869
100, 7890, 18, 69060, 69275
100, 7900, 18, 69016, 69060
100, 7910, 18, 68940, 70395
100, 7920, 18, 68940, 68940
100, 7930, 18, 68857, 69131
100, 7940, 18, 68703, 71199
100, 7950, 18, 68703, 68703
100, 7960, 18, 68703, 70596
100, 7970, 18, 68703, 69501
100, 7980, 18, 68562, 68703
100, 7990, 18, 68562, 68562
100, 8000, 18, 68562, 69584
100, 8010, 18, 68562, 69575
100, 8020, 18, 68562, 68562
100, 8030, 18, 68562, 70052
100, 8040, 18, 68315, 68562
100, 8050, 18, 68315, 68315
100, 8060, 18, 68250, 68315
100, 8070, 18, 68189, 69174
100, 8080, 18, 68189, 68978
100, 8090, 18, 68189, 68189
100, 8100, 18, 68189, 68189
100, 8110, 18, 68161, 68673
100, 8120, 18, 68161, 69815
100, 8130, 18, 68161, 68161
100, 8140, 18, 68161, 68161
100, 8150, 18, 68052, 68161
100, 8160, 18, 68052, 68052
100, 8170, 18, 67994, 69025
100, 8180, 18, 67994, 67994
100, 8190, 18, 67969, 67994
100, 8200, 18, 67969, 69383
100, 8210, 18, 67908, 70120
100, 8220, 18, 67699, 68673
100, 8230, 18, 67699, 67699
100, 8240, 18, 67699, 67699
100, 8250, 18, 67699, 69521
100, 8260, 18, 67685, 68508
100, 8270, 18, 67685, 69744
100, 8280, 18, 67632, 68539
100, 8290, 18, 67632, 68909
100, 8300, 18, 67632, 67972
100, 8310, 18, 67632, 68065
100, 8320, 18, 67632, 67632
100, 8330, 18, 67632, 70304
100, 8340, 18, 67632, 67632
100, 8350, 18, 67632, 67632
100, 8360, 18, 67632, 67632
100, 8370, 18, 67632, 67632
100, 8380, 18, 67632, 67632
100, 8390, 18, 67617, 68573
100, 8400, 18, 67617, 67617
100, 8410, 18, 67595, 68403
100, 8420, 18, 67595, 68806
100, 8430, 18, 67595, 67595
100, 8440, 18, 67595, 67595
100, 8450, 18, 67595, 67595
100, 8460, 18, 67276, 68289
100, 8470, 18, 67276, 67276
100, 8480, 18, 67276, 67276
100, 8490, 18, 67142, 67160
100, 8500, 18, 67110, 67127
100, 8510, 18, 67110, 67110
100, 8520, 18, 67110, 67736
100, 8530, 18, 67110, 67110
100, 8540, 18, 67069, 68649
100, 8550, 18, 67069, 68211
100, 8560, 18, 67069, 67635
100, 8570, 18, 67069, 67069
100, 8580, 18, 67069, 68424
100, 8590, 18, 67069, 67856
100, 8600, 18, 67069, 67069
100, 8610, 18, 67069, 67069
100, 8620, 18, 67069, 67316
100, 8630, 18, 67069, 67069
100, 8640, 18, 66947, 68552
100, 8650, 18, 66947, 67800
100, 8660, 18, 66846, 66947
100, 8670, 18, 66818, 66846
100, 8680, 18, 66818, 66818
100, 8690, 18, 66753, 66818
100, 8700, 18, 66753, 66753
100, 8710, 18, 66753, 66753
100, 8720, 18, 66753, 69001
100, 8730, 18, 66753, 66753
100, 8740, 18, 66753, 66753
100, 8750, 18, 66438, 66753
100, 8760, 18, 66438, 66438
100, 8770, 18, 66438, 66438
100, 8780, 18, 66438, 66922
100, 8790, 18, 66438, 66438
100, 8800, 18, 66438, 66480
100, 8810, 18, 66438, 66438
100, 8820, 18, 66357, 66618
100, 8830, 18, 66357, 67719
100, 8840, 18, 66357, 67056
100, 8850, 18, 66357, 66357
100, 8860, 18, 66157, 66357
100, 8870, 18, 66157, 67120
100, 8880, 18, 66157, 67697
100, 8890, 18, 66157, 66157
100, 8900, 18, 66157, 67759
100, 8910, 18, 66157, 66357
100, 8920, 18, 66157, 66157
100, 8930, 18, 66157, 66157
100, 8940, 18, 66157, 66157
100, 8950, 18, 66157, 66157
100, 8960, 18, 66157, 66464
100, 8970, 18, 66157, 66157
100, 8980, 18, 66157, 66157
100, 8990, 18, 66157, 66157
100, 9000, 18, 66141, 67341
100, 9010, 18, 66141, 68013
100, 9020, 18, 66109, 66141
100, 9030, 18, 66109, 66109
100, 9040, 18, 66109, 67435
100, 9050, 18, 66109, 66333
100, 9060, 18, 66109, 67043
100, 9070, 18, 66109, 66109
100, 9080, 18, 66088, 68030
100, 9090, 18, 66036, 66088
100, 9100, 18, 66036, 66036
100, 9110, 18, 65999, 66620
100, 9120, 18, 65999, 67980
100, 9130, 18, 65999, 65999
100, 9140, 18, 65982, 65999
100, 9150, 18, 65982, 66247
100, 9160, 18, 65956, 65982
100, 9170, 18, 65956, 65956
100, 9180, 18, 65956, 65956
100, 9190, 18, 65914, 67395
100, 9200, 18, 65760, 65914
100, 9210, 18, 65760, 65760
100, 9220, 18, 65760, 67020
100, 9230, 18, 65760, 65760
100, 9240, 18, 65760, 66922
100, 9250, 18, 65760, 65760
100, 9260, 18, 65560, 65647
100, 9270, 18, 65560, 65560
100, 9280, 18, 65560, 66623
100, 9290, 18, 65560, 65560
100, 9300, 18, 65386, 65386
100, 9310, 18, 65266, 65266
100, 9320, 18, 65266, 65266
100, 9330, 18, 65266, 65266
100, 9340, 18, 65266, 65266
100, 9350, 18, 65266, 65266
100, 9360, 18, 65255, 66148
100, 9370, 18, 65255, 65402
100, 9380, 18, 65224, 65479
100, 9390, 18, 65224, 65940
100, 9400, 18, 65224, 65224
100, 9410, 18, 65224, 65224
100, 9420, 18, 65224, 65884
100, 9430, 18, 65224, 65224
100, 9440, 18, 65224, 65224
100, 9450, 18, 65224, 65224
100, 9460, 18, 65224, 65224
100, 9470, 18, 65167, 65224
100, 9480, 18, 65142, 65167
100, 9490, 18, 65142, 65142
100, 9500, 18, 65142, 66542
100, 9510, 18, 65142, 65142
100, 9520, 18, 65142, 65142
100, 9530, 18, 65142, 65142
100, 9540, 18, 65142, 66497
100, 9550, 18, 65142, 65142
100, 9560, 18, 65142, 65142
100, 9570, 18, 65142, 65142
100, 9580, 18, 65142, 65142
100, 9590, 18, 65142, 65142
100, 9600, 18, 65142, 65142
100, 9610, 18, 65142, 65142
100, 9620, 18, 65142, 65142
100, 9630, 18, 65142, 65142
100, 9640, 18, 65142, 65142
100, 9650, 18, 65142, 65142
100, 9660, 18, 65142, 65142
100, 9670, 18, 65142, 65142
100, 9680, 18, 65142, 65142
100, 9690, 18, 65142, 67333
100, 9700, 18, 65142, 66614
100, 9710, 18, 65135, 66607
100, 9720, 18, 65074, 65074
100, 9730, 18, 64933, 66244
100, 9740, 18, 64933, 65701
100, 9750, 18, 64851, 64933
100, 9760, 18, 64851, 66378
100, 9770, 18, 64809, 65466
100, 9780, 18, 64809, 64809
100, 9790, 18, 64793, 65864
100, 9800, 18, 64541, 64793
100, 9810, 18, 64541, 64541
100, 9820, 18, 64541, 64541
100, 9830, 18, 64438, 64513
100, 9840, 18, 64438, 64438
100, 9850, 18, 64438, 64438
100, 9860, 18, 64438, 64438
100, 9870, 18, 64438, 65438
100, 9880, 18, 64402, 65447
100, 9890, 18, 64219, 64219
100, 9900, 18, 64219, 64219
100, 9910, 18, 64219, 64219
100, 9920, 18, 64219, 64219
100, 9930, 18, 64186, 64186
100, 9940, 18, 64186, 65633
100, 9950, 18, 64186, 64186
100, 9960, 18, 64186, 64545
100, 9970, 18, 64186, 64186
100, 9980, 18, 64186, 64186
100, 9990, 18, 64186, 65695
100, 10000, 18, 63972, 64186
100, 10010, 18, 63972, 63972
100, 10020, 18, 63972, 64268
100, 10030, 18, 63971, 63972
100, 10040, 18, 63857, 63971
100, 10050, 18, 63857, 63857
100, 10060, 18, 63857, 63857
100, 10070, 18, 63857, 63857
100, 10080, 18, 63857, 63857
100, 10090, 18, 63857, 63857
100, 10100, 18, 63857, 63857
100, 10110, 18, 63857, 63857
100, 10120, 18, 63823, 65065
100, 10130, 18, 63823, 63823
100, 10140, 18, 63823, 63823
100, 10150, 18, 63823, 63823
100, 10160, 18, 63780, 63821
100, 10170, 18, 63780, 63780
100, 10180, 18, 63721, 63780
100, 10190, 18, 63602, 64258
100, 10200, 18, 63602, 63602
100, 10210, 18, 63602, 63602
100, 10220, 18, 63602, 65199
100, 10230, 18, 63602, 63602
100, 10240, 18, 63602, 63602
100, 10250, 18, 63602, 63602
100, 10260, 18, 63581, 63602
100, 10270, 18, 63581, 63581
100, 10280, 18, 63581, 63581
100, 10290, 18, 63581, 63581
100, 10300, 18, 63581, 63581
100, 10310, 18, 63581, 63581
100, 10320, 18, 63581, 63581
100, 10330, 18, 63557, 63581
100, 10340, 18, 63542, 63557
100, 10350, 18, 63542, 63542
100, 10360, 18, 63542, 63542
100, 10370, 18, 63542, 63542
100, 10380, 18, 63542, 63542
100, 10390, 18, 63542, 63542
100, 10400, 18, 63542, 63542
100, 10410, 18, 63542, 63542
100, 10420, 18, 63542, 63542
100, 10430, 18, 63542, 63542
100, 10440, 18, 63542, 63542
100, 10450, 18, 63426, 63426
100, 10460, 18, 63371, 63426
100, 10470, 18, 63371, 63371
100, 10480, 18, 63371, 63371
100, 10490, 18, 62964, 63288
100, 10500, 18, 62894, 62964
100, 10510, 18, 62894, 62894
100, 10520, 18, 62894, 62894
100, 10530, 18, 62894, 62894
100, 10540, 18, 62810, 62894
100, 10550, 18, 62810, 62810
100, 10560, 18, 62810, 64607
100, 10570, 18, 62810, 62810
100, 10580, 18, 62691, 62810
100, 10590, 18, 62691, 63031
100, 10600, 18, 62691, 62691
100, 10610, 18, 62691, 62691
100, 10620, 18, 62691, 62691
100, 10630, 18, 62691, 62691
100, 10640, 18, 62691, 62691
100, 10650, 18, 62691, 62691
100, 10660, 18, 62691, 62691
100, 10670, 18, 62691, 62691
100, 10680, 18, 62688, 64444
100, 10690, 18, 62688, 62688
100, 10700, 18, 62688, 62688
100, 10710, 18, 62688, 62688
100, 10720, 18, 62674, 62688
100, 10730, 18, 62402, 62956
100, 10740, 18, 62402, 62973
100, 10750, 18, 62402, 62402
100, 10760, 18, 62402, 62402
100, 10770, 18, 62402, 62402
100, 10780, 18, 62402, 62402
100, 10790, 18, 62402, 63438
100, 10800, 18, 62367, 62367
100, 10810, 18, 62367, 62367
100, 10820, 18, 62367, 62367
100, 10830, 18, 62213, 62213
100, 10840, 18, 62213, 62213
100, 10850, 18, 62213, 63033
100, 10860, 18, 62213, 62213
100, 10870, 18, 62213, 62213
100, 10880, 18, 62213, 62213
100, 10890, 18, 62130, 62213
100, 10900, 18, 62130, 62130
100, 10910, 18, 62130, 62163
100, 10920, 18, 62130, 62130
100, 10930, 18, 62130, 62130
100, 10940, 18, 62104, 62130
100, 10950, 18, 62104, 63591
100, 10960, 18, 62104, 62104
100, 10970, 18, 62104, 62104
100, 10980, 18, 62104, 62104
100, 10990, 18, 62104, 62266
100, 11000, 18, 62104, 62104
100, 11010, 18, 62104, 62104
100, 11020, 18, 62104, 62104
100, 11030, 18, 62104, 62104
100, 11040, 18, 62104, 62104
100, 11050, 18, 62104, 62104
100, 11060, 18, 62104, 62104
100, 11070, 18, 62092, 62104
100, 11080, 18, 62092, 62092
100, 11090, 18, 62092, 62092
100, 11100, 18, 62092, 62092
100, 11110, 18, 62092, 62092
100, 11120, 18, 62092, 62092
100, 11130, 18, 62092, 62092
100, 11140, 18, 62092, 62092
100, 11150, 18, 62092, 62092
100, 11160, 18, 62092, 62092
100, 11170, 18, 62092, 62092
100, 11180, 18, 62092, 62092
100, 11190, 18, 62092, 62092
100, 11200, 18, 62092, 62092
100, 11210, 18, 62092, 62092
100, 11220, 18, 62092, 62935
100, 11230, 18, 62092, 62092
100, 11240, 18, 62092, 62092
100, 11250, 18, 62044, 62092
100, 11260, 18, 62044, 62044
100, 11270, 18, 62044, 62044
100, 11280, 18, 62044, 62044
100, 11290, 18, 62044, 62044
100, 11300, 18, 62044, 62044
100, 11310, 18, 62044, 62044
100, 11320, 18, 62013, 62013
100, 11330, 18, 62013, 62013
100, 11340, 18, 61988, 62013
100, 11350, 18, 61988, 62970
100, 11360, 18, 61988, 61988
100, 11370, 18, 61988, 61988
100, 11380, 18, 61988, 61988
100, 11390, 18, 61988, 61988
100, 11400, 18, 61988, 61988
100, 11410, 18, 61988, 61988
100, 11420, 18, 61988, 61988
100, 11430, 18, 61988, 61988
100, 11440, 18, 61988, 61988
100, 11450, 18, 61988, 61988
100, 11460, 18, 61988, 61988
100, 11470, 18, 61988, 61988
100, 11480, 18, 61988, 61988
100, 11490, 18, 61988, 61988
100, 11500, 18, 61880, 61988
100, 11510, 18, 61880, 61880
100, 11520, 18, 61880, 61880
100, 11530, 18, 61880, 61880
100, 11540, 18, 61880, 63006
100, 11550, 18, 61880, 61880
100, 11560, 18, 61880, 61880
100, 11570, 18, 61880, 62306
100, 11580, 18, 61877, 61880
100, 11590, 18, 61877, 61877
100, 11600, 18, 61877, 61877
100, 11610, 18, 61877, 61877
100, 11620, 18, 61877, 62417
100, 11630, 18, 61877, 62562
100, 11640, 18, 61877, 61877
100, 11650, 18, 61774, 61774
100, 11660, 18, 61774, 61774
100, 11670, 18, 61774, 62292
100, 11680, 18, 61774, 62916
100, 11690, 18, 61774, 62859
100, 11700, 18, 61691, 61691
100, 11710, 18, 61630, 61691
100, 11720, 18, 61630, 61630
100, 11730, 18, 61630, 61630
100, 11740, 18, 61630, 61630
100, 11750, 18, 61630, 61630
100, 11760, 18, 61597, 61630
100, 11770, 18, 61597, 61597
100, 11780, 18, 61597, 61597
100, 11790, 18, 61513, 61597
100, 11800, 18, 61513, 61513
100, 11810, 18, 61513, 61513
100, 11820, 18, 61497, 61497
100, 11830, 18, 61497, 61497
100, 11840, 18, 61497, 61497
100, 11850, 18, 61475, 61497
100, 11860, 18, 61475, 61475
100, 11870, 18, 61324, 61324
100, 11880, 18, 61324, 62503
100, 11890, 18, 61324, 61324
100, 11900, 18, 61324, 61324
100, 11910, 18, 61324, 61324
100, 11920, 18, 61324, 61324
100, 11930, 18, 61223, 61223
100, 11940, 18, 61223, 61223
100, 11950, 18, 61223, 61223
100, 11960, 18, 61223, 61223
100, 11970, 18, 61223, 61223
100, 11980, 18, 61223, 61223
100, 11990, 18, 61171, 61223
100, 12000, 18, 61171, 61171
100, 12010, 18, 61171, 61171
100, 12020, 18, 61171, 61171
100, 12030, 18, 61171, 61171
100, 12040, 18, 61171, 61171
100, 12050, 18, 61171, 61171
100, 12060, 18, 61171, 61171
100, 12070, 18, 61171, 61171
100, 12080, 18, 61171, 61171
100, 12090, 18, 61171, 61171
100, 12100, 18, 61171, 61171
100, 12110, 18, 61150, 61171
100, 12120, 18, 61150, 61150
100, 12130, 18, 61150, 61150
100, 12140, 18, 61150, 61775
100, 12150, 18, 61150, 61150
100, 12160, 18, 61150, 61150
100, 12170, 18, 61150, 61150
100, 12180, 18, 61150, 61150
100, 12190, 18, 61150, 61150
100, 12200, 18, 61150, 61150
100, 12210, 18, 61150, 61150
100, 12220, 18, 61150, 61150
100, 12230, 18, 61150, 61150
100, 12240, 18, 61150, 61150
100, 12250, 18, 61150, 61150
100, 12260, 18, 61150, 61150
100, 12270, 18, 61150, 61150
100, 12280, 18, 61150, 61150
100, 12290, 18, 61150, 61150
100, 12300, 18, 60980, 61150
100, 12310, 18, 60980, 60980
100, 12320, 18, 60980, 60980
100, 12330, 18, 60980, 60980
100, 12340, 18, 60980, 60980
100, 12350, 18, 60980, 60980
100, 12360, 18, 60939, 60980
100, 12370, 18, 60939, 60939
100, 12380, 18, 60939, 60939
100, 12390, 18, 60939, 60939
100, 12400, 18, 60939, 60939
100, 12410, 18, 60939, 60939
100, 12420, 18, 60939, 60939
100, 12430, 18, 60816, 60939
100, 12440, 18, 60816, 60816
100, 12450, 18, 60816, 60816
100, 12460, 18, 60816, 60816
100, 12470, 18, 60816, 60816
100, 12480, 18, 60739, 60816
100, 12490, 18, 60739, 60739
100, 12500, 18, 60739, 60739
100, 12510, 18, 60739, 60739
100, 12520, 18, 60739, 60739
100, 12530, 18, 60739, 60739
100, 12540, 18, 60683, 60739
100, 12550, 18, 60683, 60683
100, 12560, 18, 60683, 60683
100, 12570, 18, 60683, 60683
100, 12580, 18, 60683, 60683
100, 12590, 18, 60683, 60683
100, 12600, 18, 60674, 60683
100, 12610, 18, 60674, 60674
100, 12620, 18, 60674, 60674
100, 12630, 18, 60674, 60674
100, 12640, 18, 60674, 60674
100, 12650, 18, 60674, 60674
100, 12660, 18, 60674, 60674
100, 12670, 18, 60674, 60674
100, 12680, 18, 60674, 60674
100, 12690, 18, 60674, 60674
100, 12700, 18, 60636, 60674
100, 12710, 18, 60636, 60636
100, 12720, 18, 60636, 60636
100, 12730, 18, 60557, 60636
100, 12740, 18, 60557, 60557
100, 12750, 18, 60557, 60557
100, 12760, 18, 60557, 60557
100, 12770, 18, 60557, 60557
100, 12780, 18, 60557, 60557
100, 12790, 18, 60557, 60557
100, 12800, 18, 60557, 60557
100, 12810, 18, 60557, 60781
100, 12820, 18, 60557, 60557
100, 12830, 18, 60557, 60557
100, 12840, 18, 60557, 60557
100, 12850, 18, 60557, 60557
100, 12860, 18, 60557, 60557
100, 12870, 18, 60375, 60375
100, 12880, 18, 60375, 60375
100, 12890, 18, 60375, 60375
100, 12900, 18, 60375, 60375
100, 12910, 18, 60375, 60375
100, 12920, 18, 60375, 60375
100, 12930, 18, 60375, 60375
100, 12940, 18, 60375, 60375
100, 12950, 18, 60375, 60375
100, 12960, 18, 60245, 60375
100, 12970, 18, 60245, 60245
100, 12980, 18, 60177, 60245
100, 12990, 18, 60177, 60177
100, 13000, 18, 60177, 60177
100, 13010, 18, 60177, 60177
100, 13020, 18, 60054, 60054
100, 13030, 18, 60029, 60054
100, 13040, 18, 60029, 60029
100, 13050, 18, 60029, 60029
100, 13060, 18, 59963, 60029
100, 13070, 18, 59963, 59963
100, 13080, 18, 59963, 59963
100, 13090, 18, 59963, 59963
100, 13100, 18, 59963, 59963
100, 13110, 18, 59963, 59963
100, 13120, 18, 59929, 59963
100, 13130, 18, 59929, 59929
100, 13140, 18, 59929, 59929
100, 13150, 18, 59929, 59929
100, 13160, 18, 59929, 59929
100, 13170, 18, 59929, 59929
100, 13180, 18, 59929, 59929
100, 13190, 18, 59929, 59929
100, 13200, 18, 59929, 59929
100, 13210, 18, 59929, 59929
100, 13220, 18, 59929, 59929
100, 13230, 18, 59929, 59929
100, 13240, 18, 59929, 59929
100, 13250, 18, 59929, 59929
100, 13260, 18, 59929, 59929
100, 13270, 18, 59929, 59929
100, 13280, 18, 59929, 59929
100, 13290, 18, 59929, 59929
100, 13300, 18, 59929, 59929
100, 13310, 18, 59892, 59929
100, 13320, 18, 59892, 59892
100, 13330, 18, 59892, 59892
100, 13340, 18, 59892, 59892
100, 13350, 18, 59892, 59892
100, 13360, 18, 59892, 59892
100, 13370, 18, 59892, 59892
100, 13380, 18, 59892, 59892
100, 13390, 18, 59771, 59771
100, 13400, 18, 59688, 59771
100, 13410, 18, 59688, 59688
100, 13420, 18, 59688, 59688
100, 13430, 18, 59688, 59688
100, 13440, 18, 59688, 59688
100, 13450, 18, 59688, 59688
100, 13460, 18, 59688, 59688
100, 13470, 18, 59688, 59688
100, 13480, 18, 59623, 59688
100, 13490, 18, 59623, 59623
100, 13500, 18, 59623, 59623
100, 13510, 18, 59623, 59623
100, 13520, 18, 59623, 59623
100, 13530, 18, 59623, 59623
100, 13540, 18, 59623, 59623
100, 13550, 18, 59623, 59623
100, 13560, 18, 59623, 59623
100, 13570, 18, 59623, 59623
100, 13580, 18, 59623, 59623
100, 13590, 18, 59623, 59623
100, 13600, 18, 59623, 59623
100, 13610, 18, 59623, 59623
100, 13620, 18, 59623, 59623
100, 13630, 18, 59623, 59623
100, 13640, 18, 59623, 59623
100, 13650, 18, 59623, 59623
100, 13660, 18, 59623, 59623
100, 13670, 18, 59551, 59551
100, 13680, 18, 59551, 59551
100, 13690, 18, 59534, 59551
100, 13700, 18, 59534, 59534
100, 13710, 18, 59392, 59534
100, 13720, 18, 59392, 59392
100, 13730, 18, 59392, 59392
100, 13740, 18, 59392, 59392
100, 13750, 18, 59392, 59392
100, 13760, 18, 59307, 59392
100, 13770, 18, 59307, 59307
100, 13780, 18, 59266, 59307
100, 13790, 18, 59266, 59266
100, 13800, 18, 59266, 59266
100, 13810, 18, 59266, 59266
100, 13820, 18, 59266, 59266
100, 13830, 18, 59266, 59266
100, 13840, 18, 59266, 59266
100, 13850, 18, 59266, 59266
100, 13860, 18, 59222, 59222
100, 13870, 18, 59222, 59222
100, 13880, 18, 59222, 59222
100, 13890, 18, 59222, 59222
100, 13900, 18, 59222, 59222
100, 13910, 18, 59222, 59222
100, 13920, 18, 59222, 59222
100, 13930, 18, 59222, 59222
100, 13940, 18, 59222, 59222
100, 13950, 18, 59222, 59222
100, 13960, 18, 59222, 59222
100, 13970, 18, 59222, 59222
100, 13980, 18, 59222, 59222
100, 13990, 18, 59222, 59222
100, 14000, 18, 59222, 59222
100, 14010, 18, 59222, 59222
100, 14020, 18, 59222, 59222
100, 14030, 18, 59222, 59222
100, 14040, 18, 59222, 59222
100, 14050, 18, 59222, 59222
100, 14060, 18, 59222, 59222
100, 14070, 18, 59158, 59222
100, 14080, 18, 59158, 59158
100, 14090, 18, 59158, 59158
100, 14100, 18, 59158, 59158
100, 14110, 18, 59158, 59158
100, 14120, 18, 59158, 59158
100, 14130, 18, 59158, 59158
100, 14140, 18, 59158, 59158
100, 14150, 18, 59158, 59158
100, 14160, 18, 59158, 59158
100, 14170, 18, 59158, 59158
100, 14180, 18, 59158, 59158
100, 14190, 18, 59158, 59158
100, 14200, 18, 59158, 59158
100, 14210, 18, 59158, 59158
100, 14220, 18, 59158, 59158
100, 14230, 18, 59158, 59158
100, 14240, 18, 59158, 59158
100, 14250, 18, 59158, 59158
100, 14260, 18, 59158, 59158
100, 14270, 18, 59156, 59156
100, 14280, 18, 59156, 59156
100, 14290, 18, 59156, 59156
100, 14300, 18, 59156, 59156
100, 14310, 18, 59156, 59156
100, 14320, 18, 59156, 59156
100, 14330, 18, 59156, 59156
100, 14340, 18, 59156, 59156
100, 14350, 18, 59156, 59156
100, 14360, 18, 59156, 59156
100, 14370, 18, 59156, 59156
100, 14380, 18, 59139, 59139
100, 14390, 18, 59139, 59139
100, 14400, 18, 59139, 59139
100, 14410, 18, 59139, 59139
100, 14420, 18, 59139, 59139
100, 14430, 18, 59139, 59139
100, 14440, 18, 59139, 59139
100, 14450, 18, 59139, 59139
100, 14460, 18, 59139, 59139
100, 14470, 18, 59139, 59139
100, 14480, 18, 59139, 59139
100, 14490, 18, 59139, 59139
100, 14500, 18, 59139, 59139
100, 14510, 18, 59139, 59139
100, 14520, 18, 59106, 59139
100, 14530, 18, 59072, 59106
100, 14540, 18, 59072, 59072
100, 14550, 18, 59072, 59072
100, 14560, 18, 59064, 59072
100, 14570, 18, 59064, 59064
100, 14580, 18, 59064, 59064
100, 14590, 18, 59026, 59064
100, 14600, 18, 59026, 59026
100, 14610, 18, 59026, 59026
100, 14620, 18, 59026, 59026
100, 14630, 18, 59026, 59026
100, 14640, 18, 59026, 59026
100, 14650, 18, 59026, 59026
100, 14660, 18, 59026, 59026
100, 14670, 18, 59026, 59026
100, 14680, 18, 59026, 59026
100, 14690, 18, 59026, 59026
100, 14700, 18, 59026, 59026
100, 14710, 18, 58826, 59026
100, 14720, 18, 58768, 58768
100, 14730, 18, 58768, 58768
100, 14740, 18, 58768, 58768
100, 14750, 18, 58768, 58768
100, 14760, 18, 58755, 58768
100, 14770, 18, 58755, 58755
100, 14780, 18, 58755, 58755
100, 14790, 18, 58755, 58755
100, 14800, 18, 58755, 58755
100, 14810, 18, 58755, 58755
100, 14820, 18, 58755, 58755
100, 14830, 18, 58755, 58755
100, 14840, 18, 58755, 58755
100, 14850, 18, 58755, 58755
100, 14860, 18, 58755, 58755
100, 14870, 18, 58755, 58755
100, 14880, 18, 58755, 58755
100, 14890, 18, 58755, 58755
100, 14900, 18, 58755, 58755
100, 14910, 18, 58588, 58588
100, 14920, 18, 58588, 58588
100, 14930, 18, 58588, 58588
100, 14940, 18, 58588, 58588
100, 14950, 18, 58588, 58588
100, 14960, 18, 58510, 58588
100, 14970, 18, 58510, 58510
100, 14980, 18, 58510, 58510
100, 14990, 18, 58510, 58510
100, 15000, 18, 58510, 58510
100, 15010, 18, 58479, 58479
100, 15020, 18, 58479, 58479
100, 15030, 18, 58479, 58479
100, 15040, 18, 58479, 58479
100, 15050, 18, 58479, 58479
100, 15060, 18, 58479, 58479
100, 15070, 18, 58479, 58479
100, 15080, 18, 58479, 58479
100, 15090, 18, 58479, 58479
100, 15100, 18, 58479, 58479
100, 15110, 18, 58479, 58479
100, 15120, 18, 58479, 58479
100, 15130, 18, 58479, 58479
100, 15140, 18, 58479, 58479
100, 15150, 18, 58479, 58479
100, 15160, 18, 58479, 58479
100, 15170, 18, 58479, 58479
100, 15180, 18, 58479, 58479
100, 15190, 18, 58479, 58479
100, 15200, 18, 58479, 58479
100, 15210, 18, 58479, 58479
100, 15220, 18, 58479, 58479
100, 15230, 18, 58479, 58479
100, 15240, 18, 58479, 58479
100, 15250, 18, 58479, 58479
100, 15260, 18, 58479, 58479
100, 15270, 18, 58479, 58479
100, 15280, 18, 58479, 58479
100, 15290, 18, 58479, 58479
100, 15300, 18, 58479, 58479
100, 15310, 18, 58479, 58479
100, 15320, 18, 58456, 58456
100, 15330, 18, 58456, 58456
100, 15340, 18, 58456, 58456
100, 15350, 18, 58456, 58456
100, 15360, 18, 58456, 58456
100, 15370, 18, 58456, 58456
100, 15380, 18, 58456, 58456
100, 15390, 18, 58456, 58456
100, 15400, 18, 58456, 58456
100, 15410, 18, 58456, 58456
100, 15420, 18, 58456, 58456
100, 15430, 18, 58456, 58456
100, 15440, 18, 58456, 58456
100, 15450, 18, 58456, 58456
100, 15460, 18, 58456, 58456
100, 15470, 18, 58456, 58456
100, 15480, 18, 58456, 58456
100, 15490, 18, 58456, 58456
100, 15500, 18, 58456, 58456
100, 15510, 18, 58456, 58456
100, 15520, 18, 58456, 58456
100, 15530, 18, 58456, 58456
100, 15540, 18, 58456, 58456
100, 15550, 18, 58456, 58456
100, 15560, 18, 58456, 58456
100, 15570, 18, 58456, 58456
100, 15580, 18, 58456, 58456
100, 15590, 18, 58456, 58456
100, 15600, 18, 58456, 58456
100, 15610, 18, 58301, 58456
100, 15620, 18, 58301, 58301
100, 15630, 18, 58301, 58301
100, 15640, 18, 58054, 58054
100, 15650, 18, 58054, 58054
100, 15660, 18, 58054, 58054
100, 15670, 18, 58054, 58054
100, 15680, 18, 58054, 58054
100, 15690, 18, 58054, 58054
100, 15700, 18, 58054, 58054
100, 15710, 18, 58054, 58054
100, 15720, 18, 58034, 58054
100, 15730, 18, 58034, 58034
100, 15740, 18, 58034, 58034
100, 15750, 18, 58034, 58034
100, 15760, 18, 58034, 58034
100, 15770, 18, 57893, 58034
100, 15780, 18, 57893, 57893
100, 15790, 18, 57810, 57810
100, 15800, 18, 57810, 57810
100, 15810, 18, 57810, 57810
100, 15820, 18, 57810, 57810
100, 15830, 18, 57810, 57810
100, 15840, 18, 57810, 57810
100, 15850, 18, 57810, 57810
100, 15860, 18, 57810, 57810
100, 15870, 18, 57810, 57810
100, 15880, 18, 57810, 57810
100, 15890, 18, 57810, 57810
100, 15900, 18, 57810, 57810
100, 15910, 18, 57810, 57810
100, 15920, 18, 57810, 57810
100, 15930, 18, 57810, 57810
100, 15940, 18, 57810, 57810
100, 15950, 18, 57810, 57810
100, 15960, 18, 57810, 57810
100, 15970, 18, 57810, 57810
100, 15980, 18, 57810, 57810
100, 15990, 18, 57810, 57810
100, 16000, 18, 57810, 57810
100, 16010, 18, 57810, 57810
100, 16020, 18, 57810, 57810
100, 16030, 18, 57810, 57810
100, 16040, 18, 57810, 57810
100, 16050, 18, 57810, 57810
100, 16060, 18, 57810, 57810
100, 16070, 18, 57810, 57810
100, 16080, 18, 57810, 57810
100, 16090, 18, 57810, 57810
100, 16100, 18, 57810, 57810
100, 16110, 18, 57810, 57810
100, 16120, 18, 57810, 57810
100, 16130, 18, 57810, 57810
100, 16140, 18, 57810, 57810
100, 16150, 18, 57810, 57810
100, 16160, 18, 57810, 57810
100, 16170, 18, 57723, 57810
100, 16180, 18, 57723, 57723
100, 16190, 18, 57723, 57723
100, 16200, 18, 57723, 57723
100, 16210, 18, 57723, 57723
100, 16220, 18, 57723, 57723
100, 16230, 18, 57723, 57723
100, 16240, 18, 57723, 57723
100, 16250, 18, 57723, 57723
100, 16260, 18, 57723, 57723
100, 16270, 18, 57723, 57723
100, 16280, 18, 57723, 57723
100, 16290, 18, 57723, 57723
100, 16300, 18, 57723, 57723
100, 16310, 18, 57723, 57723
100, 16320, 18, 57723, 57723
100, 16330, 18, 57721, 57721
100, 16340, 18, 57721, 57721
100, 16350, 18, 57721, 57721
100, 16360, 18, 57721, 57721
100, 16370, 18, 57721, 57721
100, 16380, 18, 57721, 57721
100, 16390, 18, 57721, 57721
100, 16400, 18, 57721, 57721
100, 16410, 18, 57721, 57721
100, 16420, 18, 57721, 57721
100, 16430, 18, 57721, 57721
100, 16440, 18, 57721, 57721
100, 16450, 18, 57721, 57721
100, 16460, 18, 57721, 57721
100, 16470, 18, 57721, 57721
100, 16480, 18, 57721, 57721
100, 16490, 18, 57721, 57721
100, 16500, 18, 57721, 57721
100, 16510, 18, 57721, 57721
100, 16520, 18, 57721, 57721
100, 16530, 18, 57721, 57721
100, 16540, 18, 57721, 57721
100, 16550, 18, 57721, 57721
100, 16560, 18, 57721, 57721
100, 16570, 18, 57721, 57721
100, 16580, 18, 57721, 57721
100, 16590, 18, 57721, 57721
100, 16600, 18, 57721, 57721
100, 16610, 18, 57680, 57721
100, 16620, 18, 57680, 57680
100, 16630, 18, 57680, 57680
100, 16640, 18, 57680, 57680
100, 16650, 18, 57680, 57680
100, 16660, 18, 57680, 57680
100, 16670, 18, 57680, 57680
100, 16680, 18, 57680, 57680
100, 16690, 18, 57680, 57680
100, 16700, 18, 57680, 57680
100, 16710, 18, 57680, 57680
100, 16720, 18, 57680, 57680
100, 16730, 18, 57680, 57680
100, 16740, 18, 57680, 57680
100, 16750, 18, 57680, 57680
100, 16760, 18, 57680, 57680
100, 16770, 18, 57680, 57680
100, 16780, 18, 57680, 57680
100, 16790, 18, 57680, 57680
100, 16800, 18, 57680, 57680
100, 16810, 18, 57680, 57680
100, 16820, 18, 57655, 57680
100, 16830, 18, 57655, 57655
100, 16840, 18, 57655, 57655
100, 16850, 18, 57655, 57655
100, 16860, 18, 57655, 57655
100, 16870, 18, 57655, 57655
100, 16880, 18, 57655, 57655
100, 16890, 18, 57655, 57655
100, 16900, 18, 57655, 57655
100, 16910, 18, 57655, 57655
100, 16920, 18, 57655, 57655
100, 16930, 18, 57655, 57655
100, 16940, 18, 57655, 57655
100, 16950, 18, 57655, 57655
100, 16960, 18, 57655, 57655
100, 16970, 18, 57655, 57655
100, 16980, 18, 57655, 57655
100, 16990, 18, 57655, 57655
100, 17000, 18, 57655, 57655
100, 17010, 18, 57655, 57655
100, 17020, 18, 57652, 57655
100, 17030, 18, 57652, 57652
100, 17040, 18, 57652, 57652
100, 17050, 18, 57652, 57652
100, 17060, 18, 57652, 57652
100, 17070, 18, 57652, 57652
100, 17080, 18, 57652, 57652
100, 17090, 18, 57652, 57652
100, 17100, 18, 57652, 57652
100, 17110, 18, 57652, 57652
100, 17120, 18, 57652, 57652
100, 17130, 18, 57652, 57652
100, 17140, 18, 57652, 57652
100, 17150, 18, 57648, 57652
100, 17160, 18, 57566, 57648
100, 17170, 18, 57533, 57566
100, 17180, 18, 57533, 57533
100, 17190, 18, 57533, 57533
100, 17200, 18, 57533, 57533
100, 17210, 18, 57533, 57533
100, 17220, 18, 57533, 57533
100, 17230, 18, 57533, 57533
100, 17240, 18, 57533, 57533
100, 17250, 18, 57533, 57533
100, 17260, 18, 57533, 57533
100, 17270, 18, 57533, 57533
100, 17280, 18, 57533, 57533
100, 17290, 18, 57533, 57533
100, 17300, 18, 57533, 57533
100, 17310, 18, 57533, 57533
100, 17320, 18, 57533, 57533
100, 17330, 18, 57533, 57533
100, 17340, 18, 57533, 57533
100, 17350, 18, 57501, 57501
100, 17360, 18, 57501, 57501
100, 17370, 18, 57501, 57501
100, 17380, 18, 57501, 57501
100, 17390, 18, 57501, 57501
100, 17400, 18, 57501, 57501
100, 17410, 18, 57501, 57501
100, 17420, 18, 57501, 57501
100, 17430, 18, 57501, 57501
100, 17440, 18, 57467, 57467
100, 17450, 18, 57467, 57467
100, 17460, 18, 57467, 57467
100, 17470, 18, 57467, 57467
100, 17480, 18, 57467, 57467
100, 17490, 18, 57467, 57467
100, 17500, 18, 57467, 57467
100, 17510, 18, 57467, 57467
100, 17520, 18, 57467, 57467
100, 17530, 18, 57467, 57467
100, 17540, 18, 57467, 57467
100, 17550, 18, 57467, 57467
100, 17560, 18, 57467, 57467
100, 17570, 18, 57467, 57467
100, 17580, 18, 57467, 57467
100, 17590, 18, 57467, 57467
100, 17600, 18, 57467, 57467
100, 17610, 18, 57467, 57467
100, 17620, 18, 57467, 57467
100, 17630, 18, 57467, 57467
100, 17640, 18, 57453, 57467
100, 17650, 18, 57453, 57453
100, 17660, 18, 57453, 57453
100, 17670, 18, 57453, 57453
100, 17680, 18, 57453, 57453
100, 17690, 18, 57453, 57453
100, 17700, 18, 57453, 57453
100, 17710, 18, 57453, 57453
100, 17720, 18, 57453, 57453
100, 17730, 18, 57453, 57453
100, 17740, 18, 57453, 57453
100, 17750, 18, 57453, 57453
100, 17760, 18, 57453, 57453
100, 17770, 18, 57453, 57453
100, 17780, 18, 57453, 57453
100, 17790, 18, 57453, 57453
100, 17800, 18, 57453, 57453
100, 17810, 18, 57453, 57453
100, 17820, 18, 57453, 57453
100, 17830, 18, 57412, 57453
100, 17840, 18, 57412, 57412
100, 17850, 18, 57412, 57412
100, 17860, 18, 57412, 57412
100, 17870, 18, 57412, 57412
100, 17880, 18, 57412, 57412
100, 17890, 18, 57412, 57412
100, 17900, 18, 57412, 57412
100, 17910, 18, 57412, 57412
100, 17920, 18, 57412, 57412
100, 17930, 18, 57412, 57412
100, 17940, 18, 57412, 57412
100, 17950, 18, 57412, 57412
100, 17960, 18, 57412, 57412
100, 17970, 18, 57412, 57412
100, 17980, 18, 57412, 57412
100, 17990, 18, 57412, 57412
100, 18000, 18, 57412, 57412
100, 18010, 18, 57412, 57412
100, 18020, 18, 57397, 57412
100, 18030, 18, 57397, 57397
100, 18040, 18, 57362, 57397
100, 18050, 18, 57362, 57362
100, 18060, 18, 57362, 57362
100, 18070, 18, 57286, 57286
100, 18080, 18, 57286, 57286
100, 18090, 18, 57286, 57286
100, 18100, 18, 57286, 57286
100, 18110, 18, 57286, 57286
100, 18120, 18, 57286, 57286
100, 18130, 18, 57286, 57286
100, 18140, 18, 57286, 57286
100, 18150, 18, 57286, 57286
100, 18160, 18, 57286, 57286
100, 18170, 18, 57286, 57286
100, 18180, 18, 57286, 57286
100, 18190, 18, 57286, 57286
100, 18200, 18, 57286, 57286
100, 18210, 18, 57286, 57286
100, 18220, 18, 57286, 57286
100, 18230, 18, 57286, 57286
100, 18240, 18, 57286, 57286
100, 18250, 18, 57286, 57286
100, 18260, 18, 57286, 57286
100, 18270, 18, 57286, 57286
100, 18280, 18, 57286, 57286
100, 18290, 18, 57286, 57286
100, 18300, 18, 57286, 57286
100, 18310, 18, 57286, 57286
100, 18320, 18, 57286, 57286
100, 18330, 18, 57286, 57286
100, 18340, 18, 57286, 57286
100, 18350, 18, 57286, 57286
100, 18360, 18, 57286, 57286
100, 18370, 18, 57286, 57286
100, 18380, 18, 57286, 57286
100, 18390, 18, 57286, 57286
100, 18400, 18, 57286, 57286
100, 18410, 18, 57286, 57286
100, 18420, 18, 57286, 57286
100, 18430, 18, 57286, 57286
100, 18440, 18, 57286, 57286
100, 18450, 18, 57286, 57286
100, 18460, 18, 57286, 57286
100, 18470, 18, 57286, 57286
100, 18480, 18, 57286, 57286
100, 18490, 18, 57286, 57286
100, 18500, 18, 57286, 57286
100, 18510, 18, 57286, 57286
100, 18520, 18, 57264, 57264
100, 18530, 18, 57264, 57264
100, 18540, 18, 57264, 57264
100, 18550, 18, 57264, 57264
100, 18560, 18, 57264, 57264
100, 18570, 18, 57264, 57264
100, 18580, 18, 57264, 57264
100, 18590, 18, 57264, 57264
100, 18600, 18, 57264, 57264
100, 18610, 18, 57264, 57264
100, 18620, 18, 57264, 57264
100, 18630, 18, 57264, 57264
100, 18640, 18, 57264, 57264
100, 18650, 18, 57264, 57264
100, 18660, 18, 57264, 57264
100, 18670, 18, 57264, 57264
100, 18680, 18, 57264, 57264
100, 18690, 18, 57264, 57264
100, 18700, 18, 57264, 57264
100, 18710, 18, 57264, 57264
100, 18720, 18, 57264, 57264
100, 18730, 18, 57264, 57264
100, 18740, 18, 57264, 57264
100, 18750, 18, 57264, 57264
100, 18760, 18, 57264, 57264
100, 18770, 18, 57264, 57264
100, 18780, 18, 57264, 57264
100, 18790, 18, 57264, 57264
100, 18800, 18, 57264, 57264
100, 18810, 18, 57264, 57264
100, 18820, 18, 57264, 57264
100, 18830, 18, 57264, 57264
100, 18840, 18, 57264, 57264
100, 18850, 18, 57264, 57264
100, 18860, 18, 57264, 57264
100, 18870, 18, 57264, 57264
100, 18880, 18, 57264, 57264
100, 18890, 18, 57264, 57264
100, 18900, 18, 57264, 57264
100, 18910, 18, 57264, 57264
100, 18920, 18, 57264, 57264
100, 18930, 18, 57264, 57264
100, 18940, 18, 57264, 57264
100, 18950, 18, 57264, 57264
100, 18960, 18, 57264, 57264
100, 18970, 18, 57264, 57264
100, 18980, 18, 57264, 57264
100, 18990, 18, 57264, 57264
100, 19000, 18, 57264, 57264
100, 19010, 18, 57264, 57264
100, 19020, 18, 57264, 57264
100, 19030, 18, 57264, 57264
100, 19040, 18, 57264, 57264
100, 19050, 18, 57264, 57264
100, 19060, 18, 57264, 57264
100, 19070, 18, 57264, 57264
100, 19080, 18, 57264, 57264
100, 19090, 18, 57264, 57264
100, 19100, 18, 57264, 57264
100, 19110, 18, 57264, 57264
100, 19120, 18, 57264, 57264
100, 19130, 18, 57264, 57264
100, 19140, 18, 57264, 57264
100, 19150, 18, 57264, 57264
100, 19160, 18, 57264, 57264
100, 19170, 18, 57264, 57264
100, 19180, 18, 57264, 57264
100, 19190, 18, 57264, 57264
100, 19200, 18, 57264, 57264
100, 19210, 18, 57264, 57264
100, 19220, 18, 57264, 57264
100, 19230, 18, 57264, 57264
100, 19240, 18, 57264, 57264
100, 19250, 18, 57264, 57264
100, 19260, 18, 57264, 57264
100, 19270, 18, 57264, 57264
100, 19280, 18, 57264, 57264
100, 19290, 18, 57264, 57264
100, 19300, 18, 57211, 57264
100, 19310, 18, 57211, 57211
100, 19320, 18, 57211, 57211
100, 19330, 18, 57211, 57211
100, 19340, 18, 57211, 57211
100, 19350, 18, 57211, 57211
100, 19360, 18, 57211, 57211
100, 19370, 18, 57211, 57211
100, 19380, 18, 57211, 57211
100, 19390, 18, 57211, 57211
100, 19400, 18, 57211, 57211
100, 19410, 18, 57211, 57211
100, 19420, 18, 57211, 57211
100, 19430, 18, 57211, 57211
100, 19440, 18, 57211, 57211
100, 19450, 18, 57209, 57209
100, 19460, 18, 57209, 57209
100, 19470, 18, 57209, 57209
100, 19480, 18, 57209, 57209
100, 19490, 18, 57209, 57209
100, 19500, 18, 57209, 57209
100, 19510, 18, 57209, 57209
100, 19520, 18, 57209, 57209
100, 19530, 18, 57209, 57209
100, 19540, 18, 57209, 57209
100, 19550, 18, 57209, 57209
100, 19560, 18, 57209, 57209
100, 19570, 18, 57209, 57209
100, 19580, 18, 57185, 57185
100, 19590, 18, 57185, 57185
100, 19600, 18, 57185, 57185
100, 19610, 18, 57185, 57185
100, 19620, 18, 57185, 57185
100, 19630, 18, 57185, 57185
100, 19640, 18, 57185, 57185
100, 19650, 18, 57185, 57185
100, 19660, 18, 57185, 57185
100, 19670, 18, 57185, 57185
100, 19680, 18, 57185, 57185
100, 19690, 18, 57185, 57185
100, 19700, 18, 57143, 57185
100, 19710, 18, 57143, 57143
100, 19720, 18, 57143, 57143
100, 19730, 18, 57143, 57143
100, 19740, 18, 57143, 57143
100, 19750, 18, 57143, 57143
100, 19760, 18, 57143, 57143
100, 19770, 18, 57143, 57143
100, 19780, 18, 57143, 57143
100, 19790, 18, 57143, 57143
100, 19800, 18, 57143, 57143
100, 19810, 18, 57143, 57143
100, 19820, 18, 57143, 57143
100, 19830, 18, 57143, 57143
100, 19840, 18, 57143, 57143
100, 19850, 18, 57143, 57143
100, 19860, 18, 57143, 57143
100, 19870, 18, 57143, 57143
100, 19880, 18, 57143, 57143
100, 19890, 18, 57143, 57143
100, 19900, 18, 57143, 57143
100, 19910, 18, 57143, 57143
100, 19920, 18, 57143, 57143
100, 19930, 18, 57143, 57143
100, 19940, 18, 57143, 57143
100, 19950, 18, 57143, 57143
100, 19960, 18, 57143, 57143
100, 19970, 18, 57066, 57143
100, 19980, 18, 57066, 57066
100, 19990, 18, 57066, 57066
