Population Size, Generation Count, Repetition, Best Fitness, Median Fitness
50, 0, 27, 731848, 766428
50, 10, 27, 702785, 706550
50, 20, 27, 682169, 687962
50, 30, 27, 666859, 670292
50, 40, 27, 650345, 656165
50, 50, 27, 633950, 640506
50, 60, 27, 618887, 623686
50, 70, 27, 600090, 607115
50, 80, 27, 590641, 593879
50, 90, 27, 577700, 581382
50, 100, 27, 570088, 573860
50, 110, 27, 556303, 562631
50, 120, 27, 545577, 550958
50, 130, 27, 538342, 542869
50, 140, 27, 527859, 533222
50, 150, 27, 515518, 521385
50, 160, 27, 504815, 511506
50, 170, 27, 499245, 502847
50, 180, 27, 491358, 498072
50, 190, 27, 480910, 486441
50, 200, 27, 474757, 479058
50, 210, 27, 464504, 469818
50, 220, 27, 458807, 462635
50, 230, 27, 453336, 456650
50, 240, 27, 444876, 451651
50, 250, 27, 442431, 446094
50, 260, 27, 437052, 441556
50, 270, 27, 431235, 435476
50, 280, 27, 427020, 429266
50, 290, 27, 415656, 421705
50, 300, 27, 411883, 415540
50, 310, 27, 408781, 412790
50, 320, 27, 404817, 408282
50, 330, 27, 400347, 404425
50, 340, 27, 397499, 400031
50, 350, 27, 393632, 397404
50, 360, 27, 388401, 393416
50, 370, 27, 382774, 386749
50, 380, 27, 378385, 381772
50, 390, 27, 376712, 379023
50, 400, 27, 374330, 375663
50, 410, 27, 371025, 374418
50, 420, 27, 365315, 370059
50, 430, 27, 362100, 365614
50, 440, 27, 357404, 361655
50, 450, 27, 356027, 358125
50, 460, 27, 353187, 356385
50, 470, 27, 349092, 352854
50, 480, 27, 347718, 349804
50, 490, 27, 344489, 348370
50, 500, 27, 341996, 345061
50, 510, 27, 339538, 342117
50, 520, 27, 334699, 338804
50, 530, 27, 330664, 335854
50, 540, 27, 328207, 330699
50, 550, 27, 323724, 327581
50, 560, 27, 321215, 325362
50, 570, 27, 318434, 322791
50, 580, 27, 316225, 319650
50, 590, 27, 312115, 316647
50, 600, 27, 309618, 313346
50, 610, 27, 306294, 310187
50, 620, 27, 304207, 307926
50, 630, 27, 301399, 305663
50, 640, 27, 299802, 302213
50, 650, 27, 297242, 302310
50, 660, 27, 296415, 298654
50, 670, 27, 294000, 297335
50, 680, 27, 291339, 295660
50, 690, 27, 290483, 293879
50, 700, 27, 288485, 291112
50, 710, 27, 284609, 288820
50, 720, 27, 283069, 286846
50, 730, 27, 281463, 283927
50, 740, 27, 279863, 282108
50, 750, 27, 277060, 281030
50, 760, 27, 274337, 278746
50, 770, 27, 274235, 276329
50, 780, 27, 271070, 275548
50, 790, 27, 269538, 272422
50, 800, 27, 268106, 269828
50, 810, 27, 267188, 271414
50, 820, 27, 265594, 269475
50, 830, 27, 264049, 266969
50, 840, 27, 262938, 266677
50, 850, 27, 261811, 265024
50, 860, 27, 259830, 260916
50, 870, 27, 257369, 261514
50, 880, 27, 256649, 258995
50, 890, 27, 255708, 258955
50, 900, 27, 254327, 255406
50, 910, 27, 253374, 256176
50, 920, 27, 251740, 255515
50, 930, 27, 250978, 252805
50, 940, 27, 249963, 252395
50, 950, 27, 248508, 251712
50, 960, 27, 247255, 249917
50, 970, 27, 246899, 250966
50, 980, 27, 244890, 247820
50, 990, 27, 243693, 247092
50, 1000, 27, 242175, 245837
50, 1010, 27, 241721, 243233
50, 1020, 27, 240855, 243400
50, 1030, 27, 238573, 240932
50, 1040, 27, 237532, 239658
50, 1050, 27, 235097, 238643
50, 1060, 27, 234098, 237318
50, 1070, 27, 233657, 236585
50, 1080, 27, 233147, 237853
50, 1090, 27, 231728, 233798
50, 1100, 27, 230597, 233395
50, 1110, 27, 229603, 233731
50, 1120, 27, 228549, 230900
50, 1130, 27, 226865, 230155
50, 1140, 27, 226389, 231407
50, 1150, 27, 225409, 229096
50, 1160, 27, 224346, 224943
50, 1170, 27, 223313, 226552
50, 1180, 27, 223043, 225154
50, 1190, 27, 222009, 225145
50, 1200, 27, 221747, 224929
50, 1210, 27, 221497, 222106
50, 1220, 27, 220705, 224250
50, 1230, 27, 219432, 221556
50, 1240, 27, 218783, 223213
50, 1250, 27, 216889, 220024
50, 1260, 27, 215967, 217190
50, 1270, 27, 214527, 217780
50, 1280, 27, 213649, 217469
50, 1290, 27, 211204, 215843
50, 1300, 27, 210904, 211592
50, 1310, 27, 209890, 210904
50, 1320, 27, 208965, 211593
50, 1330, 27, 207441, 211345
50, 1340, 27, 206352, 208384
50, 1350, 27, 205069, 207706
50, 1360, 27, 204527, 207893
50, 1370, 27, 204057, 206453
50, 1380, 27, 203728, 204481
50, 1390, 27, 203049, 206032
50, 1400, 27, 202781, 205541
50, 1410, 27, 201437, 205730
50, 1420, 27, 200882, 205237
50, 1430, 27, 199839, 201903
50, 1440, 27, 198545, 202706
50, 1450, 27, 197895, 201104
50, 1460, 27, 197276, 200756
50, 1470, 27, 196681, 199787
50, 1480, 27, 196513, 198601
50, 1490, 27, 196071, 198865
50, 1500, 27, 195704, 198387
50, 1510, 27, 194825, 197587
50, 1520, 27, 194010, 197644
50, 1530, 27, 194010, 195781
50, 1540, 27, 193406, 195592
50, 1550, 27, 192921, 195835
50, 1560, 27, 192341, 195593
50, 1570, 27, 192159, 193446
50, 1580, 27, 191485, 195048
50, 1590, 27, 191355, 193321
50, 1600, 27, 190086, 193908
50, 1610, 27, 189787, 193360
50, 1620, 27, 189297, 191108
50, 1630, 27, 188272, 191212
50, 1640, 27, 187604, 191370
50, 1650, 27, 187091, 188926
50, 1660, 27, 186508, 188232
50, 1670, 27, 185958, 187851
50, 1680, 27, 185758, 187969
50, 1690, 27, 185758, 187827
50, 1700, 27, 185488, 187663
50, 1710, 27, 184924, 187242
50, 1720, 27, 184039, 185120
50, 1730, 27, 182573, 185032
50, 1740, 27, 181695, 184559
50, 1750, 27, 181120, 185235
50, 1760, 27, 180753, 182213
50, 1770, 27, 178847, 183207
50, 1780, 27, 178564, 181399
50, 1790, 27, 178210, 180583
50, 1800, 27, 178194, 180459
50, 1810, 27, 177783, 181054
50, 1820, 27, 177446, 180476
50, 1830, 27, 176500, 179204
50, 1840, 27, 176278, 179726
50, 1850, 27, 175742, 178796
50, 1860, 27, 175246, 178533
50, 1870, 27, 175021, 177221
50, 1880, 27, 174877, 176793
50, 1890, 27, 174072, 176673
50, 1900, 27, 173595, 177062
50, 1910, 27, 172474, 175304
50, 1920, 27, 172226, 175052
50, 1930, 27, 172065, 175297
50, 1940, 27, 171181, 176286
50, 1950, 27, 170400, 173171
50, 1960, 27, 169276, 172074
50, 1970, 27, 168670, 171910
50, 1980, 27, 168181, 170459
50, 1990, 27, 167817, 170621
50, 2000, 27, 166786, 169737
50, 2010, 27, 166122, 167735
50, 2020, 27, 165881, 170884
50, 2030, 27, 165222, 169635
50, 2040, 27, 164446, 168763
50, 2050, 27, 163866, 166783
50, 2060, 27, 163865, 164738
50, 2070, 27, 162550, 164953
50, 2080, 27, 162233, 165084
50, 2090, 27, 162057, 164424
50, 2100, 27, 160852, 164686
50, 2110, 27, 160626, 161443
50, 2120, 27, 160334, 161852
50, 2130, 27, 160183, 162962
50, 2140, 27, 159377, 160921
50, 2150, 27, 158602, 159827
50, 2160, 27, 158112, 161102
50, 2170, 27, 157670, 160039
50, 2180, 27, 157150, 161136
50, 2190, 27, 156940, 158714
50, 2200, 27, 156656, 160165
50, 2210, 27, 156231, 158874
50, 2220, 27, 155957, 158292
50, 2230, 27, 155671, 156944
50, 2240, 27, 154942, 156232
50, 2250, 27, 154513, 155685
50, 2260, 27, 154198, 157110
50, 2270, 27, 153525, 155779
50, 2280, 27, 153042, 156792
50, 2290, 27, 152533, 155719
50, 2300, 27, 151277, 153792
50, 2310, 27, 151119, 155331
50, 2320, 27, 150929, 152307
50, 2330, 27, 150884, 153557
50, 2340, 27, 150310, 152623
50, 2350, 27, 149542, 152313
50, 2360, 27, 149142, 151658
50, 2370, 27, 148600, 151060
50, 2380, 27, 148427, 151240
50, 2390, 27, 147925, 151003
50, 2400, 27, 147464, 150280
50, 2410, 27, 147464, 150167
50, 2420, 27, 147143, 147983
50, 2430, 27, 146907, 148339
50, 2440, 27, 146649, 149024
50, 2450, 27, 146571, 149431
50, 2460, 27, 146211, 148902
50, 2470, 27, 146067, 148707
50, 2480, 27, 145804, 148351
50, 2490, 27, 145327, 147445
50, 2500, 27, 145269, 146563
50, 2510, 27, 144926, 147926
50, 2520, 27, 144575, 146038
50, 2530, 27, 144399, 144575
50, 2540, 27, 143628, 147211
50, 2550, 27, 143288, 145156
50, 2560, 27, 142868, 145635
50, 2570, 27, 142683, 145786
50, 2580, 27, 141959, 145431
50, 2590, 27, 141477, 144021
50, 2600, 27, 140858, 144022
50, 2610, 27, 140646, 143461
50, 2620, 27, 140341, 143588
50, 2630, 27, 140179, 141773
50, 2640, 27, 140076, 143677
50, 2650, 27, 139537, 142673
50, 2660, 27, 139259, 142436
50, 2670, 27, 139234, 141651
50, 2680, 27, 139234, 142881
50, 2690, 27, 138845, 141508
50, 2700, 27, 138587, 141429
50, 2710, 27, 138318, 141974
50, 2720, 27, 138151, 141132
50, 2730, 27, 138151, 139894
50, 2740, 27, 137931, 140822
50, 2750, 27, 137858, 139459
50, 2760, 27, 137038, 140357
50, 2770, 27, 136086, 139092
50, 2780, 27, 136086, 139607
50, 2790, 27, 135998, 138053
50, 2800, 27, 135928, 137994
50, 2810, 27, 135523, 137905
50, 2820, 27, 135123, 138793
50, 2830, 27, 134951, 135113
50, 2840, 27, 134767, 137255
50, 2850, 27, 134100, 137067
50, 2860, 27, 133576, 137794
50, 2870, 27, 132919, 137064
50, 2880, 27, 132802, 135213
50, 2890, 27, 132682, 134856
50, 2900, 27, 132287, 133205
50, 2910, 27, 132194, 133956
50, 2920, 27, 131940, 132860
50, 2930, 27, 131700, 133033
50, 2940, 27, 131689, 133726
50, 2950, 27, 131524, 133463
50, 2960, 27, 131096, 133455
50, 2970, 27, 130867, 134357
50, 2980, 27, 130778, 134057
50, 2990, 27, 130567, 131019
50, 3000, 27, 130309, 133769
50, 3010, 27, 130225, 133358
50, 3020, 27, 129927, 130135
50, 3030, 27, 129704, 132509
50, 3040, 27, 129639, 130801
50, 3050, 27, 129512, 132304
50, 3060, 27, 129334, 132174
50, 3070, 27, 129247, 129334
50, 3080, 27, 129192, 132394
50, 3090, 27, 128654, 130614
50, 3100, 27, 128280, 131283
50, 3110, 27, 128079, 131993
50, 3120, 27, 128079, 132112
50, 3130, 27, 128079, 131316
50, 3140, 27, 128079, 130807
50, 3150, 27, 127939, 129698
50, 3160, 27, 127939, 130368
50, 3170, 27, 127614, 128820
50, 3180, 27, 127558, 129733
50, 3190, 27, 127558, 129850
50, 3200, 27, 127558, 130500
50, 3210, 27, 127158, 129255
50, 3220, 27, 126648, 129367
50, 3230, 27, 126556, 130364
50, 3240, 27, 126390, 126648
50, 3250, 27, 126248, 129587
50, 3260, 27, 125933, 130966
50, 3270, 27, 125628, 128220
50, 3280, 27, 125428, 129593
50, 3290, 27, 125312, 128207
50, 3300, 27, 125046, 128506
50, 3310, 27, 124951, 127311
50, 3320, 27, 124835, 127706
50, 3330, 27, 124822, 126599
50, 3340, 27, 124592, 126671
50, 3350, 27, 124070, 124636
50, 3360, 27, 124070, 127797
50, 3370, 27, 123668, 126036
50, 3380, 27, 123379, 126895
50, 3390, 27, 123296, 126950
50, 3400, 27, 122396, 124981
50, 3410, 27, 122214, 124439
50, 3420, 27, 122214, 123612
50, 3430, 27, 122032, 123793
50, 3440, 27, 122032, 124840
50, 3450, 27, 121340, 123851
50, 3460, 27, 121340, 124388
50, 3470, 27, 121248, 123261
50, 3480, 27, 121168, 124012
50, 3490, 27, 121105, 123141
50, 3500, 27, 121105, 121105
50, 3510, 27, 120794, 124747
50, 3520, 27, 120725, 120794
50, 3530, 27, 120712, 123232
50, 3540, 27, 120392, 121484
50, 3550, 27, 120392, 122658
50, 3560, 27, 120204, 122684
50, 3570, 27, 119949, 122338
50, 3580, 27, 119831, 123222
50, 3590, 27, 119814, 122957
50, 3600, 27, 119760, 120213
50, 3610, 27, 119610, 122193
50, 3620, 27, 119518, 121423
50, 3630, 27, 118867, 120234
50, 3640, 27, 118560, 121160
50, 3650, 27, 118523, 118687
50, 3660, 27, 118142, 120745
50, 3670, 27, 117539, 120616
50, 3680, 27, 117401, 118687
50, 3690, 27, 117232, 119108
50, 3700, 27, 117153, 118099
50, 3710, 27, 117009, 117153
50, 3720, 27, 116694, 117595
50, 3730, 27, 116553, 118026
50, 3740, 27, 116373, 118870
50, 3750, 27, 115894, 118469
50, 3760, 27, 115445, 118079
50, 3770, 27, 115091, 118971
50, 3780, 27, 115005, 117083
50, 3790, 27, 114843, 115608
50, 3800, 27, 114407, 117673
50, 3810, 27, 114298, 118443
50, 3820, 27, 114026, 114298
50, 3830, 27, 114026, 116691
50, 3840, 27, 114026, 116671
50, 3850, 27, 113894, 114026
50, 3860, 27, 113772, 115762
50, 3870, 27, 113675, 117658
50, 3880, 27, 113521, 116882
50, 3890, 27, 113363, 113633
50, 3900, 27, 113363, 117153
50, 3910, 27, 113058, 114938
50, 3920, 27, 113058, 115916
50, 3930, 27, 112925, 115562
50, 3940, 27, 112769, 115289
50, 3950, 27, 112673, 114479
50, 3960, 27, 112498, 116020
50, 3970, 27, 112392, 114980
50, 3980, 27, 112193, 114938
50, 3990, 27, 111971, 113816
50, 4000, 27, 111745, 113979
50, 4010, 27, 111659, 114132
50, 4020, 27, 111607, 111807
50, 4030, 27, 111547, 113768
50, 4040, 27, 111397, 113127
50, 4050, 27, 111102, 112148
50, 4060, 27, 111007, 113995
50, 4070, 27, 110327, 111839
50, 4080, 27, 110244, 111521
50, 4090, 27, 109844, 110244
50, 4100, 27, 109700, 110688
50, 4110, 27, 109591, 112832
50, 4120, 27, 109591, 111575
50, 4130, 27, 109391, 111669
50, 4140, 27, 109391, 111205
50, 4150, 27, 109126, 112022
50, 4160, 27, 109031, 110617
50, 4170, 27, 108689, 110929
50, 4180, 27, 108492, 110301
50, 4190, 27, 108193, 110957
50, 4200, 27, 107743, 108804
50, 4210, 27, 107727, 110152
50, 4220, 27, 107415, 109201
50, 4230, 27, 107163, 108352
50, 4240, 27, 106637, 109450
50, 4250, 27, 106629, 109508
50, 4260, 27, 106488, 108261
50, 4270, 27, 106385, 110119
50, 4280, 27, 106385, 106385
50, 4290, 27, 105752, 108593
50, 4300, 27, 105512, 108271
50, 4310, 27, 105512, 106346
50, 4320, 27, 105228, 106740
50, 4330, 27, 105180, 106813
50, 4340, 27, 104841, 107393
50, 4350, 27, 104616, 106745
50, 4360, 27, 104229, 106716
50, 4370, 27, 104006, 106292
50, 4380, 27, 103752, 105837
50, 4390, 27, 103690, 107351
50, 4400, 27, 103290, 106059
50, 4410, 27, 103174, 106086
50, 4420, 27, 102959, 106082
50, 4430, 27, 102344, 105628
50, 4440, 27, 101944, 104450
50, 4450, 27, 101355, 104239
50, 4460, 27, 101207, 103106
50, 4470, 27, 101207, 102097
50, 4480, 27, 101025, 103033
50, 4490, 27, 100836, 101739
50, 4500, 27, 100236, 102926
50, 4510, 27, 100095, 102200
50, 4520, 27, 99929, 101512
50, 4530, 27, 99870, 102069
50, 4540, 27, 99777, 102760
50, 4550, 27, 99777, 101496
50, 4560, 27, 99545, 101840
50, 4570, 27, 99049, 101698
50, 4580, 27, 98839, 100998
50, 4590, 27, 98839, 99694
50, 4600, 27, 98839, 101759
50, 4610, 27, 98827, 100460
50, 4620, 27, 98759, 99521
50, 4630, 27, 98759, 98759
50, 4640, 27, 98538, 99693
50, 4650, 27, 98538, 99995
50, 4660, 27, 98371, 99571
50, 4670, 27, 98328, 99489
50, 4680, 27, 98311, 101899
50, 4690, 27, 98263, 98852
50, 4700, 27, 98022, 98754
50, 4710, 27, 97944, 99956
50, 4720, 27, 97755, 97944
50, 4730, 27, 97755, 99913
50, 4740, 27, 97515, 100957
50, 4750, 27, 97515, 98518
50, 4760, 27, 97515, 99587
50, 4770, 27, 97283, 99912
50, 4780, 27, 97067, 99907
50, 4790, 27, 96786, 97067
50, 4800, 27, 96786, 98438
50, 4810, 27, 96786, 98553
50, 4820, 27, 96786, 98553
50, 4830, 27, 96786, 98176
50, 4840, 27, 96552, 98824
50, 4850, 27, 96552, 98573
50, 4860, 27, 96552, 99771
50, 4870, 27, 96411, 98274
50, 4880, 27, 96411, 100873
50, 4890, 27, 96246, 99356
50, 4900, 27, 96146, 98299
50, 4910, 27, 95943, 97405
50, 4920, 27, 95749, 95943
50, 4930, 27, 95749, 95859
50, 4940, 27, 95749, 95749
50, 4950, 27, 95736, 97836
50, 4960, 27, 95705, 97575
50, 4970, 27, 95705, 95705
50, 4980, 27, 95555, 98007
50, 4990, 27, 95456, 96461
50, 5000, 27, 95456, 96485
50, 5010, 27, 95389, 95456
50, 5020, 27, 95389, 96309
50, 5030, 27, 95244, 95804
50, 5040, 27, 95204, 96983
50, 5050, 27, 94936, 96839
50, 5060, 27, 94285, 95065
50, 5070, 27, 94244, 94244
50, 5080, 27, 94193, 97444
50, 5090, 27, 94069, 94628
50, 5100, 27, 94069, 96158
50, 5110, 27, 94069, 94069
50, 5120, 27, 93993, 94848
50, 5130, 27, 93993, 95486
50, 5140, 27, 93930, 94851
50, 5150, 27, 93790, 95965
50, 5160, 27, 93663, 97008
50, 5170, 27, 93605, 93965
50, 5180, 27, 93507, 95997
50, 5190, 27, 93474, 95153
50, 5200, 27, 93374, 95509
50, 5210, 27, 93374, 93374
50, 5220, 27, 93033, 95183
50, 5230, 27, 93033, 95673
50, 5240, 27, 93013, 93500
50, 5250, 27, 93013, 94692
50, 5260, 27, 92878, 94428
50, 5270, 27, 92734, 94859
50, 5280, 27, 92411, 94310
50, 5290, 27, 92247, 94388
50, 5300, 27, 92116, 94007
50, 5310, 27, 91974, 92134
50, 5320, 27, 91882, 94914
50, 5330, 27, 91882, 91882
50, 5340, 27, 91799, 92082
50, 5350, 27, 91499, 92010
50, 5360, 27, 91360, 92753
50, 5370, 27, 91275, 91360
50, 5380, 27, 91054, 92454
50, 5390, 27, 90991, 92244
50, 5400, 27, 90985, 95003
50, 5410, 27, 90944, 91545
50, 5420, 27, 90944, 92113
50, 5430, 27, 90893, 92864
50, 5440, 27, 90893, 92593
50, 5450, 27, 90774, 93510
50, 5460, 27, 90077, 90774
50, 5470, 27, 90073, 92890
50, 5480, 27, 89955, 92720
50, 5490, 27, 89809, 90731
50, 5500, 27, 89809, 90184
50, 5510, 27, 89809, 92099
50, 5520, 27, 89659, 89659
50, 5530, 27, 89552, 91065
50, 5540, 27, 89552, 91230
50, 5550, 27, 89552, 92529
50, 5560, 27, 89352, 91483
50, 5570, 27, 89324, 92079
50, 5580, 27, 89324, 90922
50, 5590, 27, 89324, 92129
50, 5600, 27, 89130, 89269
50, 5610, 27, 89130, 92986
50, 5620, 27, 89130, 89130
50, 5630, 27, 89010, 90811
50, 5640, 27, 88889, 89144
50, 5650, 27, 88797, 91718
50, 5660, 27, 88797, 88830
50, 5670, 27, 88797, 90583
50, 5680, 27, 88797, 90681
50, 5690, 27, 88784, 92072
50, 5700, 27, 88689, 91214
50, 5710, 27, 88689, 88689
50, 5720, 27, 88631, 90596
50, 5730, 27, 88631, 89697
50, 5740, 27, 88631, 89904
50, 5750, 27, 88568, 90280
50, 5760, 27, 88441, 90493
50, 5770, 27, 88441, 91352
50, 5780, 27, 88441, 89281
50, 5790, 27, 88441, 88441
50, 5800, 27, 88441, 89300
50, 5810, 27, 88441, 91408
50, 5820, 27, 88296, 88296
50, 5830, 27, 88296, 91302
50, 5840, 27, 88231, 88914
50, 5850, 27, 88198, 90239
50, 5860, 27, 88198, 88198
50, 5870, 27, 88198, 88198
50, 5880, 27, 88198, 89634
50, 5890, 27, 88198, 90288
50, 5900, 27, 88198, 89306
50, 5910, 27, 88198, 89766
50, 5920, 27, 88185, 90524
50, 5930, 27, 88185, 90042
50, 5940, 27, 88057, 89780
50, 5950, 27, 88057, 89654
50, 5960, 27, 87898, 88236
50, 5970, 27, 87698, 89531
50, 5980, 27, 87698, 90277
50, 5990, 27, 87427, 88789
50, 6000, 27, 87427, 89782
50, 6010, 27, 87427, 87427
50, 6020, 27, 87285, 87592
50, 6030, 27, 87285, 88455
50, 6040, 27, 87261, 88771
50, 6050, 27, 87261, 88489
50, 6060, 27, 87261, 88350
50, 6070, 27, 87261, 89384
50, 6080, 27, 87202, 87513
50, 6090, 27, 87202, 89670
50, 6100, 27, 87094, 88662
50, 6110, 27, 87094, 87274
50, 6120, 27, 87094, 87094
50, 6130, 27, 86850, 88328
50, 6140, 27, 86850, 87786
50, 6150, 27, 86850, 88874
50, 6160, 27, 86850, 90012
50, 6170, 27, 86784, 89629
50, 6180, 27, 86784, 88978
50, 6190, 27, 86784, 87821
50, 6200, 27, 86784, 89028
50, 6210, 27, 86784, 86956
50, 6220, 27, 86432, 86432
50, 6230, 27, 86432, 87878
50, 6240, 27, 86334, 86432
50, 6250, 27, 86018, 89138
50, 6260, 27, 86018, 88116
50, 6270, 27, 86018, 87010
50, 6280, 27, 86018, 86837
50, 6290, 27, 86011, 87895
50, 6300, 27, 85988, 86245
50, 6310, 27, 85498, 87423
50, 6320, 27, 85485, 86501
50, 6330, 27, 85467, 86856
50, 6340, 27, 85316, 87014
50, 6350, 27, 85189, 87950
50, 6360, 27, 85189, 85315
50, 6370, 27, 85178, 86754
50, 6380, 27, 85095, 87077
50, 6390, 27, 85034, 85095
50, 6400, 27, 85034, 85913
50, 6410, 27, 84645, 85034
50, 6420, 27, 84567, 85173
50, 6430, 27, 84567, 86934
50, 6440, 27, 84567, 85395
50, 6450, 27, 84494, 84494
50, 6460, 27, 84241, 87518
50, 6470, 27, 84241, 85418
50, 6480, 27, 84188, 87147
50, 6490, 27, 84188, 84900
50, 6500, 27, 84156, 86603
50, 6510, 27, 84097, 84156
50, 6520, 27, 83979, 86238
50, 6530, 27, 83891, 84097
50, 6540, 27, 83891, 83891
50, 6550, 27, 83891, 83891
50, 6560, 27, 83891, 83891
50, 6570, 27, 83891, 84516
50, 6580, 27, 83891, 84951
50, 6590, 27, 83620, 85199
50, 6600, 27, 83620, 84361
50, 6610, 27, 83620, 84925
50, 6620, 27, 83620, 85180
50, 6630, 27, 83620, 86003
50, 6640, 27, 83620, 84925
50, 6650, 27, 83620, 84532
50, 6660, 27, 83457, 83960
50, 6670, 27, 83322, 83457
50, 6680, 27, 83206, 83322
50, 6690, 27, 83206, 83703
50, 6700, 27, 83193, 83903
50, 6710, 27, 83193, 84018
50, 6720, 27, 82987, 84320
50, 6730, 27, 82863, 82987
50, 6740, 27, 82863, 83792
50, 6750, 27, 82863, 84029
50, 6760, 27, 82863, 84308
50, 6770, 27, 82863, 83159
50, 6780, 27, 82863, 86173
50, 6790, 27, 82784, 82784
50, 6800, 27, 82784, 83996
50, 6810, 27, 82784, 83002
50, 6820, 27, 82784, 84162
50, 6830, 27, 82784, 83004
50, 6840, 27, 82784, 82784
50, 6850, 27, 82784, 83814
50, 6860, 27, 82784, 83533
50, 6870, 27, 82784, 83789
50, 6880, 27, 82784, 82784
50, 6890, 27, 82784, 86494
50, 6900, 27, 82780, 83490
50, 6910, 27, 82763, 83493
50, 6920, 27, 82650, 82763
50, 6930, 27, 82585, 85667
50, 6940, 27, 82151, 84670
50, 6950, 27, 81757, 83455
50, 6960, 27, 81757, 83291
50, 6970, 27, 81757, 82381
50, 6980, 27, 81757, 81757
50, 6990, 27, 81757, 81757
50, 7000, 27, 81589, 81757
50, 7010, 27, 81589, 81734
50, 7020, 27, 81448, 83887
50, 7030, 27, 81448, 82002
50, 7040, 27, 81402, 82870
50, 7050, 27, 81402, 83288
50, 7060, 27, 81346, 83588
50, 7070, 27, 81346, 82231
50, 7080, 27, 81346, 83024
50, 7090, 27, 81346, 83176
50, 7100, 27, 81346, 83016
50, 7110, 27, 81342, 83265
50, 7120, 27, 81301, 81342
50, 7130, 27, 81301, 81301
50, 7140, 27, 81241, 83674
50, 7150, 27, 81241, 81241
50, 7160, 27, 81241, 81616
50, 7170, 27, 81241, 82647
50, 7180, 27, 81241, 83736
50, 7190, 27, 81241, 81241
50, 7200, 27, 81241, 81241
50, 7210, 27, 81241, 82631
50, 7220, 27, 81241, 82917
50, 7230, 27, 81241, 82562
50, 7240, 27, 81232, 81241
50, 7250, 27, 81232, 81232
50, 7260, 27, 81232, 85610
50, 7270, 27, 81221, 82430
50, 7280, 27, 81221, 81646
50, 7290, 27, 81074, 81074
50, 7300, 27, 81011, 81074
50, 7310, 27, 80891, 81011
50, 7320, 27, 80808, 81272
50, 7330, 27, 80808, 82296
50, 7340, 27, 80808, 80808
50, 7350, 27, 80808, 81934
50, 7360, 27, 80808, 82022
50, 7370, 27, 80808, 81800
50, 7380, 27, 80808, 82680
50, 7390, 27, 80808, 82182
50, 7400, 27, 80684, 80808
50, 7410, 27, 80684, 82972
50, 7420, 27, 80684, 82539
50, 7430, 27, 80684, 82632
50, 7440, 27, 80155, 81765
50, 7450, 27, 80126, 80155
50, 7460, 27, 80126, 81126
50, 7470, 27, 80025, 83212
50, 7480, 27, 80025, 82821
50, 7490, 27, 79966, 81933
50, 7500, 27, 79966, 80945
50, 7510, 27, 79941, 80449
50, 7520, 27, 79941, 81295
50, 7530, 27, 79880, 79941
50, 7540, 27, 79880, 79880
50, 7550, 27, 79880, 80541
50, 7560, 27, 79723, 81037
50, 7570, 27, 79683, 80067
50, 7580, 27, 79542, 79683
50, 7590, 27, 79542, 80202
50, 7600, 27, 79536, 80936
50, 7610, 27, 79536, 79710
50, 7620, 27, 79517, 81128
50, 7630, 27, 79362, 81168
50, 7640, 27, 79362, 79625
50, 7650, 27, 79362, 80072
50, 7660, 27, 79362, 81374
50, 7670, 27, 79362, 80230
50, 7680, 27, 79362, 82016
50, 7690, 27, 79362, 81698
50, 7700, 27, 79362, 79503
50, 7710, 27, 79345, 80729
50, 7720, 27, 79286, 79615
50, 7730, 27, 79286, 80186
50, 7740, 27, 79286, 79286
50, 7750, 27, 79286, 79286
50, 7760, 27, 79286, 80402
50, 7770, 27, 79286, 80452
50, 7780, 27, 79286, 80140
50, 7790, 27, 79286, 79286
50, 7800, 27, 79286, 82966
50, 7810, 27, 79286, 80285
50, 7820, 27, 79235, 79286
50, 7830, 27, 79102, 80761
50, 7840, 27, 79102, 79102
50, 7850, 27, 78968, 81403
50, 7860, 27, 78952, 78968
50, 7870, 27, 78952, 81330
50, 7880, 27, 78952, 79469
50, 7890, 27, 78952, 78952
50, 7900, 27, 78952, 80150
50, 7910, 27, 78952, 78952
50, 7920, 27, 78952, 79839
50, 7930, 27, 78952, 81062
50, 7940, 27, 78952, 78952
50, 7950, 27, 78952, 81344
50, 7960, 27, 78620, 78952
50, 7970, 27, 78602, 78620
50, 7980, 27, 78535, 78602
50, 7990, 27, 78496, 78535
50, 8000, 27, 78264, 78496
50, 8010, 27, 78264, 80042
50, 8020, 27, 78246, 78264
50, 8030, 27, 78132, 79679
50, 8040, 27, 78087, 79269
50, 8050, 27, 78087, 78670
50, 8060, 27, 78087, 79897
50, 8070, 27, 78055, 79269
50, 8080, 27, 78055, 79960
50, 8090, 27, 77989, 77992
50, 8100, 27, 77968, 78273
50, 8110, 27, 77968, 77968
50, 8120, 27, 77773, 79571
50, 8130, 27, 77719, 77773
50, 8140, 27, 77650, 77650
50, 8150, 27, 77610, 78371
50, 8160, 27, 77370, 77610
50, 8170, 27, 77370, 79431
50, 8180, 27, 77370, 77370
50, 8190, 27, 77370, 78371
50, 8200, 27, 77370, 79925
50, 8210, 27, 77370, 79812
50, 8220, 27, 77370, 77370
50, 8230, 27, 77370, 77370
50, 8240, 27, 77353, 77370
50, 8250, 27, 77353, 77353
50, 8260, 27, 77333, 77347
50, 8270, 27, 77333, 80140
50, 8280, 27, 77333, 77857
50, 8290, 27, 77333, 77333
50, 8300, 27, 77333, 77333
50, 8310, 27, 77333, 77946
50, 8320, 27, 77182, 77957
50, 8330, 27, 77182, 77182
50, 8340, 27, 77182, 77306
50, 8350, 27, 77058, 78060
50, 8360, 27, 77022, 77058
50, 8370, 27, 77022, 77272
50, 8380, 27, 77022, 78846
50, 8390, 27, 77022, 77022
50, 8400, 27, 77022, 79643
50, 8410, 27, 77022, 77022
50, 8420, 27, 77022, 77838
50, 8430, 27, 77022, 79726
50, 8440, 27, 76782, 77346
50, 8450, 27, 76742, 76782
50, 8460, 27, 76742, 77150
50, 8470, 27, 76742, 78264
50, 8480, 27, 76742, 76742
50, 8490, 27, 76710, 77562
50, 8500, 27, 76710, 76710
50, 8510, 27, 76623, 77076
50, 8520, 27, 76623, 76623
50, 8530, 27, 76623, 76623
50, 8540, 27, 76623, 76844
50, 8550, 27, 76623, 76623
50, 8560, 27, 76623, 79623
50, 8570, 27, 76623, 78372
50, 8580, 27, 76623, 78743
50, 8590, 27, 76623, 78043
50, 8600, 27, 76346, 76623
50, 8610, 27, 76288, 76346
50, 8620, 27, 76288, 76288
50, 8630, 27, 76123, 77663
50, 8640, 27, 76040, 76742
50, 8650, 27, 76040, 76277
50, 8660, 27, 76040, 76040
50, 8670, 27, 76040, 76040
50, 8680, 27, 76040, 77751
50, 8690, 27, 75999, 76040
50, 8700, 27, 75999, 77198
50, 8710, 27, 75925, 75999
50, 8720, 27, 75860, 76856
50, 8730, 27, 75727, 76915
50, 8740, 27, 75727, 77815
50, 8750, 27, 75717, 77334
50, 8760, 27, 75551, 77549
50, 8770, 27, 75551, 75551
50, 8780, 27, 75551, 75653
50, 8790, 27, 75551, 75551
50, 8800, 27, 75551, 75692
50, 8810, 27, 75528, 75551
50, 8820, 27, 75404, 76540
50, 8830, 27, 75404, 75404
50, 8840, 27, 75328, 75368
50, 8850, 27, 75328, 75328
50, 8860, 27, 75151, 78201
50, 8870, 27, 75143, 75687
50, 8880, 27, 75143, 75143
50, 8890, 27, 75143, 77670
50, 8900, 27, 75143, 75143
50, 8910, 27, 75143, 76745
50, 8920, 27, 74943, 75143
50, 8930, 27, 74943, 74943
50, 8940, 27, 74943, 74943
50, 8950, 27, 74943, 75201
50, 8960, 27, 74840, 76240
50, 8970, 27, 74840, 74840
50, 8980, 27, 74840, 74840
50, 8990, 27, 74814, 74840
50, 9000, 27, 74814, 74814
50, 9010, 27, 74814, 75485
50, 9020, 27, 74814, 75188
50, 9030, 27, 74814, 74814
50, 9040, 27, 74814, 74814
50, 9050, 27, 74814, 74814
50, 9060, 27, 74814, 76861
50, 9070, 27, 74814, 74814
50, 9080, 27, 74731, 75380
50, 9090, 27, 74531, 75671
50, 9100, 27, 74531, 74531
50, 9110, 27, 74531, 74531
50, 9120, 27, 74531, 74531
50, 9130, 27, 74531, 74531
50, 9140, 27, 74531, 74531
50, 9150, 27, 74531, 75179
50, 9160, 27, 74454, 74531
50, 9170, 27, 74454, 76037
50, 9180, 27, 74454, 74454
50, 9190, 27, 74454, 74454
50, 9200, 27, 74454, 74454
50, 9210, 27, 74454, 75464
50, 9220, 27, 74454, 74454
50, 9230, 27, 74454, 74454
50, 9240, 27, 74447, 77148
50, 9250, 27, 74323, 74447
50, 9260, 27, 74323, 74671
50, 9270, 27, 74323, 75320
50, 9280, 27, 74276, 74276
50, 9290, 27, 74276, 75292
50, 9300, 27, 74229, 75849
50, 9310, 27, 74229, 74229
50, 9320, 27, 74229, 75315
50, 9330, 27, 74061, 74790
50, 9340, 27, 74061, 74061
50, 9350, 27, 73996, 73996
50, 9360, 27, 73796, 73996
50, 9370, 27, 73639, 75481
50, 9380, 27, 73639, 73639
50, 9390, 27, 73639, 74415
50, 9400, 27, 73639, 74781
50, 9410, 27, 73639, 73639
50, 9420, 27, 73639, 73639
50, 9430, 27, 73639, 75603
50, 9440, 27, 73498, 73639
50, 9450, 27, 73498, 73498
50, 9460, 27, 73211, 75270
50, 9470, 27, 73211, 73211
50, 9480, 27, 73211, 73211
50, 9490, 27, 73211, 73211
50, 9500, 27, 73211, 73211
50, 9510, 27, 73211, 73211
50, 9520, 27, 73127, 73127
50, 9530, 27, 73127, 73127
50, 9540, 27, 73127, 73127
50, 9550, 27, 73011, 74557
50, 9560, 27, 73011, 73011
50, 9570, 27, 73011, 73011
50, 9580, 27, 73011, 73011
50, 9590, 27, 72974, 76916
50, 9600, 27, 72814, 72814
50, 9610, 27, 72814, 72814
50, 9620, 27, 72814, 75181
50, 9630, 27, 72722, 74983
50, 9640, 27, 72722, 72722
50, 9650, 27, 72722, 72722
50, 9660, 27, 72722, 72722
50, 9670, 27, 72722, 72722
50, 9680, 27, 72722, 72722
50, 9690, 27, 72645, 73936
50, 9700, 27, 72619, 72645
50, 9710, 27, 72495, 72619
50, 9720, 27, 72495, 72495
50, 9730, 27, 72495, 72984
50, 9740, 27, 72467, 72495
50, 9750, 27, 72467, 72467
50, 9760, 27, 72423, 72467
50, 9770, 27, 72423, 72423
50, 9780, 27, 72423, 72423
50, 9790, 27, 72423, 72423
50, 9800, 27, 72420, 72743
50, 9810, 27, 72401, 72420
50, 9820, 27, 72401, 72401
50, 9830, 27, 72401, 72401
50, 9840, 27, 72326, 72326
50, 9850, 27, 72326, 72326
50, 9860, 27, 72326, 72326
50, 9870, 27, 72326, 73966
50, 9880, 27, 72326, 72326
50, 9890, 27, 72326, 73340
50, 9900, 27, 72326, 73108
50, 9910, 27, 72326, 72326
50, 9920, 27, 72217, 73259
50, 9930, 27, 72217, 72217
50, 9940, 27, 72017, 72217
50, 9950, 27, 71964, 72017
50, 9960, 27, 71964, 71964
50, 9970, 27, 71958, 71964
50, 9980, 27, 71958, 71964
50, 9990, 27, 71958, 71958
50, 10000, 27, 71958, 71958
50, 10010, 27, 71958, 71958
50, 10020, 27, 71958, 72889
50, 10030, 27, 71958, 71958
50, 10040, 27, 71958, 72941
50, 10050, 27, 71793, 71958
50, 10060, 27, 71733, 71733
50, 10070, 27, 71733, 71733
50, 10080, 27, 71727, 71727
50, 10090, 27, 71695, 71695
50, 10100, 27, 71695, 71695
50, 10110, 27, 71636, 72211
50, 10120, 27, 71636, 71636
50, 10130, 27, 71553, 71636
50, 10140, 27, 71553, 71553
50, 10150, 27, 71553, 71553
50, 10160, 27, 71553, 73281
50, 10170, 27, 71553, 71553
50, 10180, 27, 71553, 71553
50, 10190, 27, 71553, 72847
50, 10200, 27, 71553, 71553
50, 10210, 27, 71553, 71553
50, 10220, 27, 71553, 73490
50, 10230, 27, 71553, 71553
50, 10240, 27, 71553, 71553
50, 10250, 27, 71200, 72852
50, 10260, 27, 71200, 71200
50, 10270, 27, 71200, 71200
50, 10280, 27, 71200, 74920
50, 10290, 27, 71156, 71200
50, 10300, 27, 71156, 71156
50, 10310, 27, 71156, 71156
50, 10320, 27, 71156, 71480
50, 10330, 27, 70977, 71156
50, 10340, 27, 70977, 70977
50, 10350, 27, 70957, 71173
50, 10360, 27, 70823, 72455
50, 10370, 27, 70823, 72841
50, 10380, 27, 70823, 70823
50, 10390, 27, 70823, 70823
50, 10400, 27, 70823, 70823
50, 10410, 27, 70507, 71513
50, 10420, 27, 70507, 71920
50, 10430, 27, 70484, 70507
50, 10440, 27, 70466, 70466
50, 10450, 27, 70466, 70466
50, 10460, 27, 70466, 70466
50, 10470, 27, 70263, 70732
50, 10480, 27, 70263, 71231
50, 10490, 27, 70263, 70263
50, 10500, 27, 70147, 70718
50, 10510, 27, 70147, 70147
50, 10520, 27, 70147, 70147
50, 10530, 27, 70147, 70147
50, 10540, 27, 70106, 70147
50, 10550, 27, 69893, 70106
50, 10560, 27, 69893, 71349
50, 10570, 27, 69693, 70295
50, 10580, 27, 69585, 69693
50, 10590, 27, 69585, 69585
50, 10600, 27, 69585, 70918
50, 10610, 27, 69585, 69585
50, 10620, 27, 69489, 69585
50, 10630, 27, 69489, 69489
50, 10640, 27, 69489, 69489
50, 10650, 27, 69489, 69489
50, 10660, 27, 69365, 69489
50, 10670, 27, 69365, 69365
50, 10680, 27, 69365, 69365
50, 10690, 27, 69365, 69365
50, 10700, 27, 69365, 69365
50, 10710, 27, 69365, 69365
50, 10720, 27, 69365, 69365
50, 10730, 27, 69365, 69365
50, 10740, 27, 69365, 69365
50, 10750, 27, 69365, 69365
50, 10760, 27, 69365, 69365
50, 10770, 27, 69365, 69365
50, 10780, 27, 69365, 69365
50, 10790, 27, 69365, 69365
50, 10800, 27, 69365, 69365
50, 10810, 27, 69365, 69365
50, 10820, 27, 69365, 69365
50, 10830, 27, 69365, 69365
50, 10840, 27, 69221, 69365
50, 10850, 27, 69221, 69221
50, 10860, 27, 69221, 70889
50, 10870, 27, 69221, 69221
50, 10880, 27, 69124, 69124
50, 10890, 27, 68894, 69124
50, 10900, 27, 68894, 72099
50, 10910, 27, 68894, 68894
50, 10920, 27, 68748, 68894
50, 10930, 27, 68748, 68748
50, 10940, 27, 68748, 68748
50, 10950, 27, 68748, 68748
50, 10960, 27, 68748, 68748
50, 10970, 27, 68748, 68748
50, 10980, 27, 68657, 70895
50, 10990, 27, 68657, 68657
50, 11000, 27, 68657, 68657
50, 11010, 27, 68657, 68657
50, 11020, 27, 68541, 68657
50, 11030, 27, 68541, 68541
50, 11040, 27, 68541, 68541
50, 11050, 27, 68541, 70485
50, 11060, 27, 68541, 68541
50, 11070, 27, 68541, 70297
50, 11080, 27, 68405, 68541
50, 11090, 27, 68405, 68405
50, 11100, 27, 68383, 68383
50, 11110, 27, 68316, 69102
50, 11120, 27, 68305, 68316
50, 11130, 27, 68305, 68305
50, 11140, 27, 68305, 69475
50, 11150, 27, 68305, 68305
50, 11160, 27, 68305, 68305
50, 11170, 27, 68305, 68305
50, 11180, 27, 68305, 68305
50, 11190, 27, 68205, 68246
50, 11200, 27, 68205, 68205
50, 11210, 27, 68088, 68205
50, 11220, 27, 68088, 68088
50, 11230, 27, 68088, 68088
50, 11240, 27, 68088, 68088
50, 11250, 27, 68088, 68088
50, 11260, 27, 68088, 68088
50, 11270, 27, 68088, 68088
50, 11280, 27, 68088, 68088
50, 11290, 27, 68088, 68088
50, 11300, 27, 68052, 68228
50, 11310, 27, 68052, 68052
50, 11320, 27, 68052, 68052
50, 11330, 27, 68052, 68052
50, 11340, 27, 68052, 68052
50, 11350, 27, 68041, 68041
50, 11360, 27, 68041, 68041
50, 11370, 27, 67970, 67970
50, 11380, 27, 67970, 67970
50, 11390, 27, 67970, 67970
50, 11400, 27, 67970, 67970
50, 11410, 27, 67970, 67970
50, 11420, 27, 67970, 67970
50, 11430, 27, 67970, 67970
50, 11440, 27, 67970, 67970
50, 11450, 27, 67970, 67970
50, 11460, 27, 67970, 67970
50, 11470, 27, 67963, 67963
50, 11480, 27, 67963, 67963
50, 11490, 27, 67963, 67963
50, 11500, 27, 67963, 67963
50, 11510, 27, 67963, 67963
50, 11520, 27, 67963, 67963
50, 11530, 27, 67963, 67963
50, 11540, 27, 67963, 67963
50, 11550, 27, 67963, 67963
50, 11560, 27, 67963, 67963
50, 11570, 27, 67963, 67963
50, 11580, 27, 67963, 67963
50, 11590, 27, 67963, 67963
50, 11600, 27, 67963, 69774
50, 11610, 27, 67800, 67923
50, 11620, 27, 67770, 67800
50, 11630, 27, 67770, 67770
50, 11640, 27, 67770, 67770
50, 11650, 27, 67687, 67954
50, 11660, 27, 67687, 67687
50, 11670, 27, 67687, 67687
50, 11680, 27, 67687, 67687
50, 11690, 27, 67687, 67687
50, 11700, 27, 67671, 69562
50, 11710, 27, 67314, 67314
50, 11720, 27, 67314, 67314
50, 11730, 27, 67314, 67314
50, 11740, 27, 67314, 67314
50, 11750, 27, 67314, 67314
50, 11760, 27, 67314, 67314
50, 11770, 27, 67314, 67314
50, 11780, 27, 67314, 67314
50, 11790, 27, 67314, 67314
50, 11800, 27, 67314, 67314
50, 11810, 27, 67314, 67314
50, 11820, 27, 67314, 69220
50, 11830, 27, 67314, 67314
50, 11840, 27, 67198, 67314
50, 11850, 27, 67198, 67198
50, 11860, 27, 67198, 67198
50, 11870, 27, 67075, 68306
50, 11880, 27, 67075, 68640
50, 11890, 27, 67010, 68926
50, 11900, 27, 66919, 66919
50, 11910, 27, 66919, 66919
50, 11920, 27, 66919, 66919
50, 11930, 27, 66919, 67669
50, 11940, 27, 66919, 68677
50, 11950, 27, 66919, 68102
50, 11960, 27, 66919, 66919
50, 11970, 27, 66919, 66919
50, 11980, 27, 66919, 66919
50, 11990, 27, 66919, 66919
50, 12000, 27, 66919, 66919
50, 12010, 27, 66919, 66919
50, 12020, 27, 66919, 66919
50, 12030, 27, 66919, 67684
50, 12040, 27, 66919, 66919
50, 12050, 27, 66919, 66919
50, 12060, 27, 66857, 66919
50, 12070, 27, 66857, 66857
50, 12080, 27, 66857, 66857
50, 12090, 27, 66484, 66484
50, 12100, 27, 66484, 66484
50, 12110, 27, 66484, 66484
50, 12120, 27, 66484, 66484
50, 12130, 27, 66484, 66484
50, 12140, 27, 66484, 68115
50, 12150, 27, 66484, 66484
50, 12160, 27, 66484, 66484
50, 12170, 27, 66484, 66484
50, 12180, 27, 66484, 67770
50, 12190, 27, 66484, 66484
50, 12200, 27, 66484, 66484
50, 12210, 27, 66484, 66484
50, 12220, 27, 66484, 67838
50, 12230, 27, 66484, 66484
50, 12240, 27, 66484, 66484
50, 12250, 27, 66484, 66484
50, 12260, 27, 66392, 66484
50, 12270, 27, 66392, 66392
50, 12280, 27, 66392, 66392
50, 12290, 27, 66392, 66392
50, 12300, 27, 66392, 66392
50, 12310, 27, 66392, 66392
50, 12320, 27, 66392, 66392
50, 12330, 27, 66334, 66334
50, 12340, 27, 66334, 66334
50, 12350, 27, 66334, 66334
50, 12360, 27, 66334, 66334
50, 12370, 27, 66334, 66334
50, 12380, 27, 66334, 66334
50, 12390, 27, 66334, 66334
50, 12400, 27, 66334, 66334
50, 12410, 27, 66334, 66334
50, 12420, 27, 66251, 66251
50, 12430, 27, 66251, 66251
50, 12440, 27, 66251, 66251
50, 12450, 27, 66251, 66251
50, 12460, 27, 66251, 66251
50, 12470, 27, 66251, 68287
50, 12480, 27, 66251, 66251
50, 12490, 27, 66251, 66251
50, 12500, 27, 66251, 66251
50, 12510, 27, 66251, 66251
50, 12520, 27, 66251, 66251
50, 12530, 27, 66251, 66251
50, 12540, 27, 66251, 66251
50, 12550, 27, 66251, 66251
50, 12560, 27, 66251, 66251
50, 12570, 27, 66251, 67359
50, 12580, 27, 66251, 66251
50, 12590, 27, 66251, 66251
50, 12600, 27, 66251, 68267
50, 12610, 27, 66229, 66251
50, 12620, 27, 66229, 66229
50, 12630, 27, 66229, 67370
50, 12640, 27, 66175, 66175
50, 12650, 27, 66175, 66175
50, 12660, 27, 66175, 66175
50, 12670, 27, 66175, 66175
50, 12680, 27, 66175, 66572
50, 12690, 27, 66175, 66175
50, 12700, 27, 66175, 66175
50, 12710, 27, 66175, 66175
50, 12720, 27, 66107, 66175
50, 12730, 27, 66008, 66008
50, 12740, 27, 66008, 66008
50, 12750, 27, 66008, 66008
50, 12760, 27, 66008, 66008
50, 12770, 27, 66008, 66008
50, 12780, 27, 66008, 66008
50, 12790, 27, 66008, 66603
50, 12800, 27, 66008, 66008
50, 12810, 27, 66008, 66008
50, 12820, 27, 66008, 66008
50, 12830, 27, 65922, 65922
50, 12840, 27, 65922, 65922
50, 12850, 27, 65922, 65922
50, 12860, 27, 65922, 65922
50, 12870, 27, 65922, 66737
50, 12880, 27, 65922, 65922
50, 12890, 27, 65788, 65922
50, 12900, 27, 65788, 65788
50, 12910, 27, 65788, 66575
50, 12920, 27, 65672, 65672
50, 12930, 27, 65672, 65672
50, 12940, 27, 65672, 65672
50, 12950, 27, 65672, 65672
50, 12960, 27, 65672, 65672
50, 12970, 27, 65672, 65672
50, 12980, 27, 65672, 65672
50, 12990, 27, 65672, 65672
50, 13000, 27, 65672, 65672
50, 13010, 27, 65672, 65672
50, 13020, 27, 65672, 65672
50, 13030, 27, 65672, 65672
50, 13040, 27, 65672, 65672
50, 13050, 27, 65672, 65672
50, 13060, 27, 65672, 65672
50, 13070, 27, 65672, 65672
50, 13080, 27, 65589, 65589
50, 13090, 27, 65589, 65589
50, 13100, 27, 65589, 65589
50, 13110, 27, 65589, 65589
50, 13120, 27, 65589, 65589
50, 13130, 27, 65559, 65589
50, 13140, 27, 65559, 65559
50, 13150, 27, 65559, 65559
50, 13160, 27, 65559, 65559
50, 13170, 27, 65524, 65524
50, 13180, 27, 65524, 65524
50, 13190, 27, 65524, 65524
50, 13200, 27, 65524, 65524
50, 13210, 27, 65524, 66589
50, 13220, 27, 65524, 65524
50, 13230, 27, 65524, 65524
50, 13240, 27, 65524, 65524
50, 13250, 27, 65524, 65524
50, 13260, 27, 65524, 65524
50, 13270, 27, 65524, 65524
50, 13280, 27, 65524, 65524
50, 13290, 27, 65524, 65524
50, 13300, 27, 65524, 66124
50, 13310, 27, 65524, 65524
50, 13320, 27, 65524, 65524
50, 13330, 27, 65524, 65524
50, 13340, 27, 65524, 66831
50, 13350, 27, 65441, 65524
50, 13360, 27, 65441, 65441
50, 13370, 27, 65441, 65441
50, 13380, 27, 65441, 65441
50, 13390, 27, 65441, 65441
50, 13400, 27, 65441, 65441
50, 13410, 27, 65441, 65441
50, 13420, 27, 65441, 65441
50, 13430, 27, 65441, 65441
50, 13440, 27, 65441, 65441
50, 13450, 27, 65441, 65441
50, 13460, 27, 65441, 65441
50, 13470, 27, 65441, 65441
50, 13480, 27, 65441, 65441
50, 13490, 27, 65441, 66399
50, 13500, 27, 65441, 65441
50, 13510, 27, 65441, 65441
50, 13520, 27, 65425, 65425
50, 13530, 27, 65425, 65425
50, 13540, 27, 65425, 65425
50, 13550, 27, 65425, 65425
50, 13560, 27, 65425, 65425
50, 13570, 27, 65402, 65402
50, 13580, 27, 65402, 65402
50, 13590, 27, 65402, 65402
50, 13600, 27, 65402, 65402
50, 13610, 27, 65402, 65402
50, 13620, 27, 65402, 65402
50, 13630, 27, 65402, 65402
50, 13640, 27, 65362, 65402
50, 13650, 27, 65362, 65362
50, 13660, 27, 65362, 65362
50, 13670, 27, 65362, 65362
50, 13680, 27, 65362, 65362
50, 13690, 27, 65362, 65362
50, 13700, 27, 65362, 65362
50, 13710, 27, 65362, 65362
50, 13720, 27, 65362, 65362
50, 13730, 27, 65362, 65362
50, 13740, 27, 65362, 65362
50, 13750, 27, 65362, 65362
50, 13760, 27, 65362, 65362
50, 13770, 27, 65362, 65362
50, 13780, 27, 65277, 65362
50, 13790, 27, 65277, 65277
50, 13800, 27, 65277, 65277
50, 13810, 27, 65275, 65275
50, 13820, 27, 65275, 65275
50, 13830, 27, 65275, 65275
50, 13840, 27, 65275, 65275
50, 13850, 27, 65275, 65275
50, 13860, 27, 65275, 65275
50, 13870, 27, 65275, 65275
50, 13880, 27, 65275, 65275
50, 13890, 27, 65275, 65275
50, 13900, 27, 65275, 65275
50, 13910, 27, 65275, 66229
50, 13920, 27, 65275, 65275
50, 13930, 27, 65275, 65275
50, 13940, 27, 65275, 65275
50, 13950, 27, 65275, 65275
50, 13960, 27, 65275, 65275
50, 13970, 27, 65275, 65275
50, 13980, 27, 65275, 65275
50, 13990, 27, 65275, 65275
50, 14000, 27, 65275, 65275
50, 14010, 27, 65275, 67385
50, 14020, 27, 65275, 65275
50, 14030, 27, 65275, 65275
50, 14040, 27, 65275, 65275
50, 14050, 27, 65275, 65275
50, 14060, 27, 65275, 65275
50, 14070, 27, 65275, 65275
50, 14080, 27, 65225, 65225
50, 14090, 27, 65225, 65225
50, 14100, 27, 65166, 65225
50, 14110, 27, 65166, 65166
50, 14120, 27, 65166, 65166
50, 14130, 27, 65166, 65166
50, 14140, 27, 65166, 65166
50, 14150, 27, 65166, 65166
50, 14160, 27, 65166, 65166
50, 14170, 27, 65166, 65166
50, 14180, 27, 65166, 65166
50, 14190, 27, 65166, 65166
50, 14200, 27, 65166, 65166
50, 14210, 27, 65166, 65166
50, 14220, 27, 65166, 65166
50, 14230, 27, 65166, 65166
50, 14240, 27, 65166, 65166
50, 14250, 27, 65166, 65166
50, 14260, 27, 65166, 65166
50, 14270, 27, 65166, 65166
50, 14280, 27, 65166, 65166
50, 14290, 27, 65019, 65166
50, 14300, 27, 65019, 65019
50, 14310, 27, 65019, 65019
50, 14320, 27, 64995, 64995
50, 14330, 27, 64995, 64995
50, 14340, 27, 64995, 64995
50, 14350, 27, 64995, 64995
50, 14360, 27, 64995, 64995
50, 14370, 27, 64995, 64995
50, 14380, 27, 64936, 64936
50, 14390, 27, 64936, 64936
50, 14400, 27, 64936, 64936
50, 14410, 27, 64936, 64936
50, 14420, 27, 64936, 64936
50, 14430, 27, 64936, 64936
50, 14440, 27, 64905, 64905
50, 14450, 27, 64905, 64905
50, 14460, 27, 64905, 64905
50, 14470, 27, 64905, 65845
50, 14480, 27, 64905, 64905
50, 14490, 27, 64905, 64905
50, 14500, 27, 64905, 64905
50, 14510, 27, 64905, 64905
50, 14520, 27, 64905, 64905
50, 14530, 27, 64905, 64905
50, 14540, 27, 64905, 64905
50, 14550, 27, 64905, 64905
50, 14560, 27, 64905, 64905
50, 14570, 27, 64905, 64905
50, 14580, 27, 64905, 64905
50, 14590, 27, 64905, 64905
50, 14600, 27, 64905, 64905
50, 14610, 27, 64844, 64844
50, 14620, 27, 64844, 64844
50, 14630, 27, 64844, 64844
50, 14640, 27, 64844, 64844
50, 14650, 27, 64844, 64844
50, 14660, 27, 64844, 64844
50, 14670, 27, 64844, 64844
50, 14680, 27, 64844, 64844
50, 14690, 27, 64844, 64844
50, 14700, 27, 64844, 64844
50, 14710, 27, 64844, 64844
50, 14720, 27, 64844, 64844
50, 14730, 27, 64844, 64844
50, 14740, 27, 64844, 64844
50, 14750, 27, 64844, 64844
50, 14760, 27, 64844, 64844
50, 14770, 27, 64844, 64844
50, 14780, 27, 64835, 64835
50, 14790, 27, 64835, 64835
50, 14800, 27, 64835, 64835
50, 14810, 27, 64835, 64835
50, 14820, 27, 64835, 64835
50, 14830, 27, 64835, 64835
50, 14840, 27, 64835, 64835
50, 14850, 27, 64835, 64835
50, 14860, 27, 64835, 64835
50, 14870, 27, 64835, 64835
50, 14880, 27, 64835, 64835
50, 14890, 27, 64835, 64835
50, 14900, 27, 64835, 64835
50, 14910, 27, 64835, 64835
50, 14920, 27, 64835, 64835
50, 14930, 27, 64835, 64835
50, 14940, 27, 64835, 64835
50, 14950, 27, 64835, 64835
50, 14960, 27, 64835, 64835
50, 14970, 27, 64824, 64835
50, 14980, 27, 64824, 64824
50, 14990, 27, 64824, 64824
50, 15000, 27, 64824, 64824
50, 15010, 27, 64824, 64824
50, 15020, 27, 64824, 64824
50, 15030, 27, 64824, 64824
50, 15040, 27, 64824, 64824
50, 15050, 27, 64824, 64824
50, 15060, 27, 64824, 64824
50, 15070, 27, 64824, 64824
50, 15080, 27, 64824, 64824
50, 15090, 27, 64824, 64824
50, 15100, 27, 64824, 64824
50, 15110, 27, 64824, 64824
50, 15120, 27, 64824, 64824
50, 15130, 27, 64824, 64824
50, 15140, 27, 64824, 64824
50, 15150, 27, 64824, 65130
50, 15160, 27, 64824, 64824
50, 15170, 27, 64824, 64824
50, 15180, 27, 64824, 64824
50, 15190, 27, 64824, 64824
50, 15200, 27, 64824, 64824
50, 15210, 27, 64824, 64824
50, 15220, 27, 64824, 64824
50, 15230, 27, 64824, 64824
50, 15240, 27, 64824, 64824
50, 15250, 27, 64824, 64824
50, 15260, 27, 64824, 64824
50, 15270, 27, 64824, 64824
50, 15280, 27, 64824, 64824
50, 15290, 27, 64824, 64824
50, 15300, 27, 64824, 64824
50, 15310, 27, 64824, 64824
50, 15320, 27, 64824, 64824
50, 15330, 27, 64824, 64824
50, 15340, 27, 64824, 64824
50, 15350, 27, 64824, 64824
50, 15360, 27, 64821, 64824
50, 15370, 27, 64821, 64821
50, 15380, 27, 64821, 64821
50, 15390, 27, 64821, 64821
50, 15400, 27, 64821, 64821
50, 15410, 27, 64821, 64821
50, 15420, 27, 64821, 64821
50, 15430, 27, 64821, 64821
50, 15440, 27, 64821, 64821
50, 15450, 27, 64821, 64821
50, 15460, 27, 64821, 64821
50, 15470, 27, 64821, 64821
50, 15480, 27, 64821, 64821
50, 15490, 27, 64821, 64821
50, 15500, 27, 64821, 64821
50, 15510, 27, 64821, 64821
50, 15520, 27, 64821, 64821
50, 15530, 27, 64821, 64821
50, 15540, 27, 64821, 64821
50, 15550, 27, 64821, 64821
50, 15560, 27, 64821, 64821
50, 15570, 27, 64821, 64821
50, 15580, 27, 64821, 64821
50, 15590, 27, 64821, 64821
50, 15600, 27, 64821, 64821
50, 15610, 27, 64821, 64821
50, 15620, 27, 64821, 64821
50, 15630, 27, 64821, 64821
50, 15640, 27, 64821, 64821
50, 15650, 27, 64821, 64821
50, 15660, 27, 64821, 64821
50, 15670, 27, 64821, 64821
50, 15680, 27, 64569, 64821
50, 15690, 27, 64569, 64569
50, 15700, 27, 64569, 64569
50, 15710, 27, 64569, 64569
50, 15720, 27, 64569, 64569
50, 15730, 27, 64569, 64569
50, 15740, 27, 64569, 64569
50, 15750, 27, 64569, 64569
50, 15760, 27, 64569, 64569
50, 15770, 27, 64569, 64569
50, 15780, 27, 64569, 64569
50, 15790, 27, 64569, 64569
50, 15800, 27, 64569, 64569
50, 15810, 27, 64569, 64569
50, 15820, 27, 64569, 64569
50, 15830, 27, 64569, 64569
50, 15840, 27, 64569, 64569
50, 15850, 27, 64569, 64569
50, 15860, 27, 64569, 64569
50, 15870, 27, 64569, 64569
50, 15880, 27, 64569, 64569
50, 15890, 27, 64569, 64569
50, 15900, 27, 64569, 64569
50, 15910, 27, 64569, 64569
50, 15920, 27, 64569, 64569
50, 15930, 27, 64569, 64569
50, 15940, 27, 64569, 64569
50, 15950, 27, 64569, 64569
50, 15960, 27, 64569, 64569
50, 15970, 27, 64569, 64569
50, 15980, 27, 64569, 64569
50, 15990, 27, 64569, 64569
50, 16000, 27, 64569, 64569
50, 16010, 27, 64569, 64569
50, 16020, 27, 64569, 64569
50, 16030, 27, 64569, 64569
50, 16040, 27, 64569, 64569
50, 16050, 27, 64547, 64547
50, 16060, 27, 64547, 64547
50, 16070, 27, 64506, 64547
50, 16080, 27, 64489, 64489
50, 16090, 27, 64489, 64489
50, 16100, 27, 64489, 64489
50, 16110, 27, 64489, 64489
50, 16120, 27, 64489, 64489
50, 16130, 27, 64152, 64489
50, 16140, 27, 64152, 64152
50, 16150, 27, 64152, 64152
50, 16160, 27, 64152, 64152
50, 16170, 27, 64152, 64152
50, 16180, 27, 64152, 64152
50, 16190, 27, 64152, 64152
50, 16200, 27, 64152, 64152
50, 16210, 27, 64152, 64152
50, 16220, 27, 64152, 64152
50, 16230, 27, 64152, 64152
50, 16240, 27, 64152, 64152
50, 16250, 27, 64152, 64152
50, 16260, 27, 64152, 64152
50, 16270, 27, 64152, 64152
50, 16280, 27, 64152, 64152
50, 16290, 27, 64152, 64152
50, 16300, 27, 64150, 64152
50, 16310, 27, 64150, 64150
50, 16320, 27, 64150, 64150
50, 16330, 27, 64150, 64150
50, 16340, 27, 64150, 64150
50, 16350, 27, 64150, 64150
50, 16360, 27, 64150, 64150
50, 16370, 27, 64150, 64150
50, 16380, 27, 64150, 64150
50, 16390, 27, 64150, 64150
50, 16400, 27, 64150, 64150
50, 16410, 27, 64150, 64150
50, 16420, 27, 64150, 64150
50, 16430, 27, 64150, 64150
50, 16440, 27, 64150, 64150
50, 16450, 27, 64150, 64150
50, 16460, 27, 64150, 64150
50, 16470, 27, 64150, 64150
50, 16480, 27, 64150, 64150
50, 16490, 27, 64082, 64150
50, 16500, 27, 64082, 64082
50, 16510, 27, 64082, 64082
50, 16520, 27, 64082, 64082
50, 16530, 27, 64082, 64082
50, 16540, 27, 64082, 64082
50, 16550, 27, 64082, 64082
50, 16560, 27, 64082, 64082
50, 16570, 27, 64082, 64082
50, 16580, 27, 64082, 64082
50, 16590, 27, 64082, 64082
50, 16600, 27, 64082, 64082
50, 16610, 27, 64082, 64082
50, 16620, 27, 64082, 64082
50, 16630, 27, 64082, 64082
50, 16640, 27, 64082, 64082
50, 16650, 27, 64082, 64082
50, 16660, 27, 64082, 64082
50, 16670, 27, 64082, 64082
50, 16680, 27, 64082, 64082
50, 16690, 27, 64082, 64082
50, 16700, 27, 64082, 64082
50, 16710, 27, 64082, 64082
50, 16720, 27, 64082, 64082
50, 16730, 27, 64082, 64082
50, 16740, 27, 64082, 64082
50, 16750, 27, 64082, 64082
50, 16760, 27, 64082, 64082
50, 16770, 27, 64082, 64082
50, 16780, 27, 64082, 64082
50, 16790, 27, 64082, 64082
50, 16800, 27, 64082, 64082
50, 16810, 27, 64082, 64082
50, 16820, 27, 64082, 64082
50, 16830, 27, 64082, 64082
50, 16840, 27, 64082, 64082
50, 16850, 27, 64082, 64082
50, 16860, 27, 64082, 64082
50, 16870, 27, 64082, 64082
50, 16880, 27, 64082, 64082
50, 16890, 27, 64082, 64082
50, 16900, 27, 64082, 64082
50, 16910, 27, 64082, 64082
50, 16920, 27, 64082, 64082
50, 16930, 27, 64082, 64082
50, 16940, 27, 64082, 64082
50, 16950, 27, 64082, 64082
50, 16960, 27, 64082, 64082
50, 16970, 27, 64082, 64082
50, 16980, 27, 64057, 64082
50, 16990, 27, 64057, 64057
50, 17000, 27, 64057, 64057
50, 17010, 27, 63943, 64009
50, 17020, 27, 63943, 63943
50, 17030, 27, 63856, 63917
50, 17040, 27, 63856, 63856
50, 17050, 27, 63856, 63856
50, 17060, 27, 63856, 63856
50, 17070, 27, 63856, 63856
50, 17080, 27, 63856, 63856
50, 17090, 27, 63856, 63856
50, 17100, 27, 63856, 63856
50, 17110, 27, 63856, 63856
50, 17120, 27, 63815, 63815
50, 17130, 27, 63815, 63815
50, 17140, 27, 63815, 63815
50, 17150, 27, 63815, 63815
50, 17160, 27, 63815, 63815
50, 17170, 27, 63815, 63815
50, 17180, 27, 63815, 63815
50, 17190, 27, 63803, 63815
50, 17200, 27, 63803, 63803
50, 17210, 27, 63803, 63803
50, 17220, 27, 63803, 63803
50, 17230, 27, 63803, 63803
50, 17240, 27, 63803, 63803
50, 17250, 27, 63803, 63803
50, 17260, 27, 63750, 63803
50, 17270, 27, 63750, 63750
50, 17280, 27, 63750, 63750
50, 17290, 27, 63750, 63750
50, 17300, 27, 63750, 63750
50, 17310, 27, 63750, 63750
50, 17320, 27, 63750, 63750
50, 17330, 27, 63750, 63750
50, 17340, 27, 63750, 63750
50, 17350, 27, 63750, 63750
50, 17360, 27, 63633, 63633
50, 17370, 27, 63633, 63633
50, 17380, 27, 63633, 63633
50, 17390, 27, 63633, 63633
50, 17400, 27, 63633, 63633
50, 17410, 27, 63633, 63633
50, 17420, 27, 63633, 63633
50, 17430, 27, 63633, 63633
50, 17440, 27, 63633, 63633
50, 17450, 27, 63633, 63633
50, 17460, 27, 63633, 63633
50, 17470, 27, 63633, 63633
50, 17480, 27, 63633, 63633
50, 17490, 27, 63633, 63633
50, 17500, 27, 63633, 63633
50, 17510, 27, 63633, 63633
50, 17520, 27, 63633, 63633
50, 17530, 27, 63633, 63633
50, 17540, 27, 63633, 63633
50, 17550, 27, 63633, 63633
50, 17560, 27, 63633, 63633
50, 17570, 27, 63633, 63633
50, 17580, 27, 63627, 63627
50, 17590, 27, 63627, 63627
50, 17600, 27, 63627, 63627
50, 17610, 27, 63627, 63627
50, 17620, 27, 63627, 63627
50, 17630, 27, 63627, 63627
50, 17640, 27, 63627, 63627
50, 17650, 27, 63627, 63627
50, 17660, 27, 63627, 63627
50, 17670, 27, 63627, 63627
50, 17680, 27, 63627, 63627
50, 17690, 27, 63627, 63627
50, 17700, 27, 63627, 63627
50, 17710, 27, 63627, 63627
50, 17720, 27, 63627, 63627
50, 17730, 27, 63627, 63627
50, 17740, 27, 63627, 63627
50, 17750, 27, 63627, 63627
50, 17760, 27, 63627, 63627
50, 17770, 27, 63627, 63627
50, 17780, 27, 63627, 63627
50, 17790, 27, 63627, 63627
50, 17800, 27, 63627, 63627
50, 17810, 27, 63627, 63627
50, 17820, 27, 63599, 63627
50, 17830, 27, 63599, 63599
50, 17840, 27, 63452, 63599
50, 17850, 27, 63452, 63452
50, 17860, 27, 63452, 63452
50, 17870, 27, 63452, 63452
50, 17880, 27, 63452, 63452
50, 17890, 27, 63452, 63452
50, 17900, 27, 63452, 63452
50, 17910, 27, 63452, 63452
50, 17920, 27, 63452, 63452
50, 17930, 27, 63452, 63452
50, 17940, 27, 63452, 63452
50, 17950, 27, 63452, 63452
50, 17960, 27, 63452, 63452
50, 17970, 27, 63452, 63452
50, 17980, 27, 63452, 63452
50, 17990, 27, 63452, 63452
50, 18000, 27, 63452, 63452
50, 18010, 27, 63452, 63452
50, 18020, 27, 63452, 63452
50, 18030, 27, 63452, 63452
50, 18040, 27, 63452, 63452
50, 18050, 27, 63452, 63452
50, 18060, 27, 63387, 63452
50, 18070, 27, 63387, 63387
50, 18080, 27, 63387, 63387
50, 18090, 27, 63387, 63387
50, 18100, 27, 63387, 63387
50, 18110, 27, 63387, 63387
50, 18120, 27, 63387, 63387
50, 18130, 27, 63387, 63387
50, 18140, 27, 63387, 63387
50, 18150, 27, 63387, 63387
50, 18160, 27, 63387, 63387
50, 18170, 27, 63387, 63387
50, 18180, 27, 63387, 63387
50, 18190, 27, 63387, 63387
50, 18200, 27, 63387, 63387
50, 18210, 27, 63387, 63387
50, 18220, 27, 63328, 63328
50, 18230, 27, 63328, 63328
50, 18240, 27, 63241, 63241
50, 18250, 27, 63241, 63241
50, 18260, 27, 63241, 63241
50, 18270, 27, 63241, 63241
50, 18280, 27, 63241, 63241
50, 18290, 27, 63241, 63241
50, 18300, 27, 63241, 63241
50, 18310, 27, 63241, 63241
50, 18320, 27, 63241, 63241
50, 18330, 27, 63241, 63241
50, 18340, 27, 63158, 63158
50, 18350, 27, 63158, 63158
50, 18360, 27, 63158, 63158
50, 18370, 27, 63158, 63158
50, 18380, 27, 63158, 63158
50, 18390, 27, 63158, 63158
50, 18400, 27, 63158, 63158
50, 18410, 27, 63158, 63158
50, 18420, 27, 63117, 63117
50, 18430, 27, 63117, 63117
50, 18440, 27, 63117, 63117
50, 18450, 27, 63117, 63117
50, 18460, 27, 63062, 63117
50, 18470, 27, 63062, 63062
50, 18480, 27, 63062, 63062
50, 18490, 27, 63062, 63062
50, 18500, 27, 63062, 63062
50, 18510, 27, 63062, 63062
50, 18520, 27, 63062, 63062
50, 18530, 27, 63062, 63062
50, 18540, 27, 63062, 63062
50, 18550, 27, 63062, 63062
50, 18560, 27, 63062, 63062
50, 18570, 27, 62977, 62977
50, 18580, 27, 62977, 62977
50, 18590, 27, 62977, 62977
50, 18600, 27, 62977, 62977
50, 18610, 27, 62977, 62977
50, 18620, 27, 62977, 62977
50, 18630, 27, 62977, 62977
50, 18640, 27, 62977, 62977
50, 18650, 27, 62977, 62977
50, 18660, 27, 62977, 62977
50, 18670, 27, 62977, 62977
50, 18680, 27, 62977, 62977
50, 18690, 27, 62977, 62977
50, 18700, 27, 62977, 62977
50, 18710, 27, 62977, 62977
50, 18720, 27, 62977, 62977
50, 18730, 27, 62977, 62977
50, 18740, 27, 62977, 62977
50, 18750, 27, 62977, 62977
50, 18760, 27, 62977, 62977
50, 18770, 27, 62977, 62977
50, 18780, 27, 62977, 62977
50, 18790, 27, 62977, 62977
50, 18800, 27, 62977, 62977
50, 18810, 27, 62977, 62977
50, 18820, 27, 62977, 62977
50, 18830, 27, 62977, 62977
50, 18840, 27, 62977, 62977
50, 18850, 27, 62977, 62977
50, 18860, 27, 62977, 62977
50, 18870, 27, 62977, 62977
50, 18880, 27, 62977, 62977
50, 18890, 27, 62977, 62977
50, 18900, 27, 62977, 62977
50, 18910, 27, 62977, 62977
50, 18920, 27, 62977, 62977
50, 18930, 27, 62977, 62977
50, 18940, 27, 62977, 62977
50, 18950, 27, 62977, 62977
50, 18960, 27, 62977, 62977
50, 18970, 27, 62977, 62977
50, 18980, 27, 62977, 62977
50, 18990, 27, 62977, 62977
50, 19000, 27, 62977, 62977
50, 19010, 27, 62977, 62977
50, 19020, 27, 62655, 62977
50, 19030, 27, 62653, 62655
50, 19040, 27, 62653, 62653
50, 19050, 27, 62653, 62653
50, 19060, 27, 62653, 62653
50, 19070, 27, 62653, 62653
50, 19080, 27, 62653, 62653
50, 19090, 27, 62653, 62653
50, 19100, 27, 62607, 62607
50, 19110, 27, 62607, 62607
50, 19120, 27, 62607, 62607
50, 19130, 27, 62607, 62607
50, 19140, 27, 62607, 62607
50, 19150, 27, 62607, 62607
50, 19160, 27, 62607, 62607
50, 19170, 27, 62607, 62607
50, 19180, 27, 62607, 62607
50, 19190, 27, 62607, 62607
50, 19200, 27, 62607, 62607
50, 19210, 27, 62607, 62607
50, 19220, 27, 62607, 62607
50, 19230, 27, 62607, 62607
50, 19240, 27, 62607, 62607
50, 19250, 27, 62465, 62465
50, 19260, 27, 62465, 62465
50, 19270, 27, 62465, 62465
50, 19280, 27, 62465, 62465
50, 19290, 27, 62465, 62465
50, 19300, 27, 62465, 62465
50, 19310, 27, 62465, 62465
50, 19320, 27, 62465, 62465
50, 19330, 27, 62465, 62465
50, 19340, 27, 62465, 62465
50, 19350, 27, 62465, 62465
50, 19360, 27, 62465, 62465
50, 19370, 27, 62465, 62465
50, 19380, 27, 62465, 62465
50, 19390, 27, 62465, 62465
50, 19400, 27, 62465, 62465
50, 19410, 27, 62465, 62465
50, 19420, 27, 62465, 62465
50, 19430, 27, 62465, 62465
50, 19440, 27, 62465, 62465
50, 19450, 27, 62465, 62465
50, 19460, 27, 62400, 62400
50, 19470, 27, 62400, 62400
50, 19480, 27, 62400, 62400
50, 19490, 27, 62400, 62400
50, 19500, 27, 62400, 62400
50, 19510, 27, 62400, 62400
50, 19520, 27, 62341, 62400
50, 19530, 27, 62341, 62341
50, 19540, 27, 62341, 62341
50, 19550, 27, 62341, 62341
50, 19560, 27, 62341, 62341
50, 19570, 27, 62341, 62341
50, 19580, 27, 62341, 62341
50, 19590, 27, 62341, 62341
50, 19600, 27, 62341, 62341
50, 19610, 27, 62341, 62341
50, 19620, 27, 62341, 62341
50, 19630, 27, 62341, 62341
50, 19640, 27, 62341, 62341
50, 19650, 27, 62341, 62341
50, 19660, 27, 62283, 62283
50, 19670, 27, 62283, 62283
50, 19680, 27, 62283, 62283
50, 19690, 27, 62283, 62283
50, 19700, 27, 62283, 62283
50, 19710, 27, 62283, 62283
50, 19720, 27, 62283, 62283
50, 19730, 27, 62283, 62283
50, 19740, 27, 62283, 62283
50, 19750, 27, 62283, 62283
50, 19760, 27, 62283, 62283
50, 19770, 27, 62283, 62283
50, 19780, 27, 62283, 62283
50, 19790, 27, 62283, 62283
50, 19800, 27, 62283, 62283
50, 19810, 27, 62283, 62283
50, 19820, 27, 62283, 62283
50, 19830, 27, 62283, 62283
50, 19840, 27, 62283, 62283
50, 19850, 27, 62283, 62283
50, 19860, 27, 62283, 62283
50, 19870, 27, 62283, 62283
50, 19880, 27, 62283, 62283
50, 19890, 27, 62283, 62283
50, 19900, 27, 62283, 62283
50, 19910, 27, 62283, 62283
50, 19920, 27, 62283, 62283
50, 19930, 27, 62283, 62283
50, 19940, 27, 62283, 62283
50, 19950, 27, 62283, 62283
50, 19960, 27, 62283, 62283
50, 19970, 27, 62283, 62283
50, 19980, 27, 62283, 62283
50, 19990, 27, 62283, 62283
