Population Size, Generation Count, Repetition, Best Fitness, Median Fitness
50, 0, 3, 737239, 768118
50, 10, 3, 710691, 716708
50, 20, 3, 692496, 700910
50, 30, 3, 673958, 680085
50, 40, 3, 658049, 666414
50, 50, 3, 642602, 651583
50, 60, 3, 630052, 636327
50, 70, 3, 611809, 617650
50, 80, 3, 593745, 602002
50, 90, 3, 581342, 587698
50, 100, 3, 566176, 571406
50, 110, 3, 556465, 561473
50, 120, 3, 546847, 550272
50, 130, 3, 535441, 541696
50, 140, 3, 528912, 532216
50, 150, 3, 515129, 520104
50, 160, 3, 509648, 511708
50, 170, 3, 502766, 507137
50, 180, 3, 495369, 499386
50, 190, 3, 489625, 494527
50, 200, 3, 483678, 487081
50, 210, 3, 477498, 482660
50, 220, 3, 468919, 475080
50, 230, 3, 461925, 467111
50, 240, 3, 454941, 458986
50, 250, 3, 450075, 453305
50, 260, 3, 442501, 449034
50, 270, 3, 438137, 442658
50, 280, 3, 433068, 435957
50, 290, 3, 425250, 430565
50, 300, 3, 421784, 424541
50, 310, 3, 415962, 419886
50, 320, 3, 412141, 415351
50, 330, 3, 407163, 410083
50, 340, 3, 403735, 406260
50, 350, 3, 400849, 403220
50, 360, 3, 394630, 398412
50, 370, 3, 389291, 393432
50, 380, 3, 385607, 388169
50, 390, 3, 381076, 385134
50, 400, 3, 374360, 380101
50, 410, 3, 369960, 374478
50, 420, 3, 367804, 371462
50, 430, 3, 363519, 365975
50, 440, 3, 360982, 363816
50, 450, 3, 355640, 359264
50, 460, 3, 354805, 357833
50, 470, 3, 351632, 352798
50, 480, 3, 349231, 352722
50, 490, 3, 345680, 348685
50, 500, 3, 343303, 346096
50, 510, 3, 341512, 343908
50, 520, 3, 337806, 341546
50, 530, 3, 335687, 337215
50, 540, 3, 333980, 338197
50, 550, 3, 330987, 334066
50, 560, 3, 328694, 331132
50, 570, 3, 323912, 325921
50, 580, 3, 321177, 323889
50, 590, 3, 319383, 322599
50, 600, 3, 316836, 319284
50, 610, 3, 314941, 317769
50, 620, 3, 312629, 315129
50, 630, 3, 309398, 312339
50, 640, 3, 307843, 310203
50, 650, 3, 306116, 308127
50, 660, 3, 304820, 308267
50, 670, 3, 302902, 305101
50, 680, 3, 301886, 307318
50, 690, 3, 299974, 303519
50, 700, 3, 298183, 301489
50, 710, 3, 296461, 299223
50, 720, 3, 294943, 298566
50, 730, 3, 293435, 295414
50, 740, 3, 290287, 292501
50, 750, 3, 287974, 292378
50, 760, 3, 286966, 291312
50, 770, 3, 284865, 288161
50, 780, 3, 281884, 285088
50, 790, 3, 280549, 283094
50, 800, 3, 279338, 283084
50, 810, 3, 278853, 281016
50, 820, 3, 277456, 280617
50, 830, 3, 276842, 280177
50, 840, 3, 274579, 278200
50, 850, 3, 272790, 275803
50, 860, 3, 270773, 274741
50, 870, 3, 268450, 271278
50, 880, 3, 267498, 271386
50, 890, 3, 266459, 268985
50, 900, 3, 264393, 268253
50, 910, 3, 262357, 264093
50, 920, 3, 261239, 266162
50, 930, 3, 259919, 263993
50, 940, 3, 258910, 260881
50, 950, 3, 257427, 260133
50, 960, 3, 255233, 257892
50, 970, 3, 251100, 257566
50, 980, 3, 249742, 253177
50, 990, 3, 248157, 253704
50, 1000, 3, 247599, 249620
50, 1010, 3, 244663, 249389
50, 1020, 3, 242896, 246071
50, 1030, 3, 241283, 244519
50, 1040, 3, 240696, 243588
50, 1050, 3, 239075, 242184
50, 1060, 3, 237337, 240348
50, 1070, 3, 236024, 238143
50, 1080, 3, 235385, 238549
50, 1090, 3, 233924, 237039
50, 1100, 3, 233255, 236718
50, 1110, 3, 230761, 233303
50, 1120, 3, 229472, 233043
50, 1130, 3, 228752, 232084
50, 1140, 3, 228003, 230251
50, 1150, 3, 227143, 228652
50, 1160, 3, 226119, 229628
50, 1170, 3, 225693, 227247
50, 1180, 3, 225144, 227108
50, 1190, 3, 224365, 227686
50, 1200, 3, 223696, 226677
50, 1210, 3, 223374, 226032
50, 1220, 3, 222677, 226865
50, 1230, 3, 221765, 225270
50, 1240, 3, 218781, 223064
50, 1250, 3, 217522, 221509
50, 1260, 3, 216652, 219291
50, 1270, 3, 216235, 219271
50, 1280, 3, 215665, 218226
50, 1290, 3, 214116, 216101
50, 1300, 3, 213207, 217181
50, 1310, 3, 212631, 215788
50, 1320, 3, 212090, 213042
50, 1330, 3, 211557, 213422
50, 1340, 3, 211440, 213856
50, 1350, 3, 210817, 214438
50, 1360, 3, 209802, 213517
50, 1370, 3, 208942, 212190
50, 1380, 3, 207859, 209892
50, 1390, 3, 206830, 210161
50, 1400, 3, 205681, 209140
50, 1410, 3, 205123, 208680
50, 1420, 3, 204474, 208199
50, 1430, 3, 202644, 206954
50, 1440, 3, 202429, 204033
50, 1450, 3, 202048, 204285
50, 1460, 3, 201562, 205151
50, 1470, 3, 201248, 204186
50, 1480, 3, 201058, 202940
50, 1490, 3, 198933, 202945
50, 1500, 3, 197978, 200498
50, 1510, 3, 197278, 198914
50, 1520, 3, 196718, 197964
50, 1530, 3, 196291, 198422
50, 1540, 3, 195529, 197220
50, 1550, 3, 194899, 198482
50, 1560, 3, 193881, 198558
50, 1570, 3, 193678, 195520
50, 1580, 3, 193187, 196581
50, 1590, 3, 192141, 193664
50, 1600, 3, 191582, 194072
50, 1610, 3, 191248, 193694
50, 1620, 3, 189795, 192576
50, 1630, 3, 189746, 192185
50, 1640, 3, 188718, 192443
50, 1650, 3, 187910, 191527
50, 1660, 3, 187307, 189666
50, 1670, 3, 186870, 188875
50, 1680, 3, 186421, 189653
50, 1690, 3, 186215, 187628
50, 1700, 3, 185515, 188248
50, 1710, 3, 183862, 186908
50, 1720, 3, 182969, 186588
50, 1730, 3, 182492, 183524
50, 1740, 3, 181008, 183418
50, 1750, 3, 179485, 182959
50, 1760, 3, 179250, 182669
50, 1770, 3, 178715, 181174
50, 1780, 3, 178247, 181470
50, 1790, 3, 178072, 180991
50, 1800, 3, 176988, 180002
50, 1810, 3, 176458, 178101
50, 1820, 3, 176414, 177545
50, 1830, 3, 175818, 179104
50, 1840, 3, 174973, 177706
50, 1850, 3, 173994, 177992
50, 1860, 3, 173502, 175744
50, 1870, 3, 172087, 175528
50, 1880, 3, 171856, 173567
50, 1890, 3, 171650, 173933
50, 1900, 3, 171227, 173406
50, 1910, 3, 169760, 171644
50, 1920, 3, 169760, 171218
50, 1930, 3, 169310, 171989
50, 1940, 3, 168553, 171749
50, 1950, 3, 168405, 171898
50, 1960, 3, 167305, 170584
50, 1970, 3, 166912, 169339
50, 1980, 3, 166154, 166804
50, 1990, 3, 165773, 166647
50, 2000, 3, 165429, 168159
50, 2010, 3, 165234, 167937
50, 2020, 3, 164851, 169084
50, 2030, 3, 164758, 167723
50, 2040, 3, 162901, 165450
50, 2050, 3, 162275, 165672
50, 2060, 3, 161952, 164968
50, 2070, 3, 161416, 164308
50, 2080, 3, 161077, 164356
50, 2090, 3, 160946, 163535
50, 2100, 3, 160080, 162322
50, 2110, 3, 160080, 163377
50, 2120, 3, 159531, 162005
50, 2130, 3, 158418, 162513
50, 2140, 3, 158194, 160134
50, 2150, 3, 157870, 161049
50, 2160, 3, 157502, 160956
50, 2170, 3, 157469, 158635
50, 2180, 3, 156435, 157469
50, 2190, 3, 155449, 157277
50, 2200, 3, 155387, 156239
50, 2210, 3, 155150, 157891
50, 2220, 3, 155128, 156500
50, 2230, 3, 155049, 157371
50, 2240, 3, 154974, 159319
50, 2250, 3, 153702, 156273
50, 2260, 3, 153335, 155992
50, 2270, 3, 153077, 154735
50, 2280, 3, 152240, 155767
50, 2290, 3, 151492, 154098
50, 2300, 3, 151193, 154044
50, 2310, 3, 151189, 154772
50, 2320, 3, 151010, 153001
50, 2330, 3, 150538, 153749
50, 2340, 3, 150002, 152128
50, 2350, 3, 149963, 151693
50, 2360, 3, 149432, 153116
50, 2370, 3, 149179, 150410
50, 2380, 3, 148874, 152939
50, 2390, 3, 148635, 150403
50, 2400, 3, 148569, 149724
50, 2410, 3, 147921, 151112
50, 2420, 3, 147742, 148996
50, 2430, 3, 147324, 150207
50, 2440, 3, 147023, 148355
50, 2450, 3, 146853, 149386
50, 2460, 3, 146227, 147684
50, 2470, 3, 145928, 149306
50, 2480, 3, 145505, 147114
50, 2490, 3, 145286, 146990
50, 2500, 3, 145210, 146907
50, 2510, 3, 144925, 148564
50, 2520, 3, 144273, 147271
50, 2530, 3, 143726, 146160
50, 2540, 3, 142968, 146093
50, 2550, 3, 142818, 144553
50, 2560, 3, 142695, 145615
50, 2570, 3, 142258, 145407
50, 2580, 3, 142249, 144797
50, 2590, 3, 142213, 144587
50, 2600, 3, 141951, 145979
50, 2610, 3, 141252, 145178
50, 2620, 3, 140540, 143449
50, 2630, 3, 140449, 141518
50, 2640, 3, 139658, 140898
50, 2650, 3, 139371, 141805
50, 2660, 3, 138757, 140693
50, 2670, 3, 138454, 139188
50, 2680, 3, 138239, 140066
50, 2690, 3, 138189, 139622
50, 2700, 3, 137828, 140352
50, 2710, 3, 137828, 140996
50, 2720, 3, 137345, 139811
50, 2730, 3, 137228, 141272
50, 2740, 3, 137004, 140268
50, 2750, 3, 136696, 137220
50, 2760, 3, 136577, 137995
50, 2770, 3, 136329, 138066
50, 2780, 3, 136237, 138919
50, 2790, 3, 136038, 137826
50, 2800, 3, 135935, 138650
50, 2810, 3, 135328, 138525
50, 2820, 3, 135328, 137704
50, 2830, 3, 135098, 138317
50, 2840, 3, 135002, 136102
50, 2850, 3, 134964, 137872
50, 2860, 3, 134471, 137810
50, 2870, 3, 134329, 136569
50, 2880, 3, 133662, 137429
50, 2890, 3, 133539, 136414
50, 2900, 3, 133508, 135375
50, 2910, 3, 133270, 136215
50, 2920, 3, 132697, 134039
50, 2930, 3, 132393, 134870
50, 2940, 3, 131528, 132986
50, 2950, 3, 131024, 133895
50, 2960, 3, 130661, 131882
50, 2970, 3, 130489, 133330
50, 2980, 3, 130489, 131305
50, 2990, 3, 130397, 130489
50, 3000, 3, 130310, 133674
50, 3010, 3, 129810, 133070
50, 3020, 3, 129414, 131035
50, 3030, 3, 129061, 131286
50, 3040, 3, 129024, 130501
50, 3050, 3, 128725, 130949
50, 3060, 3, 128502, 130970
50, 3070, 3, 128482, 130767
50, 3080, 3, 128368, 129376
50, 3090, 3, 127622, 129600
50, 3100, 3, 127173, 128617
50, 3110, 3, 126659, 129835
50, 3120, 3, 126139, 128209
50, 3130, 3, 126139, 127766
50, 3140, 3, 125654, 128593
50, 3150, 3, 125328, 128098
50, 3160, 3, 125323, 125584
50, 3170, 3, 124906, 127672
50, 3180, 3, 124906, 125524
50, 3190, 3, 124664, 126757
50, 3200, 3, 123952, 126194
50, 3210, 3, 123731, 125912
50, 3220, 3, 123731, 126050
50, 3230, 3, 123312, 127242
50, 3240, 3, 122957, 126338
50, 3250, 3, 122296, 124107
50, 3260, 3, 122296, 124345
50, 3270, 3, 121999, 124104
50, 3280, 3, 121792, 124869
50, 3290, 3, 121756, 123785
50, 3300, 3, 121072, 123094
50, 3310, 3, 120928, 123692
50, 3320, 3, 120801, 122989
50, 3330, 3, 120743, 122615
50, 3340, 3, 120471, 121888
50, 3350, 3, 120471, 123011
50, 3360, 3, 119779, 121034
50, 3370, 3, 119405, 121675
50, 3380, 3, 119131, 122267
50, 3390, 3, 118860, 120555
50, 3400, 3, 118860, 121283
50, 3410, 3, 118576, 119704
50, 3420, 3, 118384, 120608
50, 3430, 3, 118213, 121656
50, 3440, 3, 118013, 120663
50, 3450, 3, 117897, 120210
50, 3460, 3, 117855, 119831
50, 3470, 3, 117800, 120538
50, 3480, 3, 117800, 121843
50, 3490, 3, 117583, 119614
50, 3500, 3, 117365, 119959
50, 3510, 3, 117150, 118938
50, 3520, 3, 117150, 119218
50, 3530, 3, 117150, 119867
50, 3540, 3, 117150, 118792
50, 3550, 3, 116955, 120789
50, 3560, 3, 116321, 119919
50, 3570, 3, 115720, 118253
50, 3580, 3, 115720, 118928
50, 3590, 3, 115444, 117669
50, 3600, 3, 115444, 118209
50, 3610, 3, 115417, 118173
50, 3620, 3, 115189, 116105
50, 3630, 3, 115011, 115189
50, 3640, 3, 114826, 116686
50, 3650, 3, 114633, 116375
50, 3660, 3, 114515, 119741
50, 3670, 3, 114369, 117712
50, 3680, 3, 114171, 116479
50, 3690, 3, 113959, 114987
50, 3700, 3, 113418, 115364
50, 3710, 3, 113418, 115605
50, 3720, 3, 113282, 116081
50, 3730, 3, 112929, 115000
50, 3740, 3, 112770, 115967
50, 3750, 3, 112770, 113714
50, 3760, 3, 112770, 114651
50, 3770, 3, 112698, 115523
50, 3780, 3, 112269, 115272
50, 3790, 3, 112241, 114287
50, 3800, 3, 112176, 113477
50, 3810, 3, 112053, 116019
50, 3820, 3, 112053, 114216
50, 3830, 3, 112041, 114516
50, 3840, 3, 112041, 114484
50, 3850, 3, 111816, 114962
50, 3860, 3, 111816, 113712
50, 3870, 3, 111621, 114827
50, 3880, 3, 111540, 115068
50, 3890, 3, 111540, 114060
50, 3900, 3, 111447, 113890
50, 3910, 3, 111414, 114727
50, 3920, 3, 111334, 114790
50, 3930, 3, 111284, 113428
50, 3940, 3, 111284, 114314
50, 3950, 3, 111284, 112995
50, 3960, 3, 111284, 111684
50, 3970, 3, 111079, 114151
50, 3980, 3, 111079, 114080
50, 3990, 3, 111014, 112726
50, 4000, 3, 110894, 113895
50, 4010, 3, 110894, 112959
50, 4020, 3, 110477, 113292
50, 4030, 3, 110325, 112073
50, 4040, 3, 110125, 111039
50, 4050, 3, 110049, 112602
50, 4060, 3, 109807, 113189
50, 4070, 3, 109807, 109807
50, 4080, 3, 109330, 111155
50, 4090, 3, 109284, 110023
50, 4100, 3, 108926, 109953
50, 4110, 3, 108509, 109392
50, 4120, 3, 108509, 109408
50, 4130, 3, 108266, 109835
50, 4140, 3, 108266, 110226
50, 4150, 3, 108031, 108125
50, 4160, 3, 108031, 110167
50, 4170, 3, 107848, 110531
50, 4180, 3, 107793, 107848
50, 4190, 3, 107624, 110702
50, 4200, 3, 107524, 109663
50, 4210, 3, 107270, 107624
50, 4220, 3, 107251, 109511
50, 4230, 3, 107182, 107880
50, 4240, 3, 106796, 108878
50, 4250, 3, 106344, 108938
50, 4260, 3, 106344, 106344
50, 4270, 3, 106144, 108179
50, 4280, 3, 105918, 107240
50, 4290, 3, 105632, 107343
50, 4300, 3, 105632, 107740
50, 4310, 3, 105412, 106433
50, 4320, 3, 105336, 106277
50, 4330, 3, 105119, 106569
50, 4340, 3, 105107, 106813
50, 4350, 3, 105107, 107753
50, 4360, 3, 104789, 105837
50, 4370, 3, 104753, 107147
50, 4380, 3, 104713, 106906
50, 4390, 3, 104391, 107277
50, 4400, 3, 104261, 106754
50, 4410, 3, 104061, 107419
50, 4420, 3, 104061, 104200
50, 4430, 3, 104037, 105961
50, 4440, 3, 103525, 105149
50, 4450, 3, 103426, 105014
50, 4460, 3, 103059, 106854
50, 4470, 3, 102587, 103425
50, 4480, 3, 102304, 104630
50, 4490, 3, 102290, 104713
50, 4500, 3, 102290, 103682
50, 4510, 3, 102290, 103302
50, 4520, 3, 102195, 103993
50, 4530, 3, 101913, 103295
50, 4540, 3, 101855, 104156
50, 4550, 3, 101855, 103776
50, 4560, 3, 101700, 101855
50, 4570, 3, 101348, 103281
50, 4580, 3, 101348, 102707
50, 4590, 3, 101348, 103058
50, 4600, 3, 101348, 102603
50, 4610, 3, 101348, 103469
50, 4620, 3, 101208, 102285
50, 4630, 3, 100996, 103316
50, 4640, 3, 100789, 102582
50, 4650, 3, 100789, 103219
50, 4660, 3, 100607, 101324
50, 4670, 3, 100536, 101611
50, 4680, 3, 100496, 100536
50, 4690, 3, 100440, 101676
50, 4700, 3, 100271, 103004
50, 4710, 3, 99994, 101431
50, 4720, 3, 99713, 99994
50, 4730, 3, 99199, 100821
50, 4740, 3, 99199, 100593
50, 4750, 3, 99199, 101176
50, 4760, 3, 99199, 99199
50, 4770, 3, 99043, 100383
50, 4780, 3, 99043, 99443
50, 4790, 3, 98725, 99431
50, 4800, 3, 98725, 99183
50, 4810, 3, 98680, 100024
50, 4820, 3, 98680, 100273
50, 4830, 3, 98680, 100118
50, 4840, 3, 98680, 101156
50, 4850, 3, 98680, 100368
50, 4860, 3, 98680, 102884
50, 4870, 3, 97680, 100136
50, 4880, 3, 97553, 101276
50, 4890, 3, 97371, 99144
50, 4900, 3, 97371, 97371
50, 4910, 3, 97371, 100737
50, 4920, 3, 97031, 98926
50, 4930, 3, 96896, 98014
50, 4940, 3, 96896, 98307
50, 4950, 3, 96770, 96917
50, 4960, 3, 96654, 99521
50, 4970, 3, 96590, 97455
50, 4980, 3, 96451, 96557
50, 4990, 3, 96070, 98150
50, 5000, 3, 95799, 97307
50, 5010, 3, 95791, 96999
50, 5020, 3, 95772, 97785
50, 5030, 3, 95572, 96340
50, 5040, 3, 95363, 97475
50, 5050, 3, 95268, 95668
50, 5060, 3, 95268, 98339
50, 5070, 3, 95139, 95215
50, 5080, 3, 94982, 96920
50, 5090, 3, 94982, 97459
50, 5100, 3, 94982, 98712
50, 5110, 3, 94805, 96884
50, 5120, 3, 94805, 96803
50, 5130, 3, 94805, 97562
50, 5140, 3, 94514, 96987
50, 5150, 3, 94248, 96366
50, 5160, 3, 94139, 96732
50, 5170, 3, 94139, 97328
50, 5180, 3, 94139, 96106
50, 5190, 3, 93853, 96927
50, 5200, 3, 93853, 96836
50, 5210, 3, 93675, 96124
50, 5220, 3, 93675, 97138
50, 5230, 3, 93675, 95580
50, 5240, 3, 93675, 95227
50, 5250, 3, 93629, 95819
50, 5260, 3, 93629, 94284
50, 5270, 3, 93416, 97512
50, 5280, 3, 93416, 97237
50, 5290, 3, 93416, 95238
50, 5300, 3, 93368, 96555
50, 5310, 3, 93090, 94692
50, 5320, 3, 93090, 94165
50, 5330, 3, 92912, 93558
50, 5340, 3, 92912, 93928
50, 5350, 3, 92370, 95852
50, 5360, 3, 92370, 92800
50, 5370, 3, 92370, 94003
50, 5380, 3, 92086, 94270
50, 5390, 3, 92086, 94286
50, 5400, 3, 92086, 95316
50, 5410, 3, 92086, 94279
50, 5420, 3, 91933, 93417
50, 5430, 3, 91587, 94774
50, 5440, 3, 91587, 93534
50, 5450, 3, 91587, 92254
50, 5460, 3, 91587, 91587
50, 5470, 3, 91587, 91804
50, 5480, 3, 91418, 93799
50, 5490, 3, 91418, 93815
50, 5500, 3, 91418, 96143
50, 5510, 3, 91418, 93106
50, 5520, 3, 91279, 91520
50, 5530, 3, 91226, 93597
50, 5540, 3, 91226, 93238
50, 5550, 3, 91221, 92718
50, 5560, 3, 91221, 93445
50, 5570, 3, 91165, 92951
50, 5580, 3, 91017, 93607
50, 5590, 3, 91010, 92078
50, 5600, 3, 90948, 91810
50, 5610, 3, 90516, 92695
50, 5620, 3, 90516, 91890
50, 5630, 3, 90370, 92029
50, 5640, 3, 90370, 92368
50, 5650, 3, 90370, 93177
50, 5660, 3, 90370, 91156
50, 5670, 3, 90213, 91857
50, 5680, 3, 90018, 92193
50, 5690, 3, 90018, 92298
50, 5700, 3, 90018, 90018
50, 5710, 3, 89930, 90523
50, 5720, 3, 89926, 90697
50, 5730, 3, 89332, 91630
50, 5740, 3, 89332, 91012
50, 5750, 3, 89332, 90320
50, 5760, 3, 89262, 91127
50, 5770, 3, 89148, 89372
50, 5780, 3, 89148, 91673
50, 5790, 3, 89148, 91408
50, 5800, 3, 89148, 91181
50, 5810, 3, 89148, 89512
50, 5820, 3, 88967, 91945
50, 5830, 3, 88906, 88906
50, 5840, 3, 88729, 88906
50, 5850, 3, 88729, 89244
50, 5860, 3, 88729, 88729
50, 5870, 3, 88729, 91058
50, 5880, 3, 88701, 90885
50, 5890, 3, 88701, 90350
50, 5900, 3, 88701, 90979
50, 5910, 3, 88622, 90522
50, 5920, 3, 88622, 90260
50, 5930, 3, 88622, 89732
50, 5940, 3, 88622, 91433
50, 5950, 3, 88622, 91417
50, 5960, 3, 88438, 89269
50, 5970, 3, 88411, 91243
50, 5980, 3, 88411, 88411
50, 5990, 3, 88261, 88971
50, 6000, 3, 88063, 88261
50, 6010, 3, 87351, 90129
50, 6020, 3, 87351, 87351
50, 6030, 3, 87351, 89781
50, 6040, 3, 86970, 87243
50, 6050, 3, 86970, 86970
50, 6060, 3, 86513, 90886
50, 6070, 3, 86513, 87646
50, 6080, 3, 86513, 87924
50, 6090, 3, 86503, 88296
50, 6100, 3, 86503, 89683
50, 6110, 3, 86503, 86503
50, 6120, 3, 86253, 89135
50, 6130, 3, 86231, 88413
50, 6140, 3, 86211, 86658
50, 6150, 3, 86157, 86518
50, 6160, 3, 86157, 88064
50, 6170, 3, 86116, 87582
50, 6180, 3, 86106, 88008
50, 6190, 3, 86045, 88565
50, 6200, 3, 85984, 87365
50, 6210, 3, 85984, 85984
50, 6220, 3, 85840, 88210
50, 6230, 3, 85681, 87779
50, 6240, 3, 85681, 85681
50, 6250, 3, 85681, 86856
50, 6260, 3, 85505, 88101
50, 6270, 3, 85505, 86516
50, 6280, 3, 85382, 85505
50, 6290, 3, 85382, 87749
50, 6300, 3, 85382, 87659
50, 6310, 3, 85382, 87198
50, 6320, 3, 85382, 85382
50, 6330, 3, 85382, 86947
50, 6340, 3, 85085, 86640
50, 6350, 3, 85085, 85353
50, 6360, 3, 84966, 86502
50, 6370, 3, 84902, 86436
50, 6380, 3, 84753, 84902
50, 6390, 3, 84679, 86602
50, 6400, 3, 84638, 84679
50, 6410, 3, 84515, 86232
50, 6420, 3, 84515, 87727
50, 6430, 3, 84515, 86266
50, 6440, 3, 84515, 85323
50, 6450, 3, 84514, 87693
50, 6460, 3, 84514, 84514
50, 6470, 3, 84398, 84814
50, 6480, 3, 84388, 84398
50, 6490, 3, 84388, 87901
50, 6500, 3, 84004, 86300
50, 6510, 3, 84004, 85941
50, 6520, 3, 84004, 84491
50, 6530, 3, 84004, 85741
50, 6540, 3, 84004, 85424
50, 6550, 3, 84004, 84004
50, 6560, 3, 84004, 85444
50, 6570, 3, 84004, 84395
50, 6580, 3, 84004, 85565
50, 6590, 3, 84004, 86023
50, 6600, 3, 84004, 85983
50, 6610, 3, 84004, 84004
50, 6620, 3, 84004, 84004
50, 6630, 3, 83754, 85799
50, 6640, 3, 83579, 84547
50, 6650, 3, 83579, 85764
50, 6660, 3, 83573, 85031
50, 6670, 3, 83357, 84624
50, 6680, 3, 83357, 85177
50, 6690, 3, 83357, 84664
50, 6700, 3, 83292, 85233
50, 6710, 3, 83292, 84871
50, 6720, 3, 83067, 86068
50, 6730, 3, 82956, 85494
50, 6740, 3, 82921, 82928
50, 6750, 3, 82921, 83045
50, 6760, 3, 82907, 83137
50, 6770, 3, 82907, 85111
50, 6780, 3, 82793, 82907
50, 6790, 3, 82793, 84070
50, 6800, 3, 82789, 83315
50, 6810, 3, 82668, 84431
50, 6820, 3, 82668, 85509
50, 6830, 3, 82309, 82668
50, 6840, 3, 82175, 84118
50, 6850, 3, 81978, 83449
50, 6860, 3, 81650, 83783
50, 6870, 3, 81650, 81650
50, 6880, 3, 81650, 82822
50, 6890, 3, 81573, 83059
50, 6900, 3, 81573, 82342
50, 6910, 3, 81573, 82328
50, 6920, 3, 81522, 83166
50, 6930, 3, 81522, 81522
50, 6940, 3, 81522, 83124
50, 6950, 3, 81522, 83664
50, 6960, 3, 81522, 82362
50, 6970, 3, 81522, 83008
50, 6980, 3, 81522, 82024
50, 6990, 3, 81263, 82787
50, 7000, 3, 81263, 81273
50, 7010, 3, 81263, 82729
50, 7020, 3, 81263, 81263
50, 7030, 3, 81263, 81345
50, 7040, 3, 81263, 81263
50, 7050, 3, 81263, 82640
50, 7060, 3, 81263, 81873
50, 7070, 3, 81204, 83288
50, 7080, 3, 81197, 83036
50, 7090, 3, 81197, 82099
50, 7100, 3, 81177, 81197
50, 7110, 3, 81177, 81689
50, 7120, 3, 81171, 82904
50, 7130, 3, 81163, 82583
50, 7140, 3, 81034, 81034
50, 7150, 3, 80815, 83128
50, 7160, 3, 80727, 81664
50, 7170, 3, 80727, 80727
50, 7180, 3, 80727, 82082
50, 7190, 3, 80727, 83375
50, 7200, 3, 80727, 83195
50, 7210, 3, 80715, 82542
50, 7220, 3, 80489, 80489
50, 7230, 3, 80489, 82072
50, 7240, 3, 80489, 83264
50, 7250, 3, 80489, 83195
50, 7260, 3, 80489, 83500
50, 7270, 3, 80489, 81640
50, 7280, 3, 80478, 83311
50, 7290, 3, 80418, 80974
50, 7300, 3, 80418, 80418
50, 7310, 3, 80418, 82208
50, 7320, 3, 80274, 80418
50, 7330, 3, 80248, 80274
50, 7340, 3, 80248, 81757
50, 7350, 3, 80248, 81252
50, 7360, 3, 80248, 81279
50, 7370, 3, 80224, 80224
50, 7380, 3, 80224, 80464
50, 7390, 3, 80224, 81897
50, 7400, 3, 80205, 80831
50, 7410, 3, 79851, 80205
50, 7420, 3, 79851, 81869
50, 7430, 3, 79621, 81046
50, 7440, 3, 79545, 79592
50, 7450, 3, 79460, 80831
50, 7460, 3, 79460, 79460
50, 7470, 3, 79460, 80620
50, 7480, 3, 79406, 79606
50, 7490, 3, 79323, 79358
50, 7500, 3, 79323, 79323
50, 7510, 3, 79323, 80745
50, 7520, 3, 79187, 79972
50, 7530, 3, 79187, 79463
50, 7540, 3, 79187, 80075
50, 7550, 3, 79059, 81350
50, 7560, 3, 79059, 80561
50, 7570, 3, 79059, 80574
50, 7580, 3, 79059, 79059
50, 7590, 3, 79059, 79059
50, 7600, 3, 79059, 79921
50, 7610, 3, 79059, 80853
50, 7620, 3, 79059, 79059
50, 7630, 3, 79059, 79059
50, 7640, 3, 79059, 79059
50, 7650, 3, 79041, 81557
50, 7660, 3, 78998, 80746
50, 7670, 3, 78998, 78998
50, 7680, 3, 78834, 78834
50, 7690, 3, 78823, 79743
50, 7700, 3, 78682, 79999
50, 7710, 3, 78677, 78682
50, 7720, 3, 78332, 78677
50, 7730, 3, 78268, 78332
50, 7740, 3, 78160, 80985
50, 7750, 3, 78137, 79711
50, 7760, 3, 78112, 80377
50, 7770, 3, 78112, 78112
50, 7780, 3, 77908, 78035
50, 7790, 3, 77850, 78041
50, 7800, 3, 77850, 79385
50, 7810, 3, 77850, 79334
50, 7820, 3, 77850, 78924
50, 7830, 3, 77850, 79179
50, 7840, 3, 77850, 78949
50, 7850, 3, 77850, 77850
50, 7860, 3, 77850, 79963
50, 7870, 3, 77643, 77827
50, 7880, 3, 77643, 78705
50, 7890, 3, 77643, 79591
50, 7900, 3, 77643, 79346
50, 7910, 3, 77643, 77643
50, 7920, 3, 77420, 80163
50, 7930, 3, 77420, 77420
50, 7940, 3, 77389, 77987
50, 7950, 3, 77273, 77826
50, 7960, 3, 76898, 78709
50, 7970, 3, 76875, 76875
50, 7980, 3, 76777, 77672
50, 7990, 3, 76777, 76777
50, 8000, 3, 76736, 76777
50, 8010, 3, 76677, 76677
50, 8020, 3, 76677, 76677
50, 8030, 3, 76642, 76642
50, 8040, 3, 76642, 77388
50, 8050, 3, 76579, 79531
50, 8060, 3, 76579, 76579
50, 8070, 3, 76579, 76579
50, 8080, 3, 76538, 76579
50, 8090, 3, 76538, 76538
50, 8100, 3, 76538, 77030
50, 8110, 3, 76538, 77063
50, 8120, 3, 76538, 76538
50, 8130, 3, 76538, 77804
50, 8140, 3, 76521, 76538
50, 8150, 3, 76499, 78038
50, 8160, 3, 76499, 76499
50, 8170, 3, 76488, 76848
50, 8180, 3, 76446, 76446
50, 8190, 3, 76446, 77134
50, 8200, 3, 76446, 76446
50, 8210, 3, 76446, 78843
50, 8220, 3, 76446, 76446
50, 8230, 3, 76446, 77310
50, 8240, 3, 76395, 76446
50, 8250, 3, 76395, 78535
50, 8260, 3, 76395, 78228
50, 8270, 3, 76395, 77024
50, 8280, 3, 76395, 78465
50, 8290, 3, 76395, 76395
50, 8300, 3, 76395, 76395
50, 8310, 3, 76395, 76395
50, 8320, 3, 76395, 76395
50, 8330, 3, 76395, 76395
50, 8340, 3, 76395, 76395
50, 8350, 3, 76395, 76395
50, 8360, 3, 76395, 76995
50, 8370, 3, 76395, 76395
50, 8380, 3, 76395, 76395
50, 8390, 3, 76395, 76395
50, 8400, 3, 76395, 76594
50, 8410, 3, 76395, 76395
50, 8420, 3, 76395, 77528
50, 8430, 3, 76378, 76395
50, 8440, 3, 76305, 76378
50, 8450, 3, 76054, 77793
50, 8460, 3, 76030, 78602
50, 8470, 3, 75947, 78241
50, 8480, 3, 75947, 76212
50, 8490, 3, 75759, 75947
50, 8500, 3, 75759, 75759
50, 8510, 3, 75745, 79014
50, 8520, 3, 75745, 75745
50, 8530, 3, 75745, 77117
50, 8540, 3, 75719, 75740
50, 8550, 3, 75661, 75719
50, 8560, 3, 75661, 75661
50, 8570, 3, 75632, 76943
50, 8580, 3, 75632, 76064
50, 8590, 3, 75549, 75549
50, 8600, 3, 75549, 75549
50, 8610, 3, 75549, 77443
50, 8620, 3, 75549, 75549
50, 8630, 3, 75526, 75549
50, 8640, 3, 75526, 78148
50, 8650, 3, 75526, 76999
50, 8660, 3, 75458, 75526
50, 8670, 3, 75458, 75458
50, 8680, 3, 75458, 75458
50, 8690, 3, 75458, 75458
50, 8700, 3, 75458, 76160
50, 8710, 3, 75334, 75458
50, 8720, 3, 75334, 76826
50, 8730, 3, 75334, 75334
50, 8740, 3, 75334, 77104
50, 8750, 3, 75334, 76487
50, 8760, 3, 75266, 75334
50, 8770, 3, 75218, 75266
50, 8780, 3, 75218, 76309
50, 8790, 3, 75218, 75218
50, 8800, 3, 75218, 75218
50, 8810, 3, 75218, 75218
50, 8820, 3, 75218, 75218
50, 8830, 3, 75218, 76656
50, 8840, 3, 75218, 75218
50, 8850, 3, 75218, 77347
50, 8860, 3, 75099, 77571
50, 8870, 3, 75099, 75099
50, 8880, 3, 75099, 75099
50, 8890, 3, 75099, 75099
50, 8900, 3, 74920, 76617
50, 8910, 3, 74323, 74396
50, 8920, 3, 74323, 74505
50, 8930, 3, 74323, 74323
50, 8940, 3, 74323, 74480
50, 8950, 3, 74323, 76643
50, 8960, 3, 74323, 75910
50, 8970, 3, 74175, 74175
50, 8980, 3, 74175, 76832
50, 8990, 3, 74175, 76507
50, 9000, 3, 74175, 76295
50, 9010, 3, 74175, 76847
50, 9020, 3, 74175, 74175
50, 9030, 3, 74175, 74777
50, 9040, 3, 74051, 75409
50, 9050, 3, 74051, 74051
50, 9060, 3, 74005, 74051
50, 9070, 3, 74005, 74005
50, 9080, 3, 73961, 74005
50, 9090, 3, 73961, 73961
50, 9100, 3, 73961, 73961
50, 9110, 3, 73961, 74163
50, 9120, 3, 73961, 73961
50, 9130, 3, 73961, 73961
50, 9140, 3, 73961, 75176
50, 9150, 3, 73738, 73961
50, 9160, 3, 73505, 75768
50, 9170, 3, 73450, 73450
50, 9180, 3, 73450, 73450
50, 9190, 3, 73450, 73450
50, 9200, 3, 73450, 75585
50, 9210, 3, 73296, 75083
50, 9220, 3, 73296, 75330
50, 9230, 3, 73246, 75211
50, 9240, 3, 73246, 74759
50, 9250, 3, 73246, 74627
50, 9260, 3, 73246, 73261
50, 9270, 3, 73246, 73246
50, 9280, 3, 73156, 73405
50, 9290, 3, 73156, 73156
50, 9300, 3, 73156, 73156
50, 9310, 3, 73156, 75112
50, 9320, 3, 73015, 73156
50, 9330, 3, 73015, 73015
50, 9340, 3, 73003, 74316
50, 9350, 3, 73003, 73177
50, 9360, 3, 72846, 74613
50, 9370, 3, 72846, 73646
50, 9380, 3, 72846, 72846
50, 9390, 3, 72846, 73909
50, 9400, 3, 72846, 72846
50, 9410, 3, 72846, 72846
50, 9420, 3, 72790, 72846
50, 9430, 3, 72790, 73499
50, 9440, 3, 72790, 73008
50, 9450, 3, 72546, 72790
50, 9460, 3, 72546, 72546
50, 9470, 3, 72539, 74361
50, 9480, 3, 72539, 73020
50, 9490, 3, 72461, 72539
50, 9500, 3, 72461, 72461
50, 9510, 3, 72461, 72461
50, 9520, 3, 72461, 74205
50, 9530, 3, 72416, 72443
50, 9540, 3, 72416, 72416
50, 9550, 3, 72404, 72416
50, 9560, 3, 72180, 72404
50, 9570, 3, 72180, 72180
50, 9580, 3, 72180, 72180
50, 9590, 3, 72180, 72180
50, 9600, 3, 71955, 71955
50, 9610, 3, 71955, 71955
50, 9620, 3, 71955, 71955
50, 9630, 3, 71930, 71930
50, 9640, 3, 71930, 71930
50, 9650, 3, 71905, 74692
50, 9660, 3, 71905, 71905
50, 9670, 3, 71905, 72430
50, 9680, 3, 71905, 71905
50, 9690, 3, 71905, 73510
50, 9700, 3, 71902, 72479
50, 9710, 3, 71902, 71902
50, 9720, 3, 71902, 71902
50, 9730, 3, 71902, 71902
50, 9740, 3, 71902, 71902
50, 9750, 3, 71902, 71902
50, 9760, 3, 71870, 71902
50, 9770, 3, 71870, 72865
50, 9780, 3, 71870, 73167
50, 9790, 3, 71870, 71870
50, 9800, 3, 71856, 71856
50, 9810, 3, 71609, 71609
50, 9820, 3, 71609, 71609
50, 9830, 3, 71597, 71597
50, 9840, 3, 71597, 71597
50, 9850, 3, 71597, 71597
50, 9860, 3, 71597, 72425
50, 9870, 3, 71597, 71597
50, 9880, 3, 71597, 71597
50, 9890, 3, 71483, 74564
50, 9900, 3, 71483, 71483
50, 9910, 3, 71441, 71441
50, 9920, 3, 71441, 71441
50, 9930, 3, 71441, 71441
50, 9940, 3, 71383, 71441
50, 9950, 3, 71383, 72691
50, 9960, 3, 71259, 71383
50, 9970, 3, 71217, 71259
50, 9980, 3, 71201, 71217
50, 9990, 3, 71201, 71201
50, 10000, 3, 71201, 73601
50, 10010, 3, 71118, 71118
50, 10020, 3, 71118, 71118
50, 10030, 3, 71118, 71405
50, 10040, 3, 71118, 71118
50, 10050, 3, 71118, 71118
50, 10060, 3, 71118, 71118
50, 10070, 3, 71118, 72677
50, 10080, 3, 71118, 71118
50, 10090, 3, 71118, 71118
50, 10100, 3, 70954, 70954
50, 10110, 3, 70954, 70954
50, 10120, 3, 70954, 73877
50, 10130, 3, 70954, 70954
50, 10140, 3, 70852, 70954
50, 10150, 3, 70852, 71119
50, 10160, 3, 70852, 72480
50, 10170, 3, 70852, 70852
50, 10180, 3, 70686, 70686
50, 10190, 3, 70686, 70686
50, 10200, 3, 70686, 70686
50, 10210, 3, 70686, 71511
50, 10220, 3, 70686, 70686
50, 10230, 3, 70686, 70686
50, 10240, 3, 70686, 70686
50, 10250, 3, 70686, 70686
50, 10260, 3, 70686, 70686
50, 10270, 3, 70686, 72788
50, 10280, 3, 70686, 70947
50, 10290, 3, 70686, 70686
50, 10300, 3, 70686, 70686
50, 10310, 3, 70686, 70686
50, 10320, 3, 70686, 70686
50, 10330, 3, 70686, 72069
50, 10340, 3, 70628, 70628
50, 10350, 3, 70628, 70628
50, 10360, 3, 70628, 70628
50, 10370, 3, 70628, 70628
50, 10380, 3, 70628, 70628
50, 10390, 3, 70628, 70988
50, 10400, 3, 70628, 70628
50, 10410, 3, 70617, 70617
50, 10420, 3, 70617, 70617
50, 10430, 3, 70558, 71861
50, 10440, 3, 70558, 70558
50, 10450, 3, 70558, 70558
50, 10460, 3, 70558, 70558
50, 10470, 3, 70558, 70558
50, 10480, 3, 70558, 70558
50, 10490, 3, 70558, 70558
50, 10500, 3, 70558, 71639
50, 10510, 3, 70558, 71129
50, 10520, 3, 70558, 70558
50, 10530, 3, 70503, 70558
50, 10540, 3, 70503, 70685
50, 10550, 3, 70245, 70466
50, 10560, 3, 70245, 71207
50, 10570, 3, 70245, 70245
50, 10580, 3, 70245, 70245
50, 10590, 3, 70245, 70245
50, 10600, 3, 70245, 70245
50, 10610, 3, 70202, 70202
50, 10620, 3, 70202, 70202
50, 10630, 3, 70202, 70202
50, 10640, 3, 70202, 70202
50, 10650, 3, 70202, 70202
50, 10660, 3, 70202, 70202
50, 10670, 3, 70202, 70202
50, 10680, 3, 70202, 70202
50, 10690, 3, 70202, 70202
50, 10700, 3, 70202, 70202
50, 10710, 3, 70202, 70202
50, 10720, 3, 70202, 71396
50, 10730, 3, 70202, 71043
50, 10740, 3, 70202, 71078
50, 10750, 3, 70202, 70202
50, 10760, 3, 70047, 70202
50, 10770, 3, 70047, 70328
50, 10780, 3, 70047, 71473
50, 10790, 3, 70047, 70047
50, 10800, 3, 70047, 70047
50, 10810, 3, 69654, 69654
50, 10820, 3, 69530, 69654
50, 10830, 3, 69530, 69530
50, 10840, 3, 69530, 69530
50, 10850, 3, 69530, 71059
50, 10860, 3, 69530, 69530
50, 10870, 3, 69530, 69530
50, 10880, 3, 69530, 69530
50, 10890, 3, 69530, 69530
50, 10900, 3, 69530, 69530
50, 10910, 3, 69517, 69517
50, 10920, 3, 69517, 69517
50, 10930, 3, 69492, 70959
50, 10940, 3, 69492, 69492
50, 10950, 3, 69353, 69353
50, 10960, 3, 69353, 69353
50, 10970, 3, 69353, 69353
50, 10980, 3, 69353, 69353
50, 10990, 3, 69353, 69766
50, 11000, 3, 69353, 69353
50, 11010, 3, 69353, 69353
50, 11020, 3, 69293, 70397
50, 11030, 3, 69293, 69293
50, 11040, 3, 69207, 70405
50, 11050, 3, 69174, 69174
50, 11060, 3, 69174, 69174
50, 11070, 3, 69174, 69174
50, 11080, 3, 69174, 69174
50, 11090, 3, 69174, 69174
50, 11100, 3, 69174, 69174
50, 11110, 3, 69174, 69174
50, 11120, 3, 69174, 70036
50, 11130, 3, 69154, 69174
50, 11140, 3, 69154, 69154
50, 11150, 3, 69154, 70846
50, 11160, 3, 69154, 69154
50, 11170, 3, 69154, 69154
50, 11180, 3, 69154, 69154
50, 11190, 3, 69154, 69154
50, 11200, 3, 69154, 69154
50, 11210, 3, 69154, 69154
50, 11220, 3, 69154, 69154
50, 11230, 3, 69154, 69154
50, 11240, 3, 69154, 69154
50, 11250, 3, 69154, 69154
50, 11260, 3, 69154, 69529
50, 11270, 3, 69154, 69154
50, 11280, 3, 69154, 70078
50, 11290, 3, 69154, 69154
50, 11300, 3, 69154, 69154
50, 11310, 3, 69154, 69154
50, 11320, 3, 69154, 69695
50, 11330, 3, 69035, 69154
50, 11340, 3, 69035, 69035
50, 11350, 3, 69035, 69035
50, 11360, 3, 69035, 69035
50, 11370, 3, 69035, 69035
50, 11380, 3, 69035, 70211
50, 11390, 3, 69035, 69035
50, 11400, 3, 69035, 69035
50, 11410, 3, 69035, 69035
50, 11420, 3, 69035, 69035
50, 11430, 3, 69035, 69035
50, 11440, 3, 69035, 69035
50, 11450, 3, 68872, 69035
50, 11460, 3, 68872, 69708
50, 11470, 3, 68872, 68872
50, 11480, 3, 68872, 68872
50, 11490, 3, 68872, 68872
50, 11500, 3, 68872, 68872
50, 11510, 3, 68872, 68872
50, 11520, 3, 68872, 68872
50, 11530, 3, 68820, 68820
50, 11540, 3, 68820, 68820
50, 11550, 3, 68820, 68820
50, 11560, 3, 68724, 69028
50, 11570, 3, 68724, 68848
50, 11580, 3, 68724, 69601
50, 11590, 3, 68724, 68724
50, 11600, 3, 68724, 68724
50, 11610, 3, 68724, 68724
50, 11620, 3, 68724, 69128
50, 11630, 3, 68724, 68724
50, 11640, 3, 68724, 68724
50, 11650, 3, 68724, 69372
50, 11660, 3, 68724, 68724
50, 11670, 3, 68724, 68724
50, 11680, 3, 68724, 68724
50, 11690, 3, 68724, 68724
50, 11700, 3, 68724, 68724
50, 11710, 3, 68724, 68724
50, 11720, 3, 68724, 68724
50, 11730, 3, 68724, 68724
50, 11740, 3, 68724, 68724
50, 11750, 3, 68724, 68724
50, 11760, 3, 68724, 69747
50, 11770, 3, 68724, 69469
50, 11780, 3, 68724, 68724
50, 11790, 3, 68637, 68642
50, 11800, 3, 68478, 68478
50, 11810, 3, 68478, 68478
50, 11820, 3, 68478, 68478
50, 11830, 3, 68478, 68478
50, 11840, 3, 68478, 68478
50, 11850, 3, 68478, 68478
50, 11860, 3, 68478, 68478
50, 11870, 3, 68478, 68478
50, 11880, 3, 68478, 68478
50, 11890, 3, 68478, 68478
50, 11900, 3, 68478, 68478
50, 11910, 3, 68478, 68994
50, 11920, 3, 68478, 68478
50, 11930, 3, 68333, 70861
50, 11940, 3, 68333, 68333
50, 11950, 3, 68333, 68333
50, 11960, 3, 68333, 68333
50, 11970, 3, 68333, 68333
50, 11980, 3, 68333, 68733
50, 11990, 3, 68333, 68333
50, 12000, 3, 68333, 68333
50, 12010, 3, 68333, 68333
50, 12020, 3, 68333, 68333
50, 12030, 3, 68333, 68333
50, 12040, 3, 68331, 68331
50, 12050, 3, 68331, 68331
50, 12060, 3, 68331, 68331
50, 12070, 3, 68331, 68331
50, 12080, 3, 68331, 68331
50, 12090, 3, 68331, 68331
50, 12100, 3, 68331, 68331
50, 12110, 3, 68208, 68208
50, 12120, 3, 68208, 68208
50, 12130, 3, 68208, 68208
50, 12140, 3, 68208, 68208
50, 12150, 3, 68208, 68208
50, 12160, 3, 68208, 68208
50, 12170, 3, 68208, 68208
50, 12180, 3, 68208, 68208
50, 12190, 3, 68208, 68208
50, 12200, 3, 68208, 68208
50, 12210, 3, 68208, 68208
50, 12220, 3, 68208, 68208
50, 12230, 3, 68208, 68208
50, 12240, 3, 68125, 68125
50, 12250, 3, 68125, 68125
50, 12260, 3, 68125, 68125
50, 12270, 3, 68125, 69554
50, 12280, 3, 68084, 68125
50, 12290, 3, 68084, 68084
50, 12300, 3, 68084, 68084
50, 12310, 3, 68084, 68084
50, 12320, 3, 68084, 68084
50, 12330, 3, 67816, 68084
50, 12340, 3, 67816, 67816
50, 12350, 3, 67816, 67816
50, 12360, 3, 67816, 67816
50, 12370, 3, 67816, 67970
50, 12380, 3, 67816, 70105
50, 12390, 3, 67816, 67816
50, 12400, 3, 67816, 67816
50, 12410, 3, 67816, 67816
50, 12420, 3, 67733, 67733
50, 12430, 3, 67724, 67733
50, 12440, 3, 67724, 67724
50, 12450, 3, 67724, 67724
50, 12460, 3, 67724, 67724
50, 12470, 3, 67724, 67724
50, 12480, 3, 67724, 67724
50, 12490, 3, 67343, 69131
50, 12500, 3, 67343, 67343
50, 12510, 3, 67343, 67343
50, 12520, 3, 67343, 67343
50, 12530, 3, 67261, 67261
50, 12540, 3, 67261, 67882
50, 12550, 3, 67261, 67261
50, 12560, 3, 67261, 67261
50, 12570, 3, 67261, 67261
50, 12580, 3, 67261, 67261
50, 12590, 3, 67261, 67261
50, 12600, 3, 67261, 67261
50, 12610, 3, 67171, 67261
50, 12620, 3, 67171, 67171
50, 12630, 3, 67171, 67171
50, 12640, 3, 67171, 67171
50, 12650, 3, 67171, 67171
50, 12660, 3, 67171, 67171
50, 12670, 3, 67171, 67171
50, 12680, 3, 67171, 67171
50, 12690, 3, 67171, 67171
50, 12700, 3, 67151, 67151
50, 12710, 3, 67151, 67151
50, 12720, 3, 67151, 67151
50, 12730, 3, 67151, 67151
50, 12740, 3, 67151, 67151
50, 12750, 3, 67151, 67151
50, 12760, 3, 67151, 67151
50, 12770, 3, 67151, 67151
50, 12780, 3, 67151, 67151
50, 12790, 3, 67151, 67151
50, 12800, 3, 67151, 69095
50, 12810, 3, 67151, 67151
50, 12820, 3, 67151, 67151
50, 12830, 3, 67151, 67151
50, 12840, 3, 67054, 67151
50, 12850, 3, 66956, 67452
50, 12860, 3, 66956, 66956
50, 12870, 3, 66956, 66956
50, 12880, 3, 66956, 66956
50, 12890, 3, 66932, 66956
50, 12900, 3, 66932, 66932
50, 12910, 3, 66932, 66932
50, 12920, 3, 66932, 66932
50, 12930, 3, 66932, 66932
50, 12940, 3, 66932, 66932
50, 12950, 3, 66851, 66932
50, 12960, 3, 66690, 66690
50, 12970, 3, 66690, 66690
50, 12980, 3, 66690, 66690
50, 12990, 3, 66690, 66690
50, 13000, 3, 66690, 66690
50, 13010, 3, 66690, 66690
50, 13020, 3, 66690, 66690
50, 13030, 3, 66690, 66690
50, 13040, 3, 66690, 66690
50, 13050, 3, 66690, 66690
50, 13060, 3, 66690, 66690
50, 13070, 3, 66565, 66690
50, 13080, 3, 66565, 66565
50, 13090, 3, 66565, 66565
50, 13100, 3, 66565, 66565
50, 13110, 3, 66565, 67946
50, 13120, 3, 66565, 66565
50, 13130, 3, 66565, 66565
50, 13140, 3, 66565, 66565
50, 13150, 3, 66565, 66565
50, 13160, 3, 66565, 66565
50, 13170, 3, 66565, 66565
50, 13180, 3, 66565, 66565
50, 13190, 3, 66565, 66565
50, 13200, 3, 66565, 66565
50, 13210, 3, 66509, 66509
50, 13220, 3, 66509, 66509
50, 13230, 3, 66427, 66509
50, 13240, 3, 66427, 66427
50, 13250, 3, 66288, 68032
50, 13260, 3, 66288, 66288
50, 13270, 3, 66205, 66288
50, 13280, 3, 66205, 66205
50, 13290, 3, 66205, 66205
50, 13300, 3, 66205, 66205
50, 13310, 3, 66162, 66162
50, 13320, 3, 66039, 66122
50, 13330, 3, 66039, 66039
50, 13340, 3, 66039, 66039
50, 13350, 3, 66039, 66039
50, 13360, 3, 66039, 66039
50, 13370, 3, 66039, 66039
50, 13380, 3, 66039, 66039
50, 13390, 3, 66039, 66039
50, 13400, 3, 66039, 66039
50, 13410, 3, 66039, 66039
50, 13420, 3, 66039, 66039
50, 13430, 3, 66039, 66039
50, 13440, 3, 65977, 65977
50, 13450, 3, 65876, 65977
50, 13460, 3, 65876, 65876
50, 13470, 3, 65876, 65876
50, 13480, 3, 65876, 65876
50, 13490, 3, 65876, 65876
50, 13500, 3, 65771, 65876
50, 13510, 3, 65771, 65771
50, 13520, 3, 65771, 65771
50, 13530, 3, 65771, 65771
50, 13540, 3, 65771, 65771
50, 13550, 3, 65771, 65771
50, 13560, 3, 65771, 65771
50, 13570, 3, 65771, 65771
50, 13580, 3, 65771, 65771
50, 13590, 3, 65771, 65771
50, 13600, 3, 65771, 65771
50, 13610, 3, 65649, 65771
50, 13620, 3, 65649, 65649
50, 13630, 3, 65649, 65649
50, 13640, 3, 65649, 65649
50, 13650, 3, 65649, 65649
50, 13660, 3, 65649, 65649
50, 13670, 3, 65649, 65649
50, 13680, 3, 65649, 67865
50, 13690, 3, 65525, 65525
50, 13700, 3, 65525, 65525
50, 13710, 3, 65525, 65525
50, 13720, 3, 65525, 65525
50, 13730, 3, 65525, 65525
50, 13740, 3, 65525, 65525
50, 13750, 3, 65525, 65525
50, 13760, 3, 65525, 65525
50, 13770, 3, 65525, 65525
50, 13780, 3, 65512, 65512
50, 13790, 3, 65512, 65512
50, 13800, 3, 65512, 65512
50, 13810, 3, 65489, 65512
50, 13820, 3, 65489, 65489
50, 13830, 3, 65489, 65489
50, 13840, 3, 65233, 65489
50, 13850, 3, 65233, 65233
50, 13860, 3, 65233, 65233
50, 13870, 3, 65233, 65233
50, 13880, 3, 65233, 65233
50, 13890, 3, 65233, 65233
50, 13900, 3, 65233, 65233
50, 13910, 3, 65233, 65233
50, 13920, 3, 65233, 68097
50, 13930, 3, 65233, 65233
50, 13940, 3, 65233, 65233
50, 13950, 3, 65233, 65233
50, 13960, 3, 65233, 65233
50, 13970, 3, 65233, 66877
50, 13980, 3, 65233, 65233
50, 13990, 3, 65233, 65233
50, 14000, 3, 65233, 65233
50, 14010, 3, 65233, 65233
50, 14020, 3, 65233, 65233
50, 14030, 3, 65233, 65233
50, 14040, 3, 65233, 65233
50, 14050, 3, 65233, 65233
50, 14060, 3, 65193, 65233
50, 14070, 3, 65193, 65193
50, 14080, 3, 65193, 65193
50, 14090, 3, 65193, 65193
50, 14100, 3, 65193, 65193
50, 14110, 3, 65193, 65193
50, 14120, 3, 65193, 65193
50, 14130, 3, 65193, 65193
50, 14140, 3, 65193, 65193
50, 14150, 3, 65193, 65193
50, 14160, 3, 65193, 65193
50, 14170, 3, 65193, 65193
50, 14180, 3, 65193, 65193
50, 14190, 3, 65193, 65193
50, 14200, 3, 65193, 65193
50, 14210, 3, 65193, 65193
50, 14220, 3, 65193, 65193
50, 14230, 3, 65193, 65193
50, 14240, 3, 65193, 65193
50, 14250, 3, 65193, 65193
50, 14260, 3, 65193, 65193
50, 14270, 3, 65193, 65193
50, 14280, 3, 64929, 65193
50, 14290, 3, 64929, 64929
50, 14300, 3, 64929, 64929
50, 14310, 3, 64929, 64929
50, 14320, 3, 64929, 65729
50, 14330, 3, 64929, 64929
50, 14340, 3, 64144, 64144
50, 14350, 3, 64144, 64144
50, 14360, 3, 64144, 64144
50, 14370, 3, 64144, 64144
50, 14380, 3, 64144, 64144
50, 14390, 3, 64063, 64144
50, 14400, 3, 64063, 64063
50, 14410, 3, 64063, 64063
50, 14420, 3, 64063, 64063
50, 14430, 3, 64063, 64063
50, 14440, 3, 64063, 64063
50, 14450, 3, 64063, 64063
50, 14460, 3, 64063, 64063
50, 14470, 3, 64063, 64063
50, 14480, 3, 64063, 64686
50, 14490, 3, 64063, 64063
50, 14500, 3, 64063, 64063
50, 14510, 3, 64063, 64063
50, 14520, 3, 64063, 64063
50, 14530, 3, 64063, 64063
50, 14540, 3, 64063, 64063
50, 14550, 3, 64063, 64063
50, 14560, 3, 64063, 64063
50, 14570, 3, 64063, 64063
50, 14580, 3, 64063, 64063
50, 14590, 3, 64063, 64063
50, 14600, 3, 64063, 64063
50, 14610, 3, 64063, 64063
50, 14620, 3, 64063, 64063
50, 14630, 3, 64063, 64063
50, 14640, 3, 64063, 64063
50, 14650, 3, 64063, 64063
50, 14660, 3, 64063, 64063
50, 14670, 3, 64063, 64063
50, 14680, 3, 64063, 64063
50, 14690, 3, 64063, 64063
50, 14700, 3, 64063, 64063
50, 14710, 3, 64063, 64063
50, 14720, 3, 64063, 64063
50, 14730, 3, 64063, 64063
50, 14740, 3, 64063, 64063
50, 14750, 3, 64063, 64063
50, 14760, 3, 64063, 64063
50, 14770, 3, 64063, 64063
50, 14780, 3, 64063, 64063
50, 14790, 3, 64063, 64063
50, 14800, 3, 64063, 64063
50, 14810, 3, 63744, 63744
50, 14820, 3, 63744, 63744
50, 14830, 3, 63744, 63744
50, 14840, 3, 63744, 63744
50, 14850, 3, 63744, 63744
50, 14860, 3, 63744, 63744
50, 14870, 3, 63281, 63521
50, 14880, 3, 63126, 63126
50, 14890, 3, 63126, 63126
50, 14900, 3, 63126, 63126
50, 14910, 3, 63126, 63126
50, 14920, 3, 63126, 63126
50, 14930, 3, 63126, 63126
50, 14940, 3, 63126, 63126
50, 14950, 3, 63126, 63126
50, 14960, 3, 63126, 63126
50, 14970, 3, 63126, 63126
50, 14980, 3, 63126, 63126
50, 14990, 3, 63126, 63126
50, 15000, 3, 62986, 62986
50, 15010, 3, 62986, 62986
50, 15020, 3, 62986, 62986
50, 15030, 3, 62986, 62986
50, 15040, 3, 62986, 62986
50, 15050, 3, 62986, 62986
50, 15060, 3, 62986, 62986
50, 15070, 3, 62986, 62986
50, 15080, 3, 62986, 62986
50, 15090, 3, 62986, 62986
50, 15100, 3, 62969, 62986
50, 15110, 3, 62969, 62969
50, 15120, 3, 62969, 62969
50, 15130, 3, 62969, 62969
50, 15140, 3, 62969, 62969
50, 15150, 3, 62969, 62969
50, 15160, 3, 62969, 62969
50, 15170, 3, 62969, 62969
50, 15180, 3, 62969, 62969
50, 15190, 3, 62969, 62969
50, 15200, 3, 62969, 62969
50, 15210, 3, 62969, 62969
50, 15220, 3, 62969, 62969
50, 15230, 3, 62969, 62969
50, 15240, 3, 62969, 62969
50, 15250, 3, 62969, 62969
50, 15260, 3, 62969, 62969
50, 15270, 3, 62969, 62969
50, 15280, 3, 62877, 62877
50, 15290, 3, 62693, 62693
50, 15300, 3, 62693, 62693
50, 15310, 3, 62693, 62693
50, 15320, 3, 62693, 62693
50, 15330, 3, 62693, 62693
50, 15340, 3, 62693, 62693
50, 15350, 3, 62693, 62693
50, 15360, 3, 62693, 62693
50, 15370, 3, 62693, 62693
50, 15380, 3, 62693, 62693
50, 15390, 3, 62668, 62693
50, 15400, 3, 62668, 62668
50, 15410, 3, 62655, 62655
50, 15420, 3, 62655, 62655
50, 15430, 3, 62655, 62655
50, 15440, 3, 62655, 62655
50, 15450, 3, 62655, 62655
50, 15460, 3, 62655, 62655
50, 15470, 3, 62655, 62655
50, 15480, 3, 62655, 62655
50, 15490, 3, 62655, 62655
50, 15500, 3, 62655, 62655
50, 15510, 3, 62655, 62655
50, 15520, 3, 62655, 62655
50, 15530, 3, 62655, 62655
50, 15540, 3, 62655, 62655
50, 15550, 3, 62655, 62655
50, 15560, 3, 62655, 62655
50, 15570, 3, 62655, 62655
50, 15580, 3, 62655, 62655
50, 15590, 3, 62655, 62655
50, 15600, 3, 62655, 62655
50, 15610, 3, 62655, 62655
50, 15620, 3, 62655, 62655
50, 15630, 3, 62615, 62615
50, 15640, 3, 62583, 62615
50, 15650, 3, 62583, 62583
50, 15660, 3, 62583, 62583
50, 15670, 3, 62583, 62583
50, 15680, 3, 62583, 62583
50, 15690, 3, 62583, 62583
50, 15700, 3, 62583, 62583
50, 15710, 3, 62583, 62583
50, 15720, 3, 62583, 62583
50, 15730, 3, 62583, 62583
50, 15740, 3, 62559, 62559
50, 15750, 3, 62559, 62559
50, 15760, 3, 62552, 62559
50, 15770, 3, 62552, 62552
50, 15780, 3, 62552, 62552
50, 15790, 3, 62552, 62552
50, 15800, 3, 62552, 62552
50, 15810, 3, 62552, 62552
50, 15820, 3, 62552, 62552
50, 15830, 3, 62552, 62552
50, 15840, 3, 62552, 62552
50, 15850, 3, 62552, 62552
50, 15860, 3, 62552, 62552
50, 15870, 3, 62552, 62552
50, 15880, 3, 62552, 62552
50, 15890, 3, 62552, 62552
50, 15900, 3, 62552, 62552
50, 15910, 3, 62552, 62552
50, 15920, 3, 62552, 62552
50, 15930, 3, 62552, 62552
50, 15940, 3, 62552, 62552
50, 15950, 3, 62552, 62552
50, 15960, 3, 62552, 62552
50, 15970, 3, 62552, 62552
50, 15980, 3, 62552, 62552
50, 15990, 3, 62552, 62552
50, 16000, 3, 62552, 62552
50, 16010, 3, 62552, 62552
50, 16020, 3, 62552, 62552
50, 16030, 3, 62552, 62552
50, 16040, 3, 62552, 62552
50, 16050, 3, 62552, 62552
50, 16060, 3, 62552, 62552
50, 16070, 3, 62552, 62552
50, 16080, 3, 62552, 62552
50, 16090, 3, 62552, 62552
50, 16100, 3, 62552, 62552
50, 16110, 3, 62552, 62552
50, 16120, 3, 62552, 62552
50, 16130, 3, 62552, 62552
50, 16140, 3, 62552, 62552
50, 16150, 3, 62552, 62552
50, 16160, 3, 62552, 62552
50, 16170, 3, 62552, 62552
50, 16180, 3, 62552, 62552
50, 16190, 3, 62552, 62552
50, 16200, 3, 62552, 62552
50, 16210, 3, 62533, 62552
50, 16220, 3, 62533, 62533
50, 16230, 3, 62533, 62533
50, 16240, 3, 62533, 62533
50, 16250, 3, 62509, 62509
50, 16260, 3, 62509, 62509
50, 16270, 3, 62509, 62509
50, 16280, 3, 62509, 62509
50, 16290, 3, 62509, 62509
50, 16300, 3, 62509, 62509
50, 16310, 3, 62509, 62509
50, 16320, 3, 62509, 62509
50, 16330, 3, 62509, 62509
50, 16340, 3, 62509, 62509
50, 16350, 3, 62509, 62509
50, 16360, 3, 62509, 62509
50, 16370, 3, 62509, 62509
50, 16380, 3, 62509, 62509
50, 16390, 3, 62509, 62509
50, 16400, 3, 62509, 62509
50, 16410, 3, 62509, 62509
50, 16420, 3, 62509, 62509
50, 16430, 3, 62509, 62509
50, 16440, 3, 62509, 62509
50, 16450, 3, 62509, 62509
50, 16460, 3, 62509, 62509
50, 16470, 3, 62509, 62509
50, 16480, 3, 62369, 62493
50, 16490, 3, 62369, 62369
50, 16500, 3, 62337, 62369
50, 16510, 3, 62337, 62337
50, 16520, 3, 62337, 62337
50, 16530, 3, 62337, 62337
50, 16540, 3, 62337, 62337
50, 16550, 3, 62337, 62337
50, 16560, 3, 62337, 62337
50, 16570, 3, 62337, 62337
50, 16580, 3, 62337, 62337
50, 16590, 3, 62337, 62337
50, 16600, 3, 62337, 62337
50, 16610, 3, 62337, 62337
50, 16620, 3, 62337, 62337
50, 16630, 3, 62337, 62337
50, 16640, 3, 62337, 62337
50, 16650, 3, 62337, 62337
50, 16660, 3, 62211, 62211
50, 16670, 3, 62211, 62211
50, 16680, 3, 62211, 62211
50, 16690, 3, 62211, 62211
50, 16700, 3, 62211, 62211
50, 16710, 3, 62211, 62211
50, 16720, 3, 62211, 62211
50, 16730, 3, 62047, 62047
50, 16740, 3, 62047, 62047
50, 16750, 3, 62047, 62047
50, 16760, 3, 62047, 62047
50, 16770, 3, 62047, 62047
50, 16780, 3, 62047, 62047
50, 16790, 3, 62047, 62047
50, 16800, 3, 62047, 62047
50, 16810, 3, 62047, 62047
50, 16820, 3, 62006, 62047
50, 16830, 3, 62006, 62006
50, 16840, 3, 62006, 62006
50, 16850, 3, 62006, 62006
50, 16860, 3, 61935, 61935
50, 16870, 3, 61935, 61935
50, 16880, 3, 61935, 61935
50, 16890, 3, 61935, 61935
50, 16900, 3, 61935, 61935
50, 16910, 3, 61935, 61935
50, 16920, 3, 61935, 61935
50, 16930, 3, 61935, 61935
50, 16940, 3, 61935, 61935
50, 16950, 3, 61935, 61935
50, 16960, 3, 61935, 61935
50, 16970, 3, 61935, 61935
50, 16980, 3, 61935, 61935
50, 16990, 3, 61935, 61935
50, 17000, 3, 61935, 61935
50, 17010, 3, 61935, 61935
50, 17020, 3, 61935, 61935
50, 17030, 3, 61935, 61935
50, 17040, 3, 61935, 61935
50, 17050, 3, 61935, 61935
50, 17060, 3, 61935, 61935
50, 17070, 3, 61935, 61935
50, 17080, 3, 61935, 61935
50, 17090, 3, 61935, 61935
50, 17100, 3, 61935, 61935
50, 17110, 3, 61935, 61935
50, 17120, 3, 61935, 61935
50, 17130, 3, 61935, 61935
50, 17140, 3, 61935, 61935
50, 17150, 3, 61935, 61935
50, 17160, 3, 61935, 61935
50, 17170, 3, 61935, 61935
50, 17180, 3, 61935, 61935
50, 17190, 3, 61935, 61935
50, 17200, 3, 61935, 61935
50, 17210, 3, 61935, 61935
50, 17220, 3, 61935, 61935
50, 17230, 3, 61935, 61935
50, 17240, 3, 61935, 61935
50, 17250, 3, 61935, 61935
50, 17260, 3, 61935, 61935
50, 17270, 3, 61935, 61935
50, 17280, 3, 61935, 61935
50, 17290, 3, 61935, 61935
50, 17300, 3, 61935, 61935
50, 17310, 3, 61935, 61935
50, 17320, 3, 61935, 61935
50, 17330, 3, 61935, 61935
50, 17340, 3, 61935, 61935
50, 17350, 3, 61935, 61935
50, 17360, 3, 61935, 61935
50, 17370, 3, 61935, 61935
50, 17380, 3, 61935, 61935
50, 17390, 3, 61935, 61935
50, 17400, 3, 61935, 61935
50, 17410, 3, 61935, 61935
50, 17420, 3, 61935, 61935
50, 17430, 3, 61935, 61935
50, 17440, 3, 61935, 61935
50, 17450, 3, 61935, 61935
50, 17460, 3, 61900, 61900
50, 17470, 3, 61900, 61900
50, 17480, 3, 61900, 61900
50, 17490, 3, 61900, 61900
50, 17500, 3, 61900, 61900
50, 17510, 3, 61900, 61900
50, 17520, 3, 61900, 61900
50, 17530, 3, 61900, 61900
50, 17540, 3, 61900, 61900
50, 17550, 3, 61900, 61900
50, 17560, 3, 61900, 61900
50, 17570, 3, 61900, 61900
50, 17580, 3, 61900, 61900
50, 17590, 3, 61900, 61900
50, 17600, 3, 61900, 61900
50, 17610, 3, 61900, 61900
50, 17620, 3, 61900, 61900
50, 17630, 3, 61900, 61900
50, 17640, 3, 61900, 61900
50, 17650, 3, 61900, 61900
50, 17660, 3, 61900, 61900
50, 17670, 3, 61900, 61900
50, 17680, 3, 61900, 61900
50, 17690, 3, 61900, 61900
50, 17700, 3, 61900, 61900
50, 17710, 3, 61900, 61900
50, 17720, 3, 61900, 61900
50, 17730, 3, 61900, 61900
50, 17740, 3, 61900, 61900
50, 17750, 3, 61900, 61900
50, 17760, 3, 61900, 61900
50, 17770, 3, 61900, 61900
50, 17780, 3, 61900, 61900
50, 17790, 3, 61617, 61900
50, 17800, 3, 61617, 61617
50, 17810, 3, 61617, 61617
50, 17820, 3, 61617, 61617
50, 17830, 3, 61617, 61617
50, 17840, 3, 61617, 61617
50, 17850, 3, 61617, 61617
50, 17860, 3, 61617, 61617
50, 17870, 3, 61617, 61617
50, 17880, 3, 61617, 61617
50, 17890, 3, 61617, 61617
50, 17900, 3, 61617, 61617
50, 17910, 3, 61617, 61617
50, 17920, 3, 61617, 61617
50, 17930, 3, 61617, 61617
50, 17940, 3, 61617, 61617
50, 17950, 3, 61617, 61617
50, 17960, 3, 61617, 61617
50, 17970, 3, 61617, 61617
50, 17980, 3, 61617, 61617
50, 17990, 3, 61617, 61617
50, 18000, 3, 61617, 61617
50, 18010, 3, 61617, 61617
50, 18020, 3, 61617, 61617
50, 18030, 3, 61617, 61617
50, 18040, 3, 61617, 61617
50, 18050, 3, 61617, 61617
50, 18060, 3, 61563, 61617
50, 18070, 3, 61563, 61563
50, 18080, 3, 61563, 61563
50, 18090, 3, 61563, 61563
50, 18100, 3, 61563, 61563
50, 18110, 3, 61563, 61563
50, 18120, 3, 61563, 61563
50, 18130, 3, 61563, 61563
50, 18140, 3, 61563, 61563
50, 18150, 3, 61563, 61563
50, 18160, 3, 61563, 61563
50, 18170, 3, 61563, 61563
50, 18180, 3, 61563, 61563
50, 18190, 3, 61563, 61563
50, 18200, 3, 61563, 61563
50, 18210, 3, 61563, 61563
50, 18220, 3, 61563, 61563
50, 18230, 3, 61563, 61563
50, 18240, 3, 61563, 61563
50, 18250, 3, 61563, 61563
50, 18260, 3, 61563, 61563
50, 18270, 3, 61563, 61563
50, 18280, 3, 61563, 61563
50, 18290, 3, 61563, 61563
50, 18300, 3, 61563, 61563
50, 18310, 3, 61563, 61563
50, 18320, 3, 61563, 61563
50, 18330, 3, 61563, 61563
50, 18340, 3, 61563, 61563
50, 18350, 3, 61563, 61563
50, 18360, 3, 61563, 61563
50, 18370, 3, 61563, 61563
50, 18380, 3, 61563, 61563
50, 18390, 3, 61563, 61563
50, 18400, 3, 61563, 61563
50, 18410, 3, 61563, 61563
50, 18420, 3, 61563, 61563
50, 18430, 3, 61563, 61563
50, 18440, 3, 61563, 61563
50, 18450, 3, 61563, 61563
50, 18460, 3, 61563, 61563
50, 18470, 3, 61563, 61563
50, 18480, 3, 61563, 61563
50, 18490, 3, 61563, 61563
50, 18500, 3, 61563, 61563
50, 18510, 3, 61563, 61563
50, 18520, 3, 61563, 61563
50, 18530, 3, 61563, 61563
50, 18540, 3, 61563, 61563
50, 18550, 3, 61563, 61563
50, 18560, 3, 61502, 61563
50, 18570, 3, 61502, 61502
50, 18580, 3, 61449, 61502
50, 18590, 3, 61449, 61449
50, 18600, 3, 61449, 61449
50, 18610, 3, 61449, 61449
50, 18620, 3, 61449, 61449
50, 18630, 3, 61449, 61449
50, 18640, 3, 61449, 61449
50, 18650, 3, 61449, 61449
50, 18660, 3, 61449, 61449
50, 18670, 3, 61449, 61449
50, 18680, 3, 61449, 61449
50, 18690, 3, 61449, 61449
50, 18700, 3, 61449, 61449
50, 18710, 3, 61449, 61449
50, 18720, 3, 61449, 61449
50, 18730, 3, 61449, 61449
50, 18740, 3, 61449, 61449
50, 18750, 3, 61449, 61449
50, 18760, 3, 61449, 61449
50, 18770, 3, 61449, 61449
50, 18780, 3, 61449, 61449
50, 18790, 3, 61449, 61449
50, 18800, 3, 61449, 61449
50, 18810, 3, 61449, 61449
50, 18820, 3, 61449, 61449
50, 18830, 3, 61449, 61449
50, 18840, 3, 61449, 61449
50, 18850, 3, 61449, 61449
50, 18860, 3, 61449, 61449
50, 18870, 3, 61449, 61449
50, 18880, 3, 61449, 61449
50, 18890, 3, 61440, 61440
50, 18900, 3, 61440, 61440
50, 18910, 3, 61440, 61440
50, 18920, 3, 61440, 61440
50, 18930, 3, 61440, 61440
50, 18940, 3, 61440, 61440
50, 18950, 3, 61440, 61440
50, 18960, 3, 61399, 61440
50, 18970, 3, 61399, 61399
50, 18980, 3, 61399, 61399
50, 18990, 3, 61399, 61399
50, 19000, 3, 61399, 61399
50, 19010, 3, 61399, 61399
50, 19020, 3, 61390, 61390
50, 19030, 3, 61390, 61390
50, 19040, 3, 61390, 61390
50, 19050, 3, 61390, 61390
50, 19060, 3, 61390, 61390
50, 19070, 3, 61390, 61390
50, 19080, 3, 61390, 61390
50, 19090, 3, 61390, 61390
50, 19100, 3, 61390, 61390
50, 19110, 3, 61390, 61390
50, 19120, 3, 61390, 61390
50, 19130, 3, 61390, 61390
50, 19140, 3, 61390, 61390
50, 19150, 3, 61390, 61390
50, 19160, 3, 61390, 61390
50, 19170, 3, 61390, 61390
50, 19180, 3, 61390, 61390
50, 19190, 3, 61390, 61390
50, 19200, 3, 61390, 61390
50, 19210, 3, 61332, 61332
50, 19220, 3, 61332, 61332
50, 19230, 3, 61332, 61332
50, 19240, 3, 61332, 61332
50, 19250, 3, 61332, 61332
50, 19260, 3, 61332, 61332
50, 19270, 3, 61332, 61332
50, 19280, 3, 61332, 61332
50, 19290, 3, 61332, 61332
50, 19300, 3, 61332, 61332
50, 19310, 3, 61332, 61332
50, 19320, 3, 61332, 61332
50, 19330, 3, 61332, 61332
50, 19340, 3, 61332, 61332
50, 19350, 3, 61332, 61332
50, 19360, 3, 61332, 61332
50, 19370, 3, 61332, 61332
50, 19380, 3, 61332, 61332
50, 19390, 3, 61332, 61332
50, 19400, 3, 61312, 61332
50, 19410, 3, 61312, 61312
50, 19420, 3, 61312, 61312
50, 19430, 3, 61312, 61312
50, 19440, 3, 61312, 61312
50, 19450, 3, 61288, 61312
50, 19460, 3, 61288, 61288
50, 19470, 3, 61288, 61288
50, 19480, 3, 61288, 61288
50, 19490, 3, 61288, 61288
50, 19500, 3, 61288, 61288
50, 19510, 3, 61288, 61288
50, 19520, 3, 61238, 61288
50, 19530, 3, 61238, 61238
50, 19540, 3, 61220, 61238
50, 19550, 3, 61220, 61220
50, 19560, 3, 61220, 61220
50, 19570, 3, 61220, 61220
50, 19580, 3, 61220, 61220
50, 19590, 3, 61220, 61220
50, 19600, 3, 61220, 61220
50, 19610, 3, 61220, 61220
50, 19620, 3, 61220, 61220
50, 19630, 3, 61220, 61220
50, 19640, 3, 61220, 61220
50, 19650, 3, 61220, 61220
50, 19660, 3, 61220, 61220
50, 19670, 3, 61220, 61220
50, 19680, 3, 61155, 61155
50, 19690, 3, 61138, 61138
50, 19700, 3, 61138, 61138
50, 19710, 3, 61138, 61138
50, 19720, 3, 61138, 61138
50, 19730, 3, 61138, 61138
50, 19740, 3, 61138, 61138
50, 19750, 3, 61138, 61138
50, 19760, 3, 61138, 61138
50, 19770, 3, 61138, 61138
50, 19780, 3, 61138, 61138
50, 19790, 3, 61138, 61138
50, 19800, 3, 61138, 61138
50, 19810, 3, 61138, 61138
50, 19820, 3, 61138, 61138
50, 19830, 3, 61138, 61138
50, 19840, 3, 61138, 61138
50, 19850, 3, 61138, 61138
50, 19860, 3, 61138, 61138
50, 19870, 3, 61068, 61138
50, 19880, 3, 61068, 61068
50, 19890, 3, 61068, 61068
50, 19900, 3, 60748, 60748
50, 19910, 3, 60748, 60748
50, 19920, 3, 60748, 60748
50, 19930, 3, 60748, 60748
50, 19940, 3, 60748, 60748
50, 19950, 3, 60748, 60748
50, 19960, 3, 60748, 60748
50, 19970, 3, 60748, 60748
50, 19980, 3, 60589, 60589
50, 19990, 3, 60589, 60589
